1400735743133 6 4098 92.0 831.451 0.3 5.0 5.0 5.0 5.0 0.0 0.21200001 0 TOUCH_DOWN W
1400735743142 6 4098 92.0 831.451 0.33333334 5.0 5.0 5.0 5.0 0.0 0.22000001 2 TOUCH_MOVE W
1400735743172 6 4098 97.60168 830.951 0.33333334 5.0 5.0 5.0 5.0 0.0 0.23200001 2 TOUCH_MOVE W
1400735743188 6 4098 99.68738 830.951 0.33333334 5.0 5.0 5.0 5.0 0.0 0.22800002 2 TOUCH_MOVE W
1400735743204 6 4098 100.25 830.951 0.33333334 5.0 5.0 5.0 5.0 0.0 0.224 2 TOUCH_MOVE W
1400735743217 6 4098 100.0 830.951 0.3 5.0 5.0 5.0 5.0 0.0 0.18800001 2 TOUCH_MOVE W
1400735743221 6 4098 100.0 830.951 0.3 5.0 5.0 5.0 5.0 0.0 0.18800001 1 TOUCH_UP W
1400735743340 6 4098 205.0 844.451 0.3 5.0 5.0 5.0 5.0 0.0 0.23600002 0 TOUCH_DOWN e
1400735743355 6 4098 205.0 844.451 0.3 5.0 5.0 5.0 5.0 0.0 0.24400002 2 TOUCH_MOVE e
1400735743411 6 4098 204.5 844.451 0.26666668 4.0 4.0 4.0 4.0 0.0 0.21200001 2 TOUCH_MOVE e
1400735743418 6 4098 204.5 844.451 0.13333334 2.0 2.0 2.0 2.0 0.0 0.104 2 TOUCH_MOVE e
1400735743423 6 4098 204.5 844.451 0.13333334 2.0 2.0 2.0 2.0 0.0 0.104 1 TOUCH_UP e
1400735743498 6 4098 368.5 1235.4509 0.26666668 5.0 5.0 5.0 5.0 0.0 0.21200001 0 TOUCH_DOWN Space
1400735743504 6 4098 368.5 1235.4509 0.26666668 5.0 5.0 5.0 5.0 0.0 0.216 2 TOUCH_MOVE Space
1400735743538 6 4098 368.5 1231.1237 0.26666668 5.0 5.0 5.0 5.0 0.0 0.224 2 TOUCH_MOVE Space
1400735743555 6 4098 368.5 1229.5433 0.26666668 5.0 5.0 5.0 5.0 0.0 0.224 2 TOUCH_MOVE Space
1400735743571 6 4098 368.5 1228.7009 0.26666668 5.0 5.0 5.0 5.0 0.0 0.216 2 TOUCH_MOVE Space
1400735743585 6 4098 368.5 1228.9509 0.23333335 4.0 4.0 4.0 4.0 0.0 0.18400002 2 TOUCH_MOVE Space
1400735743589 6 4098 368.5 1228.9509 0.23333335 4.0 4.0 4.0 4.0 0.0 0.18400002 1 TOUCH_UP Space
1400735744096 6 4098 65.5 945.451 0.23333335 4.0 4.0 4.0 4.0 0.0 0.20400001 0 TOUCH_DOWN a
1400735744105 6 4098 65.5 945.451 0.26666668 5.0 5.0 5.0 5.0 0.0 0.21200001 2 TOUCH_MOVE a
1400735744139 6 4098 69.97266 945.951 0.33333334 5.0 5.0 5.0 5.0 0.0 0.22000001 2 TOUCH_MOVE a
1400735744155 6 4098 72.24353 945.951 0.3 5.0 5.0 5.0 5.0 0.0 0.216 2 TOUCH_MOVE a
1400735744179 6 4098 72.24353 945.951 0.3 5.0 5.0 5.0 5.0 0.0 0.216 1 TOUCH_UP a
1400735744650 6 4098 267.5 855.951 0.3 5.0 5.0 5.0 5.0 0.0 0.24400002 0 TOUCH_DOWN r
1400735744655 6 4098 267.5 855.951 0.36666667 6.0 6.0 6.0 6.0 0.0 0.24800001 2 TOUCH_MOVE r
1400735744713 6 4098 266.6138 855.951 0.33333334 5.0 5.0 5.0 5.0 0.0 0.252 2 TOUCH_MOVE r
1400735744724 6 4098 266.5 855.951 0.23333335 4.0 4.0 4.0 4.0 0.0 0.216 2 TOUCH_MOVE r
1400735744727 6 4098 266.5 855.951 0.13333334 2.0 2.0 2.0 2.0 0.0 0.116000004 2 TOUCH_MOVE r
1400735744731 6 4098 266.5 855.951 0.13333334 2.0 2.0 2.0 2.0 0.0 0.116000004 1 TOUCH_UP r
1400735744836 6 4098 181.5 812.951 0.3 5.0 5.0 5.0 5.0 0.0 0.22800002 0 TOUCH_DOWN e
1400735744856 6 4098 181.5 812.951 0.3 5.0 5.0 5.0 5.0 0.0 0.23600002 2 TOUCH_MOVE e
1400735744872 6 4098 182.07751 814.0285 0.33333334 5.0 5.0 5.0 5.0 0.0 0.24000001 2 TOUCH_MOVE e
1400735744889 6 4098 182.5 815.9548 0.3 5.0 5.0 5.0 5.0 0.0 0.23200001 2 TOUCH_MOVE e
1400735744918 6 4098 180.5 816.951 0.26666668 4.0 4.0 4.0 4.0 0.0 0.192 2 TOUCH_MOVE e
1400735744923 6 4098 180.5 816.951 0.26666668 4.0 4.0 4.0 4.0 0.0 0.192 1 TOUCH_UP e
1400735745038 6 4098 332.0 1191.9509 0.3 5.0 5.0 5.0 5.0 0.0 0.22000001 0 TOUCH_DOWN Space
1400735745061 6 4098 332.0 1191.9509 0.3 5.0 5.0 5.0 5.0 0.0 0.224 2 TOUCH_MOVE Space
1400735745124 6 4098 333.0754 1192.4509 0.20000002 4.0 4.0 4.0 4.0 0.0 0.192 2 TOUCH_MOVE Space
1400735745134 6 4098 333.0 1192.4509 0.16666667 3.0 3.0 3.0 3.0 0.0 0.104 2 TOUCH_MOVE Space
1400735745138 6 4098 333.0 1192.4509 0.16666667 3.0 3.0 3.0 3.0 0.0 0.104 1 TOUCH_UP Space
1400735746166 6 4098 275.5 841.951 0.3 5.0 5.0 5.0 5.0 0.0 0.23600002 0 TOUCH_DOWN r
1400735746209 6 4098 276.7059 843.15686 0.33333334 5.0 5.0 5.0 5.0 0.0 0.24400002 2 TOUCH_MOVE r
1400735746224 6 4098 277.0 844.8179 0.3 5.0 5.0 5.0 5.0 0.0 0.23600002 2 TOUCH_MOVE r
1400735746242 6 4098 277.0 845.451 0.23333335 5.0 5.0 5.0 5.0 0.0 0.192 2 TOUCH_MOVE r
1400735746246 6 4098 277.0 845.451 0.23333335 5.0 5.0 5.0 5.0 0.0 0.192 1 TOUCH_UP r
1400735746363 6 4098 445.5 930.451 0.3 5.0 5.0 5.0 5.0 0.0 0.23200001 0 TOUCH_DOWN h
1400735746423 6 4098 445.5 930.451 0.26666668 4.0 4.0 4.0 4.0 0.0 0.18800001 2 TOUCH_MOVE h
1400735746426 6 4098 445.5 930.451 0.26666668 4.0 4.0 4.0 4.0 0.0 0.18800001 1 TOUCH_UP h
1400735746490 6 4098 156.5 831.951 0.33333334 5.0 5.0 5.0 5.0 0.0 0.216 0 TOUCH_DOWN e
1400735746519 6 4098 156.5 831.951 0.33333334 5.0 5.0 5.0 5.0 0.0 0.22000001 2 TOUCH_MOVE e
1400735746565 6 4098 156.5 831.951 0.3 5.0 5.0 5.0 5.0 0.0 0.18400002 2 TOUCH_MOVE e
1400735746569 6 4098 156.5 831.951 0.3 5.0 5.0 5.0 5.0 0.0 0.18400002 1 TOUCH_UP e
1400735746832 6 4098 655.0 1093.4509 0.26666668 4.0 4.0 4.0 4.0 0.0 0.208 0 TOUCH_DOWN Back
1400735746862 6 4098 654.22095 1094.73 0.26666668 4.0 4.0 4.0 4.0 0.0 0.21200001 2 TOUCH_MOVE Back
1400735746886 6 4098 652.92285 1095.7395 0.26666668 4.0 4.0 4.0 4.0 0.0 0.21200001 2 TOUCH_MOVE Back
1400735746890 6 4098 651.5 1096.4509 0.23333335 4.0 4.0 4.0 4.0 0.0 0.18400002 2 TOUCH_MOVE Back
1400735746896 6 4098 651.5 1096.4509 0.23333335 4.0 4.0 4.0 4.0 0.0 0.18400002 1 TOUCH_UP Back
1400735746985 6 4098 647.0 1088.4509 0.23333335 4.0 4.0 4.0 4.0 0.0 0.21200001 0 TOUCH_DOWN Back
1400735747008 6 4098 647.0 1088.9517 0.23333335 4.0 4.0 4.0 4.0 0.0 0.21200001 2 TOUCH_MOVE Back
1400735747041 6 4098 646.0 1090.3083 0.26666668 4.0 4.0 4.0 4.0 0.0 0.216 2 TOUCH_MOVE Back
1400735747054 6 4098 646.0 1090.4509 0.23333335 4.0 4.0 4.0 4.0 0.0 0.208 2 TOUCH_MOVE Back
1400735747070 6 4098 646.0 1090.4509 0.23333335 4.0 4.0 4.0 4.0 0.0 0.208 1 TOUCH_UP Back
1400735747160 6 4098 640.5 1087.4509 0.23333335 4.0 4.0 4.0 4.0 0.0 0.208 0 TOUCH_DOWN Back
1400735747174 6 4098 640.5 1087.4509 0.23333335 4.0 4.0 4.0 4.0 0.0 0.21200001 2 TOUCH_MOVE Back
1400735747191 6 4098 640.5 1088.5586 0.26666668 4.0 4.0 4.0 4.0 0.0 0.21200001 2 TOUCH_MOVE Back
1400735747209 6 4098 639.9252 1089.5258 0.26666668 4.0 4.0 4.0 4.0 0.0 0.216 2 TOUCH_MOVE Back
1400735747241 6 4098 640.0 1090.1599 0.26666668 4.0 4.0 4.0 4.0 0.0 0.216 2 TOUCH_MOVE Back
1400735747269 6 4098 640.0 1090.1599 0.26666668 4.0 4.0 4.0 4.0 0.0 0.216 1 TOUCH_UP Back
1400735747695 6 4098 339.5 851.951 0.3 5.0 5.0 5.0 5.0 0.0 0.23600002 0 TOUCH_DOWN t
1400735747715 6 4098 339.5 851.951 0.3 5.0 5.0 5.0 5.0 0.0 0.24400002 2 TOUCH_MOVE t
1400735747763 6 4098 337.0 851.451 0.26666668 5.0 5.0 5.0 5.0 0.0 0.21200001 2 TOUCH_MOVE t
1400735747768 6 4098 337.0 851.451 0.20000002 4.0 4.0 4.0 4.0 0.0 0.17600001 2 TOUCH_MOVE t
1400735747773 6 4098 337.0 851.451 0.20000002 4.0 4.0 4.0 4.0 0.0 0.17600001 1 TOUCH_UP t
1400735747877 6 4098 447.0 933.451 0.33333334 5.0 5.0 5.0 5.0 0.0 0.23600002 0 TOUCH_DOWN h
1400735747897 6 4098 447.0 933.451 0.33333334 5.0 5.0 5.0 5.0 0.0 0.24000001 2 TOUCH_MOVE h
1400735747943 6 4098 447.0 933.451 0.33333334 5.0 5.0 5.0 5.0 0.0 0.24000001 1 TOUCH_UP h
1400735748002 6 4098 183.0 851.951 0.26666668 5.0 5.0 5.0 5.0 0.0 0.216 0 TOUCH_DOWN e
1400735748027 6 4098 183.0 851.951 0.26666668 5.0 5.0 5.0 5.0 0.0 0.224 2 TOUCH_MOVE e
1400735748042 6 4098 183.59203 851.951 0.3 5.0 5.0 5.0 5.0 0.0 0.224 2 TOUCH_MOVE e
1400735748067 6 4098 183.5 851.951 0.20000002 4.0 4.0 4.0 4.0 0.0 0.17600001 2 TOUCH_MOVE e
1400735748071 6 4098 183.5 851.951 0.20000002 4.0 4.0 4.0 4.0 0.0 0.17600001 1 TOUCH_UP e
1400735748552 6 4098 112.5 850.951 0.26666668 5.0 5.0 5.0 5.0 0.0 0.21200001 0 TOUCH_DOWN w
1400735748571 6 4098 112.5 850.951 0.26666668 5.0 5.0 5.0 5.0 0.0 0.216 2 TOUCH_MOVE w
1400735748595 6 4098 113.59852 850.951 0.26666668 5.0 5.0 5.0 5.0 0.0 0.22000001 2 TOUCH_MOVE w
1400735748614 6 4098 114.25 850.951 0.26666668 5.0 5.0 5.0 5.0 0.0 0.22000001 2 TOUCH_MOVE w
1400735748626 6 4098 111.834694 852.0061 0.23333335 5.0 5.0 5.0 5.0 0.0 0.18 2 TOUCH_MOVE w
1400735748634 6 4098 111.834694 852.0061 0.23333335 5.0 5.0 5.0 5.0 0.0 0.18 1 TOUCH_UP w
1400735748725 6 4098 635.5 805.951 0.3 5.0 5.0 5.0 5.0 0.0 0.22800002 0 TOUCH_DOWN o
1400735748742 6 4098 634.9728 806.7146 0.3 5.0 5.0 5.0 5.0 0.0 0.23600002 2 TOUCH_MOVE o
1400735748760 6 4098 632.6056 807.6482 0.3 5.0 5.0 5.0 5.0 0.0 0.23600002 2 TOUCH_MOVE o
1400735748776 6 4098 631.32214 808.62885 0.3 5.0 5.0 5.0 5.0 0.0 0.22800002 2 TOUCH_MOVE o
1400735748793 6 4098 631.5 809.04114 0.26666668 4.0 4.0 4.0 4.0 0.0 0.2 2 TOUCH_MOVE o
1400735748801 6 4098 631.5 809.451 0.16666667 3.0 3.0 3.0 3.0 0.0 0.1 2 TOUCH_MOVE o
1400735748805 6 4098 631.5 809.451 0.16666667 3.0 3.0 3.0 3.0 0.0 0.1 1 TOUCH_UP o
1400735749456 6 4098 665.5 1090.4509 0.26666668 5.0 5.0 5.0 5.0 0.0 0.2 0 TOUCH_DOWN Back
1400735749465 6 4098 665.5 1090.4509 0.23333335 4.0 4.0 4.0 4.0 0.0 0.2 2 TOUCH_MOVE Back
1400735749516 6 4098 664.0 1092.9509 0.23333335 4.0 4.0 4.0 4.0 0.0 0.17600001 2 TOUCH_MOVE Back
1400735749531 6 4098 664.0 1092.9509 0.23333335 4.0 4.0 4.0 4.0 0.0 0.17600001 1 TOUCH_UP Back
1400735749603 6 4098 659.0 1080.4509 0.20000002 4.0 4.0 4.0 4.0 0.0 0.20400001 0 TOUCH_DOWN Back
1400735749686 6 4098 659.0 1080.4509 0.20000002 4.0 4.0 4.0 4.0 0.0 0.20400001 1 TOUCH_UP Back
1400735750049 6 4098 358.0 1226.4509 0.23333335 4.0 4.0 4.0 4.0 0.0 0.208 0 TOUCH_DOWN Space
1400735750109 6 4098 358.0 1226.4509 0.20000002 3.0 3.0 3.0 3.0 0.0 0.192 2 TOUCH_MOVE Space
1400735750112 6 4098 358.0 1226.4509 0.20000002 3.0 3.0 3.0 3.0 0.0 0.192 1 TOUCH_UP Space
1400735750260 6 4098 106.5 842.451 0.26666668 5.0 5.0 5.0 5.0 0.0 0.2 0 TOUCH_DOWN w
1400735750281 6 4098 106.5 842.451 0.26666668 5.0 5.0 5.0 5.0 0.0 0.20400001 2 TOUCH_MOVE w
1400735750314 6 4098 107.75 842.451 0.3 5.0 5.0 5.0 5.0 0.0 0.21200001 2 TOUCH_MOVE w
1400735750329 6 4098 108.25 842.451 0.3 5.0 5.0 5.0 5.0 0.0 0.21200001 2 TOUCH_MOVE w
1400735750358 6 4098 108.0 842.951 0.23333335 5.0 5.0 5.0 5.0 0.0 0.164 2 TOUCH_MOVE w
1400735750363 6 4098 108.0 842.951 0.23333335 5.0 5.0 5.0 5.0 0.0 0.164 1 TOUCH_UP w
1400735750472 6 4098 609.5 827.951 0.33333334 5.0 5.0 5.0 5.0 0.0 0.23600002 0 TOUCH_DOWN o
1400735750478 6 4098 609.5 827.951 0.33333334 5.0 5.0 5.0 5.0 0.0 0.24000001 2 TOUCH_MOVE o
1400735750530 6 4098 609.5 827.951 0.33333334 5.0 5.0 5.0 5.0 0.0 0.24000001 1 TOUCH_UP o
1400735750722 6 4098 271.5 836.951 0.33333334 5.0 5.0 5.0 5.0 0.0 0.24000001 0 TOUCH_DOWN r
1400735750794 6 4098 268.5 837.451 0.26666668 4.0 4.0 4.0 4.0 0.0 0.208 2 TOUCH_MOVE r
1400735750799 6 4098 268.5 837.451 0.16666667 3.0 3.0 3.0 3.0 0.0 0.128 2 TOUCH_MOVE r
1400735750804 6 4098 268.5 837.451 0.16666667 3.0 3.0 3.0 3.0 0.0 0.128 1 TOUCH_UP r
1400735750861 6 4098 665.0 953.951 0.3 5.0 5.0 5.0 5.0 0.0 0.216 0 TOUCH_DOWN l
1400735750918 6 4098 665.0 954.451 0.3 5.0 5.0 5.0 5.0 0.0 0.20400001 2 TOUCH_MOVE l
1400735750922 6 4098 665.0 954.451 0.23333335 4.0 4.0 4.0 4.0 0.0 0.156 2 TOUCH_MOVE l
1400735750927 6 4098 665.0 954.451 0.23333335 4.0 4.0 4.0 4.0 0.0 0.156 1 TOUCH_UP l
1400735751405 6 4098 209.0 958.451 0.3 5.0 5.0 5.0 5.0 0.0 0.22000001 0 TOUCH_DOWN d
1400735751412 6 4098 209.0 958.451 0.3 5.0 5.0 5.0 5.0 0.0 0.22800002 2 TOUCH_MOVE d
1400735751474 6 4098 209.0 958.951 0.20000002 4.0 4.0 4.0 4.0 0.0 0.17600001 2 TOUCH_MOVE d
1400735751478 6 4098 209.0 958.951 0.20000002 4.0 4.0 4.0 4.0 0.0 0.17600001 1 TOUCH_UP d
1400735751647 6 4098 330.0 1231.9509 0.26666668 5.0 5.0 5.0 5.0 0.0 0.208 0 TOUCH_DOWN Space
1400735751679 6 4098 329.01746 1231.9509 0.26666668 5.0 5.0 5.0 5.0 0.0 0.216 2 TOUCH_MOVE Space
1400735751695 6 4098 327.1082 1231.005 0.26666668 5.0 5.0 5.0 5.0 0.0 0.216 2 TOUCH_MOVE Space
1400735751712 6 4098 326.08804 1230.9509 0.26666668 5.0 5.0 5.0 5.0 0.0 0.21200001 2 TOUCH_MOVE Space
1400735751729 6 4098 325.75 1230.9509 0.26666668 5.0 5.0 5.0 5.0 0.0 0.208 2 TOUCH_MOVE Space
1400735751737 6 4098 325.75 1230.9509 0.26666668 5.0 5.0 5.0 5.0 0.0 0.208 1 TOUCH_UP Space
1400735752709 6 4098 692.0 1086.9509 0.23333335 4.0 4.0 4.0 4.0 0.0 0.20400001 0 TOUCH_DOWN Back
1400735752730 6 4098 692.0 1086.9509 0.23333335 4.0 4.0 4.0 4.0 0.0 0.208 2 TOUCH_MOVE Back
1400735752746 6 4098 691.43835 1086.9509 0.23333335 4.0 4.0 4.0 4.0 0.0 0.21200001 2 TOUCH_MOVE Back
1400735752763 6 4098 690.33734 1087.4509 0.23333335 4.0 4.0 4.0 4.0 0.0 0.21200001 2 TOUCH_MOVE Back
1400735752791 6 4098 690.33734 1087.4509 0.23333335 4.0 4.0 4.0 4.0 0.0 0.21200001 1 TOUCH_UP Back
1400735753074 6 4098 490.5 1201.9509 0.26666668 5.0 5.0 5.0 5.0 0.0 0.22000001 0 TOUCH_DOWN .
1400735753114 6 4098 489.8978 1201.9509 0.3 5.0 5.0 5.0 5.0 0.0 0.22800002 2 TOUCH_MOVE .
1400735753130 6 4098 488.75 1201.9509 0.3 5.0 5.0 5.0 5.0 0.0 0.22800002 2 TOUCH_MOVE .
1400735753162 6 4098 488.75 1201.9509 0.3 5.0 5.0 5.0 5.0 0.0 0.22800002 1 TOUCH_UP .
1400735753540 6 4098 677.5 1088.9509 0.26666668 5.0 5.0 5.0 5.0 0.0 0.2 0 TOUCH_DOWN Back
1400735753608 6 4098 675.5 1092.4509 0.26666668 5.0 5.0 5.0 5.0 0.0 0.18400002 2 TOUCH_MOVE Back
1400735753614 6 4098 675.5 1092.4509 0.26666668 5.0 5.0 5.0 5.0 0.0 0.18400002 1 TOUCH_UP Back
1400735754453 6 4098 422.0 1216.9509 0.26666668 5.0 5.0 5.0 5.0 0.0 0.22000001 0 TOUCH_DOWN ,
1400735754466 6 4098 422.0 1216.9509 0.26666668 5.0 5.0 5.0 5.0 0.0 0.224 2 TOUCH_MOVE ,
1400735754482 6 4098 421.0605 1216.9509 0.26666668 5.0 5.0 5.0 5.0 0.0 0.22800002 2 TOUCH_MOVE ,
1400735754498 6 4098 420.25 1216.9509 0.26666668 5.0 5.0 5.0 5.0 0.0 0.22800002 2 TOUCH_MOVE ,
1400735754523 6 4098 420.25 1216.9509 0.26666668 5.0 5.0 5.0 5.0 0.0 0.22800002 1 TOUCH_UP ,
1400735754839 6 4098 80.5 816.951 0.26666668 4.0 4.0 4.0 4.0 0.0 0.20400001 0 TOUCH_DOWN w
1400735754848 6 4098 80.5 816.951 0.26666668 4.0 4.0 4.0 4.0 0.0 0.21200001 2 TOUCH_MOVE w
1400735754883 6 4098 85.31369 819.55554 0.33333334 5.0 5.0 5.0 5.0 0.0 0.22000001 2 TOUCH_MOVE w
1400735754898 6 4098 87.62212 820.512 0.33333334 5.0 5.0 5.0 5.0 0.0 0.22000001 2 TOUCH_MOVE w
1400735754918 6 4098 88.0 821.451 0.3 5.0 5.0 5.0 5.0 0.0 0.19600001 2 TOUCH_MOVE w
1400735754923 6 4098 88.0 821.451 0.3 5.0 5.0 5.0 5.0 0.0 0.19600001 1 TOUCH_UP w
1400735755055 6 4098 169.0 814.951 0.3 5.0 5.0 5.0 5.0 0.0 0.22000001 0 TOUCH_DOWN e
1400735755069 6 4098 169.0 815.3053 0.3 5.0 5.0 5.0 5.0 0.0 0.224 2 TOUCH_MOVE e
1400735755087 6 4098 169.0 816.0615 0.3 5.0 5.0 5.0 5.0 0.0 0.224 2 TOUCH_MOVE e
1400735755098 6 4098 168.36058 817.0904 0.3 5.0 5.0 5.0 5.0 0.0 0.2 2 TOUCH_MOVE e
1400735755115 6 4098 168.0 817.951 0.26666668 5.0 5.0 5.0 5.0 0.0 0.156 2 TOUCH_MOVE e
1400735755119 6 4098 168.0 817.951 0.26666668 5.0 5.0 5.0 5.0 0.0 0.156 1 TOUCH_UP e
1400735755486 6 4098 640.5 1097.9509 0.26666668 4.0 4.0 4.0 4.0 0.0 0.216 0 TOUCH_DOWN Back
1400735755549 6 4098 640.0 1098.9509 0.26666668 4.0 4.0 4.0 4.0 0.0 0.2 2 TOUCH_MOVE Back
1400735755553 6 4098 640.0 1098.9509 0.26666668 4.0 4.0 4.0 4.0 0.0 0.2 1 TOUCH_UP Back
1400735755678 6 4098 636.5 1085.9509 0.23333335 4.0 4.0 4.0 4.0 0.0 0.208 0 TOUCH_DOWN Back
1400735755719 6 4098 636.1876 1086.7633 0.23333335 4.0 4.0 4.0 4.0 0.0 0.2 2 TOUCH_MOVE Back
1400735755731 6 4098 636.0 1086.9509 0.16666667 3.0 3.0 3.0 3.0 0.0 0.124000005 2 TOUCH_MOVE Back
1400735755736 6 4098 636.0 1086.9509 0.16666667 3.0 3.0 3.0 3.0 0.0 0.124000005 1 TOUCH_UP Back
1400735755827 6 4098 634.5 1085.9509 0.16666667 3.0 3.0 3.0 3.0 0.0 0.19600001 0 TOUCH_DOWN Back
1400735755833 6 4098 634.5 1085.9509 0.23333335 4.0 4.0 4.0 4.0 0.0 0.2 2 TOUCH_MOVE Back
1400735755849 6 4098 634.5 1086.4656 0.23333335 4.0 4.0 4.0 4.0 0.0 0.20400001 2 TOUCH_MOVE Back
1400735755869 6 4098 634.5 1087.2944 0.23333335 4.0 4.0 4.0 4.0 0.0 0.208 2 TOUCH_MOVE Back
1400735755883 6 4098 634.5 1088.3162 0.23333335 4.0 4.0 4.0 4.0 0.0 0.21200001 2 TOUCH_MOVE Back
1400735755900 6 4098 634.5 1089.2009 0.23333335 4.0 4.0 4.0 4.0 0.0 0.208 2 TOUCH_MOVE Back
1400735755916 6 4098 634.5 1089.4509 0.23333335 4.0 4.0 4.0 4.0 0.0 0.192 2 TOUCH_MOVE Back
1400735755920 6 4098 634.5 1089.4509 0.23333335 4.0 4.0 4.0 4.0 0.0 0.192 1 TOUCH_UP Back
1400735756852 6 4098 417.0 1206.9509 0.23333335 4.0 4.0 4.0 4.0 0.0 0.224 0 TOUCH_DOWN ,
1400735756944 6 4098 417.0 1206.9509 0.23333335 4.0 4.0 4.0 4.0 0.0 0.224 1 TOUCH_UP ,
1400735757069 6 4098 332.0 1224.9509 0.26666668 5.0 5.0 5.0 5.0 0.0 0.21200001 0 TOUCH_DOWN Space
1400735757084 6 4098 332.0 1224.9509 0.26666668 5.0 5.0 5.0 5.0 0.0 0.216 2 TOUCH_MOVE Space
1400735757132 6 4098 332.0 1224.9509 0.26666668 5.0 5.0 5.0 5.0 0.0 0.18400002 2 TOUCH_MOVE Space
1400735757135 6 4098 332.0 1224.9509 0.26666668 5.0 5.0 5.0 5.0 0.0 0.18400002 1 TOUCH_UP Space
1400735757237 6 4098 96.0 827.951 0.33333334 5.0 5.0 5.0 5.0 0.0 0.208 0 TOUCH_DOWN w
1400735757250 6 4098 96.0 827.951 0.33333334 5.0 5.0 5.0 5.0 0.0 0.21200001 2 TOUCH_MOVE w
1400735757268 6 4098 97.426 827.951 0.33333334 5.0 5.0 5.0 5.0 0.0 0.216 2 TOUCH_MOVE w
1400735757284 6 4098 99.39457 827.951 0.33333334 5.0 5.0 5.0 5.0 0.0 0.22000001 2 TOUCH_MOVE w
1400735757300 6 4098 100.25 827.951 0.33333334 5.0 5.0 5.0 5.0 0.0 0.216 2 TOUCH_MOVE w
1400735757316 6 4098 100.25 827.951 0.33333334 5.0 5.0 5.0 5.0 0.0 0.216 1 TOUCH_UP w
1400735757435 6 4098 191.0 835.951 0.3 5.0 5.0 5.0 5.0 0.0 0.22800002 0 TOUCH_DOWN e
1400735757452 6 4098 191.0 835.951 0.33333334 5.0 5.0 5.0 5.0 0.0 0.23600002 2 TOUCH_MOVE e
1400735757474 6 4098 191.9602 835.951 0.33333334 5.0 5.0 5.0 5.0 0.0 0.24000001 2 TOUCH_MOVE e
1400735757501 6 4098 192.5 836.4429 0.33333334 5.0 5.0 5.0 5.0 0.0 0.24000001 2 TOUCH_MOVE e
1400735757513 6 4098 192.5 836.451 0.26666668 4.0 4.0 4.0 4.0 0.0 0.19600001 2 TOUCH_MOVE e
1400735757517 6 4098 192.5 836.451 0.26666668 4.0 4.0 4.0 4.0 0.0 0.19600001 1 TOUCH_UP e
1400735757602 6 4098 363.5 1230.9509 0.23333335 4.0 4.0 4.0 4.0 0.0 0.20400001 0 TOUCH_DOWN Space
1400735757620 6 4098 363.5 1230.9509 0.26666668 5.0 5.0 5.0 5.0 0.0 0.208 2 TOUCH_MOVE Space
1400735757668 6 4098 363.5 1230.9509 0.10000001 2.0 2.0 2.0 2.0 0.0 0.164 2 TOUCH_MOVE Space
1400735757674 6 4098 363.5 1230.9509 0.10000001 2.0 2.0 2.0 2.0 0.0 0.164 1 TOUCH_UP Space
1400735757799 6 4098 57.0 955.451 0.23333335 4.0 4.0 4.0 4.0 0.0 0.2 0 TOUCH_DOWN a
1400735757828 6 4098 57.80134 955.451 0.23333335 4.0 4.0 4.0 4.0 0.0 0.208 2 TOUCH_MOVE a
1400735757836 6 4098 60.178997 954.951 0.23333335 4.0 4.0 4.0 4.0 0.0 0.21200001 2 TOUCH_MOVE a
1400735757851 6 4098 63.163994 954.951 0.26666668 4.0 4.0 4.0 4.0 0.0 0.216 2 TOUCH_MOVE a
1400735757868 6 4098 65.53998 954.951 0.26666668 4.0 4.0 4.0 4.0 0.0 0.21200001 2 TOUCH_MOVE a
1400735757885 6 4098 68.0 954.951 0.20000002 4.0 4.0 4.0 4.0 0.0 0.18400002 2 TOUCH_MOVE a
1400735757889 6 4098 68.0 954.951 0.20000002 4.0 4.0 4.0 4.0 0.0 0.18400002 1 TOUCH_UP a
1400735758105 6 4098 249.5 844.951 0.3 5.0 5.0 5.0 5.0 0.0 0.23200001 0 TOUCH_DOWN r
1400735758118 6 4098 249.5 844.951 0.3 5.0 5.0 5.0 5.0 0.0 0.23600002 2 TOUCH_MOVE r
1400735758151 6 4098 249.5 844.951 0.26666668 4.0 4.0 4.0 4.0 0.0 0.21200001 2 TOUCH_MOVE r
1400735758166 6 4098 249.5 844.951 0.13333334 2.0 2.0 2.0 2.0 0.0 0.148 2 TOUCH_MOVE r
1400735758170 6 4098 249.5 844.951 0.13333334 2.0 2.0 2.0 2.0 0.0 0.148 1 TOUCH_UP r
1400735758302 6 4098 147.5 822.451 0.3 5.0 5.0 5.0 5.0 0.0 0.22800002 0 TOUCH_DOWN e
1400735758325 6 4098 147.5 822.451 0.3 5.0 5.0 5.0 5.0 0.0 0.23200001 2 TOUCH_MOVE e
1400735758335 6 4098 148.06105 822.451 0.33333334 5.0 5.0 5.0 5.0 0.0 0.23200001 2 TOUCH_MOVE e
1400735758352 6 4098 148.75 822.451 0.33333334 5.0 5.0 5.0 5.0 0.0 0.23200001 2 TOUCH_MOVE e
1400735758378 6 4098 148.5 822.451 0.3 5.0 5.0 5.0 5.0 0.0 0.20400001 2 TOUCH_MOVE e
1400735758383 6 4098 148.5 822.451 0.3 5.0 5.0 5.0 5.0 0.0 0.20400001 1 TOUCH_UP e
1400735758694 6 4098 318.0 830.951 0.33333334 5.0 5.0 5.0 5.0 0.0 0.24000001 0 TOUCH_DOWN t
1400735758752 6 4098 318.0 830.951 0.3 5.0 5.0 5.0 5.0 0.0 0.224 2 TOUCH_MOVE t
1400735758758 6 4098 318.0 830.951 0.23333335 4.0 4.0 4.0 4.0 0.0 0.2 2 TOUCH_MOVE t
1400735758762 6 4098 318.0 830.951 0.23333335 4.0 4.0 4.0 4.0 0.0 0.2 1 TOUCH_UP t
1400735758854 6 4098 418.0 958.951 0.33333334 5.0 5.0 5.0 5.0 0.0 0.24000001 0 TOUCH_DOWN h
1400735758870 6 4098 418.0 958.951 0.33333334 5.0 5.0 5.0 5.0 0.0 0.23600002 2 TOUCH_MOVE h
1400735758944 6 4098 418.0 958.951 0.33333334 5.0 5.0 5.0 5.0 0.0 0.23600002 1 TOUCH_UP h
1400735758995 6 4098 176.5 833.951 0.33333334 5.0 5.0 5.0 5.0 0.0 0.22800002 0 TOUCH_DOWN e
1400735759044 6 4098 176.5 833.951 0.26666668 4.0 4.0 4.0 4.0 0.0 0.18800001 2 TOUCH_MOVE e
1400735759048 6 4098 176.5 833.951 0.26666668 4.0 4.0 4.0 4.0 0.0 0.18800001 1 TOUCH_UP e
1400735759198 6 4098 362.0 1234.9509 0.20000002 4.0 4.0 4.0 4.0 0.0 0.2 0 TOUCH_DOWN Space
1400735759222 6 4098 362.0 1234.9509 0.20000002 4.0 4.0 4.0 4.0 0.0 0.20400001 2 TOUCH_MOVE Space
1400735759261 6 4098 362.0 1234.3354 0.23333335 5.0 5.0 5.0 5.0 0.0 0.208 2 TOUCH_MOVE Space
1400735759278 6 4098 362.5 1234.4509 0.13333334 3.0 3.0 3.0 3.0 0.0 0.108 2 TOUCH_MOVE Space
1400735759282 6 4098 362.5 1234.4509 0.13333334 3.0 3.0 3.0 3.0 0.0 0.108 1 TOUCH_UP Space
1400735759554 6 4098 633.5 1084.9509 0.20000002 4.0 4.0 4.0 4.0 0.0 0.21200001 0 TOUCH_DOWN Back
1400735759559 6 4098 633.5 1084.9509 0.23333335 5.0 5.0 5.0 5.0 0.0 0.21200001 2 TOUCH_MOVE Back
1400735759598 6 4098 633.0 1085.4509 0.20000002 4.0 4.0 4.0 4.0 0.0 0.192 2 TOUCH_MOVE Back
1400735759603 6 4098 633.0 1085.4509 0.20000002 4.0 4.0 4.0 4.0 0.0 0.192 1 TOUCH_UP Back
1400735759701 6 4098 624.5 1083.4509 0.20000002 4.0 4.0 4.0 4.0 0.0 0.208 0 TOUCH_DOWN Back
1400735759756 6 4098 624.5 1083.4509 0.20000002 4.0 4.0 4.0 4.0 0.0 0.208 1 TOUCH_UP Back
1400735759861 6 4098 616.0 1078.9509 0.26666668 5.0 5.0 5.0 5.0 0.0 0.208 0 TOUCH_DOWN Back
1400735759873 6 4098 616.0 1078.9509 0.26666668 5.0 5.0 5.0 5.0 0.0 0.21200001 2 TOUCH_MOVE Back
1400735759930 6 4098 616.0 1078.9509 0.26666668 5.0 5.0 5.0 5.0 0.0 0.21200001 1 TOUCH_UP Back
1400735760010 6 4098 607.0 1072.9509 0.26666668 5.0 5.0 5.0 5.0 0.0 0.21200001 0 TOUCH_DOWN m
1400735760020 6 4098 607.0 1072.9509 0.3 5.0 5.0 5.0 5.0 0.0 0.21200001 2 TOUCH_MOVE m
1400735760088 6 4098 607.0 1072.9509 0.3 5.0 5.0 5.0 5.0 0.0 0.21200001 1 TOUCH_UP m
1400735760685 6 4098 676.5 1057.9509 0.3 5.0 5.0 5.0 5.0 0.0 0.20400001 0 TOUCH_DOWN Back
1400735760704 6 4098 676.5 1057.9509 0.3 5.0 5.0 5.0 5.0 0.0 0.208 2 TOUCH_MOVE Back
1400735760738 6 4098 676.5 1058.9781 0.26666668 4.0 4.0 4.0 4.0 0.0 0.2 2 TOUCH_MOVE Back
1400735760755 6 4098 676.5 1059.4509 0.26666668 4.0 4.0 4.0 4.0 0.0 0.18800001 2 TOUCH_MOVE Back
1400735760757 6 4098 676.5 1059.4509 0.26666668 5.0 5.0 5.0 5.0 0.0 0.15200001 2 TOUCH_MOVE Back
1400735760763 6 4098 676.5 1059.4509 0.26666668 5.0 5.0 5.0 5.0 0.0 0.15200001 1 TOUCH_UP Back
1400735760844 6 4098 678.0 1049.4509 0.3 5.0 5.0 5.0 5.0 0.0 0.20400001 0 TOUCH_DOWN Back
1400735760854 6 4098 678.0 1049.4509 0.3 5.0 5.0 5.0 5.0 0.0 0.208 2 TOUCH_MOVE Back
1400735760923 6 4098 678.0 1049.4509 0.3 5.0 5.0 5.0 5.0 0.0 0.208 1 TOUCH_UP Back
1400735761453 6 4098 343.0 1228.4509 0.26666668 5.0 5.0 5.0 5.0 0.0 0.208 0 TOUCH_DOWN Space
1400735761504 6 4098 343.76932 1228.8356 0.23333335 4.0 4.0 4.0 4.0 0.0 0.20400001 2 TOUCH_MOVE Space
1400735761518 6 4098 344.0 1228.9509 0.10000001 2.0 2.0 2.0 2.0 0.0 0.124000005 2 TOUCH_MOVE Space
1400735761523 6 4098 344.0 1228.9509 0.10000001 2.0 2.0 2.0 2.0 0.0 0.124000005 1 TOUCH_UP Space
1400735761729 6 4098 338.0 845.951 0.3 5.0 5.0 5.0 5.0 0.0 0.23200001 0 TOUCH_DOWN t
1400735761738 6 4098 338.0 845.951 0.3 5.0 5.0 5.0 5.0 0.0 0.23600002 2 TOUCH_MOVE t
1400735761786 6 4098 338.0 845.951 0.23333335 5.0 5.0 5.0 5.0 0.0 0.18400002 2 TOUCH_MOVE t
1400735761791 6 4098 338.0 845.951 0.23333335 5.0 5.0 5.0 5.0 0.0 0.18400002 1 TOUCH_UP t
1400735761898 6 4098 402.0 939.951 0.33333334 5.0 5.0 5.0 5.0 0.0 0.23600002 0 TOUCH_DOWN h
1400735761905 6 4098 402.0 939.951 0.33333334 5.0 5.0 5.0 5.0 0.0 0.24000001 2 TOUCH_MOVE h
1400735761963 6 4098 402.0 939.951 0.26666668 5.0 5.0 5.0 5.0 0.0 0.18400002 2 TOUCH_MOVE h
1400735761968 6 4098 402.0 939.951 0.26666668 5.0 5.0 5.0 5.0 0.0 0.18400002 1 TOUCH_UP h
1400735761999 6 4098 164.5 842.951 0.3 5.0 5.0 5.0 5.0 0.0 0.22000001 0 TOUCH_DOWN e
1400735762038 6 4098 165.15384 842.951 0.3 5.0 5.0 5.0 5.0 0.0 0.224 2 TOUCH_MOVE e
1400735762069 6 4098 165.15384 842.951 0.3 5.0 5.0 5.0 5.0 0.0 0.224 1 TOUCH_UP e
1400735762211 6 4098 377.5 1228.9509 0.26666668 5.0 5.0 5.0 5.0 0.0 0.20400001 0 TOUCH_DOWN Space
1400735762222 6 4098 377.5 1228.9509 0.26666668 5.0 5.0 5.0 5.0 0.0 0.208 2 TOUCH_MOVE Space
1400735762278 6 4098 377.5 1228.9509 0.26666668 5.0 5.0 5.0 5.0 0.0 0.208 1 TOUCH_UP Space
1400735762565 6 4098 280.0 1081.4509 0.26666668 4.0 4.0 4.0 4.0 0.0 0.22000001 0 TOUCH_DOWN c
1400735762609 6 4098 280.0 1082.0447 0.3 5.0 5.0 5.0 5.0 0.0 0.22800002 2 TOUCH_MOVE c
1400735762622 6 4098 280.0 1082.6825 0.3 5.0 5.0 5.0 5.0 0.0 0.224 2 TOUCH_MOVE c
1400735762639 6 4098 279.55487 1083.3961 0.26666668 5.0 5.0 5.0 5.0 0.0 0.208 2 TOUCH_MOVE c
1400735762643 6 4098 279.5 1083.4509 0.23333335 5.0 5.0 5.0 5.0 0.0 0.18800001 2 TOUCH_MOVE c
1400735762648 6 4098 279.5 1083.4509 0.23333335 5.0 5.0 5.0 5.0 0.0 0.18800001 1 TOUCH_UP c
1400735762687 6 4098 416.0 989.951 0.3 5.0 5.0 5.0 5.0 0.0 0.22800002 0 TOUCH_DOWN h
1400735762705 6 4098 416.0 989.951 0.33333334 5.0 5.0 5.0 5.0 0.0 0.23200001 2 TOUCH_MOVE h
1400735762738 6 4098 416.0 989.951 0.23333335 4.0 4.0 4.0 4.0 0.0 0.18400002 2 TOUCH_MOVE h
1400735762743 6 4098 416.0 989.951 0.23333335 4.0 4.0 4.0 4.0 0.0 0.18400002 1 TOUCH_UP h
1400735762881 6 4098 546.0 817.451 0.33333334 5.0 5.0 5.0 5.0 0.0 0.23600002 0 TOUCH_DOWN i
1400735762889 6 4098 546.0 817.451 0.33333334 5.0 5.0 5.0 5.0 0.0 0.24000001 2 TOUCH_MOVE i
1400735762923 6 4098 545.3419 817.451 0.33333334 5.0 5.0 5.0 5.0 0.0 0.24000001 2 TOUCH_MOVE i
1400735762941 6 4098 545.3419 817.451 0.33333334 5.0 5.0 5.0 5.0 0.0 0.24000001 1 TOUCH_UP i
1400735763112 6 4098 653.0 947.951 0.26666668 4.0 4.0 4.0 4.0 0.0 0.21200001 0 TOUCH_DOWN l
1400735763166 6 4098 653.0 948.7858 0.26666668 4.0 4.0 4.0 4.0 0.0 0.21200001 2 TOUCH_MOVE l
1400735763174 6 4098 652.5 949.451 0.26666668 4.0 4.0 4.0 4.0 0.0 0.192 2 TOUCH_MOVE l
1400735763179 6 4098 652.5 949.451 0.13333334 2.0 2.0 2.0 2.0 0.0 0.148 2 TOUCH_MOVE l
1400735763183 6 4098 652.5 949.451 0.13333334 2.0 2.0 2.0 2.0 0.0 0.148 1 TOUCH_UP l
1400735763344 6 4098 220.5 979.951 0.3 5.0 5.0 5.0 5.0 0.0 0.21200001 0 TOUCH_DOWN d
1400735763368 6 4098 220.5 980.39343 0.3 5.0 5.0 5.0 5.0 0.0 0.22000001 2 TOUCH_MOVE d
1400735763396 6 4098 220.5 982.2583 0.3 5.0 5.0 5.0 5.0 0.0 0.23200001 2 TOUCH_MOVE d
1400735763407 6 4098 220.5 982.8469 0.3 5.0 5.0 5.0 5.0 0.0 0.23600002 2 TOUCH_MOVE d
1400735763423 6 4098 220.5 983.1906 0.3 5.0 5.0 5.0 5.0 0.0 0.23600002 2 TOUCH_MOVE d
1400735763439 6 4098 220.5 982.951 0.26666668 5.0 5.0 5.0 5.0 0.0 0.19600001 2 TOUCH_MOVE d
1400735763443 6 4098 220.5 982.951 0.26666668 5.0 5.0 5.0 5.0 0.0 0.19600001 1 TOUCH_UP d
1400735763972 6 4098 251.5 834.451 0.33333334 5.0 5.0 5.0 5.0 0.0 0.23600002 0 TOUCH_DOWN r
1400735764040 6 4098 251.5 834.451 0.26666668 4.0 4.0 4.0 4.0 0.0 0.208 2 TOUCH_MOVE r
1400735764044 6 4098 251.5 834.451 0.20000002 4.0 4.0 4.0 4.0 0.0 0.164 2 TOUCH_MOVE r
1400735764048 6 4098 251.5 834.451 0.20000002 4.0 4.0 4.0 4.0 0.0 0.164 1 TOUCH_UP r
1400735764171 6 4098 139.0 826.451 0.3 5.0 5.0 5.0 5.0 0.0 0.208 0 TOUCH_DOWN w
1400735764176 6 4098 139.0 826.451 0.3 5.0 5.0 5.0 5.0 0.0 0.216 2 TOUCH_MOVE w
1400735764190 6 4098 139.0 827.00757 0.33333334 5.0 5.0 5.0 5.0 0.0 0.22000001 2 TOUCH_MOVE w
1400735764208 6 4098 140.08131 828.0323 0.3 5.0 5.0 5.0 5.0 0.0 0.216 2 TOUCH_MOVE w
1400735764227 6 4098 140.0 827.951 0.3 5.0 5.0 5.0 5.0 0.0 0.192 2 TOUCH_MOVE w
1400735764231 6 4098 140.0 827.951 0.3 5.0 5.0 5.0 5.0 0.0 0.192 1 TOUCH_UP w
1400735764301 6 4098 465.5 1041.4509 0.26666668 4.0 4.0 4.0 4.0 0.0 0.224 0 TOUCH_DOWN n
1400735764324 6 4098 465.5 1041.4509 0.3 5.0 5.0 5.0 5.0 0.0 0.22800002 2 TOUCH_MOVE n
1400735764359 6 4098 465.5 1041.4509 0.3 5.0 5.0 5.0 5.0 0.0 0.22800002 1 TOUCH_UP n
1400735764819 6 4098 661.5 1067.4509 0.26666668 4.0 4.0 4.0 4.0 0.0 0.20400001 0 TOUCH_DOWN Back
1400735764873 6 4098 661.5 1067.4509 0.26666668 4.0 4.0 4.0 4.0 0.0 0.20400001 1 TOUCH_UP Back
1400735764952 6 4098 652.0 1071.4509 0.26666668 4.0 4.0 4.0 4.0 0.0 0.208 0 TOUCH_DOWN Back
1400735765011 6 4098 652.0 1070.8572 0.26666668 4.0 4.0 4.0 4.0 0.0 0.21200001 2 TOUCH_MOVE Back
1400735765045 6 4098 652.0 1070.8572 0.26666668 4.0 4.0 4.0 4.0 0.0 0.21200001 1 TOUCH_UP Back
1400735765352 6 4098 171.5 842.951 0.3 5.0 5.0 5.0 5.0 0.0 0.22000001 0 TOUCH_DOWN e
1400735765360 6 4098 171.5 842.951 0.3 5.0 5.0 5.0 5.0 0.0 0.22800002 2 TOUCH_MOVE e
1400735765391 6 4098 170.05019 841.50116 0.3 5.0 5.0 5.0 5.0 0.0 0.23200001 2 TOUCH_MOVE e
1400735765413 6 4098 168.97331 840.951 0.3 5.0 5.0 5.0 5.0 0.0 0.22000001 2 TOUCH_MOVE e
1400735765425 6 4098 165.1749 841.38104 0.3 5.0 5.0 5.0 5.0 0.0 0.208 2 TOUCH_MOVE e
1400735765429 6 4098 165.0 841.451 0.23333335 4.0 4.0 4.0 4.0 0.0 0.18 2 TOUCH_MOVE e
1400735765433 6 4098 165.0 841.451 0.23333335 4.0 4.0 4.0 4.0 0.0 0.18 1 TOUCH_UP e
1400735765628 6 4098 494.5 1088.4509 0.3 5.0 5.0 5.0 5.0 0.0 0.23200001 0 TOUCH_DOWN n
1400735765645 6 4098 494.5 1088.4509 0.33333334 5.0 5.0 5.0 5.0 0.0 0.24000001 2 TOUCH_MOVE n
1400735765706 6 4098 494.5 1088.4509 0.23333335 5.0 5.0 5.0 5.0 0.0 0.18800001 2 TOUCH_MOVE n
1400735765711 6 4098 494.5 1088.4509 0.23333335 5.0 5.0 5.0 5.0 0.0 0.18800001 1 TOUCH_UP n
1400735766313 6 4098 437.0 1213.4509 0.26666668 5.0 5.0 5.0 5.0 0.0 0.216 0 TOUCH_DOWN ,
1400735766336 6 4098 437.0 1213.4509 0.26666668 5.0 5.0 5.0 5.0 0.0 0.22000001 2 TOUCH_MOVE ,
1400735766374 6 4098 437.0 1213.4509 0.26666668 5.0 5.0 5.0 5.0 0.0 0.22000001 1 TOUCH_UP ,
1400735767033 6 4098 674.5 1041.4509 0.3 5.0 5.0 5.0 5.0 0.0 0.216 0 TOUCH_DOWN Back
1400735767036 6 4098 674.5 1041.485 0.3 5.0 5.0 5.0 5.0 0.0 0.22000001 2 TOUCH_MOVE Back
1400735767055 6 4098 674.0821 1042.3689 0.3 5.0 5.0 5.0 5.0 0.0 0.224 2 TOUCH_MOVE Back
1400735767063 6 4098 673.0367 1043.4143 0.3 5.0 5.0 5.0 5.0 0.0 0.224 2 TOUCH_MOVE Back
1400735767076 6 4098 672.5 1044.3788 0.33333334 5.0 5.0 5.0 5.0 0.0 0.224 2 TOUCH_MOVE Back
1400735767093 6 4098 672.5 1045.3448 0.3 5.0 5.0 5.0 5.0 0.0 0.208 2 TOUCH_MOVE Back
1400735767100 6 4098 672.5 1045.4509 0.3 5.0 5.0 5.0 5.0 0.0 0.18400002 2 TOUCH_MOVE Back
1400735767105 6 4098 672.5 1045.4509 0.3 5.0 5.0 5.0 5.0 0.0 0.18400002 1 TOUCH_UP Back
1400735767387 6 4098 664.5 1226.9509 0.26666668 5.0 5.0 5.0 5.0 0.0 0.19600001 0 TOUCH_DOWN Enter
1400735767455 6 4098 664.5 1226.9509 0.26666668 5.0 5.0 5.0 5.0 0.0 0.19600001 1 TOUCH_UP Enter
1400735768277 6 4098 105.0 816.951 0.3 5.0 5.0 5.0 5.0 0.0 0.21200001 0 TOUCH_DOWN W
1400735768302 6 4098 107.12743 818.2647 0.3 5.0 5.0 5.0 5.0 0.0 0.22800002 2 TOUCH_MOVE W
1400735768336 6 4098 108.75 819.701 0.3 5.0 5.0 5.0 5.0 0.0 0.22800002 2 TOUCH_MOVE W
1400735768351 6 4098 108.75 819.701 0.3 5.0 5.0 5.0 5.0 0.0 0.22800002 1 TOUCH_UP W
1400735768461 6 4098 214.0 833.951 0.33333334 5.0 5.0 5.0 5.0 0.0 0.23600002 0 TOUCH_DOWN e
1400735768478 6 4098 214.0 833.951 0.33333334 5.0 5.0 5.0 5.0 0.0 0.24000001 2 TOUCH_MOVE e
1400735768550 6 4098 212.5 833.951 0.23333335 4.0 4.0 4.0 4.0 0.0 0.18 2 TOUCH_MOVE e
1400735768554 6 4098 212.5 833.951 0.23333335 4.0 4.0 4.0 4.0 0.0 0.18 1 TOUCH_UP e
1400735769523 6 4098 352.0 1207.9509 0.26666668 5.0 5.0 5.0 5.0 0.0 0.22000001 0 TOUCH_DOWN Space
1400735769529 6 4098 352.0 1207.9509 0.26666668 5.0 5.0 5.0 5.0 0.0 0.224 2 TOUCH_MOVE Space
1400735769592 6 4098 352.0 1207.9509 0.26666668 5.0 5.0 5.0 5.0 0.0 0.224 1 TOUCH_UP Space
1400735769799 6 4098 67.5 969.951 0.16666667 3.0 3.0 3.0 3.0 0.0 0.18800001 0 TOUCH_DOWN a
1400735769820 6 4098 67.781975 969.951 0.16666667 3.0 3.0 3.0 3.0 0.0 0.19600001 2 TOUCH_MOVE a
1400735769829 6 4098 69.05029 969.951 0.20000002 4.0 4.0 4.0 4.0 0.0 0.20400001 2 TOUCH_MOVE a
1400735769845 6 4098 71.469185 969.951 0.20000002 4.0 4.0 4.0 4.0 0.0 0.20400001 2 TOUCH_MOVE a
1400735769868 6 4098 72.799034 969.951 0.20000002 4.0 4.0 4.0 4.0 0.0 0.208 2 TOUCH_MOVE a
1400735769892 6 4098 73.5 969.951 0.20000002 4.0 4.0 4.0 4.0 0.0 0.20400001 2 TOUCH_MOVE a
1400735769896 6 4098 73.5 969.951 0.20000002 4.0 4.0 4.0 4.0 0.0 0.20400001 1 TOUCH_UP a
1400735770136 6 4098 250.0 853.951 0.3 5.0 5.0 5.0 5.0 0.0 0.23200001 0 TOUCH_DOWN r
1400735770198 6 4098 250.0 853.951 0.26666668 4.0 4.0 4.0 4.0 0.0 0.22000001 2 TOUCH_MOVE r
1400735770204 6 4098 250.0 853.951 0.20000002 4.0 4.0 4.0 4.0 0.0 0.18 2 TOUCH_MOVE r
1400735770208 6 4098 250.0 853.951 0.20000002 4.0 4.0 4.0 4.0 0.0 0.18 1 TOUCH_UP r
1400735770326 6 4098 183.5 828.951 0.33333334 5.0 5.0 5.0 5.0 0.0 0.23200001 0 TOUCH_DOWN e
1400735770346 6 4098 183.5 828.951 0.33333334 5.0 5.0 5.0 5.0 0.0 0.23600002 2 TOUCH_MOVE e
1400735770394 6 4098 183.5 828.951 0.16666667 3.0 3.0 3.0 3.0 0.0 0.112 2 TOUCH_MOVE e
1400735770397 6 4098 183.5 828.951 0.16666667 3.0 3.0 3.0 3.0 0.0 0.112 1 TOUCH_UP e
1400735770533 6 4098 360.5 1217.9509 0.23333335 4.0 4.0 4.0 4.0 0.0 0.216 0 TOUCH_DOWN Space
1400735770546 6 4098 360.5 1217.9509 0.23333335 4.0 4.0 4.0 4.0 0.0 0.22000001 2 TOUCH_MOVE Space
1400735770604 6 4098 360.5 1217.9509 0.23333335 4.0 4.0 4.0 4.0 0.0 0.22000001 1 TOUCH_UP Space
1400735770692 6 4098 305.0 836.451 0.33333334 5.0 5.0 5.0 5.0 0.0 0.24000001 0 TOUCH_DOWN t
1400735770763 6 4098 304.5 836.951 0.23333335 4.0 4.0 4.0 4.0 0.0 0.18800001 2 TOUCH_MOVE t
1400735770773 6 4098 304.5 836.951 0.23333335 4.0 4.0 4.0 4.0 0.0 0.18800001 1 TOUCH_UP t
1400735770841 6 4098 423.0 950.951 0.33333334 5.0 5.0 5.0 5.0 0.0 0.23600002 0 TOUCH_DOWN h
1400735770899 6 4098 423.0 950.951 0.33333334 5.0 5.0 5.0 5.0 0.0 0.23600002 1 TOUCH_UP h
1400735771160 6 4098 164.5 827.951 0.33333334 5.0 5.0 5.0 5.0 0.0 0.224 0 TOUCH_DOWN e
1400735771169 6 4098 164.5 827.951 0.33333334 5.0 5.0 5.0 5.0 0.0 0.22800002 2 TOUCH_MOVE e
1400735771198 6 4098 165.58865 827.951 0.33333334 5.0 5.0 5.0 5.0 0.0 0.23200001 2 TOUCH_MOVE e
1400735771213 6 4098 166.25 827.951 0.33333334 5.0 5.0 5.0 5.0 0.0 0.23200001 2 TOUCH_MOVE e
1400735771230 6 4098 166.0 827.951 0.26666668 5.0 5.0 5.0 5.0 0.0 0.16000001 2 TOUCH_MOVE e
1400735771235 6 4098 166.0 827.951 0.26666668 5.0 5.0 5.0 5.0 0.0 0.16000001 1 TOUCH_UP e
1400735771354 6 4098 347.0 1230.9509 0.23333335 4.0 4.0 4.0 4.0 0.0 0.2 0 TOUCH_DOWN Space
1400735771364 6 4098 347.0 1230.9509 0.23333335 4.0 4.0 4.0 4.0 0.0 0.20400001 2 TOUCH_MOVE Space
1400735771400 6 4098 345.8694 1230.9509 0.26666668 5.0 5.0 5.0 5.0 0.0 0.208 2 TOUCH_MOVE Space
1400735771424 6 4098 346.0 1230.9509 0.23333335 4.0 4.0 4.0 4.0 0.0 0.18800001 2 TOUCH_MOVE Space
1400735771429 6 4098 346.0 1230.9509 0.23333335 4.0 4.0 4.0 4.0 0.0 0.18800001 1 TOUCH_UP Space
1400735771753 6 4098 83.0 827.951 0.26666668 5.0 5.0 5.0 5.0 0.0 0.18800001 0 TOUCH_DOWN w
1400735771766 6 4098 83.40371 828.3547 0.26666668 5.0 5.0 5.0 5.0 0.0 0.192 2 TOUCH_MOVE w
1400735771786 6 4098 84.79622 829.2472 0.3 5.0 5.0 5.0 5.0 0.0 0.208 2 TOUCH_MOVE w
1400735771797 6 4098 85.5 830.5414 0.3 5.0 5.0 5.0 5.0 0.0 0.2 2 TOUCH_MOVE w
1400735771804 6 4098 85.5 830.951 0.23333335 4.0 4.0 4.0 4.0 0.0 0.18400002 2 TOUCH_MOVE w
1400735771808 6 4098 85.5 830.951 0.23333335 4.0 4.0 4.0 4.0 0.0 0.18400002 1 TOUCH_UP w
1400735772140 6 4098 674.5 1093.9509 0.23333335 4.0 4.0 4.0 4.0 0.0 0.18800001 0 TOUCH_DOWN Back
1400735772181 6 4098 674.5 1094.4258 0.26666668 5.0 5.0 5.0 5.0 0.0 0.2 2 TOUCH_MOVE Back
1400735772198 6 4098 674.5 1094.9186 0.23333335 4.0 4.0 4.0 4.0 0.0 0.2 2 TOUCH_MOVE Back
1400735772217 6 4098 674.5 1095.404 0.23333335 4.0 4.0 4.0 4.0 0.0 0.2 2 TOUCH_MOVE Back
1400735772231 6 4098 674.5 1096.2009 0.3 5.0 5.0 5.0 5.0 0.0 0.20400001 2 TOUCH_MOVE Back
1400735772248 6 4098 674.5 1096.7759 0.26666668 4.0 4.0 4.0 4.0 0.0 0.20400001 2 TOUCH_MOVE Back
1400735772262 6 4098 674.5 1097.4509 0.20000002 3.0 3.0 3.0 3.0 0.0 0.108 2 TOUCH_MOVE Back
1400735772266 6 4098 674.5 1097.4509 0.20000002 3.0 3.0 3.0 3.0 0.0 0.108 1 TOUCH_UP Back
1400735772872 6 4098 636.5 864.951 0.3 5.0 5.0 5.0 5.0 0.0 0.22800002 0 TOUCH_DOWN o
1400735772923 6 4098 636.5 864.951 0.3 5.0 5.0 5.0 5.0 0.0 0.22800002 1 TOUCH_UP o
1400735773093 6 4098 509.0 1082.9509 0.3 5.0 5.0 5.0 5.0 0.0 0.22000001 0 TOUCH_DOWN n
1400735773149 6 4098 509.0 1083.8538 0.3 5.0 5.0 5.0 5.0 0.0 0.22800002 2 TOUCH_MOVE n
1400735773169 6 4098 509.0 1083.9509 0.26666668 4.0 4.0 4.0 4.0 0.0 0.22000001 2 TOUCH_MOVE n
1400735773173 6 4098 509.0 1083.9509 0.26666668 4.0 4.0 4.0 4.0 0.0 0.22000001 1 TOUCH_UP n
1400735773275 6 4098 163.5 822.951 0.33333334 5.0 5.0 5.0 5.0 0.0 0.22800002 0 TOUCH_DOWN e
1400735773294 6 4098 163.61476 823.00836 0.33333334 5.0 5.0 5.0 5.0 0.0 0.23600002 2 TOUCH_MOVE e
1400735773319 6 4098 167.83669 823.89655 0.33333334 5.0 5.0 5.0 5.0 0.0 0.24400002 2 TOUCH_MOVE e
1400735773332 6 4098 169.50395 824.95496 0.33333334 5.0 5.0 5.0 5.0 0.0 0.24000001 2 TOUCH_MOVE e
1400735773349 6 4098 169.5 825.451 0.33333334 5.0 5.0 5.0 5.0 0.0 0.224 2 TOUCH_MOVE e
1400735773352 6 4098 169.5 825.451 0.33333334 5.0 5.0 5.0 5.0 0.0 0.2 2 TOUCH_MOVE e
1400735773361 6 4098 169.5 825.451 0.33333334 5.0 5.0 5.0 5.0 0.0 0.2 1 TOUCH_UP e
1400735773529 6 4098 123.5 953.951 0.26666668 4.0 4.0 4.0 4.0 0.0 0.216 0 TOUCH_DOWN s
1400735773557 6 4098 123.96899 953.951 0.3 5.0 5.0 5.0 5.0 0.0 0.224 2 TOUCH_MOVE s
1400735773576 6 4098 126.00767 954.45483 0.3 5.0 5.0 5.0 5.0 0.0 0.23600002 2 TOUCH_MOVE s
1400735773582 6 4098 127.468636 955.4196 0.3 5.0 5.0 5.0 5.0 0.0 0.22800002 2 TOUCH_MOVE s
1400735773599 6 4098 128.0 956.381 0.3 5.0 5.0 5.0 5.0 0.0 0.22800002 2 TOUCH_MOVE s
1400735773616 6 4098 128.0 956.951 0.23333335 4.0 4.0 4.0 4.0 0.0 0.208 2 TOUCH_MOVE s
1400735773620 6 4098 128.0 956.951 0.13333334 2.0 2.0 2.0 2.0 0.0 0.136 2 TOUCH_MOVE s
1400735773625 6 4098 128.0 956.951 0.13333334 2.0 2.0 2.0 2.0 0.0 0.136 1 TOUCH_UP s
1400735773729 6 4098 354.0 1196.4509 0.23333335 4.0 4.0 4.0 4.0 0.0 0.22000001 0 TOUCH_DOWN Space
1400735773733 6 4098 354.0 1196.4509 0.26666668 4.0 4.0 4.0 4.0 0.0 0.22000001 2 TOUCH_MOVE Space
1400735773796 6 4098 354.0 1194.9075 0.26666668 4.0 4.0 4.0 4.0 0.0 0.224 2 TOUCH_MOVE Space
1400735773803 6 4098 355.0 1192.4509 0.20000002 3.0 3.0 3.0 3.0 0.0 0.192 2 TOUCH_MOVE Space
1400735773809 6 4098 355.0 1192.4509 0.20000002 3.0 3.0 3.0 3.0 0.0 0.192 1 TOUCH_UP Space
1400735773975 6 4098 99.0 870.451 0.3 5.0 5.0 5.0 5.0 0.0 0.20400001 0 TOUCH_DOWN w
1400735773983 6 4098 99.0 870.451 0.3 5.0 5.0 5.0 5.0 0.0 0.21200001 2 TOUCH_MOVE w
1400735774033 6 4098 99.0 871.701 0.3 5.0 5.0 5.0 5.0 0.0 0.20400001 2 TOUCH_MOVE w
1400735774052 6 4098 99.0 871.701 0.3 5.0 5.0 5.0 5.0 0.0 0.20400001 1 TOUCH_UP w
1400735774149 6 4098 408.5 982.951 0.3 5.0 5.0 5.0 5.0 0.0 0.22800002 0 TOUCH_DOWN h
1400735774166 6 4098 408.5 982.951 0.3 5.0 5.0 5.0 5.0 0.0 0.23600002 2 TOUCH_MOVE h
1400735774203 6 4098 408.5 982.951 0.3 5.0 5.0 5.0 5.0 0.0 0.23600002 1 TOUCH_UP h
1400735774355 6 4098 619.5 838.951 0.3 5.0 5.0 5.0 5.0 0.0 0.22800002 0 TOUCH_DOWN o
1400735774370 6 4098 619.5 838.951 0.3 5.0 5.0 5.0 5.0 0.0 0.23200001 2 TOUCH_MOVE o
1400735774400 6 4098 619.5 838.951 0.26666668 4.0 4.0 4.0 4.0 0.0 0.208 2 TOUCH_MOVE o
1400735774418 6 4098 619.5 838.951 0.26666668 4.0 4.0 4.0 4.0 0.0 0.208 1 TOUCH_UP o
1400735774616 6 4098 378.0 1212.4509 0.23333335 4.0 4.0 4.0 4.0 0.0 0.21200001 0 TOUCH_DOWN Space
1400735774650 6 4098 378.0 1212.4509 0.26666668 5.0 5.0 5.0 5.0 0.0 0.216 2 TOUCH_MOVE Space
1400735774669 6 4098 379.0 1210.4509 0.23333335 5.0 5.0 5.0 5.0 0.0 0.208 2 TOUCH_MOVE Space
1400735774676 6 4098 379.0 1210.4509 0.26666668 5.0 5.0 5.0 5.0 0.0 0.17600001 2 TOUCH_MOVE Space
1400735774680 6 4098 379.0 1210.4509 0.26666668 5.0 5.0 5.0 5.0 0.0 0.17600001 1 TOUCH_UP Space
1400735774824 6 4098 574.5 1066.4509 0.26666668 4.0 4.0 4.0 4.0 0.0 0.216 0 TOUCH_DOWN m
1400735774867 6 4098 573.3314 1066.4509 0.26666668 4.0 4.0 4.0 4.0 0.0 0.216 2 TOUCH_MOVE m
1400735774883 6 4098 573.5 1066.9509 0.26666668 4.0 4.0 4.0 4.0 0.0 0.19600001 2 TOUCH_MOVE m
1400735774887 6 4098 573.5 1066.9509 0.26666668 4.0 4.0 4.0 4.0 0.0 0.19600001 1 TOUCH_UP m
1400735774958 6 4098 50.5 953.951 0.20000002 3.0 3.0 3.0 3.0 0.0 0.18400002 0 TOUCH_DOWN a
1400735774978 6 4098 50.5 953.951 0.23333335 4.0 4.0 4.0 4.0 0.0 0.192 2 TOUCH_MOVE a
1400735775000 6 4098 51.10424 953.951 0.23333335 4.0 4.0 4.0 4.0 0.0 0.192 2 TOUCH_MOVE a
1400735775018 6 4098 51.0 955.2411 0.20000002 3.0 3.0 3.0 3.0 0.0 0.18400002 2 TOUCH_MOVE a
1400735775022 6 4098 51.0 955.451 0.20000002 3.0 3.0 3.0 3.0 0.0 0.17600001 2 TOUCH_MOVE a
1400735775026 6 4098 51.0 955.451 0.20000002 3.0 3.0 3.0 3.0 0.0 0.17600001 1 TOUCH_UP a
1400735775070 6 4098 584.0 927.951 0.26666668 4.0 4.0 4.0 4.0 0.0 0.22000001 0 TOUCH_DOWN k
1400735775085 6 4098 584.0 927.951 0.3 5.0 5.0 5.0 5.0 0.0 0.22800002 2 TOUCH_MOVE k
1400735775131 6 4098 584.0 927.951 0.3 5.0 5.0 5.0 5.0 0.0 0.22800002 1 TOUCH_UP k
1400735775249 6 4098 165.0 824.951 0.33333334 5.0 5.0 5.0 5.0 0.0 0.224 0 TOUCH_DOWN e
1400735775277 6 4098 165.0 824.951 0.33333334 5.0 5.0 5.0 5.0 0.0 0.22800002 2 TOUCH_MOVE e
1400735775315 6 4098 165.0 824.951 0.33333334 5.0 5.0 5.0 5.0 0.0 0.16800001 2 TOUCH_MOVE e
1400735775319 6 4098 165.0 824.951 0.33333334 5.0 5.0 5.0 5.0 0.0 0.16800001 1 TOUCH_UP e
1400735775448 6 4098 347.0 1211.4509 0.23333335 4.0 4.0 4.0 4.0 0.0 0.208 0 TOUCH_DOWN Space
1400735775475 6 4098 347.0 1211.4509 0.23333335 4.0 4.0 4.0 4.0 0.0 0.21200001 2 TOUCH_MOVE Space
1400735775525 6 4098 347.0 1211.4509 0.13333334 2.0 2.0 2.0 2.0 0.0 0.16000001 2 TOUCH_MOVE Space
1400735775531 6 4098 347.0 1211.4509 0.13333334 2.0 2.0 2.0 2.0 0.0 0.16000001 1 TOUCH_UP Space
1400735775668 6 4098 45.5 972.451 0.16666667 3.0 3.0 3.0 3.0 0.0 0.192 0 TOUCH_DOWN a
1400735775690 6 4098 45.732952 972.451 0.16666667 3.0 3.0 3.0 3.0 0.0 0.2 2 TOUCH_MOVE a
1400735775701 6 4098 46.824303 972.451 0.16666667 3.0 3.0 3.0 3.0 0.0 0.20400001 2 TOUCH_MOVE a
1400735775719 6 4098 48.78935 972.84564 0.16666667 3.0 3.0 3.0 3.0 0.0 0.20400001 2 TOUCH_MOVE a
1400735775734 6 4098 49.5 973.8112 0.20000002 3.0 3.0 3.0 3.0 0.0 0.20400001 2 TOUCH_MOVE a
1400735775749 6 4098 49.0 974.451 0.20000002 3.0 3.0 3.0 3.0 0.0 0.18400002 2 TOUCH_MOVE a
1400735775753 6 4098 49.0 974.451 0.20000002 3.0 3.0 3.0 3.0 0.0 0.18400002 1 TOUCH_UP a
1400735775831 6 4098 365.5 1208.9509 0.23333335 4.0 4.0 4.0 4.0 0.0 0.216 0 TOUCH_DOWN Space
1400735775913 6 4098 365.5 1208.9509 0.23333335 4.0 4.0 4.0 4.0 0.0 0.192 2 TOUCH_MOVE Space
1400735775917 6 4098 365.5 1208.9509 0.23333335 4.0 4.0 4.0 4.0 0.0 0.192 1 TOUCH_UP Space
1400735776078 6 4098 413.0 1070.4509 0.3 5.0 5.0 5.0 5.0 0.0 0.23200001 0 TOUCH_DOWN b
1400735776091 6 4098 413.0 1070.4509 0.3 5.0 5.0 5.0 5.0 0.0 0.22800002 2 TOUCH_MOVE b
1400735776135 6 4098 413.49734 1069.9509 0.3 5.0 5.0 5.0 5.0 0.0 0.23600002 2 TOUCH_MOVE b
1400735776146 6 4098 413.5 1069.9509 0.26666668 4.0 4.0 4.0 4.0 0.0 0.18800001 2 TOUCH_MOVE b
1400735776151 6 4098 413.5 1069.9509 0.26666668 4.0 4.0 4.0 4.0 0.0 0.18800001 1 TOUCH_UP b
1400735776391 6 4098 263.5 848.451 0.3 5.0 5.0 5.0 5.0 0.0 0.24400002 0 TOUCH_DOWN r
1400735776402 6 4098 263.5 848.451 0.33333334 5.0 5.0 5.0 5.0 0.0 0.24400002 2 TOUCH_MOVE r
1400735776435 6 4098 262.29724 848.451 0.3 5.0 5.0 5.0 5.0 0.0 0.24800001 2 TOUCH_MOVE r
1400735776452 6 4098 258.2797 848.451 0.3 5.0 5.0 5.0 5.0 0.0 0.23200001 2 TOUCH_MOVE r
1400735776467 6 4098 257.0 848.451 0.20000002 4.0 4.0 4.0 4.0 0.0 0.18400002 2 TOUCH_MOVE r
1400735776470 6 4098 257.0 848.451 0.20000002 4.0 4.0 4.0 4.0 0.0 0.18400002 1 TOUCH_UP r
1400735776553 6 4098 571.5 823.951 0.33333334 5.0 5.0 5.0 5.0 0.0 0.23600002 0 TOUCH_DOWN i
1400735776569 6 4098 570.9652 823.951 0.33333334 5.0 5.0 5.0 5.0 0.0 0.24000001 2 TOUCH_MOVE i
1400735776587 6 4098 568.3983 824.48486 0.33333334 5.0 5.0 5.0 5.0 0.0 0.24000001 2 TOUCH_MOVE i
1400735776602 6 4098 566.54663 825.4277 0.33333334 5.0 5.0 5.0 5.0 0.0 0.23600002 2 TOUCH_MOVE i
1400735776615 6 4098 565.5 826.951 0.26666668 4.0 4.0 4.0 4.0 0.0 0.19600001 2 TOUCH_MOVE i
1400735776619 6 4098 565.5 826.951 0.26666668 4.0 4.0 4.0 4.0 0.0 0.19600001 1 TOUCH_UP i
1400735776770 6 4098 360.5 969.951 0.26666668 4.0 4.0 4.0 4.0 0.0 0.22800002 0 TOUCH_DOWN g
1400735776819 6 4098 360.5 969.951 0.23333335 4.0 4.0 4.0 4.0 0.0 0.21200001 2 TOUCH_MOVE g
1400735776837 6 4098 360.5 969.951 0.16666667 3.0 3.0 3.0 3.0 0.0 0.1 2 TOUCH_MOVE g
1400735776841 6 4098 360.5 969.951 0.16666667 3.0 3.0 3.0 3.0 0.0 0.1 1 TOUCH_UP g
1400735776949 6 4098 426.5 949.951 0.3 5.0 5.0 5.0 5.0 0.0 0.224 0 TOUCH_DOWN h
1400735776955 6 4098 426.5 949.951 0.33333334 5.0 5.0 5.0 5.0 0.0 0.23200001 2 TOUCH_MOVE h
1400735777001 6 4098 426.5 949.951 0.33333334 5.0 5.0 5.0 5.0 0.0 0.23200001 1 TOUCH_UP h
1400735777141 6 4098 324.0 845.451 0.3 5.0 5.0 5.0 5.0 0.0 0.23200001 0 TOUCH_DOWN t
1400735777152 6 4098 324.0 845.451 0.3 5.0 5.0 5.0 5.0 0.0 0.23600002 2 TOUCH_MOVE t
1400735777217 6 4098 324.0 845.451 0.13333334 2.0 2.0 2.0 2.0 0.0 0.116000004 2 TOUCH_MOVE t
1400735777221 6 4098 324.0 845.451 0.13333334 2.0 2.0 2.0 2.0 0.0 0.116000004 1 TOUCH_UP t
1400735777365 6 4098 135.5 830.451 0.3 5.0 5.0 5.0 5.0 0.0 0.21200001 0 TOUCH_DOWN w
1400735777387 6 4098 136.71413 830.8557 0.33333334 5.0 5.0 5.0 5.0 0.0 0.224 2 TOUCH_MOVE w
1400735777402 6 4098 141.18735 832.23224 0.3 5.0 5.0 5.0 5.0 0.0 0.23200001 2 TOUCH_MOVE w
1400735777420 6 4098 144.0 832.701 0.3 5.0 5.0 5.0 5.0 0.0 0.23600002 2 TOUCH_MOVE w
1400735777422 6 4098 144.62505 833.3677 0.3 5.0 5.0 5.0 5.0 0.0 0.23600002 2 TOUCH_MOVE w
1400735777436 6 4098 146.69475 834.8405 0.3 5.0 5.0 5.0 5.0 0.0 0.22800002 2 TOUCH_MOVE w
1400735777453 6 4098 148.0 837.951 0.23333335 4.0 4.0 4.0 4.0 0.0 0.18400002 2 TOUCH_MOVE w
1400735777458 6 4098 148.0 837.951 0.23333335 4.0 4.0 4.0 4.0 0.0 0.18400002 1 TOUCH_UP w
1400735777583 6 4098 268.5 867.451 0.3 5.0 5.0 5.0 5.0 0.0 0.22800002 0 TOUCH_DOWN r
1400735777603 6 4098 268.5 867.451 0.3 5.0 5.0 5.0 5.0 0.0 0.23200001 2 TOUCH_MOVE r
1400735777637 6 4098 266.93597 867.951 0.3 5.0 5.0 5.0 5.0 0.0 0.23200001 2 TOUCH_MOVE r
1400735777654 6 4098 265.5 867.951 0.23333335 4.0 4.0 4.0 4.0 0.0 0.208 2 TOUCH_MOVE r
1400735777666 6 4098 265.5 867.951 0.23333335 4.0 4.0 4.0 4.0 0.0 0.18 2 TOUCH_MOVE r
1400735777670 6 4098 265.5 867.951 0.23333335 4.0 4.0 4.0 4.0 0.0 0.18 1 TOUCH_UP r
1400735777821 6 4098 350.5 1226.9509 0.23333335 4.0 4.0 4.0 4.0 0.0 0.20400001 0 TOUCH_DOWN Space
1400735777841 6 4098 350.5 1226.9509 0.23333335 4.0 4.0 4.0 4.0 0.0 0.208 2 TOUCH_MOVE Space
1400735777868 6 4098 350.5 1226.9509 0.16666667 3.0 3.0 3.0 3.0 0.0 0.17600001 2 TOUCH_MOVE Space
1400735777872 6 4098 350.5 1226.9509 0.16666667 3.0 3.0 3.0 3.0 0.0 0.17600001 1 TOUCH_UP Space
1400735778129 6 4098 664.0 1050.4509 0.33333334 5.0 5.0 5.0 5.0 0.0 0.2 0 TOUCH_DOWN Back
1400735778170 6 4098 663.3611 1051.5898 0.3 5.0 5.0 5.0 5.0 0.0 0.2 2 TOUCH_MOVE Back
1400735778179 6 4098 663.0 1051.9509 0.3 5.0 5.0 5.0 5.0 0.0 0.18400002 2 TOUCH_MOVE Back
1400735778183 6 4098 663.0 1051.9509 0.3 5.0 5.0 5.0 5.0 0.0 0.18400002 1 TOUCH_UP Back
1400735778296 6 4098 653.0 1050.9509 0.3 5.0 5.0 5.0 5.0 0.0 0.19600001 0 TOUCH_DOWN Back
1400735778323 6 4098 653.0 1050.9509 0.3 5.0 5.0 5.0 5.0 0.0 0.2 2 TOUCH_MOVE Back
1400735778355 6 4098 653.0 1050.9509 0.3 5.0 5.0 5.0 5.0 0.0 0.2 1 TOUCH_UP Back
1400735778453 6 4098 650.0 1055.9509 0.3 5.0 5.0 5.0 5.0 0.0 0.20400001 0 TOUCH_DOWN Back
1400735778522 6 4098 650.0 1055.9509 0.3 5.0 5.0 5.0 5.0 0.0 0.21200001 2 TOUCH_MOVE Back
1400735778556 6 4098 650.0 1055.9509 0.3 5.0 5.0 5.0 5.0 0.0 0.21200001 1 TOUCH_UP Back
1400735779031 6 4098 170.5 825.951 0.33333334 5.0 5.0 5.0 5.0 0.0 0.21200001 0 TOUCH_DOWN e
1400735779038 6 4098 170.5 825.951 0.33333334 5.0 5.0 5.0 5.0 0.0 0.216 2 TOUCH_MOVE e
1400735779096 6 4098 170.5 825.951 0.33333334 5.0 5.0 5.0 5.0 0.0 0.16000001 2 TOUCH_MOVE e
1400735779100 6 4098 170.5 825.951 0.33333334 5.0 5.0 5.0 5.0 0.0 0.16000001 1 TOUCH_UP e
1400735779218 6 4098 242.5 848.951 0.3 5.0 5.0 5.0 5.0 0.0 0.22800002 0 TOUCH_DOWN r
1400735779239 6 4098 242.5 848.951 0.3 5.0 5.0 5.0 5.0 0.0 0.23600002 2 TOUCH_MOVE r
1400735779271 6 4098 241.72406 848.951 0.3 5.0 5.0 5.0 5.0 0.0 0.23600002 2 TOUCH_MOVE r
1400735779287 6 4098 241.5 848.951 0.23333335 4.0 4.0 4.0 4.0 0.0 0.2 2 TOUCH_MOVE r
1400735779292 6 4098 241.5 848.951 0.23333335 4.0 4.0 4.0 4.0 0.0 0.2 1 TOUCH_UP r
1400735779456 6 4098 339.5 1219.9509 0.26666668 5.0 5.0 5.0 5.0 0.0 0.208 0 TOUCH_DOWN Space
1400735779490 6 4098 339.5 1219.9509 0.26666668 5.0 5.0 5.0 5.0 0.0 0.21200001 2 TOUCH_MOVE Space
1400735779537 6 4098 340.0 1219.4509 0.13333334 2.0 2.0 2.0 2.0 0.0 0.104 2 TOUCH_MOVE Space
1400735779541 6 4098 340.0 1219.4509 0.13333334 2.0 2.0 2.0 2.0 0.0 0.104 1 TOUCH_UP Space
1400735779745 6 4098 197.0 971.951 0.3 5.0 5.0 5.0 5.0 0.0 0.22000001 0 TOUCH_DOWN d
1400735779805 6 4098 196.36014 972.5909 0.3 5.0 5.0 5.0 5.0 0.0 0.224 2 TOUCH_MOVE d
1400735779821 6 4098 194.0 972.451 0.20000002 4.0 4.0 4.0 4.0 0.0 0.17600001 2 TOUCH_MOVE d
1400735779825 6 4098 194.0 972.451 0.20000002 4.0 4.0 4.0 4.0 0.0 0.17600001 1 TOUCH_UP d
1400735779961 6 4098 53.5 975.451 0.20000002 3.0 3.0 3.0 3.0 0.0 0.2 0 TOUCH_DOWN a
1400735779972 6 4098 53.5 975.451 0.20000002 3.0 3.0 3.0 3.0 0.0 0.20400001 2 TOUCH_MOVE a
1400735779990 6 4098 54.500656 976.2013 0.20000002 3.0 3.0 3.0 3.0 0.0 0.208 2 TOUCH_MOVE a
1400735780005 6 4098 56.201817 977.15283 0.20000002 3.0 3.0 3.0 3.0 0.0 0.208 2 TOUCH_MOVE a
1400735780022 6 4098 57.17928 978.13025 0.23333335 4.0 4.0 4.0 4.0 0.0 0.21200001 2 TOUCH_MOVE a
1400735780040 6 4098 57.35358 979.0974 0.20000002 3.0 3.0 3.0 3.0 0.0 0.20400001 2 TOUCH_MOVE a
1400735780055 6 4098 55.857437 980.0223 0.20000002 3.0 3.0 3.0 3.0 0.0 0.18400002 2 TOUCH_MOVE a
1400735780061 6 4098 55.857437 980.0223 0.20000002 3.0 3.0 3.0 3.0 0.0 0.18400002 1 TOUCH_UP a
1400735780069 6 4098 380.0 864.451 0.3 5.0 5.0 5.0 5.0 0.0 0.23200001 0 TOUCH_DOWN y
1400735780122 6 4098 380.8786 865.39026 0.3 5.0 5.0 5.0 5.0 0.0 0.22000001 2 TOUCH_MOVE y
1400735780134 6 4098 381.5 865.951 0.16666667 3.0 3.0 3.0 3.0 0.0 0.108 2 TOUCH_MOVE y
1400735780138 6 4098 381.5 865.951 0.16666667 3.0 3.0 3.0 3.0 0.0 0.108 1 TOUCH_UP y
1400735780634 6 4098 683.0 1229.4509 0.23333335 4.0 4.0 4.0 4.0 0.0 0.192 0 TOUCH_DOWN Enter
1400735780719 6 4098 683.0 1229.4509 0.23333335 4.0 4.0 4.0 4.0 0.0 0.192 1 TOUCH_UP Enter
1400735782362 6 4098 134.0 981.451 0.3 5.0 5.0 5.0 5.0 0.0 0.224 0 TOUCH_DOWN S
1400735782374 6 4098 134.0 981.451 0.3 5.0 5.0 5.0 5.0 0.0 0.23200001 2 TOUCH_MOVE S
1400735782391 6 4098 134.56134 981.451 0.3 5.0 5.0 5.0 5.0 0.0 0.23600002 2 TOUCH_MOVE S
1400735782410 6 4098 136.58626 981.451 0.3 5.0 5.0 5.0 5.0 0.0 0.23600002 2 TOUCH_MOVE S
1400735782424 6 4098 137.52754 981.451 0.3 5.0 5.0 5.0 5.0 0.0 0.23600002 2 TOUCH_MOVE S
1400735782441 6 4098 138.25 981.451 0.3 5.0 5.0 5.0 5.0 0.0 0.23200001 2 TOUCH_MOVE S
1400735782470 6 4098 138.0 981.451 0.16666667 3.0 3.0 3.0 3.0 0.0 0.104 2 TOUCH_MOVE S
1400735782486 6 4098 138.0 981.451 0.16666667 3.0 3.0 3.0 3.0 0.0 0.104 1 TOUCH_UP S
1400735782582 6 4098 608.5 841.951 0.33333334 5.0 5.0 5.0 5.0 0.0 0.24000001 0 TOUCH_DOWN o
1400735782598 6 4098 608.5 841.951 0.33333334 5.0 5.0 5.0 5.0 0.0 0.24800001 2 TOUCH_MOVE o
1400735782624 6 4098 606.36926 841.451 0.33333334 5.0 5.0 5.0 5.0 0.0 0.24800001 2 TOUCH_MOVE o
1400735782658 6 4098 606.5 841.451 0.20000002 4.0 4.0 4.0 4.0 0.0 0.17600001 2 TOUCH_MOVE o
1400735782670 6 4098 606.5 841.451 0.20000002 4.0 4.0 4.0 4.0 0.0 0.17600001 1 TOUCH_UP o
1400735782876 6 4098 379.0 1233.9509 0.26666668 5.0 5.0 5.0 5.0 0.0 0.20400001 0 TOUCH_DOWN Space
1400735782897 6 4098 379.0 1233.6722 0.26666668 5.0 5.0 5.0 5.0 0.0 0.208 2 TOUCH_MOVE Space
1400735782910 6 4098 379.0 1231.9398 0.26666668 5.0 5.0 5.0 5.0 0.0 0.216 2 TOUCH_MOVE Space
1400735782924 6 4098 379.0 1230.463 0.26666668 5.0 5.0 5.0 5.0 0.0 0.216 2 TOUCH_MOVE Space
1400735782941 6 4098 379.75 1229.7009 0.26666668 5.0 5.0 5.0 5.0 0.0 0.208 2 TOUCH_MOVE Space
1400735782948 6 4098 379.75 1229.7009 0.26666668 5.0 5.0 5.0 5.0 0.0 0.208 1 TOUCH_UP Space
1400735783143 6 4098 654.5 962.451 0.26666668 5.0 5.0 5.0 5.0 0.0 0.22000001 0 TOUCH_DOWN l
1400735783192 6 4098 653.9178 962.451 0.3 5.0 5.0 5.0 5.0 0.0 0.224 2 TOUCH_MOVE l
1400735783208 6 4098 653.5 963.3294 0.26666668 5.0 5.0 5.0 5.0 0.0 0.22000001 2 TOUCH_MOVE l
1400735783222 6 4098 653.5 963.451 0.20000002 4.0 4.0 4.0 4.0 0.0 0.192 2 TOUCH_MOVE l
1400735783226 6 4098 653.5 963.451 0.20000002 4.0 4.0 4.0 4.0 0.0 0.192 1 TOUCH_UP l
1400735783304 6 4098 163.0 841.951 0.3 5.0 5.0 5.0 5.0 0.0 0.22800002 0 TOUCH_DOWN e
1400735783343 6 4098 164.09421 841.951 0.3 5.0 5.0 5.0 5.0 0.0 0.24000001 2 TOUCH_MOVE e
1400735783360 6 4098 164.96622 840.98474 0.3 5.0 5.0 5.0 5.0 0.0 0.23600002 2 TOUCH_MOVE e
1400735783376 6 4098 166.02338 840.451 0.3 5.0 5.0 5.0 5.0 0.0 0.23600002 2 TOUCH_MOVE e
1400735783407 6 4098 166.02338 840.451 0.3 5.0 5.0 5.0 5.0 0.0 0.23600002 1 TOUCH_UP e
1400735783564 6 4098 344.5 844.951 0.33333334 5.0 5.0 5.0 5.0 0.0 0.24000001 0 TOUCH_DOWN t
1400735783575 6 4098 344.5 844.951 0.33333334 5.0 5.0 5.0 5.0 0.0 0.24400002 2 TOUCH_MOVE t
1400735783625 6 4098 341.55173 845.4406 0.3 5.0 5.0 5.0 5.0 0.0 0.22800002 2 TOUCH_MOVE t
1400735783640 6 4098 341.5 845.451 0.23333335 5.0 5.0 5.0 5.0 0.0 0.16000001 2 TOUCH_MOVE t
1400735783645 6 4098 341.5 845.451 0.23333335 5.0 5.0 5.0 5.0 0.0 0.16000001 1 TOUCH_UP t
1400735783906 6 4098 579.0 1186.9509 0.26666668 4.0 4.0 4.0 4.0 0.0 0.21200001 0 TOUCH_DOWN '
1400735783979 6 4098 579.0 1186.9509 0.26666668 4.0 4.0 4.0 4.0 0.0 0.21200001 1 TOUCH_UP '
1400735784065 6 4098 140.0 989.451 0.3 5.0 5.0 5.0 5.0 0.0 0.22000001 0 TOUCH_DOWN s
1400735784075 6 4098 140.0 989.451 0.3 5.0 5.0 5.0 5.0 0.0 0.224 2 TOUCH_MOVE s
1400735784109 6 4098 140.95937 990.91034 0.33333334 5.0 5.0 5.0 5.0 0.0 0.22800002 2 TOUCH_MOVE s
1400735784125 6 4098 141.92407 991.87506 0.33333334 5.0 5.0 5.0 5.0 0.0 0.224 2 TOUCH_MOVE s
1400735784142 6 4098 142.25 992.201 0.33333334 5.0 5.0 5.0 5.0 0.0 0.224 2 TOUCH_MOVE s
1400735784156 6 4098 142.0 991.951 0.20000002 4.0 4.0 4.0 4.0 0.0 0.18400002 2 TOUCH_MOVE s
1400735784163 6 4098 142.0 991.951 0.20000002 4.0 4.0 4.0 4.0 0.0 0.18400002 1 TOUCH_UP s
1400735784283 6 4098 327.5 1235.4509 0.20000002 5.0 5.0 5.0 5.0 0.0 0.192 0 TOUCH_DOWN Space
1400735784292 6 4098 327.5 1235.4509 0.23333335 5.0 5.0 5.0 5.0 0.0 0.2 2 TOUCH_MOVE Space
1400735784355 6 4098 327.5 1235.4509 0.20000002 5.0 5.0 5.0 5.0 0.0 0.17600001 2 TOUCH_MOVE Space
1400735784360 6 4098 327.5 1235.4509 0.20000002 5.0 5.0 5.0 5.0 0.0 0.17600001 1 TOUCH_UP Space
1400735785832 6 4098 136.0 973.951 0.26666668 5.0 5.0 5.0 5.0 0.0 0.216 0 TOUCH_DOWN s
1400735785854 6 4098 136.0 973.951 0.26666668 5.0 5.0 5.0 5.0 0.0 0.22000001 2 TOUCH_MOVE s
1400735785906 6 4098 138.15723 973.951 0.26666668 5.0 5.0 5.0 5.0 0.0 0.22000001 2 TOUCH_MOVE s
1400735785922 6 4098 138.5 973.951 0.26666668 5.0 5.0 5.0 5.0 0.0 0.21200001 2 TOUCH_MOVE s
1400735785927 6 4098 138.5 973.951 0.26666668 5.0 5.0 5.0 5.0 0.0 0.21200001 1 TOUCH_UP s
1400735786106 6 4098 333.0 841.451 0.33333334 5.0 5.0 5.0 5.0 0.0 0.24000001 0 TOUCH_DOWN t
1400735786128 6 4098 333.0 841.451 0.33333334 5.0 5.0 5.0 5.0 0.0 0.24400002 2 TOUCH_MOVE t
1400735786163 6 4098 331.64218 841.54047 0.33333334 5.0 5.0 5.0 5.0 0.0 0.24400002 2 TOUCH_MOVE t
1400735786177 6 4098 324.46512 843.058 0.26666668 4.0 4.0 4.0 4.0 0.0 0.21200001 2 TOUCH_MOVE t
1400735786188 6 4098 325.0 842.951 0.13333334 2.0 2.0 2.0 2.0 0.0 0.132 2 TOUCH_MOVE t
1400735786193 6 4098 325.0 842.951 0.13333334 2.0 2.0 2.0 2.0 0.0 0.132 1 TOUCH_UP t
1400735786365 6 4098 52.5 971.451 0.16666667 3.0 3.0 3.0 3.0 0.0 0.20400001 0 TOUCH_DOWN a
1400735786378 6 4098 53.12925 971.451 0.23333335 4.0 4.0 4.0 4.0 0.0 0.21200001 2 TOUCH_MOVE a
1400735786395 6 4098 58.586987 971.951 0.23333335 4.0 4.0 4.0 4.0 0.0 0.21200001 2 TOUCH_MOVE a
1400735786411 6 4098 65.36346 972.51154 0.23333335 4.0 4.0 4.0 4.0 0.0 0.21200001 2 TOUCH_MOVE a
1400735786430 6 4098 69.092384 973.4818 0.23333335 4.0 4.0 4.0 4.0 0.0 0.2 2 TOUCH_MOVE a
1400735786440 6 4098 70.0 973.451 0.13333334 2.0 2.0 2.0 2.0 0.0 0.120000005 2 TOUCH_MOVE a
1400735786464 6 4098 70.0 973.451 0.13333334 2.0 2.0 2.0 2.0 0.0 0.120000005 1 TOUCH_UP a
1400735786603 6 4098 271.5 839.451 0.33333334 5.0 5.0 5.0 5.0 0.0 0.24000001 0 TOUCH_DOWN r
1400735786646 6 4098 270.44528 839.451 0.33333334 5.0 5.0 5.0 5.0 0.0 0.23200001 2 TOUCH_MOVE r
1400735786665 6 4098 265.80756 838.56635 0.3 5.0 5.0 5.0 5.0 0.0 0.22800002 2 TOUCH_MOVE r
1400735786673 6 4098 265.0 838.451 0.20000002 4.0 4.0 4.0 4.0 0.0 0.18 2 TOUCH_MOVE r
1400735786679 6 4098 265.0 838.451 0.20000002 4.0 4.0 4.0 4.0 0.0 0.18 1 TOUCH_UP r
1400735786828 6 4098 342.5 849.951 0.3 5.0 5.0 5.0 5.0 0.0 0.24000001 0 TOUCH_DOWN t
1400735786845 6 4098 342.5 849.951 0.33333334 5.0 5.0 5.0 5.0 0.0 0.24400002 2 TOUCH_MOVE t
1400735786880 6 4098 341.47662 849.951 0.3 5.0 5.0 5.0 5.0 0.0 0.23200001 2 TOUCH_MOVE t
1400735786895 6 4098 338.5 850.451 0.20000002 4.0 4.0 4.0 4.0 0.0 0.17600001 2 TOUCH_MOVE t
1400735786901 6 4098 338.5 850.451 0.20000002 4.0 4.0 4.0 4.0 0.0 0.17600001 1 TOUCH_UP t
1400735787244 6 4098 350.0 969.951 0.3 5.0 5.0 5.0 5.0 0.0 0.22800002 0 TOUCH_DOWN g
1400735787265 6 4098 350.0 969.951 0.26666668 4.0 4.0 4.0 4.0 0.0 0.22800002 2 TOUCH_MOVE g
1400735787318 6 4098 350.0 969.951 0.20000002 4.0 4.0 4.0 4.0 0.0 0.18800001 2 TOUCH_MOVE g
1400735787328 6 4098 350.0 969.951 0.20000002 4.0 4.0 4.0 4.0 0.0 0.18800001 1 TOUCH_UP g
1400735787395 6 4098 560.5 826.951 0.33333334 5.0 5.0 5.0 5.0 0.0 0.224 0 TOUCH_DOWN i
1400735787452 6 4098 560.5 826.951 0.3 5.0 5.0 5.0 5.0 0.0 0.17600001 2 TOUCH_MOVE i
1400735787455 6 4098 560.5 826.951 0.3 5.0 5.0 5.0 5.0 0.0 0.17600001 1 TOUCH_UP i
1400735787698 6 4098 354.5 1077.9509 0.26666668 4.0 4.0 4.0 4.0 0.0 0.224 0 TOUCH_DOWN v
1400735787729 6 4098 354.5 1077.9509 0.26666668 4.0 4.0 4.0 4.0 0.0 0.22000001 2 TOUCH_MOVE v
1400735787763 6 4098 353.4402 1077.9509 0.23333335 4.0 4.0 4.0 4.0 0.0 0.2 2 TOUCH_MOVE v
1400735787771 6 4098 353.5 1077.9509 0.20000002 4.0 4.0 4.0 4.0 0.0 0.17600001 2 TOUCH_MOVE v
1400735787774 6 4098 353.5 1077.9509 0.20000002 4.0 4.0 4.0 4.0 0.0 0.17600001 1 TOUCH_UP v
1400735788067 6 4098 650.0 1059.9509 0.26666668 4.0 4.0 4.0 4.0 0.0 0.2 0 TOUCH_DOWN Back
1400735788079 6 4098 650.0 1059.9509 0.26666668 4.0 4.0 4.0 4.0 0.0 0.20400001 2 TOUCH_MOVE Back
1400735788112 6 4098 650.0 1060.8838 0.26666668 4.0 4.0 4.0 4.0 0.0 0.21200001 2 TOUCH_MOVE Back
1400735788130 6 4098 650.0 1061.4509 0.26666668 4.0 4.0 4.0 4.0 0.0 0.2 2 TOUCH_MOVE Back
1400735788134 6 4098 650.0 1061.4509 0.16666667 3.0 3.0 3.0 3.0 0.0 0.104 2 TOUCH_MOVE Back
1400735788138 6 4098 650.0 1061.4509 0.16666667 3.0 3.0 3.0 3.0 0.0 0.104 1 TOUCH_UP Back
1400735788239 6 4098 653.0 1064.4509 0.26666668 4.0 4.0 4.0 4.0 0.0 0.20400001 0 TOUCH_DOWN Back
1400735788296 6 4098 653.0 1064.9568 0.26666668 4.0 4.0 4.0 4.0 0.0 0.18800001 2 TOUCH_MOVE Back
1400735788302 6 4098 653.0 1064.9568 0.26666668 4.0 4.0 4.0 4.0 0.0 0.18800001 1 TOUCH_UP Back
1400735788392 6 4098 651.0 1065.9509 0.26666668 4.0 4.0 4.0 4.0 0.0 0.208 0 TOUCH_DOWN Back
1400735788447 6 4098 650.2913 1065.9509 0.26666668 4.0 4.0 4.0 4.0 0.0 0.21200001 2 TOUCH_MOVE Back
1400735788463 6 4098 650.5 1066.5466 0.23333335 4.0 4.0 4.0 4.0 0.0 0.2 2 TOUCH_MOVE Back
1400735788491 6 4098 650.5 1066.5466 0.23333335 4.0 4.0 4.0 4.0 0.0 0.2 1 TOUCH_UP Back
1400735789059 6 4098 342.0 951.451 0.3 5.0 5.0 5.0 5.0 0.0 0.224 0 TOUCH_DOWN g
1400735789104 6 4098 342.0 951.451 0.26666668 5.0 5.0 5.0 5.0 0.0 0.172 2 TOUCH_MOVE g
1400735789114 6 4098 342.0 951.451 0.26666668 5.0 5.0 5.0 5.0 0.0 0.172 1 TOUCH_UP g
1400735789222 6 4098 524.5 830.951 0.33333334 5.0 5.0 5.0 5.0 0.0 0.23600002 0 TOUCH_DOWN i
1400735789230 6 4098 524.5 830.951 0.33333334 5.0 5.0 5.0 5.0 0.0 0.24000001 2 TOUCH_MOVE i
1400735789278 6 4098 524.5 830.951 0.33333334 5.0 5.0 5.0 5.0 0.0 0.24000001 1 TOUCH_UP i
1400735789449 6 4098 329.0 1078.9509 0.23333335 5.0 5.0 5.0 5.0 0.0 0.20400001 0 TOUCH_DOWN v
1400735789470 6 4098 329.0 1078.9509 0.26666668 5.0 5.0 5.0 5.0 0.0 0.20400001 2 TOUCH_MOVE v
1400735789514 6 4098 328.5 1078.9509 0.20000002 4.0 4.0 4.0 4.0 0.0 0.18800001 2 TOUCH_MOVE v
1400735789518 6 4098 328.5 1078.9509 0.16666667 3.0 3.0 3.0 3.0 0.0 0.112 2 TOUCH_MOVE v
1400735789522 6 4098 328.5 1078.9509 0.16666667 3.0 3.0 3.0 3.0 0.0 0.112 1 TOUCH_UP v
1400735789566 6 4098 534.5 846.451 0.3 5.0 5.0 5.0 5.0 0.0 0.22800002 0 TOUCH_DOWN i
1400735789583 6 4098 534.5 846.451 0.3 5.0 5.0 5.0 5.0 0.0 0.23200001 2 TOUCH_MOVE i
1400735789639 6 4098 534.5 846.451 0.20000002 4.0 4.0 4.0 4.0 0.0 0.18 2 TOUCH_MOVE i
1400735789643 6 4098 534.5 846.451 0.20000002 4.0 4.0 4.0 4.0 0.0 0.18 1 TOUCH_UP i
1400735789903 6 4098 635.5 1078.4509 0.20000002 4.0 4.0 4.0 4.0 0.0 0.20400001 0 TOUCH_DOWN Back
1400735789932 6 4098 635.5 1078.4509 0.23333335 4.0 4.0 4.0 4.0 0.0 0.208 2 TOUCH_MOVE Back
1400735789949 6 4098 636.25 1078.4509 0.23333335 4.0 4.0 4.0 4.0 0.0 0.208 2 TOUCH_MOVE Back
1400735789965 6 4098 636.25 1078.4509 0.23333335 4.0 4.0 4.0 4.0 0.0 0.208 1 TOUCH_UP Back
1400735790061 6 4098 650.0 1073.4509 0.23333335 4.0 4.0 4.0 4.0 0.0 0.2 0 TOUCH_DOWN Back
1400735790114 6 4098 648.75 1073.4509 0.23333335 4.0 4.0 4.0 4.0 0.0 0.20400001 2 TOUCH_MOVE Back
1400735790128 6 4098 648.75 1073.4509 0.23333335 4.0 4.0 4.0 4.0 0.0 0.20400001 1 TOUCH_UP Back
1400735790219 6 4098 646.5 1075.9509 0.23333335 4.0 4.0 4.0 4.0 0.0 0.2 0 TOUCH_DOWN Back
1400735790231 6 4098 646.5 1075.9509 0.23333335 4.0 4.0 4.0 4.0 0.0 0.20400001 2 TOUCH_MOVE Back
1400735790286 6 4098 646.5 1075.9509 0.23333335 4.0 4.0 4.0 4.0 0.0 0.20400001 1 TOUCH_UP Back
1400735790384 6 4098 647.0 1075.9509 0.23333335 4.0 4.0 4.0 4.0 0.0 0.2 0 TOUCH_DOWN Back
1400735790398 6 4098 647.0 1075.9509 0.23333335 4.0 4.0 4.0 4.0 0.0 0.20400001 2 TOUCH_MOVE Back
1400735790455 6 4098 647.0 1075.9509 0.23333335 4.0 4.0 4.0 4.0 0.0 0.20400001 1 TOUCH_UP Back
1400735790822 6 4098 339.5 1238.9509 0.23333335 5.0 5.0 5.0 5.0 0.0 0.20400001 0 TOUCH_DOWN Space
1400735790832 6 4098 338.8466 1238.9509 0.26666668 5.0 5.0 5.0 5.0 0.0 0.21200001 2 TOUCH_MOVE Space
1400735790855 6 4098 337.3862 1236.7234 0.26666668 5.0 5.0 5.0 5.0 0.0 0.21200001 2 TOUCH_MOVE Space
1400735790867 6 4098 337.0 1235.3734 0.23333335 5.0 5.0 5.0 5.0 0.0 0.208 2 TOUCH_MOVE Space
1400735790882 6 4098 337.50787 1235.4509 0.20000002 4.0 4.0 4.0 4.0 0.0 0.18800001 2 TOUCH_MOVE Space
1400735790888 6 4098 337.50787 1235.4509 0.20000002 4.0 4.0 4.0 4.0 0.0 0.18800001 1 TOUCH_UP Space
1400735791252 6 4098 368.0 967.951 0.26666668 4.0 4.0 4.0 4.0 0.0 0.224 0 TOUCH_DOWN g
1400735791299 6 4098 368.0 967.951 0.13333334 2.0 2.0 2.0 2.0 0.0 0.18 2 TOUCH_MOVE g
1400735791302 6 4098 368.0 967.951 0.13333334 2.0 2.0 2.0 2.0 0.0 0.18 1 TOUCH_UP g
1400735791411 6 4098 536.0 829.951 0.33333334 5.0 5.0 5.0 5.0 0.0 0.24000001 0 TOUCH_DOWN i
1400735791470 6 4098 536.0 829.951 0.33333334 5.0 5.0 5.0 5.0 0.0 0.24000001 1 TOUCH_UP i
1400735791699 6 4098 348.0 1076.9509 0.26666668 4.0 4.0 4.0 4.0 0.0 0.22000001 0 TOUCH_DOWN v
1400735791775 6 4098 348.0 1076.9509 0.20000002 4.0 4.0 4.0 4.0 0.0 0.15200001 2 TOUCH_MOVE v
1400735791793 6 4098 348.0 1076.9509 0.20000002 4.0 4.0 4.0 4.0 0.0 0.15200001 1 TOUCH_UP v
1400735791837 6 4098 547.0 808.951 0.3 5.0 5.0 5.0 5.0 0.0 0.24000001 0 TOUCH_DOWN i
1400735791851 6 4098 547.0 808.951 0.33333334 5.0 5.0 5.0 5.0 0.0 0.24400002 2 TOUCH_MOVE i
1400735791866 6 4098 545.6604 809.3708 0.33333334 5.0 5.0 5.0 5.0 0.0 0.24800001 2 TOUCH_MOVE i
1400735791883 6 4098 544.5951 809.8559 0.33333334 5.0 5.0 5.0 5.0 0.0 0.24000001 2 TOUCH_MOVE i
1400735791899 6 4098 544.0 812.451 0.3 5.0 5.0 5.0 5.0 0.0 0.21200001 2 TOUCH_MOVE i
1400735791904 6 4098 544.0 812.451 0.13333334 2.0 2.0 2.0 2.0 0.0 0.112 2 TOUCH_MOVE i
1400735791915 6 4098 544.0 812.451 0.13333334 2.0 2.0 2.0 2.0 0.0 0.112 1 TOUCH_UP i
1400735792040 6 4098 523.0 1090.9509 0.23333335 4.0 4.0 4.0 4.0 0.0 0.208 0 TOUCH_DOWN n
1400735792055 6 4098 523.0 1090.9509 0.26666668 4.0 4.0 4.0 4.0 0.0 0.21200001 2 TOUCH_MOVE n
1400735792084 6 4098 523.9708 1092.4218 0.26666668 4.0 4.0 4.0 4.0 0.0 0.21200001 2 TOUCH_MOVE n
1400735792096 6 4098 524.0 1092.4509 0.16666667 3.0 3.0 3.0 3.0 0.0 0.15200001 2 TOUCH_MOVE n
1400735792100 6 4098 524.0 1092.4509 0.16666667 3.0 3.0 3.0 3.0 0.0 0.15200001 1 TOUCH_UP n
1400735792184 6 4098 365.0 978.451 0.26666668 4.0 4.0 4.0 4.0 0.0 0.22000001 0 TOUCH_DOWN g
1400735792233 6 4098 365.0 978.451 0.13333334 2.0 2.0 2.0 2.0 0.0 0.17600001 2 TOUCH_MOVE g
1400735792238 6 4098 365.0 978.451 0.13333334 2.0 2.0 2.0 2.0 0.0 0.17600001 1 TOUCH_UP g
