1400735282682 6 4098 108.0 824.451 0.33333334 5.0 5.0 5.0 5.0 0.0 0.22800002 0 TOUCH_DOWN W
1400735282697 6 4098 109.56609 824.451 0.33333334 5.0 5.0 5.0 5.0 0.0 0.24000001 2 TOUCH_MOVE W
1400735282720 6 4098 113.66908 824.01715 0.33333334 5.0 5.0 5.0 5.0 0.0 0.24000001 2 TOUCH_MOVE W
1400735282726 6 4098 115.87477 823.951 0.33333334 5.0 5.0 5.0 5.0 0.0 0.24000001 2 TOUCH_MOVE W
1400735282742 6 4098 115.54764 823.951 0.33333334 5.0 5.0 5.0 5.0 0.0 0.24000001 2 TOUCH_MOVE W
1400735282762 6 4098 114.0 823.951 0.33333334 5.0 5.0 5.0 5.0 0.0 0.208 2 TOUCH_MOVE W
1400735282767 6 4098 114.0 823.951 0.33333334 5.0 5.0 5.0 5.0 0.0 0.18400002 2 TOUCH_MOVE W
1400735282771 6 4098 114.0 823.951 0.33333334 5.0 5.0 5.0 5.0 0.0 0.18400002 1 TOUCH_UP W
1400735283430 6 4098 181.5 817.951 0.33333334 5.0 5.0 5.0 5.0 0.0 0.24000001 0 TOUCH_DOWN e
1400735283442 6 4098 181.5 817.951 0.36666667 6.0 6.0 6.0 6.0 0.0 0.24800001 2 TOUCH_MOVE e
1400735283459 6 4098 182.33952 817.951 0.36666667 6.0 6.0 6.0 6.0 0.0 0.252 2 TOUCH_MOVE e
1400735283476 6 4098 183.25 817.951 0.36666667 6.0 6.0 6.0 6.0 0.0 0.256 2 TOUCH_MOVE e
1400735283509 6 4098 182.4475 818.5035 0.33333334 5.0 5.0 5.0 5.0 0.0 0.24400002 2 TOUCH_MOVE e
1400735283525 6 4098 180.5 818.951 0.3 5.0 5.0 5.0 5.0 0.0 0.19600001 2 TOUCH_MOVE e
1400735283529 6 4098 180.5 818.951 0.3 5.0 5.0 5.0 5.0 0.0 0.19600001 1 TOUCH_UP e
1400735283979 6 4098 53.0 946.951 0.26666668 5.0 5.0 5.0 5.0 0.0 0.2 0 TOUCH_DOWN a
1400735284000 6 4098 53.674324 946.951 0.26666668 5.0 5.0 5.0 5.0 0.0 0.208 2 TOUCH_MOVE a
1400735284010 6 4098 55.65322 946.3999 0.26666668 5.0 5.0 5.0 5.0 0.0 0.216 2 TOUCH_MOVE a
1400735284026 6 4098 59.861797 945.3304 0.26666668 5.0 5.0 5.0 5.0 0.0 0.22000001 2 TOUCH_MOVE a
1400735284043 6 4098 62.72966 945.451 0.26666668 5.0 5.0 5.0 5.0 0.0 0.216 2 TOUCH_MOVE a
1400735284064 6 4098 63.540802 945.451 0.23333335 4.0 4.0 4.0 4.0 0.0 0.216 2 TOUCH_MOVE a
1400735284080 6 4098 63.5 945.451 0.23333335 4.0 4.0 4.0 4.0 0.0 0.18 2 TOUCH_MOVE a
1400735284085 6 4098 63.5 945.451 0.23333335 4.0 4.0 4.0 4.0 0.0 0.18 1 TOUCH_UP a
1400735284226 6 4098 216.5 857.451 0.3 5.0 5.0 5.0 5.0 0.0 0.24400002 0 TOUCH_DOWN r
1400735284243 6 4098 216.5 857.451 0.3 5.0 5.0 5.0 5.0 0.0 0.24800001 2 TOUCH_MOVE r
1400735284260 6 4098 217.02438 857.451 0.3 5.0 5.0 5.0 5.0 0.0 0.252 2 TOUCH_MOVE r
1400735284293 6 4098 216.49547 857.451 0.3 5.0 5.0 5.0 5.0 0.0 0.24400002 2 TOUCH_MOVE r
1400735284318 6 4098 215.0 857.451 0.3 5.0 5.0 5.0 5.0 0.0 0.23200001 2 TOUCH_MOVE r
1400735284322 6 4098 215.0 857.451 0.13333334 2.0 2.0 2.0 2.0 0.0 0.156 2 TOUCH_MOVE r
1400735284326 6 4098 215.0 857.451 0.13333334 2.0 2.0 2.0 2.0 0.0 0.156 1 TOUCH_UP r
1400735284869 6 4098 641.0 1074.4509 0.23333335 4.0 4.0 4.0 4.0 0.0 0.208 0 TOUCH_DOWN Back
1400735284877 6 4098 641.0 1074.4509 0.23333335 4.0 4.0 4.0 4.0 0.0 0.21200001 2 TOUCH_MOVE Back
1400735284912 6 4098 639.82074 1074.4509 0.26666668 4.0 4.0 4.0 4.0 0.0 0.216 2 TOUCH_MOVE Back
1400735284927 6 4098 638.8589 1074.4509 0.23333335 4.0 4.0 4.0 4.0 0.0 0.208 2 TOUCH_MOVE Back
1400735284936 6 4098 638.5 1074.9509 0.16666667 3.0 3.0 3.0 3.0 0.0 0.18400002 2 TOUCH_MOVE Back
1400735284941 6 4098 638.5 1074.9509 0.16666667 3.0 3.0 3.0 3.0 0.0 0.18400002 1 TOUCH_UP Back
1400735285066 6 4098 627.5 1069.4509 0.26666668 4.0 4.0 4.0 4.0 0.0 0.208 0 TOUCH_DOWN Back
1400735285077 6 4098 627.5 1069.4509 0.26666668 4.0 4.0 4.0 4.0 0.0 0.21200001 2 TOUCH_MOVE Back
1400735285144 6 4098 627.5 1069.4509 0.23333335 4.0 4.0 4.0 4.0 0.0 0.18800001 2 TOUCH_MOVE Back
1400735285153 6 4098 627.5 1069.4509 0.16666667 3.0 3.0 3.0 3.0 0.0 0.116000004 2 TOUCH_MOVE Back
1400735285160 6 4098 627.5 1069.4509 0.16666667 3.0 3.0 3.0 3.0 0.0 0.116000004 1 TOUCH_UP Back
1400735285461 6 4098 346.5 1214.4509 0.26666668 5.0 5.0 5.0 5.0 0.0 0.224 0 TOUCH_DOWN Space
1400735285512 6 4098 346.0 1213.1128 0.26666668 5.0 5.0 5.0 5.0 0.0 0.23200001 2 TOUCH_MOVE Space
1400735285528 6 4098 346.41315 1212.5377 0.26666668 5.0 5.0 5.0 5.0 0.0 0.23200001 2 TOUCH_MOVE Space
1400735285543 6 4098 347.0 1211.9509 0.20000002 3.0 3.0 3.0 3.0 0.0 0.192 2 TOUCH_MOVE Space
1400735285547 6 4098 347.0 1211.9509 0.20000002 3.0 3.0 3.0 3.0 0.0 0.192 1 TOUCH_UP Space
1400735285643 6 4098 56.0 963.951 0.20000002 3.0 3.0 3.0 3.0 0.0 0.208 0 TOUCH_DOWN a
1400735285650 6 4098 56.084217 963.951 0.20000002 3.0 3.0 3.0 3.0 0.0 0.21200001 2 TOUCH_MOVE a
1400735285667 6 4098 59.787624 963.9099 0.23333335 4.0 4.0 4.0 4.0 0.0 0.22000001 2 TOUCH_MOVE a
1400735285678 6 4098 66.033516 963.451 0.26666668 5.0 5.0 5.0 5.0 0.0 0.216 2 TOUCH_MOVE a
1400735285697 6 4098 69.4164 963.451 0.26666668 5.0 5.0 5.0 5.0 0.0 0.22000001 2 TOUCH_MOVE a
1400735285711 6 4098 70.93074 963.8817 0.26666668 5.0 5.0 5.0 5.0 0.0 0.22000001 2 TOUCH_MOVE a
1400735285728 6 4098 70.606346 964.84467 0.23333335 4.0 4.0 4.0 4.0 0.0 0.21200001 2 TOUCH_MOVE a
1400735285744 6 4098 68.5 966.451 0.16666667 3.0 3.0 3.0 3.0 0.0 0.192 2 TOUCH_MOVE a
1400735285750 6 4098 68.5 966.451 0.16666667 3.0 3.0 3.0 3.0 0.0 0.1 2 TOUCH_MOVE a
1400735285755 6 4098 68.5 966.451 0.16666667 3.0 3.0 3.0 3.0 0.0 0.1 1 TOUCH_UP a
1400735285987 6 4098 280.0 867.951 0.3 5.0 5.0 5.0 5.0 0.0 0.23200001 0 TOUCH_DOWN r
1400735286028 6 4098 279.02704 867.951 0.3 5.0 5.0 5.0 5.0 0.0 0.24000001 2 TOUCH_MOVE r
1400735286044 6 4098 278.0 867.951 0.23333335 4.0 4.0 4.0 4.0 0.0 0.19600001 2 TOUCH_MOVE r
1400735286048 6 4098 278.0 867.951 0.23333335 4.0 4.0 4.0 4.0 0.0 0.19600001 1 TOUCH_UP r
1400735286168 6 4098 167.5 824.451 0.33333334 5.0 5.0 5.0 5.0 0.0 0.23200001 0 TOUCH_DOWN e
1400735286180 6 4098 167.5 824.451 0.33333334 5.0 5.0 5.0 5.0 0.0 0.23600002 2 TOUCH_MOVE e
1400735286195 6 4098 168.75943 824.451 0.33333334 5.0 5.0 5.0 5.0 0.0 0.24400002 2 TOUCH_MOVE e
1400735286215 6 4098 170.26894 824.451 0.33333334 5.0 5.0 5.0 5.0 0.0 0.24000001 2 TOUCH_MOVE e
1400735286233 6 4098 169.73044 824.83575 0.33333334 5.0 5.0 5.0 5.0 0.0 0.23600002 2 TOUCH_MOVE e
1400735286244 6 4098 169.5 824.951 0.33333334 5.0 5.0 5.0 5.0 0.0 0.18800001 2 TOUCH_MOVE e
1400735286254 6 4098 169.5 824.951 0.33333334 5.0 5.0 5.0 5.0 0.0 0.18800001 1 TOUCH_UP e
1400735286339 6 4098 362.5 1196.4509 0.26666668 4.0 4.0 4.0 4.0 0.0 0.22800002 0 TOUCH_DOWN Space
1400735286345 6 4098 362.5 1196.4509 0.26666668 4.0 4.0 4.0 4.0 0.0 0.23200001 2 TOUCH_MOVE Space
1400735286423 6 4098 362.5 1196.4509 0.26666668 4.0 4.0 4.0 4.0 0.0 0.23200001 1 TOUCH_UP Space
1400735287822 6 4098 318.5 860.951 0.3 5.0 5.0 5.0 5.0 0.0 0.23200001 0 TOUCH_DOWN t
1400735287863 6 4098 318.02048 860.71124 0.3 5.0 5.0 5.0 5.0 0.0 0.23600002 2 TOUCH_MOVE t
1400735287880 6 4098 317.5 860.451 0.13333334 2.0 2.0 2.0 2.0 0.0 0.120000005 2 TOUCH_MOVE t
1400735287883 6 4098 317.5 860.451 0.13333334 2.0 2.0 2.0 2.0 0.0 0.120000005 1 TOUCH_UP t
1400735287970 6 4098 433.0 919.451 0.33333334 5.0 5.0 5.0 5.0 0.0 0.24000001 0 TOUCH_DOWN h
1400735288014 6 4098 432.38095 919.451 0.33333334 5.0 5.0 5.0 5.0 0.0 0.24400002 2 TOUCH_MOVE h
1400735288031 6 4098 432.5 919.451 0.26666668 5.0 5.0 5.0 5.0 0.0 0.216 2 TOUCH_MOVE h
1400735288035 6 4098 432.5 919.451 0.26666668 5.0 5.0 5.0 5.0 0.0 0.18400002 2 TOUCH_MOVE h
1400735288040 6 4098 432.5 919.451 0.26666668 5.0 5.0 5.0 5.0 0.0 0.18400002 1 TOUCH_UP h
1400735288096 6 4098 163.5 821.951 0.3 5.0 5.0 5.0 5.0 0.0 0.22800002 0 TOUCH_DOWN e
1400735288115 6 4098 163.5 821.951 0.33333334 5.0 5.0 5.0 5.0 0.0 0.23600002 2 TOUCH_MOVE e
1400735288132 6 4098 164.14795 821.951 0.33333334 5.0 5.0 5.0 5.0 0.0 0.24000001 2 TOUCH_MOVE e
1400735288147 6 4098 164.75 821.951 0.33333334 5.0 5.0 5.0 5.0 0.0 0.24000001 2 TOUCH_MOVE e
1400735288163 6 4098 163.97052 821.951 0.3 5.0 5.0 5.0 5.0 0.0 0.22000001 2 TOUCH_MOVE e
1400735288173 6 4098 162.5 821.951 0.3 5.0 5.0 5.0 5.0 0.0 0.2 2 TOUCH_MOVE e
1400735288177 6 4098 162.5 821.951 0.3 5.0 5.0 5.0 5.0 0.0 0.2 1 TOUCH_UP e
1400735288279 6 4098 365.0 1200.4509 0.3 5.0 5.0 5.0 5.0 0.0 0.23200001 0 TOUCH_DOWN Space
1400735288356 6 4098 365.0 1200.4509 0.20000002 4.0 4.0 4.0 4.0 0.0 0.2 2 TOUCH_MOVE Space
1400735288360 6 4098 365.0 1200.4509 0.20000002 4.0 4.0 4.0 4.0 0.0 0.2 1 TOUCH_UP Space
1400735288651 6 4098 114.0 850.951 0.26666668 5.0 5.0 5.0 5.0 0.0 0.216 0 TOUCH_DOWN w
1400735288665 6 4098 114.0 850.951 0.26666668 5.0 5.0 5.0 5.0 0.0 0.22000001 2 TOUCH_MOVE w
1400735288698 6 4098 117.34459 850.951 0.3 5.0 5.0 5.0 5.0 0.0 0.22800002 2 TOUCH_MOVE w
1400735288715 6 4098 118.25 850.951 0.26666668 5.0 5.0 5.0 5.0 0.0 0.22000001 2 TOUCH_MOVE w
1400735288731 6 4098 116.13733 852.473 0.23333335 5.0 5.0 5.0 5.0 0.0 0.2 2 TOUCH_MOVE w
1400735288737 6 4098 115.5 852.951 0.23333335 5.0 5.0 5.0 5.0 0.0 0.18400002 2 TOUCH_MOVE w
1400735288741 6 4098 115.5 852.951 0.23333335 5.0 5.0 5.0 5.0 0.0 0.18400002 1 TOUCH_UP w
1400735288886 6 4098 611.0 831.951 0.33333334 5.0 5.0 5.0 5.0 0.0 0.22800002 0 TOUCH_DOWN o
1400735288899 6 4098 611.0 831.951 0.33333334 5.0 5.0 5.0 5.0 0.0 0.23200001 2 TOUCH_MOVE o
1400735288914 6 4098 610.06305 831.951 0.33333334 5.0 5.0 5.0 5.0 0.0 0.23200001 2 TOUCH_MOVE o
1400735288931 6 4098 609.75 831.951 0.33333334 5.0 5.0 5.0 5.0 0.0 0.23200001 2 TOUCH_MOVE o
1400735288947 6 4098 609.75 831.951 0.33333334 5.0 5.0 5.0 5.0 0.0 0.23200001 1 TOUCH_UP o
1400735289078 6 4098 659.5 968.451 0.20000002 4.0 4.0 4.0 4.0 0.0 0.208 0 TOUCH_DOWN l
1400735289087 6 4098 659.5 968.451 0.23333335 5.0 5.0 5.0 5.0 0.0 0.208 2 TOUCH_MOVE l
1400735289131 6 4098 658.5 969.4279 0.26666668 5.0 5.0 5.0 5.0 0.0 0.216 2 TOUCH_MOVE l
1400735289148 6 4098 658.5 969.701 0.26666668 5.0 5.0 5.0 5.0 0.0 0.208 2 TOUCH_MOVE l
1400735289170 6 4098 658.5 969.701 0.26666668 5.0 5.0 5.0 5.0 0.0 0.208 1 TOUCH_UP l
1400735289301 6 4098 245.5 987.451 0.33333334 5.0 5.0 5.0 5.0 0.0 0.23600002 0 TOUCH_DOWN d
1400735289384 6 4098 243.654 987.451 0.3 5.0 5.0 5.0 5.0 0.0 0.23600002 2 TOUCH_MOVE d
1400735289398 6 4098 243.5 987.451 0.26666668 4.0 4.0 4.0 4.0 0.0 0.2 2 TOUCH_MOVE d
1400735289403 6 4098 243.5 987.451 0.20000002 3.0 3.0 3.0 3.0 0.0 0.112 2 TOUCH_MOVE d
1400735289407 6 4098 243.5 987.451 0.20000002 3.0 3.0 3.0 3.0 0.0 0.112 1 TOUCH_UP d
1400735289533 6 4098 340.5 1211.4509 0.26666668 5.0 5.0 5.0 5.0 0.0 0.224 0 TOUCH_DOWN Space
1400735289611 6 4098 340.5 1211.4509 0.16666667 3.0 3.0 3.0 3.0 0.0 0.120000005 2 TOUCH_MOVE Space
1400735289616 6 4098 340.5 1211.4509 0.16666667 3.0 3.0 3.0 3.0 0.0 0.120000005 1 TOUCH_UP Space
1400735289959 6 4098 637.5 1085.9509 0.23333335 4.0 4.0 4.0 4.0 0.0 0.21200001 0 TOUCH_DOWN Back
1400735289977 6 4098 637.5 1086.0216 0.26666668 5.0 5.0 5.0 5.0 0.0 0.216 2 TOUCH_MOVE Back
1400735290001 6 4098 636.42096 1087.609 0.3 5.0 5.0 5.0 5.0 0.0 0.22000001 2 TOUCH_MOVE Back
1400735290015 6 4098 634.9084 1089.5425 0.3 5.0 5.0 5.0 5.0 0.0 0.22000001 2 TOUCH_MOVE Back
1400735290032 6 4098 635.0 1090.4674 0.13333334 2.0 2.0 2.0 2.0 0.0 0.128 2 TOUCH_MOVE Back
1400735290039 6 4098 635.0 1090.4674 0.13333334 2.0 2.0 2.0 2.0 0.0 0.128 1 TOUCH_UP Back
1400735290121 6 4098 626.0 1087.9509 0.23333335 4.0 4.0 4.0 4.0 0.0 0.208 0 TOUCH_DOWN Back
1400735290132 6 4098 626.0 1087.9509 0.26666668 5.0 5.0 5.0 5.0 0.0 0.208 2 TOUCH_MOVE Back
1400735290182 6 4098 626.0 1088.4509 0.23333335 4.0 4.0 4.0 4.0 0.0 0.208 2 TOUCH_MOVE Back
1400735290187 6 4098 626.0 1088.4509 0.23333335 4.0 4.0 4.0 4.0 0.0 0.208 1 TOUCH_UP Back
1400735290266 6 4098 621.0 1085.9509 0.26666668 5.0 5.0 5.0 5.0 0.0 0.208 0 TOUCH_DOWN Back
1400735290282 6 4098 621.0 1086.4333 0.26666668 5.0 5.0 5.0 5.0 0.0 0.216 2 TOUCH_MOVE Back
1400735290299 6 4098 621.0 1087.3651 0.3 5.0 5.0 5.0 5.0 0.0 0.216 2 TOUCH_MOVE Back
1400735290317 6 4098 621.0 1088.2767 0.3 5.0 5.0 5.0 5.0 0.0 0.22000001 2 TOUCH_MOVE Back
1400735290332 6 4098 620.25 1089.2009 0.26666668 5.0 5.0 5.0 5.0 0.0 0.21200001 2 TOUCH_MOVE Back
1400735290359 6 4098 620.25 1089.2009 0.26666668 5.0 5.0 5.0 5.0 0.0 0.21200001 1 TOUCH_UP Back
1400735290807 6 4098 244.5 830.951 0.33333334 5.0 5.0 5.0 5.0 0.0 0.23200001 0 TOUCH_DOWN r
1400735290816 6 4098 244.5 830.951 0.33333334 5.0 5.0 5.0 5.0 0.0 0.23600002 2 TOUCH_MOVE r
1400735290867 6 4098 244.0 830.951 0.3 5.0 5.0 5.0 5.0 0.0 0.18800001 2 TOUCH_MOVE r
1400735290872 6 4098 244.0 830.951 0.3 5.0 5.0 5.0 5.0 0.0 0.18800001 1 TOUCH_UP r
1400735290949 6 4098 647.5 930.951 0.3 5.0 5.0 5.0 5.0 0.0 0.208 0 TOUCH_DOWN l
1400735290966 6 4098 647.5 930.951 0.3 5.0 5.0 5.0 5.0 0.0 0.216 2 TOUCH_MOVE l
1400735290983 6 4098 647.06287 932.32526 0.3 5.0 5.0 5.0 5.0 0.0 0.22000001 2 TOUCH_MOVE l
1400735291000 6 4098 646.5 933.35205 0.3 5.0 5.0 5.0 5.0 0.0 0.22000001 2 TOUCH_MOVE l
1400735291019 6 4098 645.767 935.0505 0.3 5.0 5.0 5.0 5.0 0.0 0.20400001 2 TOUCH_MOVE l
1400735291030 6 4098 645.0 936.451 0.16666667 3.0 3.0 3.0 3.0 0.0 0.108 2 TOUCH_MOVE l
1400735291034 6 4098 645.0 936.451 0.16666667 3.0 3.0 3.0 3.0 0.0 0.108 1 TOUCH_UP l
1400735291224 6 4098 224.0 985.451 0.3 5.0 5.0 5.0 5.0 0.0 0.22800002 0 TOUCH_DOWN d
1400735291234 6 4098 224.0 985.451 0.3 5.0 5.0 5.0 5.0 0.0 0.23200001 2 TOUCH_MOVE d
1400735291290 6 4098 224.0 985.451 0.26666668 5.0 5.0 5.0 5.0 0.0 0.2 2 TOUCH_MOVE d
1400735291294 6 4098 224.0 985.451 0.26666668 5.0 5.0 5.0 5.0 0.0 0.2 1 TOUCH_UP d
1400735292302 6 4098 432.5 1217.4509 0.26666668 5.0 5.0 5.0 5.0 0.0 0.22000001 0 TOUCH_DOWN ,
1400735292384 6 4098 432.5 1217.4509 0.23333335 4.0 4.0 4.0 4.0 0.0 0.19600001 2 TOUCH_MOVE ,
1400735292389 6 4098 432.5 1217.4509 0.20000002 3.0 3.0 3.0 3.0 0.0 0.1 2 TOUCH_MOVE ,
1400735292393 6 4098 432.5 1217.4509 0.20000002 3.0 3.0 3.0 3.0 0.0 0.1 1 TOUCH_UP ,
1400735293204 6 4098 319.0 1215.4509 0.26666668 5.0 5.0 5.0 5.0 0.0 0.224 0 TOUCH_DOWN Space
1400735293224 6 4098 319.0 1215.4509 0.26666668 5.0 5.0 5.0 5.0 0.0 0.22800002 2 TOUCH_MOVE Space
1400735293270 6 4098 319.0 1215.4509 0.23333335 4.0 4.0 4.0 4.0 0.0 0.20400001 2 TOUCH_MOVE Space
1400735293272 6 4098 319.0 1215.4509 0.26666668 5.0 5.0 5.0 5.0 0.0 0.164 2 TOUCH_MOVE Space
1400735293276 6 4098 319.0 1215.4509 0.26666668 5.0 5.0 5.0 5.0 0.0 0.164 1 TOUCH_UP Space
1400735293464 6 4098 118.5 791.451 0.3 5.0 5.0 5.0 5.0 0.0 0.22800002 0 TOUCH_DOWN w
1400735293476 6 4098 118.5 791.451 0.3 5.0 5.0 5.0 5.0 0.0 0.23600002 2 TOUCH_MOVE w
1400735293502 6 4098 123.75598 790.01196 0.3 5.0 5.0 5.0 5.0 0.0 0.24400002 2 TOUCH_MOVE w
1400735293519 6 4098 125.406654 789.451 0.33333334 5.0 5.0 5.0 5.0 0.0 0.24400002 2 TOUCH_MOVE w
1400735293535 6 4098 125.75 789.451 0.3 5.0 5.0 5.0 5.0 0.0 0.24400002 2 TOUCH_MOVE w
1400735293552 6 4098 125.5 789.451 0.26666668 4.0 4.0 4.0 4.0 0.0 0.22000001 2 TOUCH_MOVE w
1400735293561 6 4098 125.5 789.451 0.20000002 4.0 4.0 4.0 4.0 0.0 0.192 2 TOUCH_MOVE w
1400735293566 6 4098 125.5 789.451 0.20000002 4.0 4.0 4.0 4.0 0.0 0.192 1 TOUCH_UP w
1400735293659 6 4098 225.0 828.951 0.33333334 5.0 5.0 5.0 5.0 0.0 0.23600002 0 TOUCH_DOWN r
1400735293672 6 4098 225.0 828.951 0.33333334 5.0 5.0 5.0 5.0 0.0 0.24400002 2 TOUCH_MOVE r
1400735293702 6 4098 225.6542 828.951 0.36666667 6.0 6.0 6.0 6.0 0.0 0.256 2 TOUCH_MOVE r
1400735293754 6 4098 223.0 829.951 0.33333334 5.0 5.0 5.0 5.0 0.0 0.216 2 TOUCH_MOVE r
1400735293757 6 4098 223.0 829.951 0.23333335 4.0 4.0 4.0 4.0 0.0 0.17600001 2 TOUCH_MOVE r
1400735293761 6 4098 223.0 829.951 0.23333335 4.0 4.0 4.0 4.0 0.0 0.17600001 1 TOUCH_UP r
1400735293834 6 4098 366.0 1212.9509 0.23333335 4.0 4.0 4.0 4.0 0.0 0.22000001 0 TOUCH_DOWN Space
1400735293852 6 4098 366.0 1212.9509 0.26666668 5.0 5.0 5.0 5.0 0.0 0.224 2 TOUCH_MOVE Space
1400735293906 6 4098 366.0 1212.9509 0.26666668 5.0 5.0 5.0 5.0 0.0 0.224 1 TOUCH_UP Space
1400735294348 6 4098 645.5 1060.4509 0.26666668 4.0 4.0 4.0 4.0 0.0 0.21200001 0 TOUCH_DOWN Back
1400735294356 6 4098 645.5 1060.4509 0.26666668 4.0 4.0 4.0 4.0 0.0 0.216 2 TOUCH_MOVE Back
1400735294387 6 4098 645.5 1061.4672 0.26666668 4.0 4.0 4.0 4.0 0.0 0.216 2 TOUCH_MOVE Back
1400735294403 6 4098 645.02606 1062.4248 0.26666668 4.0 4.0 4.0 4.0 0.0 0.21200001 2 TOUCH_MOVE Back
1400735294406 6 4098 645.0 1062.4509 0.23333335 4.0 4.0 4.0 4.0 0.0 0.192 2 TOUCH_MOVE Back
1400735294412 6 4098 645.0 1062.4509 0.23333335 4.0 4.0 4.0 4.0 0.0 0.192 1 TOUCH_UP Back
1400735294492 6 4098 636.0 1061.4509 0.26666668 4.0 4.0 4.0 4.0 0.0 0.21200001 0 TOUCH_DOWN Back
1400735294503 6 4098 636.0 1061.4509 0.3 5.0 5.0 5.0 5.0 0.0 0.216 2 TOUCH_MOVE Back
1400735294538 6 4098 634.8124 1061.6385 0.33333334 5.0 5.0 5.0 5.0 0.0 0.22000001 2 TOUCH_MOVE Back
1400735294553 6 4098 633.8591 1062.5919 0.26666668 4.0 4.0 4.0 4.0 0.0 0.216 2 TOUCH_MOVE Back
1400735294569 6 4098 633.5 1063.0614 0.26666668 4.0 4.0 4.0 4.0 0.0 0.21200001 2 TOUCH_MOVE Back
1400735294599 6 4098 633.5 1063.4509 0.26666668 4.0 4.0 4.0 4.0 0.0 0.19600001 2 TOUCH_MOVE Back
1400735294603 6 4098 633.5 1063.4509 0.26666668 4.0 4.0 4.0 4.0 0.0 0.19600001 1 TOUCH_UP Back
1400735295009 6 4098 127.0 804.951 0.3 5.0 5.0 5.0 5.0 0.0 0.22800002 0 TOUCH_DOWN w
1400735295021 6 4098 127.0 804.951 0.3 5.0 5.0 5.0 5.0 0.0 0.23200001 2 TOUCH_MOVE w
1400735295039 6 4098 128.18594 804.951 0.3 5.0 5.0 5.0 5.0 0.0 0.24000001 2 TOUCH_MOVE w
1400735295053 6 4098 130.11801 804.951 0.3 5.0 5.0 5.0 5.0 0.0 0.23600002 2 TOUCH_MOVE w
1400735295070 6 4098 130.75 804.951 0.3 5.0 5.0 5.0 5.0 0.0 0.23200001 2 TOUCH_MOVE w
1400735295081 6 4098 130.5 804.951 0.23333335 4.0 4.0 4.0 4.0 0.0 0.2 2 TOUCH_MOVE w
1400735295085 6 4098 130.5 804.951 0.23333335 4.0 4.0 4.0 4.0 0.0 0.2 1 TOUCH_UP w
1400735295446 6 4098 643.5 1061.9509 0.26666668 4.0 4.0 4.0 4.0 0.0 0.22000001 0 TOUCH_DOWN Back
1400735295454 6 4098 643.5 1061.9509 0.26666668 4.0 4.0 4.0 4.0 0.0 0.224 2 TOUCH_MOVE Back
1400735295498 6 4098 642.4078 1062.0431 0.26666668 4.0 4.0 4.0 4.0 0.0 0.224 2 TOUCH_MOVE Back
1400735295514 6 4098 641.42725 1063.0237 0.26666668 4.0 4.0 4.0 4.0 0.0 0.224 2 TOUCH_MOVE Back
1400735295523 6 4098 641.0 1063.9863 0.26666668 4.0 4.0 4.0 4.0 0.0 0.208 2 TOUCH_MOVE Back
1400735295532 6 4098 641.0 1064.4509 0.20000002 4.0 4.0 4.0 4.0 0.0 0.18800001 2 TOUCH_MOVE Back
1400735295539 6 4098 641.0 1064.4509 0.20000002 4.0 4.0 4.0 4.0 0.0 0.18800001 1 TOUCH_UP Back
1400735295696 6 4098 205.5 859.951 0.3 5.0 5.0 5.0 5.0 0.0 0.24400002 0 TOUCH_DOWN e
1400735295705 6 4098 205.5 859.951 0.3 5.0 5.0 5.0 5.0 0.0 0.24800001 2 TOUCH_MOVE e
1400735295755 6 4098 204.99673 859.951 0.3 5.0 5.0 5.0 5.0 0.0 0.22800002 2 TOUCH_MOVE e
1400735295772 6 4098 202.5 859.951 0.23333335 4.0 4.0 4.0 4.0 0.0 0.208 2 TOUCH_MOVE e
1400735295774 6 4098 202.5 859.951 0.13333334 2.0 2.0 2.0 2.0 0.0 0.116000004 2 TOUCH_MOVE e
1400735295781 6 4098 202.5 859.951 0.13333334 2.0 2.0 2.0 2.0 0.0 0.116000004 1 TOUCH_UP e
1400735295974 6 4098 349.0 1208.4509 0.26666668 5.0 5.0 5.0 5.0 0.0 0.224 0 TOUCH_DOWN Space
1400735295990 6 4098 349.0 1208.4509 0.26666668 5.0 5.0 5.0 5.0 0.0 0.22800002 2 TOUCH_MOVE Space
1400735296021 6 4098 349.0 1207.8522 0.3 5.0 5.0 5.0 5.0 0.0 0.23200001 2 TOUCH_MOVE Space
1400735296044 6 4098 349.0 1207.8522 0.3 5.0 5.0 5.0 5.0 0.0 0.23200001 1 TOUCH_UP Space
1400735296295 6 4098 47.5 945.451 0.26666668 5.0 5.0 5.0 5.0 0.0 0.19600001 0 TOUCH_DOWN a
1400735296304 6 4098 47.5 945.451 0.26666668 5.0 5.0 5.0 5.0 0.0 0.20400001 2 TOUCH_MOVE a
1400735296344 6 4098 52.267017 944.6953 0.26666668 5.0 5.0 5.0 5.0 0.0 0.21200001 2 TOUCH_MOVE a
1400735296354 6 4098 54.72294 944.451 0.26666668 5.0 5.0 5.0 5.0 0.0 0.21200001 2 TOUCH_MOVE a
1400735296376 6 4098 55.25 944.451 0.26666668 5.0 5.0 5.0 5.0 0.0 0.21200001 2 TOUCH_MOVE a
1400735296388 6 4098 55.0 944.451 0.26666668 5.0 5.0 5.0 5.0 0.0 0.18800001 2 TOUCH_MOVE a
1400735296393 6 4098 55.0 944.451 0.26666668 5.0 5.0 5.0 5.0 0.0 0.18800001 1 TOUCH_UP a
1400735296731 6 4098 274.5 847.451 0.3 5.0 5.0 5.0 5.0 0.0 0.23200001 0 TOUCH_DOWN r
1400735296756 6 4098 274.5 847.451 0.3 5.0 5.0 5.0 5.0 0.0 0.24000001 2 TOUCH_MOVE r
1400735296774 6 4098 274.5 846.8544 0.33333334 5.0 5.0 5.0 5.0 0.0 0.24800001 2 TOUCH_MOVE r
1400735296804 6 4098 274.5 846.951 0.23333335 4.0 4.0 4.0 4.0 0.0 0.19600001 2 TOUCH_MOVE r
1400735296808 6 4098 274.5 846.951 0.23333335 4.0 4.0 4.0 4.0 0.0 0.19600001 1 TOUCH_UP r
1400735296935 6 4098 181.0 830.951 0.33333334 5.0 5.0 5.0 5.0 0.0 0.23200001 0 TOUCH_DOWN e
1400735296966 6 4098 181.0 830.951 0.33333334 5.0 5.0 5.0 5.0 0.0 0.23600002 2 TOUCH_MOVE e
1400735296990 6 4098 181.0 830.951 0.3 5.0 5.0 5.0 5.0 0.0 0.21200001 2 TOUCH_MOVE e
1400735296996 6 4098 181.0 830.951 0.26666668 4.0 4.0 4.0 4.0 0.0 0.18800001 2 TOUCH_MOVE e
1400735297000 6 4098 181.0 830.951 0.26666668 4.0 4.0 4.0 4.0 0.0 0.18800001 1 TOUCH_UP e
1400735297532 6 4098 283.0 1093.9509 0.3 5.0 5.0 5.0 5.0 0.0 0.23200001 0 TOUCH_DOWN c
1400735297604 6 4098 283.0 1093.9509 0.26666668 5.0 5.0 5.0 5.0 0.0 0.17600001 2 TOUCH_MOVE c
1400735297610 6 4098 283.0 1093.9509 0.26666668 5.0 5.0 5.0 5.0 0.0 0.17600001 1 TOUCH_UP c
1400735297721 6 4098 428.5 971.951 0.3 5.0 5.0 5.0 5.0 0.0 0.23200001 0 TOUCH_DOWN h
1400735297740 6 4098 428.5 971.951 0.3 5.0 5.0 5.0 5.0 0.0 0.23600002 2 TOUCH_MOVE h
1400735297789 6 4098 428.5 971.951 0.26666668 5.0 5.0 5.0 5.0 0.0 0.16000001 2 TOUCH_MOVE h
1400735297793 6 4098 428.5 971.951 0.26666668 5.0 5.0 5.0 5.0 0.0 0.16000001 1 TOUCH_UP h
1400735297920 6 4098 538.0 816.451 0.3 5.0 5.0 5.0 5.0 0.0 0.23200001 0 TOUCH_DOWN i
1400735297941 6 4098 538.0 816.451 0.33333334 5.0 5.0 5.0 5.0 0.0 0.24000001 2 TOUCH_MOVE i
1400735297956 6 4098 538.0 817.0257 0.33333334 5.0 5.0 5.0 5.0 0.0 0.24000001 2 TOUCH_MOVE i
1400735297991 6 4098 538.0 816.951 0.26666668 5.0 5.0 5.0 5.0 0.0 0.172 2 TOUCH_MOVE i
1400735297995 6 4098 538.0 816.951 0.26666668 5.0 5.0 5.0 5.0 0.0 0.172 1 TOUCH_UP i
1400735298227 6 4098 671.0 1043.9509 0.3 5.0 5.0 5.0 5.0 0.0 0.2 0 TOUCH_DOWN Back
1400735298250 6 4098 671.0 1044.5468 0.3 5.0 5.0 5.0 5.0 0.0 0.208 2 TOUCH_MOVE Back
1400735298256 6 4098 670.41895 1045.532 0.33333334 5.0 5.0 5.0 5.0 0.0 0.208 2 TOUCH_MOVE Back
1400735298273 6 4098 669.46814 1046.4828 0.33333334 5.0 5.0 5.0 5.0 0.0 0.208 2 TOUCH_MOVE Back
1400735298290 6 4098 668.50146 1047.9495 0.33333334 5.0 5.0 5.0 5.0 0.0 0.208 2 TOUCH_MOVE Back
1400735298303 6 4098 668.5 1048.4509 0.26666668 5.0 5.0 5.0 5.0 0.0 0.148 2 TOUCH_MOVE Back
1400735298310 6 4098 668.5 1048.4509 0.26666668 5.0 5.0 5.0 5.0 0.0 0.148 1 TOUCH_UP Back
1400735298385 6 4098 658.5 1061.9509 0.26666668 4.0 4.0 4.0 4.0 0.0 0.21200001 0 TOUCH_DOWN Back
1400735298440 6 4098 658.5 1062.4792 0.26666668 4.0 4.0 4.0 4.0 0.0 0.21200001 2 TOUCH_MOVE Back
1400735298460 6 4098 658.5 1062.4792 0.26666668 4.0 4.0 4.0 4.0 0.0 0.21200001 1 TOUCH_UP Back
1400735298554 6 4098 653.5 1058.9509 0.3 5.0 5.0 5.0 5.0 0.0 0.208 0 TOUCH_DOWN Back
1400735298574 6 4098 653.5 1058.9509 0.3 5.0 5.0 5.0 5.0 0.0 0.21200001 2 TOUCH_MOVE Back
1400735298654 6 4098 653.5 1058.9509 0.3 5.0 5.0 5.0 5.0 0.0 0.21200001 1 TOUCH_UP Back
1400735299090 6 4098 347.5 1223.9509 0.23333335 4.0 4.0 4.0 4.0 0.0 0.22000001 0 TOUCH_DOWN Space
1400735299097 6 4098 347.5 1223.9509 0.26666668 5.0 5.0 5.0 5.0 0.0 0.22000001 2 TOUCH_MOVE Space
1400735299141 6 4098 347.5 1224.4741 0.23333335 4.0 4.0 4.0 4.0 0.0 0.208 2 TOUCH_MOVE Space
1400735299150 6 4098 347.5 1224.4509 0.16666667 3.0 3.0 3.0 3.0 0.0 0.17600001 2 TOUCH_MOVE Space
1400735299153 6 4098 347.5 1224.4509 0.16666667 3.0 3.0 3.0 3.0 0.0 0.17600001 1 TOUCH_UP Space
1400735299352 6 4098 287.0 1080.4509 0.3 5.0 5.0 5.0 5.0 0.0 0.22800002 0 TOUCH_DOWN c
1400735299387 6 4098 287.62573 1080.5767 0.3 5.0 5.0 5.0 5.0 0.0 0.23200001 2 TOUCH_MOVE c
1400735299391 6 4098 288.59634 1080.9509 0.3 5.0 5.0 5.0 5.0 0.0 0.23200001 2 TOUCH_MOVE c
1400735299409 6 4098 289.25 1081.7009 0.3 5.0 5.0 5.0 5.0 0.0 0.22800002 2 TOUCH_MOVE c
1400735299424 6 4098 289.0 1081.4509 0.20000002 4.0 4.0 4.0 4.0 0.0 0.18800001 2 TOUCH_MOVE c
1400735299431 6 4098 289.0 1081.4509 0.20000002 4.0 4.0 4.0 4.0 0.0 0.18800001 1 TOUCH_UP c
1400735299527 6 4098 434.5 973.951 0.3 5.0 5.0 5.0 5.0 0.0 0.23600002 0 TOUCH_DOWN h
1400735299576 6 4098 434.5 973.451 0.3 5.0 5.0 5.0 5.0 0.0 0.224 2 TOUCH_MOVE h
1400735299582 6 4098 434.5 973.451 0.26666668 5.0 5.0 5.0 5.0 0.0 0.18800001 2 TOUCH_MOVE h
1400735299586 6 4098 434.5 973.451 0.26666668 5.0 5.0 5.0 5.0 0.0 0.18800001 1 TOUCH_UP h
1400735299707 6 4098 536.5 809.451 0.33333334 5.0 5.0 5.0 5.0 0.0 0.24000001 0 TOUCH_DOWN i
1400735299732 6 4098 535.27966 809.81116 0.33333334 5.0 5.0 5.0 5.0 0.0 0.24400002 2 TOUCH_MOVE i
1400735299741 6 4098 533.6818 810.76917 0.33333334 5.0 5.0 5.0 5.0 0.0 0.24800001 2 TOUCH_MOVE i
1400735299758 6 4098 533.5 811.451 0.3 5.0 5.0 5.0 5.0 0.0 0.22800002 2 TOUCH_MOVE i
1400735299768 6 4098 533.5 811.451 0.26666668 4.0 4.0 4.0 4.0 0.0 0.20400001 2 TOUCH_MOVE i
1400735299775 6 4098 533.5 811.451 0.26666668 4.0 4.0 4.0 4.0 0.0 0.20400001 1 TOUCH_UP i
1400735299906 6 4098 659.0 945.951 0.3 5.0 5.0 5.0 5.0 0.0 0.21200001 0 TOUCH_DOWN l
1400735299930 6 4098 658.56287 946.3881 0.26666668 4.0 4.0 4.0 4.0 0.0 0.216 2 TOUCH_MOVE l
1400735299941 6 4098 656.22644 947.33777 0.3 5.0 5.0 5.0 5.0 0.0 0.22000001 2 TOUCH_MOVE l
1400735299960 6 4098 654.1697 948.2813 0.3 5.0 5.0 5.0 5.0 0.0 0.22000001 2 TOUCH_MOVE l
1400735299989 6 4098 653.5 949.451 0.26666668 4.0 4.0 4.0 4.0 0.0 0.18 2 TOUCH_MOVE l
1400735299994 6 4098 653.5 949.451 0.26666668 4.0 4.0 4.0 4.0 0.0 0.18 1 TOUCH_UP l
1400735300331 6 4098 668.0 1084.9509 0.23333335 5.0 5.0 5.0 5.0 0.0 0.2 0 TOUCH_DOWN Back
1400735300342 6 4098 668.0 1084.9509 0.26666668 5.0 5.0 5.0 5.0 0.0 0.20400001 2 TOUCH_MOVE Back
1400735300362 6 4098 667.5536 1085.8973 0.26666668 5.0 5.0 5.0 5.0 0.0 0.20400001 2 TOUCH_MOVE Back
1400735300375 6 4098 666.5513 1086.8997 0.26666668 5.0 5.0 5.0 5.0 0.0 0.208 2 TOUCH_MOVE Back
1400735300387 6 4098 666.0 1087.4509 0.26666668 5.0 5.0 5.0 5.0 0.0 0.18800001 2 TOUCH_MOVE Back
1400735300391 6 4098 666.0 1087.4509 0.26666668 5.0 5.0 5.0 5.0 0.0 0.18800001 1 TOUCH_UP Back
1400735300484 6 4098 663.5 1085.4509 0.26666668 5.0 5.0 5.0 5.0 0.0 0.20400001 0 TOUCH_DOWN Back
1400735300492 6 4098 663.5 1085.4509 0.26666668 5.0 5.0 5.0 5.0 0.0 0.208 2 TOUCH_MOVE Back
1400735300510 6 4098 663.3489 1086.102 0.23333335 4.0 4.0 4.0 4.0 0.0 0.21200001 2 TOUCH_MOVE Back
1400735300525 6 4098 662.3774 1087.0735 0.23333335 4.0 4.0 4.0 4.0 0.0 0.21200001 2 TOUCH_MOVE Back
1400735300548 6 4098 662.3774 1087.0735 0.23333335 4.0 4.0 4.0 4.0 0.0 0.21200001 1 TOUCH_UP Back
1400735300649 6 4098 660.0 1081.4509 0.20000002 4.0 4.0 4.0 4.0 0.0 0.20400001 0 TOUCH_DOWN Back
1400735300692 6 4098 659.2426 1082.7083 0.23333335 4.0 4.0 4.0 4.0 0.0 0.208 2 TOUCH_MOVE Back
1400735300709 6 4098 659.0 1083.6492 0.23333335 4.0 4.0 4.0 4.0 0.0 0.208 2 TOUCH_MOVE Back
1400735300728 6 4098 659.0 1083.6492 0.23333335 4.0 4.0 4.0 4.0 0.0 0.208 1 TOUCH_UP Back
1400735301286 6 4098 644.5 1074.9509 0.26666668 4.0 4.0 4.0 4.0 0.0 0.22000001 0 TOUCH_DOWN Back
1400735301327 6 4098 643.63574 1075.4509 0.26666668 4.0 4.0 4.0 4.0 0.0 0.224 2 TOUCH_MOVE Back
1400735301343 6 4098 642.664 1076.287 0.3 5.0 5.0 5.0 5.0 0.0 0.22800002 2 TOUCH_MOVE Back
1400735301361 6 4098 642.5 1077.1837 0.26666668 4.0 4.0 4.0 4.0 0.0 0.224 2 TOUCH_MOVE Back
1400735301374 6 4098 642.5 1077.9509 0.23333335 4.0 4.0 4.0 4.0 0.0 0.2 2 TOUCH_MOVE Back
1400735301378 6 4098 642.5 1077.9509 0.23333335 4.0 4.0 4.0 4.0 0.0 0.2 1 TOUCH_UP Back
1400735303050 6 4098 332.0 835.951 0.33333334 5.0 5.0 5.0 5.0 0.0 0.23600002 0 TOUCH_DOWN t
1400735303061 6 4098 332.0 835.951 0.33333334 5.0 5.0 5.0 5.0 0.0 0.24000001 2 TOUCH_MOVE t
1400735303111 6 4098 331.5 835.951 0.3 5.0 5.0 5.0 5.0 0.0 0.22000001 2 TOUCH_MOVE t
1400735303114 6 4098 331.5 835.951 0.26666668 4.0 4.0 4.0 4.0 0.0 0.18800001 2 TOUCH_MOVE t
1400735303119 6 4098 331.5 835.951 0.26666668 4.0 4.0 4.0 4.0 0.0 0.18800001 1 TOUCH_UP t
1400735303244 6 4098 435.0 933.451 0.33333334 5.0 5.0 5.0 5.0 0.0 0.23600002 0 TOUCH_DOWN h
1400735303305 6 4098 435.0 933.451 0.33333334 5.0 5.0 5.0 5.0 0.0 0.18800001 2 TOUCH_MOVE h
1400735303314 6 4098 435.0 933.451 0.33333334 5.0 5.0 5.0 5.0 0.0 0.18800001 1 TOUCH_UP h
1400735303327 6 4098 172.0 827.951 0.33333334 5.0 5.0 5.0 5.0 0.0 0.22000001 0 TOUCH_DOWN e
1400735303330 6 4098 172.75 828.701 0.3 5.0 5.0 5.0 5.0 0.0 0.22000001 2 TOUCH_MOVE e
1400735303394 6 4098 170.93314 829.3066 0.33333334 5.0 5.0 5.0 5.0 0.0 0.21200001 2 TOUCH_MOVE e
1400735303420 6 4098 169.0 830.951 0.3 5.0 5.0 5.0 5.0 0.0 0.17600001 2 TOUCH_MOVE e
1400735303429 6 4098 169.0 830.951 0.3 5.0 5.0 5.0 5.0 0.0 0.17600001 1 TOUCH_UP e
1400735303608 6 4098 347.5 1219.4509 0.26666668 5.0 5.0 5.0 5.0 0.0 0.22000001 0 TOUCH_DOWN Space
1400735303677 6 4098 347.5 1219.4509 0.16666667 3.0 3.0 3.0 3.0 0.0 0.156 2 TOUCH_MOVE Space
1400735303682 6 4098 347.5 1219.4509 0.16666667 3.0 3.0 3.0 3.0 0.0 0.156 1 TOUCH_UP Space
1400735304008 6 4098 284.0 1079.9509 0.26666668 4.0 4.0 4.0 4.0 0.0 0.22000001 0 TOUCH_DOWN c
1400735304078 6 4098 284.0 1079.9509 0.20000002 4.0 4.0 4.0 4.0 0.0 0.18800001 2 TOUCH_MOVE c
1400735304087 6 4098 284.0 1079.9509 0.20000002 4.0 4.0 4.0 4.0 0.0 0.18800001 1 TOUCH_UP c
1400735304330 6 4098 420.5 951.451 0.33333334 5.0 5.0 5.0 5.0 0.0 0.24800001 0 TOUCH_DOWN h
1400735304361 6 4098 420.5 951.451 0.33333334 5.0 5.0 5.0 5.0 0.0 0.252 2 TOUCH_MOVE h
1400735304388 6 4098 420.5 951.451 0.3 5.0 5.0 5.0 5.0 0.0 0.2 2 TOUCH_MOVE h
1400735304392 6 4098 420.5 951.451 0.3 5.0 5.0 5.0 5.0 0.0 0.2 1 TOUCH_UP h
1400735304500 6 4098 534.0 818.951 0.33333334 5.0 5.0 5.0 5.0 0.0 0.24000001 0 TOUCH_DOWN i
1400735304512 6 4098 534.0 818.951 0.33333334 5.0 5.0 5.0 5.0 0.0 0.24800001 2 TOUCH_MOVE i
1400735304547 6 4098 532.25 820.701 0.33333334 5.0 5.0 5.0 5.0 0.0 0.24400002 2 TOUCH_MOVE i
1400735304562 6 4098 532.5 820.451 0.3 5.0 5.0 5.0 5.0 0.0 0.216 2 TOUCH_MOVE i
1400735304569 6 4098 532.5 820.451 0.20000002 3.0 3.0 3.0 3.0 0.0 0.120000005 2 TOUCH_MOVE i
1400735304573 6 4098 532.5 820.451 0.20000002 3.0 3.0 3.0 3.0 0.0 0.120000005 1 TOUCH_UP i
1400735304690 6 4098 632.0 943.951 0.3 5.0 5.0 5.0 5.0 0.0 0.216 0 TOUCH_DOWN l
1400735304696 6 4098 632.0 943.951 0.33333334 5.0 5.0 5.0 5.0 0.0 0.224 2 TOUCH_MOVE l
1400735304731 6 4098 630.10187 944.9001 0.33333334 5.0 5.0 5.0 5.0 0.0 0.22800002 2 TOUCH_MOVE l
1400735304745 6 4098 628.6719 945.86505 0.33333334 5.0 5.0 5.0 5.0 0.0 0.22800002 2 TOUCH_MOVE l
1400735304766 6 4098 628.0 946.72174 0.3 5.0 5.0 5.0 5.0 0.0 0.224 2 TOUCH_MOVE l
1400735304779 6 4098 628.0 947.701 0.3 5.0 5.0 5.0 5.0 0.0 0.216 2 TOUCH_MOVE l
1400735304796 6 4098 628.0 947.451 0.26666668 4.0 4.0 4.0 4.0 0.0 0.192 2 TOUCH_MOVE l
1400735304802 6 4098 628.0 947.451 0.16666667 3.0 3.0 3.0 3.0 0.0 0.116000004 2 TOUCH_MOVE l
1400735304806 6 4098 628.0 947.451 0.16666667 3.0 3.0 3.0 3.0 0.0 0.116000004 1 TOUCH_UP l
1400735304901 6 4098 223.0 972.951 0.26666668 5.0 5.0 5.0 5.0 0.0 0.22000001 0 TOUCH_DOWN d
1400735304913 6 4098 223.0 972.951 0.3 5.0 5.0 5.0 5.0 0.0 0.22800002 2 TOUCH_MOVE d
1400735304930 6 4098 224.01265 972.951 0.3 5.0 5.0 5.0 5.0 0.0 0.23600002 2 TOUCH_MOVE d
1400735304946 6 4098 224.97556 972.951 0.3 5.0 5.0 5.0 5.0 0.0 0.23600002 2 TOUCH_MOVE d
1400735304962 6 4098 225.75 972.951 0.3 5.0 5.0 5.0 5.0 0.0 0.24000001 2 TOUCH_MOVE d
1400735304996 6 4098 224.0 972.951 0.26666668 5.0 5.0 5.0 5.0 0.0 0.208 2 TOUCH_MOVE d
1400735305001 6 4098 224.0 972.951 0.23333335 5.0 5.0 5.0 5.0 0.0 0.15200001 2 TOUCH_MOVE d
1400735305005 6 4098 224.0 972.951 0.23333335 5.0 5.0 5.0 5.0 0.0 0.15200001 1 TOUCH_UP d
1400735305211 6 4098 166.0 856.451 0.23333335 5.0 5.0 5.0 5.0 0.0 0.20400001 0 TOUCH_DOWN e
1400735305234 6 4098 166.4291 856.451 0.20000002 4.0 4.0 4.0 4.0 0.0 0.21200001 2 TOUCH_MOVE e
1400735305246 6 4098 168.45692 855.951 0.3 5.0 5.0 5.0 5.0 0.0 0.224 2 TOUCH_MOVE e
1400735305266 6 4098 171.40317 855.14996 0.3 5.0 5.0 5.0 5.0 0.0 0.22800002 2 TOUCH_MOVE e
1400735305280 6 4098 173.24039 854.951 0.3 5.0 5.0 5.0 5.0 0.0 0.22800002 2 TOUCH_MOVE e
1400735305296 6 4098 173.75 854.951 0.26666668 5.0 5.0 5.0 5.0 0.0 0.224 2 TOUCH_MOVE e
1400735305319 6 4098 173.5 854.951 0.23333335 5.0 5.0 5.0 5.0 0.0 0.19600001 2 TOUCH_MOVE e
1400735305322 6 4098 173.5 854.951 0.23333335 5.0 5.0 5.0 5.0 0.0 0.14 2 TOUCH_MOVE e
1400735305326 6 4098 173.5 854.951 0.23333335 5.0 5.0 5.0 5.0 0.0 0.14 1 TOUCH_UP e
1400735305548 6 4098 267.0 849.451 0.3 5.0 5.0 5.0 5.0 0.0 0.224 0 TOUCH_DOWN r
1400735305573 6 4098 267.0 849.451 0.3 5.0 5.0 5.0 5.0 0.0 0.23200001 2 TOUCH_MOVE r
1400735305630 6 4098 266.5 849.951 0.23333335 4.0 4.0 4.0 4.0 0.0 0.208 2 TOUCH_MOVE r
1400735305635 6 4098 266.5 849.951 0.13333334 2.0 2.0 2.0 2.0 0.0 0.132 2 TOUCH_MOVE r
1400735305640 6 4098 266.5 849.951 0.13333334 2.0 2.0 2.0 2.0 0.0 0.132 1 TOUCH_UP r
1400735305893 6 4098 499.0 1082.4509 0.3 5.0 5.0 5.0 5.0 0.0 0.23600002 0 TOUCH_DOWN n
1400735305917 6 4098 499.0 1082.4509 0.3 5.0 5.0 5.0 5.0 0.0 0.23200001 2 TOUCH_MOVE n
1400735305930 6 4098 498.1793 1082.4509 0.33333334 5.0 5.0 5.0 5.0 0.0 0.24000001 2 TOUCH_MOVE n
1400735305947 6 4098 497.31586 1082.4509 0.33333334 5.0 5.0 5.0 5.0 0.0 0.23600002 2 TOUCH_MOVE n
1400735305974 6 4098 497.31586 1082.4509 0.33333334 5.0 5.0 5.0 5.0 0.0 0.23600002 1 TOUCH_UP n
1400735306190 6 4098 662.0 1084.4509 0.20000002 4.0 4.0 4.0 4.0 0.0 0.2 0 TOUCH_DOWN Back
1400735306200 6 4098 662.0 1084.6886 0.23333335 4.0 4.0 4.0 4.0 0.0 0.208 2 TOUCH_MOVE Back
1400735306225 6 4098 661.2934 1085.6575 0.23333335 4.0 4.0 4.0 4.0 0.0 0.21200001 2 TOUCH_MOVE Back
1400735306232 6 4098 659.82776 1087.1232 0.23333335 4.0 4.0 4.0 4.0 0.0 0.216 2 TOUCH_MOVE Back
1400735306247 6 4098 658.86584 1088.0851 0.23333335 4.0 4.0 4.0 4.0 0.0 0.208 2 TOUCH_MOVE Back
1400735306263 6 4098 659.0 1088.4509 0.23333335 4.0 4.0 4.0 4.0 0.0 0.192 2 TOUCH_MOVE Back
1400735306270 6 4098 659.0 1088.4509 0.23333335 4.0 4.0 4.0 4.0 0.0 0.192 1 TOUCH_UP Back
1400735306345 6 4098 652.5 1088.4509 0.23333335 4.0 4.0 4.0 4.0 0.0 0.20400001 0 TOUCH_DOWN Back
1400735306364 6 4098 652.5 1088.4509 0.23333335 4.0 4.0 4.0 4.0 0.0 0.208 2 TOUCH_MOVE Back
1400735306383 6 4098 652.5 1089.2871 0.23333335 4.0 4.0 4.0 4.0 0.0 0.21200001 2 TOUCH_MOVE Back
1400735306397 6 4098 652.5 1089.856 0.23333335 4.0 4.0 4.0 4.0 0.0 0.21200001 2 TOUCH_MOVE Back
1400735306415 6 4098 652.5 1089.9509 0.23333335 4.0 4.0 4.0 4.0 0.0 0.208 2 TOUCH_MOVE Back
1400735306419 6 4098 652.5 1089.9509 0.23333335 4.0 4.0 4.0 4.0 0.0 0.208 1 TOUCH_UP Back
1400735306510 6 4098 650.0 1091.4509 0.23333335 4.0 4.0 4.0 4.0 0.0 0.21200001 0 TOUCH_DOWN Back
1400735306518 6 4098 650.0 1091.4509 0.26666668 4.0 4.0 4.0 4.0 0.0 0.216 2 TOUCH_MOVE Back
1400735306564 6 4098 648.75 1091.4509 0.26666668 4.0 4.0 4.0 4.0 0.0 0.216 2 TOUCH_MOVE Back
1400735306593 6 4098 648.75 1091.4509 0.26666668 4.0 4.0 4.0 4.0 0.0 0.216 1 TOUCH_UP Back
1400735307337 6 4098 269.0 832.951 0.33333334 5.0 5.0 5.0 5.0 0.0 0.24000001 0 TOUCH_DOWN r
1400735307351 6 4098 269.0 832.951 0.33333334 5.0 5.0 5.0 5.0 0.0 0.24800001 2 TOUCH_MOVE r
1400735307398 6 4098 268.48087 832.951 0.33333334 5.0 5.0 5.0 5.0 0.0 0.22800002 2 TOUCH_MOVE r
1400735307409 6 4098 268.5 832.951 0.26666668 4.0 4.0 4.0 4.0 0.0 0.19600001 2 TOUCH_MOVE r
1400735307414 6 4098 268.5 832.951 0.26666668 4.0 4.0 4.0 4.0 0.0 0.19600001 1 TOUCH_UP r
1400735307534 6 4098 166.0 821.451 0.3 5.0 5.0 5.0 5.0 0.0 0.23200001 0 TOUCH_DOWN e
1400735307550 6 4098 166.0 821.451 0.33333334 5.0 5.0 5.0 5.0 0.0 0.23600002 2 TOUCH_MOVE e
1400735307565 6 4098 166.75734 821.451 0.33333334 5.0 5.0 5.0 5.0 0.0 0.23600002 2 TOUCH_MOVE e
1400735307582 6 4098 167.0 821.8109 0.33333334 5.0 5.0 5.0 5.0 0.0 0.23600002 2 TOUCH_MOVE e
1400735307598 6 4098 166.5 822.451 0.33333334 5.0 5.0 5.0 5.0 0.0 0.19600001 2 TOUCH_MOVE e
1400735307602 6 4098 166.5 822.451 0.33333334 5.0 5.0 5.0 5.0 0.0 0.19600001 1 TOUCH_UP e
1400735307666 6 4098 469.5 1061.9509 0.33333334 5.0 5.0 5.0 5.0 0.0 0.23600002 0 TOUCH_DOWN n
1400735307683 6 4098 469.5 1061.9509 0.33333334 5.0 5.0 5.0 5.0 0.0 0.24000001 2 TOUCH_MOVE n
1400735307739 6 4098 469.5 1061.9509 0.33333334 5.0 5.0 5.0 5.0 0.0 0.24000001 1 TOUCH_UP n
1400735308485 6 4098 663.0 1212.9509 0.26666668 5.0 5.0 5.0 5.0 0.0 0.208 0 TOUCH_DOWN Enter
1400735308566 6 4098 663.0 1212.9509 0.26666668 5.0 5.0 5.0 5.0 0.0 0.208 1 TOUCH_UP Enter
1400735310127 6 4098 123.5 804.451 0.3 5.0 5.0 5.0 5.0 0.0 0.224 0 TOUCH_DOWN W
1400735310134 6 4098 123.5 804.451 0.3 5.0 5.0 5.0 5.0 0.0 0.23200001 2 TOUCH_MOVE W
1400735310151 6 4098 124.61082 804.451 0.3 5.0 5.0 5.0 5.0 0.0 0.23600002 2 TOUCH_MOVE W
1400735310170 6 4098 127.93531 804.451 0.3 5.0 5.0 5.0 5.0 0.0 0.24000001 2 TOUCH_MOVE W
1400735310184 6 4098 130.04712 804.451 0.3 5.0 5.0 5.0 5.0 0.0 0.23600002 2 TOUCH_MOVE W
1400735310201 6 4098 129.49896 804.451 0.23333335 4.0 4.0 4.0 4.0 0.0 0.216 2 TOUCH_MOVE W
1400735310212 6 4098 129.5 804.451 0.23333335 4.0 4.0 4.0 4.0 0.0 0.18400002 2 TOUCH_MOVE W
1400735310216 6 4098 129.5 804.451 0.23333335 4.0 4.0 4.0 4.0 0.0 0.18400002 1 TOUCH_UP W
1400735310322 6 4098 198.0 826.951 0.33333334 5.0 5.0 5.0 5.0 0.0 0.24400002 0 TOUCH_DOWN e
1400735310335 6 4098 198.0 826.951 0.36666667 6.0 6.0 6.0 6.0 0.0 0.252 2 TOUCH_MOVE e
1400735310401 6 4098 196.35756 826.951 0.33333334 5.0 5.0 5.0 5.0 0.0 0.23200001 2 TOUCH_MOVE e
1400735310416 6 4098 196.5 826.951 0.3 5.0 5.0 5.0 5.0 0.0 0.208 2 TOUCH_MOVE e
1400735310420 6 4098 196.5 826.951 0.3 5.0 5.0 5.0 5.0 0.0 0.208 1 TOUCH_UP e
1400735310543 6 4098 351.0 1198.4509 0.3 5.0 5.0 5.0 5.0 0.0 0.23200001 0 TOUCH_DOWN Space
1400735310551 6 4098 351.0 1198.4509 0.3 5.0 5.0 5.0 5.0 0.0 0.23600002 2 TOUCH_MOVE Space
1400735310604 6 4098 351.0 1197.8586 0.3 5.0 5.0 5.0 5.0 0.0 0.24000001 2 TOUCH_MOVE Space
1400735310618 6 4098 351.0 1197.9509 0.13333334 2.0 2.0 2.0 2.0 0.0 0.17600001 2 TOUCH_MOVE Space
1400735310622 6 4098 351.0 1197.9509 0.13333334 2.0 2.0 2.0 2.0 0.0 0.17600001 1 TOUCH_UP Space
1400735310703 6 4098 56.0 950.451 0.23333335 4.0 4.0 4.0 4.0 0.0 0.2 0 TOUCH_DOWN a
1400735310725 6 4098 56.57086 950.451 0.23333335 4.0 4.0 4.0 4.0 0.0 0.208 2 TOUCH_MOVE a
1400735310735 6 4098 59.19145 950.451 0.23333335 4.0 4.0 4.0 4.0 0.0 0.21200001 2 TOUCH_MOVE a
1400735310753 6 4098 64.43354 949.951 0.26666668 4.0 4.0 4.0 4.0 0.0 0.216 2 TOUCH_MOVE a
1400735310768 6 4098 68.01567 949.951 0.26666668 4.0 4.0 4.0 4.0 0.0 0.216 2 TOUCH_MOVE a
1400735310784 6 4098 69.233665 949.951 0.26666668 4.0 4.0 4.0 4.0 0.0 0.21200001 2 TOUCH_MOVE a
1400735310795 6 4098 69.233665 949.951 0.26666668 4.0 4.0 4.0 4.0 0.0 0.21200001 1 TOUCH_UP a
1400735311084 6 4098 203.0 831.451 0.3 5.0 5.0 5.0 5.0 0.0 0.224 0 TOUCH_DOWN e
1400735311087 6 4098 203.0 831.451 0.33333334 5.0 5.0 5.0 5.0 0.0 0.23200001 2 TOUCH_MOVE e
1400735311153 6 4098 199.0 830.951 0.3 5.0 5.0 5.0 5.0 0.0 0.20400001 2 TOUCH_MOVE e
1400735311156 6 4098 199.0 830.951 0.26666668 5.0 5.0 5.0 5.0 0.0 0.15200001 2 TOUCH_MOVE e
1400735311176 6 4098 199.0 830.951 0.26666668 5.0 5.0 5.0 5.0 0.0 0.15200001 1 TOUCH_UP e
1400735311771 6 4098 643.5 1099.4509 0.26666668 4.0 4.0 4.0 4.0 0.0 0.208 0 TOUCH_DOWN Back
1400735311777 6 4098 643.5 1099.4509 0.26666668 4.0 4.0 4.0 4.0 0.0 0.21200001 2 TOUCH_MOVE Back
1400735311802 6 4098 642.0226 1100.9283 0.26666668 4.0 4.0 4.0 4.0 0.0 0.216 2 TOUCH_MOVE Back
1400735311822 6 4098 641.0226 1101.9283 0.26666668 4.0 4.0 4.0 4.0 0.0 0.22000001 2 TOUCH_MOVE Back
1400735311835 6 4098 641.0 1102.8932 0.26666668 4.0 4.0 4.0 4.0 0.0 0.22000001 2 TOUCH_MOVE Back
1400735311849 6 4098 641.0 1102.9509 0.3 5.0 5.0 5.0 5.0 0.0 0.216 2 TOUCH_MOVE Back
1400735311853 6 4098 641.0 1102.9509 0.3 5.0 5.0 5.0 5.0 0.0 0.216 1 TOUCH_UP Back
1400735312026 6 4098 280.0 850.951 0.3 5.0 5.0 5.0 5.0 0.0 0.23600002 0 TOUCH_DOWN r
1400735312103 6 4098 278.43295 849.7396 0.3 5.0 5.0 5.0 5.0 0.0 0.224 2 TOUCH_MOVE r
1400735312116 6 4098 278.0 849.451 0.16666667 3.0 3.0 3.0 3.0 0.0 0.120000005 2 TOUCH_MOVE r
1400735312122 6 4098 278.0 849.451 0.16666667 3.0 3.0 3.0 3.0 0.0 0.120000005 1 TOUCH_UP r
1400735312230 6 4098 161.0 809.951 0.3 5.0 5.0 5.0 5.0 0.0 0.216 0 TOUCH_DOWN e
1400735312236 6 4098 161.0 809.951 0.3 5.0 5.0 5.0 5.0 0.0 0.224 2 TOUCH_MOVE e
1400735312255 6 4098 162.03195 810.467 0.3 5.0 5.0 5.0 5.0 0.0 0.23200001 2 TOUCH_MOVE e
1400735312271 6 4098 163.94997 811.42596 0.3 5.0 5.0 5.0 5.0 0.0 0.23200001 2 TOUCH_MOVE e
1400735312286 6 4098 164.75 811.451 0.3 5.0 5.0 5.0 5.0 0.0 0.22800002 2 TOUCH_MOVE e
1400735312308 6 4098 164.5 811.451 0.26666668 5.0 5.0 5.0 5.0 0.0 0.18 2 TOUCH_MOVE e
1400735312314 6 4098 164.5 811.451 0.26666668 5.0 5.0 5.0 5.0 0.0 0.18 1 TOUCH_UP e
1400735312435 6 4098 359.0 1208.9509 0.23333335 4.0 4.0 4.0 4.0 0.0 0.224 0 TOUCH_DOWN Space
1400735312484 6 4098 359.0 1208.9509 0.23333335 4.0 4.0 4.0 4.0 0.0 0.22800002 2 TOUCH_MOVE Space
1400735312498 6 4098 359.0 1208.9509 0.20000002 3.0 3.0 3.0 3.0 0.0 0.18800001 2 TOUCH_MOVE Space
1400735312504 6 4098 359.0 1208.9509 0.20000002 3.0 3.0 3.0 3.0 0.0 0.18800001 1 TOUCH_UP Space
1400735316326 6 4098 322.5 821.451 0.33333334 5.0 5.0 5.0 5.0 0.0 0.24800001 0 TOUCH_DOWN t
1400735316341 6 4098 322.5 821.451 0.33333334 5.0 5.0 5.0 5.0 0.0 0.252 2 TOUCH_MOVE t
1400735316373 6 4098 322.5 821.451 0.3 5.0 5.0 5.0 5.0 0.0 0.2 2 TOUCH_MOVE t
1400735316378 6 4098 322.5 821.451 0.3 5.0 5.0 5.0 5.0 0.0 0.2 1 TOUCH_UP t
1400735316484 6 4098 430.0 929.451 0.33333334 5.0 5.0 5.0 5.0 0.0 0.23600002 0 TOUCH_DOWN h
1400735316507 6 4098 430.0 929.451 0.33333334 5.0 5.0 5.0 5.0 0.0 0.24000001 2 TOUCH_MOVE h
1400735316558 6 4098 430.5 929.451 0.3 5.0 5.0 5.0 5.0 0.0 0.18400002 2 TOUCH_MOVE h
1400735316576 6 4098 430.5 929.451 0.3 5.0 5.0 5.0 5.0 0.0 0.18400002 1 TOUCH_UP h
1400735316583 6 4098 154.0 836.951 0.3 5.0 5.0 5.0 5.0 0.0 0.21200001 0 TOUCH_DOWN e
1400735316598 6 4098 154.0 836.951 0.3 5.0 5.0 5.0 5.0 0.0 0.216 2 TOUCH_MOVE e
1400735316644 6 4098 154.0 836.951 0.23333335 4.0 4.0 4.0 4.0 0.0 0.17600001 2 TOUCH_MOVE e
1400735316647 6 4098 154.0 836.951 0.23333335 4.0 4.0 4.0 4.0 0.0 0.17600001 1 TOUCH_UP e
1400735316846 6 4098 350.0 1196.4509 0.3 5.0 5.0 5.0 5.0 0.0 0.22800002 0 TOUCH_DOWN Space
1400735316861 6 4098 350.0 1196.4509 0.3 5.0 5.0 5.0 5.0 0.0 0.23200001 2 TOUCH_MOVE Space
1400735316890 6 4098 350.40234 1195.0486 0.3 5.0 5.0 5.0 5.0 0.0 0.23600002 2 TOUCH_MOVE Space
1400735316908 6 4098 350.5 1194.9509 0.3 5.0 5.0 5.0 5.0 0.0 0.23200001 2 TOUCH_MOVE Space
1400735316917 6 4098 350.5 1194.9509 0.23333335 4.0 4.0 4.0 4.0 0.0 0.19600001 2 TOUCH_MOVE Space
1400735316921 6 4098 350.5 1194.9509 0.23333335 4.0 4.0 4.0 4.0 0.0 0.19600001 1 TOUCH_UP Space
1400735317272 6 4098 614.5 823.451 0.33333334 5.0 5.0 5.0 5.0 0.0 0.224 0 TOUCH_DOWN o
1400735317330 6 4098 614.5 823.451 0.33333334 5.0 5.0 5.0 5.0 0.0 0.224 1 TOUCH_UP o
1400735317479 6 4098 475.0 1080.9509 0.26666668 4.0 4.0 4.0 4.0 0.0 0.22800002 0 TOUCH_DOWN n
1400735317552 6 4098 475.5 1080.9509 0.20000002 4.0 4.0 4.0 4.0 0.0 0.18400002 2 TOUCH_MOVE n
1400735317556 6 4098 475.5 1080.9509 0.20000002 4.0 4.0 4.0 4.0 0.0 0.18400002 1 TOUCH_UP n
1400735317740 6 4098 188.5 818.951 0.33333334 5.0 5.0 5.0 5.0 0.0 0.23200001 0 TOUCH_DOWN e
1400735317757 6 4098 188.5 818.9811 0.33333334 5.0 5.0 5.0 5.0 0.0 0.23600002 2 TOUCH_MOVE e
1400735317791 6 4098 188.5 820.451 0.26666668 5.0 5.0 5.0 5.0 0.0 0.2 2 TOUCH_MOVE e
1400735317795 6 4098 188.5 820.451 0.26666668 5.0 5.0 5.0 5.0 0.0 0.2 1 TOUCH_UP e
1400735317970 6 4098 153.5 964.951 0.20000002 4.0 4.0 4.0 4.0 0.0 0.19600001 0 TOUCH_DOWN s
1400735317976 6 4098 153.5 964.951 0.20000002 4.0 4.0 4.0 4.0 0.0 0.20400001 2 TOUCH_MOVE s
1400735318038 6 4098 153.5 964.951 0.20000002 4.0 4.0 4.0 4.0 0.0 0.164 2 TOUCH_MOVE s
1400735318043 6 4098 153.5 964.951 0.20000002 4.0 4.0 4.0 4.0 0.0 0.164 1 TOUCH_UP s
1400735319622 6 4098 373.5 1215.4509 0.26666668 5.0 5.0 5.0 5.0 0.0 0.22000001 0 TOUCH_DOWN Space
1400735319628 6 4098 373.5 1215.4509 0.26666668 5.0 5.0 5.0 5.0 0.0 0.224 2 TOUCH_MOVE Space
1400735319660 6 4098 372.25 1215.4509 0.26666668 5.0 5.0 5.0 5.0 0.0 0.23200001 2 TOUCH_MOVE Space
1400735319710 6 4098 372.5 1215.4509 0.23333335 4.0 4.0 4.0 4.0 0.0 0.17600001 2 TOUCH_MOVE Space
1400735319715 6 4098 372.5 1215.4509 0.23333335 4.0 4.0 4.0 4.0 0.0 0.17600001 1 TOUCH_UP Space
1400735320011 6 4098 93.0 839.951 0.3 5.0 5.0 5.0 5.0 0.0 0.22000001 0 TOUCH_DOWN w
1400735320020 6 4098 93.04521 839.951 0.3 5.0 5.0 5.0 5.0 0.0 0.224 2 TOUCH_MOVE w
1400735320057 6 4098 95.57127 839.951 0.3 5.0 5.0 5.0 5.0 0.0 0.22800002 2 TOUCH_MOVE w
1400735320079 6 4098 97.25 839.951 0.3 5.0 5.0 5.0 5.0 0.0 0.224 2 TOUCH_MOVE w
1400735320089 6 4098 97.0 839.951 0.20000002 3.0 3.0 3.0 3.0 0.0 0.18800001 2 TOUCH_MOVE w
1400735320093 6 4098 97.0 839.951 0.20000002 3.0 3.0 3.0 3.0 0.0 0.18800001 1 TOUCH_UP w
1400735320252 6 4098 414.0 973.451 0.3 5.0 5.0 5.0 5.0 0.0 0.23200001 0 TOUCH_DOWN h
1400735320257 6 4098 414.0 973.451 0.3 5.0 5.0 5.0 5.0 0.0 0.23600002 2 TOUCH_MOVE h
1400735320298 6 4098 414.0 973.451 0.26666668 4.0 4.0 4.0 4.0 0.0 0.21200001 2 TOUCH_MOVE h
1400735320306 6 4098 414.0 973.451 0.26666668 4.0 4.0 4.0 4.0 0.0 0.21200001 1 TOUCH_UP h
1400735320422 6 4098 618.5 842.451 0.3 5.0 5.0 5.0 5.0 0.0 0.22800002 0 TOUCH_DOWN o
1400735320444 6 4098 617.83124 842.451 0.3 5.0 5.0 5.0 5.0 0.0 0.23200001 2 TOUCH_MOVE o
1400735320461 6 4098 615.6895 841.2958 0.3 5.0 5.0 5.0 5.0 0.0 0.23200001 2 TOUCH_MOVE o
1400735320477 6 4098 614.5 840.701 0.3 5.0 5.0 5.0 5.0 0.0 0.224 2 TOUCH_MOVE o
1400735320490 6 4098 614.5 840.701 0.3 5.0 5.0 5.0 5.0 0.0 0.224 1 TOUCH_UP o
1400735320938 6 4098 573.5 1053.4509 0.3 5.0 5.0 5.0 5.0 0.0 0.21200001 0 TOUCH_DOWN m
1400735320948 6 4098 573.5 1053.4509 0.3 5.0 5.0 5.0 5.0 0.0 0.22000001 2 TOUCH_MOVE m
1400735320977 6 4098 573.5 1053.951 0.3 5.0 5.0 5.0 5.0 0.0 0.22000001 2 TOUCH_MOVE m
1400735321010 6 4098 573.5 1053.951 0.3 5.0 5.0 5.0 5.0 0.0 0.22000001 1 TOUCH_UP m
1400735321052 6 4098 56.0 979.451 0.20000002 3.0 3.0 3.0 3.0 0.0 0.2 0 TOUCH_DOWN a
1400735321061 6 4098 56.0 979.451 0.20000002 3.0 3.0 3.0 3.0 0.0 0.20400001 2 TOUCH_MOVE a
1400735321077 6 4098 56.0 980.23474 0.20000002 3.0 3.0 3.0 3.0 0.0 0.20400001 2 TOUCH_MOVE a
1400735321094 6 4098 56.0 981.20044 0.23333335 4.0 4.0 4.0 4.0 0.0 0.20400001 2 TOUCH_MOVE a
1400735321111 6 4098 56.0 982.05396 0.23333335 4.0 4.0 4.0 4.0 0.0 0.2 2 TOUCH_MOVE a
1400735321119 6 4098 56.0 982.451 0.20000002 3.0 3.0 3.0 3.0 0.0 0.18400002 2 TOUCH_MOVE a
1400735321125 6 4098 56.0 982.451 0.20000002 3.0 3.0 3.0 3.0 0.0 0.18400002 1 TOUCH_UP a
1400735321175 6 4098 583.5 929.951 0.3 5.0 5.0 5.0 5.0 0.0 0.224 0 TOUCH_DOWN k
1400735321183 6 4098 583.5 929.951 0.3 5.0 5.0 5.0 5.0 0.0 0.22800002 2 TOUCH_MOVE k
1400735321199 6 4098 582.9749 930.451 0.3 5.0 5.0 5.0 5.0 0.0 0.23200001 2 TOUCH_MOVE k
1400735321211 6 4098 582.01196 930.939 0.3 5.0 5.0 5.0 5.0 0.0 0.23200001 2 TOUCH_MOVE k
1400735321227 6 4098 581.75 931.201 0.3 5.0 5.0 5.0 5.0 0.0 0.22800002 2 TOUCH_MOVE k
1400735321240 6 4098 582.0 930.951 0.20000002 4.0 4.0 4.0 4.0 0.0 0.164 2 TOUCH_MOVE k
1400735321246 6 4098 582.0 930.951 0.20000002 4.0 4.0 4.0 4.0 0.0 0.164 1 TOUCH_UP k
1400735321336 6 4098 156.0 824.451 0.33333334 5.0 5.0 5.0 5.0 0.0 0.224 0 TOUCH_DOWN e
1400735321345 6 4098 156.0 824.451 0.33333334 5.0 5.0 5.0 5.0 0.0 0.22800002 2 TOUCH_MOVE e
1400735321405 6 4098 156.0 824.451 0.3 5.0 5.0 5.0 5.0 0.0 0.192 2 TOUCH_MOVE e
1400735321411 6 4098 156.0 824.451 0.3 5.0 5.0 5.0 5.0 0.0 0.192 1 TOUCH_UP e
1400735321765 6 4098 664.5 1078.4509 0.23333335 5.0 5.0 5.0 5.0 0.0 0.208 0 TOUCH_DOWN Back
1400735321781 6 4098 664.5 1078.4509 0.23333335 5.0 5.0 5.0 5.0 0.0 0.21200001 2 TOUCH_MOVE Back
1400735321833 6 4098 664.5 1078.4509 0.23333335 5.0 5.0 5.0 5.0 0.0 0.21200001 1 TOUCH_UP Back
1400735321917 6 4098 659.5 1068.9509 0.3 5.0 5.0 5.0 5.0 0.0 0.216 0 TOUCH_DOWN Back
1400735321929 6 4098 659.5 1068.9509 0.3 5.0 5.0 5.0 5.0 0.0 0.224 2 TOUCH_MOVE Back
1400735321984 6 4098 659.5 1068.9509 0.26666668 4.0 4.0 4.0 4.0 0.0 0.18400002 2 TOUCH_MOVE Back
1400735321989 6 4098 659.5 1068.9509 0.26666668 4.0 4.0 4.0 4.0 0.0 0.18400002 1 TOUCH_UP Back
1400735322063 6 4098 653.0 1060.9509 0.26666668 4.0 4.0 4.0 4.0 0.0 0.21200001 0 TOUCH_DOWN Back
1400735322081 6 4098 653.0 1060.9509 0.3 5.0 5.0 5.0 5.0 0.0 0.22000001 2 TOUCH_MOVE Back
1400735322144 6 4098 653.0 1060.9509 0.3 5.0 5.0 5.0 5.0 0.0 0.22000001 1 TOUCH_UP Back
1400735322227 6 4098 653.5 1063.9509 0.3 5.0 5.0 5.0 5.0 0.0 0.22000001 0 TOUCH_DOWN Back
1400735322264 6 4098 652.9571 1063.9509 0.33333334 5.0 5.0 5.0 5.0 0.0 0.22800002 2 TOUCH_MOVE Back
1400735322295 6 4098 652.3008 1063.9509 0.3 5.0 5.0 5.0 5.0 0.0 0.224 2 TOUCH_MOVE Back
1400735322334 6 4098 652.5 1063.9509 0.26666668 4.0 4.0 4.0 4.0 0.0 0.192 2 TOUCH_MOVE Back
1400735322338 6 4098 652.5 1063.9509 0.26666668 4.0 4.0 4.0 4.0 0.0 0.192 1 TOUCH_UP Back
1400735322808 6 4098 293.5 1208.4509 0.3 5.0 5.0 5.0 5.0 0.0 0.23200001 0 TOUCH_DOWN Space
1400735322846 6 4098 292.5 1207.5325 0.3 5.0 5.0 5.0 5.0 0.0 0.24000001 2 TOUCH_MOVE Space
1400735322863 6 4098 292.5 1206.7009 0.3 5.0 5.0 5.0 5.0 0.0 0.23600002 2 TOUCH_MOVE Space
1400735322885 6 4098 292.5 1206.9509 0.23333335 4.0 4.0 4.0 4.0 0.0 0.192 2 TOUCH_MOVE Space
1400735322889 6 4098 292.5 1206.9509 0.23333335 4.0 4.0 4.0 4.0 0.0 0.192 1 TOUCH_UP Space
1400735323086 6 4098 584.0 1062.4509 0.26666668 4.0 4.0 4.0 4.0 0.0 0.21200001 0 TOUCH_DOWN m
1400735323097 6 4098 584.0 1062.4509 0.26666668 4.0 4.0 4.0 4.0 0.0 0.216 2 TOUCH_MOVE m
1400735323129 6 4098 583.5 1063.7236 0.26666668 4.0 4.0 4.0 4.0 0.0 0.22000001 2 TOUCH_MOVE m
1400735323147 6 4098 583.5 1064.7085 0.26666668 4.0 4.0 4.0 4.0 0.0 0.216 2 TOUCH_MOVE m
1400735323165 6 4098 583.5 1065.4509 0.16666667 3.0 3.0 3.0 3.0 0.0 0.136 2 TOUCH_MOVE m
1400735323170 6 4098 583.5 1065.4509 0.16666667 3.0 3.0 3.0 3.0 0.0 0.136 1 TOUCH_UP m
1400735323203 6 4098 41.0 977.951 0.20000002 3.0 3.0 3.0 3.0 0.0 0.192 0 TOUCH_DOWN a
1400735323214 6 4098 41.0 977.951 0.20000002 3.0 3.0 3.0 3.0 0.0 0.2 2 TOUCH_MOVE a
1400735323238 6 4098 44.118507 978.53937 0.20000002 3.0 3.0 3.0 3.0 0.0 0.2 2 TOUCH_MOVE a
1400735323247 6 4098 50.309204 979.5025 0.20000002 3.0 3.0 3.0 3.0 0.0 0.20400001 2 TOUCH_MOVE a
1400735323263 6 4098 53.281242 980.3416 0.20000002 3.0 3.0 3.0 3.0 0.0 0.20400001 2 TOUCH_MOVE a
1400735323281 6 4098 54.977356 981.42834 0.20000002 3.0 3.0 3.0 3.0 0.0 0.20400001 2 TOUCH_MOVE a
1400735323298 6 4098 54.557804 982.8354 0.23333335 4.0 4.0 4.0 4.0 0.0 0.19600001 2 TOUCH_MOVE a
1400735323309 6 4098 54.5 982.951 0.20000002 3.0 3.0 3.0 3.0 0.0 0.17600001 2 TOUCH_MOVE a
1400735323313 6 4098 54.5 982.951 0.20000002 3.0 3.0 3.0 3.0 0.0 0.17600001 1 TOUCH_UP a
1400735323331 6 4098 584.5 955.951 0.3 5.0 5.0 5.0 5.0 0.0 0.22800002 0 TOUCH_DOWN k
1400735323347 6 4098 583.75 955.951 0.3 5.0 5.0 5.0 5.0 0.0 0.23200001 2 TOUCH_MOVE k
1400735323411 6 4098 583.75 955.951 0.3 5.0 5.0 5.0 5.0 0.0 0.23200001 1 TOUCH_UP k
1400735323535 6 4098 162.0 837.451 0.3 5.0 5.0 5.0 5.0 0.0 0.22800002 0 TOUCH_DOWN e
1400735323564 6 4098 162.84929 837.451 0.3 5.0 5.0 5.0 5.0 0.0 0.23600002 2 TOUCH_MOVE e
1400735323582 6 4098 163.82011 837.451 0.3 5.0 5.0 5.0 5.0 0.0 0.23600002 2 TOUCH_MOVE e
1400735323597 6 4098 164.25 837.451 0.3 5.0 5.0 5.0 5.0 0.0 0.23200001 2 TOUCH_MOVE e
1400735323614 6 4098 164.0 837.451 0.26666668 4.0 4.0 4.0 4.0 0.0 0.18800001 2 TOUCH_MOVE e
1400735323622 6 4098 164.0 837.451 0.26666668 4.0 4.0 4.0 4.0 0.0 0.18800001 1 TOUCH_UP e
1400735323740 6 4098 306.5 1203.4509 0.23333335 4.0 4.0 4.0 4.0 0.0 0.21200001 0 TOUCH_DOWN Space
1400735323805 6 4098 306.5 1203.4509 0.23333335 4.0 4.0 4.0 4.0 0.0 0.21200001 1 TOUCH_UP Space
1400735324812 6 4098 35.0 961.951 0.20000002 3.0 3.0 3.0 3.0 0.0 0.192 0 TOUCH_DOWN a
1400735324838 6 4098 36.962143 960.6737 0.23333335 4.0 4.0 4.0 4.0 0.0 0.20400001 2 TOUCH_MOVE a
1400735324856 6 4098 41.65769 957.8459 0.23333335 4.0 4.0 4.0 4.0 0.0 0.20400001 2 TOUCH_MOVE a
1400735324870 6 4098 44.47921 956.45795 0.23333335 4.0 4.0 4.0 4.0 0.0 0.208 2 TOUCH_MOVE a
1400735324881 6 4098 44.5 955.701 0.23333335 4.0 4.0 4.0 4.0 0.0 0.20400001 2 TOUCH_MOVE a
1400735324898 6 4098 41.754604 956.8491 0.20000002 3.0 3.0 3.0 3.0 0.0 0.19600001 2 TOUCH_MOVE a
1400735324902 6 4098 41.5 956.951 0.20000002 3.0 3.0 3.0 3.0 0.0 0.18 2 TOUCH_MOVE a
1400735324905 6 4098 41.5 956.951 0.20000002 3.0 3.0 3.0 3.0 0.0 0.18 1 TOUCH_UP a
1400735325053 6 4098 348.0 1235.9509 0.23333335 4.0 4.0 4.0 4.0 0.0 0.21200001 0 TOUCH_DOWN Space
1400735325077 6 4098 348.0 1235.9509 0.26666668 5.0 5.0 5.0 5.0 0.0 0.21200001 2 TOUCH_MOVE Space
1400735325099 6 4098 345.98703 1230.9249 0.26666668 5.0 5.0 5.0 5.0 0.0 0.22000001 2 TOUCH_MOVE Space
1400735325115 6 4098 345.53748 1229.9884 0.26666668 5.0 5.0 5.0 5.0 0.0 0.22000001 2 TOUCH_MOVE Space
1400735325133 6 4098 345.9631 1229.4878 0.26666668 5.0 5.0 5.0 5.0 0.0 0.216 2 TOUCH_MOVE Space
1400735325136 6 4098 346.0 1229.4509 0.20000002 3.0 3.0 3.0 3.0 0.0 0.17600001 2 TOUCH_MOVE Space
1400735325141 6 4098 346.0 1229.4509 0.20000002 3.0 3.0 3.0 3.0 0.0 0.17600001 1 TOUCH_UP Space
1400735325265 6 4098 441.5 1046.9509 0.33333334 5.0 5.0 5.0 5.0 0.0 0.23200001 0 TOUCH_DOWN b
1400735325289 6 4098 441.5 1046.9509 0.33333334 5.0 5.0 5.0 5.0 0.0 0.24000001 2 TOUCH_MOVE b
1400735325331 6 4098 441.5 1047.4688 0.33333334 5.0 5.0 5.0 5.0 0.0 0.24000001 2 TOUCH_MOVE b
1400735325344 6 4098 441.5 1047.9509 0.3 5.0 5.0 5.0 5.0 0.0 0.18 2 TOUCH_MOVE b
1400735325366 6 4098 441.5 1047.9509 0.3 5.0 5.0 5.0 5.0 0.0 0.18 1 TOUCH_UP b
1400735325518 6 4098 252.5 835.451 0.33333334 5.0 5.0 5.0 5.0 0.0 0.23600002 0 TOUCH_DOWN r
1400735325565 6 4098 253.0 836.34467 0.3 5.0 5.0 5.0 5.0 0.0 0.23200001 2 TOUCH_MOVE r
1400735325582 6 4098 253.0 836.451 0.20000002 3.0 3.0 3.0 3.0 0.0 0.19600001 2 TOUCH_MOVE r
1400735325585 6 4098 253.0 836.451 0.13333334 2.0 2.0 2.0 2.0 0.0 0.108 2 TOUCH_MOVE r
1400735325589 6 4098 253.0 836.451 0.13333334 2.0 2.0 2.0 2.0 0.0 0.108 1 TOUCH_UP r
1400735325658 6 4098 560.5 823.451 0.33333334 5.0 5.0 5.0 5.0 0.0 0.22800002 0 TOUCH_DOWN i
1400735325665 6 4098 560.5 823.451 0.33333334 5.0 5.0 5.0 5.0 0.0 0.23600002 2 TOUCH_MOVE i
1400735325682 6 4098 559.7647 823.451 0.33333334 5.0 5.0 5.0 5.0 0.0 0.23600002 2 TOUCH_MOVE i
1400735325698 6 4098 559.25 823.451 0.33333334 5.0 5.0 5.0 5.0 0.0 0.22800002 2 TOUCH_MOVE i
1400735325711 6 4098 559.25 823.451 0.33333334 5.0 5.0 5.0 5.0 0.0 0.22800002 1 TOUCH_UP i
1400735325961 6 4098 363.0 986.951 0.33333334 5.0 5.0 5.0 5.0 0.0 0.23200001 0 TOUCH_DOWN g
1400735325969 6 4098 363.0 986.951 0.3 5.0 5.0 5.0 5.0 0.0 0.23200001 2 TOUCH_MOVE g
1400735326028 6 4098 361.0 986.451 0.23333335 4.0 4.0 4.0 4.0 0.0 0.18800001 2 TOUCH_MOVE g
1400735326032 6 4098 361.0 986.451 0.23333335 4.0 4.0 4.0 4.0 0.0 0.18800001 1 TOUCH_UP g
1400735326123 6 4098 458.0 931.951 0.33333334 5.0 5.0 5.0 5.0 0.0 0.24000001 0 TOUCH_DOWN h
1400735326132 6 4098 458.0 931.951 0.33333334 5.0 5.0 5.0 5.0 0.0 0.24400002 2 TOUCH_MOVE h
1400735326200 6 4098 458.0 931.951 0.23333335 4.0 4.0 4.0 4.0 0.0 0.17600001 2 TOUCH_MOVE h
1400735326204 6 4098 458.0 931.951 0.23333335 4.0 4.0 4.0 4.0 0.0 0.17600001 1 TOUCH_UP h
1400735326384 6 4098 326.5 834.451 0.33333334 5.0 5.0 5.0 5.0 0.0 0.23600002 0 TOUCH_DOWN t
1400735326403 6 4098 326.5 834.451 0.33333334 5.0 5.0 5.0 5.0 0.0 0.24000001 2 TOUCH_MOVE t
1400735326449 6 4098 326.5 834.451 0.3 5.0 5.0 5.0 5.0 0.0 0.216 2 TOUCH_MOVE t
1400735326466 6 4098 326.5 834.451 0.26666668 4.0 4.0 4.0 4.0 0.0 0.18400002 2 TOUCH_MOVE t
1400735326470 6 4098 326.5 834.451 0.26666668 4.0 4.0 4.0 4.0 0.0 0.18400002 1 TOUCH_UP t
1400735327139 6 4098 148.5 826.451 0.33333334 5.0 5.0 5.0 5.0 0.0 0.22000001 0 TOUCH_DOWN e
1400735327171 6 4098 149.93456 826.451 0.33333334 5.0 5.0 5.0 5.0 0.0 0.23200001 2 TOUCH_MOVE e
1400735327193 6 4098 151.42514 826.451 0.33333334 5.0 5.0 5.0 5.0 0.0 0.23200001 2 TOUCH_MOVE e
1400735327200 6 4098 152.25 826.451 0.33333334 5.0 5.0 5.0 5.0 0.0 0.22800002 2 TOUCH_MOVE e
1400735327216 6 4098 152.0 826.951 0.3 5.0 5.0 5.0 5.0 0.0 0.21200001 2 TOUCH_MOVE e
1400735327222 6 4098 152.0 826.951 0.3 5.0 5.0 5.0 5.0 0.0 0.18400002 2 TOUCH_MOVE e
1400735327226 6 4098 152.0 826.951 0.3 5.0 5.0 5.0 5.0 0.0 0.18400002 1 TOUCH_UP e
1400735327327 6 4098 253.0 848.951 0.3 5.0 5.0 5.0 5.0 0.0 0.23200001 0 TOUCH_DOWN r
1400735327333 6 4098 253.0 848.951 0.3 5.0 5.0 5.0 5.0 0.0 0.23600002 2 TOUCH_MOVE r
1400735327403 6 4098 253.0 848.951 0.23333335 4.0 4.0 4.0 4.0 0.0 0.20400001 2 TOUCH_MOVE r
1400735327420 6 4098 253.0 848.951 0.23333335 4.0 4.0 4.0 4.0 0.0 0.20400001 1 TOUCH_UP r
1400735327556 6 4098 335.0 1235.9509 0.23333335 5.0 5.0 5.0 5.0 0.0 0.20400001 0 TOUCH_DOWN Space
1400735327567 6 4098 335.0 1235.9509 0.26666668 5.0 5.0 5.0 5.0 0.0 0.208 2 TOUCH_MOVE Space
1400735327589 6 4098 334.92206 1235.295 0.26666668 5.0 5.0 5.0 5.0 0.0 0.216 2 TOUCH_MOVE Space
1400735327600 6 4098 334.5 1233.3483 0.26666668 5.0 5.0 5.0 5.0 0.0 0.216 2 TOUCH_MOVE Space
1400735327617 6 4098 334.5 1231.9365 0.26666668 5.0 5.0 5.0 5.0 0.0 0.216 2 TOUCH_MOVE Space
1400735327640 6 4098 334.5 1231.9365 0.26666668 5.0 5.0 5.0 5.0 0.0 0.216 1 TOUCH_UP Space
1400735328304 6 4098 197.5 979.951 0.23333335 4.0 4.0 4.0 4.0 0.0 0.208 0 TOUCH_DOWN d
1400735328322 6 4098 197.7406 980.1916 0.3 5.0 5.0 5.0 5.0 0.0 0.22000001 2 TOUCH_MOVE d
1400735328360 6 4098 199.4019 981.8529 0.3 5.0 5.0 5.0 5.0 0.0 0.22800002 2 TOUCH_MOVE d
1400735328377 6 4098 200.25 982.701 0.3 5.0 5.0 5.0 5.0 0.0 0.23200001 2 TOUCH_MOVE d
1400735328417 6 4098 199.0 981.951 0.20000002 3.0 3.0 3.0 3.0 0.0 0.18800001 2 TOUCH_MOVE d
1400735328421 6 4098 199.0 981.951 0.20000002 3.0 3.0 3.0 3.0 0.0 0.18800001 1 TOUCH_UP d
1400735328573 6 4098 62.5 970.451 0.20000002 4.0 4.0 4.0 4.0 0.0 0.21200001 0 TOUCH_DOWN a
1400735328596 6 4098 62.90066 970.451 0.23333335 4.0 4.0 4.0 4.0 0.0 0.216 2 TOUCH_MOVE a
1400735328629 6 4098 67.054504 971.2282 0.23333335 4.0 4.0 4.0 4.0 0.0 0.22000001 2 TOUCH_MOVE a
1400735328639 6 4098 68.0 972.24384 0.23333335 4.0 4.0 4.0 4.0 0.0 0.216 2 TOUCH_MOVE a
1400735328651 6 4098 67.219955 973.971 0.20000002 3.0 3.0 3.0 3.0 0.0 0.2 2 TOUCH_MOVE a
1400735328666 6 4098 66.5 974.451 0.16666667 3.0 3.0 3.0 3.0 0.0 0.18 2 TOUCH_MOVE a
1400735328670 6 4098 66.5 974.451 0.16666667 3.0 3.0 3.0 3.0 0.0 0.18 1 TOUCH_UP a
1400735328728 6 4098 383.0 845.451 0.33333334 5.0 5.0 5.0 5.0 0.0 0.24400002 0 TOUCH_DOWN y
1400735328768 6 4098 383.0 844.46106 0.33333334 5.0 5.0 5.0 5.0 0.0 0.256 2 TOUCH_MOVE y
1400735328785 6 4098 383.0 843.9678 0.33333334 5.0 5.0 5.0 5.0 0.0 0.252 2 TOUCH_MOVE y
1400735328798 6 4098 383.0 843.951 0.26666668 5.0 5.0 5.0 5.0 0.0 0.208 2 TOUCH_MOVE y
1400735328801 6 4098 383.0 843.951 0.26666668 5.0 5.0 5.0 5.0 0.0 0.208 1 TOUCH_UP y
1400735329104 6 4098 690.0 1241.9509 0.20000002 4.0 4.0 4.0 4.0 0.0 0.19600001 0 TOUCH_DOWN Enter
1400735329135 6 4098 689.29517 1240.0413 0.20000002 4.0 4.0 4.0 4.0 0.0 0.2 2 TOUCH_MOVE Enter
1400735329152 6 4098 688.33185 1238.1146 0.20000002 4.0 4.0 4.0 4.0 0.0 0.20400001 2 TOUCH_MOVE Enter
1400735329180 6 4098 688.6262 1236.8247 0.20000002 4.0 4.0 4.0 4.0 0.0 0.2 2 TOUCH_MOVE Enter
1400735329187 6 4098 689.5 1236.4509 0.20000002 4.0 4.0 4.0 4.0 0.0 0.192 2 TOUCH_MOVE Enter
1400735329196 6 4098 689.5 1236.4509 0.20000002 4.0 4.0 4.0 4.0 0.0 0.192 1 TOUCH_UP Enter
1400735330591 6 4098 141.5 976.951 0.26666668 5.0 5.0 5.0 5.0 0.0 0.21200001 0 TOUCH_DOWN S
1400735330603 6 4098 141.5 976.951 0.26666668 5.0 5.0 5.0 5.0 0.0 0.22000001 2 TOUCH_MOVE S
1400735330667 6 4098 141.0 976.951 0.13333334 2.0 2.0 2.0 2.0 0.0 0.17600001 2 TOUCH_MOVE S
1400735330673 6 4098 141.0 976.951 0.13333334 2.0 2.0 2.0 2.0 0.0 0.17600001 1 TOUCH_UP S
1400735330742 6 4098 613.5 825.451 0.33333334 5.0 5.0 5.0 5.0 0.0 0.24400002 0 TOUCH_DOWN o
1400735330763 6 4098 612.1535 825.451 0.36666667 6.0 6.0 6.0 6.0 0.0 0.252 2 TOUCH_MOVE o
1400735330810 6 4098 604.75 826.201 0.33333334 5.0 5.0 5.0 5.0 0.0 0.252 2 TOUCH_MOVE o
1400735330821 6 4098 604.75 826.201 0.33333334 5.0 5.0 5.0 5.0 0.0 0.252 1 TOUCH_UP o
1400735331250 6 4098 669.0 959.451 0.26666668 5.0 5.0 5.0 5.0 0.0 0.216 0 TOUCH_DOWN l
1400735331257 6 4098 669.0 959.451 0.3 5.0 5.0 5.0 5.0 0.0 0.22000001 2 TOUCH_MOVE l
1400735331287 6 4098 668.3495 959.451 0.3 5.0 5.0 5.0 5.0 0.0 0.224 2 TOUCH_MOVE l
1400735331325 6 4098 668.5 959.451 0.23333335 4.0 4.0 4.0 4.0 0.0 0.18400002 2 TOUCH_MOVE l
1400735331329 6 4098 668.5 959.451 0.23333335 4.0 4.0 4.0 4.0 0.0 0.18400002 1 TOUCH_UP l
1400735331499 6 4098 191.0 822.451 0.3 5.0 5.0 5.0 5.0 0.0 0.21200001 0 TOUCH_DOWN e
1400735331504 6 4098 191.0 822.451 0.3 5.0 5.0 5.0 5.0 0.0 0.22000001 2 TOUCH_MOVE e
1400735331538 6 4098 191.95909 822.451 0.33333334 5.0 5.0 5.0 5.0 0.0 0.22800002 2 TOUCH_MOVE e
1400735331554 6 4098 192.92284 822.451 0.33333334 5.0 5.0 5.0 5.0 0.0 0.224 2 TOUCH_MOVE e
1400735331571 6 4098 193.25 822.451 0.3 5.0 5.0 5.0 5.0 0.0 0.22000001 2 TOUCH_MOVE e
1400735331591 6 4098 193.25 822.451 0.3 5.0 5.0 5.0 5.0 0.0 0.22000001 1 TOUCH_UP e
1400735331748 6 4098 342.0 829.951 0.33333334 5.0 5.0 5.0 5.0 0.0 0.23200001 0 TOUCH_DOWN t
1400735331771 6 4098 342.0 829.951 0.33333334 5.0 5.0 5.0 5.0 0.0 0.23600002 2 TOUCH_MOVE t
1400735331804 6 4098 341.6211 830.8299 0.33333334 5.0 5.0 5.0 5.0 0.0 0.23200001 2 TOUCH_MOVE t
1400735331821 6 4098 341.0 831.451 0.26666668 4.0 4.0 4.0 4.0 0.0 0.20400001 2 TOUCH_MOVE t
1400735331827 6 4098 341.0 831.451 0.20000002 3.0 3.0 3.0 3.0 0.0 0.1 2 TOUCH_MOVE t
1400735331831 6 4098 341.0 831.451 0.20000002 3.0 3.0 3.0 3.0 0.0 0.1 1 TOUCH_UP t
1400735332045 6 4098 672.5 1104.4509 0.3 5.0 5.0 5.0 5.0 0.0 0.22000001 0 TOUCH_DOWN Back
1400735332054 6 4098 672.5 1104.4509 0.3 5.0 5.0 5.0 5.0 0.0 0.224 2 TOUCH_MOVE Back
1400735332088 6 4098 670.00104 1104.7004 0.33333334 5.0 5.0 5.0 5.0 0.0 0.22800002 2 TOUCH_MOVE Back
1400735332104 6 4098 668.77704 1105.6738 0.33333334 5.0 5.0 5.0 5.0 0.0 0.224 2 TOUCH_MOVE Back
1400735332122 6 4098 667.5 1106.4509 0.3 5.0 5.0 5.0 5.0 0.0 0.17600001 2 TOUCH_MOVE Back
1400735332125 6 4098 667.5 1106.4509 0.3 5.0 5.0 5.0 5.0 0.0 0.17600001 1 TOUCH_UP Back
1400735332211 6 4098 664.5 1104.4509 0.3 5.0 5.0 5.0 5.0 0.0 0.22000001 0 TOUCH_DOWN Back
1400735332274 6 4098 664.5 1104.4509 0.3 5.0 5.0 5.0 5.0 0.0 0.22000001 1 TOUCH_UP Back
1400735332350 6 4098 665.0 1098.9509 0.3 5.0 5.0 5.0 5.0 0.0 0.22000001 0 TOUCH_DOWN Back
1400735332373 6 4098 665.0 1098.9509 0.3 5.0 5.0 5.0 5.0 0.0 0.224 2 TOUCH_MOVE Back
1400735332405 6 4098 663.431 1098.9509 0.3 5.0 5.0 5.0 5.0 0.0 0.224 2 TOUCH_MOVE Back
1400735332423 6 4098 662.435 1099.5159 0.3 5.0 5.0 5.0 5.0 0.0 0.22000001 2 TOUCH_MOVE Back
1400735332444 6 4098 662.435 1099.5159 0.3 5.0 5.0 5.0 5.0 0.0 0.22000001 1 TOUCH_UP Back
1400735332720 6 4098 331.5 1239.4509 0.23333335 5.0 5.0 5.0 5.0 0.0 0.20400001 0 TOUCH_DOWN Space
1400735332757 6 4098 330.19516 1236.8413 0.26666668 5.0 5.0 5.0 5.0 0.0 0.21200001 2 TOUCH_MOVE Space
1400735332781 6 4098 330.0 1235.1888 0.23333335 5.0 5.0 5.0 5.0 0.0 0.21200001 2 TOUCH_MOVE Space
1400735332790 6 4098 330.73096 1234.9509 0.23333335 5.0 5.0 5.0 5.0 0.0 0.208 2 TOUCH_MOVE Space
1400735332807 6 4098 331.0 1234.9509 0.10000001 2.0 2.0 2.0 2.0 0.0 0.112 2 TOUCH_MOVE Space
1400735332811 6 4098 331.0 1234.9509 0.10000001 2.0 2.0 2.0 2.0 0.0 0.112 1 TOUCH_UP Space
1400735333082 6 4098 656.0 936.951 0.33333334 5.0 5.0 5.0 5.0 0.0 0.22800002 0 TOUCH_DOWN l
1400735333091 6 4098 656.0 936.951 0.33333334 5.0 5.0 5.0 5.0 0.0 0.23200001 2 TOUCH_MOVE l
1400735333122 6 4098 654.5188 937.4322 0.33333334 5.0 5.0 5.0 5.0 0.0 0.23600002 2 TOUCH_MOVE l
1400735333139 6 4098 653.75 938.201 0.33333334 5.0 5.0 5.0 5.0 0.0 0.23200001 2 TOUCH_MOVE l
1400735333160 6 4098 654.0 937.951 0.26666668 5.0 5.0 5.0 5.0 0.0 0.17600001 2 TOUCH_MOVE l
1400735333164 6 4098 654.0 937.951 0.26666668 5.0 5.0 5.0 5.0 0.0 0.17600001 1 TOUCH_UP l
1400735333335 6 4098 184.5 805.451 0.3 5.0 5.0 5.0 5.0 0.0 0.22800002 0 TOUCH_DOWN e
1400735333342 6 4098 184.5 805.451 0.3 5.0 5.0 5.0 5.0 0.0 0.23200001 2 TOUCH_MOVE e
1400735333379 6 4098 186.8726 805.451 0.3 5.0 5.0 5.0 5.0 0.0 0.24000001 2 TOUCH_MOVE e
1400735333389 6 4098 187.75 805.451 0.3 5.0 5.0 5.0 5.0 0.0 0.23600002 2 TOUCH_MOVE e
1400735333419 6 4098 186.0 806.451 0.23333335 4.0 4.0 4.0 4.0 0.0 0.2 2 TOUCH_MOVE e
1400735333423 6 4098 186.0 806.451 0.23333335 4.0 4.0 4.0 4.0 0.0 0.2 1 TOUCH_UP e
1400735333644 6 4098 341.0 843.451 0.3 5.0 5.0 5.0 5.0 0.0 0.23600002 0 TOUCH_DOWN t
1400735333658 6 4098 341.0 843.451 0.33333334 5.0 5.0 5.0 5.0 0.0 0.24000001 2 TOUCH_MOVE t
1400735333706 6 4098 340.28595 843.451 0.33333334 5.0 5.0 5.0 5.0 0.0 0.24400002 2 TOUCH_MOVE t
1400735333723 6 4098 339.31262 843.451 0.3 5.0 5.0 5.0 5.0 0.0 0.22800002 2 TOUCH_MOVE t
1400735333739 6 4098 334.62805 844.57495 0.26666668 5.0 5.0 5.0 5.0 0.0 0.19600001 2 TOUCH_MOVE t
1400735333748 6 4098 335.0 844.451 0.16666667 3.0 3.0 3.0 3.0 0.0 0.1 2 TOUCH_MOVE t
1400735333752 6 4098 335.0 844.451 0.16666667 3.0 3.0 3.0 3.0 0.0 0.1 1 TOUCH_UP t
1400735336134 6 4098 567.5 1183.9509 0.3 5.0 5.0 5.0 5.0 0.0 0.22800002 0 TOUCH_DOWN '
1400735336175 6 4098 565.81146 1184.4509 0.33333334 5.0 5.0 5.0 5.0 0.0 0.23600002 2 TOUCH_MOVE '
1400735336191 6 4098 565.0 1185.2587 0.33333334 5.0 5.0 5.0 5.0 0.0 0.23600002 2 TOUCH_MOVE '
1400735336210 6 4098 565.0 1186.1893 0.3 5.0 5.0 5.0 5.0 0.0 0.23200001 2 TOUCH_MOVE '
1400735336224 6 4098 565.0 1186.4509 0.23333335 4.0 4.0 4.0 4.0 0.0 0.192 2 TOUCH_MOVE '
1400735336228 6 4098 565.0 1186.4509 0.23333335 4.0 4.0 4.0 4.0 0.0 0.192 1 TOUCH_UP '
1400735336338 6 4098 135.0 981.951 0.3 5.0 5.0 5.0 5.0 0.0 0.224 0 TOUCH_DOWN s
1400735336366 6 4098 135.44814 981.951 0.3 5.0 5.0 5.0 5.0 0.0 0.23200001 2 TOUCH_MOVE s
1400735336375 6 4098 137.27722 981.951 0.3 5.0 5.0 5.0 5.0 0.0 0.23200001 2 TOUCH_MOVE s
1400735336393 6 4098 139.24269 981.951 0.3 5.0 5.0 5.0 5.0 0.0 0.23600002 2 TOUCH_MOVE s
1400735336408 6 4098 140.25 981.951 0.3 5.0 5.0 5.0 5.0 0.0 0.22800002 2 TOUCH_MOVE s
1400735336423 6 4098 140.0 981.951 0.13333334 2.0 2.0 2.0 2.0 0.0 0.17600001 2 TOUCH_MOVE s
1400735336427 6 4098 140.0 981.951 0.13333334 2.0 2.0 2.0 2.0 0.0 0.17600001 1 TOUCH_UP s
1400735336572 6 4098 334.0 1233.9509 0.23333335 5.0 5.0 5.0 5.0 0.0 0.20400001 0 TOUCH_DOWN Space
1400735336597 6 4098 334.0 1233.9509 0.23333335 5.0 5.0 5.0 5.0 0.0 0.208 2 TOUCH_MOVE Space
1400735336638 6 4098 334.0 1233.9509 0.23333335 5.0 5.0 5.0 5.0 0.0 0.208 1 TOUCH_UP Space
1400735338276 6 4098 145.5 943.951 0.33333334 5.0 5.0 5.0 5.0 0.0 0.22000001 0 TOUCH_DOWN s
1400735338299 6 4098 145.85944 944.3104 0.33333334 5.0 5.0 5.0 5.0 0.0 0.224 2 TOUCH_MOVE s
1400735338311 6 4098 147.33049 944.451 0.33333334 5.0 5.0 5.0 5.0 0.0 0.23600002 2 TOUCH_MOVE s
1400735338328 6 4098 149.14417 945.09515 0.33333334 5.0 5.0 5.0 5.0 0.0 0.23600002 2 TOUCH_MOVE s
1400735338345 6 4098 149.75 945.701 0.33333334 5.0 5.0 5.0 5.0 0.0 0.23600002 2 TOUCH_MOVE s
1400735338360 6 4098 149.5 945.451 0.26666668 4.0 4.0 4.0 4.0 0.0 0.21200001 2 TOUCH_MOVE s
1400735338370 6 4098 149.5 945.451 0.23333335 4.0 4.0 4.0 4.0 0.0 0.18400002 2 TOUCH_MOVE s
1400735338374 6 4098 149.5 945.451 0.23333335 4.0 4.0 4.0 4.0 0.0 0.18400002 1 TOUCH_UP s
1400735338672 6 4098 318.0 815.451 0.3 5.0 5.0 5.0 5.0 0.0 0.23600002 0 TOUCH_DOWN t
1400735338726 6 4098 317.5 815.451 0.20000002 4.0 4.0 4.0 4.0 0.0 0.18800001 2 TOUCH_MOVE t
1400735338731 6 4098 317.5 815.451 0.20000002 4.0 4.0 4.0 4.0 0.0 0.18800001 1 TOUCH_UP t
1400735338919 6 4098 69.5 938.451 0.23333335 5.0 5.0 5.0 5.0 0.0 0.208 0 TOUCH_DOWN a
1400735338928 6 4098 69.5 938.451 0.3 5.0 5.0 5.0 5.0 0.0 0.216 2 TOUCH_MOVE a
1400735338946 6 4098 72.44573 938.451 0.33333334 5.0 5.0 5.0 5.0 0.0 0.22000001 2 TOUCH_MOVE a
1400735338965 6 4098 78.0 938.451 0.33333334 5.0 5.0 5.0 5.0 0.0 0.22000001 2 TOUCH_MOVE a
1400735338979 6 4098 81.43832 939.67017 0.3 5.0 5.0 5.0 5.0 0.0 0.216 2 TOUCH_MOVE a
1400735338994 6 4098 82.5 940.451 0.26666668 5.0 5.0 5.0 5.0 0.0 0.18400002 2 TOUCH_MOVE a
1400735338998 6 4098 82.5 940.451 0.26666668 5.0 5.0 5.0 5.0 0.0 0.18400002 1 TOUCH_UP a
1400735339163 6 4098 265.5 835.951 0.3 5.0 5.0 5.0 5.0 0.0 0.23200001 0 TOUCH_DOWN r
1400735339178 6 4098 265.5 835.951 0.33333334 5.0 5.0 5.0 5.0 0.0 0.24000001 2 TOUCH_MOVE r
1400735339227 6 4098 265.0 835.951 0.26666668 4.0 4.0 4.0 4.0 0.0 0.2 2 TOUCH_MOVE r
1400735339233 6 4098 265.0 835.951 0.26666668 4.0 4.0 4.0 4.0 0.0 0.2 1 TOUCH_UP r
1400735339367 6 4098 344.5 842.951 0.3 5.0 5.0 5.0 5.0 0.0 0.22800002 0 TOUCH_DOWN t
1400735339378 6 4098 344.5 842.951 0.3 5.0 5.0 5.0 5.0 0.0 0.23200001 2 TOUCH_MOVE t
1400735339417 6 4098 343.17773 842.951 0.3 5.0 5.0 5.0 5.0 0.0 0.22800002 2 TOUCH_MOVE t
1400735339440 6 4098 341.5 843.451 0.26666668 5.0 5.0 5.0 5.0 0.0 0.2 2 TOUCH_MOVE t
1400735339444 6 4098 341.5 843.451 0.26666668 5.0 5.0 5.0 5.0 0.0 0.2 1 TOUCH_UP t
1400735339585 6 4098 380.5 1200.9509 0.26666668 5.0 5.0 5.0 5.0 0.0 0.224 0 TOUCH_DOWN Space
1400735339596 6 4098 380.5 1200.9509 0.3 5.0 5.0 5.0 5.0 0.0 0.22800002 2 TOUCH_MOVE Space
1400735339660 6 4098 380.5 1200.9509 0.23333335 5.0 5.0 5.0 5.0 0.0 0.18800001 2 TOUCH_MOVE Space
1400735339665 6 4098 380.5 1200.9509 0.23333335 5.0 5.0 5.0 5.0 0.0 0.18800001 1 TOUCH_UP Space
1400735339972 6 4098 367.0 982.451 0.33333334 5.0 5.0 5.0 5.0 0.0 0.23600002 0 TOUCH_DOWN g
1400735340031 6 4098 367.0 982.451 0.26666668 4.0 4.0 4.0 4.0 0.0 0.22000001 2 TOUCH_MOVE g
1400735340033 6 4098 367.0 982.451 0.20000002 4.0 4.0 4.0 4.0 0.0 0.192 2 TOUCH_MOVE g
1400735340042 6 4098 367.0 982.451 0.20000002 4.0 4.0 4.0 4.0 0.0 0.192 1 TOUCH_UP g
1400735340133 6 4098 542.5 850.451 0.33333334 5.0 5.0 5.0 5.0 0.0 0.24400002 0 TOUCH_DOWN i
1400735340145 6 4098 542.5 850.451 0.33333334 5.0 5.0 5.0 5.0 0.0 0.24800001 2 TOUCH_MOVE i
1400735340196 6 4098 542.5 850.451 0.26666668 5.0 5.0 5.0 5.0 0.0 0.208 2 TOUCH_MOVE i
1400735340200 6 4098 542.5 850.451 0.26666668 5.0 5.0 5.0 5.0 0.0 0.208 1 TOUCH_UP i
1400735340405 6 4098 359.5 1089.4509 0.26666668 4.0 4.0 4.0 4.0 0.0 0.23200001 0 TOUCH_DOWN v
1400735340412 6 4098 359.5 1089.4509 0.3 5.0 5.0 5.0 5.0 0.0 0.23600002 2 TOUCH_MOVE v
1400735340480 6 4098 359.0 1089.9509 0.26666668 4.0 4.0 4.0 4.0 0.0 0.216 2 TOUCH_MOVE v
1400735340483 6 4098 359.0 1089.9509 0.20000002 3.0 3.0 3.0 3.0 0.0 0.18800001 2 TOUCH_MOVE v
1400735340487 6 4098 359.0 1089.9509 0.20000002 3.0 3.0 3.0 3.0 0.0 0.18800001 1 TOUCH_UP v
1400735340542 6 4098 543.5 833.951 0.33333334 5.0 5.0 5.0 5.0 0.0 0.24000001 0 TOUCH_DOWN i
1400735340565 6 4098 543.5 833.951 0.33333334 5.0 5.0 5.0 5.0 0.0 0.24800001 2 TOUCH_MOVE i
1400735340580 6 4098 542.9213 833.951 0.33333334 5.0 5.0 5.0 5.0 0.0 0.24800001 2 TOUCH_MOVE i
1400735340604 6 4098 543.0 833.951 0.13333334 2.0 2.0 2.0 2.0 0.0 0.112 2 TOUCH_MOVE i
1400735340622 6 4098 543.0 833.951 0.13333334 2.0 2.0 2.0 2.0 0.0 0.112 1 TOUCH_UP i
1400735341353 6 4098 506.0 1103.9509 0.33333334 5.0 5.0 5.0 5.0 0.0 0.23600002 0 TOUCH_DOWN n
1400735341428 6 4098 506.0 1103.9509 0.26666668 4.0 4.0 4.0 4.0 0.0 0.2 2 TOUCH_MOVE n
1400735341433 6 4098 506.0 1103.9509 0.26666668 4.0 4.0 4.0 4.0 0.0 0.2 1 TOUCH_UP n
1400735341501 6 4098 370.5 990.951 0.33333334 5.0 5.0 5.0 5.0 0.0 0.24000001 0 TOUCH_DOWN g
1400735341563 6 4098 369.99823 990.951 0.33333334 5.0 5.0 5.0 5.0 0.0 0.23200001 2 TOUCH_MOVE g
1400735341590 6 4098 369.5 990.951 0.23333335 5.0 5.0 5.0 5.0 0.0 0.18400002 2 TOUCH_MOVE g
1400735341594 6 4098 369.5 990.951 0.23333335 5.0 5.0 5.0 5.0 0.0 0.18400002 1 TOUCH_UP g
