1400735929382 6 4098 94.5 824.451 0.33333334 5.0 5.0 5.0 5.0 0.0 0.224 0 TOUCH_DOWN W
1400735929423 6 4098 95.727264 824.451 0.3 5.0 5.0 5.0 5.0 0.0 0.22800002 2 TOUCH_MOVE W
1400735929430 6 4098 96.25 824.451 0.3 5.0 5.0 5.0 5.0 0.0 0.224 2 TOUCH_MOVE W
1400735929444 6 4098 96.0 824.451 0.26666668 4.0 4.0 4.0 4.0 0.0 0.18 2 TOUCH_MOVE W
1400735929448 6 4098 96.0 824.451 0.26666668 4.0 4.0 4.0 4.0 0.0 0.18 1 TOUCH_UP W
1400735929563 6 4098 202.0 843.451 0.3 5.0 5.0 5.0 5.0 0.0 0.22800002 0 TOUCH_DOWN e
1400735929578 6 4098 202.0 843.451 0.3 5.0 5.0 5.0 5.0 0.0 0.23200001 2 TOUCH_MOVE e
1400735929594 6 4098 202.82185 843.451 0.33333334 5.0 5.0 5.0 5.0 0.0 0.24000001 2 TOUCH_MOVE e
1400735929611 6 4098 203.25 843.451 0.33333334 5.0 5.0 5.0 5.0 0.0 0.23600002 2 TOUCH_MOVE e
1400735929636 6 4098 203.0 843.451 0.13333334 2.0 2.0 2.0 2.0 0.0 0.16800001 2 TOUCH_MOVE e
1400735929642 6 4098 203.0 843.451 0.13333334 2.0 2.0 2.0 2.0 0.0 0.16800001 1 TOUCH_UP e
1400735929765 6 4098 365.5 1232.9509 0.23333335 4.0 4.0 4.0 4.0 0.0 0.208 0 TOUCH_DOWN Space
1400735929798 6 4098 365.5 1231.7501 0.23333335 4.0 4.0 4.0 4.0 0.0 0.21200001 2 TOUCH_MOVE Space
1400735929817 6 4098 365.5 1230.0764 0.23333335 4.0 4.0 4.0 4.0 0.0 0.216 2 TOUCH_MOVE Space
1400735929828 6 4098 365.82248 1229.4509 0.23333335 4.0 4.0 4.0 4.0 0.0 0.20400001 2 TOUCH_MOVE Space
1400735929845 6 4098 366.0 1229.4509 0.20000002 3.0 3.0 3.0 3.0 0.0 0.16000001 2 TOUCH_MOVE Space
1400735929849 6 4098 366.0 1229.4509 0.20000002 3.0 3.0 3.0 3.0 0.0 0.16000001 1 TOUCH_UP Space
1400735929923 6 4098 51.0 979.951 0.20000002 3.0 3.0 3.0 3.0 0.0 0.2 0 TOUCH_DOWN a
1400735929932 6 4098 51.0 979.951 0.20000002 3.0 3.0 3.0 3.0 0.0 0.208 2 TOUCH_MOVE a
1400735929961 6 4098 54.986294 980.951 0.20000002 3.0 3.0 3.0 3.0 0.0 0.21200001 2 TOUCH_MOVE a
1400735929978 6 4098 58.485413 980.951 0.20000002 3.0 3.0 3.0 3.0 0.0 0.21200001 2 TOUCH_MOVE a
1400735929995 6 4098 60.466732 981.451 0.20000002 3.0 3.0 3.0 3.0 0.0 0.21200001 2 TOUCH_MOVE a
1400735930007 6 4098 61.0 981.451 0.20000002 3.0 3.0 3.0 3.0 0.0 0.192 2 TOUCH_MOVE a
1400735930013 6 4098 61.0 981.451 0.20000002 3.0 3.0 3.0 3.0 0.0 0.192 1 TOUCH_UP a
1400735930227 6 4098 238.5 856.451 0.3 5.0 5.0 5.0 5.0 0.0 0.23200001 0 TOUCH_DOWN r
1400735930252 6 4098 238.5 856.451 0.3 5.0 5.0 5.0 5.0 0.0 0.23600002 2 TOUCH_MOVE r
1400735930293 6 4098 238.5 856.451 0.20000002 4.0 4.0 4.0 4.0 0.0 0.17600001 2 TOUCH_MOVE r
1400735930297 6 4098 238.5 856.451 0.20000002 4.0 4.0 4.0 4.0 0.0 0.17600001 1 TOUCH_UP r
1400735930417 6 4098 144.0 833.951 0.3 5.0 5.0 5.0 5.0 0.0 0.22000001 0 TOUCH_DOWN e
1400735930429 6 4098 144.0 833.951 0.3 5.0 5.0 5.0 5.0 0.0 0.224 2 TOUCH_MOVE e
1400735930447 6 4098 145.48999 834.946 0.3 5.0 5.0 5.0 5.0 0.0 0.23200001 2 TOUCH_MOVE e
1400735930462 6 4098 147.38156 835.8918 0.3 5.0 5.0 5.0 5.0 0.0 0.22800002 2 TOUCH_MOVE e
1400735930478 6 4098 148.0 836.86584 0.3 5.0 5.0 5.0 5.0 0.0 0.22000001 2 TOUCH_MOVE e
1400735930483 6 4098 148.0 836.951 0.26666668 4.0 4.0 4.0 4.0 0.0 0.2 2 TOUCH_MOVE e
1400735930488 6 4098 148.0 836.951 0.26666668 4.0 4.0 4.0 4.0 0.0 0.2 1 TOUCH_UP e
1400735930640 6 4098 352.5 1218.4509 0.23333335 4.0 4.0 4.0 4.0 0.0 0.208 0 TOUCH_DOWN Space
1400735930645 6 4098 352.5 1218.4509 0.23333335 4.0 4.0 4.0 4.0 0.0 0.21200001 2 TOUCH_MOVE Space
1400735930695 6 4098 351.90903 1218.4509 0.23333335 4.0 4.0 4.0 4.0 0.0 0.216 2 TOUCH_MOVE Space
1400735930731 6 4098 351.90903 1218.4509 0.23333335 4.0 4.0 4.0 4.0 0.0 0.216 1 TOUCH_UP Space
1400735931809 6 4098 309.0 841.951 0.33333334 5.0 5.0 5.0 5.0 0.0 0.23600002 0 TOUCH_DOWN t
1400735931865 6 4098 308.0 842.951 0.26666668 4.0 4.0 4.0 4.0 0.0 0.224 2 TOUCH_MOVE t
1400735931867 6 4098 308.0 842.951 0.16666667 3.0 3.0 3.0 3.0 0.0 0.18800001 2 TOUCH_MOVE t
1400735931871 6 4098 308.0 842.951 0.16666667 3.0 3.0 3.0 3.0 0.0 0.18800001 1 TOUCH_UP t
1400735931954 6 4098 429.5 955.451 0.33333334 5.0 5.0 5.0 5.0 0.0 0.23600002 0 TOUCH_DOWN h
1400735931963 6 4098 429.5 955.451 0.33333334 5.0 5.0 5.0 5.0 0.0 0.24000001 2 TOUCH_MOVE h
1400735932013 6 4098 429.5 955.451 0.26666668 4.0 4.0 4.0 4.0 0.0 0.20400001 2 TOUCH_MOVE h
1400735932017 6 4098 429.5 955.451 0.26666668 4.0 4.0 4.0 4.0 0.0 0.20400001 1 TOUCH_UP h
1400735932071 6 4098 166.0 849.451 0.26666668 5.0 5.0 5.0 5.0 0.0 0.22000001 0 TOUCH_DOWN e
1400735932097 6 4098 166.93459 849.451 0.3 5.0 5.0 5.0 5.0 0.0 0.22800002 2 TOUCH_MOVE e
1400735932113 6 4098 169.2999 849.451 0.3 5.0 5.0 5.0 5.0 0.0 0.23200001 2 TOUCH_MOVE e
1400735932139 6 4098 170.86122 849.451 0.3 5.0 5.0 5.0 5.0 0.0 0.22800002 2 TOUCH_MOVE e
1400735932151 6 4098 171.0 849.451 0.26666668 5.0 5.0 5.0 5.0 0.0 0.22000001 2 TOUCH_MOVE e
1400735932153 6 4098 171.0 849.451 0.23333335 5.0 5.0 5.0 5.0 0.0 0.172 2 TOUCH_MOVE e
1400735932159 6 4098 171.0 849.451 0.23333335 5.0 5.0 5.0 5.0 0.0 0.172 1 TOUCH_UP e
1400735932241 6 4098 359.0 1229.9509 0.23333335 4.0 4.0 4.0 4.0 0.0 0.208 0 TOUCH_DOWN Space
1400735932247 6 4098 359.0 1229.9509 0.23333335 4.0 4.0 4.0 4.0 0.0 0.216 2 TOUCH_MOVE Space
1400735932264 6 4098 359.0 1229.414 0.26666668 5.0 5.0 5.0 5.0 0.0 0.22000001 2 TOUCH_MOVE Space
1400735932281 6 4098 359.0 1226.3098 0.23333335 4.0 4.0 4.0 4.0 0.0 0.22000001 2 TOUCH_MOVE Space
1400735932297 6 4098 359.50565 1225.4453 0.23333335 4.0 4.0 4.0 4.0 0.0 0.21200001 2 TOUCH_MOVE Space
1400735932313 6 4098 360.96896 1224.4819 0.23333335 4.0 4.0 4.0 4.0 0.0 0.2 2 TOUCH_MOVE Space
1400735932317 6 4098 361.0 1224.4509 0.20000002 3.0 3.0 3.0 3.0 0.0 0.148 2 TOUCH_MOVE Space
1400735932321 6 4098 361.0 1224.4509 0.20000002 3.0 3.0 3.0 3.0 0.0 0.148 1 TOUCH_UP Space
1400735932639 6 4098 101.5 851.451 0.26666668 5.0 5.0 5.0 5.0 0.0 0.21200001 0 TOUCH_DOWN w
1400735932647 6 4098 101.5 851.451 0.26666668 5.0 5.0 5.0 5.0 0.0 0.22000001 2 TOUCH_MOVE w
1400735932667 6 4098 102.2128 851.451 0.26666668 5.0 5.0 5.0 5.0 0.0 0.224 2 TOUCH_MOVE w
1400735932685 6 4098 103.18052 851.451 0.26666668 5.0 5.0 5.0 5.0 0.0 0.224 2 TOUCH_MOVE w
1400735932697 6 4098 103.75 851.451 0.26666668 5.0 5.0 5.0 5.0 0.0 0.22000001 2 TOUCH_MOVE w
1400735932714 6 4098 103.5 851.451 0.20000002 4.0 4.0 4.0 4.0 0.0 0.19600001 2 TOUCH_MOVE w
1400735932725 6 4098 103.5 851.451 0.20000002 4.0 4.0 4.0 4.0 0.0 0.15200001 2 TOUCH_MOVE w
1400735932728 6 4098 103.5 851.451 0.20000002 4.0 4.0 4.0 4.0 0.0 0.15200001 1 TOUCH_UP w
1400735932818 6 4098 609.5 813.451 0.3 5.0 5.0 5.0 5.0 0.0 0.22800002 0 TOUCH_DOWN o
1400735932831 6 4098 609.5 813.451 0.3 5.0 5.0 5.0 5.0 0.0 0.23200001 2 TOUCH_MOVE o
1400735932887 6 4098 609.5 813.451 0.3 5.0 5.0 5.0 5.0 0.0 0.23200001 1 TOUCH_UP o
1400735933070 6 4098 261.0 846.451 0.3 5.0 5.0 5.0 5.0 0.0 0.24000001 0 TOUCH_DOWN r
1400735933131 6 4098 260.0 846.951 0.3 5.0 5.0 5.0 5.0 0.0 0.23600002 2 TOUCH_MOVE r
1400735933148 6 4098 260.0 846.951 0.20000002 4.0 4.0 4.0 4.0 0.0 0.17600001 2 TOUCH_MOVE r
1400735933152 6 4098 260.0 846.951 0.20000002 4.0 4.0 4.0 4.0 0.0 0.17600001 1 TOUCH_UP r
1400735933199 6 4098 649.5 955.451 0.26666668 4.0 4.0 4.0 4.0 0.0 0.21200001 0 TOUCH_DOWN l
1400735933215 6 4098 649.5 955.451 0.26666668 4.0 4.0 4.0 4.0 0.0 0.216 2 TOUCH_MOVE l
1400735933254 6 4098 649.5 955.451 0.26666668 4.0 4.0 4.0 4.0 0.0 0.216 1 TOUCH_UP l
1400735933572 6 4098 222.5 969.451 0.3 5.0 5.0 5.0 5.0 0.0 0.224 0 TOUCH_DOWN d
1400735933583 6 4098 222.5 969.451 0.3 5.0 5.0 5.0 5.0 0.0 0.22800002 2 TOUCH_MOVE d
1400735933615 6 4098 223.04109 969.451 0.3 5.0 5.0 5.0 5.0 0.0 0.23200001 2 TOUCH_MOVE d
1400735933649 6 4098 223.0 969.451 0.23333335 5.0 5.0 5.0 5.0 0.0 0.2 2 TOUCH_MOVE d
1400735933658 6 4098 223.0 969.451 0.16666667 3.0 3.0 3.0 3.0 0.0 0.108 2 TOUCH_MOVE d
1400735933663 6 4098 223.0 969.451 0.16666667 3.0 3.0 3.0 3.0 0.0 0.108 1 TOUCH_UP d
1400735934256 6 4098 429.5 1220.4509 0.26666668 5.0 5.0 5.0 5.0 0.0 0.22000001 0 TOUCH_DOWN ,
1400735934265 6 4098 429.5 1220.4509 0.23333335 4.0 4.0 4.0 4.0 0.0 0.224 2 TOUCH_MOVE ,
1400735934299 6 4098 428.29117 1219.7421 0.26666668 5.0 5.0 5.0 5.0 0.0 0.224 2 TOUCH_MOVE ,
1400735934330 6 4098 428.29117 1219.7421 0.26666668 5.0 5.0 5.0 5.0 0.0 0.224 1 TOUCH_UP ,
1400735934482 6 4098 336.0 1214.4509 0.26666668 5.0 5.0 5.0 5.0 0.0 0.22000001 0 TOUCH_DOWN Space
1400735934523 6 4098 336.0 1214.4509 0.26666668 5.0 5.0 5.0 5.0 0.0 0.224 2 TOUCH_MOVE Space
1400735934549 6 4098 336.0 1214.4509 0.23333335 4.0 4.0 4.0 4.0 0.0 0.192 2 TOUCH_MOVE Space
1400735934553 6 4098 336.0 1214.4509 0.23333335 4.0 4.0 4.0 4.0 0.0 0.192 1 TOUCH_UP Space
1400735934651 6 4098 85.5 845.451 0.23333335 4.0 4.0 4.0 4.0 0.0 0.20400001 0 TOUCH_DOWN w
1400735934671 6 4098 85.903885 845.451 0.26666668 4.0 4.0 4.0 4.0 0.0 0.216 2 TOUCH_MOVE w
1400735934682 6 4098 89.83665 843.7163 0.3 5.0 5.0 5.0 5.0 0.0 0.224 2 TOUCH_MOVE w
1400735934700 6 4098 94.30676 842.12427 0.3 5.0 5.0 5.0 5.0 0.0 0.22800002 2 TOUCH_MOVE w
1400735934716 6 4098 96.788925 841.16205 0.3 5.0 5.0 5.0 5.0 0.0 0.22800002 2 TOUCH_MOVE w
1400735934740 6 4098 97.0 840.951 0.3 5.0 5.0 5.0 5.0 0.0 0.224 2 TOUCH_MOVE w
1400735934746 6 4098 97.0 840.951 0.3 5.0 5.0 5.0 5.0 0.0 0.224 1 TOUCH_UP w
1400735934862 6 4098 190.5 847.951 0.3 5.0 5.0 5.0 5.0 0.0 0.224 0 TOUCH_DOWN e
1400735934883 6 4098 190.5 847.951 0.3 5.0 5.0 5.0 5.0 0.0 0.23600002 2 TOUCH_MOVE e
1400735934901 6 4098 191.13124 847.951 0.3 5.0 5.0 5.0 5.0 0.0 0.24000001 2 TOUCH_MOVE e
1400735934932 6 4098 190.5 847.951 0.3 5.0 5.0 5.0 5.0 0.0 0.224 2 TOUCH_MOVE e
1400735934939 6 4098 190.5 847.951 0.23333335 4.0 4.0 4.0 4.0 0.0 0.192 2 TOUCH_MOVE e
1400735934943 6 4098 190.5 847.951 0.23333335 4.0 4.0 4.0 4.0 0.0 0.192 1 TOUCH_UP e
1400735935022 6 4098 356.0 1230.9509 0.20000002 4.0 4.0 4.0 4.0 0.0 0.20400001 0 TOUCH_DOWN Space
1400735935033 6 4098 356.0 1230.9509 0.23333335 4.0 4.0 4.0 4.0 0.0 0.20400001 2 TOUCH_MOVE Space
1400735935085 6 4098 356.0 1230.9509 0.13333334 2.0 2.0 2.0 2.0 0.0 0.18 2 TOUCH_MOVE Space
1400735935090 6 4098 356.0 1230.9509 0.13333334 2.0 2.0 2.0 2.0 0.0 0.18 1 TOUCH_UP Space
1400735935278 6 4098 57.0 968.451 0.16666667 3.0 3.0 3.0 3.0 0.0 0.2 0 TOUCH_DOWN a
1400735935295 6 4098 57.079876 968.451 0.16666667 3.0 3.0 3.0 3.0 0.0 0.20400001 2 TOUCH_MOVE a
1400735935322 6 4098 63.006863 968.951 0.23333335 4.0 4.0 4.0 4.0 0.0 0.216 2 TOUCH_MOVE a
1400735935333 6 4098 65.30108 968.951 0.23333335 4.0 4.0 4.0 4.0 0.0 0.22000001 2 TOUCH_MOVE a
1400735935350 6 4098 67.0 968.951 0.23333335 4.0 4.0 4.0 4.0 0.0 0.216 2 TOUCH_MOVE a
1400735935370 6 4098 67.0 968.951 0.23333335 4.0 4.0 4.0 4.0 0.0 0.216 1 TOUCH_UP a
1400735935594 6 4098 251.0 845.451 0.3 5.0 5.0 5.0 5.0 0.0 0.224 0 TOUCH_DOWN r
1400735935617 6 4098 251.0 845.451 0.3 5.0 5.0 5.0 5.0 0.0 0.23200001 2 TOUCH_MOVE r
1400735935633 6 4098 251.0 844.6781 0.33333334 5.0 5.0 5.0 5.0 0.0 0.24400002 2 TOUCH_MOVE r
1400735935650 6 4098 250.71349 843.6645 0.33333334 5.0 5.0 5.0 5.0 0.0 0.23600002 2 TOUCH_MOVE r
1400735935666 6 4098 247.0 842.451 0.26666668 4.0 4.0 4.0 4.0 0.0 0.18800001 2 TOUCH_MOVE r
1400735935670 6 4098 247.0 842.451 0.26666668 4.0 4.0 4.0 4.0 0.0 0.18800001 1 TOUCH_UP r
1400735935788 6 4098 157.5 820.451 0.3 5.0 5.0 5.0 5.0 0.0 0.22800002 0 TOUCH_DOWN e
1400735935800 6 4098 157.5 820.451 0.3 5.0 5.0 5.0 5.0 0.0 0.23200001 2 TOUCH_MOVE e
1400735935864 6 4098 157.0 820.451 0.26666668 4.0 4.0 4.0 4.0 0.0 0.216 2 TOUCH_MOVE e
1400735935867 6 4098 157.0 820.451 0.26666668 4.0 4.0 4.0 4.0 0.0 0.18 2 TOUCH_MOVE e
1400735935872 6 4098 157.0 820.451 0.26666668 4.0 4.0 4.0 4.0 0.0 0.18 1 TOUCH_UP e
1400735935952 6 4098 348.5 1228.9509 0.23333335 4.0 4.0 4.0 4.0 0.0 0.216 0 TOUCH_DOWN Space
1400735935984 6 4098 346.85706 1226.808 0.26666668 5.0 5.0 5.0 5.0 0.0 0.22000001 2 TOUCH_MOVE Space
1400735936000 6 4098 346.5 1224.8745 0.26666668 5.0 5.0 5.0 5.0 0.0 0.22000001 2 TOUCH_MOVE Space
1400735936017 6 4098 346.5 1224.2009 0.23333335 4.0 4.0 4.0 4.0 0.0 0.216 2 TOUCH_MOVE Space
1400735936029 6 4098 346.5 1224.4509 0.16666667 3.0 3.0 3.0 3.0 0.0 0.18400002 2 TOUCH_MOVE Space
1400735936032 6 4098 346.5 1224.4509 0.16666667 3.0 3.0 3.0 3.0 0.0 0.18400002 1 TOUCH_UP Space
1400735936242 6 4098 315.5 837.951 0.33333334 5.0 5.0 5.0 5.0 0.0 0.23600002 0 TOUCH_DOWN t
1400735936284 6 4098 315.0815 839.28796 0.3 5.0 5.0 5.0 5.0 0.0 0.23200001 2 TOUCH_MOVE t
1400735936300 6 4098 314.5 841.951 0.23333335 4.0 4.0 4.0 4.0 0.0 0.2 2 TOUCH_MOVE t
1400735936305 6 4098 314.5 841.951 0.13333334 2.0 2.0 2.0 2.0 0.0 0.112 2 TOUCH_MOVE t
1400735936311 6 4098 314.5 841.951 0.13333334 2.0 2.0 2.0 2.0 0.0 0.112 1 TOUCH_UP t
1400735936412 6 4098 417.5 933.451 0.3 5.0 5.0 5.0 5.0 0.0 0.22800002 0 TOUCH_DOWN h
1400735936420 6 4098 417.5 933.451 0.33333334 5.0 5.0 5.0 5.0 0.0 0.22800002 2 TOUCH_MOVE h
1400735936452 6 4098 417.5 933.451 0.26666668 4.0 4.0 4.0 4.0 0.0 0.192 2 TOUCH_MOVE h
1400735936456 6 4098 417.5 933.451 0.26666668 4.0 4.0 4.0 4.0 0.0 0.192 1 TOUCH_UP h
1400735936523 6 4098 184.0 831.451 0.33333334 5.0 5.0 5.0 5.0 0.0 0.23200001 0 TOUCH_DOWN e
1400735936534 6 4098 184.0 831.451 0.33333334 5.0 5.0 5.0 5.0 0.0 0.23600002 2 TOUCH_MOVE e
1400735936567 6 4098 185.25 831.451 0.33333334 5.0 5.0 5.0 5.0 0.0 0.23200001 2 TOUCH_MOVE e
1400735936584 6 4098 185.0 831.451 0.3 5.0 5.0 5.0 5.0 0.0 0.208 2 TOUCH_MOVE e
1400735936591 6 4098 185.0 831.451 0.23333335 4.0 4.0 4.0 4.0 0.0 0.164 2 TOUCH_MOVE e
1400735936594 6 4098 185.0 831.451 0.23333335 4.0 4.0 4.0 4.0 0.0 0.164 1 TOUCH_UP e
1400735936704 6 4098 372.5 1233.9509 0.20000002 4.0 4.0 4.0 4.0 0.0 0.2 0 TOUCH_DOWN Space
1400735936721 6 4098 372.5 1233.9509 0.23333335 4.0 4.0 4.0 4.0 0.0 0.20400001 2 TOUCH_MOVE Space
1400735936752 6 4098 372.0 1232.5331 0.26666668 5.0 5.0 5.0 5.0 0.0 0.21200001 2 TOUCH_MOVE Space
1400735936768 6 4098 372.0 1231.7009 0.26666668 5.0 5.0 5.0 5.0 0.0 0.208 2 TOUCH_MOVE Space
1400735936786 6 4098 372.0 1231.7009 0.26666668 5.0 5.0 5.0 5.0 0.0 0.208 1 TOUCH_UP Space
1400735937026 6 4098 281.0 1074.9509 0.26666668 4.0 4.0 4.0 4.0 0.0 0.216 0 TOUCH_DOWN c
1400735937084 6 4098 281.0 1074.9509 0.23333335 5.0 5.0 5.0 5.0 0.0 0.18400002 2 TOUCH_MOVE c
1400735937088 6 4098 281.0 1074.9509 0.23333335 5.0 5.0 5.0 5.0 0.0 0.18400002 1 TOUCH_UP c
1400735937171 6 4098 417.5 964.451 0.26666668 4.0 4.0 4.0 4.0 0.0 0.23200001 0 TOUCH_DOWN h
1400735937221 6 4098 417.5 964.451 0.26666668 4.0 4.0 4.0 4.0 0.0 0.23200001 1 TOUCH_UP h
1400735937354 6 4098 528.5 809.451 0.3 5.0 5.0 5.0 5.0 0.0 0.23600002 0 TOUCH_DOWN i
1400735937386 6 4098 527.9883 809.451 0.3 5.0 5.0 5.0 5.0 0.0 0.23200001 2 TOUCH_MOVE i
1400735937405 6 4098 528.0 809.451 0.20000002 4.0 4.0 4.0 4.0 0.0 0.192 2 TOUCH_MOVE i
1400735937413 6 4098 528.0 809.451 0.20000002 4.0 4.0 4.0 4.0 0.0 0.192 1 TOUCH_UP i
1400735937584 6 4098 654.0 967.451 0.20000002 4.0 4.0 4.0 4.0 0.0 0.20400001 0 TOUCH_DOWN l
1400735937589 6 4098 654.0 967.451 0.20000002 4.0 4.0 4.0 4.0 0.0 0.21200001 2 TOUCH_MOVE l
1400735937621 6 4098 651.9117 968.4951 0.23333335 4.0 4.0 4.0 4.0 0.0 0.21200001 2 TOUCH_MOVE l
1400735937635 6 4098 651.25 969.201 0.26666668 5.0 5.0 5.0 5.0 0.0 0.21200001 2 TOUCH_MOVE l
1400735937650 6 4098 651.25 969.201 0.26666668 5.0 5.0 5.0 5.0 0.0 0.21200001 1 TOUCH_UP l
1400735937761 6 4098 219.0 977.951 0.3 5.0 5.0 5.0 5.0 0.0 0.22800002 0 TOUCH_DOWN d
1400735937769 6 4098 219.0 977.951 0.3 5.0 5.0 5.0 5.0 0.0 0.224 2 TOUCH_MOVE d
1400735937863 6 4098 219.0 977.951 0.20000002 4.0 4.0 4.0 4.0 0.0 0.18 2 TOUCH_MOVE d
1400735937869 6 4098 219.0 977.951 0.20000002 4.0 4.0 4.0 4.0 0.0 0.18 1 TOUCH_UP d
1400735938131 6 4098 253.0 848.951 0.3 5.0 5.0 5.0 5.0 0.0 0.22800002 0 TOUCH_DOWN r
1400735938153 6 4098 253.0 848.951 0.3 5.0 5.0 5.0 5.0 0.0 0.23600002 2 TOUCH_MOVE r
1400735938186 6 4098 252.67343 848.12445 0.33333334 5.0 5.0 5.0 5.0 0.0 0.24000001 2 TOUCH_MOVE r
1400735938202 6 4098 251.5 847.451 0.26666668 4.0 4.0 4.0 4.0 0.0 0.22800002 2 TOUCH_MOVE r
1400735938215 6 4098 251.5 847.451 0.23333335 4.0 4.0 4.0 4.0 0.0 0.20400001 2 TOUCH_MOVE r
1400735938219 6 4098 251.5 847.451 0.23333335 4.0 4.0 4.0 4.0 0.0 0.20400001 1 TOUCH_UP r
1400735938340 6 4098 151.0 830.451 0.33333334 5.0 5.0 5.0 5.0 0.0 0.224 0 TOUCH_DOWN e
1400735938352 6 4098 151.47939 830.451 0.33333334 5.0 5.0 5.0 5.0 0.0 0.23200001 2 TOUCH_MOVE e
1400735938369 6 4098 153.36638 831.38416 0.33333334 5.0 5.0 5.0 5.0 0.0 0.23600002 2 TOUCH_MOVE e
1400735938387 6 4098 154.0 832.2901 0.33333334 5.0 5.0 5.0 5.0 0.0 0.23200001 2 TOUCH_MOVE e
1400735938418 6 4098 153.5 833.451 0.23333335 4.0 4.0 4.0 4.0 0.0 0.18 2 TOUCH_MOVE e
1400735938424 6 4098 153.5 833.451 0.23333335 4.0 4.0 4.0 4.0 0.0 0.18 1 TOUCH_UP e
1400735938557 6 4098 452.0 1108.4509 0.33333334 5.0 5.0 5.0 5.0 0.0 0.22800002 0 TOUCH_DOWN b
1400735938606 6 4098 451.3844 1108.4509 0.33333334 5.0 5.0 5.0 5.0 0.0 0.23200001 2 TOUCH_MOVE b
1400735938631 6 4098 451.3844 1108.4509 0.33333334 5.0 5.0 5.0 5.0 0.0 0.23200001 1 TOUCH_UP b
1400735939432 6 4098 705.0 1066.4509 0.23333335 4.0 4.0 4.0 4.0 0.0 0.2 0 TOUCH_DOWN Back
1400735939440 6 4098 705.0 1066.4509 0.23333335 4.0 4.0 4.0 4.0 0.0 0.208 2 TOUCH_MOVE Back
1400735939473 6 4098 703.366 1067.018 0.26666668 4.0 4.0 4.0 4.0 0.0 0.208 2 TOUCH_MOVE Back
1400735939487 6 4098 702.5 1067.4509 0.13333334 2.0 2.0 2.0 2.0 0.0 0.120000005 2 TOUCH_MOVE Back
1400735939492 6 4098 702.5 1067.4509 0.13333334 2.0 2.0 2.0 2.0 0.0 0.120000005 1 TOUCH_UP Back
1400735939759 6 4098 502.5 1080.9509 0.3 5.0 5.0 5.0 5.0 0.0 0.22800002 0 TOUCH_DOWN n
1400735939804 6 4098 503.12103 1081.2615 0.3 5.0 5.0 5.0 5.0 0.0 0.23200001 2 TOUCH_MOVE n
1400735939820 6 4098 506.0 1081.9509 0.26666668 4.0 4.0 4.0 4.0 0.0 0.216 2 TOUCH_MOVE n
1400735939827 6 4098 506.0 1081.9509 0.13333334 2.0 2.0 2.0 2.0 0.0 0.17600001 2 TOUCH_MOVE n
1400735939830 6 4098 506.0 1081.9509 0.13333334 2.0 2.0 2.0 2.0 0.0 0.17600001 1 TOUCH_UP n
1400735940056 6 4098 686.5 1229.9509 0.20000002 3.0 3.0 3.0 3.0 0.0 0.192 0 TOUCH_DOWN Enter
1400735940105 6 4098 686.5 1229.9509 0.16666667 3.0 3.0 3.0 3.0 0.0 0.18400002 2 TOUCH_MOVE Enter
1400735940113 6 4098 686.5 1229.9509 0.16666667 3.0 3.0 3.0 3.0 0.0 0.18400002 1 TOUCH_UP Enter
1400735941400 6 4098 103.5 846.951 0.26666668 5.0 5.0 5.0 5.0 0.0 0.21200001 0 TOUCH_DOWN W
1400735941426 6 4098 103.5 846.951 0.26666668 5.0 5.0 5.0 5.0 0.0 0.216 2 TOUCH_MOVE W
1400735941439 6 4098 104.0 846.63214 0.3 5.0 5.0 5.0 5.0 0.0 0.22000001 2 TOUCH_MOVE W
1400735941455 6 4098 104.0 846.201 0.3 5.0 5.0 5.0 5.0 0.0 0.22000001 2 TOUCH_MOVE W
1400735941475 6 4098 104.0 846.201 0.3 5.0 5.0 5.0 5.0 0.0 0.22000001 1 TOUCH_UP W
1400735941610 6 4098 205.5 839.451 0.3 5.0 5.0 5.0 5.0 0.0 0.23600002 0 TOUCH_DOWN e
1400735941628 6 4098 205.5 839.451 0.33333334 5.0 5.0 5.0 5.0 0.0 0.24000001 2 TOUCH_MOVE e
1400735941689 6 4098 206.0 839.451 0.26666668 4.0 4.0 4.0 4.0 0.0 0.2 2 TOUCH_MOVE e
1400735941694 6 4098 206.0 839.451 0.26666668 4.0 4.0 4.0 4.0 0.0 0.2 1 TOUCH_UP e
1400735941822 6 4098 398.0 1207.4509 0.26666668 5.0 5.0 5.0 5.0 0.0 0.21200001 0 TOUCH_DOWN ,
1400735941842 6 4098 398.0 1207.8564 0.26666668 5.0 5.0 5.0 5.0 0.0 0.208 2 TOUCH_MOVE ,
1400735941857 6 4098 396.64026 1208.8807 0.26666668 5.0 5.0 5.0 5.0 0.0 0.216 2 TOUCH_MOVE ,
1400735941872 6 4098 395.10532 1209.4509 0.26666668 5.0 5.0 5.0 5.0 0.0 0.216 2 TOUCH_MOVE ,
1400735941904 6 4098 394.5 1209.9509 0.26666668 5.0 5.0 5.0 5.0 0.0 0.208 2 TOUCH_MOVE ,
1400735941909 6 4098 394.5 1209.9509 0.26666668 5.0 5.0 5.0 5.0 0.0 0.208 1 TOUCH_UP ,
1400735941980 6 4098 61.0 967.451 0.16666667 3.0 3.0 3.0 3.0 0.0 0.19600001 0 TOUCH_DOWN a
1400735941991 6 4098 61.140675 967.451 0.20000002 4.0 4.0 4.0 4.0 0.0 0.208 2 TOUCH_MOVE a
1400735942006 6 4098 63.91966 967.451 0.23333335 4.0 4.0 4.0 4.0 0.0 0.216 2 TOUCH_MOVE a
1400735942023 6 4098 69.34957 966.8811 0.26666668 5.0 5.0 5.0 5.0 0.0 0.216 2 TOUCH_MOVE a
1400735942039 6 4098 73.144684 966.451 0.26666668 5.0 5.0 5.0 5.0 0.0 0.21200001 2 TOUCH_MOVE a
1400735942056 6 4098 74.99502 966.451 0.26666668 5.0 5.0 5.0 5.0 0.0 0.21200001 2 TOUCH_MOVE a
1400735942072 6 4098 75.0 966.451 0.23333335 4.0 4.0 4.0 4.0 0.0 0.208 2 TOUCH_MOVE a
1400735942076 6 4098 75.0 966.451 0.23333335 4.0 4.0 4.0 4.0 0.0 0.208 1 TOUCH_UP a
1400735942259 6 4098 263.5 838.951 0.33333334 5.0 5.0 5.0 5.0 0.0 0.24000001 0 TOUCH_DOWN r
1400735942277 6 4098 263.5 838.951 0.33333334 5.0 5.0 5.0 5.0 0.0 0.24400002 2 TOUCH_MOVE r
1400735942306 6 4098 262.08798 838.495 0.33333334 5.0 5.0 5.0 5.0 0.0 0.24000001 2 TOUCH_MOVE r
1400735942318 6 4098 262.0 838.451 0.23333335 4.0 4.0 4.0 4.0 0.0 0.19600001 2 TOUCH_MOVE r
1400735942322 6 4098 262.0 838.451 0.23333335 4.0 4.0 4.0 4.0 0.0 0.19600001 1 TOUCH_UP r
1400735942610 6 4098 649.0 1102.9509 0.26666668 4.0 4.0 4.0 4.0 0.0 0.21200001 0 TOUCH_DOWN Back
1400735942623 6 4098 649.0 1102.9509 0.26666668 4.0 4.0 4.0 4.0 0.0 0.216 2 TOUCH_MOVE Back
1400735942657 6 4098 647.8049 1104.1461 0.3 5.0 5.0 5.0 5.0 0.0 0.22000001 2 TOUCH_MOVE Back
1400735942674 6 4098 646.8294 1105.1216 0.3 5.0 5.0 5.0 5.0 0.0 0.208 2 TOUCH_MOVE Back
1400735942683 6 4098 643.5 1106.4509 0.26666668 5.0 5.0 5.0 5.0 0.0 0.172 2 TOUCH_MOVE Back
1400735942687 6 4098 643.5 1106.4509 0.26666668 5.0 5.0 5.0 5.0 0.0 0.172 1 TOUCH_UP Back
1400735942780 6 4098 635.0 1108.4509 0.3 5.0 5.0 5.0 5.0 0.0 0.21200001 0 TOUCH_DOWN Back
1400735942834 6 4098 635.0 1108.4509 0.3 5.0 5.0 5.0 5.0 0.0 0.21200001 1 TOUCH_UP Back
1400735942920 6 4098 632.0 1102.9509 0.26666668 4.0 4.0 4.0 4.0 0.0 0.21200001 0 TOUCH_DOWN Back
1400735942927 6 4098 632.0 1102.9509 0.26666668 4.0 4.0 4.0 4.0 0.0 0.216 2 TOUCH_MOVE Back
1400735942963 6 4098 631.48584 1102.9509 0.26666668 4.0 4.0 4.0 4.0 0.0 0.216 2 TOUCH_MOVE Back
1400735943026 6 4098 631.48584 1102.9509 0.26666668 4.0 4.0 4.0 4.0 0.0 0.216 1 TOUCH_UP Back
1400735943325 6 4098 342.0 1225.4509 0.26666668 5.0 5.0 5.0 5.0 0.0 0.21200001 0 TOUCH_DOWN Space
1400735943370 6 4098 340.88437 1223.8353 0.26666668 5.0 5.0 5.0 5.0 0.0 0.22000001 2 TOUCH_MOVE Space
1400735943379 6 4098 340.62042 1222.9509 0.23333335 4.0 4.0 4.0 4.0 0.0 0.21200001 2 TOUCH_MOVE Space
1400735943392 6 4098 341.0 1222.9509 0.16666667 3.0 3.0 3.0 3.0 0.0 0.164 2 TOUCH_MOVE Space
1400735943397 6 4098 341.0 1222.9509 0.16666667 3.0 3.0 3.0 3.0 0.0 0.164 1 TOUCH_UP Space
1400735943495 6 4098 48.0 943.951 0.26666668 5.0 5.0 5.0 5.0 0.0 0.192 0 TOUCH_DOWN a
1400735943508 6 4098 48.0 943.951 0.26666668 5.0 5.0 5.0 5.0 0.0 0.19600001 2 TOUCH_MOVE a
1400735943524 6 4098 49.14464 943.951 0.26666668 5.0 5.0 5.0 5.0 0.0 0.20400001 2 TOUCH_MOVE a
1400735943542 6 4098 50.802437 943.951 0.26666668 5.0 5.0 5.0 5.0 0.0 0.20400001 2 TOUCH_MOVE a
1400735943557 6 4098 52.266293 943.951 0.26666668 5.0 5.0 5.0 5.0 0.0 0.19600001 2 TOUCH_MOVE a
1400735943569 6 4098 52.5 943.951 0.26666668 5.0 5.0 5.0 5.0 0.0 0.18800001 2 TOUCH_MOVE a
1400735943572 6 4098 52.5 943.951 0.26666668 5.0 5.0 5.0 5.0 0.0 0.18800001 1 TOUCH_UP a
1400735943773 6 4098 252.5 832.451 0.33333334 5.0 5.0 5.0 5.0 0.0 0.23200001 0 TOUCH_DOWN r
1400735943796 6 4098 252.5 832.451 0.33333334 5.0 5.0 5.0 5.0 0.0 0.23600002 2 TOUCH_MOVE r
1400735943832 6 4098 252.5 832.451 0.23333335 4.0 4.0 4.0 4.0 0.0 0.2 2 TOUCH_MOVE r
1400735943836 6 4098 252.5 832.451 0.23333335 4.0 4.0 4.0 4.0 0.0 0.2 1 TOUCH_UP r
1400735943966 6 4098 154.5 819.951 0.3 5.0 5.0 5.0 5.0 0.0 0.224 0 TOUCH_DOWN e
1400735943975 6 4098 154.5 819.951 0.3 5.0 5.0 5.0 5.0 0.0 0.22800002 2 TOUCH_MOVE e
1400735944024 6 4098 154.5 819.951 0.26666668 4.0 4.0 4.0 4.0 0.0 0.18800001 2 TOUCH_MOVE e
1400735944028 6 4098 154.5 819.951 0.26666668 4.0 4.0 4.0 4.0 0.0 0.18800001 1 TOUCH_UP e
1400735944154 6 4098 340.0 1204.9509 0.26666668 5.0 5.0 5.0 5.0 0.0 0.21200001 0 TOUCH_DOWN Space
1400735944177 6 4098 340.0 1204.9509 0.26666668 5.0 5.0 5.0 5.0 0.0 0.216 2 TOUCH_MOVE Space
1400735944238 6 4098 340.0 1204.9509 0.26666668 5.0 5.0 5.0 5.0 0.0 0.216 1 TOUCH_UP Space
1400735945237 6 4098 312.0 844.451 0.33333334 5.0 5.0 5.0 5.0 0.0 0.24000001 0 TOUCH_DOWN t
1400735945303 6 4098 312.0 844.451 0.13333334 2.0 2.0 2.0 2.0 0.0 0.16000001 2 TOUCH_MOVE t
1400735945313 6 4098 312.0 844.451 0.13333334 2.0 2.0 2.0 2.0 0.0 0.16000001 1 TOUCH_UP t
1400735945407 6 4098 446.5 943.951 0.33333334 5.0 5.0 5.0 5.0 0.0 0.23200001 0 TOUCH_DOWN h
1400735945426 6 4098 446.5 943.951 0.33333334 5.0 5.0 5.0 5.0 0.0 0.23600002 2 TOUCH_MOVE h
1400735945474 6 4098 446.5 943.951 0.33333334 5.0 5.0 5.0 5.0 0.0 0.23600002 1 TOUCH_UP h
1400735945525 6 4098 159.5 836.951 0.3 5.0 5.0 5.0 5.0 0.0 0.224 0 TOUCH_DOWN e
1400735945543 6 4098 159.5 836.951 0.3 5.0 5.0 5.0 5.0 0.0 0.22800002 2 TOUCH_MOVE e
1400735945561 6 4098 160.44077 836.951 0.3 5.0 5.0 5.0 5.0 0.0 0.23200001 2 TOUCH_MOVE e
1400735945578 6 4098 161.25 836.951 0.3 5.0 5.0 5.0 5.0 0.0 0.22800002 2 TOUCH_MOVE e
1400735945591 6 4098 161.25 836.951 0.3 5.0 5.0 5.0 5.0 0.0 0.22800002 1 TOUCH_UP e
1400735945980 6 4098 612.0 850.451 0.26666668 5.0 5.0 5.0 5.0 0.0 0.216 0 TOUCH_DOWN o
1400735945993 6 4098 612.0 850.451 0.3 5.0 5.0 5.0 5.0 0.0 0.224 2 TOUCH_MOVE o
1400735946044 6 4098 611.5 850.451 0.26666668 5.0 5.0 5.0 5.0 0.0 0.224 2 TOUCH_MOVE o
1400735946048 6 4098 611.5 850.451 0.26666668 5.0 5.0 5.0 5.0 0.0 0.224 1 TOUCH_UP o
1400735946179 6 4098 480.5 1125.9509 0.26666668 4.0 4.0 4.0 4.0 0.0 0.22000001 0 TOUCH_DOWN n
1400735946197 6 4098 480.5 1125.9509 0.26666668 4.0 4.0 4.0 4.0 0.0 0.224 2 TOUCH_MOVE n
1400735946243 6 4098 481.48444 1125.4664 0.3 5.0 5.0 5.0 5.0 0.0 0.224 2 TOUCH_MOVE n
1400735946255 6 4098 481.5 1125.4509 0.23333335 4.0 4.0 4.0 4.0 0.0 0.18 2 TOUCH_MOVE n
1400735946261 6 4098 481.5 1125.4509 0.23333335 4.0 4.0 4.0 4.0 0.0 0.18 1 TOUCH_UP n
1400735946288 6 4098 159.5 846.951 0.26666668 5.0 5.0 5.0 5.0 0.0 0.22000001 0 TOUCH_DOWN e
1400735946333 6 4098 160.0 847.35065 0.3 5.0 5.0 5.0 5.0 0.0 0.224 2 TOUCH_MOVE e
1400735946342 6 4098 160.0 847.451 0.23333335 5.0 5.0 5.0 5.0 0.0 0.18400002 2 TOUCH_MOVE e
1400735946347 6 4098 160.0 847.451 0.23333335 5.0 5.0 5.0 5.0 0.0 0.18400002 1 TOUCH_UP e
1400735946680 6 4098 648.5 1092.4509 0.23333335 4.0 4.0 4.0 4.0 0.0 0.208 0 TOUCH_DOWN Back
1400735946739 6 4098 648.0 1092.9509 0.23333335 4.0 4.0 4.0 4.0 0.0 0.2 2 TOUCH_MOVE Back
1400735946747 6 4098 648.0 1092.9509 0.23333335 4.0 4.0 4.0 4.0 0.0 0.2 1 TOUCH_UP Back
1400735946828 6 4098 638.0 1084.4509 0.23333335 4.0 4.0 4.0 4.0 0.0 0.208 0 TOUCH_DOWN Back
1400735946846 6 4098 638.0 1084.4509 0.23333335 4.0 4.0 4.0 4.0 0.0 0.21200001 2 TOUCH_MOVE Back
1400735946877 6 4098 638.0 1085.6102 0.23333335 4.0 4.0 4.0 4.0 0.0 0.208 2 TOUCH_MOVE Back
1400735946898 6 4098 638.0 1085.9509 0.23333335 4.0 4.0 4.0 4.0 0.0 0.20400001 2 TOUCH_MOVE Back
1400735946903 6 4098 638.0 1085.9509 0.23333335 4.0 4.0 4.0 4.0 0.0 0.20400001 1 TOUCH_UP Back
1400735946994 6 4098 629.0 1079.4509 0.23333335 4.0 4.0 4.0 4.0 0.0 0.208 0 TOUCH_DOWN Back
1400735947010 6 4098 629.0 1079.4509 0.23333335 4.0 4.0 4.0 4.0 0.0 0.21200001 2 TOUCH_MOVE Back
1400735947061 6 4098 629.0 1079.9827 0.23333335 4.0 4.0 4.0 4.0 0.0 0.21200001 2 TOUCH_MOVE Back
1400735947095 6 4098 629.0 1080.4889 0.20000002 4.0 4.0 4.0 4.0 0.0 0.192 2 TOUCH_MOVE Back
1400735947105 6 4098 629.0 1080.4509 0.20000002 4.0 4.0 4.0 4.0 0.0 0.156 2 TOUCH_MOVE Back
1400735947112 6 4098 629.0 1080.4509 0.20000002 4.0 4.0 4.0 4.0 0.0 0.156 1 TOUCH_UP Back
1400735947366 6 4098 359.0 1228.4509 0.23333335 4.0 4.0 4.0 4.0 0.0 0.208 0 TOUCH_DOWN Space
1400735947429 6 4098 362.64032 1222.9905 0.23333335 4.0 4.0 4.0 4.0 0.0 0.21200001 2 TOUCH_MOVE Space
1400735947432 6 4098 363.0 1222.4509 0.23333335 4.0 4.0 4.0 4.0 0.0 0.2 2 TOUCH_MOVE Space
1400735947435 6 4098 363.0 1222.4509 0.23333335 4.0 4.0 4.0 4.0 0.0 0.2 1 TOUCH_UP Space
1400735947620 6 4098 613.5 839.951 0.3 5.0 5.0 5.0 5.0 0.0 0.224 0 TOUCH_DOWN o
1400735947630 6 4098 613.5 839.951 0.3 5.0 5.0 5.0 5.0 0.0 0.22800002 2 TOUCH_MOVE o
1400735947650 6 4098 612.5301 839.951 0.3 5.0 5.0 5.0 5.0 0.0 0.23200001 2 TOUCH_MOVE o
1400735947664 6 4098 611.065 839.951 0.3 5.0 5.0 5.0 5.0 0.0 0.23200001 2 TOUCH_MOVE o
1400735947678 6 4098 610.5 840.451 0.26666668 5.0 5.0 5.0 5.0 0.0 0.20400001 2 TOUCH_MOVE o
1400735947683 6 4098 610.5 840.451 0.16666667 3.0 3.0 3.0 3.0 0.0 0.108 2 TOUCH_MOVE o
1400735947688 6 4098 610.5 840.451 0.16666667 3.0 3.0 3.0 3.0 0.0 0.108 1 TOUCH_UP o
1400735947803 6 4098 503.0 1072.9509 0.3 5.0 5.0 5.0 5.0 0.0 0.22000001 0 TOUCH_DOWN n
1400735947887 6 4098 503.0 1072.9509 0.3 5.0 5.0 5.0 5.0 0.0 0.22000001 1 TOUCH_UP n
1400735947955 6 4098 170.0 843.451 0.3 5.0 5.0 5.0 5.0 0.0 0.224 0 TOUCH_DOWN e
1400735947978 6 4098 170.0 843.451 0.3 5.0 5.0 5.0 5.0 0.0 0.22800002 2 TOUCH_MOVE e
1400735948012 6 4098 170.0 843.451 0.26666668 5.0 5.0 5.0 5.0 0.0 0.192 2 TOUCH_MOVE e
1400735948015 6 4098 170.0 843.451 0.26666668 5.0 5.0 5.0 5.0 0.0 0.192 1 TOUCH_UP e
1400735948185 6 4098 123.5 957.951 0.26666668 4.0 4.0 4.0 4.0 0.0 0.216 0 TOUCH_DOWN s
1400735948195 6 4098 123.5 957.951 0.3 5.0 5.0 5.0 5.0 0.0 0.22000001 2 TOUCH_MOVE s
1400735948228 6 4098 125.71112 957.451 0.3 5.0 5.0 5.0 5.0 0.0 0.22800002 2 TOUCH_MOVE s
1400735948245 6 4098 126.67645 957.451 0.3 5.0 5.0 5.0 5.0 0.0 0.22800002 2 TOUCH_MOVE s
1400735948263 6 4098 127.25 957.451 0.3 5.0 5.0 5.0 5.0 0.0 0.22000001 2 TOUCH_MOVE s
1400735948278 6 4098 127.25 957.451 0.3 5.0 5.0 5.0 5.0 0.0 0.22000001 1 TOUCH_UP s
1400735949247 6 4098 344.5 1225.4509 0.23333335 4.0 4.0 4.0 4.0 0.0 0.208 0 TOUCH_DOWN Space
1400735949264 6 4098 344.5 1225.4509 0.26666668 5.0 5.0 5.0 5.0 0.0 0.216 2 TOUCH_MOVE Space
1400735949320 6 4098 344.5 1225.4509 0.23333335 4.0 4.0 4.0 4.0 0.0 0.18400002 2 TOUCH_MOVE Space
1400735949324 6 4098 344.5 1225.4509 0.23333335 4.0 4.0 4.0 4.0 0.0 0.18400002 1 TOUCH_UP Space
1400735949684 6 4098 106.5 864.451 0.26666668 5.0 5.0 5.0 5.0 0.0 0.2 0 TOUCH_DOWN w
1400735949710 6 4098 106.5 864.705 0.26666668 5.0 5.0 5.0 5.0 0.0 0.21200001 2 TOUCH_MOVE w
1400735949739 6 4098 106.5 866.4354 0.26666668 5.0 5.0 5.0 5.0 0.0 0.21200001 2 TOUCH_MOVE w
1400735949748 6 4098 106.5 867.32886 0.26666668 5.0 5.0 5.0 5.0 0.0 0.2 2 TOUCH_MOVE w
1400735949750 6 4098 106.5 867.451 0.26666668 5.0 5.0 5.0 5.0 0.0 0.18 2 TOUCH_MOVE w
1400735949754 6 4098 106.5 867.451 0.26666668 5.0 5.0 5.0 5.0 0.0 0.18 1 TOUCH_UP w
1400735949872 6 4098 408.5 963.951 0.26666668 4.0 4.0 4.0 4.0 0.0 0.22000001 0 TOUCH_DOWN h
1400735949911 6 4098 408.5 963.951 0.26666668 4.0 4.0 4.0 4.0 0.0 0.22000001 1 TOUCH_UP h
1400735950071 6 4098 619.0 827.451 0.33333334 5.0 5.0 5.0 5.0 0.0 0.208 0 TOUCH_DOWN o
1400735950080 6 4098 619.0 827.451 0.33333334 5.0 5.0 5.0 5.0 0.0 0.216 2 TOUCH_MOVE o
1400735950114 6 4098 617.94116 828.0098 0.33333334 5.0 5.0 5.0 5.0 0.0 0.216 2 TOUCH_MOVE o
1400735950130 6 4098 617.5 827.951 0.26666668 5.0 5.0 5.0 5.0 0.0 0.16000001 2 TOUCH_MOVE o
1400735950135 6 4098 617.5 827.951 0.26666668 5.0 5.0 5.0 5.0 0.0 0.16000001 1 TOUCH_UP o
1400735950377 6 4098 367.5 1232.4509 0.23333335 4.0 4.0 4.0 4.0 0.0 0.208 0 TOUCH_DOWN Space
1400735950380 6 4098 367.5 1232.4509 0.23333335 4.0 4.0 4.0 4.0 0.0 0.21200001 2 TOUCH_MOVE Space
1400735950414 6 4098 367.99347 1229.964 0.23333335 4.0 4.0 4.0 4.0 0.0 0.216 2 TOUCH_MOVE Space
1400735950430 6 4098 374.03156 1221.6536 0.23333335 4.0 4.0 4.0 4.0 0.0 0.208 2 TOUCH_MOVE Space
1400735950434 6 4098 374.5 1220.9509 0.26666668 5.0 5.0 5.0 5.0 0.0 0.18 2 TOUCH_MOVE Space
1400735950439 6 4098 374.5 1220.9509 0.26666668 5.0 5.0 5.0 5.0 0.0 0.18 1 TOUCH_UP Space
1400735950574 6 4098 568.5 1072.4509 0.26666668 4.0 4.0 4.0 4.0 0.0 0.216 0 TOUCH_DOWN m
1400735950614 6 4098 569.53796 1071.413 0.26666668 4.0 4.0 4.0 4.0 0.0 0.22000001 2 TOUCH_MOVE m
1400735950631 6 4098 570.5136 1070.9509 0.26666668 4.0 4.0 4.0 4.0 0.0 0.21200001 2 TOUCH_MOVE m
1400735950647 6 4098 571.0 1071.4509 0.16666667 3.0 3.0 3.0 3.0 0.0 0.108 2 TOUCH_MOVE m
1400735950653 6 4098 571.0 1071.4509 0.16666667 3.0 3.0 3.0 3.0 0.0 0.108 1 TOUCH_UP m
1400735950707 6 4098 71.5 968.951 0.20000002 4.0 4.0 4.0 4.0 0.0 0.20400001 0 TOUCH_DOWN a
1400735950747 6 4098 74.87635 969.2431 0.23333335 5.0 5.0 5.0 5.0 0.0 0.21200001 2 TOUCH_MOVE a
1400735950765 6 4098 76.954895 970.17847 0.23333335 5.0 5.0 5.0 5.0 0.0 0.21200001 2 TOUCH_MOVE a
1400735950781 6 4098 77.71764 970.66864 0.20000002 4.0 4.0 4.0 4.0 0.0 0.208 2 TOUCH_MOVE a
1400735950800 6 4098 77.71764 970.66864 0.20000002 4.0 4.0 4.0 4.0 0.0 0.208 1 TOUCH_UP a
1400735950852 6 4098 576.5 942.951 0.3 5.0 5.0 5.0 5.0 0.0 0.224 0 TOUCH_DOWN k
1400735950875 6 4098 576.5 942.951 0.33333334 5.0 5.0 5.0 5.0 0.0 0.22800002 2 TOUCH_MOVE k
1400735950897 6 4098 575.0297 944.42126 0.33333334 5.0 5.0 5.0 5.0 0.0 0.22800002 2 TOUCH_MOVE k
1400735950916 6 4098 574.75 944.701 0.33333334 5.0 5.0 5.0 5.0 0.0 0.22800002 2 TOUCH_MOVE k
1400735950924 6 4098 574.75 944.701 0.33333334 5.0 5.0 5.0 5.0 0.0 0.22800002 1 TOUCH_UP k
1400735951025 6 4098 166.5 854.951 0.23333335 5.0 5.0 5.0 5.0 0.0 0.20400001 0 TOUCH_DOWN e
1400735951066 6 4098 166.5 854.951 0.23333335 5.0 5.0 5.0 5.0 0.0 0.18 2 TOUCH_MOVE e
1400735951084 6 4098 166.5 854.951 0.23333335 5.0 5.0 5.0 5.0 0.0 0.18 1 TOUCH_UP e
1400735951222 6 4098 343.0 1219.9509 0.23333335 4.0 4.0 4.0 4.0 0.0 0.208 0 TOUCH_DOWN Space
1400735951231 6 4098 343.0 1219.9509 0.23333335 4.0 4.0 4.0 4.0 0.0 0.216 2 TOUCH_MOVE Space
1400735951297 6 4098 343.0 1219.9509 0.23333335 4.0 4.0 4.0 4.0 0.0 0.216 1 TOUCH_UP Space
1400735951903 6 4098 47.5 967.951 0.16666667 3.0 3.0 3.0 3.0 0.0 0.192 0 TOUCH_DOWN a
1400735951915 6 4098 47.5 967.951 0.16666667 3.0 3.0 3.0 3.0 0.0 0.19600001 2 TOUCH_MOVE a
1400735951949 6 4098 48.709805 967.951 0.16666667 3.0 3.0 3.0 3.0 0.0 0.20400001 2 TOUCH_MOVE a
1400735951965 6 4098 49.67107 967.951 0.16666667 3.0 3.0 3.0 3.0 0.0 0.2 2 TOUCH_MOVE a
1400735952002 6 4098 49.67107 967.951 0.16666667 3.0 3.0 3.0 3.0 0.0 0.2 1 TOUCH_UP a
1400735952130 6 4098 367.5 1229.4509 0.23333335 4.0 4.0 4.0 4.0 0.0 0.20400001 0 TOUCH_DOWN Space
1400735952150 6 4098 367.5 1229.4509 0.26666668 5.0 5.0 5.0 5.0 0.0 0.208 2 TOUCH_MOVE Space
1400735952206 6 4098 367.5 1229.4509 0.26666668 5.0 5.0 5.0 5.0 0.0 0.208 1 TOUCH_UP Space
1400735952360 6 4098 430.5 1057.4509 0.33333334 5.0 5.0 5.0 5.0 0.0 0.23200001 0 TOUCH_DOWN b
1400735952385 6 4098 430.5 1057.4509 0.33333334 5.0 5.0 5.0 5.0 0.0 0.23600002 2 TOUCH_MOVE b
1400735952423 6 4098 431.33987 1058.6208 0.33333334 5.0 5.0 5.0 5.0 0.0 0.23600002 2 TOUCH_MOVE b
1400735952432 6 4098 432.0 1058.9509 0.26666668 4.0 4.0 4.0 4.0 0.0 0.18800001 2 TOUCH_MOVE b
1400735952436 6 4098 432.0 1058.9509 0.26666668 4.0 4.0 4.0 4.0 0.0 0.18800001 1 TOUCH_UP b
1400735952624 6 4098 244.5 835.451 0.33333334 5.0 5.0 5.0 5.0 0.0 0.23200001 0 TOUCH_DOWN r
1400735952633 6 4098 244.5 835.451 0.33333334 5.0 5.0 5.0 5.0 0.0 0.23600002 2 TOUCH_MOVE r
1400735952684 6 4098 243.5 835.451 0.26666668 4.0 4.0 4.0 4.0 0.0 0.18400002 2 TOUCH_MOVE r
1400735952689 6 4098 243.5 835.451 0.26666668 4.0 4.0 4.0 4.0 0.0 0.18400002 1 TOUCH_UP r
1400735952815 6 4098 569.0 826.451 0.33333334 5.0 5.0 5.0 5.0 0.0 0.22800002 0 TOUCH_DOWN i
1400735952822 6 4098 569.0 826.451 0.33333334 5.0 5.0 5.0 5.0 0.0 0.23200001 2 TOUCH_MOVE i
1400735952850 6 4098 566.23535 827.451 0.33333334 5.0 5.0 5.0 5.0 0.0 0.23600002 2 TOUCH_MOVE i
1400735952875 6 4098 565.0 828.451 0.20000002 3.0 3.0 3.0 3.0 0.0 0.108 2 TOUCH_MOVE i
1400735952880 6 4098 565.0 828.451 0.20000002 3.0 3.0 3.0 3.0 0.0 0.108 1 TOUCH_UP i
1400735953073 6 4098 341.5 975.951 0.26666668 4.0 4.0 4.0 4.0 0.0 0.22000001 0 TOUCH_DOWN g
1400735953125 6 4098 341.5 975.951 0.20000002 4.0 4.0 4.0 4.0 0.0 0.18400002 2 TOUCH_MOVE g
1400735953289 6 4098 341.5 975.951 0.20000002 4.0 4.0 4.0 4.0 0.0 0.18400002 1 TOUCH_UP g
1400735953299 6 4098 415.5 967.951 0.26666668 4.0 4.0 4.0 4.0 0.0 0.22800002 0 TOUCH_DOWN h
1400735953311 6 4098 415.5 967.951 0.3 5.0 5.0 5.0 5.0 0.0 0.22800002 2 TOUCH_MOVE h
1400735953325 6 4098 415.5 967.951 0.20000002 4.0 4.0 4.0 4.0 0.0 0.18400002 2 TOUCH_MOVE h
1400735953328 6 4098 415.5 967.951 0.20000002 4.0 4.0 4.0 4.0 0.0 0.18400002 1 TOUCH_UP h
1400735953792 6 4098 339.0 834.451 0.33333334 5.0 5.0 5.0 5.0 0.0 0.22800002 0 TOUCH_DOWN t
1400735953844 6 4098 339.0 834.451 0.3 5.0 5.0 5.0 5.0 0.0 0.192 2 TOUCH_MOVE t
1400735953848 6 4098 339.0 834.451 0.3 5.0 5.0 5.0 5.0 0.0 0.192 1 TOUCH_UP t
1400735954406 6 4098 163.0 815.951 0.3 5.0 5.0 5.0 5.0 0.0 0.22000001 0 TOUCH_DOWN e
1400735954419 6 4098 163.0 815.951 0.3 5.0 5.0 5.0 5.0 0.0 0.22800002 2 TOUCH_MOVE e
1400735954468 6 4098 163.59236 815.951 0.3 5.0 5.0 5.0 5.0 0.0 0.23200001 2 TOUCH_MOVE e
1400735954489 6 4098 163.59236 815.951 0.3 5.0 5.0 5.0 5.0 0.0 0.23200001 1 TOUCH_UP e
1400735954618 6 4098 256.0 842.451 0.33333334 5.0 5.0 5.0 5.0 0.0 0.23600002 0 TOUCH_DOWN r
1400735954634 6 4098 256.0 842.451 0.33333334 5.0 5.0 5.0 5.0 0.0 0.24400002 2 TOUCH_MOVE r
1400735954682 6 4098 255.5 842.451 0.26666668 4.0 4.0 4.0 4.0 0.0 0.2 2 TOUCH_MOVE r
1400735954687 6 4098 255.5 842.451 0.26666668 4.0 4.0 4.0 4.0 0.0 0.2 1 TOUCH_UP r
1400735954773 6 4098 345.0 1225.9509 0.23333335 4.0 4.0 4.0 4.0 0.0 0.208 0 TOUCH_DOWN Space
1400735954784 6 4098 345.0 1225.9509 0.23333335 4.0 4.0 4.0 4.0 0.0 0.21200001 2 TOUCH_MOVE Space
1400735954847 6 4098 345.0 1225.9509 0.20000002 3.0 3.0 3.0 3.0 0.0 0.18800001 2 TOUCH_MOVE Space
1400735954852 6 4098 345.0 1225.9509 0.20000002 3.0 3.0 3.0 3.0 0.0 0.18800001 1 TOUCH_UP Space
1400735955076 6 4098 198.5 981.951 0.3 5.0 5.0 5.0 5.0 0.0 0.224 0 TOUCH_DOWN d
1400735955108 6 4098 198.5 981.951 0.3 5.0 5.0 5.0 5.0 0.0 0.23600002 2 TOUCH_MOVE d
1400735955151 6 4098 198.0 982.951 0.3 5.0 5.0 5.0 5.0 0.0 0.23200001 2 TOUCH_MOVE d
1400735955161 6 4098 198.0 982.951 0.26666668 4.0 4.0 4.0 4.0 0.0 0.20400001 2 TOUCH_MOVE d
1400735955166 6 4098 198.0 982.951 0.26666668 4.0 4.0 4.0 4.0 0.0 0.20400001 1 TOUCH_UP d
1400735955305 6 4098 50.0 969.951 0.16666667 3.0 3.0 3.0 3.0 0.0 0.20400001 0 TOUCH_DOWN a
1400735955326 6 4098 50.448708 969.951 0.16666667 3.0 3.0 3.0 3.0 0.0 0.208 2 TOUCH_MOVE a
1400735955335 6 4098 54.571793 970.86536 0.23333335 4.0 4.0 4.0 4.0 0.0 0.216 2 TOUCH_MOVE a
1400735955352 6 4098 59.015392 971.82983 0.23333335 4.0 4.0 4.0 4.0 0.0 0.216 2 TOUCH_MOVE a
1400735955368 6 4098 61.331764 972.7828 0.26666668 4.0 4.0 4.0 4.0 0.0 0.22000001 2 TOUCH_MOVE a
1400735955385 6 4098 61.208454 974.03406 0.23333335 4.0 4.0 4.0 4.0 0.0 0.21200001 2 TOUCH_MOVE a
1400735955393 6 4098 60.0 975.451 0.20000002 3.0 3.0 3.0 3.0 0.0 0.19600001 2 TOUCH_MOVE a
1400735955398 6 4098 381.5 857.951 0.3 5.0 5.0 5.0 5.0 0.0 0.23600002 0 TOUCH_DOWN y
1400735955399 6 4098 60.0 975.451 0.20000002 3.0 3.0 3.0 3.0 0.0 0.19600001 2 TOUCH_MOVE a
1400735955412 6 4098 380.5 858.451 0.3 5.0 5.0 5.0 5.0 0.0 0.23200001 2 TOUCH_MOVE y
1400735955413 6 4098 59.5 976.451 0.20000002 3.0 3.0 3.0 3.0 0.0 0.112 2 TOUCH_MOVE a
1400735955414 6 4098 380.5 858.451 0.3 5.0 5.0 5.0 5.0 0.0 0.23200001 2 TOUCH_MOVE y
1400735955418 6 4098 59.5 976.451 0.20000002 3.0 3.0 3.0 3.0 0.0 0.112 1 TOUCH_UP a
1400735955452 6 4098 380.5 859.61084 0.3 5.0 5.0 5.0 5.0 0.0 0.24400002 2 TOUCH_MOVE y
1400735955470 6 4098 381.5111 860.4593 0.26666668 5.0 5.0 5.0 5.0 0.0 0.216 2 TOUCH_MOVE y
1400735955478 6 4098 383.5 861.951 0.26666668 5.0 5.0 5.0 5.0 0.0 0.17600001 2 TOUCH_MOVE y
1400735955483 6 4098 383.5 861.951 0.26666668 5.0 5.0 5.0 5.0 0.0 0.17600001 1 TOUCH_UP y
1400735955750 6 4098 672.0 1242.4509 0.20000002 5.0 5.0 5.0 5.0 0.0 0.18400002 0 TOUCH_DOWN Enter
1400735955802 6 4098 672.0 1241.2009 0.20000002 5.0 5.0 5.0 5.0 0.0 0.18800001 2 TOUCH_MOVE Enter
1400735955838 6 4098 672.0 1241.2009 0.20000002 5.0 5.0 5.0 5.0 0.0 0.18800001 1 TOUCH_UP Enter
1400735956970 6 4098 156.5 966.951 0.26666668 5.0 5.0 5.0 5.0 0.0 0.224 0 TOUCH_DOWN S
1400735956986 6 4098 156.5 966.951 0.3 5.0 5.0 5.0 5.0 0.0 0.22800002 2 TOUCH_MOVE S
1400735957020 6 4098 157.07181 966.951 0.3 5.0 5.0 5.0 5.0 0.0 0.23200001 2 TOUCH_MOVE S
1400735957061 6 4098 157.0 966.951 0.20000002 4.0 4.0 4.0 4.0 0.0 0.19600001 2 TOUCH_MOVE S
1400735957078 6 4098 157.0 966.951 0.20000002 4.0 4.0 4.0 4.0 0.0 0.19600001 1 TOUCH_UP S
1400735957177 6 4098 622.5 806.951 0.3 5.0 5.0 5.0 5.0 0.0 0.23200001 0 TOUCH_DOWN o
1400735957198 6 4098 622.07324 806.951 0.3 5.0 5.0 5.0 5.0 0.0 0.24000001 2 TOUCH_MOVE o
1400735957213 6 4098 618.0197 807.84705 0.33333334 5.0 5.0 5.0 5.0 0.0 0.24800001 2 TOUCH_MOVE o
1400735957220 6 4098 613.9352 809.1609 0.33333334 5.0 5.0 5.0 5.0 0.0 0.24400002 2 TOUCH_MOVE o
1400735957239 6 4098 611.4629 811.4881 0.3 5.0 5.0 5.0 5.0 0.0 0.21200001 2 TOUCH_MOVE o
1400735957243 6 4098 611.0 811.951 0.16666667 3.0 3.0 3.0 3.0 0.0 0.104 2 TOUCH_MOVE o
1400735957247 6 4098 611.0 811.951 0.16666667 3.0 3.0 3.0 3.0 0.0 0.104 1 TOUCH_UP o
1400735957426 6 4098 374.0 1237.4509 0.20000002 4.0 4.0 4.0 4.0 0.0 0.2 0 TOUCH_DOWN Space
1400735957460 6 4098 373.6455 1236.242 0.23333335 4.0 4.0 4.0 4.0 0.0 0.208 2 TOUCH_MOVE Space
1400735957470 6 4098 373.82373 1233.9797 0.26666668 5.0 5.0 5.0 5.0 0.0 0.208 2 TOUCH_MOVE Space
1400735957487 6 4098 376.2779 1229.3951 0.26666668 5.0 5.0 5.0 5.0 0.0 0.2 2 TOUCH_MOVE Space
1400735957494 6 4098 376.5 1228.9509 0.23333335 5.0 5.0 5.0 5.0 0.0 0.136 2 TOUCH_MOVE Space
1400735957499 6 4098 376.5 1228.9509 0.23333335 5.0 5.0 5.0 5.0 0.0 0.136 1 TOUCH_UP Space
1400735957666 6 4098 640.0 964.451 0.23333335 4.0 4.0 4.0 4.0 0.0 0.21200001 0 TOUCH_DOWN l
1400735957672 6 4098 640.0 964.451 0.23333335 4.0 4.0 4.0 4.0 0.0 0.216 2 TOUCH_MOVE l
1400735957704 6 4098 641.6402 963.1309 0.23333335 4.0 4.0 4.0 4.0 0.0 0.216 2 TOUCH_MOVE l
1400735957719 6 4098 642.0 962.951 0.13333334 2.0 2.0 2.0 2.0 0.0 0.1 2 TOUCH_MOVE l
1400735957723 6 4098 642.0 962.951 0.13333334 2.0 2.0 2.0 2.0 0.0 0.1 1 TOUCH_UP l
1400735957796 6 4098 164.0 825.451 0.33333334 5.0 5.0 5.0 5.0 0.0 0.224 0 TOUCH_DOWN e
1400735957804 6 4098 164.0 825.451 0.33333334 5.0 5.0 5.0 5.0 0.0 0.22800002 2 TOUCH_MOVE e
1400735957822 6 4098 164.53261 825.451 0.33333334 5.0 5.0 5.0 5.0 0.0 0.23200001 2 TOUCH_MOVE e
1400735957837 6 4098 165.53754 826.4885 0.33333334 5.0 5.0 5.0 5.0 0.0 0.23600002 2 TOUCH_MOVE e
1400735957854 6 4098 166.49455 826.951 0.33333334 5.0 5.0 5.0 5.0 0.0 0.23200001 2 TOUCH_MOVE e
1400735957871 6 4098 166.75 826.951 0.33333334 5.0 5.0 5.0 5.0 0.0 0.23200001 2 TOUCH_MOVE e
1400735957893 6 4098 166.5 826.951 0.33333334 5.0 5.0 5.0 5.0 0.0 0.17600001 2 TOUCH_MOVE e
1400735957897 6 4098 166.5 826.951 0.33333334 5.0 5.0 5.0 5.0 0.0 0.17600001 1 TOUCH_UP e
1400735958030 6 4098 330.0 845.951 0.33333334 5.0 5.0 5.0 5.0 0.0 0.24400002 0 TOUCH_DOWN t
1400735958037 6 4098 330.0 845.951 0.33333334 5.0 5.0 5.0 5.0 0.0 0.24800001 2 TOUCH_MOVE t
1400735958088 6 4098 329.00146 846.4495 0.33333334 5.0 5.0 5.0 5.0 0.0 0.24800001 2 TOUCH_MOVE t
1400735958104 6 4098 324.2813 847.8706 0.3 5.0 5.0 5.0 5.0 0.0 0.23200001 2 TOUCH_MOVE t
1400735958117 6 4098 324.0 847.951 0.13333334 2.0 2.0 2.0 2.0 0.0 0.124000005 2 TOUCH_MOVE t
1400735958123 6 4098 324.0 847.951 0.13333334 2.0 2.0 2.0 2.0 0.0 0.124000005 1 TOUCH_UP t
1400735958279 6 4098 547.0 1204.4509 0.23333335 4.0 4.0 4.0 4.0 0.0 0.21200001 0 TOUCH_DOWN '
1400735958367 6 4098 547.5 1203.9509 0.16666667 3.0 3.0 3.0 3.0 0.0 0.1 2 TOUCH_MOVE '
1400735958371 6 4098 547.5 1203.9509 0.16666667 3.0 3.0 3.0 3.0 0.0 0.1 1 TOUCH_UP '
1400735958456 6 4098 151.0 976.451 0.26666668 5.0 5.0 5.0 5.0 0.0 0.224 0 TOUCH_DOWN s
1400735958478 6 4098 151.33556 976.78656 0.3 5.0 5.0 5.0 5.0 0.0 0.22800002 2 TOUCH_MOVE s
1400735958490 6 4098 152.63716 977.08813 0.3 5.0 5.0 5.0 5.0 0.0 0.23200001 2 TOUCH_MOVE s
1400735958506 6 4098 153.60205 978.05304 0.3 5.0 5.0 5.0 5.0 0.0 0.23200001 2 TOUCH_MOVE s
1400735958521 6 4098 154.56389 979.0149 0.3 5.0 5.0 5.0 5.0 0.0 0.22800002 2 TOUCH_MOVE s
1400735958539 6 4098 154.5 978.951 0.20000002 4.0 4.0 4.0 4.0 0.0 0.18400002 2 TOUCH_MOVE s
1400735958543 6 4098 154.5 978.951 0.20000002 4.0 4.0 4.0 4.0 0.0 0.18400002 1 TOUCH_UP s
1400735958653 6 4098 329.5 1219.4509 0.26666668 5.0 5.0 5.0 5.0 0.0 0.21200001 0 TOUCH_DOWN Space
1400735958679 6 4098 329.5 1219.4509 0.26666668 5.0 5.0 5.0 5.0 0.0 0.22000001 2 TOUCH_MOVE Space
1400735958722 6 4098 330.01813 1219.4509 0.26666668 5.0 5.0 5.0 5.0 0.0 0.20400001 2 TOUCH_MOVE Space
1400735958740 6 4098 331.5 1219.4509 0.23333335 4.0 4.0 4.0 4.0 0.0 0.18400002 2 TOUCH_MOVE Space
1400735958745 6 4098 331.5 1219.4509 0.23333335 4.0 4.0 4.0 4.0 0.0 0.18400002 1 TOUCH_UP Space
1400735960150 6 4098 138.5 976.451 0.26666668 5.0 5.0 5.0 5.0 0.0 0.216 0 TOUCH_DOWN s
1400735960157 6 4098 138.5 976.451 0.26666668 5.0 5.0 5.0 5.0 0.0 0.22000001 2 TOUCH_MOVE s
1400735960219 6 4098 138.5 976.451 0.13333334 2.0 2.0 2.0 2.0 0.0 0.16800001 2 TOUCH_MOVE s
1400735960222 6 4098 138.5 976.451 0.13333334 2.0 2.0 2.0 2.0 0.0 0.16800001 1 TOUCH_UP s
1400735960470 6 4098 337.5 825.451 0.33333334 5.0 5.0 5.0 5.0 0.0 0.24000001 0 TOUCH_DOWN t
1400735960523 6 4098 332.5 825.951 0.3 5.0 5.0 5.0 5.0 0.0 0.208 2 TOUCH_MOVE t
1400735960530 6 4098 332.5 825.951 0.16666667 3.0 3.0 3.0 3.0 0.0 0.104 2 TOUCH_MOVE t
1400735960533 6 4098 332.5 825.951 0.16666667 3.0 3.0 3.0 3.0 0.0 0.104 1 TOUCH_UP t
1400735960718 6 4098 66.0 956.451 0.23333335 4.0 4.0 4.0 4.0 0.0 0.20400001 0 TOUCH_DOWN a
1400735960727 6 4098 67.67077 956.451 0.26666668 4.0 4.0 4.0 4.0 0.0 0.21200001 2 TOUCH_MOVE a
1400735960748 6 4098 73.12199 955.6478 0.26666668 4.0 4.0 4.0 4.0 0.0 0.216 2 TOUCH_MOVE a
1400735960757 6 4098 78.78584 954.951 0.26666668 4.0 4.0 4.0 4.0 0.0 0.22000001 2 TOUCH_MOVE a
1400735960773 6 4098 84.58346 955.1825 0.26666668 4.0 4.0 4.0 4.0 0.0 0.208 2 TOUCH_MOVE a
1400735960782 6 4098 87.0 955.451 0.23333335 4.0 4.0 4.0 4.0 0.0 0.17600001 2 TOUCH_MOVE a
1400735960785 6 4098 87.0 955.451 0.23333335 4.0 4.0 4.0 4.0 0.0 0.17600001 1 TOUCH_UP a
1400735960933 6 4098 265.5 846.451 0.3 5.0 5.0 5.0 5.0 0.0 0.24000001 0 TOUCH_DOWN r
1400735960942 6 4098 265.5 846.451 0.33333334 5.0 5.0 5.0 5.0 0.0 0.24400002 2 TOUCH_MOVE r
1400735960983 6 4098 264.69687 845.951 0.33333334 5.0 5.0 5.0 5.0 0.0 0.24400002 2 TOUCH_MOVE r
1400735960991 6 4098 262.7116 845.1882 0.3 5.0 5.0 5.0 5.0 0.0 0.23600002 2 TOUCH_MOVE r
1400735961006 6 4098 262.0 844.951 0.20000002 4.0 4.0 4.0 4.0 0.0 0.17600001 2 TOUCH_MOVE r
1400735961011 6 4098 262.0 844.951 0.20000002 4.0 4.0 4.0 4.0 0.0 0.17600001 1 TOUCH_UP r
1400735961137 6 4098 344.5 844.951 0.33333334 5.0 5.0 5.0 5.0 0.0 0.24800001 0 TOUCH_DOWN t
1400735961165 6 4098 344.5 844.951 0.33333334 5.0 5.0 5.0 5.0 0.0 0.252 2 TOUCH_MOVE t
1400735961192 6 4098 342.99545 845.2858 0.33333334 5.0 5.0 5.0 5.0 0.0 0.24800001 2 TOUCH_MOVE t
1400735961207 6 4098 339.5 845.951 0.3 5.0 5.0 5.0 5.0 0.0 0.224 2 TOUCH_MOVE t
1400735961215 6 4098 339.5 845.951 0.20000002 4.0 4.0 4.0 4.0 0.0 0.19600001 2 TOUCH_MOVE t
1400735961219 6 4098 339.5 845.951 0.20000002 4.0 4.0 4.0 4.0 0.0 0.19600001 1 TOUCH_UP t
1400735961311 6 4098 376.5 1225.9509 0.23333335 4.0 4.0 4.0 4.0 0.0 0.208 0 TOUCH_DOWN Space
1400735961388 6 4098 376.5 1225.9509 0.26666668 5.0 5.0 5.0 5.0 0.0 0.18800001 2 TOUCH_MOVE Space
1400735961391 6 4098 376.5 1225.9509 0.26666668 5.0 5.0 5.0 5.0 0.0 0.18800001 1 TOUCH_UP Space
1400735961717 6 4098 363.0 971.451 0.3 5.0 5.0 5.0 5.0 0.0 0.23600002 0 TOUCH_DOWN g
1400735961774 6 4098 362.4676 971.451 0.26666668 4.0 4.0 4.0 4.0 0.0 0.224 2 TOUCH_MOVE g
1400735961785 6 4098 362.5 971.451 0.23333335 4.0 4.0 4.0 4.0 0.0 0.2 2 TOUCH_MOVE g
1400735961790 6 4098 362.5 971.451 0.23333335 4.0 4.0 4.0 4.0 0.0 0.2 1 TOUCH_UP g
1400735961888 6 4098 564.0 818.951 0.3 5.0 5.0 5.0 5.0 0.0 0.23200001 0 TOUCH_DOWN i
1400735961921 6 4098 563.59985 818.951 0.33333334 5.0 5.0 5.0 5.0 0.0 0.23600002 2 TOUCH_MOVE i
1400735961939 6 4098 562.7391 818.951 0.33333334 5.0 5.0 5.0 5.0 0.0 0.24000001 2 TOUCH_MOVE i
1400735961949 6 4098 562.5 818.951 0.3 5.0 5.0 5.0 5.0 0.0 0.23200001 2 TOUCH_MOVE i
1400735961952 6 4098 562.5 818.951 0.3 5.0 5.0 5.0 5.0 0.0 0.23200001 1 TOUCH_UP i
1400735962131 6 4098 345.5 1082.4509 0.3 5.0 5.0 5.0 5.0 0.0 0.23200001 0 TOUCH_DOWN v
1400735962203 6 4098 344.806 1083.1449 0.26666668 4.0 4.0 4.0 4.0 0.0 0.224 2 TOUCH_MOVE v
1400735962212 6 4098 341.2005 1085.4307 0.26666668 5.0 5.0 5.0 5.0 0.0 0.19600001 2 TOUCH_MOVE v
1400735962227 6 4098 342.0 1084.9509 0.26666668 5.0 5.0 5.0 5.0 0.0 0.156 2 TOUCH_MOVE v
1400735962234 6 4098 342.0 1084.9509 0.26666668 5.0 5.0 5.0 5.0 0.0 0.156 1 TOUCH_UP v
1400735962242 6 4098 547.0 826.951 0.33333334 5.0 5.0 5.0 5.0 0.0 0.24000001 0 TOUCH_DOWN i
1400735962263 6 4098 547.0 826.201 0.33333334 5.0 5.0 5.0 5.0 0.0 0.24000001 2 TOUCH_MOVE i
1400735962287 6 4098 547.5 826.951 0.33333334 5.0 5.0 5.0 5.0 0.0 0.2 2 TOUCH_MOVE i
1400735962292 6 4098 547.5 826.951 0.33333334 5.0 5.0 5.0 5.0 0.0 0.2 1 TOUCH_UP i
1400735962435 6 4098 510.5 1107.4509 0.33333334 5.0 5.0 5.0 5.0 0.0 0.216 0 TOUCH_DOWN n
1400735962442 6 4098 510.5 1107.4509 0.33333334 5.0 5.0 5.0 5.0 0.0 0.22000001 2 TOUCH_MOVE n
1400735962494 6 4098 510.5 1108.0432 0.33333334 5.0 5.0 5.0 5.0 0.0 0.224 2 TOUCH_MOVE n
1400735962517 6 4098 510.5 1108.0432 0.33333334 5.0 5.0 5.0 5.0 0.0 0.224 1 TOUCH_UP n
1400735962563 6 4098 354.5 976.451 0.33333334 5.0 5.0 5.0 5.0 0.0 0.23200001 0 TOUCH_DOWN g
1400735962642 6 4098 354.5 976.451 0.26666668 4.0 4.0 4.0 4.0 0.0 0.20400001 2 TOUCH_MOVE g
1400735962649 6 4098 354.5 976.451 0.16666667 3.0 3.0 3.0 3.0 0.0 0.132 2 TOUCH_MOVE g
1400735962654 6 4098 354.5 976.451 0.16666667 3.0 3.0 3.0 3.0 0.0 0.132 1 TOUCH_UP g
