1400735637824 6 4098 89.5 847.951 0.26666668 4.0 4.0 4.0 4.0 0.0 0.216 0 TOUCH_DOWN W
1400735637842 6 4098 89.5 847.951 0.3 5.0 5.0 5.0 5.0 0.0 0.224 2 TOUCH_MOVE W
1400735637856 6 4098 90.3307 847.6203 0.3 5.0 5.0 5.0 5.0 0.0 0.23200001 2 TOUCH_MOVE W
1400735637873 6 4098 91.735565 846.2154 0.3 5.0 5.0 5.0 5.0 0.0 0.23200001 2 TOUCH_MOVE W
1400735637891 6 4098 92.0 845.2057 0.3 5.0 5.0 5.0 5.0 0.0 0.22800002 2 TOUCH_MOVE W
1400735637906 6 4098 91.05063 844.951 0.26666668 4.0 4.0 4.0 4.0 0.0 0.216 2 TOUCH_MOVE W
1400735637914 6 4098 90.5 844.951 0.20000002 3.0 3.0 3.0 3.0 0.0 0.19600001 2 TOUCH_MOVE W
1400735637917 6 4098 90.5 844.951 0.20000002 3.0 3.0 3.0 3.0 0.0 0.19600001 1 TOUCH_UP W
1400735638043 6 4098 205.0 831.951 0.33333334 5.0 5.0 5.0 5.0 0.0 0.24400002 0 TOUCH_DOWN e
1400735638056 6 4098 205.0 831.951 0.36666667 6.0 6.0 6.0 6.0 0.0 0.24800001 2 TOUCH_MOVE e
1400735638115 6 4098 204.5 831.951 0.23333335 4.0 4.0 4.0 4.0 0.0 0.20400001 2 TOUCH_MOVE e
1400735638119 6 4098 204.5 831.951 0.23333335 4.0 4.0 4.0 4.0 0.0 0.20400001 1 TOUCH_UP e
1400735638485 6 4098 37.5 971.451 0.16666667 3.0 3.0 3.0 3.0 0.0 0.18800001 0 TOUCH_DOWN a
1400735638516 6 4098 38.45455 971.9283 0.16666667 3.0 3.0 3.0 3.0 0.0 0.19600001 2 TOUCH_MOVE a
1400735638523 6 4098 43.006397 972.3523 0.16666667 3.0 3.0 3.0 3.0 0.0 0.20400001 2 TOUCH_MOVE a
1400735638540 6 4098 47.921135 972.951 0.23333335 4.0 4.0 4.0 4.0 0.0 0.21200001 2 TOUCH_MOVE a
1400735638560 6 4098 50.594482 973.451 0.23333335 4.0 4.0 4.0 4.0 0.0 0.216 2 TOUCH_MOVE a
1400735638576 6 4098 51.75 974.201 0.20000002 3.0 3.0 3.0 3.0 0.0 0.21200001 2 TOUCH_MOVE a
1400735638589 6 4098 51.0 974.451 0.20000002 3.0 3.0 3.0 3.0 0.0 0.192 2 TOUCH_MOVE a
1400735638592 6 4098 51.0 974.451 0.20000002 3.0 3.0 3.0 3.0 0.0 0.192 1 TOUCH_UP a
1400735638905 6 4098 254.0 849.451 0.3 5.0 5.0 5.0 5.0 0.0 0.23200001 0 TOUCH_DOWN r
1400735638969 6 4098 254.0 849.451 0.20000002 3.0 3.0 3.0 3.0 0.0 0.19600001 2 TOUCH_MOVE r
1400735638974 6 4098 254.0 849.451 0.20000002 3.0 3.0 3.0 3.0 0.0 0.19600001 1 TOUCH_UP r
1400735639256 6 4098 649.5 1049.9509 0.3 5.0 5.0 5.0 5.0 0.0 0.216 0 TOUCH_DOWN Back
1400735639279 6 4098 649.5 1049.9509 0.3 5.0 5.0 5.0 5.0 0.0 0.22000001 2 TOUCH_MOVE Back
1400735639291 6 4098 648.7214 1050.7296 0.3 5.0 5.0 5.0 5.0 0.0 0.224 2 TOUCH_MOVE Back
1400735639320 6 4098 648.0 1051.4509 0.23333335 5.0 5.0 5.0 5.0 0.0 0.18400002 2 TOUCH_MOVE Back
1400735639324 6 4098 648.0 1051.4509 0.23333335 5.0 5.0 5.0 5.0 0.0 0.18400002 1 TOUCH_UP Back
1400735639424 6 4098 638.5 1059.9509 0.33333334 5.0 5.0 5.0 5.0 0.0 0.224 0 TOUCH_DOWN Back
1400735639429 6 4098 638.5 1059.9509 0.3 5.0 5.0 5.0 5.0 0.0 0.22000001 2 TOUCH_MOVE Back
1400735639474 6 4098 637.25 1059.9509 0.3 5.0 5.0 5.0 5.0 0.0 0.22000001 2 TOUCH_MOVE Back
1400735639508 6 4098 637.25 1059.9509 0.3 5.0 5.0 5.0 5.0 0.0 0.22000001 1 TOUCH_UP Back
1400735639796 6 4098 373.5 1213.9509 0.23333335 4.0 4.0 4.0 4.0 0.0 0.22000001 0 TOUCH_DOWN Space
1400735639841 6 4098 373.5 1213.4272 0.26666668 5.0 5.0 5.0 5.0 0.0 0.224 2 TOUCH_MOVE Space
1400735639858 6 4098 373.5 1212.7009 0.26666668 5.0 5.0 5.0 5.0 0.0 0.224 2 TOUCH_MOVE Space
1400735639874 6 4098 373.5 1212.9509 0.23333335 4.0 4.0 4.0 4.0 0.0 0.2 2 TOUCH_MOVE Space
1400735639894 6 4098 373.5 1212.9509 0.23333335 4.0 4.0 4.0 4.0 0.0 0.2 1 TOUCH_UP Space
1400735639963 6 4098 61.0 948.951 0.23333335 4.0 4.0 4.0 4.0 0.0 0.2 0 TOUCH_DOWN a
1400735639975 6 4098 61.0 948.951 0.23333335 4.0 4.0 4.0 4.0 0.0 0.20400001 2 TOUCH_MOVE a
1400735639992 6 4098 62.0965 948.951 0.23333335 4.0 4.0 4.0 4.0 0.0 0.21200001 2 TOUCH_MOVE a
1400735640011 6 4098 64.04323 948.951 0.23333335 4.0 4.0 4.0 4.0 0.0 0.21200001 2 TOUCH_MOVE a
1400735640026 6 4098 65.228516 948.951 0.23333335 4.0 4.0 4.0 4.0 0.0 0.208 2 TOUCH_MOVE a
1400735640049 6 4098 65.228516 948.951 0.23333335 4.0 4.0 4.0 4.0 0.0 0.208 1 TOUCH_UP a
1400735640247 6 4098 252.5 846.951 0.3 5.0 5.0 5.0 5.0 0.0 0.22800002 0 TOUCH_DOWN r
1400735640258 6 4098 252.5 846.951 0.3 5.0 5.0 5.0 5.0 0.0 0.23600002 2 TOUCH_MOVE r
1400735640312 6 4098 251.97845 846.951 0.26666668 4.0 4.0 4.0 4.0 0.0 0.22000001 2 TOUCH_MOVE r
1400735640318 6 4098 252.0 846.951 0.26666668 4.0 4.0 4.0 4.0 0.0 0.18800001 2 TOUCH_MOVE r
1400735640322 6 4098 252.0 846.951 0.26666668 4.0 4.0 4.0 4.0 0.0 0.18800001 1 TOUCH_UP r
1400735640430 6 4098 174.0 818.951 0.3 5.0 5.0 5.0 5.0 0.0 0.22800002 0 TOUCH_DOWN e
1400735640442 6 4098 174.0 818.951 0.3 5.0 5.0 5.0 5.0 0.0 0.23600002 2 TOUCH_MOVE e
1400735640500 6 4098 175.0 818.951 0.3 5.0 5.0 5.0 5.0 0.0 0.2 2 TOUCH_MOVE e
1400735640504 6 4098 175.0 818.951 0.3 5.0 5.0 5.0 5.0 0.0 0.2 1 TOUCH_UP e
1400735640780 6 4098 317.5 840.951 0.3 5.0 5.0 5.0 5.0 0.0 0.23200001 0 TOUCH_DOWN t
1400735640809 6 4098 317.5 840.951 0.3 5.0 5.0 5.0 5.0 0.0 0.224 2 TOUCH_MOVE t
1400735640825 6 4098 316.5 841.951 0.13333334 2.0 2.0 2.0 2.0 0.0 0.18 2 TOUCH_MOVE t
1400735640832 6 4098 316.5 841.951 0.13333334 2.0 2.0 2.0 2.0 0.0 0.18 1 TOUCH_UP t
1400735640923 6 4098 427.5 964.451 0.3 5.0 5.0 5.0 5.0 0.0 0.23600002 0 TOUCH_DOWN h
1400735640942 6 4098 427.5 964.451 0.3 5.0 5.0 5.0 5.0 0.0 0.23200001 2 TOUCH_MOVE h
1400735640959 6 4098 426.91644 964.451 0.3 5.0 5.0 5.0 5.0 0.0 0.23200001 2 TOUCH_MOVE h
1400735640975 6 4098 426.5 964.451 0.23333335 4.0 4.0 4.0 4.0 0.0 0.19600001 2 TOUCH_MOVE h
1400735640978 6 4098 426.5 964.451 0.23333335 4.0 4.0 4.0 4.0 0.0 0.19600001 1 TOUCH_UP h
1400735641054 6 4098 173.0 817.451 0.3 5.0 5.0 5.0 5.0 0.0 0.22800002 0 TOUCH_DOWN e
1400735641067 6 4098 173.26624 817.7172 0.33333334 5.0 5.0 5.0 5.0 0.0 0.23600002 2 TOUCH_MOVE e
1400735641082 6 4098 174.5073 818.45465 0.33333334 5.0 5.0 5.0 5.0 0.0 0.23600002 2 TOUCH_MOVE e
1400735641094 6 4098 175.96672 818.951 0.33333334 5.0 5.0 5.0 5.0 0.0 0.23600002 2 TOUCH_MOVE e
1400735641109 6 4098 176.0 818.951 0.33333334 5.0 5.0 5.0 5.0 0.0 0.23200001 2 TOUCH_MOVE e
1400735641113 6 4098 176.0 818.951 0.26666668 4.0 4.0 4.0 4.0 0.0 0.192 2 TOUCH_MOVE e
1400735641117 6 4098 176.0 818.951 0.26666668 4.0 4.0 4.0 4.0 0.0 0.192 1 TOUCH_UP e
1400735641208 6 4098 379.5 1212.9509 0.23333335 4.0 4.0 4.0 4.0 0.0 0.216 0 TOUCH_DOWN Space
1400735641227 6 4098 379.5 1212.9509 0.26666668 5.0 5.0 5.0 5.0 0.0 0.22000001 2 TOUCH_MOVE Space
1400735641278 6 4098 379.5 1212.9509 0.26666668 5.0 5.0 5.0 5.0 0.0 0.18800001 2 TOUCH_MOVE Space
1400735641285 6 4098 379.5 1212.9509 0.26666668 5.0 5.0 5.0 5.0 0.0 0.18800001 1 TOUCH_UP Space
1400735641509 6 4098 628.0 1064.9509 0.3 5.0 5.0 5.0 5.0 0.0 0.216 0 TOUCH_DOWN Back
1400735641531 6 4098 628.0 1064.9509 0.3 5.0 5.0 5.0 5.0 0.0 0.22000001 2 TOUCH_MOVE Back
1400735641600 6 4098 628.0 1064.9509 0.3 5.0 5.0 5.0 5.0 0.0 0.22000001 1 TOUCH_UP Back
1400735641668 6 4098 622.5 1068.4509 0.3 5.0 5.0 5.0 5.0 0.0 0.216 0 TOUCH_DOWN Back
1400735641742 6 4098 622.5 1068.4509 0.3 5.0 5.0 5.0 5.0 0.0 0.216 1 TOUCH_UP Back
1400735641824 6 4098 622.0 1071.4509 0.26666668 4.0 4.0 4.0 4.0 0.0 0.21200001 0 TOUCH_DOWN Back
1400735641843 6 4098 622.0 1071.4509 0.3 5.0 5.0 5.0 5.0 0.0 0.216 2 TOUCH_MOVE Back
1400735641901 6 4098 622.0 1071.4509 0.26666668 5.0 5.0 5.0 5.0 0.0 0.18 2 TOUCH_MOVE Back
1400735641905 6 4098 622.0 1071.4509 0.26666668 5.0 5.0 5.0 5.0 0.0 0.18 1 TOUCH_UP Back
1400735641995 6 4098 621.0 1066.9509 0.3 5.0 5.0 5.0 5.0 0.0 0.216 0 TOUCH_DOWN Back
1400735642010 6 4098 621.0 1066.9509 0.3 5.0 5.0 5.0 5.0 0.0 0.22000001 2 TOUCH_MOVE Back
1400735642073 6 4098 621.0 1066.9509 0.26666668 5.0 5.0 5.0 5.0 0.0 0.192 2 TOUCH_MOVE Back
1400735642076 6 4098 621.0 1066.9509 0.26666668 5.0 5.0 5.0 5.0 0.0 0.192 1 TOUCH_UP Back
1400735642359 6 4098 368.0 1230.9509 0.23333335 4.0 4.0 4.0 4.0 0.0 0.216 0 TOUCH_DOWN Space
1400735642394 6 4098 368.0 1227.8467 0.23333335 4.0 4.0 4.0 4.0 0.0 0.22000001 2 TOUCH_MOVE Space
1400735642413 6 4098 368.0 1225.7308 0.23333335 4.0 4.0 4.0 4.0 0.0 0.22000001 2 TOUCH_MOVE Space
1400735642427 6 4098 368.0 1225.9509 0.23333335 4.0 4.0 4.0 4.0 0.0 0.19600001 2 TOUCH_MOVE Space
1400735642432 6 4098 368.0 1225.9509 0.23333335 4.0 4.0 4.0 4.0 0.0 0.19600001 1 TOUCH_UP Space
1400735642664 6 4098 352.5 854.951 0.3 5.0 5.0 5.0 5.0 0.0 0.23600002 0 TOUCH_DOWN t
1400735642688 6 4098 352.5 854.951 0.3 5.0 5.0 5.0 5.0 0.0 0.24000001 2 TOUCH_MOVE t
1400735642711 6 4098 350.92896 854.951 0.3 5.0 5.0 5.0 5.0 0.0 0.23600002 2 TOUCH_MOVE t
1400735642727 6 4098 348.5 855.451 0.23333335 5.0 5.0 5.0 5.0 0.0 0.192 2 TOUCH_MOVE t
1400735642733 6 4098 348.5 855.451 0.23333335 5.0 5.0 5.0 5.0 0.0 0.192 1 TOUCH_UP t
1400735642913 6 4098 425.0 943.451 0.33333334 5.0 5.0 5.0 5.0 0.0 0.23600002 0 TOUCH_DOWN h
1400735642972 6 4098 425.0 943.451 0.3 5.0 5.0 5.0 5.0 0.0 0.208 2 TOUCH_MOVE h
1400735642977 6 4098 425.0 943.451 0.3 5.0 5.0 5.0 5.0 0.0 0.208 1 TOUCH_UP h
1400735643038 6 4098 148.5 848.451 0.26666668 5.0 5.0 5.0 5.0 0.0 0.22000001 0 TOUCH_DOWN e
1400735643064 6 4098 149.59023 848.1559 0.3 5.0 5.0 5.0 5.0 0.0 0.23200001 2 TOUCH_MOVE e
1400735643078 6 4098 152.29065 847.18744 0.3 5.0 5.0 5.0 5.0 0.0 0.23600002 2 TOUCH_MOVE e
1400735643094 6 4098 154.22998 846.451 0.3 5.0 5.0 5.0 5.0 0.0 0.23200001 2 TOUCH_MOVE e
1400735643114 6 4098 154.5 846.451 0.3 5.0 5.0 5.0 5.0 0.0 0.23200001 2 TOUCH_MOVE e
1400735643129 6 4098 154.5 846.451 0.23333335 4.0 4.0 4.0 4.0 0.0 0.20400001 2 TOUCH_MOVE e
1400735643133 6 4098 154.5 846.451 0.23333335 4.0 4.0 4.0 4.0 0.0 0.20400001 1 TOUCH_UP e
1400735643219 6 4098 374.5 1222.9509 0.23333335 4.0 4.0 4.0 4.0 0.0 0.216 0 TOUCH_DOWN Space
1400735643230 6 4098 374.5 1222.9509 0.23333335 4.0 4.0 4.0 4.0 0.0 0.22000001 2 TOUCH_MOVE Space
1400735643280 6 4098 374.5 1221.9509 0.23333335 4.0 4.0 4.0 4.0 0.0 0.224 2 TOUCH_MOVE Space
1400735643292 6 4098 374.5 1221.9509 0.23333335 4.0 4.0 4.0 4.0 0.0 0.2 2 TOUCH_MOVE Space
1400735643296 6 4098 374.5 1221.9509 0.23333335 4.0 4.0 4.0 4.0 0.0 0.2 1 TOUCH_UP Space
1400735643544 6 4098 102.0 849.951 0.23333335 5.0 5.0 5.0 5.0 0.0 0.2 0 TOUCH_DOWN w
1400735643567 6 4098 102.0 849.951 0.26666668 5.0 5.0 5.0 5.0 0.0 0.208 2 TOUCH_MOVE w
1400735643612 6 4098 102.0 849.951 0.23333335 5.0 5.0 5.0 5.0 0.0 0.18 2 TOUCH_MOVE w
1400735643616 6 4098 102.0 849.951 0.23333335 5.0 5.0 5.0 5.0 0.0 0.18 1 TOUCH_UP w
1400735643768 6 4098 611.0 814.951 0.3 5.0 5.0 5.0 5.0 0.0 0.24000001 0 TOUCH_DOWN o
1400735643795 6 4098 610.2661 814.951 0.3 5.0 5.0 5.0 5.0 0.0 0.24000001 2 TOUCH_MOVE o
1400735643813 6 4098 609.75 814.951 0.3 5.0 5.0 5.0 5.0 0.0 0.24000001 2 TOUCH_MOVE o
1400735643828 6 4098 610.0 814.951 0.26666668 5.0 5.0 5.0 5.0 0.0 0.164 2 TOUCH_MOVE o
1400735643834 6 4098 610.0 814.951 0.26666668 5.0 5.0 5.0 5.0 0.0 0.164 1 TOUCH_UP o
1400735643985 6 4098 658.5 960.951 0.23333335 4.0 4.0 4.0 4.0 0.0 0.2 0 TOUCH_DOWN l
1400735643995 6 4098 658.5 960.951 0.23333335 4.0 4.0 4.0 4.0 0.0 0.208 2 TOUCH_MOVE l
1400735644028 6 4098 657.9442 960.951 0.23333335 4.0 4.0 4.0 4.0 0.0 0.208 2 TOUCH_MOVE l
1400735644062 6 4098 657.9442 960.951 0.23333335 4.0 4.0 4.0 4.0 0.0 0.208 1 TOUCH_UP l
1400735644230 6 4098 224.0 970.451 0.26666668 5.0 5.0 5.0 5.0 0.0 0.224 0 TOUCH_DOWN d
1400735644248 6 4098 224.0 970.451 0.3 5.0 5.0 5.0 5.0 0.0 0.22800002 2 TOUCH_MOVE d
1400735644297 6 4098 224.0 970.451 0.23333335 5.0 5.0 5.0 5.0 0.0 0.19600001 2 TOUCH_MOVE d
1400735644301 6 4098 224.0 970.451 0.23333335 5.0 5.0 5.0 5.0 0.0 0.19600001 1 TOUCH_UP d
1400735644486 6 4098 378.5 1240.4509 0.16666667 4.0 4.0 4.0 4.0 0.0 0.18 0 TOUCH_DOWN Space
1400735644529 6 4098 378.5 1240.4509 0.16666667 4.0 4.0 4.0 4.0 0.0 0.18 1 TOUCH_UP Space
1400735644744 6 4098 650.0 1067.9509 0.26666668 4.0 4.0 4.0 4.0 0.0 0.21200001 0 TOUCH_DOWN Back
1400735644796 6 4098 648.89935 1069.0516 0.23333335 4.0 4.0 4.0 4.0 0.0 0.2 2 TOUCH_MOVE Back
1400735644814 6 4098 649.0 1068.9509 0.13333334 2.0 2.0 2.0 2.0 0.0 0.108 2 TOUCH_MOVE Back
1400735644819 6 4098 649.0 1068.9509 0.13333334 2.0 2.0 2.0 2.0 0.0 0.108 1 TOUCH_UP Back
1400735644911 6 4098 639.0 1060.9509 0.26666668 4.0 4.0 4.0 4.0 0.0 0.208 0 TOUCH_DOWN Back
1400735644929 6 4098 639.0 1060.9509 0.26666668 4.0 4.0 4.0 4.0 0.0 0.21200001 2 TOUCH_MOVE Back
1400735644963 6 4098 639.0 1061.5057 0.26666668 4.0 4.0 4.0 4.0 0.0 0.19600001 2 TOUCH_MOVE Back
1400735644972 6 4098 639.0 1061.5057 0.26666668 4.0 4.0 4.0 4.0 0.0 0.19600001 1 TOUCH_UP Back
1400735645067 6 4098 638.5 1063.9509 0.26666668 4.0 4.0 4.0 4.0 0.0 0.216 0 TOUCH_DOWN Back
1400735645090 6 4098 638.5 1063.9509 0.26666668 4.0 4.0 4.0 4.0 0.0 0.22000001 2 TOUCH_MOVE Back
1400735645194 6 4098 638.5 1063.9509 0.26666668 4.0 4.0 4.0 4.0 0.0 0.22000001 1 TOUCH_UP Back
1400735645632 6 4098 266.0 838.451 0.3 5.0 5.0 5.0 5.0 0.0 0.22800002 0 TOUCH_DOWN r
1400735645679 6 4098 266.0 838.451 0.26666668 4.0 4.0 4.0 4.0 0.0 0.20400001 2 TOUCH_MOVE r
1400735645682 6 4098 266.0 838.451 0.26666668 4.0 4.0 4.0 4.0 0.0 0.20400001 1 TOUCH_UP r
1400735645769 6 4098 643.0 951.451 0.33333334 5.0 5.0 5.0 5.0 0.0 0.224 0 TOUCH_DOWN l
1400735645780 6 4098 643.0 951.451 0.33333334 5.0 5.0 5.0 5.0 0.0 0.22800002 2 TOUCH_MOVE l
1400735645802 6 4098 641.98914 950.4401 0.33333334 5.0 5.0 5.0 5.0 0.0 0.23200001 2 TOUCH_MOVE l
1400735645813 6 4098 641.0294 949.4804 0.33333334 5.0 5.0 5.0 5.0 0.0 0.23200001 2 TOUCH_MOVE l
1400735645830 6 4098 640.75 949.201 0.33333334 5.0 5.0 5.0 5.0 0.0 0.22800002 2 TOUCH_MOVE l
1400735645847 6 4098 640.75 949.201 0.33333334 5.0 5.0 5.0 5.0 0.0 0.22800002 1 TOUCH_UP l
1400735645948 6 4098 202.5 973.951 0.26666668 5.0 5.0 5.0 5.0 0.0 0.22000001 0 TOUCH_DOWN d
1400735646024 6 4098 202.5 973.951 0.23333335 4.0 4.0 4.0 4.0 0.0 0.2 2 TOUCH_MOVE d
1400735646030 6 4098 202.5 973.951 0.23333335 4.0 4.0 4.0 4.0 0.0 0.2 1 TOUCH_UP d
1400735646684 6 4098 679.5 1053.4509 0.3 5.0 5.0 5.0 5.0 0.0 0.208 0 TOUCH_DOWN Back
1400735646698 6 4098 678.9018 1053.9509 0.33333334 5.0 5.0 5.0 5.0 0.0 0.216 2 TOUCH_MOVE Back
1400735646723 6 4098 678.1076 1054.3433 0.33333334 5.0 5.0 5.0 5.0 0.0 0.216 2 TOUCH_MOVE Back
1400735646731 6 4098 678.0 1054.9509 0.26666668 4.0 4.0 4.0 4.0 0.0 0.18 2 TOUCH_MOVE Back
1400735646737 6 4098 678.0 1054.9509 0.26666668 4.0 4.0 4.0 4.0 0.0 0.18 1 TOUCH_UP Back
1400735647003 6 4098 476.5 1202.4509 0.23333335 4.0 4.0 4.0 4.0 0.0 0.216 0 TOUCH_DOWN .
1400735647065 6 4098 476.5 1202.4509 0.23333335 4.0 4.0 4.0 4.0 0.0 0.216 1 TOUCH_UP .
1400735647485 6 4098 657.0 1106.9509 0.3 5.0 5.0 5.0 5.0 0.0 0.21200001 0 TOUCH_DOWN Back
1400735647546 6 4098 657.0 1107.9509 0.3 5.0 5.0 5.0 5.0 0.0 0.19600001 2 TOUCH_MOVE Back
1400735647551 6 4098 657.0 1107.9509 0.3 5.0 5.0 5.0 5.0 0.0 0.19600001 1 TOUCH_UP Back
1400735648062 6 4098 425.0 1209.9509 0.23333335 4.0 4.0 4.0 4.0 0.0 0.216 0 TOUCH_DOWN ,
1400735648116 6 4098 424.40744 1209.9509 0.23333335 4.0 4.0 4.0 4.0 0.0 0.216 2 TOUCH_MOVE ,
1400735648124 6 4098 424.40744 1209.9509 0.23333335 4.0 4.0 4.0 4.0 0.0 0.216 1 TOUCH_UP ,
1400735648316 6 4098 340.0 1233.9509 0.23333335 5.0 5.0 5.0 5.0 0.0 0.2 0 TOUCH_DOWN Space
1400735648330 6 4098 340.0 1233.9509 0.23333335 5.0 5.0 5.0 5.0 0.0 0.20400001 2 TOUCH_MOVE Space
1400735648368 6 4098 340.0 1233.9509 0.16666667 4.0 4.0 4.0 4.0 0.0 0.172 2 TOUCH_MOVE Space
1400735648371 6 4098 340.0 1233.9509 0.16666667 4.0 4.0 4.0 4.0 0.0 0.172 1 TOUCH_UP Space
1400735648516 6 4098 89.0 826.951 0.3 5.0 5.0 5.0 5.0 0.0 0.21200001 0 TOUCH_DOWN w
1400735648539 6 4098 89.35617 826.951 0.33333334 5.0 5.0 5.0 5.0 0.0 0.216 2 TOUCH_MOVE w
1400735648569 6 4098 91.13182 826.951 0.33333334 5.0 5.0 5.0 5.0 0.0 0.224 2 TOUCH_MOVE w
1400735648583 6 4098 91.75 826.951 0.33333334 5.0 5.0 5.0 5.0 0.0 0.22000001 2 TOUCH_MOVE w
1400735648592 6 4098 91.5 826.951 0.3 5.0 5.0 5.0 5.0 0.0 0.192 2 TOUCH_MOVE w
1400735648596 6 4098 91.5 826.951 0.3 5.0 5.0 5.0 5.0 0.0 0.192 1 TOUCH_UP w
1400735648878 6 4098 644.5 1098.9509 0.26666668 4.0 4.0 4.0 4.0 0.0 0.20400001 0 TOUCH_DOWN Back
1400735648905 6 4098 643.57196 1100.8789 0.3 5.0 5.0 5.0 5.0 0.0 0.208 2 TOUCH_MOVE Back
1400735648921 6 4098 643.0 1101.4509 0.23333335 5.0 5.0 5.0 5.0 0.0 0.18 2 TOUCH_MOVE Back
1400735648928 6 4098 643.0 1101.4509 0.23333335 5.0 5.0 5.0 5.0 0.0 0.18 1 TOUCH_UP Back
1400735649019 6 4098 629.0 1102.9509 0.26666668 4.0 4.0 4.0 4.0 0.0 0.208 0 TOUCH_DOWN Back
1400735649074 6 4098 629.0 1102.9509 0.26666668 4.0 4.0 4.0 4.0 0.0 0.208 1 TOUCH_UP Back
1400735649167 6 4098 630.0 1095.9509 0.26666668 4.0 4.0 4.0 4.0 0.0 0.21200001 0 TOUCH_DOWN Back
1400735649183 6 4098 630.0 1096.7899 0.3 5.0 5.0 5.0 5.0 0.0 0.216 2 TOUCH_MOVE Back
1400735649200 6 4098 629.24255 1097.7084 0.3 5.0 5.0 5.0 5.0 0.0 0.216 2 TOUCH_MOVE Back
1400735649219 6 4098 628.23315 1098.7178 0.3 5.0 5.0 5.0 5.0 0.0 0.216 2 TOUCH_MOVE Back
1400735649232 6 4098 627.5 1099.4509 0.26666668 4.0 4.0 4.0 4.0 0.0 0.19600001 2 TOUCH_MOVE Back
1400735649236 6 4098 627.5 1099.4509 0.26666668 4.0 4.0 4.0 4.0 0.0 0.19600001 1 TOUCH_UP Back
1400735650525 6 4098 340.5 1226.4509 0.26666668 5.0 5.0 5.0 5.0 0.0 0.21200001 0 TOUCH_DOWN Space
1400735650562 6 4098 340.5 1226.4509 0.26666668 5.0 5.0 5.0 5.0 0.0 0.216 2 TOUCH_MOVE Space
1400735650590 6 4098 340.5 1226.9509 0.20000002 4.0 4.0 4.0 4.0 0.0 0.19600001 2 TOUCH_MOVE Space
1400735650595 6 4098 340.5 1226.9509 0.20000002 4.0 4.0 4.0 4.0 0.0 0.19600001 1 TOUCH_UP Space
1400735651040 6 4098 672.0 1048.4509 0.3 5.0 5.0 5.0 5.0 0.0 0.208 0 TOUCH_DOWN Back
1400735651100 6 4098 672.0 1048.4509 0.33333334 5.0 5.0 5.0 5.0 0.0 0.156 2 TOUCH_MOVE Back
1400735651113 6 4098 672.0 1048.4509 0.33333334 5.0 5.0 5.0 5.0 0.0 0.156 1 TOUCH_UP Back
1400735651595 6 4098 407.0 1217.4509 0.23333335 4.0 4.0 4.0 4.0 0.0 0.22000001 0 TOUCH_DOWN ,
1400735651608 6 4098 407.0 1217.4509 0.26666668 5.0 5.0 5.0 5.0 0.0 0.224 2 TOUCH_MOVE ,
1400735651662 6 4098 407.0 1217.4509 0.16666667 3.0 3.0 3.0 3.0 0.0 0.18400002 2 TOUCH_MOVE ,
1400735651666 6 4098 407.0 1217.4509 0.16666667 3.0 3.0 3.0 3.0 0.0 0.18400002 1 TOUCH_UP ,
1400735652879 6 4098 670.5 1064.4509 0.3 5.0 5.0 5.0 5.0 0.0 0.20400001 0 TOUCH_DOWN Back
1400735652912 6 4098 670.5 1064.4509 0.3 5.0 5.0 5.0 5.0 0.0 0.208 2 TOUCH_MOVE Back
1400735652942 6 4098 670.0 1064.8892 0.3 5.0 5.0 5.0 5.0 0.0 0.21200001 2 TOUCH_MOVE Back
1400735652950 6 4098 670.0 1064.9509 0.3 5.0 5.0 5.0 5.0 0.0 0.208 2 TOUCH_MOVE Back
1400735652955 6 4098 670.0 1064.9509 0.3 5.0 5.0 5.0 5.0 0.0 0.208 1 TOUCH_UP Back
1400735653444 6 4098 210.0 977.451 0.3 5.0 5.0 5.0 5.0 0.0 0.216 0 TOUCH_DOWN d
1400735653490 6 4098 210.0 979.1676 0.3 5.0 5.0 5.0 5.0 0.0 0.22000001 2 TOUCH_MOVE d
1400735653521 6 4098 209.0 980.451 0.23333335 4.0 4.0 4.0 4.0 0.0 0.192 2 TOUCH_MOVE d
1400735653525 6 4098 209.0 980.451 0.23333335 4.0 4.0 4.0 4.0 0.0 0.192 1 TOUCH_UP d
1400735653647 6 4098 439.5 1217.9509 0.26666668 5.0 5.0 5.0 5.0 0.0 0.216 0 TOUCH_DOWN ,
1400735653723 6 4098 439.5 1217.9509 0.26666668 5.0 5.0 5.0 5.0 0.0 0.216 1 TOUCH_UP ,
1400735654476 6 4098 109.5 833.951 0.33333334 5.0 5.0 5.0 5.0 0.0 0.216 0 TOUCH_DOWN w
1400735654494 6 4098 109.5 833.951 0.33333334 5.0 5.0 5.0 5.0 0.0 0.22000001 2 TOUCH_MOVE w
1400735654521 6 4098 110.00112 833.951 0.3 5.0 5.0 5.0 5.0 0.0 0.22000001 2 TOUCH_MOVE w
1400735654542 6 4098 110.0 833.951 0.3 5.0 5.0 5.0 5.0 0.0 0.192 2 TOUCH_MOVE w
1400735654545 6 4098 110.0 833.951 0.3 5.0 5.0 5.0 5.0 0.0 0.192 1 TOUCH_UP w
1400735654654 6 4098 189.5 841.451 0.3 5.0 5.0 5.0 5.0 0.0 0.23200001 0 TOUCH_DOWN e
1400735654674 6 4098 189.5 841.451 0.3 5.0 5.0 5.0 5.0 0.0 0.23600002 2 TOUCH_MOVE e
1400735654722 6 4098 188.98969 841.9613 0.26666668 4.0 4.0 4.0 4.0 0.0 0.216 2 TOUCH_MOVE e
1400735654733 6 4098 189.0 841.951 0.23333335 4.0 4.0 4.0 4.0 0.0 0.18 2 TOUCH_MOVE e
1400735654750 6 4098 189.0 841.951 0.23333335 4.0 4.0 4.0 4.0 0.0 0.18 1 TOUCH_UP e
1400735654844 6 4098 364.5 1237.4509 0.20000002 4.0 4.0 4.0 4.0 0.0 0.2 0 TOUCH_DOWN Space
1400735654872 6 4098 363.7513 1237.2023 0.23333335 5.0 5.0 5.0 5.0 0.0 0.20400001 2 TOUCH_MOVE Space
1400735654889 6 4098 362.76904 1236.22 0.23333335 5.0 5.0 5.0 5.0 0.0 0.20400001 2 TOUCH_MOVE Space
1400735654905 6 4098 362.25 1235.7009 0.20000002 4.0 4.0 4.0 4.0 0.0 0.20400001 2 TOUCH_MOVE Space
1400735654928 6 4098 362.25 1235.7009 0.20000002 4.0 4.0 4.0 4.0 0.0 0.20400001 1 TOUCH_UP Space
1400735655204 6 4098 638.0 1085.9509 0.23333335 4.0 4.0 4.0 4.0 0.0 0.208 0 TOUCH_DOWN Back
1400735655206 6 4098 638.0 1085.9509 0.23333335 4.0 4.0 4.0 4.0 0.0 0.21200001 2 TOUCH_MOVE Back
1400735655239 6 4098 637.50146 1087.4495 0.23333335 4.0 4.0 4.0 4.0 0.0 0.216 2 TOUCH_MOVE Back
1400735655255 6 4098 636.5416 1088.4093 0.23333335 4.0 4.0 4.0 4.0 0.0 0.21200001 2 TOUCH_MOVE Back
1400735655266 6 4098 636.5 1088.4509 0.23333335 4.0 4.0 4.0 4.0 0.0 0.19600001 2 TOUCH_MOVE Back
1400735655270 6 4098 636.5 1088.4509 0.23333335 4.0 4.0 4.0 4.0 0.0 0.19600001 1 TOUCH_UP Back
1400735655468 6 4098 634.5 1086.4509 0.23333335 4.0 4.0 4.0 4.0 0.0 0.2 0 TOUCH_DOWN Back
1400735655470 6 4098 632.5 1088.9509 0.23333335 4.0 4.0 4.0 4.0 0.0 0.18 2 TOUCH_MOVE Back
1400735655477 6 4098 632.5 1088.9509 0.23333335 4.0 4.0 4.0 4.0 0.0 0.18 1 TOUCH_UP Back
1400735655536 6 4098 632.5 1086.4509 0.23333335 4.0 4.0 4.0 4.0 0.0 0.2 0 TOUCH_DOWN Back
1400735655595 6 4098 632.5 1086.4509 0.23333335 4.0 4.0 4.0 4.0 0.0 0.20400001 2 TOUCH_MOVE Back
1400735655644 6 4098 632.5 1086.4509 0.23333335 4.0 4.0 4.0 4.0 0.0 0.20400001 1 TOUCH_UP Back
1400735656086 6 4098 347.0 1228.9509 0.23333335 4.0 4.0 4.0 4.0 0.0 0.20400001 0 TOUCH_DOWN Space
1400735656140 6 4098 347.0 1228.9509 0.16666667 3.0 3.0 3.0 3.0 0.0 0.18 2 TOUCH_MOVE Space
1400735656144 6 4098 347.0 1228.9509 0.16666667 3.0 3.0 3.0 3.0 0.0 0.18 1 TOUCH_UP Space
1400735656433 6 4098 100.5 838.451 0.3 5.0 5.0 5.0 5.0 0.0 0.20400001 0 TOUCH_DOWN w
1400735656463 6 4098 100.941185 838.0098 0.3 5.0 5.0 5.0 5.0 0.0 0.21200001 2 TOUCH_MOVE w
1400735656473 6 4098 102.71786 837.09204 0.3 5.0 5.0 5.0 5.0 0.0 0.216 2 TOUCH_MOVE w
1400735656491 6 4098 103.840096 836.451 0.3 5.0 5.0 5.0 5.0 0.0 0.216 2 TOUCH_MOVE w
1400735656504 6 4098 104.0 836.451 0.3 5.0 5.0 5.0 5.0 0.0 0.208 2 TOUCH_MOVE w
1400735656511 6 4098 104.0 836.451 0.3 5.0 5.0 5.0 5.0 0.0 0.208 1 TOUCH_UP w
1400735656626 6 4098 188.5 825.951 0.33333334 5.0 5.0 5.0 5.0 0.0 0.23600002 0 TOUCH_DOWN e
1400735656644 6 4098 188.5 825.951 0.33333334 5.0 5.0 5.0 5.0 0.0 0.24000001 2 TOUCH_MOVE e
1400735656690 6 4098 187.18288 826.85956 0.33333334 5.0 5.0 5.0 5.0 0.0 0.24000001 2 TOUCH_MOVE e
1400735656704 6 4098 187.0 826.951 0.3 5.0 5.0 5.0 5.0 0.0 0.20400001 2 TOUCH_MOVE e
1400735656710 6 4098 187.0 826.951 0.3 5.0 5.0 5.0 5.0 0.0 0.20400001 1 TOUCH_UP e
1400735656895 6 4098 336.5 1225.4509 0.26666668 5.0 5.0 5.0 5.0 0.0 0.208 0 TOUCH_DOWN Space
1400735656956 6 4098 336.5 1225.4509 0.26666668 5.0 5.0 5.0 5.0 0.0 0.208 1 TOUCH_UP Space
1400735657049 6 4098 51.0 976.451 0.20000002 3.0 3.0 3.0 3.0 0.0 0.192 0 TOUCH_DOWN a
1400735657057 6 4098 51.0 976.451 0.20000002 3.0 3.0 3.0 3.0 0.0 0.2 2 TOUCH_MOVE a
1400735657074 6 4098 52.653374 977.00214 0.20000002 3.0 3.0 3.0 3.0 0.0 0.208 2 TOUCH_MOVE a
1400735657090 6 4098 55.955803 977.9363 0.20000002 3.0 3.0 3.0 3.0 0.0 0.208 2 TOUCH_MOVE a
1400735657130 6 4098 59.0 977.951 0.20000002 3.0 3.0 3.0 3.0 0.0 0.2 2 TOUCH_MOVE a
1400735657134 6 4098 59.0 977.951 0.20000002 3.0 3.0 3.0 3.0 0.0 0.2 1 TOUCH_UP a
1400735657353 6 4098 233.0 838.451 0.26666668 4.0 4.0 4.0 4.0 0.0 0.224 0 TOUCH_DOWN r
1400735657374 6 4098 233.0 838.451 0.3 5.0 5.0 5.0 5.0 0.0 0.23600002 2 TOUCH_MOVE r
1400735657425 6 4098 231.5 837.951 0.33333334 5.0 5.0 5.0 5.0 0.0 0.22800002 2 TOUCH_MOVE r
1400735657430 6 4098 231.5 837.951 0.33333334 5.0 5.0 5.0 5.0 0.0 0.20400001 2 TOUCH_MOVE r
1400735657434 6 4098 231.5 837.951 0.33333334 5.0 5.0 5.0 5.0 0.0 0.20400001 1 TOUCH_UP r
1400735657566 6 4098 167.5 825.951 0.33333334 5.0 5.0 5.0 5.0 0.0 0.22800002 0 TOUCH_DOWN e
1400735657629 6 4098 167.5 825.951 0.33333334 5.0 5.0 5.0 5.0 0.0 0.192 2 TOUCH_MOVE e
1400735657632 6 4098 167.5 825.951 0.33333334 5.0 5.0 5.0 5.0 0.0 0.192 1 TOUCH_UP e
1400735657739 6 4098 368.5 1239.4509 0.23333335 4.0 4.0 4.0 4.0 0.0 0.208 0 TOUCH_DOWN Space
1400735657760 6 4098 368.5 1237.5186 0.26666668 5.0 5.0 5.0 5.0 0.0 0.21200001 2 TOUCH_MOVE Space
1400735657775 6 4098 368.5 1234.6967 0.26666668 5.0 5.0 5.0 5.0 0.0 0.208 2 TOUCH_MOVE Space
1400735657792 6 4098 368.5 1233.8705 0.20000002 4.0 4.0 4.0 4.0 0.0 0.19600001 2 TOUCH_MOVE Space
1400735657803 6 4098 368.5 1233.8705 0.20000002 4.0 4.0 4.0 4.0 0.0 0.19600001 1 TOUCH_UP Space
1400735657896 6 4098 324.5 866.951 0.3 5.0 5.0 5.0 5.0 0.0 0.22800002 0 TOUCH_DOWN t
1400735657941 6 4098 322.25726 866.951 0.26666668 4.0 4.0 4.0 4.0 0.0 0.224 2 TOUCH_MOVE t
1400735657958 6 4098 321.0 866.951 0.13333334 2.0 2.0 2.0 2.0 0.0 0.164 2 TOUCH_MOVE t
1400735657966 6 4098 321.0 866.951 0.13333334 2.0 2.0 2.0 2.0 0.0 0.164 1 TOUCH_UP t
1400735658063 6 4098 414.0 948.451 0.3 5.0 5.0 5.0 5.0 0.0 0.224 0 TOUCH_DOWN h
1400735658075 6 4098 414.0 948.451 0.3 5.0 5.0 5.0 5.0 0.0 0.22000001 2 TOUCH_MOVE h
1400735658117 6 4098 414.0 948.451 0.3 5.0 5.0 5.0 5.0 0.0 0.22000001 1 TOUCH_UP h
1400735658208 6 4098 178.0 837.451 0.26666668 4.0 4.0 4.0 4.0 0.0 0.216 0 TOUCH_DOWN e
1400735658258 6 4098 178.0 837.451 0.26666668 4.0 4.0 4.0 4.0 0.0 0.19600001 2 TOUCH_MOVE e
1400735658276 6 4098 178.0 837.451 0.20000002 3.0 3.0 3.0 3.0 0.0 0.1 2 TOUCH_MOVE e
1400735658280 6 4098 178.0 837.451 0.20000002 3.0 3.0 3.0 3.0 0.0 0.1 1 TOUCH_UP e
1400735658403 6 4098 370.5 1225.4509 0.23333335 4.0 4.0 4.0 4.0 0.0 0.208 0 TOUCH_DOWN Space
1400735658480 6 4098 370.5 1225.4509 0.23333335 4.0 4.0 4.0 4.0 0.0 0.208 1 TOUCH_UP Space
1400735658772 6 4098 271.5 1075.9509 0.3 5.0 5.0 5.0 5.0 0.0 0.22000001 0 TOUCH_DOWN c
1400735658783 6 4098 271.5 1075.9509 0.3 5.0 5.0 5.0 5.0 0.0 0.224 2 TOUCH_MOVE c
1400735658811 6 4098 271.5 1076.7456 0.3 5.0 5.0 5.0 5.0 0.0 0.22800002 2 TOUCH_MOVE c
1400735658827 6 4098 271.5 1077.7009 0.3 5.0 5.0 5.0 5.0 0.0 0.216 2 TOUCH_MOVE c
1400735658851 6 4098 271.5 1077.4509 0.20000002 4.0 4.0 4.0 4.0 0.0 0.18400002 2 TOUCH_MOVE c
1400735658867 6 4098 271.5 1077.4509 0.20000002 4.0 4.0 4.0 4.0 0.0 0.18400002 1 TOUCH_UP c
1400735658900 6 4098 424.0 981.451 0.26666668 4.0 4.0 4.0 4.0 0.0 0.224 0 TOUCH_DOWN h
1400735658935 6 4098 424.0 981.451 0.20000002 4.0 4.0 4.0 4.0 0.0 0.192 2 TOUCH_MOVE h
1400735658939 6 4098 424.0 981.451 0.20000002 4.0 4.0 4.0 4.0 0.0 0.192 1 TOUCH_UP h
1400735659073 6 4098 522.0 810.451 0.3 5.0 5.0 5.0 5.0 0.0 0.23200001 0 TOUCH_DOWN i
1400735659093 6 4098 522.0 810.451 0.3 5.0 5.0 5.0 5.0 0.0 0.23600002 2 TOUCH_MOVE i
1400735659125 6 4098 522.0 810.451 0.26666668 4.0 4.0 4.0 4.0 0.0 0.2 2 TOUCH_MOVE i
1400735659128 6 4098 522.0 810.451 0.26666668 4.0 4.0 4.0 4.0 0.0 0.2 1 TOUCH_UP i
1400735659282 6 4098 628.0 959.951 0.23333335 4.0 4.0 4.0 4.0 0.0 0.21200001 0 TOUCH_DOWN l
1400735659344 6 4098 629.2711 960.7221 0.26666668 5.0 5.0 5.0 5.0 0.0 0.21200001 2 TOUCH_MOVE l
1400735659350 6 4098 629.5 960.951 0.23333335 4.0 4.0 4.0 4.0 0.0 0.19600001 2 TOUCH_MOVE l
1400735659354 6 4098 629.5 960.951 0.23333335 4.0 4.0 4.0 4.0 0.0 0.19600001 1 TOUCH_UP l
1400735659496 6 4098 236.5 973.451 0.3 5.0 5.0 5.0 5.0 0.0 0.23200001 0 TOUCH_DOWN d
1400735659576 6 4098 234.65862 973.17053 0.26666668 5.0 5.0 5.0 5.0 0.0 0.224 2 TOUCH_MOVE d
1400735659593 6 4098 234.0 972.951 0.23333335 5.0 5.0 5.0 5.0 0.0 0.18 2 TOUCH_MOVE d
1400735659596 6 4098 234.0 972.951 0.23333335 5.0 5.0 5.0 5.0 0.0 0.18 1 TOUCH_UP d
1400735659788 6 4098 264.0 855.451 0.3 5.0 5.0 5.0 5.0 0.0 0.24800001 0 TOUCH_DOWN r
1400735659810 6 4098 264.0 855.451 0.33333334 5.0 5.0 5.0 5.0 0.0 0.24800001 2 TOUCH_MOVE r
1400735659860 6 4098 262.14703 855.451 0.3 5.0 5.0 5.0 5.0 0.0 0.22800002 2 TOUCH_MOVE r
1400735659869 6 4098 262.5 855.451 0.20000002 3.0 3.0 3.0 3.0 0.0 0.19600001 2 TOUCH_MOVE r
1400735659872 6 4098 262.5 855.451 0.20000002 3.0 3.0 3.0 3.0 0.0 0.19600001 1 TOUCH_UP r
1400735660013 6 4098 149.0 822.951 0.33333334 5.0 5.0 5.0 5.0 0.0 0.224 0 TOUCH_DOWN e
1400735660057 6 4098 150.25586 824.4627 0.33333334 5.0 5.0 5.0 5.0 0.0 0.22800002 2 TOUCH_MOVE e
1400735660062 6 4098 150.5 825.9498 0.33333334 5.0 5.0 5.0 5.0 0.0 0.216 2 TOUCH_MOVE e
1400735660076 6 4098 150.0 827.951 0.26666668 4.0 4.0 4.0 4.0 0.0 0.18 2 TOUCH_MOVE e
1400735660080 6 4098 150.0 827.951 0.26666668 4.0 4.0 4.0 4.0 0.0 0.18 1 TOUCH_UP e
1400735660180 6 4098 442.5 1121.9509 0.33333334 5.0 5.0 5.0 5.0 0.0 0.22800002 0 TOUCH_DOWN b
1400735660256 6 4098 442.5 1121.9509 0.33333334 5.0 5.0 5.0 5.0 0.0 0.22800002 1 TOUCH_UP b
1400735660571 6 4098 672.5 1219.9509 0.26666668 5.0 5.0 5.0 5.0 0.0 0.19600001 0 TOUCH_DOWN Enter
1400735660577 6 4098 672.5 1219.9509 0.26666668 5.0 5.0 5.0 5.0 0.0 0.2 2 TOUCH_MOVE Enter
1400735660619 6 4098 672.5 1220.9899 0.26666668 5.0 5.0 5.0 5.0 0.0 0.2 2 TOUCH_MOVE Enter
1400735660640 6 4098 672.5 1220.9899 0.26666668 5.0 5.0 5.0 5.0 0.0 0.2 1 TOUCH_UP Enter
1400735661152 6 4098 675.5 1067.9509 0.3 5.0 5.0 5.0 5.0 0.0 0.208 0 TOUCH_DOWN Back
1400735661202 6 4098 675.5 1068.4509 0.26666668 5.0 5.0 5.0 5.0 0.0 0.192 2 TOUCH_MOVE Back
1400735661210 6 4098 675.5 1068.4509 0.26666668 5.0 5.0 5.0 5.0 0.0 0.192 1 TOUCH_UP Back
1400735661300 6 4098 682.5 1071.4509 0.26666668 4.0 4.0 4.0 4.0 0.0 0.208 0 TOUCH_DOWN Back
1400735661330 6 4098 681.98285 1071.4509 0.3 5.0 5.0 5.0 5.0 0.0 0.21200001 2 TOUCH_MOVE Back
1400735661345 6 4098 680.51624 1071.4509 0.3 5.0 5.0 5.0 5.0 0.0 0.21200001 2 TOUCH_MOVE Back
1400735661361 6 4098 679.529 1071.4509 0.3 5.0 5.0 5.0 5.0 0.0 0.21200001 2 TOUCH_MOVE Back
1400735661380 6 4098 679.25 1071.4509 0.23333335 4.0 4.0 4.0 4.0 0.0 0.20400001 2 TOUCH_MOVE Back
1400735661385 6 4098 679.25 1071.4509 0.23333335 4.0 4.0 4.0 4.0 0.0 0.20400001 1 TOUCH_UP Back
1400735661978 6 4098 500.5 1061.4509 0.33333334 5.0 5.0 5.0 5.0 0.0 0.22800002 0 TOUCH_DOWN n
1400735662028 6 4098 499.90683 1061.4509 0.33333334 5.0 5.0 5.0 5.0 0.0 0.22800002 2 TOUCH_MOVE n
1400735662043 6 4098 499.90683 1061.4509 0.33333334 5.0 5.0 5.0 5.0 0.0 0.22800002 1 TOUCH_UP n
1400735662239 6 4098 653.5 1228.9509 0.23333335 4.0 4.0 4.0 4.0 0.0 0.18800001 0 TOUCH_DOWN Enter
1400735662245 6 4098 653.5 1228.9509 0.23333335 4.0 4.0 4.0 4.0 0.0 0.192 2 TOUCH_MOVE Enter
1400735662273 6 4098 654.5 1228.9509 0.23333335 4.0 4.0 4.0 4.0 0.0 0.18 2 TOUCH_MOVE Enter
1400735662278 6 4098 654.5 1228.9509 0.23333335 4.0 4.0 4.0 4.0 0.0 0.18 1 TOUCH_UP Enter
1400735664091 6 4098 104.5 835.451 0.3 5.0 5.0 5.0 5.0 0.0 0.22000001 0 TOUCH_DOWN W
1400735664103 6 4098 104.5 835.451 0.33333334 5.0 5.0 5.0 5.0 0.0 0.22800002 2 TOUCH_MOVE W
1400735664132 6 4098 106.08398 835.451 0.33333334 5.0 5.0 5.0 5.0 0.0 0.23200001 2 TOUCH_MOVE W
1400735664147 6 4098 107.038765 835.451 0.33333334 5.0 5.0 5.0 5.0 0.0 0.22800002 2 TOUCH_MOVE W
1400735664180 6 4098 107.0 835.451 0.3 5.0 5.0 5.0 5.0 0.0 0.2 2 TOUCH_MOVE W
1400735664185 6 4098 107.0 835.451 0.20000002 3.0 3.0 3.0 3.0 0.0 0.112 2 TOUCH_MOVE W
1400735664189 6 4098 107.0 835.451 0.20000002 3.0 3.0 3.0 3.0 0.0 0.112 1 TOUCH_UP W
1400735664293 6 4098 182.5 837.951 0.36666667 6.0 6.0 6.0 6.0 0.0 0.24000001 0 TOUCH_DOWN e
1400735664319 6 4098 182.5 837.951 0.36666667 6.0 6.0 6.0 6.0 0.0 0.24800001 2 TOUCH_MOVE e
1400735664331 6 4098 183.04817 837.951 0.36666667 6.0 6.0 6.0 6.0 0.0 0.24800001 2 TOUCH_MOVE e
1400735664374 6 4098 182.5 837.951 0.26666668 4.0 4.0 4.0 4.0 0.0 0.208 2 TOUCH_MOVE e
1400735664386 6 4098 182.5 837.951 0.26666668 4.0 4.0 4.0 4.0 0.0 0.208 1 TOUCH_UP e
1400735664529 6 4098 365.0 1211.9509 0.26666668 5.0 5.0 5.0 5.0 0.0 0.22000001 0 TOUCH_DOWN Space
1400735664552 6 4098 365.0 1211.9509 0.26666668 5.0 5.0 5.0 5.0 0.0 0.22800002 2 TOUCH_MOVE Space
1400735664616 6 4098 365.0 1211.9509 0.26666668 5.0 5.0 5.0 5.0 0.0 0.22800002 1 TOUCH_UP Space
1400735664708 6 4098 51.5 950.951 0.23333335 4.0 4.0 4.0 4.0 0.0 0.19600001 0 TOUCH_DOWN a
1400735664731 6 4098 51.899452 950.951 0.23333335 4.0 4.0 4.0 4.0 0.0 0.20400001 2 TOUCH_MOVE a
1400735664749 6 4098 54.131996 950.951 0.23333335 4.0 4.0 4.0 4.0 0.0 0.208 2 TOUCH_MOVE a
1400735664768 6 4098 57.17751 950.951 0.23333335 4.0 4.0 4.0 4.0 0.0 0.21200001 2 TOUCH_MOVE a
1400735664782 6 4098 59.388447 950.951 0.23333335 4.0 4.0 4.0 4.0 0.0 0.208 2 TOUCH_MOVE a
1400735664809 6 4098 59.0 950.951 0.20000002 3.0 3.0 3.0 3.0 0.0 0.16000001 2 TOUCH_MOVE a
1400735664814 6 4098 59.0 950.951 0.20000002 3.0 3.0 3.0 3.0 0.0 0.16000001 1 TOUCH_UP a
1400735665030 6 4098 250.0 845.451 0.3 5.0 5.0 5.0 5.0 0.0 0.22800002 0 TOUCH_DOWN r
1400735665037 6 4098 250.0 845.451 0.3 5.0 5.0 5.0 5.0 0.0 0.23600002 2 TOUCH_MOVE r
1400735665065 6 4098 250.5 843.9283 0.33333334 5.0 5.0 5.0 5.0 0.0 0.24800001 2 TOUCH_MOVE r
1400735665085 6 4098 249.95294 843.1774 0.33333334 5.0 5.0 5.0 5.0 0.0 0.24000001 2 TOUCH_MOVE r
1400735665092 6 4098 249.5 842.951 0.23333335 4.0 4.0 4.0 4.0 0.0 0.19600001 2 TOUCH_MOVE r
1400735665095 6 4098 249.5 842.951 0.23333335 4.0 4.0 4.0 4.0 0.0 0.19600001 1 TOUCH_UP r
1400735665221 6 4098 163.0 823.451 0.33333334 5.0 5.0 5.0 5.0 0.0 0.23200001 0 TOUCH_DOWN e
1400735665244 6 4098 163.21356 823.451 0.33333334 5.0 5.0 5.0 5.0 0.0 0.23600002 2 TOUCH_MOVE e
1400735665266 6 4098 163.5 823.451 0.33333334 5.0 5.0 5.0 5.0 0.0 0.24000001 2 TOUCH_MOVE e
1400735665274 6 4098 163.5 823.451 0.33333334 5.0 5.0 5.0 5.0 0.0 0.208 2 TOUCH_MOVE e
1400735665278 6 4098 163.5 823.451 0.33333334 5.0 5.0 5.0 5.0 0.0 0.208 1 TOUCH_UP e
1400735665422 6 4098 359.5 1185.9509 0.26666668 4.0 4.0 4.0 4.0 0.0 0.22000001 0 TOUCH_DOWN Space
1400735665511 6 4098 359.5 1185.9509 0.26666668 4.0 4.0 4.0 4.0 0.0 0.22000001 1 TOUCH_UP Space
1400735666755 6 4098 324.0 854.951 0.3 5.0 5.0 5.0 5.0 0.0 0.24400002 0 TOUCH_DOWN t
1400735666800 6 4098 323.26248 854.951 0.33333334 5.0 5.0 5.0 5.0 0.0 0.252 2 TOUCH_MOVE t
1400735666835 6 4098 321.5 854.951 0.20000002 3.0 3.0 3.0 3.0 0.0 0.2 2 TOUCH_MOVE t
1400735666841 6 4098 321.5 854.951 0.20000002 3.0 3.0 3.0 3.0 0.0 0.2 1 TOUCH_UP t
1400735666905 6 4098 433.0 945.951 0.33333334 5.0 5.0 5.0 5.0 0.0 0.23600002 0 TOUCH_DOWN h
1400735666933 6 4098 433.0 945.951 0.33333334 5.0 5.0 5.0 5.0 0.0 0.24400002 2 TOUCH_MOVE h
1400735666969 6 4098 433.0 945.951 0.3 5.0 5.0 5.0 5.0 0.0 0.216 2 TOUCH_MOVE h
1400735666973 6 4098 433.0 945.951 0.3 5.0 5.0 5.0 5.0 0.0 0.216 1 TOUCH_UP h
1400735667030 6 4098 161.5 846.951 0.26666668 5.0 5.0 5.0 5.0 0.0 0.22000001 0 TOUCH_DOWN e
1400735667050 6 4098 161.9212 846.951 0.3 5.0 5.0 5.0 5.0 0.0 0.224 2 TOUCH_MOVE e
1400735667071 6 4098 162.80867 846.951 0.3 5.0 5.0 5.0 5.0 0.0 0.224 2 TOUCH_MOVE e
1400735667083 6 4098 163.5 846.951 0.26666668 5.0 5.0 5.0 5.0 0.0 0.21200001 2 TOUCH_MOVE e
1400735667091 6 4098 163.5 846.951 0.23333335 5.0 5.0 5.0 5.0 0.0 0.18800001 2 TOUCH_MOVE e
1400735667098 6 4098 163.5 846.951 0.23333335 5.0 5.0 5.0 5.0 0.0 0.18800001 1 TOUCH_UP e
1400735667169 6 4098 394.0 1210.9509 0.26666668 5.0 5.0 5.0 5.0 0.0 0.216 0 TOUCH_DOWN ,
1400735667221 6 4098 394.0 1210.9509 0.20000002 4.0 4.0 4.0 4.0 0.0 0.20400001 2 TOUCH_MOVE ,
1400735667224 6 4098 394.0 1210.9509 0.20000002 4.0 4.0 4.0 4.0 0.0 0.20400001 1 TOUCH_UP ,
1400735667391 6 4098 603.5 839.451 0.3 5.0 5.0 5.0 5.0 0.0 0.23200001 0 TOUCH_DOWN o
1400735667402 6 4098 603.5 839.451 0.3 5.0 5.0 5.0 5.0 0.0 0.23600002 2 TOUCH_MOVE o
1400735667430 6 4098 602.5293 839.451 0.33333334 5.0 5.0 5.0 5.0 0.0 0.23600002 2 TOUCH_MOVE o
1400735667436 6 4098 602.5 839.451 0.26666668 5.0 5.0 5.0 5.0 0.0 0.2 2 TOUCH_MOVE o
1400735667442 6 4098 602.5 839.451 0.26666668 5.0 5.0 5.0 5.0 0.0 0.2 1 TOUCH_UP o
1400735667571 6 4098 496.0 1064.4509 0.3 5.0 5.0 5.0 5.0 0.0 0.22000001 0 TOUCH_DOWN n
1400735667617 6 4098 496.0 1064.4509 0.33333334 5.0 5.0 5.0 5.0 0.0 0.23200001 2 TOUCH_MOVE n
1400735667634 6 4098 496.0 1065.0024 0.3 5.0 5.0 5.0 5.0 0.0 0.224 2 TOUCH_MOVE n
1400735667648 6 4098 496.0 1064.9509 0.3 5.0 5.0 5.0 5.0 0.0 0.192 2 TOUCH_MOVE n
1400735667652 6 4098 496.0 1064.9509 0.3 5.0 5.0 5.0 5.0 0.0 0.192 1 TOUCH_UP n
1400735668044 6 4098 671.0 1041.4509 0.3 5.0 5.0 5.0 5.0 0.0 0.21200001 0 TOUCH_DOWN Back
1400735668101 6 4098 671.0 1041.9509 0.26666668 5.0 5.0 5.0 5.0 0.0 0.172 2 TOUCH_MOVE Back
1400735668105 6 4098 671.0 1041.9509 0.26666668 5.0 5.0 5.0 5.0 0.0 0.172 1 TOUCH_UP Back
1400735668190 6 4098 674.5 1038.9509 0.3 5.0 5.0 5.0 5.0 0.0 0.208 0 TOUCH_DOWN Back
1400735668201 6 4098 674.5 1038.9509 0.3 5.0 5.0 5.0 5.0 0.0 0.21200001 2 TOUCH_MOVE Back
1400735668228 6 4098 674.1511 1039.7998 0.3 5.0 5.0 5.0 5.0 0.0 0.21200001 2 TOUCH_MOVE Back
1400735668234 6 4098 673.21716 1040.7338 0.3 5.0 5.0 5.0 5.0 0.0 0.216 2 TOUCH_MOVE Back
1400735668251 6 4098 672.5 1041.7339 0.3 5.0 5.0 5.0 5.0 0.0 0.21200001 2 TOUCH_MOVE Back
1400735668268 6 4098 672.5 1042.6555 0.3 5.0 5.0 5.0 5.0 0.0 0.21200001 2 TOUCH_MOVE Back
1400735668301 6 4098 672.5 1042.4509 0.23333335 4.0 4.0 4.0 4.0 0.0 0.18800001 2 TOUCH_MOVE Back
1400735668308 6 4098 672.5 1042.4509 0.23333335 4.0 4.0 4.0 4.0 0.0 0.18800001 1 TOUCH_UP Back
1400735668654 6 4098 649.5 1053.4509 0.3 5.0 5.0 5.0 5.0 0.0 0.216 0 TOUCH_DOWN Back
1400735668670 6 4098 649.5 1053.4509 0.3 5.0 5.0 5.0 5.0 0.0 0.22000001 2 TOUCH_MOVE Back
1400735668718 6 4098 649.5 1053.4509 0.23333335 5.0 5.0 5.0 5.0 0.0 0.18400002 2 TOUCH_MOVE Back
1400735668722 6 4098 649.5 1053.4509 0.23333335 5.0 5.0 5.0 5.0 0.0 0.18400002 1 TOUCH_UP Back
1400735668994 6 4098 354.5 1226.9509 0.23333335 4.0 4.0 4.0 4.0 0.0 0.208 0 TOUCH_DOWN Space
1400735669056 6 4098 354.5 1226.9509 0.23333335 4.0 4.0 4.0 4.0 0.0 0.208 1 TOUCH_UP Space
1400735669227 6 4098 612.0 845.951 0.3 5.0 5.0 5.0 5.0 0.0 0.224 0 TOUCH_DOWN o
1400735669235 6 4098 612.0 845.951 0.3 5.0 5.0 5.0 5.0 0.0 0.23200001 2 TOUCH_MOVE o
1400735669269 6 4098 608.4405 845.43115 0.3 5.0 5.0 5.0 5.0 0.0 0.24000001 2 TOUCH_MOVE o
1400735669285 6 4098 606.9556 845.451 0.3 5.0 5.0 5.0 5.0 0.0 0.22800002 2 TOUCH_MOVE o
1400735669296 6 4098 607.0 845.451 0.23333335 5.0 5.0 5.0 5.0 0.0 0.18800001 2 TOUCH_MOVE o
1400735669300 6 4098 607.0 845.451 0.23333335 5.0 5.0 5.0 5.0 0.0 0.18800001 1 TOUCH_UP o
1400735669441 6 4098 502.5 1082.4509 0.3 5.0 5.0 5.0 5.0 0.0 0.224 0 TOUCH_DOWN n
1400735669455 6 4098 502.5 1082.4509 0.3 5.0 5.0 5.0 5.0 0.0 0.22800002 2 TOUCH_MOVE n
1400735669503 6 4098 503.60593 1082.9509 0.26666668 5.0 5.0 5.0 5.0 0.0 0.216 2 TOUCH_MOVE n
1400735669516 6 4098 503.60593 1082.9509 0.26666668 5.0 5.0 5.0 5.0 0.0 0.216 1 TOUCH_UP n
1400735669613 6 4098 177.5 833.951 0.33333334 5.0 5.0 5.0 5.0 0.0 0.224 0 TOUCH_DOWN e
1400735669639 6 4098 178.31613 833.951 0.33333334 5.0 5.0 5.0 5.0 0.0 0.23200001 2 TOUCH_MOVE e
1400735669654 6 4098 180.0736 833.951 0.33333334 5.0 5.0 5.0 5.0 0.0 0.24000001 2 TOUCH_MOVE e
1400735669669 6 4098 181.05334 833.951 0.33333334 5.0 5.0 5.0 5.0 0.0 0.24000001 2 TOUCH_MOVE e
1400735669695 6 4098 181.0 833.951 0.26666668 4.0 4.0 4.0 4.0 0.0 0.18800001 2 TOUCH_MOVE e
1400735669699 6 4098 181.0 833.951 0.26666668 4.0 4.0 4.0 4.0 0.0 0.18800001 1 TOUCH_UP e
1400735669850 6 4098 138.0 959.451 0.3 5.0 5.0 5.0 5.0 0.0 0.22000001 0 TOUCH_DOWN s
1400735669869 6 4098 138.0 959.451 0.3 5.0 5.0 5.0 5.0 0.0 0.224 2 TOUCH_MOVE s
1400735669902 6 4098 139.25381 959.451 0.3 5.0 5.0 5.0 5.0 0.0 0.23200001 2 TOUCH_MOVE s
1400735669919 6 4098 140.21765 959.451 0.3 5.0 5.0 5.0 5.0 0.0 0.22800002 2 TOUCH_MOVE s
1400735669937 6 4098 140.5 960.951 0.20000002 4.0 4.0 4.0 4.0 0.0 0.2 2 TOUCH_MOVE s
1400735669941 6 4098 140.5 960.951 0.20000002 4.0 4.0 4.0 4.0 0.0 0.2 1 TOUCH_UP s
1400735669988 6 4098 308.5 1206.4509 0.26666668 5.0 5.0 5.0 5.0 0.0 0.224 0 TOUCH_DOWN Space
1400735670069 6 4098 309.0 1206.4509 0.26666668 5.0 5.0 5.0 5.0 0.0 0.22000001 2 TOUCH_MOVE Space
1400735670083 6 4098 309.0 1206.4509 0.16666667 3.0 3.0 3.0 3.0 0.0 0.1 2 TOUCH_MOVE Space
1400735670086 6 4098 309.0 1206.4509 0.16666667 3.0 3.0 3.0 3.0 0.0 0.1 1 TOUCH_UP Space
1400735671353 6 4098 103.5 836.951 0.3 5.0 5.0 5.0 5.0 0.0 0.216 0 TOUCH_DOWN w
1400735671371 6 4098 103.5 836.951 0.3 5.0 5.0 5.0 5.0 0.0 0.22000001 2 TOUCH_MOVE w
1400735671388 6 4098 104.58392 836.951 0.3 5.0 5.0 5.0 5.0 0.0 0.224 2 TOUCH_MOVE w
1400735671404 6 4098 105.52394 837.9749 0.3 5.0 5.0 5.0 5.0 0.0 0.224 2 TOUCH_MOVE w
1400735671420 6 4098 105.5 838.9513 0.26666668 5.0 5.0 5.0 5.0 0.0 0.208 2 TOUCH_MOVE w
1400735671432 6 4098 105.0 841.451 0.23333335 5.0 5.0 5.0 5.0 0.0 0.18800001 2 TOUCH_MOVE w
1400735671436 6 4098 105.0 841.451 0.23333335 5.0 5.0 5.0 5.0 0.0 0.18800001 1 TOUCH_UP w
1400735671493 6 4098 418.5 954.951 0.26666668 4.0 4.0 4.0 4.0 0.0 0.22800002 0 TOUCH_DOWN h
1400735671506 6 4098 418.5 954.951 0.3 5.0 5.0 5.0 5.0 0.0 0.23200001 2 TOUCH_MOVE h
1400735671550 6 4098 418.5 954.951 0.26666668 4.0 4.0 4.0 4.0 0.0 0.208 2 TOUCH_MOVE h
1400735671554 6 4098 418.5 954.951 0.26666668 4.0 4.0 4.0 4.0 0.0 0.208 1 TOUCH_UP h
1400735671683 6 4098 616.5 844.451 0.3 5.0 5.0 5.0 5.0 0.0 0.224 0 TOUCH_DOWN o
1400735671706 6 4098 616.5 844.451 0.3 5.0 5.0 5.0 5.0 0.0 0.22800002 2 TOUCH_MOVE o
1400735671735 6 4098 616.5 844.451 0.23333335 5.0 5.0 5.0 5.0 0.0 0.18400002 2 TOUCH_MOVE o
1400735671739 6 4098 616.5 844.451 0.23333335 5.0 5.0 5.0 5.0 0.0 0.18400002 1 TOUCH_UP o
1400735672166 6 4098 582.5 1060.9509 0.26666668 4.0 4.0 4.0 4.0 0.0 0.21200001 0 TOUCH_DOWN m
1400735672174 6 4098 582.5 1060.9509 0.26666668 4.0 4.0 4.0 4.0 0.0 0.22000001 2 TOUCH_MOVE m
1400735672214 6 4098 582.16754 1061.7833 0.26666668 4.0 4.0 4.0 4.0 0.0 0.22000001 2 TOUCH_MOVE m
1400735672219 6 4098 582.0 1061.9509 0.26666668 4.0 4.0 4.0 4.0 0.0 0.18400002 2 TOUCH_MOVE m
1400735672223 6 4098 582.0 1061.9509 0.26666668 4.0 4.0 4.0 4.0 0.0 0.18400002 1 TOUCH_UP m
1400735672268 6 4098 62.5 960.451 0.20000002 3.0 3.0 3.0 3.0 0.0 0.2 0 TOUCH_DOWN a
1400735672289 6 4098 63.105988 960.451 0.23333335 4.0 4.0 4.0 4.0 0.0 0.208 2 TOUCH_MOVE a
1400735672305 6 4098 65.387276 960.451 0.23333335 4.0 4.0 4.0 4.0 0.0 0.21200001 2 TOUCH_MOVE a
1400735672322 6 4098 67.47849 960.451 0.23333335 4.0 4.0 4.0 4.0 0.0 0.216 2 TOUCH_MOVE a
1400735672338 6 4098 68.474205 960.451 0.23333335 4.0 4.0 4.0 4.0 0.0 0.21200001 2 TOUCH_MOVE a
1400735672356 6 4098 68.75 960.451 0.23333335 4.0 4.0 4.0 4.0 0.0 0.208 2 TOUCH_MOVE a
1400735672369 6 4098 68.75 960.451 0.23333335 4.0 4.0 4.0 4.0 0.0 0.208 1 TOUCH_UP a
1400735672400 6 4098 572.0 938.451 0.33333334 5.0 5.0 5.0 5.0 0.0 0.23200001 0 TOUCH_DOWN k
1400735672424 6 4098 572.0 938.451 0.33333334 5.0 5.0 5.0 5.0 0.0 0.23600002 2 TOUCH_MOVE k
1400735672443 6 4098 572.0 939.28107 0.33333334 5.0 5.0 5.0 5.0 0.0 0.24000001 2 TOUCH_MOVE k
1400735672457 6 4098 572.0 939.701 0.33333334 5.0 5.0 5.0 5.0 0.0 0.23600002 2 TOUCH_MOVE k
1400735672465 6 4098 572.0 939.701 0.33333334 5.0 5.0 5.0 5.0 0.0 0.23600002 1 TOUCH_UP k
1400735672538 6 4098 167.0 843.951 0.3 5.0 5.0 5.0 5.0 0.0 0.224 0 TOUCH_DOWN e
1400735672556 6 4098 167.58484 843.951 0.3 5.0 5.0 5.0 5.0 0.0 0.23600002 2 TOUCH_MOVE e
1400735672572 6 4098 169.5915 843.951 0.3 5.0 5.0 5.0 5.0 0.0 0.23600002 2 TOUCH_MOVE e
1400735672588 6 4098 170.25 843.951 0.3 5.0 5.0 5.0 5.0 0.0 0.23600002 2 TOUCH_MOVE e
1400735672615 6 4098 170.0 843.951 0.3 5.0 5.0 5.0 5.0 0.0 0.2 2 TOUCH_MOVE e
1400735672619 6 4098 170.0 843.951 0.3 5.0 5.0 5.0 5.0 0.0 0.2 1 TOUCH_UP e
1400735672850 6 4098 642.5 1069.4509 0.26666668 4.0 4.0 4.0 4.0 0.0 0.216 0 TOUCH_DOWN Back
1400735672919 6 4098 642.5 1069.4509 0.26666668 4.0 4.0 4.0 4.0 0.0 0.216 1 TOUCH_UP Back
1400735673008 6 4098 649.0 1068.9509 0.26666668 4.0 4.0 4.0 4.0 0.0 0.20400001 0 TOUCH_DOWN Back
1400735673038 6 4098 649.0 1068.9509 0.26666668 4.0 4.0 4.0 4.0 0.0 0.208 2 TOUCH_MOVE Back
1400735673063 6 4098 649.0 1068.9509 0.26666668 4.0 4.0 4.0 4.0 0.0 0.208 1 TOUCH_UP Back
1400735673153 6 4098 647.0 1071.4509 0.23333335 4.0 4.0 4.0 4.0 0.0 0.2 0 TOUCH_DOWN Back
1400735673172 6 4098 647.0 1071.4509 0.26666668 4.0 4.0 4.0 4.0 0.0 0.208 2 TOUCH_MOVE Back
1400735673237 6 4098 647.0 1071.4509 0.26666668 4.0 4.0 4.0 4.0 0.0 0.208 1 TOUCH_UP Back
1400735673320 6 4098 648.0 1074.4509 0.23333335 4.0 4.0 4.0 4.0 0.0 0.20400001 0 TOUCH_DOWN Back
1400735673430 6 4098 648.0 1074.4509 0.23333335 4.0 4.0 4.0 4.0 0.0 0.18 2 TOUCH_MOVE Back
1400735673434 6 4098 648.0 1074.4509 0.23333335 4.0 4.0 4.0 4.0 0.0 0.18 1 TOUCH_UP Back
1400735673793 6 4098 345.5 1233.9509 0.20000002 4.0 4.0 4.0 4.0 0.0 0.2 0 TOUCH_DOWN Space
1400735673854 6 4098 345.5 1233.9509 0.16666667 3.0 3.0 3.0 3.0 0.0 0.15200001 2 TOUCH_MOVE Space
1400735673858 6 4098 345.5 1233.9509 0.16666667 3.0 3.0 3.0 3.0 0.0 0.15200001 1 TOUCH_UP Space
1400735674011 6 4098 589.0 1085.9509 0.23333335 4.0 4.0 4.0 4.0 0.0 0.21200001 0 TOUCH_DOWN m
1400735674025 6 4098 589.0 1085.9509 0.23333335 4.0 4.0 4.0 4.0 0.0 0.216 2 TOUCH_MOVE m
1400735674073 6 4098 588.5 1086.7922 0.26666668 4.0 4.0 4.0 4.0 0.0 0.216 2 TOUCH_MOVE m
1400735674090 6 4098 588.0 1087.4509 0.23333335 4.0 4.0 4.0 4.0 0.0 0.20400001 2 TOUCH_MOVE m
1400735674096 6 4098 588.0 1087.4509 0.16666667 3.0 3.0 3.0 3.0 0.0 0.108 2 TOUCH_MOVE m
1400735674100 6 4098 588.0 1087.4509 0.16666667 3.0 3.0 3.0 3.0 0.0 0.108 1 TOUCH_UP m
1400735674215 6 4098 52.0 957.951 0.20000002 3.0 3.0 3.0 3.0 0.0 0.19600001 0 TOUCH_DOWN a
1400735674236 6 4098 52.250576 957.951 0.20000002 3.0 3.0 3.0 3.0 0.0 0.20400001 2 TOUCH_MOVE a
1400735674243 6 4098 52.98106 957.951 0.20000002 3.0 3.0 3.0 3.0 0.0 0.20400001 2 TOUCH_MOVE a
1400735674257 6 4098 54.912003 957.951 0.20000002 3.0 3.0 3.0 3.0 0.0 0.20400001 2 TOUCH_MOVE a
1400735674273 6 4098 56.41609 958.36707 0.20000002 3.0 3.0 3.0 3.0 0.0 0.208 2 TOUCH_MOVE a
1400735674290 6 4098 56.5 958.951 0.16666667 3.0 3.0 3.0 3.0 0.0 0.18800001 2 TOUCH_MOVE a
1400735674296 6 4098 56.5 958.951 0.16666667 3.0 3.0 3.0 3.0 0.0 0.15200001 2 TOUCH_MOVE a
1400735674300 6 4098 56.5 958.951 0.16666667 3.0 3.0 3.0 3.0 0.0 0.15200001 1 TOUCH_UP a
1400735674443 6 4098 576.5 935.451 0.33333334 5.0 5.0 5.0 5.0 0.0 0.23200001 0 TOUCH_DOWN k
1400735674500 6 4098 576.5 935.451 0.33333334 5.0 5.0 5.0 5.0 0.0 0.23200001 1 TOUCH_UP k
1400735674598 6 4098 152.0 837.451 0.3 5.0 5.0 5.0 5.0 0.0 0.22000001 0 TOUCH_DOWN e
1400735674607 6 4098 152.0 837.451 0.3 5.0 5.0 5.0 5.0 0.0 0.224 2 TOUCH_MOVE e
1400735674667 6 4098 152.0 837.451 0.23333335 4.0 4.0 4.0 4.0 0.0 0.18 2 TOUCH_MOVE e
1400735674672 6 4098 152.0 837.451 0.23333335 4.0 4.0 4.0 4.0 0.0 0.18 1 TOUCH_UP e
1400735674839 6 4098 345.5 1224.9509 0.23333335 4.0 4.0 4.0 4.0 0.0 0.208 0 TOUCH_DOWN Space
1400735674907 6 4098 345.5 1224.9509 0.23333335 4.0 4.0 4.0 4.0 0.0 0.208 1 TOUCH_UP Space
1400735676705 6 4098 53.0 971.451 0.16666667 3.0 3.0 3.0 3.0 0.0 0.2 0 TOUCH_DOWN a
1400735676712 6 4098 53.0 971.451 0.16666667 3.0 3.0 3.0 3.0 0.0 0.20400001 2 TOUCH_MOVE a
1400735676750 6 4098 55.12261 971.451 0.16666667 3.0 3.0 3.0 3.0 0.0 0.208 2 TOUCH_MOVE a
1400735676765 6 4098 56.096725 971.451 0.16666667 3.0 3.0 3.0 3.0 0.0 0.208 2 TOUCH_MOVE a
1400735676779 6 4098 55.5 971.451 0.16666667 3.0 3.0 3.0 3.0 0.0 0.18800001 2 TOUCH_MOVE a
1400735676788 6 4098 55.5 971.451 0.16666667 3.0 3.0 3.0 3.0 0.0 0.18800001 1 TOUCH_UP a
1400735676931 6 4098 330.5 1228.9509 0.26666668 5.0 5.0 5.0 5.0 0.0 0.208 0 TOUCH_DOWN Space
1400735677000 6 4098 330.5 1228.9509 0.26666668 5.0 5.0 5.0 5.0 0.0 0.208 1 TOUCH_UP Space
1400735677141 6 4098 458.0 1068.4509 0.3 5.0 5.0 5.0 5.0 0.0 0.224 0 TOUCH_DOWN b
1400735677170 6 4098 458.0 1068.6987 0.3 5.0 5.0 5.0 5.0 0.0 0.22800002 2 TOUCH_MOVE b
1400735677177 6 4098 458.0 1069.1569 0.33333334 5.0 5.0 5.0 5.0 0.0 0.23600002 2 TOUCH_MOVE b
1400735677193 6 4098 458.6735 1070.1244 0.3 5.0 5.0 5.0 5.0 0.0 0.22800002 2 TOUCH_MOVE b
1400735677216 6 4098 458.5 1070.4509 0.13333334 2.0 2.0 2.0 2.0 0.0 0.116000004 2 TOUCH_MOVE b
1400735677219 6 4098 458.5 1070.4509 0.13333334 2.0 2.0 2.0 2.0 0.0 0.116000004 1 TOUCH_UP b
1400735677397 6 4098 252.5 858.451 0.3 5.0 5.0 5.0 5.0 0.0 0.23600002 0 TOUCH_DOWN r
1400735677411 6 4098 252.5 858.451 0.3 5.0 5.0 5.0 5.0 0.0 0.24000001 2 TOUCH_MOVE r
1400735677443 6 4098 250.73077 858.451 0.23333335 4.0 4.0 4.0 4.0 0.0 0.216 2 TOUCH_MOVE r
1400735677452 6 4098 251.0 858.451 0.16666667 3.0 3.0 3.0 3.0 0.0 0.18800001 2 TOUCH_MOVE r
1400735677456 6 4098 251.0 858.451 0.16666667 3.0 3.0 3.0 3.0 0.0 0.18800001 1 TOUCH_UP r
1400735677528 6 4098 573.5 824.451 0.33333334 5.0 5.0 5.0 5.0 0.0 0.23600002 0 TOUCH_DOWN o
1400735677589 6 4098 573.5 824.451 0.33333334 5.0 5.0 5.0 5.0 0.0 0.23600002 1 TOUCH_UP o
1400735677755 6 4098 355.0 979.951 0.26666668 4.0 4.0 4.0 4.0 0.0 0.224 0 TOUCH_DOWN g
1400735677780 6 4098 355.0 979.951 0.26666668 4.0 4.0 4.0 4.0 0.0 0.22800002 2 TOUCH_MOVE g
1400735677811 6 4098 355.0 979.951 0.26666668 4.0 4.0 4.0 4.0 0.0 0.2 2 TOUCH_MOVE g
1400735677815 6 4098 355.0 979.951 0.20000002 3.0 3.0 3.0 3.0 0.0 0.112 2 TOUCH_MOVE g
1400735677819 6 4098 355.0 979.951 0.20000002 3.0 3.0 3.0 3.0 0.0 0.112 1 TOUCH_UP g
1400735677931 6 4098 412.5 964.951 0.3 5.0 5.0 5.0 5.0 0.0 0.22800002 0 TOUCH_DOWN h
1400735677943 6 4098 412.5 964.951 0.3 5.0 5.0 5.0 5.0 0.0 0.23200001 2 TOUCH_MOVE h
1400735678000 6 4098 412.5 964.951 0.3 5.0 5.0 5.0 5.0 0.0 0.23200001 1 TOUCH_UP h
1400735678320 6 4098 658.0 1035.9509 0.26666668 4.0 4.0 4.0 4.0 0.0 0.208 0 TOUCH_DOWN Back
1400735678345 6 4098 657.3436 1037.1073 0.26666668 4.0 4.0 4.0 4.0 0.0 0.21200001 2 TOUCH_MOVE Back
1400735678390 6 4098 654.5 1040.4509 0.23333335 4.0 4.0 4.0 4.0 0.0 0.18400002 2 TOUCH_MOVE Back
1400735678396 6 4098 654.5 1040.4509 0.23333335 4.0 4.0 4.0 4.0 0.0 0.18400002 1 TOUCH_UP Back
1400735678481 6 4098 664.5 1048.4509 0.33333334 5.0 5.0 5.0 5.0 0.0 0.208 0 TOUCH_DOWN Back
1400735678494 6 4098 664.5 1048.4509 0.3 5.0 5.0 5.0 5.0 0.0 0.21200001 2 TOUCH_MOVE Back
1400735678528 6 4098 664.5 1049.2699 0.33333334 5.0 5.0 5.0 5.0 0.0 0.208 2 TOUCH_MOVE Back
1400735678542 6 4098 664.5 1049.9509 0.33333334 5.0 5.0 5.0 5.0 0.0 0.19600001 2 TOUCH_MOVE Back
1400735678550 6 4098 664.5 1049.9509 0.33333334 5.0 5.0 5.0 5.0 0.0 0.19600001 1 TOUCH_UP Back
1400735678638 6 4098 656.5 1067.4509 0.3 5.0 5.0 5.0 5.0 0.0 0.20400001 0 TOUCH_DOWN Back
1400735678644 6 4098 656.5 1067.4509 0.26666668 4.0 4.0 4.0 4.0 0.0 0.208 2 TOUCH_MOVE Back
1400735678662 6 4098 657.01843 1067.4509 0.26666668 4.0 4.0 4.0 4.0 0.0 0.21200001 2 TOUCH_MOVE Back
1400735678678 6 4098 658.0003 1066.4507 0.3 5.0 5.0 5.0 5.0 0.0 0.21200001 2 TOUCH_MOVE Back
1400735678724 6 4098 659.0 1066.4509 0.16666667 3.0 3.0 3.0 3.0 0.0 0.1 2 TOUCH_MOVE Back
1400735678728 6 4098 659.0 1066.4509 0.16666667 3.0 3.0 3.0 3.0 0.0 0.1 1 TOUCH_UP Back
1400735678812 6 4098 658.5 1063.4509 0.26666668 4.0 4.0 4.0 4.0 0.0 0.20400001 0 TOUCH_DOWN Back
1400735678831 6 4098 658.5 1063.4509 0.26666668 4.0 4.0 4.0 4.0 0.0 0.208 2 TOUCH_MOVE Back
1400735678866 6 4098 658.5 1063.4509 0.23333335 4.0 4.0 4.0 4.0 0.0 0.18 2 TOUCH_MOVE Back
1400735678871 6 4098 658.5 1063.4509 0.23333335 4.0 4.0 4.0 4.0 0.0 0.18 1 TOUCH_UP Back
1400735679941 6 4098 244.0 843.451 0.3 5.0 5.0 5.0 5.0 0.0 0.23600002 0 TOUCH_DOWN r
1400735679967 6 4098 244.0 843.451 0.3 5.0 5.0 5.0 5.0 0.0 0.24000001 2 TOUCH_MOVE r
1400735680016 6 4098 244.0 843.951 0.23333335 4.0 4.0 4.0 4.0 0.0 0.19600001 2 TOUCH_MOVE r
1400735680021 6 4098 244.0 843.951 0.13333334 2.0 2.0 2.0 2.0 0.0 0.108 2 TOUCH_MOVE r
1400735680024 6 4098 244.0 843.951 0.13333334 2.0 2.0 2.0 2.0 0.0 0.108 1 TOUCH_UP r
1400735680088 6 4098 569.5 856.451 0.3 5.0 5.0 5.0 5.0 0.0 0.24000001 0 TOUCH_DOWN i
1400735680113 6 4098 569.5 856.451 0.3 5.0 5.0 5.0 5.0 0.0 0.24400002 2 TOUCH_MOVE i
1400735680130 6 4098 568.1036 856.451 0.33333334 5.0 5.0 5.0 5.0 0.0 0.252 2 TOUCH_MOVE i
1400735680145 6 4098 567.25 856.451 0.3 5.0 5.0 5.0 5.0 0.0 0.24800001 2 TOUCH_MOVE i
1400735680184 6 4098 567.25 856.451 0.3 5.0 5.0 5.0 5.0 0.0 0.24800001 1 TOUCH_UP i
1400735680378 6 4098 356.0 976.451 0.26666668 4.0 4.0 4.0 4.0 0.0 0.23200001 0 TOUCH_DOWN g
1400735680445 6 4098 356.0 976.451 0.23333335 4.0 4.0 4.0 4.0 0.0 0.2 2 TOUCH_MOVE g
1400735680449 6 4098 356.0 976.451 0.23333335 4.0 4.0 4.0 4.0 0.0 0.2 1 TOUCH_UP g
1400735680935 6 4098 431.0 952.951 0.3 5.0 5.0 5.0 5.0 0.0 0.23200001 0 TOUCH_DOWN h
1400735680946 6 4098 431.0 952.951 0.33333334 5.0 5.0 5.0 5.0 0.0 0.23200001 2 TOUCH_MOVE h
1400735681011 6 4098 431.0 952.951 0.33333334 5.0 5.0 5.0 5.0 0.0 0.23200001 1 TOUCH_UP h
1400735681278 6 4098 347.0 853.951 0.3 5.0 5.0 5.0 5.0 0.0 0.23200001 0 TOUCH_DOWN t
1400735681303 6 4098 347.0 853.951 0.3 5.0 5.0 5.0 5.0 0.0 0.23600002 2 TOUCH_MOVE t
1400735681349 6 4098 347.0 853.951 0.20000002 4.0 4.0 4.0 4.0 0.0 0.192 2 TOUCH_MOVE t
1400735681353 6 4098 347.0 853.951 0.20000002 4.0 4.0 4.0 4.0 0.0 0.192 1 TOUCH_UP t
1400735681493 6 4098 160.5 824.451 0.33333334 5.0 5.0 5.0 5.0 0.0 0.22800002 0 TOUCH_DOWN e
1400735681513 6 4098 161.44048 824.451 0.33333334 5.0 5.0 5.0 5.0 0.0 0.23600002 2 TOUCH_MOVE e
1400735681530 6 4098 163.72429 824.451 0.33333334 5.0 5.0 5.0 5.0 0.0 0.24000001 2 TOUCH_MOVE e
1400735681547 6 4098 165.3718 825.3228 0.33333334 5.0 5.0 5.0 5.0 0.0 0.23600002 2 TOUCH_MOVE e
1400735681565 6 4098 166.0 825.951 0.3 5.0 5.0 5.0 5.0 0.0 0.18800001 2 TOUCH_MOVE e
1400735681570 6 4098 166.0 825.951 0.3 5.0 5.0 5.0 5.0 0.0 0.18800001 1 TOUCH_UP e
1400735681673 6 4098 247.0 837.451 0.33333334 5.0 5.0 5.0 5.0 0.0 0.23600002 0 TOUCH_DOWN r
1400735681730 6 4098 247.0 837.451 0.33333334 5.0 5.0 5.0 5.0 0.0 0.22800002 2 TOUCH_MOVE r
1400735681734 6 4098 247.0 837.451 0.26666668 4.0 4.0 4.0 4.0 0.0 0.20400001 2 TOUCH_MOVE r
1400735681739 6 4098 247.0 837.451 0.26666668 4.0 4.0 4.0 4.0 0.0 0.20400001 1 TOUCH_UP r
1400735681801 6 4098 341.5 1236.9509 0.23333335 5.0 5.0 5.0 5.0 0.0 0.20400001 0 TOUCH_DOWN Space
1400735681830 6 4098 341.5 1236.199 0.23333335 5.0 5.0 5.0 5.0 0.0 0.208 2 TOUCH_MOVE Space
1400735681847 6 4098 341.5 1235.2212 0.26666668 5.0 5.0 5.0 5.0 0.0 0.208 2 TOUCH_MOVE Space
1400735681873 6 4098 342.1957 1234.9509 0.23333335 5.0 5.0 5.0 5.0 0.0 0.20400001 2 TOUCH_MOVE Space
1400735681881 6 4098 342.5 1234.9509 0.10000001 2.0 2.0 2.0 2.0 0.0 0.136 2 TOUCH_MOVE Space
1400735681884 6 4098 342.5 1234.9509 0.10000001 2.0 2.0 2.0 2.0 0.0 0.136 1 TOUCH_UP Space
1400735682170 6 4098 209.5 979.451 0.3 5.0 5.0 5.0 5.0 0.0 0.22800002 0 TOUCH_DOWN d
1400735682189 6 4098 209.5 979.451 0.3 5.0 5.0 5.0 5.0 0.0 0.23200001 2 TOUCH_MOVE d
1400735682227 6 4098 206.5 978.951 0.16666667 3.0 3.0 3.0 3.0 0.0 0.192 2 TOUCH_MOVE d
1400735682232 6 4098 206.5 978.951 0.16666667 3.0 3.0 3.0 3.0 0.0 0.192 1 TOUCH_UP d
1400735682374 6 4098 54.5 975.451 0.20000002 3.0 3.0 3.0 3.0 0.0 0.208 0 TOUCH_DOWN a
1400735682381 6 4098 54.5 975.451 0.20000002 3.0 3.0 3.0 3.0 0.0 0.21200001 2 TOUCH_MOVE a
1400735682401 6 4098 56.233612 976.0094 0.26666668 4.0 4.0 4.0 4.0 0.0 0.22000001 2 TOUCH_MOVE a
1400735682417 6 4098 59.08521 976.81274 0.26666668 4.0 4.0 4.0 4.0 0.0 0.22000001 2 TOUCH_MOVE a
1400735682438 6 4098 61.485 977.936 0.26666668 4.0 4.0 4.0 4.0 0.0 0.22000001 2 TOUCH_MOVE a
1400735682449 6 4098 62.0 979.2546 0.26666668 4.0 4.0 4.0 4.0 0.0 0.22000001 2 TOUCH_MOVE a
1400735682465 6 4098 59.0 982.451 0.20000002 3.0 3.0 3.0 3.0 0.0 0.18800001 2 TOUCH_MOVE a
1400735682474 6 4098 379.0 858.951 0.3 5.0 5.0 5.0 5.0 0.0 0.24400002 0 TOUCH_DOWN y
1400735682475 6 4098 59.0 982.451 0.20000002 3.0 3.0 3.0 3.0 0.0 0.18800001 2 TOUCH_MOVE a
1400735682477 6 4098 378.0 858.951 0.33333334 5.0 5.0 5.0 5.0 0.0 0.24400002 2 TOUCH_MOVE y
1400735682480 6 4098 59.0 982.451 0.20000002 3.0 3.0 3.0 3.0 0.0 0.18800001 1 TOUCH_UP a
1400735682488 6 4098 378.0 858.951 0.33333334 5.0 5.0 5.0 5.0 0.0 0.24400002 2 TOUCH_MOVE y
1400735682548 6 4098 379.0 859.951 0.26666668 5.0 5.0 5.0 5.0 0.0 0.192 2 TOUCH_MOVE y
1400735682551 6 4098 379.0 859.951 0.26666668 5.0 5.0 5.0 5.0 0.0 0.192 1 TOUCH_UP y
1400735684421 6 4098 678.5 1208.4509 0.26666668 5.0 5.0 5.0 5.0 0.0 0.21200001 0 TOUCH_DOWN Enter
1400735684430 6 4098 678.5 1208.5233 0.26666668 5.0 5.0 5.0 5.0 0.0 0.216 2 TOUCH_MOVE Enter
1400735684449 6 4098 678.2857 1208.9509 0.26666668 5.0 5.0 5.0 5.0 0.0 0.216 2 TOUCH_MOVE Enter
1400735684468 6 4098 676.5 1209.0872 0.26666668 5.0 5.0 5.0 5.0 0.0 0.22000001 2 TOUCH_MOVE Enter
1400735684483 6 4098 676.5 1209.7009 0.26666668 5.0 5.0 5.0 5.0 0.0 0.22000001 2 TOUCH_MOVE Enter
1400735684504 6 4098 676.5 1209.7009 0.26666668 5.0 5.0 5.0 5.0 0.0 0.22000001 1 TOUCH_UP Enter
1400735684850 6 4098 141.0 980.951 0.26666668 4.0 4.0 4.0 4.0 0.0 0.216 0 TOUCH_DOWN S
1400735684875 6 4098 141.0 981.3473 0.3 5.0 5.0 5.0 5.0 0.0 0.22000001 2 TOUCH_MOVE S
1400735684883 6 4098 141.25912 982.2101 0.3 5.0 5.0 5.0 5.0 0.0 0.224 2 TOUCH_MOVE S
1400735684900 6 4098 142.0 983.1708 0.3 5.0 5.0 5.0 5.0 0.0 0.22000001 2 TOUCH_MOVE S
1400735684916 6 4098 142.0 984.09894 0.3 5.0 5.0 5.0 5.0 0.0 0.216 2 TOUCH_MOVE S
1400735684927 6 4098 142.0 984.09894 0.3 5.0 5.0 5.0 5.0 0.0 0.216 1 TOUCH_UP S
1400735685034 6 4098 612.5 848.451 0.3 5.0 5.0 5.0 5.0 0.0 0.23600002 0 TOUCH_DOWN o
1400735685052 6 4098 612.5 848.451 0.3 5.0 5.0 5.0 5.0 0.0 0.24000001 2 TOUCH_MOVE o
1400735685092 6 4098 612.5 848.451 0.3 5.0 5.0 5.0 5.0 0.0 0.24000001 1 TOUCH_UP o
1400735685345 6 4098 353.0 1247.9509 0.16666667 4.0 4.0 4.0 4.0 0.0 0.18400002 0 TOUCH_DOWN Space
1400735685353 6 4098 352.61584 1247.5668 0.16666667 4.0 4.0 4.0 4.0 0.0 0.18800001 2 TOUCH_MOVE Space
1400735685375 6 4098 351.78592 1246.5227 0.16666667 4.0 4.0 4.0 4.0 0.0 0.18800001 2 TOUCH_MOVE Space
1400735685385 6 4098 352.0 1245.4509 0.10000001 2.0 2.0 2.0 2.0 0.0 0.17600001 2 TOUCH_MOVE Space
1400735685389 6 4098 352.0 1245.4509 0.10000001 2.0 2.0 2.0 2.0 0.0 0.17600001 1 TOUCH_UP Space
1400735685606 6 4098 669.0 965.951 0.23333335 5.0 5.0 5.0 5.0 0.0 0.208 0 TOUCH_DOWN l
1400735685631 6 4098 668.30145 965.951 0.23333335 5.0 5.0 5.0 5.0 0.0 0.21200001 2 TOUCH_MOVE l
1400735685635 6 4098 666.6777 965.951 0.26666668 5.0 5.0 5.0 5.0 0.0 0.21200001 2 TOUCH_MOVE l
1400735685650 6 4098 665.3716 965.951 0.26666668 5.0 5.0 5.0 5.0 0.0 0.208 2 TOUCH_MOVE l
1400735685672 6 4098 665.3716 965.951 0.26666668 5.0 5.0 5.0 5.0 0.0 0.208 1 TOUCH_UP l
1400735685809 6 4098 185.5 829.951 0.3 5.0 5.0 5.0 5.0 0.0 0.224 0 TOUCH_DOWN e
1400735685817 6 4098 185.5 829.951 0.33333334 5.0 5.0 5.0 5.0 0.0 0.22800002 2 TOUCH_MOVE e
1400735685835 6 4098 186.44994 829.951 0.33333334 5.0 5.0 5.0 5.0 0.0 0.23200001 2 TOUCH_MOVE e
1400735685863 6 4098 188.19995 829.951 0.33333334 5.0 5.0 5.0 5.0 0.0 0.23200001 2 TOUCH_MOVE e
1400735685872 6 4098 188.75 829.951 0.33333334 5.0 5.0 5.0 5.0 0.0 0.22800002 2 TOUCH_MOVE e
1400735685882 6 4098 188.75 829.951 0.33333334 5.0 5.0 5.0 5.0 0.0 0.22800002 1 TOUCH_UP e
1400735686050 6 4098 339.5 845.951 0.3 5.0 5.0 5.0 5.0 0.0 0.23600002 0 TOUCH_DOWN t
1400735686070 6 4098 339.5 845.951 0.3 5.0 5.0 5.0 5.0 0.0 0.24000001 2 TOUCH_MOVE t
1400735686101 6 4098 338.83185 847.11914 0.26666668 5.0 5.0 5.0 5.0 0.0 0.208 2 TOUCH_MOVE t
1400735686112 6 4098 339.0 846.951 0.23333335 5.0 5.0 5.0 5.0 0.0 0.18 2 TOUCH_MOVE t
1400735686116 6 4098 339.0 846.951 0.23333335 5.0 5.0 5.0 5.0 0.0 0.18 1 TOUCH_UP t
1400735686736 6 4098 550.5 1188.4509 0.3 5.0 5.0 5.0 5.0 0.0 0.224 0 TOUCH_DOWN '
1400735686759 6 4098 550.5 1188.4509 0.3 5.0 5.0 5.0 5.0 0.0 0.22800002 2 TOUCH_MOVE '
1400735686826 6 4098 550.5 1188.4509 0.3 5.0 5.0 5.0 5.0 0.0 0.22800002 1 TOUCH_UP '
1400735686905 6 4098 147.0 975.451 0.26666668 5.0 5.0 5.0 5.0 0.0 0.22000001 0 TOUCH_DOWN s
1400735686918 6 4098 147.0 975.451 0.3 5.0 5.0 5.0 5.0 0.0 0.22800002 2 TOUCH_MOVE s
1400735686989 6 4098 147.0 975.451 0.3 5.0 5.0 5.0 5.0 0.0 0.22800002 1 TOUCH_UP s
1400735687098 6 4098 323.0 1217.4509 0.26666668 5.0 5.0 5.0 5.0 0.0 0.216 0 TOUCH_DOWN Space
1400735687173 6 4098 323.0 1217.4509 0.26666668 5.0 5.0 5.0 5.0 0.0 0.172 2 TOUCH_MOVE Space
1400735687179 6 4098 323.0 1217.4509 0.26666668 5.0 5.0 5.0 5.0 0.0 0.172 1 TOUCH_UP Space
1400735688278 6 4098 125.0 960.951 0.23333335 4.0 4.0 4.0 4.0 0.0 0.21200001 0 TOUCH_DOWN s
1400735688289 6 4098 125.0 960.951 0.3 5.0 5.0 5.0 5.0 0.0 0.22000001 2 TOUCH_MOVE s
1400735688320 6 4098 128.3535 960.951 0.3 5.0 5.0 5.0 5.0 0.0 0.224 2 TOUCH_MOVE s
1400735688336 6 4098 130.80156 961.35175 0.3 5.0 5.0 5.0 5.0 0.0 0.224 2 TOUCH_MOVE s
1400735688379 6 4098 133.5 962.951 0.20000002 4.0 4.0 4.0 4.0 0.0 0.192 2 TOUCH_MOVE s
1400735688390 6 4098 133.5 962.951 0.20000002 4.0 4.0 4.0 4.0 0.0 0.192 1 TOUCH_UP s
1400735688619 6 4098 315.0 836.451 0.33333334 5.0 5.0 5.0 5.0 0.0 0.23600002 0 TOUCH_DOWN t
1400735688628 6 4098 315.0 836.451 0.33333334 5.0 5.0 5.0 5.0 0.0 0.24000001 2 TOUCH_MOVE t
1400735688659 6 4098 312.79694 836.451 0.33333334 5.0 5.0 5.0 5.0 0.0 0.24400002 2 TOUCH_MOVE t
1400735688672 6 4098 307.96503 837.358 0.26666668 4.0 4.0 4.0 4.0 0.0 0.22800002 2 TOUCH_MOVE t
1400735688679 6 4098 305.0 837.951 0.23333335 4.0 4.0 4.0 4.0 0.0 0.2 2 TOUCH_MOVE t
1400735688683 6 4098 305.0 837.951 0.23333335 4.0 4.0 4.0 4.0 0.0 0.2 1 TOUCH_UP t
1400735688858 6 4098 70.5 960.451 0.23333335 4.0 4.0 4.0 4.0 0.0 0.20400001 0 TOUCH_DOWN a
1400735688870 6 4098 70.5 960.451 0.23333335 4.0 4.0 4.0 4.0 0.0 0.21200001 2 TOUCH_MOVE a
1400735688887 6 4098 73.20201 960.451 0.26666668 4.0 4.0 4.0 4.0 0.0 0.22000001 2 TOUCH_MOVE a
1400735688903 6 4098 77.83231 960.451 0.3 5.0 5.0 5.0 5.0 0.0 0.22000001 2 TOUCH_MOVE a
1400735688921 6 4098 81.01332 960.451 0.3 5.0 5.0 5.0 5.0 0.0 0.22000001 2 TOUCH_MOVE a
1400735688937 6 4098 82.13491 960.451 0.23333335 4.0 4.0 4.0 4.0 0.0 0.21200001 2 TOUCH_MOVE a
1400735688946 6 4098 83.0 960.951 0.20000002 4.0 4.0 4.0 4.0 0.0 0.18400002 2 TOUCH_MOVE a
1400735688950 6 4098 83.0 960.951 0.20000002 4.0 4.0 4.0 4.0 0.0 0.18400002 1 TOUCH_UP a
1400735689113 6 4098 243.5 848.451 0.3 5.0 5.0 5.0 5.0 0.0 0.23600002 0 TOUCH_DOWN r
1400735689187 6 4098 243.5 848.451 0.23333335 4.0 4.0 4.0 4.0 0.0 0.21200001 2 TOUCH_MOVE r
1400735689192 6 4098 243.5 848.451 0.23333335 4.0 4.0 4.0 4.0 0.0 0.21200001 1 TOUCH_UP r
1400735689323 6 4098 327.0 850.451 0.3 5.0 5.0 5.0 5.0 0.0 0.23200001 0 TOUCH_DOWN t
1400735689365 6 4098 326.68765 850.451 0.3 5.0 5.0 5.0 5.0 0.0 0.24000001 2 TOUCH_MOVE t
1400735689371 6 4098 326.0703 850.66583 0.3 5.0 5.0 5.0 5.0 0.0 0.22800002 2 TOUCH_MOVE t
1400735689387 6 4098 322.77344 851.6326 0.23333335 4.0 4.0 4.0 4.0 0.0 0.2 2 TOUCH_MOVE t
1400735689396 6 4098 323.5 851.451 0.13333334 2.0 2.0 2.0 2.0 0.0 0.120000005 2 TOUCH_MOVE t
1400735689400 6 4098 323.5 851.451 0.13333334 2.0 2.0 2.0 2.0 0.0 0.120000005 1 TOUCH_UP t
1400735689547 6 4098 374.5 1225.4509 0.23333335 4.0 4.0 4.0 4.0 0.0 0.208 0 TOUCH_DOWN Space
1400735689623 6 4098 374.5 1225.4509 0.23333335 4.0 4.0 4.0 4.0 0.0 0.208 1 TOUCH_UP Space
1400735689974 6 4098 355.0 985.951 0.3 5.0 5.0 5.0 5.0 0.0 0.23200001 0 TOUCH_DOWN g
1400735690023 6 4098 355.0 985.951 0.23333335 4.0 4.0 4.0 4.0 0.0 0.19600001 2 TOUCH_MOVE g
1400735690027 6 4098 355.0 985.951 0.23333335 4.0 4.0 4.0 4.0 0.0 0.19600001 1 TOUCH_UP g
1400735690141 6 4098 545.5 838.451 0.33333334 5.0 5.0 5.0 5.0 0.0 0.23600002 0 TOUCH_DOWN i
1400735690161 6 4098 545.2261 838.451 0.33333334 5.0 5.0 5.0 5.0 0.0 0.24000001 2 TOUCH_MOVE i
1400735690171 6 4098 544.48737 838.451 0.33333334 5.0 5.0 5.0 5.0 0.0 0.24000001 2 TOUCH_MOVE i
1400735690188 6 4098 543.75 838.451 0.33333334 5.0 5.0 5.0 5.0 0.0 0.23200001 2 TOUCH_MOVE i
1400735690194 6 4098 543.75 838.451 0.33333334 5.0 5.0 5.0 5.0 0.0 0.23200001 1 TOUCH_UP i
1400735690426 6 4098 324.0 1095.9509 0.3 5.0 5.0 5.0 5.0 0.0 0.224 0 TOUCH_DOWN v
1400735690488 6 4098 323.65982 1096.2911 0.26666668 4.0 4.0 4.0 4.0 0.0 0.22000001 2 TOUCH_MOVE v
1400735690517 6 4098 323.5 1096.4509 0.20000002 3.0 3.0 3.0 3.0 0.0 0.1 2 TOUCH_MOVE v
1400735690523 6 4098 323.5 1096.4509 0.20000002 3.0 3.0 3.0 3.0 0.0 0.1 1 TOUCH_UP v
1400735690572 6 4098 541.5 834.951 0.33333334 5.0 5.0 5.0 5.0 0.0 0.24000001 0 TOUCH_DOWN i
1400735690624 6 4098 541.5 834.951 0.33333334 5.0 5.0 5.0 5.0 0.0 0.24000001 1 TOUCH_UP i
1400735690773 6 4098 495.0 1112.9509 0.33333334 5.0 5.0 5.0 5.0 0.0 0.224 0 TOUCH_DOWN n
1400735690835 6 4098 495.0 1112.9509 0.33333334 5.0 5.0 5.0 5.0 0.0 0.224 1 TOUCH_UP n
1400735690884 6 4098 361.0 977.951 0.33333334 5.0 5.0 5.0 5.0 0.0 0.23200001 0 TOUCH_DOWN g
1400735690908 6 4098 361.0 977.951 0.33333334 5.0 5.0 5.0 5.0 0.0 0.23600002 2 TOUCH_MOVE g
1400735690953 6 4098 361.0 977.951 0.23333335 4.0 4.0 4.0 4.0 0.0 0.2 2 TOUCH_MOVE g
1400735690959 6 4098 361.0 977.951 0.23333335 4.0 4.0 4.0 4.0 0.0 0.2 1 TOUCH_UP g
1400735691128 6 4098 317.5 1236.9509 0.23333335 4.0 4.0 4.0 4.0 0.0 0.208 0 TOUCH_DOWN Space
1400735691139 6 4098 317.5 1236.4894 0.23333335 4.0 4.0 4.0 4.0 0.0 0.21200001 2 TOUCH_MOVE Space
1400735691174 6 4098 317.88785 1231.1752 0.26666668 5.0 5.0 5.0 5.0 0.0 0.22000001 2 TOUCH_MOVE Space
1400735691196 6 4098 318.84488 1230.4509 0.23333335 4.0 4.0 4.0 4.0 0.0 0.208 2 TOUCH_MOVE Space
1400735691203 6 4098 320.5 1229.9509 0.26666668 5.0 5.0 5.0 5.0 0.0 0.18 2 TOUCH_MOVE Space
1400735691213 6 4098 320.5 1229.9509 0.26666668 5.0 5.0 5.0 5.0 0.0 0.18 1 TOUCH_UP Space
1400735691551 6 4098 670.5 1198.4509 0.23333335 5.0 5.0 5.0 5.0 0.0 0.20400001 0 TOUCH_DOWN Enter
1400735691569 6 4098 670.5 1198.5005 0.26666668 5.0 5.0 5.0 5.0 0.0 0.20400001 2 TOUCH_MOVE Enter
1400735691590 6 4098 670.5 1200.4427 0.26666668 5.0 5.0 5.0 5.0 0.0 0.208 2 TOUCH_MOVE Enter
1400735691608 6 4098 670.5 1201.4175 0.26666668 5.0 5.0 5.0 5.0 0.0 0.208 2 TOUCH_MOVE Enter
1400735691623 6 4098 670.5 1201.4509 0.26666668 5.0 5.0 5.0 5.0 0.0 0.20400001 2 TOUCH_MOVE Enter
1400735691629 6 4098 670.5 1201.4509 0.26666668 5.0 5.0 5.0 5.0 0.0 0.17600001 2 TOUCH_MOVE Enter
1400735691632 6 4098 670.5 1201.4509 0.26666668 5.0 5.0 5.0 5.0 0.0 0.17600001 1 TOUCH_UP Enter
1400735692044 6 4098 675.5 1057.4509 0.3 5.0 5.0 5.0 5.0 0.0 0.21200001 0 TOUCH_DOWN Back
1400735692061 6 4098 675.5 1057.4509 0.33333334 5.0 5.0 5.0 5.0 0.0 0.216 2 TOUCH_MOVE Back
1400735692095 6 4098 674.0 1059.4509 0.3 5.0 5.0 5.0 5.0 0.0 0.192 2 TOUCH_MOVE Back
1400735692100 6 4098 674.0 1059.4509 0.3 5.0 5.0 5.0 5.0 0.0 0.192 1 TOUCH_UP Back
1400735692203 6 4098 671.0 1060.4509 0.3 5.0 5.0 5.0 5.0 0.0 0.208 0 TOUCH_DOWN Back
1400735692270 6 4098 671.0 1060.4509 0.3 5.0 5.0 5.0 5.0 0.0 0.208 1 TOUCH_UP Back
1400735692360 6 4098 672.0 1061.9509 0.3 5.0 5.0 5.0 5.0 0.0 0.208 0 TOUCH_DOWN Back
1400735692374 6 4098 672.0 1061.9509 0.3 5.0 5.0 5.0 5.0 0.0 0.21200001 2 TOUCH_MOVE Back
1400735692423 6 4098 672.0 1061.9509 0.26666668 5.0 5.0 5.0 5.0 0.0 0.17600001 2 TOUCH_MOVE Back
1400735692427 6 4098 672.0 1061.9509 0.26666668 5.0 5.0 5.0 5.0 0.0 0.17600001 1 TOUCH_UP Back
1400735693259 6 4098 370.0 977.951 0.3 5.0 5.0 5.0 5.0 0.0 0.23200001 0 TOUCH_DOWN g
1400735693320 6 4098 370.0 977.951 0.3 5.0 5.0 5.0 5.0 0.0 0.23200001 1 TOUCH_UP g
