1400690455647 6 4098 126.5 874.951 0.26666668 4.0 4.0 4.0 4.0 0.0 0.21200001 0 TOUCH_DOWN W
1400690455671 6 4098 126.5 874.951 0.3 5.0 5.0 5.0 5.0 0.0 0.216 2 TOUCH_MOVE W
1400690455713 6 4098 125.97801 874.951 0.3 5.0 5.0 5.0 5.0 0.0 0.224 2 TOUCH_MOVE W
1400690455733 6 4098 126.0 874.951 0.26666668 4.0 4.0 4.0 4.0 0.0 0.19600001 2 TOUCH_MOVE W
1400690455745 6 4098 126.0 874.951 0.26666668 4.0 4.0 4.0 4.0 0.0 0.19600001 1 TOUCH_UP W
1400690455855 6 4098 176.5 844.451 0.26666668 5.0 5.0 5.0 5.0 0.0 0.224 0 TOUCH_DOWN e
1400690455864 6 4098 176.5 844.451 0.26666668 5.0 5.0 5.0 5.0 0.0 0.22800002 2 TOUCH_MOVE e
1400690455897 6 4098 177.5 843.19885 0.3 5.0 5.0 5.0 5.0 0.0 0.24000001 2 TOUCH_MOVE e
1400690455914 6 4098 177.5 842.5875 0.3 5.0 5.0 5.0 5.0 0.0 0.24000001 2 TOUCH_MOVE e
1400690455931 6 4098 177.5 842.21985 0.3 5.0 5.0 5.0 5.0 0.0 0.24000001 2 TOUCH_MOVE e
1400690455967 6 4098 177.5 842.21985 0.3 5.0 5.0 5.0 5.0 0.0 0.24000001 1 TOUCH_UP e
1400690456214 6 4098 351.0 1220.4509 0.26666668 5.0 5.0 5.0 5.0 0.0 0.24800001 0 TOUCH_DOWN Space
1400690456219 6 4098 351.0 1220.4509 0.26666668 5.0 5.0 5.0 5.0 0.0 0.26000002 2 TOUCH_MOVE Space
1400690456247 6 4098 347.96216 1216.9131 0.3 5.0 5.0 5.0 5.0 0.0 0.268 2 TOUCH_MOVE Space
1400690456267 6 4098 345.11603 1214.0669 0.3 5.0 5.0 5.0 5.0 0.0 0.268 2 TOUCH_MOVE Space
1400690456284 6 4098 343.5578 1212.0665 0.3 5.0 5.0 5.0 5.0 0.0 0.264 2 TOUCH_MOVE Space
1400690456297 6 4098 343.0 1210.1311 0.3 5.0 5.0 5.0 5.0 0.0 0.252 2 TOUCH_MOVE Space
1400690456314 6 4098 344.5 1206.9509 0.26666668 4.0 4.0 4.0 4.0 0.0 0.2 2 TOUCH_MOVE Space
1400690456319 6 4098 344.5 1206.9509 0.26666668 4.0 4.0 4.0 4.0 0.0 0.2 1 TOUCH_UP Space
1400690456506 6 4098 44.0 968.451 0.16666667 3.0 3.0 3.0 3.0 0.0 0.2 0 TOUCH_DOWN a
1400690456514 6 4098 44.0 968.451 0.20000002 3.0 3.0 3.0 3.0 0.0 0.20400001 2 TOUCH_MOVE a
1400690456615 6 4098 44.0 965.2452 0.20000002 3.0 3.0 3.0 3.0 0.0 0.18400002 2 TOUCH_MOVE a
1400690456620 6 4098 44.0 965.2452 0.20000002 3.0 3.0 3.0 3.0 0.0 0.18400002 1 TOUCH_UP a
1400690456926 6 4098 266.0 835.951 0.3 5.0 5.0 5.0 5.0 0.0 0.24800001 0 TOUCH_DOWN r
1400690456936 6 4098 266.0 835.67847 0.3 5.0 5.0 5.0 5.0 0.0 0.252 2 TOUCH_MOVE r
1400690456954 6 4098 265.48215 834.9331 0.3 5.0 5.0 5.0 5.0 0.0 0.256 2 TOUCH_MOVE r
1400690456965 6 4098 264.52423 833.49945 0.3 5.0 5.0 5.0 5.0 0.0 0.256 2 TOUCH_MOVE r
1400690456981 6 4098 263.11093 831.5619 0.3 5.0 5.0 5.0 5.0 0.0 0.24800001 2 TOUCH_MOVE r
1400690456998 6 4098 259.93164 829.70996 0.3 5.0 5.0 5.0 5.0 0.0 0.22000001 2 TOUCH_MOVE r
1400690457007 6 4098 259.5 829.451 0.23333335 5.0 5.0 5.0 5.0 0.0 0.18 2 TOUCH_MOVE r
1400690457010 6 4098 259.5 829.451 0.23333335 5.0 5.0 5.0 5.0 0.0 0.18 1 TOUCH_UP r
1400690457115 6 4098 165.0 824.451 0.33333334 5.0 5.0 5.0 5.0 0.0 0.24000001 0 TOUCH_DOWN e
1400690457136 6 4098 165.0 824.451 0.33333334 5.0 5.0 5.0 5.0 0.0 0.24400002 2 TOUCH_MOVE e
1400690457166 6 4098 163.75 823.951 0.33333334 5.0 5.0 5.0 5.0 0.0 0.24400002 2 TOUCH_MOVE e
1400690457192 6 4098 163.75 823.951 0.33333334 5.0 5.0 5.0 5.0 0.0 0.24400002 1 TOUCH_UP e
1400690457528 6 4098 324.0 1211.9509 0.26666668 5.0 5.0 5.0 5.0 0.0 0.24800001 0 TOUCH_DOWN Space
1400690457566 6 4098 323.30112 1211.7521 0.3 5.0 5.0 5.0 5.0 0.0 0.256 2 TOUCH_MOVE Space
1400690457582 6 4098 322.33774 1210.7887 0.3 5.0 5.0 5.0 5.0 0.0 0.256 2 TOUCH_MOVE Space
1400690457599 6 4098 322.5 1209.2003 0.3 5.0 5.0 5.0 5.0 0.0 0.24000001 2 TOUCH_MOVE Space
1400690457615 6 4098 323.5 1205.9509 0.26666668 5.0 5.0 5.0 5.0 0.0 0.17600001 2 TOUCH_MOVE Space
1400690457623 6 4098 323.5 1205.9509 0.26666668 5.0 5.0 5.0 5.0 0.0 0.17600001 1 TOUCH_UP Space
1400690457877 6 4098 352.5 818.451 0.3 5.0 5.0 5.0 5.0 0.0 0.26000002 0 TOUCH_DOWN t
1400690457882 6 4098 352.5 818.451 0.3 5.0 5.0 5.0 5.0 0.0 0.264 2 TOUCH_MOVE t
1400690457916 6 4098 351.0511 818.451 0.3 5.0 5.0 5.0 5.0 0.0 0.264 2 TOUCH_MOVE t
1400690457933 6 4098 350.12332 818.451 0.26666668 4.0 4.0 4.0 4.0 0.0 0.252 2 TOUCH_MOVE t
1400690457940 6 4098 350.0 818.451 0.26666668 4.0 4.0 4.0 4.0 0.0 0.22000001 2 TOUCH_MOVE t
1400690457944 6 4098 350.0 818.451 0.26666668 4.0 4.0 4.0 4.0 0.0 0.22000001 1 TOUCH_UP t
1400690458105 6 4098 426.0 966.951 0.26666668 4.0 4.0 4.0 4.0 0.0 0.24400002 0 TOUCH_DOWN h
1400690458118 6 4098 426.0 966.951 0.26666668 4.0 4.0 4.0 4.0 0.0 0.252 2 TOUCH_MOVE h
1400690458150 6 4098 426.0 967.54254 0.26666668 4.0 4.0 4.0 4.0 0.0 0.24400002 2 TOUCH_MOVE h
1400690458165 6 4098 426.0 967.451 0.20000002 4.0 4.0 4.0 4.0 0.0 0.18 2 TOUCH_MOVE h
1400690458171 6 4098 426.0 967.451 0.20000002 4.0 4.0 4.0 4.0 0.0 0.18 1 TOUCH_UP h
1400690458243 6 4098 185.5 854.951 0.23333335 5.0 5.0 5.0 5.0 0.0 0.224 0 TOUCH_DOWN e
1400690458282 6 4098 185.5 854.951 0.23333335 5.0 5.0 5.0 5.0 0.0 0.23200001 2 TOUCH_MOVE e
1400690458299 6 4098 186.6328 854.951 0.23333335 5.0 5.0 5.0 5.0 0.0 0.23600002 2 TOUCH_MOVE e
1400690458322 6 4098 187.57542 854.951 0.23333335 5.0 5.0 5.0 5.0 0.0 0.23200001 2 TOUCH_MOVE e
1400690458370 6 4098 187.57542 854.951 0.23333335 5.0 5.0 5.0 5.0 0.0 0.23200001 1 TOUCH_UP e
1400690458521 6 4098 365.0 1227.9509 0.23333335 4.0 4.0 4.0 4.0 0.0 0.23600002 0 TOUCH_DOWN Space
1400690458533 6 4098 365.0 1227.9509 0.23333335 4.0 4.0 4.0 4.0 0.0 0.24000001 2 TOUCH_MOVE Space
1400690458556 6 4098 363.77325 1227.8375 0.26666668 5.0 5.0 5.0 5.0 0.0 0.252 2 TOUCH_MOVE Space
1400690458566 6 4098 361.9143 1226.9081 0.26666668 5.0 5.0 5.0 5.0 0.0 0.252 2 TOUCH_MOVE Space
1400690458583 6 4098 360.55646 1226.4509 0.26666668 5.0 5.0 5.0 5.0 0.0 0.252 2 TOUCH_MOVE Space
1400690458623 6 4098 360.0 1226.4509 0.20000002 3.0 3.0 3.0 3.0 0.0 0.16800001 2 TOUCH_MOVE Space
1400690458629 6 4098 360.0 1226.4509 0.20000002 3.0 3.0 3.0 3.0 0.0 0.16800001 1 TOUCH_UP Space
1400690458995 6 4098 128.5 854.951 0.23333335 5.0 5.0 5.0 5.0 0.0 0.216 0 TOUCH_DOWN w
1400690459011 6 4098 128.5 854.951 0.23333335 5.0 5.0 5.0 5.0 0.0 0.224 2 TOUCH_MOVE w
1400690459066 6 4098 127.57876 854.951 0.23333335 5.0 5.0 5.0 5.0 0.0 0.22800002 2 TOUCH_MOVE w
1400690459084 6 4098 126.5 855.451 0.23333335 5.0 5.0 5.0 5.0 0.0 0.208 2 TOUCH_MOVE w
1400690459092 6 4098 126.5 855.451 0.23333335 5.0 5.0 5.0 5.0 0.0 0.172 2 TOUCH_MOVE w
1400690459095 6 4098 126.5 855.451 0.23333335 5.0 5.0 5.0 5.0 0.0 0.172 1 TOUCH_UP w
1400690459317 6 4098 624.5 826.451 0.33333334 5.0 5.0 5.0 5.0 0.0 0.268 0 TOUCH_DOWN o
1400690459334 6 4098 624.5 826.451 0.33333334 5.0 5.0 5.0 5.0 0.0 0.272 2 TOUCH_MOVE o
1400690459350 6 4098 623.61456 826.451 0.33333334 5.0 5.0 5.0 5.0 0.0 0.27600002 2 TOUCH_MOVE o
1400690459367 6 4098 622.65234 826.79865 0.33333334 5.0 5.0 5.0 5.0 0.0 0.27600002 2 TOUCH_MOVE o
1400690459384 6 4098 621.05756 828.7076 0.33333334 5.0 5.0 5.0 5.0 0.0 0.24400002 2 TOUCH_MOVE o
1400690459393 6 4098 620.5 829.451 0.3 5.0 5.0 5.0 5.0 0.0 0.192 2 TOUCH_MOVE o
1400690459397 6 4098 620.5 829.451 0.3 5.0 5.0 5.0 5.0 0.0 0.192 1 TOUCH_UP o
1400690460074 6 4098 267.0 824.451 0.33333334 5.0 5.0 5.0 5.0 0.0 0.26000002 0 TOUCH_DOWN r
1400690460085 6 4098 266.59308 824.451 0.33333334 5.0 5.0 5.0 5.0 0.0 0.268 2 TOUCH_MOVE r
1400690460101 6 4098 265.7198 824.451 0.33333334 5.0 5.0 5.0 5.0 0.0 0.272 2 TOUCH_MOVE r
1400690460130 6 4098 265.0 824.451 0.33333334 5.0 5.0 5.0 5.0 0.0 0.272 2 TOUCH_MOVE r
1400690460135 6 4098 265.0 824.451 0.3 5.0 5.0 5.0 5.0 0.0 0.23600002 2 TOUCH_MOVE r
1400690460152 6 4098 265.0 824.451 0.3 5.0 5.0 5.0 5.0 0.0 0.23600002 1 TOUCH_UP r
1400690460544 6 4098 653.0 1009.951 0.33333334 5.0 5.0 5.0 5.0 0.0 0.264 0 TOUCH_DOWN l
1400690460553 6 4098 653.0 1009.951 0.33333334 5.0 5.0 5.0 5.0 0.0 0.272 2 TOUCH_MOVE l
1400690460585 6 4098 650.0047 1006.9557 0.33333334 5.0 5.0 5.0 5.0 0.0 0.272 2 TOUCH_MOVE l
1400690460602 6 4098 649.0 1005.1429 0.33333334 5.0 5.0 5.0 5.0 0.0 0.272 2 TOUCH_MOVE l
1400690460619 6 4098 650.3404 1003.4467 0.33333334 5.0 5.0 5.0 5.0 0.0 0.256 2 TOUCH_MOVE l
1400690460642 6 4098 658.0 999.951 0.33333334 5.0 5.0 5.0 5.0 0.0 0.18800001 2 TOUCH_MOVE l
1400690460646 6 4098 658.0 999.951 0.33333334 5.0 5.0 5.0 5.0 0.0 0.18800001 1 TOUCH_UP l
1400690460920 6 4098 229.0 981.451 0.23333335 4.0 4.0 4.0 4.0 0.0 0.22000001 0 TOUCH_DOWN d
1400690460926 6 4098 229.0 981.451 0.23333335 4.0 4.0 4.0 4.0 0.0 0.224 2 TOUCH_MOVE d
1400690461002 6 4098 226.0 981.451 0.26666668 5.0 5.0 5.0 5.0 0.0 0.20400001 2 TOUCH_MOVE d
1400690461008 6 4098 226.0 981.451 0.26666668 5.0 5.0 5.0 5.0 0.0 0.20400001 1 TOUCH_UP d
1400690461806 6 4098 451.0 1221.9509 0.26666668 5.0 5.0 5.0 5.0 0.0 0.24800001 0 TOUCH_DOWN ,
1400690461828 6 4098 450.7007 1221.9509 0.26666668 5.0 5.0 5.0 5.0 0.0 0.26000002 2 TOUCH_MOVE ,
1400690461836 6 4098 449.42453 1221.9509 0.26666668 5.0 5.0 5.0 5.0 0.0 0.24800001 2 TOUCH_MOVE ,
1400690461853 6 4098 446.88193 1220.9116 0.26666668 5.0 5.0 5.0 5.0 0.0 0.24800001 2 TOUCH_MOVE ,
1400690461869 6 4098 444.99585 1220.4489 0.26666668 5.0 5.0 5.0 5.0 0.0 0.24800001 2 TOUCH_MOVE ,
1400690461886 6 4098 444.25 1220.4509 0.26666668 5.0 5.0 5.0 5.0 0.0 0.252 2 TOUCH_MOVE ,
1400690461924 6 4098 444.5 1220.4509 0.23333335 4.0 4.0 4.0 4.0 0.0 0.22000001 2 TOUCH_MOVE ,
1400690461931 6 4098 444.5 1220.4509 0.26666668 5.0 5.0 5.0 5.0 0.0 0.16000001 2 TOUCH_MOVE ,
1400690461936 6 4098 444.5 1220.4509 0.26666668 5.0 5.0 5.0 5.0 0.0 0.16000001 1 TOUCH_UP ,
1400690462076 6 4098 335.0 1228.4509 0.26666668 5.0 5.0 5.0 5.0 0.0 0.268 0 TOUCH_DOWN Space
1400690462086 6 4098 332.86313 1227.3824 0.3 5.0 5.0 5.0 5.0 0.0 0.28 2 TOUCH_MOVE Space
1400690462129 6 4098 312.74432 1215.5906 0.3 5.0 5.0 5.0 5.0 0.0 0.284 2 TOUCH_MOVE Space
1400690462138 6 4098 308.21252 1213.0927 0.3 5.0 5.0 5.0 5.0 0.0 0.28800002 2 TOUCH_MOVE Space
1400690462171 6 4098 306.25 1212.4509 0.3 5.0 5.0 5.0 5.0 0.0 0.28 2 TOUCH_MOVE Space
1400690462186 6 4098 306.5 1212.4509 0.23333335 4.0 4.0 4.0 4.0 0.0 0.24000001 2 TOUCH_MOVE Space
1400690462195 6 4098 306.5 1212.4509 0.16666667 3.0 3.0 3.0 3.0 0.0 0.120000005 2 TOUCH_MOVE Space
1400690462199 6 4098 306.5 1212.4509 0.16666667 3.0 3.0 3.0 3.0 0.0 0.120000005 1 TOUCH_UP Space
1400690462806 6 4098 123.5 851.451 0.23333335 5.0 5.0 5.0 5.0 0.0 0.21200001 0 TOUCH_DOWN w
1400690462820 6 4098 123.5 851.451 0.23333335 5.0 5.0 5.0 5.0 0.0 0.22000001 2 TOUCH_MOVE w
1400690462903 6 4098 122.5 851.951 0.23333335 5.0 5.0 5.0 5.0 0.0 0.21200001 2 TOUCH_MOVE w
1400690462921 6 4098 122.5 851.951 0.16666667 3.0 3.0 3.0 3.0 0.0 0.104 2 TOUCH_MOVE w
1400690462926 6 4098 122.5 851.951 0.16666667 3.0 3.0 3.0 3.0 0.0 0.104 1 TOUCH_UP w
1400690463023 6 4098 172.0 843.451 0.26666668 4.0 4.0 4.0 4.0 0.0 0.21200001 0 TOUCH_DOWN e
1400690463037 6 4098 172.0 843.451 0.26666668 4.0 4.0 4.0 4.0 0.0 0.224 2 TOUCH_MOVE e
1400690463065 6 4098 172.0 841.0898 0.3 5.0 5.0 5.0 5.0 0.0 0.24000001 2 TOUCH_MOVE e
1400690463074 6 4098 172.9294 838.5922 0.36666667 6.0 6.0 6.0 6.0 0.0 0.24800001 2 TOUCH_MOVE e
1400690463091 6 4098 173.89139 837.05963 0.3 5.0 5.0 5.0 5.0 0.0 0.24800001 2 TOUCH_MOVE e
1400690463104 6 4098 175.35722 836.09375 0.3 5.0 5.0 5.0 5.0 0.0 0.24800001 2 TOUCH_MOVE e
1400690463125 6 4098 176.17073 835.951 0.3 5.0 5.0 5.0 5.0 0.0 0.24800001 2 TOUCH_MOVE e
1400690463137 6 4098 176.75 835.951 0.33333334 5.0 5.0 5.0 5.0 0.0 0.24800001 2 TOUCH_MOVE e
1400690463188 6 4098 174.63634 835.951 0.3 5.0 5.0 5.0 5.0 0.0 0.23200001 2 TOUCH_MOVE e
1400690463204 6 4098 173.5 836.451 0.26666668 5.0 5.0 5.0 5.0 0.0 0.16800001 2 TOUCH_MOVE e
1400690463211 6 4098 173.5 836.451 0.26666668 5.0 5.0 5.0 5.0 0.0 0.16800001 1 TOUCH_UP e
1400690463476 6 4098 337.5 1234.9509 0.23333335 5.0 5.0 5.0 5.0 0.0 0.22000001 0 TOUCH_DOWN Space
1400690463487 6 4098 337.5 1234.9509 0.23333335 5.0 5.0 5.0 5.0 0.0 0.224 2 TOUCH_MOVE Space
1400690463507 6 4098 336.02655 1234.4642 0.23333335 5.0 5.0 5.0 5.0 0.0 0.23200001 2 TOUCH_MOVE Space
1400690463521 6 4098 333.09412 1233.4823 0.23333335 5.0 5.0 5.0 5.0 0.0 0.23200001 2 TOUCH_MOVE Space
1400690463538 6 4098 330.6356 1232.5187 0.23333335 5.0 5.0 5.0 5.0 0.0 0.23600002 2 TOUCH_MOVE Space
1400690463556 6 4098 330.0 1232.2009 0.23333335 5.0 5.0 5.0 5.0 0.0 0.23200001 2 TOUCH_MOVE Space
1400690463574 6 4098 331.1207 1232.4509 0.23333335 5.0 5.0 5.0 5.0 0.0 0.216 2 TOUCH_MOVE Space
1400690463580 6 4098 333.5 1232.9509 0.20000002 4.0 4.0 4.0 4.0 0.0 0.2 2 TOUCH_MOVE Space
1400690463584 6 4098 333.5 1232.9509 0.20000002 4.0 4.0 4.0 4.0 0.0 0.2 1 TOUCH_UP Space
1400690463815 6 4098 60.0 965.451 0.20000002 3.0 3.0 3.0 3.0 0.0 0.216 0 TOUCH_DOWN a
1400690463821 6 4098 60.0 965.451 0.23333335 4.0 4.0 4.0 4.0 0.0 0.22800002 2 TOUCH_MOVE a
1400690463856 6 4098 60.0 967.9569 0.26666668 4.0 4.0 4.0 4.0 0.0 0.23600002 2 TOUCH_MOVE a
1400690463875 6 4098 60.0 969.1671 0.26666668 4.0 4.0 4.0 4.0 0.0 0.23600002 2 TOUCH_MOVE a
1400690463888 6 4098 60.0 970.08453 0.23333335 4.0 4.0 4.0 4.0 0.0 0.23200001 2 TOUCH_MOVE a
1400690463907 6 4098 60.0 971.0893 0.23333335 4.0 4.0 4.0 4.0 0.0 0.22800002 2 TOUCH_MOVE a
1400690463931 6 4098 60.0 970.951 0.20000002 3.0 3.0 3.0 3.0 0.0 0.192 2 TOUCH_MOVE a
1400690463948 6 4098 60.0 970.951 0.20000002 3.0 3.0 3.0 3.0 0.0 0.192 1 TOUCH_UP a
1400690464330 6 4098 275.0 814.951 0.33333334 5.0 5.0 5.0 5.0 0.0 0.27600002 0 TOUCH_DOWN r
1400690464340 6 4098 274.65405 814.951 0.33333334 5.0 5.0 5.0 5.0 0.0 0.28 2 TOUCH_MOVE r
1400690464357 6 4098 273.8228 814.951 0.33333334 5.0 5.0 5.0 5.0 0.0 0.284 2 TOUCH_MOVE r
1400690464371 6 4098 272.84766 814.951 0.33333334 5.0 5.0 5.0 5.0 0.0 0.284 2 TOUCH_MOVE r
1400690464390 6 4098 271.89053 816.0604 0.33333334 5.0 5.0 5.0 5.0 0.0 0.264 2 TOUCH_MOVE r
1400690464405 6 4098 268.17395 818.6466 0.3 5.0 5.0 5.0 5.0 0.0 0.2 2 TOUCH_MOVE r
1400690464412 6 4098 268.17395 818.6466 0.3 5.0 5.0 5.0 5.0 0.0 0.2 1 TOUCH_UP r
1400690464515 6 4098 180.5 826.451 0.33333334 5.0 5.0 5.0 5.0 0.0 0.272 0 TOUCH_DOWN e
1400690464535 6 4098 180.5 826.451 0.33333334 5.0 5.0 5.0 5.0 0.0 0.27600002 2 TOUCH_MOVE e
1400690464564 6 4098 179.25 826.451 0.33333334 5.0 5.0 5.0 5.0 0.0 0.28 2 TOUCH_MOVE e
1400690464601 6 4098 179.5 826.451 0.3 5.0 5.0 5.0 5.0 0.0 0.208 2 TOUCH_MOVE e
1400690464605 6 4098 179.5 826.451 0.3 5.0 5.0 5.0 5.0 0.0 0.208 1 TOUCH_UP e
1400690464891 6 4098 363.5 1223.4509 0.26666668 5.0 5.0 5.0 5.0 0.0 0.26000002 0 TOUCH_DOWN Space
1400690464906 6 4098 362.49408 1222.948 0.26666668 5.0 5.0 5.0 5.0 0.0 0.268 2 TOUCH_MOVE Space
1400690464939 6 4098 355.69662 1219.5165 0.3 5.0 5.0 5.0 5.0 0.0 0.27600002 2 TOUCH_MOVE Space
1400690464955 6 4098 354.12564 1218.5765 0.3 5.0 5.0 5.0 5.0 0.0 0.27600002 2 TOUCH_MOVE Space
1400690464973 6 4098 353.25 1218.4509 0.3 5.0 5.0 5.0 5.0 0.0 0.27600002 2 TOUCH_MOVE Space
1400690465009 6 4098 354.0 1217.9509 0.26666668 4.0 4.0 4.0 4.0 0.0 0.22000001 2 TOUCH_MOVE Space
1400690465013 6 4098 354.0 1217.9509 0.26666668 4.0 4.0 4.0 4.0 0.0 0.22000001 1 TOUCH_UP Space
1400690465241 6 4098 328.0 818.951 0.33333334 5.0 5.0 5.0 5.0 0.0 0.27600002 0 TOUCH_DOWN t
1400690465260 6 4098 328.0 818.951 0.33333334 5.0 5.0 5.0 5.0 0.0 0.284 2 TOUCH_MOVE t
1400690465272 6 4098 327.28137 818.951 0.33333334 5.0 5.0 5.0 5.0 0.0 0.28800002 2 TOUCH_MOVE t
1400690465289 6 4098 326.3135 818.951 0.33333334 5.0 5.0 5.0 5.0 0.0 0.284 2 TOUCH_MOVE t
1400690465306 6 4098 326.5 820.7588 0.33333334 5.0 5.0 5.0 5.0 0.0 0.26000002 2 TOUCH_MOVE t
1400690465325 6 4098 326.5 820.451 0.33333334 5.0 5.0 5.0 5.0 0.0 0.208 2 TOUCH_MOVE t
1400690465330 6 4098 326.5 820.451 0.33333334 5.0 5.0 5.0 5.0 0.0 0.208 1 TOUCH_UP t
1400690465461 6 4098 442.5 982.951 0.33333334 5.0 5.0 5.0 5.0 0.0 0.29200003 0 TOUCH_DOWN h
1400690465473 6 4098 442.5 982.951 0.33333334 5.0 5.0 5.0 5.0 0.0 0.296 2 TOUCH_MOVE h
1400690465508 6 4098 440.06366 983.451 0.33333334 5.0 5.0 5.0 5.0 0.0 0.30400002 2 TOUCH_MOVE h
1400690465523 6 4098 438.81482 984.13617 0.33333334 5.0 5.0 5.0 5.0 0.0 0.296 2 TOUCH_MOVE h
1400690465579 6 4098 438.81482 984.13617 0.33333334 5.0 5.0 5.0 5.0 0.0 0.296 1 TOUCH_UP h
1400690465630 6 4098 177.5 853.951 0.23333335 5.0 5.0 5.0 5.0 0.0 0.23200001 0 TOUCH_DOWN e
1400690465648 6 4098 177.5 853.951 0.26666668 6.0 6.0 6.0 6.0 0.0 0.23600002 2 TOUCH_MOVE e
1400690465751 6 4098 177.5 853.951 0.20000002 4.0 4.0 4.0 4.0 0.0 0.17600001 2 TOUCH_MOVE e
1400690465756 6 4098 177.5 853.951 0.20000002 4.0 4.0 4.0 4.0 0.0 0.17600001 1 TOUCH_UP e
1400690465915 6 4098 334.0 1246.9509 0.20000002 5.0 5.0 5.0 5.0 0.0 0.2 0 TOUCH_DOWN Space
1400690465923 6 4098 334.0 1246.9509 0.20000002 5.0 5.0 5.0 5.0 0.0 0.208 2 TOUCH_MOVE Space
1400690465963 6 4098 329.22525 1242.6761 0.23333335 5.0 5.0 5.0 5.0 0.0 0.22000001 2 TOUCH_MOVE Space
1400690465976 6 4098 326.33127 1240.5051 0.23333335 5.0 5.0 5.0 5.0 0.0 0.224 2 TOUCH_MOVE Space
1400690465992 6 4098 324.84476 1238.7957 0.23333335 5.0 5.0 5.0 5.0 0.0 0.224 2 TOUCH_MOVE Space
1400690466006 6 4098 324.5 1237.75 0.23333335 5.0 5.0 5.0 5.0 0.0 0.224 2 TOUCH_MOVE Space
1400690466023 6 4098 328.09564 1237.3318 0.20000002 4.0 4.0 4.0 4.0 0.0 0.2 2 TOUCH_MOVE Space
1400690466036 6 4098 327.5 1237.4509 0.13333334 3.0 3.0 3.0 3.0 0.0 0.108 2 TOUCH_MOVE Space
1400690466040 6 4098 327.5 1237.4509 0.13333334 3.0 3.0 3.0 3.0 0.0 0.108 1 TOUCH_UP Space
1400690466366 6 4098 292.0 1091.4509 0.33333334 5.0 5.0 5.0 5.0 0.0 0.296 0 TOUCH_DOWN c
1400690466374 6 4098 292.0 1091.4509 0.36666667 6.0 6.0 6.0 6.0 0.0 0.30400002 2 TOUCH_MOVE c
1400690466392 6 4098 290.36148 1091.7701 0.36666667 6.0 6.0 6.0 6.0 0.0 0.30400002 2 TOUCH_MOVE c
1400690466407 6 4098 288.70642 1091.9509 0.36666667 6.0 6.0 6.0 6.0 0.0 0.30800003 2 TOUCH_MOVE c
1400690466427 6 4098 288.5 1092.3359 0.36666667 6.0 6.0 6.0 6.0 0.0 0.312 2 TOUCH_MOVE c
1400690466440 6 4098 288.93063 1093.1663 0.33333334 5.0 5.0 5.0 5.0 0.0 0.296 2 TOUCH_MOVE c
1400690466457 6 4098 289.5 1093.4509 0.3 5.0 5.0 5.0 5.0 0.0 0.256 2 TOUCH_MOVE c
1400690466473 6 4098 289.5 1093.4509 0.26666668 4.0 4.0 4.0 4.0 0.0 0.19600001 2 TOUCH_MOVE c
1400690466478 6 4098 289.5 1093.4509 0.26666668 4.0 4.0 4.0 4.0 0.0 0.19600001 1 TOUCH_UP c
1400690466608 6 4098 426.0 987.951 0.33333334 5.0 5.0 5.0 5.0 0.0 0.272 0 TOUCH_DOWN h
1400690466633 6 4098 424.86768 987.951 0.33333334 5.0 5.0 5.0 5.0 0.0 0.28 2 TOUCH_MOVE h
1400690466643 6 4098 422.12228 987.6584 0.3 5.0 5.0 5.0 5.0 0.0 0.27600002 2 TOUCH_MOVE h
1400690466659 6 4098 420.25555 987.451 0.33333334 5.0 5.0 5.0 5.0 0.0 0.27600002 2 TOUCH_MOVE h
1400690466676 6 4098 419.2619 987.451 0.33333334 5.0 5.0 5.0 5.0 0.0 0.28 2 TOUCH_MOVE h
1400690466690 6 4098 419.5 987.451 0.3 5.0 5.0 5.0 5.0 0.0 0.252 2 TOUCH_MOVE h
1400690466702 6 4098 419.5 987.451 0.23333335 4.0 4.0 4.0 4.0 0.0 0.21200001 2 TOUCH_MOVE h
1400690466707 6 4098 419.5 987.451 0.23333335 4.0 4.0 4.0 4.0 0.0 0.21200001 1 TOUCH_UP h
1400690466914 6 4098 574.5 810.951 0.3 5.0 5.0 5.0 5.0 0.0 0.24800001 0 TOUCH_DOWN o
1400690466924 6 4098 574.5 810.951 0.3 5.0 5.0 5.0 5.0 0.0 0.256 2 TOUCH_MOVE o
1400690466943 6 4098 568.9565 812.87195 0.3 5.0 5.0 5.0 5.0 0.0 0.26000002 2 TOUCH_MOVE o
1400690466957 6 4098 559.6371 814.5469 0.3 5.0 5.0 5.0 5.0 0.0 0.26000002 2 TOUCH_MOVE o
1400690466974 6 4098 553.4143 815.53467 0.3 5.0 5.0 5.0 5.0 0.0 0.264 2 TOUCH_MOVE o
1400690466990 6 4098 550.9071 815.451 0.3 5.0 5.0 5.0 5.0 0.0 0.26000002 2 TOUCH_MOVE o
1400690467008 6 4098 551.0 815.451 0.3 5.0 5.0 5.0 5.0 0.0 0.224 2 TOUCH_MOVE o
1400690467023 6 4098 551.0 815.451 0.33333334 5.0 5.0 5.0 5.0 0.0 0.18400002 2 TOUCH_MOVE o
1400690467027 6 4098 551.0 815.451 0.33333334 5.0 5.0 5.0 5.0 0.0 0.18400002 1 TOUCH_UP o
1400690467526 6 4098 679.5 978.951 0.33333334 5.0 5.0 5.0 5.0 0.0 0.28800002 0 TOUCH_DOWN l
1400690467550 6 4098 675.7895 978.23755 0.33333334 5.0 5.0 5.0 5.0 0.0 0.3 2 TOUCH_MOVE l
1400690467558 6 4098 662.5303 975.95703 0.33333334 5.0 5.0 5.0 5.0 0.0 0.29200003 2 TOUCH_MOVE l
1400690467574 6 4098 651.8446 974.15594 0.33333334 5.0 5.0 5.0 5.0 0.0 0.284 2 TOUCH_MOVE l
1400690467591 6 4098 648.0387 973.29724 0.33333334 5.0 5.0 5.0 5.0 0.0 0.28 2 TOUCH_MOVE l
1400690467627 6 4098 648.5 973.451 0.26666668 5.0 5.0 5.0 5.0 0.0 0.18 2 TOUCH_MOVE l
1400690467633 6 4098 648.5 973.451 0.26666668 5.0 5.0 5.0 5.0 0.0 0.18 1 TOUCH_UP l
1400690467799 6 4098 219.0 981.451 0.26666668 5.0 5.0 5.0 5.0 0.0 0.216 0 TOUCH_DOWN d
1400690467810 6 4098 219.0 981.451 0.26666668 5.0 5.0 5.0 5.0 0.0 0.22800002 2 TOUCH_MOVE d
1400690467844 6 4098 218.27687 982.17413 0.3 5.0 5.0 5.0 5.0 0.0 0.24000001 2 TOUCH_MOVE d
1400690467859 6 4098 217.31445 982.951 0.3 5.0 5.0 5.0 5.0 0.0 0.24400002 2 TOUCH_MOVE d
1400690467875 6 4098 216.34244 982.951 0.33333334 6.0 6.0 6.0 6.0 0.0 0.24000001 2 TOUCH_MOVE d
1400690467891 6 4098 213.80629 983.451 0.26666668 5.0 5.0 5.0 5.0 0.0 0.22800002 2 TOUCH_MOVE d
1400690467909 6 4098 214.0 983.451 0.13333334 2.0 2.0 2.0 2.0 0.0 0.112 2 TOUCH_MOVE d
1400690467926 6 4098 214.0 983.451 0.13333334 2.0 2.0 2.0 2.0 0.0 0.112 1 TOUCH_UP d
1400690468221 6 4098 240.5 860.451 0.23333335 5.0 5.0 5.0 5.0 0.0 0.22000001 0 TOUCH_DOWN r
1400690468230 6 4098 240.5 860.451 0.26666668 5.0 5.0 5.0 5.0 0.0 0.22800002 2 TOUCH_MOVE r
1400690468259 6 4098 241.08418 860.451 0.3 6.0 6.0 6.0 6.0 0.0 0.24800001 2 TOUCH_MOVE r
1400690468275 6 4098 241.65277 860.451 0.3 6.0 6.0 6.0 6.0 0.0 0.24800001 2 TOUCH_MOVE r
1400690468354 6 4098 241.5 860.451 0.23333335 5.0 5.0 5.0 5.0 0.0 0.14400001 2 TOUCH_MOVE r
1400690468358 6 4098 241.5 860.451 0.23333335 5.0 5.0 5.0 5.0 0.0 0.14400001 1 TOUCH_UP r
1400690468447 6 4098 180.0 848.951 0.3 6.0 6.0 6.0 6.0 0.0 0.24000001 0 TOUCH_DOWN e
1400690468459 6 4098 180.0 848.951 0.3 6.0 6.0 6.0 6.0 0.0 0.24800001 2 TOUCH_MOVE e
1400690468475 6 4098 179.13303 848.951 0.3 6.0 6.0 6.0 6.0 0.0 0.256 2 TOUCH_MOVE e
1400690468492 6 4098 177.83391 848.1179 0.3 6.0 6.0 6.0 6.0 0.0 0.26000002 2 TOUCH_MOVE e
1400690468510 6 4098 175.12323 847.15875 0.33333334 7.0 7.0 7.0 7.0 0.0 0.268 2 TOUCH_MOVE e
1400690468525 6 4098 173.73914 846.951 0.33333334 7.0 7.0 7.0 7.0 0.0 0.264 2 TOUCH_MOVE e
1400690468542 6 4098 172.77351 846.951 0.33333334 7.0 7.0 7.0 7.0 0.0 0.26000002 2 TOUCH_MOVE e
1400690468593 6 4098 173.0 846.951 0.23333335 5.0 5.0 5.0 5.0 0.0 0.2 2 TOUCH_MOVE e
1400690468605 6 4098 173.0 846.951 0.23333335 5.0 5.0 5.0 5.0 0.0 0.15200001 2 TOUCH_MOVE e
1400690468609 6 4098 173.0 846.951 0.23333335 5.0 5.0 5.0 5.0 0.0 0.15200001 1 TOUCH_UP e
1400690469014 6 4098 518.5 1087.9509 0.33333334 5.0 5.0 5.0 5.0 0.0 0.27600002 0 TOUCH_DOWN n
1400690469022 6 4098 516.1114 1087.7288 0.33333334 5.0 5.0 5.0 5.0 0.0 0.284 2 TOUCH_MOVE n
1400690469045 6 4098 509.68558 1086.4509 0.33333334 5.0 5.0 5.0 5.0 0.0 0.27600002 2 TOUCH_MOVE n
1400690469059 6 4098 508.5 1086.4509 0.33333334 5.0 5.0 5.0 5.0 0.0 0.264 2 TOUCH_MOVE n
1400690469076 6 4098 507.92776 1087.5232 0.26666668 5.0 5.0 5.0 5.0 0.0 0.18 2 TOUCH_MOVE n
1400690469084 6 4098 507.92776 1087.5232 0.26666668 5.0 5.0 5.0 5.0 0.0 0.18 1 TOUCH_UP n
1400690469436 6 4098 699.0 1123.4509 0.3 5.0 5.0 5.0 5.0 0.0 0.272 0 TOUCH_DOWN Back
1400690469443 6 4098 699.0 1123.4509 0.3 5.0 5.0 5.0 5.0 0.0 0.27600002 2 TOUCH_MOVE Back
1400690469477 6 4098 696.28815 1123.4509 0.33333334 5.0 5.0 5.0 5.0 0.0 0.28 2 TOUCH_MOVE Back
1400690469493 6 4098 695.75 1123.4509 0.3 5.0 5.0 5.0 5.0 0.0 0.27600002 2 TOUCH_MOVE Back
1400690469510 6 4098 696.0 1123.4509 0.3 5.0 5.0 5.0 5.0 0.0 0.24000001 2 TOUCH_MOVE Back
1400690469526 6 4098 696.0 1123.4509 0.23333335 4.0 4.0 4.0 4.0 0.0 0.21200001 2 TOUCH_MOVE Back
1400690469530 6 4098 696.0 1123.4509 0.16666667 3.0 3.0 3.0 3.0 0.0 0.136 2 TOUCH_MOVE Back
1400690469535 6 4098 696.0 1123.4509 0.16666667 3.0 3.0 3.0 3.0 0.0 0.136 1 TOUCH_UP Back
1400690469631 6 4098 699.0 1110.4509 0.3 5.0 5.0 5.0 5.0 0.0 0.26000002 0 TOUCH_DOWN Back
1400690469650 6 4098 697.7482 1110.4509 0.3 5.0 5.0 5.0 5.0 0.0 0.264 2 TOUCH_MOVE Back
1400690469670 6 4098 694.5 1110.4509 0.3 5.0 5.0 5.0 5.0 0.0 0.23600002 2 TOUCH_MOVE Back
1400690469682 6 4098 694.5 1110.4509 0.26666668 5.0 5.0 5.0 5.0 0.0 0.16800001 2 TOUCH_MOVE Back
1400690469685 6 4098 694.5 1110.4509 0.26666668 5.0 5.0 5.0 5.0 0.0 0.16800001 1 TOUCH_UP Back
1400690469771 6 4098 697.5 1108.9509 0.3 5.0 5.0 5.0 5.0 0.0 0.252 0 TOUCH_DOWN Back
1400690469793 6 4098 694.7781 1110.0065 0.33333334 5.0 5.0 5.0 5.0 0.0 0.264 2 TOUCH_MOVE Back
1400690469827 6 4098 683.1292 1110.925 0.3 5.0 5.0 5.0 5.0 0.0 0.256 2 TOUCH_MOVE Back
1400690469843 6 4098 682.0 1111.9509 0.3 5.0 5.0 5.0 5.0 0.0 0.18400002 2 TOUCH_MOVE Back
1400690469850 6 4098 682.0 1111.9509 0.3 5.0 5.0 5.0 5.0 0.0 0.18400002 1 TOUCH_UP Back
1400690469948 6 4098 688.5 1109.9509 0.3 5.0 5.0 5.0 5.0 0.0 0.23200001 0 TOUCH_DOWN Back
1400690469961 6 4098 687.8416 1109.9509 0.3 5.0 5.0 5.0 5.0 0.0 0.24800001 2 TOUCH_MOVE Back
1400690469977 6 4098 684.2091 1109.9509 0.33333334 5.0 5.0 5.0 5.0 0.0 0.252 2 TOUCH_MOVE Back
1400690469993 6 4098 682.5 1109.9509 0.33333334 5.0 5.0 5.0 5.0 0.0 0.192 2 TOUCH_MOVE Back
1400690470000 6 4098 682.5 1109.9509 0.33333334 5.0 5.0 5.0 5.0 0.0 0.192 1 TOUCH_UP Back
1400690470103 6 4098 684.0 1114.9509 0.3 5.0 5.0 5.0 5.0 0.0 0.252 0 TOUCH_DOWN Back
1400690470112 6 4098 684.0 1114.9509 0.3 5.0 5.0 5.0 5.0 0.0 0.26000002 2 TOUCH_MOVE Back
1400690470135 6 4098 681.9814 1114.6113 0.33333334 5.0 5.0 5.0 5.0 0.0 0.272 2 TOUCH_MOVE Back
1400690470144 6 4098 677.789 1113.6482 0.33333334 5.0 5.0 5.0 5.0 0.0 0.272 2 TOUCH_MOVE Back
1400690470162 6 4098 675.7489 1113.4509 0.33333334 5.0 5.0 5.0 5.0 0.0 0.256 2 TOUCH_MOVE Back
1400690470177 6 4098 675.00726 1113.4509 0.33333334 5.0 5.0 5.0 5.0 0.0 0.22800002 2 TOUCH_MOVE Back
1400690470180 6 4098 675.0 1113.4509 0.3 5.0 5.0 5.0 5.0 0.0 0.18800001 2 TOUCH_MOVE Back
1400690470185 6 4098 675.0 1113.4509 0.3 5.0 5.0 5.0 5.0 0.0 0.18800001 1 TOUCH_UP Back
1400690470465 6 4098 689.0 1130.9509 0.3 5.0 5.0 5.0 5.0 0.0 0.264 0 TOUCH_DOWN Back
1400690470477 6 4098 689.0 1130.9509 0.3 5.0 5.0 5.0 5.0 0.0 0.272 2 TOUCH_MOVE Back
1400690470499 6 4098 687.3691 1131.9945 0.33333334 5.0 5.0 5.0 5.0 0.0 0.284 2 TOUCH_MOVE Back
1400690470511 6 4098 684.4461 1133.4868 0.33333334 5.0 5.0 5.0 5.0 0.0 0.28 2 TOUCH_MOVE Back
1400690470529 6 4098 682.548 1134.427 0.33333334 5.0 5.0 5.0 5.0 0.0 0.28 2 TOUCH_MOVE Back
1400690470546 6 4098 682.5 1135.3843 0.3 5.0 5.0 5.0 5.0 0.0 0.268 2 TOUCH_MOVE Back
1400690470560 6 4098 683.0 1136.3676 0.26666668 4.0 4.0 4.0 4.0 0.0 0.216 2 TOUCH_MOVE Back
1400690470577 6 4098 683.0 1136.4509 0.13333334 2.0 2.0 2.0 2.0 0.0 0.120000005 2 TOUCH_MOVE Back
1400690470580 6 4098 683.0 1136.4509 0.13333334 2.0 2.0 2.0 2.0 0.0 0.120000005 1 TOUCH_UP Back
1400690471050 6 4098 552.5 821.451 0.33333334 5.0 5.0 5.0 5.0 0.0 0.27600002 0 TOUCH_DOWN i
1400690471111 6 4098 553.93787 822.1854 0.33333334 5.0 5.0 5.0 5.0 0.0 0.28800002 2 TOUCH_MOVE i
1400690471131 6 4098 561.47833 824.8361 0.33333334 5.0 5.0 5.0 5.0 0.0 0.28 2 TOUCH_MOVE i
1400690471146 6 4098 566.0 826.451 0.3 5.0 5.0 5.0 5.0 0.0 0.24000001 2 TOUCH_MOVE i
1400690471157 6 4098 566.0 826.451 0.26666668 5.0 5.0 5.0 5.0 0.0 0.18400002 2 TOUCH_MOVE i
1400690471162 6 4098 566.0 826.451 0.26666668 5.0 5.0 5.0 5.0 0.0 0.18400002 1 TOUCH_UP i
1400690472836 6 4098 235.5 970.951 0.20000002 4.0 4.0 4.0 4.0 0.0 0.2 0 TOUCH_DOWN d
1400690472846 6 4098 235.5 970.951 0.23333335 5.0 5.0 5.0 5.0 0.0 0.22000001 2 TOUCH_MOVE d
1400690472863 6 4098 234.52574 970.951 0.26666668 5.0 5.0 5.0 5.0 0.0 0.23600002 2 TOUCH_MOVE d
1400690472881 6 4098 233.55252 970.951 0.26666668 5.0 5.0 5.0 5.0 0.0 0.24400002 2 TOUCH_MOVE d
1400690472896 6 4098 231.6725 971.36475 0.26666668 5.0 5.0 5.0 5.0 0.0 0.24400002 2 TOUCH_MOVE d
1400690472913 6 4098 228.15584 972.68866 0.3 6.0 6.0 6.0 6.0 0.0 0.24400002 2 TOUCH_MOVE d
1400690472930 6 4098 223.43582 974.62134 0.3 6.0 6.0 6.0 6.0 0.0 0.252 2 TOUCH_MOVE d
1400690472946 6 4098 215.85358 977.5643 0.3 6.0 6.0 6.0 6.0 0.0 0.24400002 2 TOUCH_MOVE d
1400690472978 6 4098 213.0 978.451 0.13333334 2.0 2.0 2.0 2.0 0.0 0.120000005 2 TOUCH_MOVE d
1400690472982 6 4098 213.0 978.451 0.13333334 2.0 2.0 2.0 2.0 0.0 0.120000005 1 TOUCH_UP d
1400690473887 6 4098 272.0 858.451 0.23333335 5.0 5.0 5.0 5.0 0.0 0.22000001 0 TOUCH_DOWN r
1400690473993 6 4098 272.0 858.451 0.23333335 5.0 5.0 5.0 5.0 0.0 0.22800002 2 TOUCH_MOVE r
1400690473999 6 4098 272.0 858.451 0.16666667 3.0 3.0 3.0 3.0 0.0 0.104 2 TOUCH_MOVE r
1400690474010 6 4098 272.0 858.451 0.16666667 3.0 3.0 3.0 3.0 0.0 0.104 1 TOUCH_UP r
1400690474115 6 4098 189.5 854.951 0.26666668 6.0 6.0 6.0 6.0 0.0 0.224 0 TOUCH_DOWN e
1400690474151 6 4098 189.12483 854.7634 0.3 6.0 6.0 6.0 6.0 0.0 0.24400002 2 TOUCH_MOVE e
1400690474170 6 4098 187.29932 853.951 0.3 6.0 6.0 6.0 6.0 0.0 0.24800001 2 TOUCH_MOVE e
1400690474181 6 4098 186.33595 853.951 0.3 6.0 6.0 6.0 6.0 0.0 0.24400002 2 TOUCH_MOVE e
1400690474198 6 4098 185.368 853.951 0.3 6.0 6.0 6.0 6.0 0.0 0.24400002 2 TOUCH_MOVE e
1400690474214 6 4098 184.75 853.951 0.3 6.0 6.0 6.0 6.0 0.0 0.24000001 2 TOUCH_MOVE e
1400690474259 6 4098 184.75 853.951 0.3 6.0 6.0 6.0 6.0 0.0 0.24000001 1 TOUCH_UP e
1400690474893 6 4098 700.0 1099.9509 0.3 5.0 5.0 5.0 5.0 0.0 0.26000002 0 TOUCH_DOWN Back
1400690474898 6 4098 700.0 1099.9509 0.3 5.0 5.0 5.0 5.0 0.0 0.264 2 TOUCH_MOVE Back
1400690474917 6 4098 699.4057 1100.4509 0.3 5.0 5.0 5.0 5.0 0.0 0.26000002 2 TOUCH_MOVE Back
1400690474932 6 4098 698.43964 1101.0112 0.3 5.0 5.0 5.0 5.0 0.0 0.264 2 TOUCH_MOVE Back
1400690474948 6 4098 698.0 1101.4762 0.3 5.0 5.0 5.0 5.0 0.0 0.24000001 2 TOUCH_MOVE Back
1400690474965 6 4098 698.0 1101.4509 0.26666668 5.0 5.0 5.0 5.0 0.0 0.216 2 TOUCH_MOVE Back
1400690474971 6 4098 698.0 1101.4509 0.26666668 5.0 5.0 5.0 5.0 0.0 0.18400002 2 TOUCH_MOVE Back
1400690474976 6 4098 698.0 1101.4509 0.26666668 5.0 5.0 5.0 5.0 0.0 0.18400002 1 TOUCH_UP Back
1400690475073 6 4098 710.5 1103.4509 0.3 5.0 5.0 5.0 5.0 0.0 0.252 0 TOUCH_DOWN Back
1400690475089 6 4098 710.5 1103.4509 0.3 5.0 5.0 5.0 5.0 0.0 0.256 2 TOUCH_MOVE Back
1400690475119 6 4098 703.1698 1104.117 0.3 5.0 5.0 5.0 5.0 0.0 0.24000001 2 TOUCH_MOVE Back
1400690475132 6 4098 700.2388 1105.7122 0.23333335 5.0 5.0 5.0 5.0 0.0 0.20400001 2 TOUCH_MOVE Back
1400690475145 6 4098 700.0 1105.9509 0.23333335 5.0 5.0 5.0 5.0 0.0 0.17600001 2 TOUCH_MOVE Back
1400690475151 6 4098 700.0 1105.9509 0.23333335 5.0 5.0 5.0 5.0 0.0 0.17600001 1 TOUCH_UP Back
1400690475813 6 4098 704.5 1124.4509 0.3 5.0 5.0 5.0 5.0 0.0 0.264 0 TOUCH_DOWN Back
1400690475817 6 4098 704.28204 1124.4509 0.33333334 5.0 5.0 5.0 5.0 0.0 0.28 2 TOUCH_MOVE Back
1400690475835 6 4098 696.6965 1122.4357 0.33333334 5.0 5.0 5.0 5.0 0.0 0.284 2 TOUCH_MOVE Back
1400690475850 6 4098 684.3216 1119.1564 0.33333334 5.0 5.0 5.0 5.0 0.0 0.272 2 TOUCH_MOVE Back
1400690475865 6 4098 678.6042 1117.4926 0.33333334 5.0 5.0 5.0 5.0 0.0 0.272 2 TOUCH_MOVE Back
1400690475883 6 4098 676.25 1116.7009 0.33333334 5.0 5.0 5.0 5.0 0.0 0.27600002 2 TOUCH_MOVE Back
1400690475915 6 4098 678.5 1116.9509 0.26666668 5.0 5.0 5.0 5.0 0.0 0.224 2 TOUCH_MOVE Back
1400690475933 6 4098 678.5 1116.9509 0.23333335 5.0 5.0 5.0 5.0 0.0 0.16000001 2 TOUCH_MOVE Back
1400690475936 6 4098 678.5 1116.9509 0.23333335 5.0 5.0 5.0 5.0 0.0 0.16000001 1 TOUCH_UP Back
1400690476441 6 4098 675.0 950.951 0.33333334 5.0 5.0 5.0 5.0 0.0 0.29200003 0 TOUCH_DOWN l
1400690476449 6 4098 675.0 950.951 0.36666667 6.0 6.0 6.0 6.0 0.0 0.29200003 2 TOUCH_MOVE l
1400690476485 6 4098 670.2947 950.951 0.33333334 5.0 5.0 5.0 5.0 0.0 0.296 2 TOUCH_MOVE l
1400690476500 6 4098 668.80176 951.14923 0.36666667 6.0 6.0 6.0 6.0 0.0 0.3 2 TOUCH_MOVE l
1400690476517 6 4098 668.5 952.11975 0.36666667 6.0 6.0 6.0 6.0 0.0 0.29200003 2 TOUCH_MOVE l
1400690476534 6 4098 670.8191 954.2701 0.36666667 6.0 6.0 6.0 6.0 0.0 0.284 2 TOUCH_MOVE l
1400690476549 6 4098 673.0 957.451 0.26666668 4.0 4.0 4.0 4.0 0.0 0.24400002 2 TOUCH_MOVE l
1400690476563 6 4098 673.0 957.451 0.23333335 4.0 4.0 4.0 4.0 0.0 0.17600001 2 TOUCH_MOVE l
1400690476570 6 4098 673.0 957.451 0.23333335 4.0 4.0 4.0 4.0 0.0 0.17600001 1 TOUCH_UP l
1400690476909 6 4098 232.5 973.951 0.23333335 4.0 4.0 4.0 4.0 0.0 0.216 0 TOUCH_DOWN d
1400690476917 6 4098 232.5 973.951 0.26666668 5.0 5.0 5.0 5.0 0.0 0.224 2 TOUCH_MOVE d
1400690477001 6 4098 232.5 973.951 0.20000002 4.0 4.0 4.0 4.0 0.0 0.2 2 TOUCH_MOVE d
1400690477013 6 4098 232.5 973.951 0.20000002 4.0 4.0 4.0 4.0 0.0 0.16000001 2 TOUCH_MOVE d
1400690477016 6 4098 232.5 973.951 0.20000002 4.0 4.0 4.0 4.0 0.0 0.16000001 1 TOUCH_UP d
1400690477299 6 4098 266.0 851.951 0.23333335 5.0 5.0 5.0 5.0 0.0 0.22800002 0 TOUCH_DOWN r
1400690477325 6 4098 265.6837 851.6347 0.23333335 5.0 5.0 5.0 5.0 0.0 0.23200001 2 TOUCH_MOVE r
1400690477334 6 4098 265.1 851.051 0.3 6.0 6.0 6.0 6.0 0.0 0.24800001 2 TOUCH_MOVE r
1400690477352 6 4098 264.11975 850.07074 0.3 6.0 6.0 6.0 6.0 0.0 0.252 2 TOUCH_MOVE r
1400690477367 6 4098 262.3068 849.451 0.3 6.0 6.0 6.0 6.0 0.0 0.252 2 TOUCH_MOVE r
1400690477384 6 4098 259.4539 849.451 0.26666668 5.0 5.0 5.0 5.0 0.0 0.23600002 2 TOUCH_MOVE r
1400690477400 6 4098 251.75 850.201 0.23333335 5.0 5.0 5.0 5.0 0.0 0.18400002 2 TOUCH_MOVE r
1400690477405 6 4098 251.75 850.201 0.23333335 5.0 5.0 5.0 5.0 0.0 0.18400002 1 TOUCH_UP r
1400690477515 6 4098 188.5 832.951 0.36666667 6.0 6.0 6.0 6.0 0.0 0.23600002 0 TOUCH_DOWN e
1400690477520 6 4098 188.5 832.951 0.36666667 6.0 6.0 6.0 6.0 0.0 0.24400002 2 TOUCH_MOVE e
1400690477617 6 4098 188.0 832.951 0.3 5.0 5.0 5.0 5.0 0.0 0.2 2 TOUCH_MOVE e
1400690477627 6 4098 188.0 832.951 0.13333334 2.0 2.0 2.0 2.0 0.0 0.128 2 TOUCH_MOVE e
1400690477630 6 4098 188.0 832.951 0.13333334 2.0 2.0 2.0 2.0 0.0 0.128 1 TOUCH_UP e
1400690478243 6 4098 451.5 1102.9509 0.33333334 5.0 5.0 5.0 5.0 0.0 0.28800002 0 TOUCH_DOWN b
1400690478276 6 4098 444.33582 1101.5349 0.33333334 5.0 5.0 5.0 5.0 0.0 0.29200003 2 TOUCH_MOVE b
1400690478294 6 4098 441.73532 1101.4509 0.33333334 5.0 5.0 5.0 5.0 0.0 0.29200003 2 TOUCH_MOVE b
1400690478301 6 4098 441.0 1101.4509 0.33333334 5.0 5.0 5.0 5.0 0.0 0.296 2 TOUCH_MOVE b
1400690478318 6 4098 443.66074 1102.6857 0.33333334 5.0 5.0 5.0 5.0 0.0 0.272 2 TOUCH_MOVE b
1400690478334 6 4098 445.0 1103.4509 0.3 5.0 5.0 5.0 5.0 0.0 0.216 2 TOUCH_MOVE b
1400690478341 6 4098 445.0 1103.4509 0.3 5.0 5.0 5.0 5.0 0.0 0.216 1 TOUCH_UP b
1400690478822 6 4098 711.0 1104.9509 0.3 5.0 5.0 5.0 5.0 0.0 0.28 0 TOUCH_DOWN Back
1400690478845 6 4098 708.1368 1104.5369 0.33333334 5.0 5.0 5.0 5.0 0.0 0.28800002 2 TOUCH_MOVE Back
1400690478878 6 4098 691.17664 1100.9509 0.33333334 5.0 5.0 5.0 5.0 0.0 0.284 2 TOUCH_MOVE Back
1400690478893 6 4098 689.3652 1100.9509 0.33333334 5.0 5.0 5.0 5.0 0.0 0.284 2 TOUCH_MOVE Back
1400690478905 6 4098 690.1283 1101.5792 0.3 5.0 5.0 5.0 5.0 0.0 0.272 2 TOUCH_MOVE Back
1400690478925 6 4098 691.0 1102.4509 0.26666668 5.0 5.0 5.0 5.0 0.0 0.208 2 TOUCH_MOVE Back
1400690478934 6 4098 691.0 1102.4509 0.26666668 5.0 5.0 5.0 5.0 0.0 0.208 1 TOUCH_UP Back
1400690479155 6 4098 516.5 1105.4509 0.33333334 5.0 5.0 5.0 5.0 0.0 0.28800002 0 TOUCH_DOWN n
1400690479169 6 4098 514.2282 1105.0079 0.33333334 5.0 5.0 5.0 5.0 0.0 0.296 2 TOUCH_MOVE n
1400690479187 6 4098 508.2562 1103.0364 0.33333334 5.0 5.0 5.0 5.0 0.0 0.3 2 TOUCH_MOVE n
1400690479203 6 4098 503.76373 1101.5388 0.33333334 5.0 5.0 5.0 5.0 0.0 0.296 2 TOUCH_MOVE n
1400690479219 6 4098 502.11313 1100.9509 0.33333334 5.0 5.0 5.0 5.0 0.0 0.296 2 TOUCH_MOVE n
1400690479237 6 4098 502.0 1100.9509 0.33333334 5.0 5.0 5.0 5.0 0.0 0.29200003 2 TOUCH_MOVE n
1400690479252 6 4098 502.0 1100.9509 0.3 5.0 5.0 5.0 5.0 0.0 0.224 2 TOUCH_MOVE n
1400690479262 6 4098 502.0 1100.9509 0.16666667 3.0 3.0 3.0 3.0 0.0 0.1 2 TOUCH_MOVE n
1400690479267 6 4098 502.0 1100.9509 0.16666667 3.0 3.0 3.0 3.0 0.0 0.1 1 TOUCH_UP n
1400690479678 6 4098 701.0 1222.4509 0.26666668 5.0 5.0 5.0 5.0 0.0 0.252 0 TOUCH_DOWN Enter
1400690479688 6 4098 700.23096 1222.4509 0.26666668 5.0 5.0 5.0 5.0 0.0 0.256 2 TOUCH_MOVE Enter
1400690479702 6 4098 692.61865 1221.6128 0.26666668 5.0 5.0 5.0 5.0 0.0 0.256 2 TOUCH_MOVE Enter
1400690479720 6 4098 682.75 1220.7009 0.26666668 5.0 5.0 5.0 5.0 0.0 0.252 2 TOUCH_MOVE Enter
1400690479737 6 4098 677.6645 1220.9509 0.26666668 5.0 5.0 5.0 5.0 0.0 0.252 2 TOUCH_MOVE Enter
1400690479752 6 4098 676.25 1220.9509 0.26666668 5.0 5.0 5.0 5.0 0.0 0.252 2 TOUCH_MOVE Enter
1400690479773 6 4098 677.0 1220.9509 0.23333335 4.0 4.0 4.0 4.0 0.0 0.224 2 TOUCH_MOVE Enter
1400690479783 6 4098 677.0 1220.9509 0.20000002 3.0 3.0 3.0 3.0 0.0 0.18 2 TOUCH_MOVE Enter
1400690479789 6 4098 677.0 1220.9509 0.20000002 3.0 3.0 3.0 3.0 0.0 0.18 1 TOUCH_UP Enter
1400690480715 6 4098 107.5 858.951 0.23333335 5.0 5.0 5.0 5.0 0.0 0.224 0 TOUCH_DOWN W
1400690480770 6 4098 111.75 858.951 0.3 6.0 6.0 6.0 6.0 0.0 0.23600002 2 TOUCH_MOVE W
1400690480801 6 4098 111.75 858.951 0.3 6.0 6.0 6.0 6.0 0.0 0.23600002 1 TOUCH_UP W
1400690480893 6 4098 169.0 845.451 0.3 6.0 6.0 6.0 6.0 0.0 0.23600002 0 TOUCH_DOWN e
1400690480905 6 4098 169.0 845.451 0.33333334 6.0 6.0 6.0 6.0 0.0 0.24800001 2 TOUCH_MOVE e
1400690480938 6 4098 170.20558 844.2454 0.33333334 6.0 6.0 6.0 6.0 0.0 0.252 2 TOUCH_MOVE e
1400690480953 6 4098 171.17471 843.27625 0.33333334 6.0 6.0 6.0 6.0 0.0 0.256 2 TOUCH_MOVE e
1400690480971 6 4098 171.0 842.701 0.33333334 6.0 6.0 6.0 6.0 0.0 0.256 2 TOUCH_MOVE e
1400690480987 6 4098 171.72995 842.221 0.33333334 6.0 6.0 6.0 6.0 0.0 0.256 2 TOUCH_MOVE e
1400690481022 6 4098 171.5 842.451 0.3 6.0 6.0 6.0 6.0 0.0 0.22800002 2 TOUCH_MOVE e
1400690481035 6 4098 171.5 842.451 0.23333335 5.0 5.0 5.0 5.0 0.0 0.18 2 TOUCH_MOVE e
1400690481044 6 4098 171.5 842.451 0.23333335 5.0 5.0 5.0 5.0 0.0 0.18 1 TOUCH_UP e
1400690481370 6 4098 362.5 1219.9509 0.26666668 5.0 5.0 5.0 5.0 0.0 0.256 0 TOUCH_DOWN Space
1400690481380 6 4098 362.5 1219.9509 0.26666668 5.0 5.0 5.0 5.0 0.0 0.26000002 2 TOUCH_MOVE Space
1400690481406 6 4098 361.94885 1219.9509 0.26666668 5.0 5.0 5.0 5.0 0.0 0.264 2 TOUCH_MOVE Space
1400690481423 6 4098 362.0 1219.3612 0.26666668 5.0 5.0 5.0 5.0 0.0 0.264 2 TOUCH_MOVE Space
1400690481440 6 4098 362.55515 1218.8958 0.26666668 5.0 5.0 5.0 5.0 0.0 0.252 2 TOUCH_MOVE Space
1400690481454 6 4098 365.5 1217.9509 0.26666668 5.0 5.0 5.0 5.0 0.0 0.216 2 TOUCH_MOVE Space
1400690481467 6 4098 365.5 1217.9509 0.23333335 5.0 5.0 5.0 5.0 0.0 0.18 2 TOUCH_MOVE Space
1400690481471 6 4098 365.5 1217.9509 0.23333335 5.0 5.0 5.0 5.0 0.0 0.18 1 TOUCH_UP Space
1400690481666 6 4098 46.5 951.951 0.23333335 4.0 4.0 4.0 4.0 0.0 0.2 0 TOUCH_DOWN a
1400690481673 6 4098 46.5 951.951 0.23333335 4.0 4.0 4.0 4.0 0.0 0.21200001 2 TOUCH_MOVE a
1400690481691 6 4098 47.098255 951.3527 0.23333335 4.0 4.0 4.0 4.0 0.0 0.22000001 2 TOUCH_MOVE a
1400690481704 6 4098 48.65135 950.3753 0.23333335 4.0 4.0 4.0 4.0 0.0 0.22000001 2 TOUCH_MOVE a
1400690481722 6 4098 50.062126 949.38885 0.23333335 4.0 4.0 4.0 4.0 0.0 0.22000001 2 TOUCH_MOVE a
1400690481738 6 4098 50.75 948.701 0.23333335 4.0 4.0 4.0 4.0 0.0 0.22000001 2 TOUCH_MOVE a
1400690481772 6 4098 50.5 948.951 0.23333335 4.0 4.0 4.0 4.0 0.0 0.192 2 TOUCH_MOVE a
1400690481785 6 4098 50.5 948.951 0.26666668 5.0 5.0 5.0 5.0 0.0 0.16800001 2 TOUCH_MOVE a
1400690481790 6 4098 50.5 948.951 0.26666668 5.0 5.0 5.0 5.0 0.0 0.16800001 1 TOUCH_UP a
1400690482251 6 4098 292.0 845.951 0.3 5.0 5.0 5.0 5.0 0.0 0.252 0 TOUCH_DOWN t
1400690482264 6 4098 292.0 845.951 0.3 5.0 5.0 5.0 5.0 0.0 0.26000002 2 TOUCH_MOVE t
1400690482290 6 4098 291.19 845.141 0.3 5.0 5.0 5.0 5.0 0.0 0.264 2 TOUCH_MOVE t
1400690482305 6 4098 290.21777 844.16876 0.33333334 5.0 5.0 5.0 5.0 0.0 0.264 2 TOUCH_MOVE t
1400690482325 6 4098 289.2735 843.951 0.3 5.0 5.0 5.0 5.0 0.0 0.256 2 TOUCH_MOVE t
1400690482339 6 4098 288.2689 843.2199 0.26666668 4.0 4.0 4.0 4.0 0.0 0.224 2 TOUCH_MOVE t
1400690482350 6 4098 288.0 842.951 0.3 5.0 5.0 5.0 5.0 0.0 0.18800001 2 TOUCH_MOVE t
1400690482354 6 4098 288.0 842.951 0.3 5.0 5.0 5.0 5.0 0.0 0.18800001 1 TOUCH_UP t
1400690482499 6 4098 188.5 827.951 0.3 5.0 5.0 5.0 5.0 0.0 0.256 0 TOUCH_DOWN e
1400690482516 6 4098 188.5 827.951 0.3 5.0 5.0 5.0 5.0 0.0 0.264 2 TOUCH_MOVE e
1400690482555 6 4098 188.5 827.951 0.3 5.0 5.0 5.0 5.0 0.0 0.23200001 2 TOUCH_MOVE e
1400690482566 6 4098 188.5 827.951 0.20000002 4.0 4.0 4.0 4.0 0.0 0.18800001 2 TOUCH_MOVE e
1400690482572 6 4098 188.5 827.951 0.20000002 4.0 4.0 4.0 4.0 0.0 0.18800001 1 TOUCH_UP e
1400690483147 6 4098 667.5 1103.9509 0.33333334 5.0 5.0 5.0 5.0 0.0 0.26000002 0 TOUCH_DOWN Back
1400690483179 6 4098 666.4077 1104.2471 0.33333334 5.0 5.0 5.0 5.0 0.0 0.264 2 TOUCH_MOVE Back
1400690483201 6 4098 664.60785 1104.8431 0.33333334 5.0 5.0 5.0 5.0 0.0 0.26000002 2 TOUCH_MOVE Back
1400690483207 6 4098 664.5 1105.7009 0.33333334 5.0 5.0 5.0 5.0 0.0 0.24400002 2 TOUCH_MOVE Back
1400690483225 6 4098 664.5 1105.4509 0.3 5.0 5.0 5.0 5.0 0.0 0.20400001 2 TOUCH_MOVE Back
1400690483233 6 4098 664.5 1105.4509 0.26666668 5.0 5.0 5.0 5.0 0.0 0.156 2 TOUCH_MOVE Back
1400690483237 6 4098 664.5 1105.4509 0.26666668 5.0 5.0 5.0 5.0 0.0 0.156 1 TOUCH_UP Back
1400690483306 6 4098 677.5 1103.4509 0.33333334 5.0 5.0 5.0 5.0 0.0 0.256 0 TOUCH_DOWN Back
1400690483323 6 4098 677.5 1103.4509 0.33333334 5.0 5.0 5.0 5.0 0.0 0.26000002 2 TOUCH_MOVE Back
1400690483339 6 4098 668.7161 1102.3083 0.33333334 5.0 5.0 5.0 5.0 0.0 0.256 2 TOUCH_MOVE Back
1400690483356 6 4098 655.09204 1099.8829 0.26666668 4.0 4.0 4.0 4.0 0.0 0.24000001 2 TOUCH_MOVE Back
1400690483374 6 4098 643.53296 1098.9542 0.26666668 4.0 4.0 4.0 4.0 0.0 0.24000001 2 TOUCH_MOVE Back
1400690483389 6 4098 636.15906 1100.3873 0.26666668 4.0 4.0 4.0 4.0 0.0 0.21200001 2 TOUCH_MOVE Back
1400690483406 6 4098 636.0 1100.4509 0.26666668 5.0 5.0 5.0 5.0 0.0 0.16800001 2 TOUCH_MOVE Back
1400690483410 6 4098 636.0 1100.4509 0.26666668 5.0 5.0 5.0 5.0 0.0 0.16800001 1 TOUCH_UP Back
1400690483597 6 4098 243.5 843.951 0.26666668 5.0 5.0 5.0 5.0 0.0 0.23600002 0 TOUCH_DOWN r
1400690483606 6 4098 243.5 843.951 0.33333334 6.0 6.0 6.0 6.0 0.0 0.24000001 2 TOUCH_MOVE r
1400690483628 6 4098 245.24765 843.5351 0.33333334 6.0 6.0 6.0 6.0 0.0 0.256 2 TOUCH_MOVE r
1400690483639 6 4098 247.7694 843.02783 0.33333334 6.0 6.0 6.0 6.0 0.0 0.26000002 2 TOUCH_MOVE r
1400690483658 6 4098 249.89076 842.451 0.33333334 6.0 6.0 6.0 6.0 0.0 0.256 2 TOUCH_MOVE r
1400690483678 6 4098 250.75 842.451 0.33333334 6.0 6.0 6.0 6.0 0.0 0.256 2 TOUCH_MOVE r
1400690483708 6 4098 247.81474 844.29364 0.26666668 5.0 5.0 5.0 5.0 0.0 0.23600002 2 TOUCH_MOVE r
1400690483723 6 4098 246.5 844.951 0.20000002 4.0 4.0 4.0 4.0 0.0 0.18 2 TOUCH_MOVE r
1400690483729 6 4098 246.5 844.951 0.20000002 4.0 4.0 4.0 4.0 0.0 0.18 1 TOUCH_UP r
1400690483796 6 4098 216.0 843.451 0.3 6.0 6.0 6.0 6.0 0.0 0.24000001 0 TOUCH_DOWN r
1400690483806 6 4098 216.0 843.451 0.33333334 6.0 6.0 6.0 6.0 0.0 0.24800001 2 TOUCH_MOVE r
1400690483826 6 4098 215.4729 843.4239 0.33333334 6.0 6.0 6.0 6.0 0.0 0.264 2 TOUCH_MOVE r
1400690483840 6 4098 214.50493 842.45593 0.33333334 6.0 6.0 6.0 6.0 0.0 0.264 2 TOUCH_MOVE r
1400690483856 6 4098 213.5403 841.4913 0.36666667 7.0 7.0 7.0 7.0 0.0 0.268 2 TOUCH_MOVE r
1400690483873 6 4098 212.75 840.701 0.36666667 7.0 7.0 7.0 7.0 0.0 0.272 2 TOUCH_MOVE r
1400690483890 6 4098 210.22821 839.951 0.36666667 7.0 7.0 7.0 7.0 0.0 0.27600002 2 TOUCH_MOVE r
1400690483907 6 4098 207.9421 839.451 0.36666667 7.0 7.0 7.0 7.0 0.0 0.268 2 TOUCH_MOVE r
1400690483923 6 4098 203.59285 840.40454 0.3 6.0 6.0 6.0 6.0 0.0 0.24400002 2 TOUCH_MOVE r
1400690483950 6 4098 201.5 841.451 0.13333334 2.0 2.0 2.0 2.0 0.0 0.128 2 TOUCH_MOVE r
1400690483953 6 4098 201.5 841.451 0.13333334 2.0 2.0 2.0 2.0 0.0 0.128 1 TOUCH_UP r
1400690484671 6 4098 686.0 1099.4509 0.26666668 4.0 4.0 4.0 4.0 0.0 0.24800001 0 TOUCH_DOWN Back
1400690484677 6 4098 686.0 1099.4509 0.26666668 4.0 4.0 4.0 4.0 0.0 0.252 2 TOUCH_MOVE Back
1400690484691 6 4098 685.4307 1100.0201 0.26666668 4.0 4.0 4.0 4.0 0.0 0.256 2 TOUCH_MOVE Back
1400690484707 6 4098 681.9902 1100.4509 0.26666668 4.0 4.0 4.0 4.0 0.0 0.252 2 TOUCH_MOVE Back
1400690484725 6 4098 679.77515 1100.9509 0.26666668 4.0 4.0 4.0 4.0 0.0 0.252 2 TOUCH_MOVE Back
1400690484740 6 4098 679.5 1102.0201 0.26666668 4.0 4.0 4.0 4.0 0.0 0.24000001 2 TOUCH_MOVE Back
1400690484757 6 4098 679.5 1102.4509 0.26666668 5.0 5.0 5.0 5.0 0.0 0.17600001 2 TOUCH_MOVE Back
1400690484769 6 4098 679.5 1102.4509 0.26666668 5.0 5.0 5.0 5.0 0.0 0.17600001 1 TOUCH_UP Back
1400690484908 6 4098 175.5 862.451 0.26666668 5.0 5.0 5.0 5.0 0.0 0.22800002 0 TOUCH_DOWN e
1400690484924 6 4098 175.5 862.451 0.26666668 5.0 5.0 5.0 5.0 0.0 0.23600002 2 TOUCH_MOVE e
1400690484991 6 4098 174.46768 862.451 0.3 6.0 6.0 6.0 6.0 0.0 0.252 2 TOUCH_MOVE e
1400690485007 6 4098 173.00644 862.451 0.3 6.0 6.0 6.0 6.0 0.0 0.24400002 2 TOUCH_MOVE e
1400690485026 6 4098 173.0 862.451 0.23333335 5.0 5.0 5.0 5.0 0.0 0.2 2 TOUCH_MOVE e
1400690485030 6 4098 173.0 862.451 0.23333335 5.0 5.0 5.0 5.0 0.0 0.2 1 TOUCH_UP e
1400690485271 6 4098 339.0 1225.4509 0.26666668 5.0 5.0 5.0 5.0 0.0 0.24400002 0 TOUCH_DOWN Space
1400690485310 6 4098 337.29654 1225.4509 0.26666668 5.0 5.0 5.0 5.0 0.0 0.252 2 TOUCH_MOVE Space
1400690485324 6 4098 336.25 1225.4509 0.26666668 5.0 5.0 5.0 5.0 0.0 0.252 2 TOUCH_MOVE Space
1400690485362 6 4098 337.93817 1226.6854 0.26666668 5.0 5.0 5.0 5.0 0.0 0.23200001 2 TOUCH_MOVE Space
1400690485376 6 4098 339.0 1226.9509 0.16666667 3.0 3.0 3.0 3.0 0.0 0.18800001 2 TOUCH_MOVE Space
1400690485396 6 4098 339.0 1226.9509 0.16666667 3.0 3.0 3.0 3.0 0.0 0.18800001 1 TOUCH_UP Space
1400690485672 6 4098 348.0 825.951 0.3 5.0 5.0 5.0 5.0 0.0 0.264 0 TOUCH_DOWN t
1400690485678 6 4098 348.0 825.951 0.33333334 5.0 5.0 5.0 5.0 0.0 0.268 2 TOUCH_MOVE t
1400690485726 6 4098 348.0 827.31537 0.33333334 5.0 5.0 5.0 5.0 0.0 0.268 2 TOUCH_MOVE t
1400690485741 6 4098 348.0 827.451 0.26666668 4.0 4.0 4.0 4.0 0.0 0.20400001 2 TOUCH_MOVE t
1400690485745 6 4098 348.0 827.451 0.26666668 4.0 4.0 4.0 4.0 0.0 0.20400001 1 TOUCH_UP t
1400690485872 6 4098 432.0 969.451 0.3 5.0 5.0 5.0 5.0 0.0 0.264 0 TOUCH_DOWN h
1400690485876 6 4098 432.0 969.451 0.33333334 5.0 5.0 5.0 5.0 0.0 0.26000002 2 TOUCH_MOVE h
1400690485908 6 4098 432.0 970.108 0.33333334 5.0 5.0 5.0 5.0 0.0 0.28 2 TOUCH_MOVE h
1400690485947 6 4098 432.99655 970.9475 0.33333334 5.0 5.0 5.0 5.0 0.0 0.284 2 TOUCH_MOVE h
1400690485959 6 4098 435.80048 971.4011 0.33333334 5.0 5.0 5.0 5.0 0.0 0.27600002 2 TOUCH_MOVE h
1400690485981 6 4098 436.0 971.451 0.3 5.0 5.0 5.0 5.0 0.0 0.24000001 2 TOUCH_MOVE h
1400690485984 6 4098 436.0 971.451 0.26666668 4.0 4.0 4.0 4.0 0.0 0.20400001 2 TOUCH_MOVE h
1400690485988 6 4098 436.0 971.451 0.26666668 4.0 4.0 4.0 4.0 0.0 0.20400001 1 TOUCH_UP h
1400690486027 6 4098 173.0 850.951 0.23333335 5.0 5.0 5.0 5.0 0.0 0.22000001 0 TOUCH_DOWN e
1400690486042 6 4098 173.0 850.951 0.23333335 5.0 5.0 5.0 5.0 0.0 0.22800002 2 TOUCH_MOVE e
1400690486075 6 4098 171.79019 849.74115 0.3 6.0 6.0 6.0 6.0 0.0 0.252 2 TOUCH_MOVE e
1400690486094 6 4098 171.18182 849.451 0.3 6.0 6.0 6.0 6.0 0.0 0.24800001 2 TOUCH_MOVE e
1400690486109 6 4098 170.35959 849.451 0.3 6.0 6.0 6.0 6.0 0.0 0.24800001 2 TOUCH_MOVE e
1400690486125 6 4098 167.72916 850.04126 0.3 6.0 6.0 6.0 6.0 0.0 0.23600002 2 TOUCH_MOVE e
1400690486142 6 4098 168.0 849.951 0.23333335 5.0 5.0 5.0 5.0 0.0 0.156 2 TOUCH_MOVE e
1400690486151 6 4098 168.0 849.951 0.23333335 5.0 5.0 5.0 5.0 0.0 0.156 1 TOUCH_UP e
1400690486311 6 4098 349.0 1212.4509 0.26666668 5.0 5.0 5.0 5.0 0.0 0.256 0 TOUCH_DOWN Space
1400690486358 6 4098 347.39758 1212.4509 0.3 5.0 5.0 5.0 5.0 0.0 0.268 2 TOUCH_MOVE Space
1400690486376 6 4098 346.5859 1212.4509 0.3 5.0 5.0 5.0 5.0 0.0 0.268 2 TOUCH_MOVE Space
1400690486392 6 4098 345.75 1212.4509 0.3 5.0 5.0 5.0 5.0 0.0 0.264 2 TOUCH_MOVE Space
1400690486430 6 4098 345.75 1212.4509 0.3 5.0 5.0 5.0 5.0 0.0 0.264 1 TOUCH_UP Space
1400690486885 6 4098 627.5 818.951 0.33333334 5.0 5.0 5.0 5.0 0.0 0.264 0 TOUCH_DOWN o
1400690486909 6 4098 626.1859 818.951 0.33333334 5.0 5.0 5.0 5.0 0.0 0.268 2 TOUCH_MOVE o
1400690486941 6 4098 624.7468 818.951 0.33333334 5.0 5.0 5.0 5.0 0.0 0.272 2 TOUCH_MOVE o
1400690486946 6 4098 623.75 818.951 0.33333334 5.0 5.0 5.0 5.0 0.0 0.27600002 2 TOUCH_MOVE o
1400690486977 6 4098 624.75 820.951 0.33333334 5.0 5.0 5.0 5.0 0.0 0.26000002 2 TOUCH_MOVE o
1400690486992 6 4098 625.5 822.951 0.26666668 4.0 4.0 4.0 4.0 0.0 0.192 2 TOUCH_MOVE o
1400690486998 6 4098 625.5 822.951 0.26666668 4.0 4.0 4.0 4.0 0.0 0.192 1 TOUCH_UP o
1400690487327 6 4098 516.0 1110.4509 0.33333334 5.0 5.0 5.0 5.0 0.0 0.272 0 TOUCH_DOWN n
1400690487331 6 4098 516.0 1110.4509 0.33333334 5.0 5.0 5.0 5.0 0.0 0.28 2 TOUCH_MOVE n
1400690487359 6 4098 514.5807 1109.9912 0.33333334 5.0 5.0 5.0 5.0 0.0 0.29200003 2 TOUCH_MOVE n
1400690487376 6 4098 512.15436 1109.0281 0.33333334 5.0 5.0 5.0 5.0 0.0 0.296 2 TOUCH_MOVE n
1400690487393 6 4098 510.63687 1108.4509 0.33333334 5.0 5.0 5.0 5.0 0.0 0.29200003 2 TOUCH_MOVE n
1400690487410 6 4098 510.25 1108.4509 0.33333334 5.0 5.0 5.0 5.0 0.0 0.28800002 2 TOUCH_MOVE n
1400690487436 6 4098 510.5 1108.4509 0.26666668 5.0 5.0 5.0 5.0 0.0 0.18400002 2 TOUCH_MOVE n
1400690487440 6 4098 510.5 1108.4509 0.26666668 5.0 5.0 5.0 5.0 0.0 0.18400002 1 TOUCH_UP n
1400690487799 6 4098 197.5 853.951 0.23333335 5.0 5.0 5.0 5.0 0.0 0.21200001 0 TOUCH_DOWN e
1400690487812 6 4098 197.5 853.951 0.23333335 5.0 5.0 5.0 5.0 0.0 0.216 2 TOUCH_MOVE e
1400690487845 6 4098 196.9026 853.951 0.26666668 6.0 6.0 6.0 6.0 0.0 0.22800002 2 TOUCH_MOVE e
1400690487860 6 4098 196.5 853.951 0.23333335 5.0 5.0 5.0 5.0 0.0 0.216 2 TOUCH_MOVE e
1400690487874 6 4098 196.5 853.951 0.23333335 5.0 5.0 5.0 5.0 0.0 0.192 2 TOUCH_MOVE e
1400690487878 6 4098 196.5 853.951 0.23333335 5.0 5.0 5.0 5.0 0.0 0.192 1 TOUCH_UP e
1400690488045 6 4098 159.5 951.951 0.3 5.0 5.0 5.0 5.0 0.0 0.22800002 0 TOUCH_DOWN s
1400690488063 6 4098 159.04332 951.951 0.3 5.0 5.0 5.0 5.0 0.0 0.23200001 2 TOUCH_MOVE s
1400690488077 6 4098 158.08089 951.03186 0.33333334 6.0 6.0 6.0 6.0 0.0 0.256 2 TOUCH_MOVE s
1400690488093 6 4098 157.11589 950.0669 0.36666667 7.0 7.0 7.0 7.0 0.0 0.256 2 TOUCH_MOVE s
1400690488110 6 4098 156.16058 949.1116 0.40000004 7.0 7.0 7.0 7.0 0.0 0.264 2 TOUCH_MOVE s
1400690488129 6 4098 155.19067 948.451 0.40000004 7.0 7.0 7.0 7.0 0.0 0.268 2 TOUCH_MOVE s
1400690488143 6 4098 154.2223 948.451 0.36666667 7.0 7.0 7.0 7.0 0.0 0.26000002 2 TOUCH_MOVE s
1400690488162 6 4098 153.25499 948.451 0.33333334 6.0 6.0 6.0 6.0 0.0 0.24000001 2 TOUCH_MOVE s
1400690488178 6 4098 153.0 948.451 0.33333334 6.0 6.0 6.0 6.0 0.0 0.224 2 TOUCH_MOVE s
1400690488180 6 4098 153.0 948.451 0.26666668 5.0 5.0 5.0 5.0 0.0 0.17600001 2 TOUCH_MOVE s
1400690488184 6 4098 153.0 948.451 0.26666668 5.0 5.0 5.0 5.0 0.0 0.17600001 1 TOUCH_UP s
1400690488442 6 4098 354.5 1224.9509 0.26666668 5.0 5.0 5.0 5.0 0.0 0.256 0 TOUCH_DOWN Space
1400690488446 6 4098 354.5 1224.9509 0.26666668 5.0 5.0 5.0 5.0 0.0 0.26000002 2 TOUCH_MOVE Space
1400690488477 6 4098 351.8852 1222.336 0.26666668 5.0 5.0 5.0 5.0 0.0 0.268 2 TOUCH_MOVE Space
1400690488494 6 4098 350.4697 1220.9207 0.26666668 5.0 5.0 5.0 5.0 0.0 0.268 2 TOUCH_MOVE Space
1400690488511 6 4098 350.0 1219.9559 0.26666668 5.0 5.0 5.0 5.0 0.0 0.268 2 TOUCH_MOVE Space
1400690488527 6 4098 350.47818 1219.9509 0.26666668 5.0 5.0 5.0 5.0 0.0 0.268 2 TOUCH_MOVE Space
1400690488544 6 4098 351.5 1219.9509 0.23333335 4.0 4.0 4.0 4.0 0.0 0.24400002 2 TOUCH_MOVE Space
1400690488552 6 4098 351.5 1219.9509 0.23333335 4.0 4.0 4.0 4.0 0.0 0.21200001 2 TOUCH_MOVE Space
1400690488555 6 4098 351.5 1219.9509 0.23333335 4.0 4.0 4.0 4.0 0.0 0.21200001 1 TOUCH_UP Space
1400690489038 6 4098 101.0 856.451 0.23333335 5.0 5.0 5.0 5.0 0.0 0.21200001 0 TOUCH_DOWN w
1400690489075 6 4098 101.35695 856.09406 0.23333335 5.0 5.0 5.0 5.0 0.0 0.22000001 2 TOUCH_MOVE w
1400690489123 6 4098 103.704056 855.451 0.26666668 6.0 6.0 6.0 6.0 0.0 0.24000001 2 TOUCH_MOVE w
1400690489143 6 4098 104.67051 855.451 0.26666668 6.0 6.0 6.0 6.0 0.0 0.24000001 2 TOUCH_MOVE w
1400690489161 6 4098 105.0 855.451 0.23333335 5.0 5.0 5.0 5.0 0.0 0.20400001 2 TOUCH_MOVE w
1400690489178 6 4098 104.0 855.951 0.16666667 3.0 3.0 3.0 3.0 0.0 0.104 2 TOUCH_MOVE w
1400690489187 6 4098 104.0 855.951 0.16666667 3.0 3.0 3.0 3.0 0.0 0.104 1 TOUCH_UP w
1400690489435 6 4098 443.5 965.951 0.33333334 5.0 5.0 5.0 5.0 0.0 0.28 0 TOUCH_DOWN h
1400690489445 6 4098 443.5 965.951 0.33333334 5.0 5.0 5.0 5.0 0.0 0.284 2 TOUCH_MOVE h
1400690489464 6 4098 442.54047 965.951 0.33333334 5.0 5.0 5.0 5.0 0.0 0.284 2 TOUCH_MOVE h
1400690489480 6 4098 441.75 965.951 0.33333334 5.0 5.0 5.0 5.0 0.0 0.29200003 2 TOUCH_MOVE h
1400690489495 6 4098 441.25 965.951 0.33333334 5.0 5.0 5.0 5.0 0.0 0.28800002 2 TOUCH_MOVE h
1400690489511 6 4098 441.5 965.951 0.33333334 5.0 5.0 5.0 5.0 0.0 0.256 2 TOUCH_MOVE h
1400690489528 6 4098 441.5 965.951 0.13333334 2.0 2.0 2.0 2.0 0.0 0.128 2 TOUCH_MOVE h
1400690489533 6 4098 441.5 965.951 0.13333334 2.0 2.0 2.0 2.0 0.0 0.128 1 TOUCH_UP h
1400690489689 6 4098 613.0 817.451 0.3 5.0 5.0 5.0 5.0 0.0 0.256 0 TOUCH_DOWN o
1400690489695 6 4098 613.0 817.451 0.3 5.0 5.0 5.0 5.0 0.0 0.268 2 TOUCH_MOVE o
1400690489730 6 4098 611.6163 818.8347 0.33333334 5.0 5.0 5.0 5.0 0.0 0.28 2 TOUCH_MOVE o
1400690489745 6 4098 610.6463 819.8047 0.33333334 5.0 5.0 5.0 5.0 0.0 0.272 2 TOUCH_MOVE o
1400690489762 6 4098 609.3633 823.6794 0.33333334 5.0 5.0 5.0 5.0 0.0 0.24000001 2 TOUCH_MOVE o
1400690489780 6 4098 609.0 824.951 0.33333334 5.0 5.0 5.0 5.0 0.0 0.20400001 2 TOUCH_MOVE o
1400690489783 6 4098 609.0 824.951 0.33333334 5.0 5.0 5.0 5.0 0.0 0.20400001 1 TOUCH_UP o
1400690490088 6 4098 369.0 1224.4509 0.26666668 5.0 5.0 5.0 5.0 0.0 0.252 0 TOUCH_DOWN Space
1400690490095 6 4098 369.0 1224.4509 0.26666668 5.0 5.0 5.0 5.0 0.0 0.256 2 TOUCH_MOVE Space
1400690490117 6 4098 368.37173 1224.3868 0.26666668 5.0 5.0 5.0 5.0 0.0 0.264 2 TOUCH_MOVE Space
1400690490130 6 4098 365.92007 1222.8977 0.26666668 5.0 5.0 5.0 5.0 0.0 0.268 2 TOUCH_MOVE Space
1400690490145 6 4098 364.12448 1222.0132 0.26666668 5.0 5.0 5.0 5.0 0.0 0.268 2 TOUCH_MOVE Space
1400690490163 6 4098 363.5 1220.9961 0.26666668 5.0 5.0 5.0 5.0 0.0 0.268 2 TOUCH_MOVE Space
1400690490181 6 4098 365.6796 1220.031 0.26666668 5.0 5.0 5.0 5.0 0.0 0.26000002 2 TOUCH_MOVE Space
1400690490195 6 4098 366.0 1219.9509 0.26666668 5.0 5.0 5.0 5.0 0.0 0.216 2 TOUCH_MOVE Space
1400690490213 6 4098 366.0 1219.9509 0.26666668 5.0 5.0 5.0 5.0 0.0 0.216 1 TOUCH_UP Space
1400690490395 6 4098 616.5 1112.9509 0.33333334 5.0 5.0 5.0 5.0 0.0 0.268 0 TOUCH_DOWN Back
1400690490416 6 4098 616.0693 1113.3817 0.33333334 5.0 5.0 5.0 5.0 0.0 0.27600002 2 TOUCH_MOVE Back
1400690490429 6 4098 613.84766 1114.3351 0.33333334 5.0 5.0 5.0 5.0 0.0 0.29200003 2 TOUCH_MOVE Back
1400690490447 6 4098 611.0222 1115.6028 0.33333334 5.0 5.0 5.0 5.0 0.0 0.28800002 2 TOUCH_MOVE Back
1400690490465 6 4098 608.8744 1117.0765 0.33333334 5.0 5.0 5.0 5.0 0.0 0.284 2 TOUCH_MOVE Back
1400690490479 6 4098 607.7229 1119.0051 0.33333334 5.0 5.0 5.0 5.0 0.0 0.268 2 TOUCH_MOVE Back
1400690490497 6 4098 606.00824 1121.6886 0.3 5.0 5.0 5.0 5.0 0.0 0.18800001 2 TOUCH_MOVE Back
1400690490503 6 4098 606.00824 1121.6886 0.3 5.0 5.0 5.0 5.0 0.0 0.18800001 1 TOUCH_UP Back
1400690490613 6 4098 46.5 987.451 0.23333335 4.0 4.0 4.0 4.0 0.0 0.20400001 0 TOUCH_DOWN a
1400690490629 6 4098 46.5 987.451 0.23333335 4.0 4.0 4.0 4.0 0.0 0.21200001 2 TOUCH_MOVE a
1400690490646 6 4098 46.92582 988.37683 0.26666668 5.0 5.0 5.0 5.0 0.0 0.22000001 2 TOUCH_MOVE a
1400690490665 6 4098 47.873592 989.3246 0.26666668 5.0 5.0 5.0 5.0 0.0 0.22000001 2 TOUCH_MOVE a
1400690490679 6 4098 48.852623 990.3036 0.26666668 5.0 5.0 5.0 5.0 0.0 0.22000001 2 TOUCH_MOVE a
1400690490696 6 4098 49.0 991.2687 0.26666668 5.0 5.0 5.0 5.0 0.0 0.216 2 TOUCH_MOVE a
1400690490713 6 4098 48.716213 992.2348 0.26666668 5.0 5.0 5.0 5.0 0.0 0.216 2 TOUCH_MOVE a
1400690490743 6 4098 48.075813 992.8752 0.26666668 5.0 5.0 5.0 5.0 0.0 0.21200001 2 TOUCH_MOVE a
1400690490750 6 4098 43.507645 993.951 0.26666668 5.0 5.0 5.0 5.0 0.0 0.2 2 TOUCH_MOVE a
1400690490763 6 4098 37.938175 993.951 0.23333335 4.0 4.0 4.0 4.0 0.0 0.172 2 TOUCH_MOVE a
1400690490773 6 4098 37.938175 993.951 0.23333335 4.0 4.0 4.0 4.0 0.0 0.172 1 TOUCH_UP a
1400690491373 6 4098 710.5 1101.9509 0.3 5.0 5.0 5.0 5.0 0.0 0.26000002 0 TOUCH_DOWN Back
1400690491380 6 4098 710.5 1101.9509 0.3 5.0 5.0 5.0 5.0 0.0 0.264 2 TOUCH_MOVE Back
1400690491406 6 4098 709.3932 1101.9509 0.3 5.0 5.0 5.0 5.0 0.0 0.26000002 2 TOUCH_MOVE Back
1400690491415 6 4098 706.9466 1102.2277 0.3 5.0 5.0 5.0 5.0 0.0 0.26000002 2 TOUCH_MOVE Back
1400690491431 6 4098 706.5 1102.9509 0.3 5.0 5.0 5.0 5.0 0.0 0.23600002 2 TOUCH_MOVE Back
1400690491442 6 4098 706.5 1102.9509 0.26666668 5.0 5.0 5.0 5.0 0.0 0.19600001 2 TOUCH_MOVE Back
1400690491446 6 4098 706.5 1102.9509 0.26666668 5.0 5.0 5.0 5.0 0.0 0.19600001 1 TOUCH_UP Back
1400690492103 6 4098 345.0 1218.4509 0.26666668 5.0 5.0 5.0 5.0 0.0 0.256 0 TOUCH_DOWN Space
1400690492115 6 4098 345.0 1218.4509 0.26666668 5.0 5.0 5.0 5.0 0.0 0.26000002 2 TOUCH_MOVE Space
1400690492132 6 4098 343.28104 1218.2113 0.26666668 5.0 5.0 5.0 5.0 0.0 0.268 2 TOUCH_MOVE Space
1400690492147 6 4098 341.1288 1217.2654 0.26666668 5.0 5.0 5.0 5.0 0.0 0.272 2 TOUCH_MOVE Space
1400690492164 6 4098 339.82336 1216.9509 0.26666668 5.0 5.0 5.0 5.0 0.0 0.272 2 TOUCH_MOVE Space
1400690492198 6 4098 340.0 1216.9509 0.16666667 3.0 3.0 3.0 3.0 0.0 0.116000004 2 TOUCH_MOVE Space
1400690492205 6 4098 340.0 1216.9509 0.16666667 3.0 3.0 3.0 3.0 0.0 0.116000004 1 TOUCH_UP Space
1400690492463 6 4098 584.5 1103.4509 0.33333334 5.0 5.0 5.0 5.0 0.0 0.272 0 TOUCH_DOWN m
1400690492490 6 4098 582.5044 1103.4509 0.3 5.0 5.0 5.0 5.0 0.0 0.268 2 TOUCH_MOVE m
1400690492499 6 4098 576.3058 1103.4509 0.33333334 5.0 5.0 5.0 5.0 0.0 0.264 2 TOUCH_MOVE m
1400690492514 6 4098 571.8167 1103.4509 0.33333334 5.0 5.0 5.0 5.0 0.0 0.264 2 TOUCH_MOVE m
1400690492531 6 4098 570.1293 1103.4509 0.33333334 5.0 5.0 5.0 5.0 0.0 0.264 2 TOUCH_MOVE m
1400690492548 6 4098 569.5 1103.9509 0.3 5.0 5.0 5.0 5.0 0.0 0.24800001 2 TOUCH_MOVE m
1400690492558 6 4098 569.5 1103.9509 0.3 5.0 5.0 5.0 5.0 0.0 0.2 2 TOUCH_MOVE m
1400690492562 6 4098 569.5 1103.9509 0.3 5.0 5.0 5.0 5.0 0.0 0.2 1 TOUCH_UP m
1400690492895 6 4098 53.0 983.951 0.23333335 4.0 4.0 4.0 4.0 0.0 0.21200001 0 TOUCH_DOWN a
1400690492898 6 4098 53.0 983.951 0.23333335 4.0 4.0 4.0 4.0 0.0 0.216 2 TOUCH_MOVE a
1400690492932 6 4098 54.026596 983.951 0.23333335 4.0 4.0 4.0 4.0 0.0 0.224 2 TOUCH_MOVE a
1400690492960 6 4098 54.995007 983.951 0.23333335 4.0 4.0 4.0 4.0 0.0 0.224 2 TOUCH_MOVE a
1400690492965 6 4098 55.25 983.951 0.23333335 4.0 4.0 4.0 4.0 0.0 0.22800002 2 TOUCH_MOVE a
1400690493006 6 4098 55.0 983.951 0.23333335 4.0 4.0 4.0 4.0 0.0 0.18800001 2 TOUCH_MOVE a
1400690493011 6 4098 55.0 983.951 0.23333335 4.0 4.0 4.0 4.0 0.0 0.18800001 1 TOUCH_UP a
1400690493082 6 4098 580.0 966.451 0.26666668 4.0 4.0 4.0 4.0 0.0 0.256 0 TOUCH_DOWN k
1400690493098 6 4098 580.0 966.451 0.26666668 4.0 4.0 4.0 4.0 0.0 0.26000002 2 TOUCH_MOVE k
1400690493131 6 4098 579.482 966.451 0.26666668 4.0 4.0 4.0 4.0 0.0 0.256 2 TOUCH_MOVE k
1400690493148 6 4098 579.5 966.451 0.26666668 4.0 4.0 4.0 4.0 0.0 0.224 2 TOUCH_MOVE k
1400690493165 6 4098 579.5 966.451 0.26666668 4.0 4.0 4.0 4.0 0.0 0.224 1 TOUCH_UP k
1400690493405 6 4098 177.0 847.451 0.26666668 5.0 5.0 5.0 5.0 0.0 0.22800002 0 TOUCH_DOWN e
1400690493415 6 4098 177.0 847.451 0.3 6.0 6.0 6.0 6.0 0.0 0.24000001 2 TOUCH_MOVE e
1400690493432 6 4098 177.0 846.04285 0.33333334 6.0 6.0 6.0 6.0 0.0 0.24800001 2 TOUCH_MOVE e
1400690493449 6 4098 177.0 844.5334 0.33333334 6.0 6.0 6.0 6.0 0.0 0.252 2 TOUCH_MOVE e
1400690493466 6 4098 177.0 843.56726 0.33333334 6.0 6.0 6.0 6.0 0.0 0.252 2 TOUCH_MOVE e
1400690493482 6 4098 176.5 843.451 0.3 6.0 6.0 6.0 6.0 0.0 0.23600002 2 TOUCH_MOVE e
1400690493498 6 4098 176.5 843.451 0.26666668 5.0 5.0 5.0 5.0 0.0 0.2 2 TOUCH_MOVE e
1400690493504 6 4098 176.5 843.451 0.26666668 5.0 5.0 5.0 5.0 0.0 0.2 1 TOUCH_UP e
1400690493667 6 4098 319.0 1229.4509 0.26666668 5.0 5.0 5.0 5.0 0.0 0.224 0 TOUCH_DOWN Space
1400690493684 6 4098 318.54205 1229.4509 0.26666668 5.0 5.0 5.0 5.0 0.0 0.23200001 2 TOUCH_MOVE Space
1400690493699 6 4098 317.64258 1229.4509 0.26666668 5.0 5.0 5.0 5.0 0.0 0.23600002 2 TOUCH_MOVE Space
1400690493715 6 4098 316.75 1229.4509 0.26666668 5.0 5.0 5.0 5.0 0.0 0.24000001 2 TOUCH_MOVE Space
1400690493761 6 4098 317.0 1229.4509 0.26666668 5.0 5.0 5.0 5.0 0.0 0.17600001 2 TOUCH_MOVE Space
1400690493766 6 4098 317.0 1229.4509 0.26666668 5.0 5.0 5.0 5.0 0.0 0.17600001 1 TOUCH_UP Space
1400690494204 6 4098 43.5 955.451 0.23333335 4.0 4.0 4.0 4.0 0.0 0.19600001 0 TOUCH_DOWN a
1400690494219 6 4098 43.5 955.451 0.23333335 4.0 4.0 4.0 4.0 0.0 0.2 2 TOUCH_MOVE a
1400690494251 6 4098 43.5 954.62085 0.23333335 4.0 4.0 4.0 4.0 0.0 0.21200001 2 TOUCH_MOVE a
1400690494266 6 4098 44.189903 953.7611 0.23333335 4.0 4.0 4.0 4.0 0.0 0.216 2 TOUCH_MOVE a
1400690494320 6 4098 44.189903 953.7611 0.23333335 4.0 4.0 4.0 4.0 0.0 0.216 1 TOUCH_UP a
1400690494481 6 4098 315.0 1211.4509 0.26666668 5.0 5.0 5.0 5.0 0.0 0.26000002 0 TOUCH_DOWN Space
1400690494486 6 4098 315.0 1211.4509 0.3 5.0 5.0 5.0 5.0 0.0 0.264 2 TOUCH_MOVE Space
1400690494516 6 4098 310.6267 1210.3265 0.3 5.0 5.0 5.0 5.0 0.0 0.264 2 TOUCH_MOVE Space
1400690494534 6 4098 308.0937 1209.3156 0.3 5.0 5.0 5.0 5.0 0.0 0.264 2 TOUCH_MOVE Space
1400690494550 6 4098 307.4396 1209.4509 0.3 5.0 5.0 5.0 5.0 0.0 0.268 2 TOUCH_MOVE Space
1400690494566 6 4098 306.75 1209.4509 0.3 5.0 5.0 5.0 5.0 0.0 0.264 2 TOUCH_MOVE Space
1400690494591 6 4098 307.0 1209.4509 0.23333335 4.0 4.0 4.0 4.0 0.0 0.20400001 2 TOUCH_MOVE Space
1400690494596 6 4098 307.0 1209.4509 0.23333335 4.0 4.0 4.0 4.0 0.0 0.20400001 1 TOUCH_UP Space
1400690494928 6 4098 431.5 1108.9509 0.33333334 5.0 5.0 5.0 5.0 0.0 0.272 0 TOUCH_DOWN b
1400690494963 6 4098 430.39792 1108.7502 0.33333334 5.0 5.0 5.0 5.0 0.0 0.26000002 2 TOUCH_MOVE b
1400690494978 6 4098 428.21045 1107.8062 0.33333334 5.0 5.0 5.0 5.0 0.0 0.26000002 2 TOUCH_MOVE b
1400690494983 6 4098 426.2405 1107.4509 0.33333334 5.0 5.0 5.0 5.0 0.0 0.26000002 2 TOUCH_MOVE b
1400690495000 6 4098 426.5 1107.4509 0.26666668 4.0 4.0 4.0 4.0 0.0 0.22800002 2 TOUCH_MOVE b
1400690495013 6 4098 426.5 1107.4509 0.26666668 5.0 5.0 5.0 5.0 0.0 0.18 2 TOUCH_MOVE b
1400690495019 6 4098 426.5 1107.4509 0.26666668 5.0 5.0 5.0 5.0 0.0 0.18 1 TOUCH_UP b
1400690495443 6 4098 273.5 844.951 0.33333334 5.0 5.0 5.0 5.0 0.0 0.272 0 TOUCH_DOWN r
1400690495450 6 4098 273.5 844.951 0.33333334 5.0 5.0 5.0 5.0 0.0 0.27600002 2 TOUCH_MOVE r
1400690495484 6 4098 272.84866 844.951 0.33333334 5.0 5.0 5.0 5.0 0.0 0.28 2 TOUCH_MOVE r
1400690495501 6 4098 273.0 844.951 0.33333334 5.0 5.0 5.0 5.0 0.0 0.252 2 TOUCH_MOVE r
1400690495515 6 4098 273.0 844.951 0.3 5.0 5.0 5.0 5.0 0.0 0.216 2 TOUCH_MOVE r
1400690495520 6 4098 273.0 844.951 0.3 5.0 5.0 5.0 5.0 0.0 0.216 1 TOUCH_UP r
1400690495826 6 4098 566.5 812.451 0.33333334 5.0 5.0 5.0 5.0 0.0 0.264 0 TOUCH_DOWN i
1400690495845 6 4098 566.097 812.451 0.33333334 5.0 5.0 5.0 5.0 0.0 0.268 2 TOUCH_MOVE i
1400690495851 6 4098 563.7742 812.451 0.33333334 5.0 5.0 5.0 5.0 0.0 0.28 2 TOUCH_MOVE i
1400690495868 6 4098 561.5259 812.68805 0.33333334 5.0 5.0 5.0 5.0 0.0 0.27600002 2 TOUCH_MOVE i
1400690495896 6 4098 560.0 814.451 0.3 5.0 5.0 5.0 5.0 0.0 0.22000001 2 TOUCH_MOVE i
1400690495904 6 4098 560.0 814.451 0.3 5.0 5.0 5.0 5.0 0.0 0.22000001 1 TOUCH_UP i
1400690496902 6 4098 372.5 974.951 0.26666668 4.0 4.0 4.0 4.0 0.0 0.256 0 TOUCH_DOWN g
1400690496938 6 4098 371.55084 974.50183 0.33333334 5.0 5.0 5.0 5.0 0.0 0.268 2 TOUCH_MOVE g
1400690496952 6 4098 371.25 974.201 0.33333334 5.0 5.0 5.0 5.0 0.0 0.268 2 TOUCH_MOVE g
1400690496977 6 4098 371.5 974.451 0.26666668 4.0 4.0 4.0 4.0 0.0 0.18800001 2 TOUCH_MOVE g
1400690496980 6 4098 371.5 974.451 0.26666668 4.0 4.0 4.0 4.0 0.0 0.18800001 1 TOUCH_UP g
1400690497078 6 4098 427.5 971.951 0.3 5.0 5.0 5.0 5.0 0.0 0.24800001 0 TOUCH_DOWN h
1400690497085 6 4098 427.5 971.951 0.26666668 4.0 4.0 4.0 4.0 0.0 0.252 2 TOUCH_MOVE h
1400690497163 6 4098 427.5 971.951 0.26666668 5.0 5.0 5.0 5.0 0.0 0.17600001 2 TOUCH_MOVE h
1400690497168 6 4098 427.5 971.951 0.26666668 5.0 5.0 5.0 5.0 0.0 0.17600001 1 TOUCH_UP h
1400690497494 6 4098 358.5 830.951 0.3 5.0 5.0 5.0 5.0 0.0 0.264 0 TOUCH_DOWN t
1400690497513 6 4098 356.77313 830.951 0.3 5.0 5.0 5.0 5.0 0.0 0.264 2 TOUCH_MOVE t
1400690497559 6 4098 350.5 828.951 0.3 5.0 5.0 5.0 5.0 0.0 0.18400002 2 TOUCH_MOVE t
1400690497566 6 4098 350.5 828.951 0.3 5.0 5.0 5.0 5.0 0.0 0.18400002 1 TOUCH_UP t
1400690497771 6 4098 174.0 828.451 0.3 5.0 5.0 5.0 5.0 0.0 0.252 0 TOUCH_DOWN e
1400690497795 6 4098 173.6413 828.451 0.3 5.0 5.0 5.0 5.0 0.0 0.256 2 TOUCH_MOVE e
1400690497838 6 4098 173.5 827.951 0.3 5.0 5.0 5.0 5.0 0.0 0.24000001 2 TOUCH_MOVE e
1400690497860 6 4098 173.5 827.951 0.23333335 5.0 5.0 5.0 5.0 0.0 0.18 2 TOUCH_MOVE e
1400690497866 6 4098 173.5 827.951 0.23333335 5.0 5.0 5.0 5.0 0.0 0.18 1 TOUCH_UP e
1400690497951 6 4098 267.5 818.951 0.33333334 5.0 5.0 5.0 5.0 0.0 0.256 0 TOUCH_DOWN r
1400690497986 6 4098 267.5 818.951 0.33333334 5.0 5.0 5.0 5.0 0.0 0.27600002 2 TOUCH_MOVE r
1400690498003 6 4098 266.43347 818.951 0.33333334 5.0 5.0 5.0 5.0 0.0 0.27600002 2 TOUCH_MOVE r
1400690498036 6 4098 266.5 818.951 0.3 5.0 5.0 5.0 5.0 0.0 0.216 2 TOUCH_MOVE r
1400690498043 6 4098 266.5 818.951 0.3 5.0 5.0 5.0 5.0 0.0 0.216 1 TOUCH_UP r
1400690498449 6 4098 395.0 1231.9509 0.26666668 5.0 5.0 5.0 5.0 0.0 0.23600002 0 TOUCH_DOWN ,
1400690498453 6 4098 395.0 1231.9509 0.26666668 5.0 5.0 5.0 5.0 0.0 0.24000001 2 TOUCH_MOVE ,
1400690498488 6 4098 390.50732 1229.7046 0.26666668 5.0 5.0 5.0 5.0 0.0 0.24000001 2 TOUCH_MOVE ,
1400690498503 6 4098 385.48364 1228.3477 0.26666668 5.0 5.0 5.0 5.0 0.0 0.24000001 2 TOUCH_MOVE ,
1400690498526 6 4098 382.3735 1227.4509 0.26666668 5.0 5.0 5.0 5.0 0.0 0.24000001 2 TOUCH_MOVE ,
1400690498537 6 4098 380.98044 1227.4509 0.26666668 5.0 5.0 5.0 5.0 0.0 0.24000001 2 TOUCH_MOVE ,
1400690498570 6 4098 381.0 1227.4509 0.23333335 5.0 5.0 5.0 5.0 0.0 0.216 2 TOUCH_MOVE ,
1400690498577 6 4098 381.0 1227.4509 0.23333335 5.0 5.0 5.0 5.0 0.0 0.192 2 TOUCH_MOVE ,
1400690498584 6 4098 381.0 1227.4509 0.23333335 5.0 5.0 5.0 5.0 0.0 0.192 1 TOUCH_UP ,
1400690498715 6 4098 222.0 974.451 0.26666668 5.0 5.0 5.0 5.0 0.0 0.22000001 0 TOUCH_DOWN d
1400690498722 6 4098 222.0 974.451 0.26666668 5.0 5.0 5.0 5.0 0.0 0.224 2 TOUCH_MOVE d
1400690498771 6 4098 221.49612 974.451 0.26666668 5.0 5.0 5.0 5.0 0.0 0.23600002 2 TOUCH_MOVE d
1400690498787 6 4098 217.57245 975.4389 0.3 6.0 6.0 6.0 6.0 0.0 0.24000001 2 TOUCH_MOVE d
1400690498803 6 4098 213.5 976.451 0.26666668 5.0 5.0 5.0 5.0 0.0 0.22800002 2 TOUCH_MOVE d
1400690498811 6 4098 213.5 976.451 0.26666668 5.0 5.0 5.0 5.0 0.0 0.192 2 TOUCH_MOVE d
1400690498814 6 4098 213.5 976.451 0.26666668 5.0 5.0 5.0 5.0 0.0 0.192 1 TOUCH_UP d
1400690498957 6 4098 76.0 979.451 0.3 5.0 5.0 5.0 5.0 0.0 0.224 0 TOUCH_DOWN a
1400690498980 6 4098 76.0 979.451 0.3 5.0 5.0 5.0 5.0 0.0 0.23600002 2 TOUCH_MOVE a
1400690499075 6 4098 74.159584 979.451 0.3 5.0 5.0 5.0 5.0 0.0 0.24800001 2 TOUCH_MOVE a
1400690499087 6 4098 71.97109 979.951 0.3 5.0 5.0 5.0 5.0 0.0 0.24400002 2 TOUCH_MOVE a
1400690499105 6 4098 57.93931 978.21735 0.20000002 3.0 3.0 3.0 3.0 0.0 0.21200001 2 TOUCH_MOVE a
1400690499113 6 4098 52.0 977.451 0.16666667 3.0 3.0 3.0 3.0 0.0 0.16800001 2 TOUCH_MOVE a
1400690499118 6 4098 52.0 977.451 0.16666667 3.0 3.0 3.0 3.0 0.0 0.16800001 1 TOUCH_UP a
1400690499201 6 4098 396.5 809.951 0.33333334 5.0 5.0 5.0 5.0 0.0 0.264 0 TOUCH_DOWN y
1400690499206 6 4098 396.5 809.951 0.33333334 5.0 5.0 5.0 5.0 0.0 0.268 2 TOUCH_MOVE y
1400690499238 6 4098 394.97647 809.951 0.33333334 5.0 5.0 5.0 5.0 0.0 0.268 2 TOUCH_MOVE y
1400690499261 6 4098 394.03503 810.41595 0.33333334 5.0 5.0 5.0 5.0 0.0 0.26000002 2 TOUCH_MOVE y
1400690499270 6 4098 393.0 811.451 0.3 5.0 5.0 5.0 5.0 0.0 0.18400002 2 TOUCH_MOVE y
1400690499274 6 4098 393.0 811.451 0.3 5.0 5.0 5.0 5.0 0.0 0.18400002 1 TOUCH_UP y
1400690499913 6 4098 687.5 1111.9509 0.3 5.0 5.0 5.0 5.0 0.0 0.26000002 0 TOUCH_DOWN Back
1400690499921 6 4098 686.955 1111.9509 0.33333334 5.0 5.0 5.0 5.0 0.0 0.256 2 TOUCH_MOVE Back
1400690499942 6 4098 679.3749 1111.4926 0.33333334 5.0 5.0 5.0 5.0 0.0 0.252 2 TOUCH_MOVE Back
1400690499954 6 4098 673.5514 1110.4612 0.33333334 5.0 5.0 5.0 5.0 0.0 0.252 2 TOUCH_MOVE Back
1400690499972 6 4098 672.0474 1110.9036 0.33333334 5.0 5.0 5.0 5.0 0.0 0.24400002 2 TOUCH_MOVE Back
1400690499987 6 4098 671.5 1113.9509 0.26666668 5.0 5.0 5.0 5.0 0.0 0.17600001 2 TOUCH_MOVE Back
1400690499991 6 4098 671.5 1113.9509 0.26666668 5.0 5.0 5.0 5.0 0.0 0.17600001 1 TOUCH_UP Back
1400690500116 6 4098 657.5 1106.4509 0.33333334 5.0 5.0 5.0 5.0 0.0 0.256 0 TOUCH_DOWN Back
1400690500122 6 4098 657.5 1106.4509 0.33333334 5.0 5.0 5.0 5.0 0.0 0.26000002 2 TOUCH_MOVE Back
1400690500159 6 4098 645.6374 1104.3992 0.26666668 4.0 4.0 4.0 4.0 0.0 0.24000001 2 TOUCH_MOVE Back
1400690500174 6 4098 639.3592 1104.4744 0.3 5.0 5.0 5.0 5.0 0.0 0.20400001 2 TOUCH_MOVE Back
1400690500186 6 4098 638.5 1105.4509 0.23333335 5.0 5.0 5.0 5.0 0.0 0.164 2 TOUCH_MOVE Back
1400690500192 6 4098 638.5 1105.4509 0.23333335 5.0 5.0 5.0 5.0 0.0 0.164 1 TOUCH_UP Back
1400690500264 6 4098 652.0 1102.9509 0.3 5.0 5.0 5.0 5.0 0.0 0.256 0 TOUCH_DOWN Back
1400690500273 6 4098 652.0 1102.9509 0.33333334 5.0 5.0 5.0 5.0 0.0 0.26000002 2 TOUCH_MOVE Back
1400690500288 6 4098 650.71075 1102.9509 0.3 5.0 5.0 5.0 5.0 0.0 0.264 2 TOUCH_MOVE Back
1400690500305 6 4098 646.3236 1102.7157 0.3 5.0 5.0 5.0 5.0 0.0 0.264 2 TOUCH_MOVE Back
1400690500325 6 4098 642.914 1102.6462 0.3 5.0 5.0 5.0 5.0 0.0 0.264 2 TOUCH_MOVE Back
1400690500338 6 4098 640.00256 1104.2826 0.3 5.0 5.0 5.0 5.0 0.0 0.224 2 TOUCH_MOVE Back
1400690500352 6 4098 639.5 1104.4509 0.23333335 5.0 5.0 5.0 5.0 0.0 0.16800001 2 TOUCH_MOVE Back
1400690500356 6 4098 639.5 1104.4509 0.23333335 5.0 5.0 5.0 5.0 0.0 0.16800001 1 TOUCH_UP Back
1400690500466 6 4098 650.5 1113.4509 0.33333334 5.0 5.0 5.0 5.0 0.0 0.264 0 TOUCH_DOWN Back
1400690500489 6 4098 648.6391 1112.2705 0.3 5.0 5.0 5.0 5.0 0.0 0.268 2 TOUCH_MOVE Back
1400690500505 6 4098 644.5768 1110.6432 0.3 5.0 5.0 5.0 5.0 0.0 0.264 2 TOUCH_MOVE Back
1400690500524 6 4098 642.23456 1109.9509 0.3 5.0 5.0 5.0 5.0 0.0 0.256 2 TOUCH_MOVE Back
1400690500540 6 4098 641.25 1110.7009 0.23333335 5.0 5.0 5.0 5.0 0.0 0.17600001 2 TOUCH_MOVE Back
1400690500547 6 4098 641.25 1110.7009 0.23333335 5.0 5.0 5.0 5.0 0.0 0.17600001 1 TOUCH_UP Back
1400690501028 6 4098 353.0 1219.4509 0.26666668 5.0 5.0 5.0 5.0 0.0 0.26000002 0 TOUCH_DOWN Space
1400690501041 6 4098 352.00977 1219.4509 0.26666668 5.0 5.0 5.0 5.0 0.0 0.268 2 TOUCH_MOVE Space
1400690501059 6 4098 348.31104 1218.7213 0.26666668 5.0 5.0 5.0 5.0 0.0 0.27600002 2 TOUCH_MOVE Space
1400690501072 6 4098 343.00446 1217.3518 0.26666668 5.0 5.0 5.0 5.0 0.0 0.27600002 2 TOUCH_MOVE Space
1400690501090 6 4098 340.88623 1216.394 0.3 5.0 5.0 5.0 5.0 0.0 0.28 2 TOUCH_MOVE Space
1400690501107 6 4098 339.9802 1216.4509 0.3 5.0 5.0 5.0 5.0 0.0 0.28 2 TOUCH_MOVE Space
1400690501140 6 4098 346.60126 1216.9011 0.3 5.0 5.0 5.0 5.0 0.0 0.264 2 TOUCH_MOVE Space
1400690501155 6 4098 347.0 1216.9509 0.23333335 4.0 4.0 4.0 4.0 0.0 0.224 2 TOUCH_MOVE Space
1400690501163 6 4098 347.0 1216.9509 0.20000002 3.0 3.0 3.0 3.0 0.0 0.148 2 TOUCH_MOVE Space
1400690501170 6 4098 347.0 1216.9509 0.20000002 3.0 3.0 3.0 3.0 0.0 0.148 1 TOUCH_UP Space
1400690501658 6 4098 216.0 966.451 0.33333334 5.0 5.0 5.0 5.0 0.0 0.268 0 TOUCH_DOWN d
1400690501690 6 4098 215.20087 965.65186 0.33333334 5.0 5.0 5.0 5.0 0.0 0.28 2 TOUCH_MOVE d
1400690501735 6 4098 215.29173 964.34686 0.33333334 5.0 5.0 5.0 5.0 0.0 0.28 2 TOUCH_MOVE d
1400690501759 6 4098 217.5 965.451 0.13333334 2.0 2.0 2.0 2.0 0.0 0.120000005 2 TOUCH_MOVE d
1400690501763 6 4098 217.5 965.451 0.13333334 2.0 2.0 2.0 2.0 0.0 0.120000005 1 TOUCH_UP d
1400690501932 6 4098 55.0 965.451 0.20000002 3.0 3.0 3.0 3.0 0.0 0.208 0 TOUCH_DOWN a
1400690501942 6 4098 55.0 965.451 0.20000002 3.0 3.0 3.0 3.0 0.0 0.216 2 TOUCH_MOVE a
1400690501977 6 4098 56.154835 966.60583 0.23333335 4.0 4.0 4.0 4.0 0.0 0.23200001 2 TOUCH_MOVE a
1400690501990 6 4098 57.12623 966.951 0.23333335 4.0 4.0 4.0 4.0 0.0 0.23200001 2 TOUCH_MOVE a
1400690502006 6 4098 57.75 966.951 0.23333335 4.0 4.0 4.0 4.0 0.0 0.23200001 2 TOUCH_MOVE a
1400690502037 6 4098 57.5 966.951 0.16666667 3.0 3.0 3.0 3.0 0.0 0.18400002 2 TOUCH_MOVE a
1400690502046 6 4098 57.5 966.951 0.16666667 3.0 3.0 3.0 3.0 0.0 0.18400002 1 TOUCH_UP a
1400690502450 6 4098 399.5 820.951 0.33333334 5.0 5.0 5.0 5.0 0.0 0.268 0 TOUCH_DOWN y
1400690502540 6 4098 400.0 821.451 0.3 5.0 5.0 5.0 5.0 0.0 0.256 2 TOUCH_MOVE y
1400690502556 6 4098 400.0 821.451 0.23333335 5.0 5.0 5.0 5.0 0.0 0.156 2 TOUCH_MOVE y
1400690502561 6 4098 400.0 821.451 0.23333335 5.0 5.0 5.0 5.0 0.0 0.156 1 TOUCH_UP y
1400690503108 6 4098 680.5 1208.9509 0.3 5.0 5.0 5.0 5.0 0.0 0.264 0 TOUCH_DOWN Enter
1400690503120 6 4098 677.3982 1208.2504 0.3 5.0 5.0 5.0 5.0 0.0 0.268 2 TOUCH_MOVE Enter
1400690503136 6 4098 666.8198 1204.6581 0.3 5.0 5.0 5.0 5.0 0.0 0.256 2 TOUCH_MOVE Enter
1400690503144 6 4098 657.37683 1201.63 0.26666668 4.0 4.0 4.0 4.0 0.0 0.252 2 TOUCH_MOVE Enter
1400690503158 6 4098 652.49 1200.3235 0.26666668 4.0 4.0 4.0 4.0 0.0 0.256 2 TOUCH_MOVE Enter
1400690503181 6 4098 652.25 1200.4509 0.3 5.0 5.0 5.0 5.0 0.0 0.26000002 2 TOUCH_MOVE Enter
1400690503194 6 4098 653.0189 1200.4509 0.3 5.0 5.0 5.0 5.0 0.0 0.268 2 TOUCH_MOVE Enter
1400690503208 6 4098 659.0996 1200.4509 0.3 5.0 5.0 5.0 5.0 0.0 0.24000001 2 TOUCH_MOVE Enter
1400690503223 6 4098 659.0 1200.4509 0.23333335 5.0 5.0 5.0 5.0 0.0 0.19600001 2 TOUCH_MOVE Enter
1400690503229 6 4098 659.0 1200.4509 0.23333335 5.0 5.0 5.0 5.0 0.0 0.19600001 1 TOUCH_UP Enter
1400690504953 6 4098 165.5 989.951 0.3 5.0 5.0 5.0 5.0 0.0 0.224 0 TOUCH_DOWN S
1400690504960 6 4098 165.5 989.951 0.3 5.0 5.0 5.0 5.0 0.0 0.23200001 2 TOUCH_MOVE S
1400690505009 6 4098 164.33482 989.951 0.3 5.0 5.0 5.0 5.0 0.0 0.23600002 2 TOUCH_MOVE S
1400690505027 6 4098 163.0 990.451 0.33333334 5.0 5.0 5.0 5.0 0.0 0.18800001 2 TOUCH_MOVE S
1400690505032 6 4098 163.0 990.451 0.33333334 5.0 5.0 5.0 5.0 0.0 0.18800001 1 TOUCH_UP S
1400690505346 6 4098 613.0 799.951 0.33333334 5.0 5.0 5.0 5.0 0.0 0.27600002 0 TOUCH_DOWN o
1400690505410 6 4098 613.0 800.71277 0.33333334 5.0 5.0 5.0 5.0 0.0 0.28 2 TOUCH_MOVE o
1400690505429 6 4098 613.26636 803.0165 0.33333334 5.0 5.0 5.0 5.0 0.0 0.272 2 TOUCH_MOVE o
1400690505443 6 4098 614.7248 810.8734 0.3 5.0 5.0 5.0 5.0 0.0 0.23200001 2 TOUCH_MOVE o
1400690505454 6 4098 615.0 814.451 0.33333334 5.0 5.0 5.0 5.0 0.0 0.18400002 2 TOUCH_MOVE o
1400690505457 6 4098 615.0 814.451 0.33333334 5.0 5.0 5.0 5.0 0.0 0.18400002 1 TOUCH_UP o
1400690505785 6 4098 375.5 1230.9509 0.26666668 5.0 5.0 5.0 5.0 0.0 0.24000001 0 TOUCH_DOWN Space
1400690505793 6 4098 375.01962 1230.9509 0.26666668 5.0 5.0 5.0 5.0 0.0 0.24400002 2 TOUCH_MOVE Space
1400690505813 6 4098 372.3233 1229.1934 0.26666668 5.0 5.0 5.0 5.0 0.0 0.252 2 TOUCH_MOVE Space
1400690505827 6 4098 369.2641 1226.627 0.26666668 5.0 5.0 5.0 5.0 0.0 0.256 2 TOUCH_MOVE Space
1400690505843 6 4098 367.25293 1224.7039 0.26666668 5.0 5.0 5.0 5.0 0.0 0.256 2 TOUCH_MOVE Space
1400690505863 6 4098 366.5 1223.1143 0.26666668 5.0 5.0 5.0 5.0 0.0 0.26000002 2 TOUCH_MOVE Space
1400690505890 6 4098 367.60486 1222.6484 0.26666668 5.0 5.0 5.0 5.0 0.0 0.256 2 TOUCH_MOVE Space
1400690505896 6 4098 371.0 1222.9509 0.26666668 5.0 5.0 5.0 5.0 0.0 0.23600002 2 TOUCH_MOVE Space
1400690505904 6 4098 371.0 1222.9509 0.26666668 5.0 5.0 5.0 5.0 0.0 0.208 2 TOUCH_MOVE Space
1400690505908 6 4098 371.0 1222.9509 0.26666668 5.0 5.0 5.0 5.0 0.0 0.208 1 TOUCH_UP Space
1400690506699 6 4098 184.5 863.451 0.26666668 5.0 5.0 5.0 5.0 0.0 0.22000001 0 TOUCH_DOWN e
1400690506711 6 4098 184.5 863.451 0.26666668 5.0 5.0 5.0 5.0 0.0 0.224 2 TOUCH_MOVE e
1400690506727 6 4098 183.51912 863.451 0.3 6.0 6.0 6.0 6.0 0.0 0.23600002 2 TOUCH_MOVE e
1400690506744 6 4098 182.55446 864.84204 0.3 6.0 6.0 6.0 6.0 0.0 0.23600002 2 TOUCH_MOVE e
1400690506762 6 4098 180.31 869.4343 0.3 5.0 5.0 5.0 5.0 0.0 0.24000001 2 TOUCH_MOVE e
1400690506783 6 4098 175.76927 876.79706 0.33333334 5.0 5.0 5.0 5.0 0.0 0.224 2 TOUCH_MOVE e
1400690506786 6 4098 175.0 877.951 0.3 5.0 5.0 5.0 5.0 0.0 0.2 2 TOUCH_MOVE e
1400690506790 6 4098 175.0 877.951 0.3 5.0 5.0 5.0 5.0 0.0 0.2 1 TOUCH_UP e
1400690507646 6 4098 701.5 1106.4509 0.3 5.0 5.0 5.0 5.0 0.0 0.252 0 TOUCH_DOWN Back
1400690507666 6 4098 701.00885 1106.4509 0.3 5.0 5.0 5.0 5.0 0.0 0.256 2 TOUCH_MOVE Back
1400690507679 6 4098 699.1249 1106.4509 0.3 5.0 5.0 5.0 5.0 0.0 0.26000002 2 TOUCH_MOVE Back
1400690507699 6 4098 698.1051 1106.4509 0.3 5.0 5.0 5.0 5.0 0.0 0.252 2 TOUCH_MOVE Back
1400690507714 6 4098 698.0 1106.4509 0.3 5.0 5.0 5.0 5.0 0.0 0.24800001 2 TOUCH_MOVE Back
1400690507729 6 4098 698.0 1106.4509 0.23333335 5.0 5.0 5.0 5.0 0.0 0.18 2 TOUCH_MOVE Back
1400690507735 6 4098 698.0 1106.4509 0.23333335 5.0 5.0 5.0 5.0 0.0 0.18 1 TOUCH_UP Back
1400690508269 6 4098 675.5 989.951 0.33333334 5.0 5.0 5.0 5.0 0.0 0.28 0 TOUCH_DOWN l
1400690508290 6 4098 674.84674 989.951 0.33333334 5.0 5.0 5.0 5.0 0.0 0.284 2 TOUCH_MOVE l
1400690508296 6 4098 672.0728 989.3442 0.33333334 5.0 5.0 5.0 5.0 0.0 0.29200003 2 TOUCH_MOVE l
1400690508312 6 4098 668.7312 987.8614 0.33333334 5.0 5.0 5.0 5.0 0.0 0.29200003 2 TOUCH_MOVE l
1400690508331 6 4098 667.4523 987.451 0.33333334 5.0 5.0 5.0 5.0 0.0 0.29200003 2 TOUCH_MOVE l
1400690508364 6 4098 667.5 987.451 0.33333334 5.0 5.0 5.0 5.0 0.0 0.26000002 2 TOUCH_MOVE l
1400690508379 6 4098 667.5 987.451 0.26666668 5.0 5.0 5.0 5.0 0.0 0.17600001 2 TOUCH_MOVE l
1400690508385 6 4098 667.5 987.451 0.26666668 5.0 5.0 5.0 5.0 0.0 0.17600001 1 TOUCH_UP l
1400690508660 6 4098 173.0 857.451 0.23333335 5.0 5.0 5.0 5.0 0.0 0.22000001 0 TOUCH_DOWN e
1400690508667 6 4098 173.0 857.451 0.23333335 5.0 5.0 5.0 5.0 0.0 0.224 2 TOUCH_MOVE e
1400690508696 6 4098 174.25 857.451 0.23333335 5.0 5.0 5.0 5.0 0.0 0.23200001 2 TOUCH_MOVE e
1400690508731 6 4098 174.0 857.451 0.23333335 5.0 5.0 5.0 5.0 0.0 0.20400001 2 TOUCH_MOVE e
1400690508744 6 4098 174.0 857.451 0.23333335 5.0 5.0 5.0 5.0 0.0 0.20400001 1 TOUCH_UP e
1400690508970 6 4098 357.0 819.951 0.3 5.0 5.0 5.0 5.0 0.0 0.256 0 TOUCH_DOWN t
1400690509015 6 4098 356.5 819.951 0.23333335 5.0 5.0 5.0 5.0 0.0 0.19600001 2 TOUCH_MOVE t
1400690509021 6 4098 356.5 819.951 0.23333335 5.0 5.0 5.0 5.0 0.0 0.19600001 1 TOUCH_UP t
1400690509835 6 4098 603.5 1215.9509 0.26666668 5.0 5.0 5.0 5.0 0.0 0.252 0 TOUCH_DOWN '
1400690509850 6 4098 601.481 1214.9414 0.3 5.0 5.0 5.0 5.0 0.0 0.264 2 TOUCH_MOVE '
1400690509890 6 4098 594.6992 1212.3005 0.3 5.0 5.0 5.0 5.0 0.0 0.268 2 TOUCH_MOVE '
1400690509906 6 4098 593.25 1211.9509 0.3 5.0 5.0 5.0 5.0 0.0 0.264 2 TOUCH_MOVE '
1400690509927 6 4098 593.5 1211.9509 0.23333335 4.0 4.0 4.0 4.0 0.0 0.192 2 TOUCH_MOVE '
1400690509933 6 4098 593.5 1211.9509 0.23333335 4.0 4.0 4.0 4.0 0.0 0.192 1 TOUCH_UP '
1400690510065 6 4098 131.0 970.951 0.20000002 4.0 4.0 4.0 4.0 0.0 0.2 0 TOUCH_DOWN s
1400690510088 6 4098 131.0 970.951 0.23333335 5.0 5.0 5.0 5.0 0.0 0.21200001 2 TOUCH_MOVE s
1400690510114 6 4098 130.4539 970.951 0.26666668 5.0 5.0 5.0 5.0 0.0 0.23200001 2 TOUCH_MOVE s
1400690510178 6 4098 129.69002 971.261 0.26666668 5.0 5.0 5.0 5.0 0.0 0.22800002 2 TOUCH_MOVE s
1400690510183 6 4098 129.5 971.451 0.13333334 2.0 2.0 2.0 2.0 0.0 0.14 2 TOUCH_MOVE s
1400690510191 6 4098 129.5 971.451 0.13333334 2.0 2.0 2.0 2.0 0.0 0.14 1 TOUCH_UP s
1400690510371 6 4098 332.0 1222.9509 0.26666668 5.0 5.0 5.0 5.0 0.0 0.24400002 0 TOUCH_DOWN Space
1400690510381 6 4098 332.0 1222.9509 0.26666668 5.0 5.0 5.0 5.0 0.0 0.24800001 2 TOUCH_MOVE Space
1400690510401 6 4098 330.2562 1222.329 0.26666668 5.0 5.0 5.0 5.0 0.0 0.252 2 TOUCH_MOVE Space
1400690510414 6 4098 328.30682 1221.3544 0.26666668 5.0 5.0 5.0 5.0 0.0 0.252 2 TOUCH_MOVE Space
1400690510431 6 4098 326.949 1220.9509 0.26666668 5.0 5.0 5.0 5.0 0.0 0.24800001 2 TOUCH_MOVE Space
1400690510457 6 4098 326.5 1221.3995 0.26666668 5.0 5.0 5.0 5.0 0.0 0.24000001 2 TOUCH_MOVE Space
1400690510464 6 4098 326.5 1221.4509 0.26666668 5.0 5.0 5.0 5.0 0.0 0.18800001 2 TOUCH_MOVE Space
1400690510470 6 4098 326.5 1221.4509 0.26666668 5.0 5.0 5.0 5.0 0.0 0.18800001 1 TOUCH_UP Space
1400690512147 6 4098 146.0 947.951 0.33333334 5.0 5.0 5.0 5.0 0.0 0.268 0 TOUCH_DOWN s
1400690512166 6 4098 145.5864 947.951 0.33333334 5.0 5.0 5.0 5.0 0.0 0.28 2 TOUCH_MOVE s
1400690512182 6 4098 145.27086 947.951 0.33333334 5.0 5.0 5.0 5.0 0.0 0.284 2 TOUCH_MOVE s
1400690512200 6 4098 145.75629 948.96356 0.33333334 5.0 5.0 5.0 5.0 0.0 0.28800002 2 TOUCH_MOVE s
1400690512220 6 4098 148.0044 954.16064 0.33333334 5.0 5.0 5.0 5.0 0.0 0.27600002 2 TOUCH_MOVE s
1400690512233 6 4098 149.5 957.451 0.3 5.0 5.0 5.0 5.0 0.0 0.224 2 TOUCH_MOVE s
1400690512244 6 4098 149.5 957.451 0.26666668 5.0 5.0 5.0 5.0 0.0 0.18 2 TOUCH_MOVE s
1400690512248 6 4098 149.5 957.451 0.26666668 5.0 5.0 5.0 5.0 0.0 0.18 1 TOUCH_UP s
1400690512704 6 4098 355.0 833.451 0.3 5.0 5.0 5.0 5.0 0.0 0.264 0 TOUCH_DOWN t
1400690512716 6 4098 355.0 833.451 0.3 5.0 5.0 5.0 5.0 0.0 0.272 2 TOUCH_MOVE t
1400690512767 6 4098 355.0 834.5435 0.26666668 4.0 4.0 4.0 4.0 0.0 0.224 2 TOUCH_MOVE t
1400690512783 6 4098 355.0 834.451 0.20000002 4.0 4.0 4.0 4.0 0.0 0.18400002 2 TOUCH_MOVE t
1400690512788 6 4098 355.0 834.451 0.20000002 4.0 4.0 4.0 4.0 0.0 0.18400002 1 TOUCH_UP t
1400690512830 6 4098 46.5 965.451 0.20000002 3.0 3.0 3.0 3.0 0.0 0.19600001 0 TOUCH_DOWN a
1400690512850 6 4098 46.5 965.451 0.20000002 3.0 3.0 3.0 3.0 0.0 0.20400001 2 TOUCH_MOVE a
1400690512884 6 4098 46.5 964.1507 0.20000002 3.0 3.0 3.0 3.0 0.0 0.216 2 TOUCH_MOVE a
1400690512901 6 4098 46.5 963.18335 0.20000002 3.0 3.0 3.0 3.0 0.0 0.21200001 2 TOUCH_MOVE a
1400690512917 6 4098 46.5 962.701 0.20000002 3.0 3.0 3.0 3.0 0.0 0.216 2 TOUCH_MOVE a
1400690512967 6 4098 43.49512 963.5772 0.20000002 3.0 3.0 3.0 3.0 0.0 0.18400002 2 TOUCH_MOVE a
1400690512981 6 4098 44.0 963.451 0.20000002 3.0 3.0 3.0 3.0 0.0 0.128 2 TOUCH_MOVE a
1400690512985 6 4098 44.0 963.451 0.20000002 3.0 3.0 3.0 3.0 0.0 0.128 1 TOUCH_UP a
1400690513159 6 4098 257.0 822.951 0.3 5.0 5.0 5.0 5.0 0.0 0.264 0 TOUCH_DOWN r
1400690513170 6 4098 257.0 822.951 0.3 5.0 5.0 5.0 5.0 0.0 0.268 2 TOUCH_MOVE r
1400690513200 6 4098 255.38681 822.951 0.3 5.0 5.0 5.0 5.0 0.0 0.27600002 2 TOUCH_MOVE r
1400690513217 6 4098 254.75 822.951 0.33333334 5.0 5.0 5.0 5.0 0.0 0.27600002 2 TOUCH_MOVE r
1400690513254 6 4098 254.75 822.951 0.33333334 5.0 5.0 5.0 5.0 0.0 0.27600002 1 TOUCH_UP r
1400690513353 6 4098 318.5 817.951 0.26666668 4.0 4.0 4.0 4.0 0.0 0.24800001 0 TOUCH_DOWN t
1400690513367 6 4098 318.5 817.951 0.3 5.0 5.0 5.0 5.0 0.0 0.256 2 TOUCH_MOVE t
1400690513456 6 4098 318.5 817.951 0.3 5.0 5.0 5.0 5.0 0.0 0.256 1 TOUCH_UP t
1400690513809 6 4098 357.0 1225.4509 0.26666668 5.0 5.0 5.0 5.0 0.0 0.24000001 0 TOUCH_DOWN Space
1400690513818 6 4098 357.0 1225.4509 0.26666668 5.0 5.0 5.0 5.0 0.0 0.24400002 2 TOUCH_MOVE Space
1400690513868 6 4098 356.40558 1225.4509 0.26666668 5.0 5.0 5.0 5.0 0.0 0.24800001 2 TOUCH_MOVE Space
1400690513922 6 4098 356.5 1225.4509 0.20000002 3.0 3.0 3.0 3.0 0.0 0.15200001 2 TOUCH_MOVE Space
1400690513931 6 4098 356.5 1225.4509 0.20000002 3.0 3.0 3.0 3.0 0.0 0.15200001 1 TOUCH_UP Space
1400690514269 6 4098 376.0 962.951 0.33333334 5.0 5.0 5.0 5.0 0.0 0.27600002 0 TOUCH_DOWN g
1400690514287 6 4098 375.60126 962.951 0.33333334 5.0 5.0 5.0 5.0 0.0 0.272 2 TOUCH_MOVE g
1400690514301 6 4098 374.73563 962.951 0.33333334 5.0 5.0 5.0 5.0 0.0 0.272 2 TOUCH_MOVE g
1400690514325 6 4098 373.82852 962.951 0.33333334 5.0 5.0 5.0 5.0 0.0 0.272 2 TOUCH_MOVE g
1400690514335 6 4098 373.5 963.701 0.33333334 5.0 5.0 5.0 5.0 0.0 0.264 2 TOUCH_MOVE g
1400690514355 6 4098 373.5 964.451 0.26666668 4.0 4.0 4.0 4.0 0.0 0.18800001 2 TOUCH_MOVE g
1400690514359 6 4098 373.5 964.451 0.26666668 4.0 4.0 4.0 4.0 0.0 0.18800001 1 TOUCH_UP g
1400690514683 6 4098 533.5 810.451 0.3 5.0 5.0 5.0 5.0 0.0 0.272 0 TOUCH_DOWN i
1400690514689 6 4098 533.5 810.451 0.33333334 5.0 5.0 5.0 5.0 0.0 0.28 2 TOUCH_MOVE i
1400690514720 6 4098 532.63 811.321 0.33333334 5.0 5.0 5.0 5.0 0.0 0.28 2 TOUCH_MOVE i
1400690514748 6 4098 532.5 812.2805 0.33333334 5.0 5.0 5.0 5.0 0.0 0.27600002 2 TOUCH_MOVE i
1400690514752 6 4098 532.5 813.7538 0.26666668 4.0 4.0 4.0 4.0 0.0 0.24000001 2 TOUCH_MOVE i
1400690514762 6 4098 532.5 813.951 0.23333335 5.0 5.0 5.0 5.0 0.0 0.18 2 TOUCH_MOVE i
1400690514766 6 4098 532.5 813.951 0.23333335 5.0 5.0 5.0 5.0 0.0 0.18 1 TOUCH_UP i
1400690515651 6 4098 369.0 1110.9509 0.33333334 5.0 5.0 5.0 5.0 0.0 0.26000002 0 TOUCH_DOWN v
1400690515670 6 4098 369.0 1110.9509 0.33333334 5.0 5.0 5.0 5.0 0.0 0.264 2 TOUCH_MOVE v
1400690515686 6 4098 368.20178 1110.9509 0.33333334 5.0 5.0 5.0 5.0 0.0 0.26000002 2 TOUCH_MOVE v
1400690515702 6 4098 367.25 1110.9509 0.3 5.0 5.0 5.0 5.0 0.0 0.26000002 2 TOUCH_MOVE v
1400690515741 6 4098 367.25 1110.9509 0.3 5.0 5.0 5.0 5.0 0.0 0.26000002 1 TOUCH_UP v
1400690516416 6 4098 551.0 822.451 0.33333334 5.0 5.0 5.0 5.0 0.0 0.268 0 TOUCH_DOWN i
1400690516434 6 4098 550.895 822.451 0.33333334 5.0 5.0 5.0 5.0 0.0 0.272 2 TOUCH_MOVE i
1400690516456 6 4098 549.3966 822.451 0.33333334 5.0 5.0 5.0 5.0 0.0 0.272 2 TOUCH_MOVE i
1400690516470 6 4098 548.75 822.451 0.33333334 5.0 5.0 5.0 5.0 0.0 0.268 2 TOUCH_MOVE i
1400690516489 6 4098 549.0 822.451 0.16666667 3.0 3.0 3.0 3.0 0.0 0.132 2 TOUCH_MOVE i
1400690516494 6 4098 549.0 822.451 0.16666667 3.0 3.0 3.0 3.0 0.0 0.132 1 TOUCH_UP i
1400690516741 6 4098 526.5 1118.4509 0.3 5.0 5.0 5.0 5.0 0.0 0.252 0 TOUCH_DOWN n
1400690516765 6 4098 525.4883 1117.9451 0.33333334 5.0 5.0 5.0 5.0 0.0 0.264 2 TOUCH_MOVE n
1400690516783 6 4098 523.0789 1116.9772 0.3 5.0 5.0 5.0 5.0 0.0 0.264 2 TOUCH_MOVE n
1400690516787 6 4098 520.62396 1115.0748 0.3 5.0 5.0 5.0 5.0 0.0 0.26000002 2 TOUCH_MOVE n
1400690516804 6 4098 516.9756 1111.4265 0.3 5.0 5.0 5.0 5.0 0.0 0.24400002 2 TOUCH_MOVE n
1400690516824 6 4098 513.5 1105.4509 0.26666668 4.0 4.0 4.0 4.0 0.0 0.18400002 2 TOUCH_MOVE n
1400690516828 6 4098 513.5 1105.4509 0.26666668 4.0 4.0 4.0 4.0 0.0 0.18400002 1 TOUCH_UP n
1400690516989 6 4098 390.0 961.451 0.33333334 5.0 5.0 5.0 5.0 0.0 0.268 0 TOUCH_DOWN g
1400690517004 6 4098 388.5484 960.0236 0.33333334 5.0 5.0 5.0 5.0 0.0 0.264 2 TOUCH_MOVE g
1400690517030 6 4098 385.55356 956.86615 0.33333334 5.0 5.0 5.0 5.0 0.0 0.264 2 TOUCH_MOVE g
1400690517038 6 4098 382.69373 955.04785 0.33333334 5.0 5.0 5.0 5.0 0.0 0.264 2 TOUCH_MOVE g
1400690517054 6 4098 381.63043 955.451 0.26666668 4.0 4.0 4.0 4.0 0.0 0.22000001 2 TOUCH_MOVE g
1400690517062 6 4098 381.5 955.451 0.16666667 3.0 3.0 3.0 3.0 0.0 0.128 2 TOUCH_MOVE g
1400690517066 6 4098 381.5 955.451 0.16666667 3.0 3.0 3.0 3.0 0.0 0.128 1 TOUCH_UP g
