1401560931414 6 4098 457.5 961.451 0.23333335 4.0 4.0 4.0 4.0 0.0 0.21200001 0 TOUCH_DOWN H
1401560931418 6 4098 457.5 961.451 0.23333335 4.0 4.0 4.0 4.0 0.0 0.208 2 TOUCH_MOVE H
1401560931486 6 4098 457.5 960.9501 0.26666668 4.0 4.0 4.0 4.0 0.0 0.22000001 2 TOUCH_MOVE H
1401560931522 6 4098 457.5 960.951 0.20000002 3.0 3.0 3.0 3.0 0.0 0.18400002 2 TOUCH_MOVE H
1401560931525 6 4098 457.5 960.951 0.20000002 3.0 3.0 3.0 3.0 0.0 0.18400002 1 TOUCH_UP H
1401560931752 6 4098 655.0 807.451 0.23333335 4.0 4.0 4.0 4.0 0.0 0.18800001 0 TOUCH_DOWN p
1401560931776 6 4098 655.4493 807.90027 0.23333335 4.0 4.0 4.0 4.0 0.0 0.2 2 TOUCH_MOVE p
1401560931787 6 4098 656.0 809.6654 0.26666668 4.0 4.0 4.0 4.0 0.0 0.21200001 2 TOUCH_MOVE p
1401560931801 6 4098 656.0 811.28345 0.26666668 4.0 4.0 4.0 4.0 0.0 0.216 2 TOUCH_MOVE p
1401560931818 6 4098 656.5 812.74567 0.26666668 4.0 4.0 4.0 4.0 0.0 0.208 2 TOUCH_MOVE p
1401560931835 6 4098 656.5 813.701 0.20000002 3.0 3.0 3.0 3.0 0.0 0.124000005 2 TOUCH_MOVE p
1401560931839 6 4098 656.5 813.701 0.20000002 3.0 3.0 3.0 3.0 0.0 0.124000005 1 TOUCH_UP p
1401560932106 6 4098 600.0 1081.4509 0.20000002 4.0 4.0 4.0 4.0 0.0 0.20400001 0 TOUCH_DOWN m
1401560932118 6 4098 600.0 1081.4509 0.20000002 4.0 4.0 4.0 4.0 0.0 0.208 2 TOUCH_MOVE m
1401560932152 6 4098 599.4879 1081.4509 0.16666667 3.0 3.0 3.0 3.0 0.0 0.21200001 2 TOUCH_MOVE m
1401560932193 6 4098 596.9977 1081.4509 0.13333334 2.0 2.0 2.0 2.0 0.0 0.108 2 TOUCH_MOVE m
1401560932197 6 4098 596.9977 1081.4509 0.13333334 2.0 2.0 2.0 2.0 0.0 0.108 1 TOUCH_UP m
1401560932339 6 4098 275.0 1222.4509 0.26666668 5.0 5.0 5.0 5.0 0.0 0.216 0 TOUCH_DOWN Space
1401560932356 6 4098 275.0 1222.4509 0.26666668 5.0 5.0 5.0 5.0 0.0 0.22800002 2 TOUCH_MOVE Space
1401560932435 6 4098 275.0 1221.9509 0.26666668 5.0 5.0 5.0 5.0 0.0 0.24400002 2 TOUCH_MOVE Space
1401560932456 6 4098 274.0 1220.4509 0.26666668 5.0 5.0 5.0 5.0 0.0 0.19600001 2 TOUCH_MOVE Space
1401560932461 6 4098 274.0 1220.4509 0.26666668 5.0 5.0 5.0 5.0 0.0 0.19600001 1 TOUCH_UP Space
1401560932824 6 4098 25.5 800.451 0.10000001 2.0 2.0 2.0 2.0 0.0 0.18 0 TOUCH_DOWN q
1401560932835 6 4098 27.25956 801.03754 0.16666667 3.0 3.0 3.0 3.0 0.0 0.20400001 2 TOUCH_MOVE q
1401560932893 6 4098 33.75 802.951 0.20000002 4.0 4.0 4.0 4.0 0.0 0.20400001 2 TOUCH_MOVE q
1401560932913 6 4098 33.75 802.951 0.20000002 4.0 4.0 4.0 4.0 0.0 0.20400001 1 TOUCH_UP q
1401560933079 6 4098 471.5 820.951 0.23333335 4.0 4.0 4.0 4.0 0.0 0.21200001 0 TOUCH_DOWN u
1401560933085 6 4098 471.5 820.951 0.26666668 4.0 4.0 4.0 4.0 0.0 0.23600002 2 TOUCH_MOVE u
1401560933136 6 4098 473.0 820.951 0.26666668 4.0 4.0 4.0 4.0 0.0 0.22800002 2 TOUCH_MOVE u
1401560933153 6 4098 473.0 820.951 0.20000002 4.0 4.0 4.0 4.0 0.0 0.17600001 2 TOUCH_MOVE u
1401560933160 6 4098 473.0 820.951 0.20000002 4.0 4.0 4.0 4.0 0.0 0.17600001 1 TOUCH_UP u
1401560933230 6 4098 45.0 938.451 0.26666668 5.0 5.0 5.0 5.0 0.0 0.2 0 TOUCH_DOWN a
1401560933269 6 4098 45.0 938.451 0.23333335 4.0 4.0 4.0 4.0 0.0 0.22000001 2 TOUCH_MOVE a
1401560933286 6 4098 46.5 937.701 0.23333335 4.0 4.0 4.0 4.0 0.0 0.22000001 2 TOUCH_MOVE a
1401560933306 6 4098 45.454647 937.951 0.23333335 4.0 4.0 4.0 4.0 0.0 0.2 2 TOUCH_MOVE a
1401560933317 6 4098 45.5 937.951 0.26666668 5.0 5.0 5.0 5.0 0.0 0.17600001 2 TOUCH_MOVE a
1401560933322 6 4098 45.5 937.951 0.26666668 5.0 5.0 5.0 5.0 0.0 0.17600001 1 TOUCH_UP a
1401560933942 6 4098 709.5 1086.9509 0.16666667 3.0 3.0 3.0 3.0 0.0 0.18800001 0 TOUCH_DOWN Back
1401560933970 6 4098 710.0099 1086.9509 0.16666667 3.0 3.0 3.0 3.0 0.0 0.18800001 2 TOUCH_MOVE Back
1401560933986 6 4098 710.5 1085.8707 0.16666667 3.0 3.0 3.0 3.0 0.0 0.18400002 2 TOUCH_MOVE Back
1401560934003 6 4098 710.5 1085.4509 0.16666667 3.0 3.0 3.0 3.0 0.0 0.104 2 TOUCH_MOVE Back
1401560934016 6 4098 710.5 1085.4509 0.16666667 3.0 3.0 3.0 3.0 0.0 0.104 1 TOUCH_UP Back
1401560934132 6 4098 702.0 1077.9509 0.13333334 2.0 2.0 2.0 2.0 0.0 0.17600001 0 TOUCH_DOWN Back
1401560934136 6 4098 702.0 1077.9509 0.13333334 2.0 2.0 2.0 2.0 0.0 0.18400002 2 TOUCH_MOVE Back
1401560934173 6 4098 702.0 1077.9509 0.13333334 2.0 2.0 2.0 2.0 0.0 0.18400002 1 TOUCH_UP Back
1401560934304 6 4098 693.0 1077.4509 0.13333334 2.0 2.0 2.0 2.0 0.0 0.16800001 0 TOUCH_DOWN Back
1401560934334 6 4098 693.0 1077.4509 0.13333334 2.0 2.0 2.0 2.0 0.0 0.16800001 1 TOUCH_UP Back
1401560934471 6 4098 688.0 1075.4509 0.16666667 3.0 3.0 3.0 3.0 0.0 0.18800001 0 TOUCH_DOWN Back
1401560934504 6 4098 687.03516 1075.4509 0.16666667 3.0 3.0 3.0 3.0 0.0 0.18400002 2 TOUCH_MOVE Back
1401560934525 6 4098 687.0 1075.4509 0.16666667 3.0 3.0 3.0 3.0 0.0 0.18 2 TOUCH_MOVE Back
1401560934529 6 4098 687.0 1075.4509 0.16666667 3.0 3.0 3.0 3.0 0.0 0.18 1 TOUCH_UP Back
1401560934659 6 4098 685.0 1074.9509 0.20000002 4.0 4.0 4.0 4.0 0.0 0.192 0 TOUCH_DOWN Back
1401560934670 6 4098 685.0 1074.9509 0.23333335 4.0 4.0 4.0 4.0 0.0 0.192 2 TOUCH_MOVE Back
1401560934691 6 4098 683.93604 1074.9509 0.23333335 4.0 4.0 4.0 4.0 0.0 0.192 2 TOUCH_MOVE Back
1401560934705 6 4098 682.97327 1074.9509 0.23333335 4.0 4.0 4.0 4.0 0.0 0.19600001 2 TOUCH_MOVE Back
1401560934720 6 4098 682.0103 1075.4407 0.20000002 4.0 4.0 4.0 4.0 0.0 0.18800001 2 TOUCH_MOVE Back
1401560934728 6 4098 682.0 1075.4509 0.20000002 4.0 4.0 4.0 4.0 0.0 0.17600001 2 TOUCH_MOVE Back
1401560934732 6 4098 682.0 1075.4509 0.20000002 4.0 4.0 4.0 4.0 0.0 0.17600001 1 TOUCH_UP Back
1401560934929 6 4098 679.5 1080.9509 0.20000002 4.0 4.0 4.0 4.0 0.0 0.18400002 0 TOUCH_DOWN Back
1401560934937 6 4098 679.5 1080.9509 0.20000002 4.0 4.0 4.0 4.0 0.0 0.192 2 TOUCH_MOVE Back
1401560934997 6 4098 679.5 1080.9509 0.20000002 4.0 4.0 4.0 4.0 0.0 0.192 1 TOUCH_UP Back
1401560935625 6 4098 640.0 798.951 0.20000002 4.0 4.0 4.0 4.0 0.0 0.208 0 TOUCH_DOWN o
1401560935638 6 4098 640.0 798.951 0.20000002 4.0 4.0 4.0 4.0 0.0 0.216 2 TOUCH_MOVE o
1401560935705 6 4098 640.0 798.951 0.13333334 2.0 2.0 2.0 2.0 0.0 0.132 2 TOUCH_MOVE o
1401560935709 6 4098 640.0 798.951 0.13333334 2.0 2.0 2.0 2.0 0.0 0.132 1 TOUCH_UP o
1401560935950 6 4098 583.5 1073.4509 0.20000002 3.0 3.0 3.0 3.0 0.0 0.20400001 0 TOUCH_DOWN m
1401560935958 6 4098 583.5 1073.4509 0.20000002 3.0 3.0 3.0 3.0 0.0 0.216 2 TOUCH_MOVE m
1401560936022 6 4098 583.5 1073.4509 0.20000002 3.0 3.0 3.0 3.0 0.0 0.18800001 2 TOUCH_MOVE m
1401560936028 6 4098 583.5 1073.4509 0.20000002 3.0 3.0 3.0 3.0 0.0 0.18800001 1 TOUCH_UP m
1401560936221 6 4098 269.5 1236.4509 0.23333335 5.0 5.0 5.0 5.0 0.0 0.2 0 TOUCH_DOWN Space
1401560936262 6 4098 271.7809 1234.67 0.26666668 5.0 5.0 5.0 5.0 0.0 0.23200001 2 TOUCH_MOVE Space
1401560936272 6 4098 273.78003 1232.6709 0.26666668 5.0 5.0 5.0 5.0 0.0 0.23200001 2 TOUCH_MOVE Space
1401560936288 6 4098 275.08307 1231.3678 0.26666668 5.0 5.0 5.0 5.0 0.0 0.24000001 2 TOUCH_MOVE Space
1401560936307 6 4098 275.5 1230.3978 0.26666668 5.0 5.0 5.0 5.0 0.0 0.23600002 2 TOUCH_MOVE Space
1401560936357 6 4098 275.5 1230.3978 0.26666668 5.0 5.0 5.0 5.0 0.0 0.23600002 1 TOUCH_UP Space
1401560936774 6 4098 40.0 822.951 0.26666668 5.0 5.0 5.0 5.0 0.0 0.2 0 TOUCH_DOWN q
1401560936800 6 4098 40.502068 823.45306 0.26666668 5.0 5.0 5.0 5.0 0.0 0.208 2 TOUCH_MOVE q
1401560936836 6 4098 41.0 825.3232 0.26666668 5.0 5.0 5.0 5.0 0.0 0.208 2 TOUCH_MOVE q
1401560936839 6 4098 41.0 826.34546 0.26666668 5.0 5.0 5.0 5.0 0.0 0.192 2 TOUCH_MOVE q
1401560936850 6 4098 41.0 826.451 0.13333334 3.0 3.0 3.0 3.0 0.0 0.108 2 TOUCH_MOVE q
1401560936854 6 4098 41.0 826.451 0.13333334 3.0 3.0 3.0 3.0 0.0 0.108 1 TOUCH_UP q
1401560937041 6 4098 478.5 806.451 0.23333335 4.0 4.0 4.0 4.0 0.0 0.20400001 0 TOUCH_DOWN u
1401560937056 6 4098 478.5 806.451 0.23333335 4.0 4.0 4.0 4.0 0.0 0.22000001 2 TOUCH_MOVE u
1401560937104 6 4098 478.5 807.2964 0.26666668 4.0 4.0 4.0 4.0 0.0 0.24400002 2 TOUCH_MOVE u
1401560937130 6 4098 478.5 807.701 0.26666668 4.0 4.0 4.0 4.0 0.0 0.23600002 2 TOUCH_MOVE u
1401560937142 6 4098 478.5 807.701 0.26666668 4.0 4.0 4.0 4.0 0.0 0.23600002 1 TOUCH_UP u
1401560937216 6 4098 69.0 961.951 0.23333335 4.0 4.0 4.0 4.0 0.0 0.216 0 TOUCH_DOWN a
1401560937259 6 4098 69.983665 961.46735 0.26666668 4.0 4.0 4.0 4.0 0.0 0.23200001 2 TOUCH_MOVE a
1401560937273 6 4098 70.947655 961.451 0.26666668 4.0 4.0 4.0 4.0 0.0 0.23200001 2 TOUCH_MOVE a
1401560937289 6 4098 71.912285 961.8633 0.23333335 4.0 4.0 4.0 4.0 0.0 0.23200001 2 TOUCH_MOVE a
1401560937309 6 4098 76.5 967.951 0.20000002 3.0 3.0 3.0 3.0 0.0 0.18 2 TOUCH_MOVE a
1401560937314 6 4098 76.5 967.951 0.20000002 3.0 3.0 3.0 3.0 0.0 0.18 1 TOUCH_UP a
1401560937620 6 4098 319.5 1232.4509 0.23333335 4.0 4.0 4.0 4.0 0.0 0.216 0 TOUCH_DOWN Space
1401560937625 6 4098 319.5 1232.4509 0.23333335 4.0 4.0 4.0 4.0 0.0 0.224 2 TOUCH_MOVE Space
1401560937656 6 4098 320.61777 1231.3331 0.26666668 5.0 5.0 5.0 5.0 0.0 0.24800001 2 TOUCH_MOVE Space
1401560937679 6 4098 321.57748 1229.8734 0.26666668 5.0 5.0 5.0 5.0 0.0 0.24400002 2 TOUCH_MOVE Space
1401560937690 6 4098 322.5354 1228.9155 0.26666668 5.0 5.0 5.0 5.0 0.0 0.24800001 2 TOUCH_MOVE Space
1401560937710 6 4098 323.51273 1227.4254 0.26666668 5.0 5.0 5.0 5.0 0.0 0.22800002 2 TOUCH_MOVE Space
1401560937722 6 4098 323.5 1225.9509 0.26666668 5.0 5.0 5.0 5.0 0.0 0.2 2 TOUCH_MOVE Space
1401560937727 6 4098 323.5 1225.9509 0.26666668 5.0 5.0 5.0 5.0 0.0 0.2 1 TOUCH_UP Space
1401560938022 6 4098 194.5 800.451 0.20000002 4.0 4.0 4.0 4.0 0.0 0.224 0 TOUCH_DOWN e
1401560938074 6 4098 194.5 800.451 0.3 5.0 5.0 5.0 5.0 0.0 0.256 2 TOUCH_MOVE e
1401560938112 6 4098 194.5 800.451 0.3 5.0 5.0 5.0 5.0 0.0 0.256 1 TOUCH_UP e
1401560938303 6 4098 585.0 1078.9509 0.13333334 2.0 2.0 2.0 2.0 0.0 0.18 0 TOUCH_DOWN m
1401560938340 6 4098 581.5688 1077.2354 0.20000002 3.0 3.0 3.0 3.0 0.0 0.18800001 2 TOUCH_MOVE m
1401560938357 6 4098 580.5 1075.9509 0.16666667 3.0 3.0 3.0 3.0 0.0 0.104 2 TOUCH_MOVE m
1401560938365 6 4098 580.5 1075.9509 0.16666667 3.0 3.0 3.0 3.0 0.0 0.104 1 TOUCH_UP m
1401560938540 6 4098 289.5 1234.9509 0.20000002 4.0 4.0 4.0 4.0 0.0 0.216 0 TOUCH_DOWN Space
1401560938546 6 4098 289.5 1234.9509 0.26666668 5.0 5.0 5.0 5.0 0.0 0.224 2 TOUCH_MOVE Space
1401560938580 6 4098 288.37955 1232.21 0.26666668 5.0 5.0 5.0 5.0 0.0 0.23200001 2 TOUCH_MOVE Space
1401560938591 6 4098 287.4389 1230.8898 0.26666668 5.0 5.0 5.0 5.0 0.0 0.23200001 2 TOUCH_MOVE Space
1401560938607 6 4098 287.5 1230.2009 0.26666668 5.0 5.0 5.0 5.0 0.0 0.23200001 2 TOUCH_MOVE Space
1401560938624 6 4098 287.5 1230.4509 0.20000002 3.0 3.0 3.0 3.0 0.0 0.17600001 2 TOUCH_MOVE Space
1401560938634 6 4098 287.5 1230.4509 0.20000002 3.0 3.0 3.0 3.0 0.0 0.17600001 1 TOUCH_UP Space
1401560939431 6 4098 356.0 829.951 0.3 5.0 5.0 5.0 5.0 0.0 0.24800001 0 TOUCH_DOWN t
1401560939523 6 4098 356.0 829.951 0.3 5.0 5.0 5.0 5.0 0.0 0.24800001 1 TOUCH_UP t
1401560939646 6 4098 619.5 822.951 0.33333334 5.0 5.0 5.0 5.0 0.0 0.20400001 0 TOUCH_DOWN o
1401560939661 6 4098 619.5 822.951 0.3 5.0 5.0 5.0 5.0 0.0 0.21200001 2 TOUCH_MOVE o
1401560939679 6 4098 618.5403 822.951 0.3 5.0 5.0 5.0 5.0 0.0 0.22800002 2 TOUCH_MOVE o
1401560939692 6 4098 616.6169 822.2594 0.3 5.0 5.0 5.0 5.0 0.0 0.22800002 2 TOUCH_MOVE o
1401560939713 6 4098 615.8408 821.7918 0.3 5.0 5.0 5.0 5.0 0.0 0.22000001 2 TOUCH_MOVE o
1401560939725 6 4098 613.88324 820.89264 0.3 5.0 5.0 5.0 5.0 0.0 0.2 2 TOUCH_MOVE o
1401560939740 6 4098 613.0 820.451 0.3 5.0 5.0 5.0 5.0 0.0 0.18 2 TOUCH_MOVE o
1401560939744 6 4098 613.0 820.451 0.3 5.0 5.0 5.0 5.0 0.0 0.18 1 TOUCH_UP o
1401560939908 6 4098 537.0 818.951 0.3 5.0 5.0 5.0 5.0 0.0 0.2 0 TOUCH_DOWN i
1401560939926 6 4098 537.0 820.3227 0.3 5.0 5.0 5.0 5.0 0.0 0.22800002 2 TOUCH_MOVE i
1401560939944 6 4098 537.0 821.7509 0.3 5.0 5.0 5.0 5.0 0.0 0.23200001 2 TOUCH_MOVE i
1401560939960 6 4098 537.0 822.951 0.3 5.0 5.0 5.0 5.0 0.0 0.23200001 2 TOUCH_MOVE i
1401560939962 6 4098 537.0 823.0585 0.3 5.0 5.0 5.0 5.0 0.0 0.23600002 2 TOUCH_MOVE i
1401560939975 6 4098 537.0 823.701 0.3 5.0 5.0 5.0 5.0 0.0 0.23200001 2 TOUCH_MOVE i
1401560939992 6 4098 537.543 822.90796 0.26666668 4.0 4.0 4.0 4.0 0.0 0.18 2 TOUCH_MOVE i
1401560940014 6 4098 537.5 822.951 0.20000002 3.0 3.0 3.0 3.0 0.0 0.104 2 TOUCH_MOVE i
1401560940024 6 4098 537.5 822.951 0.20000002 3.0 3.0 3.0 3.0 0.0 0.104 1 TOUCH_UP i
1401560940122 6 4098 299.0 1224.4509 0.23333335 4.0 4.0 4.0 4.0 0.0 0.24000001 0 TOUCH_DOWN Space
1401560940142 6 4098 299.0 1224.4509 0.26666668 5.0 5.0 5.0 5.0 0.0 0.256 2 TOUCH_MOVE Space
1401560940159 6 4098 299.5 1223.2743 0.23333335 4.0 4.0 4.0 4.0 0.0 0.256 2 TOUCH_MOVE Space
1401560940175 6 4098 299.5 1222.307 0.26666668 5.0 5.0 5.0 5.0 0.0 0.256 2 TOUCH_MOVE Space
1401560940192 6 4098 299.5 1221.3468 0.26666668 5.0 5.0 5.0 5.0 0.0 0.264 2 TOUCH_MOVE Space
1401560940210 6 4098 300.53333 1220.4176 0.23333335 4.0 4.0 4.0 4.0 0.0 0.256 2 TOUCH_MOVE Space
1401560940225 6 4098 301.53375 1218.3496 0.23333335 4.0 4.0 4.0 4.0 0.0 0.21200001 2 TOUCH_MOVE Space
1401560940240 6 4098 302.0 1217.9509 0.13333334 2.0 2.0 2.0 2.0 0.0 0.148 2 TOUCH_MOVE Space
1401560940245 6 4098 302.0 1217.9509 0.13333334 2.0 2.0 2.0 2.0 0.0 0.148 1 TOUCH_UP Space
1401560940587 6 4098 336.0 838.951 0.3 5.0 5.0 5.0 5.0 0.0 0.23200001 0 TOUCH_DOWN t
1401560940660 6 4098 336.0 839.36554 0.3 5.0 5.0 5.0 5.0 0.0 0.24400002 2 TOUCH_MOVE t
1401560940676 6 4098 335.5 839.951 0.26666668 5.0 5.0 5.0 5.0 0.0 0.18400002 2 TOUCH_MOVE t
1401560940686 6 4098 335.5 839.951 0.26666668 5.0 5.0 5.0 5.0 0.0 0.18400002 1 TOUCH_UP t
1401560940800 6 4098 239.0 816.951 0.23333335 4.0 4.0 4.0 4.0 0.0 0.208 0 TOUCH_DOWN r
1401560940809 6 4098 239.0 816.951 0.26666668 4.0 4.0 4.0 4.0 0.0 0.22800002 2 TOUCH_MOVE r
1401560940828 6 4098 238.27747 817.1735 0.26666668 4.0 4.0 4.0 4.0 0.0 0.224 2 TOUCH_MOVE r
1401560940843 6 4098 237.33931 818.1117 0.26666668 4.0 4.0 4.0 4.0 0.0 0.22800002 2 TOUCH_MOVE r
1401560940859 6 4098 236.00243 818.451 0.26666668 4.0 4.0 4.0 4.0 0.0 0.22800002 2 TOUCH_MOVE r
1401560940877 6 4098 234.87378 818.451 0.23333335 4.0 4.0 4.0 4.0 0.0 0.17600001 2 TOUCH_MOVE r
1401560940884 6 4098 234.87378 818.451 0.23333335 4.0 4.0 4.0 4.0 0.0 0.17600001 1 TOUCH_UP r
1401560941064 6 4098 475.5 839.451 0.23333335 4.0 4.0 4.0 4.0 0.0 0.192 0 TOUCH_DOWN u
1401560941077 6 4098 475.5 839.451 0.23333335 4.0 4.0 4.0 4.0 0.0 0.20400001 2 TOUCH_MOVE u
1401560941097 6 4098 476.7844 838.16656 0.3 5.0 5.0 5.0 5.0 0.0 0.22000001 2 TOUCH_MOVE u
1401560941110 6 4098 478.77283 836.6024 0.3 5.0 5.0 5.0 5.0 0.0 0.21200001 2 TOUCH_MOVE u
1401560941126 6 4098 481.70166 835.35016 0.20000002 3.0 3.0 3.0 3.0 0.0 0.108 2 TOUCH_MOVE u
1401560941136 6 4098 481.70166 835.35016 0.20000002 3.0 3.0 3.0 3.0 0.0 0.108 1 TOUCH_UP u
1401560941289 6 4098 602.5 820.451 0.26666668 4.0 4.0 4.0 4.0 0.0 0.20400001 0 TOUCH_DOWN o
1401560941297 6 4098 602.5 820.451 0.26666668 4.0 4.0 4.0 4.0 0.0 0.21200001 2 TOUCH_MOVE o
1401560941343 6 4098 603.61066 821.56165 0.3 5.0 5.0 5.0 5.0 0.0 0.20400001 2 TOUCH_MOVE o
1401560941361 6 4098 604.0 822.451 0.3 5.0 5.0 5.0 5.0 0.0 0.18400002 2 TOUCH_MOVE o
1401560941365 6 4098 604.0 822.451 0.3 5.0 5.0 5.0 5.0 0.0 0.18400002 1 TOUCH_UP o
1401560941648 6 4098 522.5 1059.9509 0.20000002 4.0 4.0 4.0 4.0 0.0 0.192 0 TOUCH_DOWN n
1401560941660 6 4098 522.5 1059.9509 0.20000002 4.0 4.0 4.0 4.0 0.0 0.19600001 2 TOUCH_MOVE n
1401560941696 6 4098 519.8191 1060.4509 0.23333335 4.0 4.0 4.0 4.0 0.0 0.20400001 2 TOUCH_MOVE n
1401560941710 6 4098 516.25494 1060.4509 0.3 5.0 5.0 5.0 5.0 0.0 0.208 2 TOUCH_MOVE n
1401560941727 6 4098 514.2211 1060.4509 0.3 5.0 5.0 5.0 5.0 0.0 0.18 2 TOUCH_MOVE n
1401560941738 6 4098 514.0 1060.4509 0.16666667 3.0 3.0 3.0 3.0 0.0 0.108 2 TOUCH_MOVE n
1401560941742 6 4098 514.0 1060.4509 0.16666667 3.0 3.0 3.0 3.0 0.0 0.108 1 TOUCH_UP n
1401560941972 6 4098 376.5 981.951 0.3 5.0 5.0 5.0 5.0 0.0 0.22800002 0 TOUCH_DOWN g
1401560941978 6 4098 376.5 981.951 0.3 5.0 5.0 5.0 5.0 0.0 0.24000001 2 TOUCH_MOVE g
1401560942027 6 4098 375.37555 982.451 0.3 5.0 5.0 5.0 5.0 0.0 0.23600002 2 TOUCH_MOVE g
1401560942044 6 4098 375.5 982.451 0.23333335 4.0 4.0 4.0 4.0 0.0 0.17600001 2 TOUCH_MOVE g
1401560942052 6 4098 375.5 982.451 0.23333335 4.0 4.0 4.0 4.0 0.0 0.17600001 1 TOUCH_UP g
1401560942720 6 4098 301.5 1223.9509 0.23333335 4.0 4.0 4.0 4.0 0.0 0.23200001 0 TOUCH_DOWN Space
1401560942728 6 4098 301.5 1223.9509 0.23333335 4.0 4.0 4.0 4.0 0.0 0.24000001 2 TOUCH_MOVE Space
1401560942778 6 4098 301.5 1222.9578 0.23333335 4.0 4.0 4.0 4.0 0.0 0.24400002 2 TOUCH_MOVE Space
1401560942794 6 4098 301.02185 1222.4728 0.23333335 4.0 4.0 4.0 4.0 0.0 0.24800001 2 TOUCH_MOVE Space
1401560942818 6 4098 300.5792 1221.1093 0.20000002 3.0 3.0 3.0 3.0 0.0 0.22000001 2 TOUCH_MOVE Space
1401560942828 6 4098 300.0 1219.9509 0.16666667 3.0 3.0 3.0 3.0 0.0 0.18 2 TOUCH_MOVE Space
1401560942832 6 4098 300.0 1219.9509 0.16666667 3.0 3.0 3.0 3.0 0.0 0.18 1 TOUCH_UP Space
1401560943212 6 4098 558.5 1069.9509 0.26666668 5.0 5.0 5.0 5.0 0.0 0.18400002 0 TOUCH_DOWN m
1401560943224 6 4098 558.5 1070.1274 0.26666668 5.0 5.0 5.0 5.0 0.0 0.18800001 2 TOUCH_MOVE m
1401560943245 6 4098 558.5 1070.4548 0.26666668 5.0 5.0 5.0 5.0 0.0 0.18400002 2 TOUCH_MOVE m
1401560943252 6 4098 558.5 1070.9509 0.26666668 5.0 5.0 5.0 5.0 0.0 0.156 2 TOUCH_MOVE m
1401560943256 6 4098 558.5 1070.9509 0.26666668 5.0 5.0 5.0 5.0 0.0 0.156 1 TOUCH_UP m
1401560943470 6 4098 202.5 846.951 0.26666668 4.0 4.0 4.0 4.0 0.0 0.21200001 0 TOUCH_DOWN e
1401560943494 6 4098 202.73373 846.7173 0.26666668 4.0 4.0 4.0 4.0 0.0 0.224 2 TOUCH_MOVE e
1401560943520 6 4098 204.35121 843.74854 0.26666668 4.0 4.0 4.0 4.0 0.0 0.23600002 2 TOUCH_MOVE e
1401560943530 6 4098 204.5 841.951 0.26666668 4.0 4.0 4.0 4.0 0.0 0.23200001 2 TOUCH_MOVE e
1401560943550 6 4098 204.5 841.951 0.26666668 4.0 4.0 4.0 4.0 0.0 0.23200001 1 TOUCH_UP e
1401560943833 6 4098 264.5 1234.4509 0.23333335 5.0 5.0 5.0 5.0 0.0 0.216 0 TOUCH_DOWN Space
1401560943845 6 4098 264.5 1234.4509 0.20000002 4.0 4.0 4.0 4.0 0.0 0.22000001 2 TOUCH_MOVE Space
1401560943879 6 4098 266.66724 1232.8673 0.26666668 5.0 5.0 5.0 5.0 0.0 0.22800002 2 TOUCH_MOVE Space
1401560943895 6 4098 268.13138 1231.8853 0.26666668 5.0 5.0 5.0 5.0 0.0 0.23200001 2 TOUCH_MOVE Space
1401560943913 6 4098 269.5567 1230.9226 0.26666668 5.0 5.0 5.0 5.0 0.0 0.224 2 TOUCH_MOVE Space
1401560943931 6 4098 270.49332 1230.9509 0.26666668 5.0 5.0 5.0 5.0 0.0 0.216 2 TOUCH_MOVE Space
1401560943946 6 4098 271.0 1230.9509 0.26666668 5.0 5.0 5.0 5.0 0.0 0.18800001 2 TOUCH_MOVE Space
1401560943950 6 4098 271.0 1230.9509 0.26666668 5.0 5.0 5.0 5.0 0.0 0.18800001 1 TOUCH_UP Space
1401560944320 6 4098 245.5 969.451 0.20000002 4.0 4.0 4.0 4.0 0.0 0.22000001 0 TOUCH_DOWN d
1401560944330 6 4098 245.5 969.451 0.23333335 4.0 4.0 4.0 4.0 0.0 0.22800002 2 TOUCH_MOVE d
1401560944378 6 4098 240.0 968.451 0.26666668 5.0 5.0 5.0 5.0 0.0 0.224 2 TOUCH_MOVE d
1401560944387 6 4098 240.0 968.451 0.23333335 5.0 5.0 5.0 5.0 0.0 0.156 2 TOUCH_MOVE d
1401560944392 6 4098 240.0 968.451 0.23333335 5.0 5.0 5.0 5.0 0.0 0.156 1 TOUCH_UP d
1401560944569 6 4098 40.5 939.451 0.26666668 5.0 5.0 5.0 5.0 0.0 0.18800001 0 TOUCH_DOWN a
1401560944580 6 4098 40.5 939.451 0.26666668 5.0 5.0 5.0 5.0 0.0 0.19600001 2 TOUCH_MOVE a
1401560944641 6 4098 40.5 939.451 0.26666668 5.0 5.0 5.0 5.0 0.0 0.19600001 1 TOUCH_UP a
1401560944963 6 4098 330.5 818.951 0.3 5.0 5.0 5.0 5.0 0.0 0.23200001 0 TOUCH_DOWN t
1401560944988 6 4098 330.5 818.951 0.3 5.0 5.0 5.0 5.0 0.0 0.24000001 2 TOUCH_MOVE t
1401560945018 6 4098 330.0 819.951 0.3 5.0 5.0 5.0 5.0 0.0 0.24800001 2 TOUCH_MOVE t
1401560945030 6 4098 330.0 819.951 0.3 5.0 5.0 5.0 5.0 0.0 0.18 2 TOUCH_MOVE t
1401560945039 6 4098 330.0 819.951 0.3 5.0 5.0 5.0 5.0 0.0 0.18 1 TOUCH_UP t
1401560945334 6 4098 267.5 1219.4509 0.26666668 5.0 5.0 5.0 5.0 0.0 0.22800002 0 TOUCH_DOWN Space
1401560945347 6 4098 267.5 1219.4509 0.26666668 5.0 5.0 5.0 5.0 0.0 0.24400002 2 TOUCH_MOVE Space
1401560945414 6 4098 268.2698 1218.6812 0.26666668 5.0 5.0 5.0 5.0 0.0 0.24000001 2 TOUCH_MOVE Space
1401560945430 6 4098 268.5 1218.4509 0.26666668 5.0 5.0 5.0 5.0 0.0 0.16800001 2 TOUCH_MOVE Space
1401560945436 6 4098 268.5 1218.4509 0.26666668 5.0 5.0 5.0 5.0 0.0 0.16800001 1 TOUCH_UP Space
1401560945833 6 4098 345.0 818.951 0.26666668 4.0 4.0 4.0 4.0 0.0 0.224 0 TOUCH_DOWN t
1401560945857 6 4098 345.0 818.951 0.26666668 4.0 4.0 4.0 4.0 0.0 0.22800002 2 TOUCH_MOVE t
1401560945898 6 4098 344.5 819.951 0.33333334 5.0 5.0 5.0 5.0 0.0 0.192 2 TOUCH_MOVE t
1401560945903 6 4098 344.5 819.951 0.33333334 5.0 5.0 5.0 5.0 0.0 0.192 1 TOUCH_UP t
1401560946362 6 4098 415.0 810.451 0.16666667 3.0 3.0 3.0 3.0 0.0 0.2 0 TOUCH_DOWN y
1401560946366 6 4098 415.0 810.451 0.20000002 3.0 3.0 3.0 3.0 0.0 0.21200001 2 TOUCH_MOVE y
1401560946382 6 4098 414.28204 810.55994 0.26666668 4.0 4.0 4.0 4.0 0.0 0.224 2 TOUCH_MOVE y
1401560946398 6 4098 411.6122 811.58026 0.26666668 4.0 4.0 4.0 4.0 0.0 0.22800002 2 TOUCH_MOVE y
1401560946415 6 4098 409.32452 812.53876 0.26666668 4.0 4.0 4.0 4.0 0.0 0.224 2 TOUCH_MOVE y
1401560946435 6 4098 407.45566 812.451 0.23333335 4.0 4.0 4.0 4.0 0.0 0.192 2 TOUCH_MOVE y
1401560946450 6 4098 407.0 812.451 0.13333334 2.0 2.0 2.0 2.0 0.0 0.14 2 TOUCH_MOVE y
1401560946471 6 4098 407.0 812.451 0.13333334 2.0 2.0 2.0 2.0 0.0 0.14 1 TOUCH_UP y
1401560946621 6 4098 285.0 1197.4509 0.23333335 5.0 5.0 5.0 5.0 0.0 0.216 0 TOUCH_DOWN Space
1401560946631 6 4098 285.0 1197.4509 0.26666668 5.0 5.0 5.0 5.0 0.0 0.22800002 2 TOUCH_MOVE Space
1401560946649 6 4098 284.42154 1197.4509 0.3 5.0 5.0 5.0 5.0 0.0 0.252 2 TOUCH_MOVE Space
1401560946665 6 4098 283.4523 1197.4509 0.3 5.0 5.0 5.0 5.0 0.0 0.264 2 TOUCH_MOVE Space
1401560946733 6 4098 283.5 1197.4509 0.20000002 4.0 4.0 4.0 4.0 0.0 0.19600001 2 TOUCH_MOVE Space
1401560946740 6 4098 283.5 1197.4509 0.16666667 3.0 3.0 3.0 3.0 0.0 0.124000005 2 TOUCH_MOVE Space
1401560946744 6 4098 283.5 1197.4509 0.16666667 3.0 3.0 3.0 3.0 0.0 0.124000005 1 TOUCH_UP Space
1401560947287 6 4098 694.0 1077.9509 0.13333334 2.0 2.0 2.0 2.0 0.0 0.17600001 0 TOUCH_DOWN Back
1401560947299 6 4098 694.0 1077.9509 0.13333334 2.0 2.0 2.0 2.0 0.0 0.18 2 TOUCH_MOVE Back
1401560947316 6 4098 692.92883 1077.9509 0.16666667 3.0 3.0 3.0 3.0 0.0 0.192 2 TOUCH_MOVE Back
1401560947334 6 4098 690.79236 1077.4509 0.16666667 3.0 3.0 3.0 3.0 0.0 0.18800001 2 TOUCH_MOVE Back
1401560947366 6 4098 690.79236 1077.4509 0.16666667 3.0 3.0 3.0 3.0 0.0 0.18800001 1 TOUCH_UP Back
1401560947478 6 4098 687.0 1068.4509 0.26666668 4.0 4.0 4.0 4.0 0.0 0.2 0 TOUCH_DOWN Back
1401560947485 6 4098 687.0 1068.4509 0.26666668 4.0 4.0 4.0 4.0 0.0 0.19600001 2 TOUCH_MOVE Back
1401560947517 6 4098 686.2965 1068.4509 0.26666668 4.0 4.0 4.0 4.0 0.0 0.19600001 2 TOUCH_MOVE Back
1401560947534 6 4098 685.3587 1068.3096 0.26666668 4.0 4.0 4.0 4.0 0.0 0.19600001 2 TOUCH_MOVE Back
1401560947549 6 4098 684.3683 1067.9509 0.26666668 4.0 4.0 4.0 4.0 0.0 0.18400002 2 TOUCH_MOVE Back
1401560947566 6 4098 684.0 1067.9509 0.20000002 3.0 3.0 3.0 3.0 0.0 0.112 2 TOUCH_MOVE Back
1401560947569 6 4098 684.0 1067.9509 0.20000002 3.0 3.0 3.0 3.0 0.0 0.112 1 TOUCH_UP Back
1401560947990 6 4098 51.0 950.451 0.23333335 4.0 4.0 4.0 4.0 0.0 0.2 0 TOUCH_DOWN a
1401560948022 6 4098 51.0 950.451 0.23333335 4.0 4.0 4.0 4.0 0.0 0.21200001 2 TOUCH_MOVE a
1401560948061 6 4098 50.51074 949.951 0.26666668 5.0 5.0 5.0 5.0 0.0 0.20400001 2 TOUCH_MOVE a
1401560948064 6 4098 50.5 949.951 0.23333335 4.0 4.0 4.0 4.0 0.0 0.16800001 2 TOUCH_MOVE a
1401560948070 6 4098 50.5 949.951 0.23333335 4.0 4.0 4.0 4.0 0.0 0.16800001 1 TOUCH_UP a
1401560948510 6 4098 417.0 817.951 0.20000002 4.0 4.0 4.0 4.0 0.0 0.2 0 TOUCH_DOWN y
1401560948596 6 4098 417.0 817.951 0.20000002 4.0 4.0 4.0 4.0 0.0 0.2 1 TOUCH_UP y
1401560948750 6 4098 284.5 1212.9509 0.23333335 4.0 4.0 4.0 4.0 0.0 0.224 0 TOUCH_DOWN Space
1401560948769 6 4098 284.5 1213.385 0.23333335 4.0 4.0 4.0 4.0 0.0 0.23200001 2 TOUCH_MOVE Space
1401560948785 6 4098 284.5 1213.6914 0.26666668 5.0 5.0 5.0 5.0 0.0 0.24800001 2 TOUCH_MOVE Space
1401560948817 6 4098 283.25 1213.4509 0.26666668 5.0 5.0 5.0 5.0 0.0 0.26000002 2 TOUCH_MOVE Space
1401560948869 6 4098 283.5 1213.4509 0.16666667 3.0 3.0 3.0 3.0 0.0 0.18400002 2 TOUCH_MOVE Space
1401560948874 6 4098 283.5 1213.4509 0.16666667 3.0 3.0 3.0 3.0 0.0 0.18400002 1 TOUCH_UP Space
1401560949377 6 4098 337.0 825.951 0.33333334 5.0 5.0 5.0 5.0 0.0 0.22800002 0 TOUCH_DOWN t
1401560949384 6 4098 337.0 825.951 0.33333334 5.0 5.0 5.0 5.0 0.0 0.24000001 2 TOUCH_MOVE t
1401560949434 6 4098 336.49524 825.951 0.33333334 5.0 5.0 5.0 5.0 0.0 0.22800002 2 TOUCH_MOVE t
1401560949451 6 4098 335.5 826.451 0.33333334 5.0 5.0 5.0 5.0 0.0 0.208 2 TOUCH_MOVE t
1401560949463 6 4098 335.5 826.451 0.33333334 5.0 5.0 5.0 5.0 0.0 0.18 2 TOUCH_MOVE t
1401560949468 6 4098 335.5 826.451 0.33333334 5.0 5.0 5.0 5.0 0.0 0.18 1 TOUCH_UP t
1401560949666 6 4098 481.5 799.951 0.20000002 4.0 4.0 4.0 4.0 0.0 0.192 0 TOUCH_DOWN u
1401560949669 6 4098 481.5 799.951 0.20000002 4.0 4.0 4.0 4.0 0.0 0.20400001 2 TOUCH_MOVE u
1401560949701 6 4098 482.13428 799.951 0.20000002 4.0 4.0 4.0 4.0 0.0 0.208 2 TOUCH_MOVE u
1401560949717 6 4098 482.0 799.951 0.20000002 4.0 4.0 4.0 4.0 0.0 0.18 2 TOUCH_MOVE u
1401560949721 6 4098 482.0 799.951 0.20000002 4.0 4.0 4.0 4.0 0.0 0.18 1 TOUCH_UP u
1401560950055 6 4098 515.0 1050.9509 0.3 5.0 5.0 5.0 5.0 0.0 0.19600001 0 TOUCH_DOWN n
1401560950068 6 4098 515.0 1050.9509 0.3 5.0 5.0 5.0 5.0 0.0 0.2 2 TOUCH_MOVE n
1401560950089 6 4098 513.14386 1051.4509 0.3 5.0 5.0 5.0 5.0 0.0 0.20400001 2 TOUCH_MOVE n
1401560950108 6 4098 510.84607 1051.4509 0.3 5.0 5.0 5.0 5.0 0.0 0.20400001 2 TOUCH_MOVE n
1401560950118 6 4098 509.53464 1051.4509 0.3 5.0 5.0 5.0 5.0 0.0 0.20400001 2 TOUCH_MOVE n
1401560950135 6 4098 509.0 1051.4509 0.3 5.0 5.0 5.0 5.0 0.0 0.17600001 2 TOUCH_MOVE n
1401560950138 6 4098 509.0 1051.4509 0.3 5.0 5.0 5.0 5.0 0.0 0.17600001 1 TOUCH_UP n
1401560950315 6 4098 346.0 978.951 0.23333335 4.0 4.0 4.0 4.0 0.0 0.216 0 TOUCH_DOWN g
1401560950319 6 4098 346.0 978.951 0.26666668 4.0 4.0 4.0 4.0 0.0 0.224 2 TOUCH_MOVE g
1401560950352 6 4098 346.0 979.9904 0.26666668 4.0 4.0 4.0 4.0 0.0 0.224 2 TOUCH_MOVE g
1401560950368 6 4098 346.0 980.451 0.26666668 4.0 4.0 4.0 4.0 0.0 0.18800001 2 TOUCH_MOVE g
1401560950378 6 4098 346.0 980.451 0.26666668 4.0 4.0 4.0 4.0 0.0 0.18800001 1 TOUCH_UP g
1401560950593 6 4098 288.0 1236.9509 0.20000002 4.0 4.0 4.0 4.0 0.0 0.208 0 TOUCH_DOWN Space
1401560950602 6 4098 288.0 1236.9509 0.26666668 5.0 5.0 5.0 5.0 0.0 0.224 2 TOUCH_MOVE Space
1401560950623 6 4098 289.83942 1234.165 0.26666668 5.0 5.0 5.0 5.0 0.0 0.23600002 2 TOUCH_MOVE Space
1401560950636 6 4098 292.3386 1231.193 0.26666668 5.0 5.0 5.0 5.0 0.0 0.256 2 TOUCH_MOVE Space
1401560950652 6 4098 294.30975 1228.6411 0.26666668 5.0 5.0 5.0 5.0 0.0 0.264 2 TOUCH_MOVE Space
1401560950669 6 4098 295.82266 1227.4509 0.26666668 5.0 5.0 5.0 5.0 0.0 0.26000002 2 TOUCH_MOVE Space
1401560950686 6 4098 296.39963 1227.0513 0.26666668 5.0 5.0 5.0 5.0 0.0 0.252 2 TOUCH_MOVE Space
1401560950702 6 4098 296.72714 1226.7238 0.3 6.0 6.0 6.0 6.0 0.0 0.26000002 2 TOUCH_MOVE Space
1401560950721 6 4098 296.5 1226.9509 0.23333335 4.0 4.0 4.0 4.0 0.0 0.216 2 TOUCH_MOVE Space
1401560950725 6 4098 296.5 1226.9509 0.23333335 4.0 4.0 4.0 4.0 0.0 0.216 1 TOUCH_UP Space
1401560951234 6 4098 432.0 1084.9509 0.23333335 4.0 4.0 4.0 4.0 0.0 0.216 0 TOUCH_DOWN b
1401560951278 6 4098 432.0 1084.9509 0.23333335 4.0 4.0 4.0 4.0 0.0 0.216 1 TOUCH_UP b
1401560951510 6 4098 478.0 816.951 0.26666668 4.0 4.0 4.0 4.0 0.0 0.21200001 0 TOUCH_DOWN u
1401560951519 6 4098 478.0 816.951 0.23333335 4.0 4.0 4.0 4.0 0.0 0.224 2 TOUCH_MOVE u
1401560951539 6 4098 478.0 817.9108 0.26666668 4.0 4.0 4.0 4.0 0.0 0.24000001 2 TOUCH_MOVE u
1401560951554 6 4098 478.45294 818.451 0.26666668 4.0 4.0 4.0 4.0 0.0 0.224 2 TOUCH_MOVE u
1401560951569 6 4098 479.0 818.451 0.26666668 4.0 4.0 4.0 4.0 0.0 0.19600001 2 TOUCH_MOVE u
1401560951578 6 4098 479.0 818.451 0.20000002 3.0 3.0 3.0 3.0 0.0 0.124000005 2 TOUCH_MOVE u
1401560951582 6 4098 479.0 818.451 0.20000002 3.0 3.0 3.0 3.0 0.0 0.124000005 1 TOUCH_UP u
1401560951739 6 4098 615.0 811.451 0.26666668 5.0 5.0 5.0 5.0 0.0 0.2 0 TOUCH_DOWN o
1401560951757 6 4098 615.0 811.451 0.26666668 5.0 5.0 5.0 5.0 0.0 0.208 2 TOUCH_MOVE o
1401560951787 6 4098 615.9138 811.451 0.26666668 5.0 5.0 5.0 5.0 0.0 0.21200001 2 TOUCH_MOVE o
1401560951805 6 4098 616.8957 811.0553 0.23333335 4.0 4.0 4.0 4.0 0.0 0.2 2 TOUCH_MOVE o
1401560951815 6 4098 617.0 810.951 0.20000002 4.0 4.0 4.0 4.0 0.0 0.18 2 TOUCH_MOVE o
1401560951820 6 4098 617.0 810.951 0.20000002 4.0 4.0 4.0 4.0 0.0 0.18 1 TOUCH_UP o
1401560952003 6 4098 300.5 1096.9509 0.26666668 4.0 4.0 4.0 4.0 0.0 0.24400002 0 TOUCH_DOWN c
1401560952036 6 4098 300.5 1097.2847 0.33333334 5.0 5.0 5.0 5.0 0.0 0.264 2 TOUCH_MOVE c
1401560952054 6 4098 300.5 1098.2809 0.33333334 5.0 5.0 5.0 5.0 0.0 0.272 2 TOUCH_MOVE c
1401560952070 6 4098 299.6997 1098.9509 0.33333334 5.0 5.0 5.0 5.0 0.0 0.256 2 TOUCH_MOVE c
1401560952088 6 4098 299.0 1099.4509 0.26666668 4.0 4.0 4.0 4.0 0.0 0.252 2 TOUCH_MOVE c
1401560952107 6 4098 299.0 1099.4509 0.26666668 4.0 4.0 4.0 4.0 0.0 0.192 2 TOUCH_MOVE c
1401560952116 6 4098 299.0 1099.4509 0.26666668 4.0 4.0 4.0 4.0 0.0 0.192 1 TOUCH_UP c
1401560952800 6 4098 678.5 1197.9509 0.20000002 4.0 4.0 4.0 4.0 0.0 0.2 0 TOUCH_DOWN Enter
1401560952804 6 4098 678.5 1197.9509 0.20000002 4.0 4.0 4.0 4.0 0.0 0.208 2 TOUCH_MOVE Enter
1401560952872 6 4098 677.9226 1197.9509 0.23333335 5.0 5.0 5.0 5.0 0.0 0.20400001 2 TOUCH_MOVE Enter
1401560952893 6 4098 677.9226 1197.9509 0.23333335 5.0 5.0 5.0 5.0 0.0 0.20400001 1 TOUCH_UP Enter
1401560953570 6 4098 444.0 955.451 0.3 5.0 5.0 5.0 5.0 0.0 0.208 0 TOUCH_DOWN H
1401560953573 6 4098 444.0 955.451 0.3 5.0 5.0 5.0 5.0 0.0 0.216 2 TOUCH_MOVE H
1401560953621 6 4098 443.41165 955.451 0.3 5.0 5.0 5.0 5.0 0.0 0.23600002 2 TOUCH_MOVE H
1401560953655 6 4098 442.8458 955.451 0.3 5.0 5.0 5.0 5.0 0.0 0.22800002 2 TOUCH_MOVE H
1401560953679 6 4098 442.8458 955.451 0.3 5.0 5.0 5.0 5.0 0.0 0.22800002 1 TOUCH_UP H
1401560953915 6 4098 648.5 807.951 0.20000002 3.0 3.0 3.0 3.0 0.0 0.18800001 0 TOUCH_DOWN p
1401560953923 6 4098 648.5 807.951 0.20000002 3.0 3.0 3.0 3.0 0.0 0.2 2 TOUCH_MOVE p
1401560953955 6 4098 646.5853 809.86566 0.26666668 4.0 4.0 4.0 4.0 0.0 0.216 2 TOUCH_MOVE p
1401560953972 6 4098 644.6554 811.7956 0.26666668 4.0 4.0 4.0 4.0 0.0 0.22000001 2 TOUCH_MOVE p
1401560953989 6 4098 644.5 812.595 0.26666668 4.0 4.0 4.0 4.0 0.0 0.21200001 2 TOUCH_MOVE p
1401560954005 6 4098 642.15704 816.5226 0.23333335 5.0 5.0 5.0 5.0 0.0 0.172 2 TOUCH_MOVE p
1401560954017 6 4098 642.15704 816.5226 0.23333335 5.0 5.0 5.0 5.0 0.0 0.172 1 TOUCH_UP p
1401560954245 6 4098 594.5 1084.9509 0.16666667 3.0 3.0 3.0 3.0 0.0 0.2 0 TOUCH_DOWN m
1401560954255 6 4098 594.5 1084.9509 0.16666667 3.0 3.0 3.0 3.0 0.0 0.20400001 2 TOUCH_MOVE m
1401560954272 6 4098 594.5 1085.9727 0.20000002 3.0 3.0 3.0 3.0 0.0 0.21200001 2 TOUCH_MOVE m
1401560954288 6 4098 593.529 1086.9219 0.20000002 3.0 3.0 3.0 3.0 0.0 0.20400001 2 TOUCH_MOVE m
1401560954305 6 4098 591.27856 1087.858 0.20000002 3.0 3.0 3.0 3.0 0.0 0.2 2 TOUCH_MOVE m
1401560954322 6 4098 591.0 1087.9509 0.13333334 2.0 2.0 2.0 2.0 0.0 0.136 2 TOUCH_MOVE m
1401560954326 6 4098 591.0 1087.9509 0.13333334 2.0 2.0 2.0 2.0 0.0 0.136 1 TOUCH_UP m
1401560954481 6 4098 283.5 1230.4509 0.23333335 4.0 4.0 4.0 4.0 0.0 0.21200001 0 TOUCH_DOWN Space
1401560954489 6 4098 283.5 1230.4509 0.23333335 4.0 4.0 4.0 4.0 0.0 0.224 2 TOUCH_MOVE Space
1401560954557 6 4098 283.5 1229.8844 0.26666668 5.0 5.0 5.0 5.0 0.0 0.22800002 2 TOUCH_MOVE Space
1401560954589 6 4098 283.5 1229.9509 0.26666668 5.0 5.0 5.0 5.0 0.0 0.18 2 TOUCH_MOVE Space
1401560954593 6 4098 283.5 1229.9509 0.26666668 5.0 5.0 5.0 5.0 0.0 0.18 1 TOUCH_UP Space
1401560954677 6 4098 512.0 1077.9509 0.23333335 4.0 4.0 4.0 4.0 0.0 0.208 0 TOUCH_DOWN n
1401560954697 6 4098 512.0 1077.9509 0.23333335 4.0 4.0 4.0 4.0 0.0 0.216 2 TOUCH_MOVE n
1401560954756 6 4098 513.467 1076.484 0.23333335 4.0 4.0 4.0 4.0 0.0 0.208 2 TOUCH_MOVE n
1401560954773 6 4098 514.4312 1075.5198 0.20000002 3.0 3.0 3.0 3.0 0.0 0.192 2 TOUCH_MOVE n
1401560954789 6 4098 515.0 1074.9509 0.20000002 3.0 3.0 3.0 3.0 0.0 0.112 2 TOUCH_MOVE n
1401560954792 6 4098 515.0 1074.9509 0.20000002 3.0 3.0 3.0 3.0 0.0 0.112 1 TOUCH_UP n
1401560954999 6 4098 49.5 956.451 0.23333335 4.0 4.0 4.0 4.0 0.0 0.2 0 TOUCH_DOWN a
1401560955007 6 4098 49.5 956.451 0.23333335 4.0 4.0 4.0 4.0 0.0 0.208 2 TOUCH_MOVE a
1401560955040 6 4098 49.145298 955.0963 0.23333335 4.0 4.0 4.0 4.0 0.0 0.21200001 2 TOUCH_MOVE a
1401560955059 6 4098 48.25 954.201 0.23333335 4.0 4.0 4.0 4.0 0.0 0.2 2 TOUCH_MOVE a
1401560955074 6 4098 48.0 953.951 0.20000002 3.0 3.0 3.0 3.0 0.0 0.16800001 2 TOUCH_MOVE a
1401560955078 6 4098 48.0 953.951 0.20000002 3.0 3.0 3.0 3.0 0.0 0.16800001 1 TOUCH_UP a
1401560955383 6 4098 400.0 828.451 0.3 5.0 5.0 5.0 5.0 0.0 0.192 0 TOUCH_DOWN y
1401560955391 6 4098 400.0 828.451 0.3 5.0 5.0 5.0 5.0 0.0 0.20400001 2 TOUCH_MOVE y
1401560955453 6 4098 400.0 828.451 0.3 5.0 5.0 5.0 5.0 0.0 0.20400001 1 TOUCH_UP y
1401560955655 6 4098 306.5 1242.4509 0.16666667 4.0 4.0 4.0 4.0 0.0 0.20400001 0 TOUCH_DOWN Space
1401560955682 6 4098 306.5 1241.9672 0.20000002 4.0 4.0 4.0 4.0 0.0 0.20400001 2 TOUCH_MOVE Space
1401560955690 6 4098 305.56436 1240.0796 0.20000002 4.0 4.0 4.0 4.0 0.0 0.216 2 TOUCH_MOVE Space
1401560955708 6 4098 304.615 1238.1809 0.20000002 4.0 4.0 4.0 4.0 0.0 0.216 2 TOUCH_MOVE Space
1401560955723 6 4098 304.5 1237.0887 0.23333335 5.0 5.0 5.0 5.0 0.0 0.216 2 TOUCH_MOVE Space
1401560955740 6 4098 304.5 1236.2009 0.20000002 4.0 4.0 4.0 4.0 0.0 0.216 2 TOUCH_MOVE Space
1401560955774 6 4098 304.25406 1237.6887 0.20000002 4.0 4.0 4.0 4.0 0.0 0.19600001 2 TOUCH_MOVE Space
1401560955785 6 4098 304.0 1238.4509 0.10000001 2.0 2.0 2.0 2.0 0.0 0.17600001 2 TOUCH_MOVE Space
1401560955788 6 4098 304.0 1238.4509 0.10000001 2.0 2.0 2.0 2.0 0.0 0.17600001 1 TOUCH_UP Space
1401560956300 6 4098 690.5 1071.9509 0.16666667 3.0 3.0 3.0 3.0 0.0 0.18 0 TOUCH_DOWN Back
1401560956307 6 4098 690.5 1071.9509 0.20000002 3.0 3.0 3.0 3.0 0.0 0.18400002 2 TOUCH_MOVE Back
1401560956340 6 4098 690.5 1070.0397 0.23333335 4.0 4.0 4.0 4.0 0.0 0.18 2 TOUCH_MOVE Back
1401560956359 6 4098 690.5 1069.9509 0.16666667 3.0 3.0 3.0 3.0 0.0 0.124000005 2 TOUCH_MOVE Back
1401560956362 6 4098 690.5 1069.9509 0.16666667 3.0 3.0 3.0 3.0 0.0 0.124000005 1 TOUCH_UP Back
1401560956483 6 4098 687.0 1073.4509 0.13333334 2.0 2.0 2.0 2.0 0.0 0.172 0 TOUCH_DOWN Back
1401560956491 6 4098 687.0 1073.4509 0.16666667 3.0 3.0 3.0 3.0 0.0 0.17600001 2 TOUCH_MOVE Back
1401560956524 6 4098 687.0 1073.4509 0.16666667 3.0 3.0 3.0 3.0 0.0 0.17600001 1 TOUCH_UP Back
1401560956624 6 4098 682.0 1067.9509 0.26666668 4.0 4.0 4.0 4.0 0.0 0.18400002 0 TOUCH_DOWN Back
1401560956682 6 4098 682.0 1067.9509 0.26666668 4.0 4.0 4.0 4.0 0.0 0.18400002 1 TOUCH_UP Back
1401560956787 6 4098 678.0 1061.4509 0.26666668 4.0 4.0 4.0 4.0 0.0 0.192 0 TOUCH_DOWN Back
1401560956835 6 4098 678.0 1061.4509 0.26666668 4.0 4.0 4.0 4.0 0.0 0.192 1 TOUCH_UP Back
1401560956966 6 4098 683.0 1064.4509 0.20000002 3.0 3.0 3.0 3.0 0.0 0.132 0 TOUCH_DOWN Back
1401560956970 6 4098 683.0 1064.4509 0.20000002 3.0 3.0 3.0 3.0 0.0 0.132 1 TOUCH_UP Back
1401560957101 6 4098 677.5 1055.4509 0.3 5.0 5.0 5.0 5.0 0.0 0.18400002 0 TOUCH_DOWN Back
1401560957108 6 4098 677.5 1055.4509 0.33333334 5.0 5.0 5.0 5.0 0.0 0.192 2 TOUCH_MOVE Back
1401560957142 6 4098 677.5 1056.7314 0.26666668 4.0 4.0 4.0 4.0 0.0 0.18800001 2 TOUCH_MOVE Back
1401560957158 6 4098 677.5 1056.9509 0.20000002 3.0 3.0 3.0 3.0 0.0 0.104 2 TOUCH_MOVE Back
1401560957170 6 4098 677.5 1056.9509 0.20000002 3.0 3.0 3.0 3.0 0.0 0.104 1 TOUCH_UP Back
1401560957561 6 4098 668.5 1057.4509 0.33333334 5.0 5.0 5.0 5.0 0.0 0.192 0 TOUCH_DOWN Back
1401560957597 6 4098 668.5 1057.4509 0.33333334 5.0 5.0 5.0 5.0 0.0 0.192 1 TOUCH_UP Back
1401560958193 6 4098 633.5 799.451 0.16666667 3.0 3.0 3.0 3.0 0.0 0.192 0 TOUCH_DOWN o
1401560958210 6 4098 633.5 799.451 0.20000002 4.0 4.0 4.0 4.0 0.0 0.20400001 2 TOUCH_MOVE o
1401560958253 6 4098 633.5 798.0647 0.26666668 5.0 5.0 5.0 5.0 0.0 0.224 2 TOUCH_MOVE o
1401560958264 6 4098 633.5 797.701 0.23333335 4.0 4.0 4.0 4.0 0.0 0.224 2 TOUCH_MOVE o
1401560958294 6 4098 633.5 797.951 0.16666667 3.0 3.0 3.0 3.0 0.0 0.1 2 TOUCH_MOVE o
1401560958298 6 4098 633.5 797.951 0.16666667 3.0 3.0 3.0 3.0 0.0 0.1 1 TOUCH_UP o
1401560958576 6 4098 584.0 1075.9509 0.16666667 3.0 3.0 3.0 3.0 0.0 0.2 0 TOUCH_DOWN m
1401560958582 6 4098 584.0 1075.9509 0.20000002 3.0 3.0 3.0 3.0 0.0 0.20400001 2 TOUCH_MOVE m
1401560958609 6 4098 583.4841 1076.4669 0.23333335 4.0 4.0 4.0 4.0 0.0 0.216 2 TOUCH_MOVE m
1401560958626 6 4098 582.75 1076.4509 0.20000002 3.0 3.0 3.0 3.0 0.0 0.21200001 2 TOUCH_MOVE m
1401560958643 6 4098 582.25 1076.4509 0.20000002 3.0 3.0 3.0 3.0 0.0 0.208 2 TOUCH_MOVE m
1401560958659 6 4098 582.5 1076.4509 0.13333334 2.0 2.0 2.0 2.0 0.0 0.18 2 TOUCH_MOVE m
1401560958669 6 4098 582.5 1076.4509 0.13333334 2.0 2.0 2.0 2.0 0.0 0.18 1 TOUCH_UP m
1401560958842 6 4098 298.0 1237.4509 0.20000002 4.0 4.0 4.0 4.0 0.0 0.208 0 TOUCH_DOWN Space
1401560958865 6 4098 297.54556 1236.9965 0.23333335 4.0 4.0 4.0 4.0 0.0 0.216 2 TOUCH_MOVE Space
1401560958894 6 4098 295.52936 1232.0096 0.26666668 5.0 5.0 5.0 5.0 0.0 0.23600002 2 TOUCH_MOVE Space
1401560958910 6 4098 295.0 1231.0142 0.26666668 5.0 5.0 5.0 5.0 0.0 0.23600002 2 TOUCH_MOVE Space
1401560958926 6 4098 295.0 1230.7009 0.26666668 5.0 5.0 5.0 5.0 0.0 0.23600002 2 TOUCH_MOVE Space
1401560958978 6 4098 295.0 1230.9509 0.16666667 3.0 3.0 3.0 3.0 0.0 0.192 2 TOUCH_MOVE Space
1401560958982 6 4098 295.0 1230.9509 0.16666667 3.0 3.0 3.0 3.0 0.0 0.192 1 TOUCH_UP Space
1401560959074 6 4098 513.0 1077.4509 0.23333335 4.0 4.0 4.0 4.0 0.0 0.216 0 TOUCH_DOWN n
1401560959078 6 4098 513.0 1077.4509 0.23333335 4.0 4.0 4.0 4.0 0.0 0.21200001 2 TOUCH_MOVE n
1401560959204 6 4098 513.0 1077.4509 0.23333335 4.0 4.0 4.0 4.0 0.0 0.21200001 1 TOUCH_UP n
1401560959776 6 4098 420.0 824.451 0.26666668 5.0 5.0 5.0 5.0 0.0 0.216 0 TOUCH_DOWN y
1401560959791 6 4098 420.0 824.451 0.3 5.0 5.0 5.0 5.0 0.0 0.23200001 2 TOUCH_MOVE y
1401560959846 6 4098 420.0 824.451 0.3 5.0 5.0 5.0 5.0 0.0 0.23200001 1 TOUCH_UP y
1401560960061 6 4098 301.5 1245.4509 0.16666667 4.0 4.0 4.0 4.0 0.0 0.192 0 TOUCH_DOWN Space
1401560960066 6 4098 301.5 1245.0426 0.16666667 4.0 4.0 4.0 4.0 0.0 0.20400001 2 TOUCH_MOVE Space
1401560960086 6 4098 301.5 1242.8695 0.20000002 4.0 4.0 4.0 4.0 0.0 0.216 2 TOUCH_MOVE Space
1401560960095 6 4098 301.5 1239.5313 0.23333335 5.0 5.0 5.0 5.0 0.0 0.22000001 2 TOUCH_MOVE Space
1401560960111 6 4098 302.31897 1236.813 0.23333335 5.0 5.0 5.0 5.0 0.0 0.22800002 2 TOUCH_MOVE Space
1401560960127 6 4098 302.5 1235.1647 0.23333335 5.0 5.0 5.0 5.0 0.0 0.22800002 2 TOUCH_MOVE Space
1401560960145 6 4098 302.5 1234.2041 0.23333335 4.0 4.0 4.0 4.0 0.0 0.224 2 TOUCH_MOVE Space
1401560960193 6 4098 302.5 1234.2041 0.23333335 4.0 4.0 4.0 4.0 0.0 0.224 1 TOUCH_UP Space
1401560960591 6 4098 653.5 1054.4509 0.26666668 5.0 5.0 5.0 5.0 0.0 0.18400002 0 TOUCH_DOWN Back
1401560960614 6 4098 653.5 1054.4509 0.26666668 5.0 5.0 5.0 5.0 0.0 0.18800001 2 TOUCH_MOVE Back
1401560960647 6 4098 654.5 1051.1235 0.26666668 4.0 4.0 4.0 4.0 0.0 0.17600001 2 TOUCH_MOVE Back
1401560960653 6 4098 654.5 1051.1235 0.26666668 4.0 4.0 4.0 4.0 0.0 0.17600001 1 TOUCH_UP Back
1401560960779 6 4098 656.5 1047.9509 0.26666668 4.0 4.0 4.0 4.0 0.0 0.18400002 0 TOUCH_DOWN Back
1401560960795 6 4098 656.5 1047.9509 0.26666668 4.0 4.0 4.0 4.0 0.0 0.192 2 TOUCH_MOVE Back
1401560960845 6 4098 656.5 1048.4509 0.33333334 5.0 5.0 5.0 5.0 0.0 0.16000001 2 TOUCH_MOVE Back
1401560960850 6 4098 656.5 1048.4509 0.33333334 5.0 5.0 5.0 5.0 0.0 0.16000001 1 TOUCH_UP Back
1401560961230 6 4098 54.5 989.451 0.23333335 4.0 4.0 4.0 4.0 0.0 0.19600001 0 TOUCH_DOWN a
1401560961248 6 4098 54.5 989.451 0.23333335 4.0 4.0 4.0 4.0 0.0 0.20400001 2 TOUCH_MOVE a
1401560961279 6 4098 53.88339 989.451 0.23333335 4.0 4.0 4.0 4.0 0.0 0.208 2 TOUCH_MOVE a
1401560961295 6 4098 53.247032 989.451 0.23333335 4.0 4.0 4.0 4.0 0.0 0.192 2 TOUCH_MOVE a
1401560961312 6 4098 53.0 989.451 0.23333335 4.0 4.0 4.0 4.0 0.0 0.18 2 TOUCH_MOVE a
1401560961317 6 4098 53.0 989.451 0.23333335 4.0 4.0 4.0 4.0 0.0 0.18 1 TOUCH_UP a
1401560961988 6 4098 391.5 819.951 0.3 5.0 5.0 5.0 5.0 0.0 0.22000001 0 TOUCH_DOWN y
1401560961996 6 4098 391.5 819.951 0.3 5.0 5.0 5.0 5.0 0.0 0.224 2 TOUCH_MOVE y
1401560962029 6 4098 391.5 821.1061 0.33333334 5.0 5.0 5.0 5.0 0.0 0.24400002 2 TOUCH_MOVE y
1401560962046 6 4098 391.5 822.06616 0.33333334 5.0 5.0 5.0 5.0 0.0 0.23200001 2 TOUCH_MOVE y
1401560962086 6 4098 391.5 822.06616 0.33333334 5.0 5.0 5.0 5.0 0.0 0.23200001 1 TOUCH_UP y
1401560962273 6 4098 311.5 1239.9509 0.23333335 5.0 5.0 5.0 5.0 0.0 0.21200001 0 TOUCH_DOWN Space
1401560962280 6 4098 311.5 1239.9509 0.20000002 4.0 4.0 4.0 4.0 0.0 0.224 2 TOUCH_MOVE Space
1401560962300 6 4098 311.57095 1238.1671 0.26666668 5.0 5.0 5.0 5.0 0.0 0.22800002 2 TOUCH_MOVE Space
1401560962313 6 4098 312.53363 1234.3164 0.26666668 5.0 5.0 5.0 5.0 0.0 0.23600002 2 TOUCH_MOVE Space
1401560962329 6 4098 313.47998 1231.991 0.26666668 5.0 5.0 5.0 5.0 0.0 0.23200001 2 TOUCH_MOVE Space
1401560962346 6 4098 314.452 1230.4989 0.26666668 5.0 5.0 5.0 5.0 0.0 0.24000001 2 TOUCH_MOVE Space
1401560962363 6 4098 315.40292 1230.4509 0.23333335 4.0 4.0 4.0 4.0 0.0 0.22800002 2 TOUCH_MOVE Space
1401560962380 6 4098 316.89142 1230.8423 0.23333335 5.0 5.0 5.0 5.0 0.0 0.208 2 TOUCH_MOVE Space
1401560962396 6 4098 317.0 1230.9509 0.16666667 4.0 4.0 4.0 4.0 0.0 0.14 2 TOUCH_MOVE Space
1401560962414 6 4098 317.0 1230.9509 0.16666667 4.0 4.0 4.0 4.0 0.0 0.14 1 TOUCH_UP Space
1401560962834 6 4098 571.0 1065.9509 0.26666668 4.0 4.0 4.0 4.0 0.0 0.20400001 0 TOUCH_DOWN m
1401560962880 6 4098 569.3972 1066.7523 0.26666668 4.0 4.0 4.0 4.0 0.0 0.208 2 TOUCH_MOVE m
1401560962896 6 4098 568.2356 1067.7153 0.26666668 4.0 4.0 4.0 4.0 0.0 0.20400001 2 TOUCH_MOVE m
1401560962913 6 4098 567.28217 1068.5598 0.23333335 4.0 4.0 4.0 4.0 0.0 0.18400002 2 TOUCH_MOVE m
1401560962930 6 4098 565.9133 1069.5376 0.20000002 3.0 3.0 3.0 3.0 0.0 0.104 2 TOUCH_MOVE m
1401560962940 6 4098 565.9133 1069.5376 0.20000002 3.0 3.0 3.0 3.0 0.0 0.104 1 TOUCH_UP m
1401560963143 6 4098 186.5 846.451 0.26666668 4.0 4.0 4.0 4.0 0.0 0.22000001 0 TOUCH_DOWN e
1401560963147 6 4098 186.5 846.451 0.26666668 4.0 4.0 4.0 4.0 0.0 0.23200001 2 TOUCH_MOVE e
1401560963166 6 4098 186.32124 845.59344 0.3 5.0 5.0 5.0 5.0 0.0 0.24000001 2 TOUCH_MOVE e
1401560963180 6 4098 185.35931 843.6696 0.3 5.0 5.0 5.0 5.0 0.0 0.24400002 2 TOUCH_MOVE e
1401560963197 6 4098 184.38977 842.34076 0.26666668 4.0 4.0 4.0 4.0 0.0 0.24000001 2 TOUCH_MOVE e
1401560963234 6 4098 184.38977 842.34076 0.26666668 4.0 4.0 4.0 4.0 0.0 0.24000001 1 TOUCH_UP e
1401560963527 6 4098 306.0 1224.9509 0.23333335 4.0 4.0 4.0 4.0 0.0 0.224 0 TOUCH_DOWN Space
1401560963564 6 4098 306.0 1224.1558 0.26666668 5.0 5.0 5.0 5.0 0.0 0.24000001 2 TOUCH_MOVE Space
1401560963583 6 4098 305.22714 1223.1781 0.26666668 5.0 5.0 5.0 5.0 0.0 0.24400002 2 TOUCH_MOVE Space
1401560963602 6 4098 305.0 1222.2103 0.23333335 4.0 4.0 4.0 4.0 0.0 0.23200001 2 TOUCH_MOVE Space
1401560963614 6 4098 305.59525 1223.0461 0.20000002 3.0 3.0 3.0 3.0 0.0 0.21200001 2 TOUCH_MOVE Space
1401560963628 6 4098 305.5 1222.9509 0.16666667 3.0 3.0 3.0 3.0 0.0 0.18400002 2 TOUCH_MOVE Space
1401560963632 6 4098 305.5 1222.9509 0.16666667 3.0 3.0 3.0 3.0 0.0 0.18400002 1 TOUCH_UP Space
1401560963864 6 4098 653.0 904.951 0.23333335 4.0 4.0 4.0 4.0 0.0 0.19600001 0 TOUCH_DOWN l
1401560963873 6 4098 653.0 904.951 0.23333335 4.0 4.0 4.0 4.0 0.0 0.208 2 TOUCH_MOVE l
1401560963950 6 4098 653.0 904.951 0.23333335 4.0 4.0 4.0 4.0 0.0 0.208 1 TOUCH_UP l
1401560964159 6 4098 188.5 813.951 0.26666668 4.0 4.0 4.0 4.0 0.0 0.22000001 0 TOUCH_DOWN e
1401560964171 6 4098 188.5 814.44476 0.26666668 4.0 4.0 4.0 4.0 0.0 0.23600002 2 TOUCH_MOVE e
1401560964194 6 4098 188.5 816.3915 0.3 5.0 5.0 5.0 5.0 0.0 0.256 2 TOUCH_MOVE e
1401560964199 6 4098 188.08249 818.286 0.33333334 5.0 5.0 5.0 5.0 0.0 0.26000002 2 TOUCH_MOVE e
1401560964214 6 4098 187.66737 819.2836 0.3 5.0 5.0 5.0 5.0 0.0 0.256 2 TOUCH_MOVE e
1401560964232 6 4098 187.5 819.451 0.3 5.0 5.0 5.0 5.0 0.0 0.24800001 2 TOUCH_MOVE e
1401560964248 6 4098 187.5 819.451 0.20000002 4.0 4.0 4.0 4.0 0.0 0.172 2 TOUCH_MOVE e
1401560964254 6 4098 187.5 819.451 0.20000002 4.0 4.0 4.0 4.0 0.0 0.172 1 TOUCH_UP e
1401560964486 6 4098 504.0 1062.4509 0.3 5.0 5.0 5.0 5.0 0.0 0.208 0 TOUCH_DOWN n
1401560964498 6 4098 504.0 1062.4509 0.3 5.0 5.0 5.0 5.0 0.0 0.216 2 TOUCH_MOVE n
1401560964565 6 4098 503.5 1061.9681 0.33333334 5.0 5.0 5.0 5.0 0.0 0.2 2 TOUCH_MOVE n
1401560964569 6 4098 503.5 1061.9509 0.33333334 5.0 5.0 5.0 5.0 0.0 0.18400002 2 TOUCH_MOVE n
1401560964576 6 4098 503.5 1061.9509 0.33333334 5.0 5.0 5.0 5.0 0.0 0.18400002 1 TOUCH_UP n
1401560964690 6 4098 282.5 1216.4509 0.26666668 5.0 5.0 5.0 5.0 0.0 0.22800002 0 TOUCH_DOWN Space
1401560964750 6 4098 282.5 1216.4509 0.23333335 4.0 4.0 4.0 4.0 0.0 0.24800001 2 TOUCH_MOVE Space
1401560964800 6 4098 282.5 1216.4509 0.23333335 4.0 4.0 4.0 4.0 0.0 0.24800001 1 TOUCH_UP Space
1401560965032 6 4098 505.0 1064.4509 0.3 5.0 5.0 5.0 5.0 0.0 0.21200001 0 TOUCH_DOWN n
1401560965074 6 4098 505.0 1064.4509 0.3 5.0 5.0 5.0 5.0 0.0 0.208 2 TOUCH_MOVE n
1401560965099 6 4098 504.416 1064.4509 0.3 5.0 5.0 5.0 5.0 0.0 0.224 2 TOUCH_MOVE n
1401560965123 6 4098 504.5 1064.4509 0.3 5.0 5.0 5.0 5.0 0.0 0.17600001 2 TOUCH_MOVE n
1401560965128 6 4098 504.5 1064.4509 0.3 5.0 5.0 5.0 5.0 0.0 0.17600001 1 TOUCH_UP n
1401560965514 6 4098 494.0 815.451 0.26666668 4.0 4.0 4.0 4.0 0.0 0.20400001 0 TOUCH_DOWN u
1401560965518 6 4098 494.0 815.451 0.3 5.0 5.0 5.0 5.0 0.0 0.21200001 2 TOUCH_MOVE u
1401560965549 6 4098 494.0 816.94604 0.3 5.0 5.0 5.0 5.0 0.0 0.21200001 2 TOUCH_MOVE u
1401560965566 6 4098 494.4598 817.91077 0.3 5.0 5.0 5.0 5.0 0.0 0.2 2 TOUCH_MOVE u
1401560965573 6 4098 494.5 817.951 0.33333334 5.0 5.0 5.0 5.0 0.0 0.18400002 2 TOUCH_MOVE u
1401560965577 6 4098 494.5 817.951 0.33333334 5.0 5.0 5.0 5.0 0.0 0.18400002 1 TOUCH_UP u
1401560965738 6 4098 629.5 806.451 0.16666667 3.0 3.0 3.0 3.0 0.0 0.18800001 0 TOUCH_DOWN o
1401560965749 6 4098 629.5 806.451 0.23333335 4.0 4.0 4.0 4.0 0.0 0.20400001 2 TOUCH_MOVE o
1401560965766 6 4098 629.5 806.9581 0.23333335 4.0 4.0 4.0 4.0 0.0 0.216 2 TOUCH_MOVE o
1401560965799 6 4098 629.5 807.68256 0.23333335 4.0 4.0 4.0 4.0 0.0 0.21200001 2 TOUCH_MOVE o
1401560965810 6 4098 629.5 807.68256 0.23333335 4.0 4.0 4.0 4.0 0.0 0.21200001 1 TOUCH_UP o
1401560966055 6 4098 514.5 1065.9509 0.26666668 4.0 4.0 4.0 4.0 0.0 0.19600001 0 TOUCH_DOWN n
1401560966067 6 4098 514.5 1065.9509 0.26666668 4.0 4.0 4.0 4.0 0.0 0.20400001 2 TOUCH_MOVE n
1401560966083 6 4098 512.1465 1065.9509 0.26666668 4.0 4.0 4.0 4.0 0.0 0.20400001 2 TOUCH_MOVE n
1401560966099 6 4098 509.4022 1065.9509 0.26666668 4.0 4.0 4.0 4.0 0.0 0.216 2 TOUCH_MOVE n
1401560966116 6 4098 507.7373 1065.9509 0.3 5.0 5.0 5.0 5.0 0.0 0.216 2 TOUCH_MOVE n
1401560966133 6 4098 507.0 1066.0991 0.26666668 4.0 4.0 4.0 4.0 0.0 0.2 2 TOUCH_MOVE n
1401560966147 6 4098 507.0 1066.4509 0.23333335 4.0 4.0 4.0 4.0 0.0 0.18400002 2 TOUCH_MOVE n
1401560966151 6 4098 507.0 1066.4509 0.23333335 4.0 4.0 4.0 4.0 0.0 0.18400002 1 TOUCH_UP n
1401560966362 6 4098 367.5 964.451 0.23333335 4.0 4.0 4.0 4.0 0.0 0.20400001 0 TOUCH_DOWN g
1401560966369 6 4098 367.5 964.451 0.23333335 4.0 4.0 4.0 4.0 0.0 0.216 2 TOUCH_MOVE g
1401560966400 6 4098 368.02585 964.451 0.23333335 4.0 4.0 4.0 4.0 0.0 0.22000001 2 TOUCH_MOVE g
1401560966417 6 4098 368.75 964.451 0.23333335 4.0 4.0 4.0 4.0 0.0 0.21200001 2 TOUCH_MOVE g
1401560966431 6 4098 368.5 964.451 0.20000002 4.0 4.0 4.0 4.0 0.0 0.18400002 2 TOUCH_MOVE g
1401560966435 6 4098 368.5 964.451 0.20000002 4.0 4.0 4.0 4.0 0.0 0.18400002 1 TOUCH_UP g
1401560966847 6 4098 260.5 1222.9509 0.23333335 4.0 4.0 4.0 4.0 0.0 0.216 0 TOUCH_DOWN Space
1401560966862 6 4098 260.5 1222.9509 0.23333335 4.0 4.0 4.0 4.0 0.0 0.23600002 2 TOUCH_MOVE Space
1401560966893 6 4098 262.19296 1222.2579 0.26666668 5.0 5.0 5.0 5.0 0.0 0.256 2 TOUCH_MOVE Space
1401560966900 6 4098 263.5606 1220.8903 0.26666668 5.0 5.0 5.0 5.0 0.0 0.26000002 2 TOUCH_MOVE Space
1401560966917 6 4098 264.52606 1219.9249 0.26666668 5.0 5.0 5.0 5.0 0.0 0.26000002 2 TOUCH_MOVE Space
1401560966955 6 4098 264.5 1218.4753 0.26666668 5.0 5.0 5.0 5.0 0.0 0.24800001 2 TOUCH_MOVE Space
1401560966968 6 4098 264.5 1218.4509 0.26666668 5.0 5.0 5.0 5.0 0.0 0.23600002 2 TOUCH_MOVE Space
1401560966984 6 4098 264.5 1218.4509 0.16666667 3.0 3.0 3.0 3.0 0.0 0.108 2 TOUCH_MOVE Space
1401560966989 6 4098 264.5 1218.4509 0.16666667 3.0 3.0 3.0 3.0 0.0 0.108 1 TOUCH_UP Space
1401560967450 6 4098 583.5 1070.4509 0.20000002 4.0 4.0 4.0 4.0 0.0 0.192 0 TOUCH_DOWN m
1401560967457 6 4098 583.5 1070.4509 0.20000002 4.0 4.0 4.0 4.0 0.0 0.2 2 TOUCH_MOVE m
1401560967484 6 4098 582.72876 1069.6797 0.23333335 4.0 4.0 4.0 4.0 0.0 0.20400001 2 TOUCH_MOVE m
1401560967501 6 4098 582.25903 1068.469 0.20000002 4.0 4.0 4.0 4.0 0.0 0.19600001 2 TOUCH_MOVE m
1401560967518 6 4098 582.0 1067.2349 0.23333335 5.0 5.0 5.0 5.0 0.0 0.128 2 TOUCH_MOVE m
1401560967523 6 4098 582.0 1067.2349 0.23333335 5.0 5.0 5.0 5.0 0.0 0.128 1 TOUCH_UP m
1401560967790 6 4098 628.0 791.451 0.23333335 4.0 4.0 4.0 4.0 0.0 0.2 0 TOUCH_DOWN o
1401560967801 6 4098 628.0 791.451 0.23333335 4.0 4.0 4.0 4.0 0.0 0.21200001 2 TOUCH_MOVE o
1401560967820 6 4098 626.96185 791.451 0.23333335 4.0 4.0 4.0 4.0 0.0 0.21200001 2 TOUCH_MOVE o
1401560967835 6 4098 625.44635 790.92413 0.23333335 4.0 4.0 4.0 4.0 0.0 0.18 2 TOUCH_MOVE o
1401560967844 6 4098 625.44635 790.92413 0.23333335 4.0 4.0 4.0 4.0 0.0 0.18 1 TOUCH_UP o
1401560968121 6 4098 334.0 824.951 0.33333334 5.0 5.0 5.0 5.0 0.0 0.20400001 0 TOUCH_DOWN t
1401560968140 6 4098 332.18417 824.951 0.3 5.0 5.0 5.0 5.0 0.0 0.22000001 2 TOUCH_MOVE t
1401560968152 6 4098 327.66068 824.451 0.3 5.0 5.0 5.0 5.0 0.0 0.22000001 2 TOUCH_MOVE t
1401560968168 6 4098 324.9801 824.451 0.33333334 5.0 5.0 5.0 5.0 0.0 0.22800002 2 TOUCH_MOVE t
1401560968185 6 4098 323.75 824.451 0.33333334 5.0 5.0 5.0 5.0 0.0 0.22000001 2 TOUCH_MOVE t
1401560968216 6 4098 323.75 824.451 0.33333334 5.0 5.0 5.0 5.0 0.0 0.22000001 1 TOUCH_UP t
1401560968533 6 4098 261.5 1218.4509 0.23333335 4.0 4.0 4.0 4.0 0.0 0.22800002 0 TOUCH_DOWN Space
1401560968635 6 4098 261.5 1218.4509 0.23333335 4.0 4.0 4.0 4.0 0.0 0.18800001 2 TOUCH_MOVE Space
1401560968639 6 4098 261.5 1218.4509 0.23333335 4.0 4.0 4.0 4.0 0.0 0.18800001 1 TOUCH_UP Space
1401560969074 6 4098 584.0 1076.9509 0.13333334 2.0 2.0 2.0 2.0 0.0 0.18400002 0 TOUCH_DOWN m
1401560969075 6 4098 584.0 1076.9509 0.13333334 2.0 2.0 2.0 2.0 0.0 0.17600001 2 TOUCH_MOVE m
1401560969082 6 4098 584.0 1076.9509 0.13333334 2.0 2.0 2.0 2.0 0.0 0.17600001 1 TOUCH_UP m
1401560969376 6 4098 546.5 798.451 0.20000002 4.0 4.0 4.0 4.0 0.0 0.21200001 0 TOUCH_DOWN i
1401560969386 6 4098 546.5 798.451 0.23333335 4.0 4.0 4.0 4.0 0.0 0.22800002 2 TOUCH_MOVE i
1401560969436 6 4098 544.90326 800.59607 0.23333335 4.0 4.0 4.0 4.0 0.0 0.19600001 2 TOUCH_MOVE i
1401560969456 6 4098 541.25 808.701 0.23333335 4.0 4.0 4.0 4.0 0.0 0.18 2 TOUCH_MOVE i
1401560969464 6 4098 541.25 808.701 0.23333335 4.0 4.0 4.0 4.0 0.0 0.18 1 TOUCH_UP i
1401560969698 6 4098 525.0 1044.9509 0.20000002 4.0 4.0 4.0 4.0 0.0 0.2 0 TOUCH_DOWN n
1401560969741 6 4098 522.47174 1045.7937 0.23333335 4.0 4.0 4.0 4.0 0.0 0.216 2 TOUCH_MOVE n
1401560969753 6 4098 518.8424 1045.9509 0.23333335 4.0 4.0 4.0 4.0 0.0 0.20400001 2 TOUCH_MOVE n
1401560969771 6 4098 516.0 1044.9509 0.23333335 4.0 4.0 4.0 4.0 0.0 0.18 2 TOUCH_MOVE n
1401560969775 6 4098 516.0 1044.9509 0.23333335 4.0 4.0 4.0 4.0 0.0 0.18 1 TOUCH_UP n
1401560969926 6 4098 442.5 932.451 0.3 5.0 5.0 5.0 5.0 0.0 0.216 0 TOUCH_DOWN h
1401560969987 6 4098 442.5 932.451 0.3 5.0 5.0 5.0 5.0 0.0 0.24000001 2 TOUCH_MOVE h
1401560970021 6 4098 442.5 932.451 0.3 5.0 5.0 5.0 5.0 0.0 0.24000001 1 TOUCH_UP h
1401560970155 6 4098 265.5 1212.4509 0.26666668 5.0 5.0 5.0 5.0 0.0 0.24000001 0 TOUCH_DOWN Space
1401560970187 6 4098 266.40787 1212.4509 0.26666668 5.0 5.0 5.0 5.0 0.0 0.24800001 2 TOUCH_MOVE Space
1401560970204 6 4098 266.9551 1212.4509 0.26666668 5.0 5.0 5.0 5.0 0.0 0.252 2 TOUCH_MOVE Space
1401560970227 6 4098 267.75 1212.4509 0.26666668 5.0 5.0 5.0 5.0 0.0 0.24800001 2 TOUCH_MOVE Space
1401560970256 6 4098 268.75476 1211.1866 0.26666668 5.0 5.0 5.0 5.0 0.0 0.23200001 2 TOUCH_MOVE Space
1401560970270 6 4098 269.0 1206.4509 0.23333335 5.0 5.0 5.0 5.0 0.0 0.192 2 TOUCH_MOVE Space
1401560970281 6 4098 269.0 1206.4509 0.23333335 5.0 5.0 5.0 5.0 0.0 0.15200001 2 TOUCH_MOVE Space
1401560970286 6 4098 269.0 1206.4509 0.23333335 5.0 5.0 5.0 5.0 0.0 0.15200001 1 TOUCH_UP Space
1401560970692 6 4098 175.0 805.451 0.23333335 4.0 4.0 4.0 4.0 0.0 0.224 0 TOUCH_DOWN e
1401560970704 6 4098 175.0 805.8291 0.3 5.0 5.0 5.0 5.0 0.0 0.24000001 2 TOUCH_MOVE e
1401560970727 6 4098 175.0 806.6754 0.3 5.0 5.0 5.0 5.0 0.0 0.256 2 TOUCH_MOVE e
1401560970741 6 4098 176.18852 807.6395 0.3 5.0 5.0 5.0 5.0 0.0 0.272 2 TOUCH_MOVE e
1401560970754 6 4098 177.20448 808.65546 0.3 5.0 5.0 5.0 5.0 0.0 0.272 2 TOUCH_MOVE e
1401560970798 6 4098 176.18413 809.66156 0.3 5.0 5.0 5.0 5.0 0.0 0.23200001 2 TOUCH_MOVE e
1401560970804 6 4098 173.85042 812.17535 0.23333335 4.0 4.0 4.0 4.0 0.0 0.16800001 2 TOUCH_MOVE e
1401560970814 6 4098 173.85042 812.17535 0.23333335 4.0 4.0 4.0 4.0 0.0 0.16800001 1 TOUCH_UP e
1401560970928 6 4098 590.0 1086.4509 0.13333334 2.0 2.0 2.0 2.0 0.0 0.18 0 TOUCH_DOWN m
1401560970971 6 4098 589.64996 1086.4509 0.20000002 3.0 3.0 3.0 3.0 0.0 0.21200001 2 TOUCH_MOVE m
1401560970987 6 4098 588.8289 1086.4509 0.20000002 3.0 3.0 3.0 3.0 0.0 0.20400001 2 TOUCH_MOVE m
1401560971004 6 4098 583.3004 1085.811 0.16666667 3.0 3.0 3.0 3.0 0.0 0.192 2 TOUCH_MOVE m
1401560971022 6 4098 580.3058 1084.8538 0.13333334 2.0 2.0 2.0 2.0 0.0 0.148 2 TOUCH_MOVE m
1401560971035 6 4098 579.5 1084.9509 0.13333334 2.0 2.0 2.0 2.0 0.0 0.108 2 TOUCH_MOVE m
1401560971040 6 4098 579.5 1084.9509 0.13333334 2.0 2.0 2.0 2.0 0.0 0.108 1 TOUCH_UP m
1401560971184 6 4098 256.0 1203.4509 0.23333335 4.0 4.0 4.0 4.0 0.0 0.22000001 0 TOUCH_DOWN Space
1401560971190 6 4098 256.0 1203.6888 0.23333335 4.0 4.0 4.0 4.0 0.0 0.23200001 2 TOUCH_MOVE Space
1401560971211 6 4098 256.0 1204.636 0.26666668 5.0 5.0 5.0 5.0 0.0 0.24800001 2 TOUCH_MOVE Space
1401560971223 6 4098 256.0 1205.6144 0.3 5.0 5.0 5.0 5.0 0.0 0.256 2 TOUCH_MOVE Space
1401560971238 6 4098 256.0 1206.5798 0.26666668 4.0 4.0 4.0 4.0 0.0 0.252 2 TOUCH_MOVE Space
1401560971256 6 4098 256.0 1207.2009 0.3 5.0 5.0 5.0 5.0 0.0 0.24800001 2 TOUCH_MOVE Space
1401560971286 6 4098 256.0 1206.9509 0.16666667 3.0 3.0 3.0 3.0 0.0 0.18400002 2 TOUCH_MOVE Space
1401560971291 6 4098 256.0 1206.9509 0.16666667 3.0 3.0 3.0 3.0 0.0 0.18400002 1 TOUCH_UP Space
1401560971640 6 4098 326.0 825.951 0.33333334 5.0 5.0 5.0 5.0 0.0 0.22000001 0 TOUCH_DOWN t
1401560971665 6 4098 326.0 825.951 0.33333334 5.0 5.0 5.0 5.0 0.0 0.23600002 2 TOUCH_MOVE t
1401560971709 6 4098 326.0 827.0644 0.33333334 5.0 5.0 5.0 5.0 0.0 0.216 2 TOUCH_MOVE t
1401560971726 6 4098 326.0 826.951 0.33333334 5.0 5.0 5.0 5.0 0.0 0.18400002 2 TOUCH_MOVE t
1401560971729 6 4098 326.0 826.951 0.33333334 5.0 5.0 5.0 5.0 0.0 0.18400002 1 TOUCH_UP t
1401560971888 6 4098 624.5 802.451 0.20000002 4.0 4.0 4.0 4.0 0.0 0.20400001 0 TOUCH_DOWN o
1401560971892 6 4098 624.5 802.451 0.23333335 5.0 5.0 5.0 5.0 0.0 0.21200001 2 TOUCH_MOVE o
1401560971914 6 4098 624.35034 803.10065 0.26666668 5.0 5.0 5.0 5.0 0.0 0.216 2 TOUCH_MOVE o
1401560971921 6 4098 623.38214 804.06885 0.26666668 5.0 5.0 5.0 5.0 0.0 0.22000001 2 TOUCH_MOVE o
1401560971938 6 4098 621.28235 805.0598 0.26666668 5.0 5.0 5.0 5.0 0.0 0.208 2 TOUCH_MOVE o
1401560971972 6 4098 619.5 804.951 0.23333335 5.0 5.0 5.0 5.0 0.0 0.16800001 2 TOUCH_MOVE o
1401560971992 6 4098 619.5 804.951 0.23333335 5.0 5.0 5.0 5.0 0.0 0.16800001 1 TOUCH_UP o
1401560972099 6 4098 542.0 811.451 0.23333335 4.0 4.0 4.0 4.0 0.0 0.224 0 TOUCH_DOWN i
1401560972105 6 4098 542.0 811.451 0.26666668 4.0 4.0 4.0 4.0 0.0 0.23600002 2 TOUCH_MOVE i
1401560972139 6 4098 542.0 812.62036 0.3 5.0 5.0 5.0 5.0 0.0 0.24800001 2 TOUCH_MOVE i
1401560972156 6 4098 540.8654 813.5856 0.3 5.0 5.0 5.0 5.0 0.0 0.24800001 2 TOUCH_MOVE i
1401560972202 6 4098 540.8654 813.5856 0.3 5.0 5.0 5.0 5.0 0.0 0.24800001 1 TOUCH_UP i
1401560972338 6 4098 267.0 1210.9509 0.26666668 5.0 5.0 5.0 5.0 0.0 0.23200001 0 TOUCH_DOWN Space
1401560972360 6 4098 267.0 1210.9509 0.26666668 5.0 5.0 5.0 5.0 0.0 0.24000001 2 TOUCH_MOVE Space
1401560972439 6 4098 267.0 1210.9509 0.26666668 5.0 5.0 5.0 5.0 0.0 0.18400002 2 TOUCH_MOVE Space
1401560972449 6 4098 267.0 1210.9509 0.26666668 5.0 5.0 5.0 5.0 0.0 0.18400002 1 TOUCH_UP Space
1401560972645 6 4098 661.5 957.451 0.23333335 4.0 4.0 4.0 4.0 0.0 0.18800001 0 TOUCH_DOWN l
1401560972656 6 4098 661.5 957.451 0.23333335 4.0 4.0 4.0 4.0 0.0 0.19600001 2 TOUCH_MOVE l
1401560972689 6 4098 661.5 956.4754 0.3 5.0 5.0 5.0 5.0 0.0 0.192 2 TOUCH_MOVE l
1401560972708 6 4098 661.5 955.05286 0.26666668 4.0 4.0 4.0 4.0 0.0 0.19600001 2 TOUCH_MOVE l
1401560972722 6 4098 661.5 951.6167 0.33333334 5.0 5.0 5.0 5.0 0.0 0.18400002 2 TOUCH_MOVE l
1401560972733 6 4098 661.5 950.951 0.26666668 5.0 5.0 5.0 5.0 0.0 0.148 2 TOUCH_MOVE l
1401560972737 6 4098 661.5 950.951 0.26666668 5.0 5.0 5.0 5.0 0.0 0.148 1 TOUCH_UP l
1401560972934 6 4098 629.5 828.451 0.3 5.0 5.0 5.0 5.0 0.0 0.22000001 0 TOUCH_DOWN o
1401560972939 6 4098 629.5 828.451 0.3 5.0 5.0 5.0 5.0 0.0 0.224 2 TOUCH_MOVE o
1401560972976 6 4098 628.9105 828.451 0.33333334 5.0 5.0 5.0 5.0 0.0 0.24400002 2 TOUCH_MOVE o
1401560972989 6 4098 628.3379 828.451 0.33333334 5.0 5.0 5.0 5.0 0.0 0.24000001 2 TOUCH_MOVE o
1401560973051 6 4098 628.3379 828.451 0.33333334 5.0 5.0 5.0 5.0 0.0 0.24000001 1 TOUCH_UP o
1401560973183 6 4098 689.0 808.951 0.20000002 3.0 3.0 3.0 3.0 0.0 0.2 0 TOUCH_DOWN p
1401560973189 6 4098 689.0 808.951 0.20000002 3.0 3.0 3.0 3.0 0.0 0.20400001 2 TOUCH_MOVE p
1401560973223 6 4098 689.0 810.201 0.23333335 4.0 4.0 4.0 4.0 0.0 0.208 2 TOUCH_MOVE p
1401560973260 6 4098 690.21234 809.5263 0.20000002 3.0 3.0 3.0 3.0 0.0 0.2 2 TOUCH_MOVE p
1401560973274 6 4098 690.5 808.951 0.13333334 2.0 2.0 2.0 2.0 0.0 0.156 2 TOUCH_MOVE p
1401560973279 6 4098 690.5 808.951 0.13333334 2.0 2.0 2.0 2.0 0.0 0.156 1 TOUCH_UP p
1401560974125 6 4098 685.5 1191.4509 0.16666667 3.0 3.0 3.0 3.0 0.0 0.19600001 0 TOUCH_DOWN Enter
1401560974156 6 4098 683.18243 1191.4509 0.23333335 4.0 4.0 4.0 4.0 0.0 0.21200001 2 TOUCH_MOVE Enter
1401560974174 6 4098 681.75 1191.4509 0.23333335 4.0 4.0 4.0 4.0 0.0 0.192 2 TOUCH_MOVE Enter
1401560974188 6 4098 681.75 1191.4509 0.23333335 4.0 4.0 4.0 4.0 0.0 0.192 1 TOUCH_UP Enter
1401560974969 6 4098 342.0 851.451 0.23333335 4.0 4.0 4.0 4.0 0.0 0.21200001 0 TOUCH_DOWN T
1401560974974 6 4098 342.0 851.451 0.23333335 4.0 4.0 4.0 4.0 0.0 0.22000001 2 TOUCH_MOVE T
1401560974993 6 4098 341.0955 850.54645 0.23333335 4.0 4.0 4.0 4.0 0.0 0.23200001 2 TOUCH_MOVE T
1401560975010 6 4098 340.0822 849.5332 0.23333335 4.0 4.0 4.0 4.0 0.0 0.23600002 2 TOUCH_MOVE T
1401560975025 6 4098 339.1 848.551 0.26666668 5.0 5.0 5.0 5.0 0.0 0.22800002 2 TOUCH_MOVE T
1401560975042 6 4098 339.0 848.451 0.20000002 4.0 4.0 4.0 4.0 0.0 0.192 2 TOUCH_MOVE T
1401560975051 6 4098 339.0 848.451 0.26666668 5.0 5.0 5.0 5.0 0.0 0.14400001 2 TOUCH_MOVE T
1401560975056 6 4098 339.0 848.451 0.26666668 5.0 5.0 5.0 5.0 0.0 0.14400001 1 TOUCH_UP T
1401560975198 6 4098 266.0 844.951 0.3 5.0 5.0 5.0 5.0 0.0 0.192 0 TOUCH_DOWN r
1401560975210 6 4098 266.0 844.951 0.26666668 4.0 4.0 4.0 4.0 0.0 0.2 2 TOUCH_MOVE r
1401560975241 6 4098 264.0 843.951 0.26666668 4.0 4.0 4.0 4.0 0.0 0.18400002 2 TOUCH_MOVE r
1401560975246 6 4098 264.0 843.951 0.26666668 4.0 4.0 4.0 4.0 0.0 0.18400002 1 TOUCH_UP r
1401560975505 6 4098 492.5 828.451 0.3 5.0 5.0 5.0 5.0 0.0 0.21200001 0 TOUCH_DOWN u
1401560975511 6 4098 492.5 828.451 0.3 5.0 5.0 5.0 5.0 0.0 0.22000001 2 TOUCH_MOVE u
1401560975600 6 4098 492.5 827.451 0.33333334 5.0 5.0 5.0 5.0 0.0 0.18400002 2 TOUCH_MOVE u
1401560975606 6 4098 492.5 827.451 0.33333334 5.0 5.0 5.0 5.0 0.0 0.18400002 1 TOUCH_UP u
1401560975753 6 4098 598.0 807.951 0.23333335 4.0 4.0 4.0 4.0 0.0 0.21200001 0 TOUCH_DOWN o
1401560975793 6 4098 599.1762 808.6272 0.23333335 4.0 4.0 4.0 4.0 0.0 0.22800002 2 TOUCH_MOVE o
1401560975809 6 4098 600.8957 809.6488 0.23333335 4.0 4.0 4.0 4.0 0.0 0.224 2 TOUCH_MOVE o
1401560975825 6 4098 602.8233 810.6126 0.26666668 4.0 4.0 4.0 4.0 0.0 0.21200001 2 TOUCH_MOVE o
1401560975842 6 4098 604.1302 813.2114 0.20000002 3.0 3.0 3.0 3.0 0.0 0.1 2 TOUCH_MOVE o
1401560975859 6 4098 604.1302 813.2114 0.20000002 3.0 3.0 3.0 3.0 0.0 0.1 1 TOUCH_UP o
1401560976075 6 4098 523.0 1065.4509 0.23333335 4.0 4.0 4.0 4.0 0.0 0.216 0 TOUCH_DOWN n
1401560976079 6 4098 523.0 1065.4509 0.26666668 4.0 4.0 4.0 4.0 0.0 0.224 2 TOUCH_MOVE n
1401560976109 6 4098 523.0 1066.5015 0.26666668 4.0 4.0 4.0 4.0 0.0 0.23600002 2 TOUCH_MOVE n
1401560976126 6 4098 522.49445 1067.4565 0.26666668 4.0 4.0 4.0 4.0 0.0 0.23200001 2 TOUCH_MOVE n
1401560976142 6 4098 521.5281 1068.4229 0.26666668 4.0 4.0 4.0 4.0 0.0 0.21200001 2 TOUCH_MOVE n
1401560976162 6 4098 520.0 1069.4509 0.26666668 4.0 4.0 4.0 4.0 0.0 0.192 2 TOUCH_MOVE n
1401560976167 6 4098 520.0 1069.4509 0.20000002 3.0 3.0 3.0 3.0 0.0 0.104 2 TOUCH_MOVE n
1401560976170 6 4098 520.0 1069.4509 0.20000002 3.0 3.0 3.0 3.0 0.0 0.104 1 TOUCH_UP n
1401560976317 6 4098 361.5 967.951 0.23333335 4.0 4.0 4.0 4.0 0.0 0.23200001 0 TOUCH_DOWN g
1401560976326 6 4098 361.5 967.951 0.26666668 4.0 4.0 4.0 4.0 0.0 0.23600002 2 TOUCH_MOVE g
1401560976345 6 4098 360.51572 967.951 0.26666668 4.0 4.0 4.0 4.0 0.0 0.252 2 TOUCH_MOVE g
1401560976359 6 4098 359.4997 968.4513 0.26666668 4.0 4.0 4.0 4.0 0.0 0.24400002 2 TOUCH_MOVE g
1401560976380 6 4098 358.10403 970.2949 0.23333335 4.0 4.0 4.0 4.0 0.0 0.22800002 2 TOUCH_MOVE g
1401560976392 6 4098 357.5 971.451 0.13333334 2.0 2.0 2.0 2.0 0.0 0.14 2 TOUCH_MOVE g
1401560976397 6 4098 357.5 971.451 0.13333334 2.0 2.0 2.0 2.0 0.0 0.14 1 TOUCH_UP g
1401560976715 6 4098 339.5 1232.9509 0.20000002 4.0 4.0 4.0 4.0 0.0 0.21200001 0 TOUCH_DOWN Space
1401560976730 6 4098 339.5 1232.9509 0.26666668 5.0 5.0 5.0 5.0 0.0 0.22800002 2 TOUCH_MOVE Space
1401560976763 6 4098 340.0 1231.3225 0.26666668 5.0 5.0 5.0 5.0 0.0 0.24400002 2 TOUCH_MOVE Space
1401560976776 6 4098 340.59122 1230.3597 0.26666668 5.0 5.0 5.0 5.0 0.0 0.24400002 2 TOUCH_MOVE Space
1401560976793 6 4098 340.5 1229.3933 0.26666668 5.0 5.0 5.0 5.0 0.0 0.24800001 2 TOUCH_MOVE Space
1401560976843 6 4098 340.0 1229.9509 0.23333335 5.0 5.0 5.0 5.0 0.0 0.192 2 TOUCH_MOVE Space
1401560976847 6 4098 340.0 1229.9509 0.23333335 5.0 5.0 5.0 5.0 0.0 0.192 1 TOUCH_UP Space
1401560977186 6 4098 283.0 1092.9509 0.26666668 4.0 4.0 4.0 4.0 0.0 0.23200001 0 TOUCH_DOWN c
1401560977193 6 4098 283.0 1092.9509 0.26666668 4.0 4.0 4.0 4.0 0.0 0.23600002 2 TOUCH_MOVE c
1401560977226 6 4098 284.61667 1093.4509 0.33333334 5.0 5.0 5.0 5.0 0.0 0.268 2 TOUCH_MOVE c
1401560977253 6 4098 285.2875 1093.4509 0.3 5.0 5.0 5.0 5.0 0.0 0.252 2 TOUCH_MOVE c
1401560977260 6 4098 285.73035 1093.4509 0.26666668 4.0 4.0 4.0 4.0 0.0 0.24800001 2 TOUCH_MOVE c
1401560977288 6 4098 285.73035 1093.4509 0.26666668 4.0 4.0 4.0 4.0 0.0 0.24800001 1 TOUCH_UP c
1401560977486 6 4098 476.0 791.951 0.23333335 4.0 4.0 4.0 4.0 0.0 0.22800002 0 TOUCH_DOWN u
1401560977544 6 4098 475.5762 792.37476 0.23333335 4.0 4.0 4.0 4.0 0.0 0.23200001 2 TOUCH_MOVE u
1401560977563 6 4098 475.5 792.451 0.13333334 2.0 2.0 2.0 2.0 0.0 0.16800001 2 TOUCH_MOVE u
1401560977569 6 4098 475.5 792.451 0.13333334 2.0 2.0 2.0 2.0 0.0 0.16800001 1 TOUCH_UP u
1401560977648 6 4098 62.5 957.451 0.23333335 4.0 4.0 4.0 4.0 0.0 0.18800001 0 TOUCH_DOWN a
1401560977675 6 4098 62.0 957.11487 0.23333335 4.0 4.0 4.0 4.0 0.0 0.19600001 2 TOUCH_MOVE a
1401560977680 6 4098 62.0 956.721 0.23333335 4.0 4.0 4.0 4.0 0.0 0.2 2 TOUCH_MOVE a
1401560977704 6 4098 62.0 956.721 0.23333335 4.0 4.0 4.0 4.0 0.0 0.2 1 TOUCH_UP a
1401560977971 6 4098 306.5 1235.4509 0.23333335 4.0 4.0 4.0 4.0 0.0 0.216 0 TOUCH_DOWN Space
1401560977977 6 4098 306.5 1235.4509 0.23333335 4.0 4.0 4.0 4.0 0.0 0.22800002 2 TOUCH_MOVE Space
1401560978013 6 4098 307.404 1231.643 0.26666668 5.0 5.0 5.0 5.0 0.0 0.24400002 2 TOUCH_MOVE Space
1401560978029 6 4098 307.87445 1230.0765 0.23333335 4.0 4.0 4.0 4.0 0.0 0.24000001 2 TOUCH_MOVE Space
1401560978044 6 4098 308.8247 1229.1262 0.23333335 4.0 4.0 4.0 4.0 0.0 0.23200001 2 TOUCH_MOVE Space
1401560978062 6 4098 309.0 1228.2009 0.20000002 3.0 3.0 3.0 3.0 0.0 0.18800001 2 TOUCH_MOVE Space
1401560978072 6 4098 309.0 1228.2009 0.20000002 3.0 3.0 3.0 3.0 0.0 0.18800001 1 TOUCH_UP Space
1401560978395 6 4098 186.0 809.451 0.26666668 4.0 4.0 4.0 4.0 0.0 0.22800002 0 TOUCH_DOWN e
1401560978400 6 4098 186.0 809.4854 0.26666668 4.0 4.0 4.0 4.0 0.0 0.252 2 TOUCH_MOVE e
1401560978421 6 4098 186.0 810.4843 0.3 5.0 5.0 5.0 5.0 0.0 0.264 2 TOUCH_MOVE e
1401560978428 6 4098 186.0 811.42834 0.3 5.0 5.0 5.0 5.0 0.0 0.26000002 2 TOUCH_MOVE e
1401560978444 6 4098 185.5349 812.4161 0.3 5.0 5.0 5.0 5.0 0.0 0.26000002 2 TOUCH_MOVE e
1401560978462 6 4098 185.07489 812.451 0.26666668 4.0 4.0 4.0 4.0 0.0 0.23200001 2 TOUCH_MOVE e
1401560978478 6 4098 185.0 812.451 0.13333334 2.0 2.0 2.0 2.0 0.0 0.16000001 2 TOUCH_MOVE e
1401560978482 6 4098 185.0 812.451 0.13333334 2.0 2.0 2.0 2.0 0.0 0.16000001 1 TOUCH_UP e
1401560978626 6 4098 587.5 1082.4509 0.16666667 3.0 3.0 3.0 3.0 0.0 0.2 0 TOUCH_DOWN m
1401560978629 6 4098 587.5 1082.4509 0.16666667 3.0 3.0 3.0 3.0 0.0 0.20400001 2 TOUCH_MOVE m
1401560978662 6 4098 586.5077 1082.4509 0.16666667 3.0 3.0 3.0 3.0 0.0 0.21200001 2 TOUCH_MOVE m
1401560978678 6 4098 585.11163 1082.4509 0.16666667 3.0 3.0 3.0 3.0 0.0 0.208 2 TOUCH_MOVE m
1401560978696 6 4098 582.14124 1081.5216 0.16666667 3.0 3.0 3.0 3.0 0.0 0.18800001 2 TOUCH_MOVE m
1401560978714 6 4098 581.25 1080.7009 0.13333334 2.0 2.0 2.0 2.0 0.0 0.120000005 2 TOUCH_MOVE m
1401560978720 6 4098 581.25 1080.7009 0.13333334 2.0 2.0 2.0 2.0 0.0 0.120000005 1 TOUCH_UP m
1401560978864 6 4098 308.0 1228.9509 0.23333335 4.0 4.0 4.0 4.0 0.0 0.22000001 0 TOUCH_DOWN Space
1401560978885 6 4098 308.0 1228.6865 0.23333335 4.0 4.0 4.0 4.0 0.0 0.23200001 2 TOUCH_MOVE Space
1401560978897 6 4098 308.0 1227.4749 0.23333335 4.0 4.0 4.0 4.0 0.0 0.24000001 2 TOUCH_MOVE Space
1401560978911 6 4098 308.45227 1225.0464 0.26666668 5.0 5.0 5.0 5.0 0.0 0.252 2 TOUCH_MOVE Space
1401560978928 6 4098 308.58597 1223.5369 0.23333335 4.0 4.0 4.0 4.0 0.0 0.24400002 2 TOUCH_MOVE Space
1401560978945 6 4098 308.5 1222.592 0.23333335 4.0 4.0 4.0 4.0 0.0 0.24400002 2 TOUCH_MOVE Space
1401560978961 6 4098 308.5 1221.7009 0.23333335 4.0 4.0 4.0 4.0 0.0 0.22800002 2 TOUCH_MOVE Space
1401560978983 6 4098 308.5 1221.7009 0.23333335 4.0 4.0 4.0 4.0 0.0 0.22800002 1 TOUCH_UP Space
1401560979443 6 4098 423.0 1070.4509 0.26666668 4.0 4.0 4.0 4.0 0.0 0.23200001 0 TOUCH_DOWN b
1401560979483 6 4098 425.0 1074.8269 0.33333334 5.0 5.0 5.0 5.0 0.0 0.272 2 TOUCH_MOVE b
1401560979510 6 4098 424.0 1076.4509 0.23333335 4.0 4.0 4.0 4.0 0.0 0.18800001 2 TOUCH_MOVE b
1401560979514 6 4098 424.0 1076.4509 0.23333335 4.0 4.0 4.0 4.0 0.0 0.18800001 1 TOUCH_UP b
1401560979769 6 4098 200.0 835.451 0.26666668 4.0 4.0 4.0 4.0 0.0 0.22000001 0 TOUCH_DOWN e
1401560979774 6 4098 200.04544 835.451 0.3 5.0 5.0 5.0 5.0 0.0 0.22800002 2 TOUCH_MOVE e
1401560979789 6 4098 200.55882 835.39215 0.33333334 5.0 5.0 5.0 5.0 0.0 0.24800001 2 TOUCH_MOVE e
1401560979796 6 4098 201.52443 834.4266 0.33333334 5.0 5.0 5.0 5.0 0.0 0.24800001 2 TOUCH_MOVE e
1401560979812 6 4098 202.99321 833.45776 0.33333334 5.0 5.0 5.0 5.0 0.0 0.24800001 2 TOUCH_MOVE e
1401560979829 6 4098 203.95792 833.451 0.33333334 5.0 5.0 5.0 5.0 0.0 0.23600002 2 TOUCH_MOVE e
1401560979846 6 4098 204.25 833.451 0.3 5.0 5.0 5.0 5.0 0.0 0.2 2 TOUCH_MOVE e
1401560979850 6 4098 204.25 833.451 0.3 5.0 5.0 5.0 5.0 0.0 0.2 1 TOUCH_UP e
1401560980110 6 4098 318.5 1222.4509 0.23333335 4.0 4.0 4.0 4.0 0.0 0.22800002 0 TOUCH_DOWN Space
1401560980132 6 4098 318.5 1222.4509 0.23333335 4.0 4.0 4.0 4.0 0.0 0.24000001 2 TOUCH_MOVE Space
1401560980164 6 4098 318.5 1221.232 0.23333335 4.0 4.0 4.0 4.0 0.0 0.252 2 TOUCH_MOVE Space
1401560980179 6 4098 318.5 1220.7009 0.26666668 5.0 5.0 5.0 5.0 0.0 0.256 2 TOUCH_MOVE Space
1401560980196 6 4098 318.0 1219.7893 0.23333335 4.0 4.0 4.0 4.0 0.0 0.23600002 2 TOUCH_MOVE Space
1401560980226 6 4098 318.0 1219.4509 0.23333335 4.0 4.0 4.0 4.0 0.0 0.18 2 TOUCH_MOVE Space
1401560980230 6 4098 318.0 1219.4509 0.23333335 4.0 4.0 4.0 4.0 0.0 0.18 1 TOUCH_UP Space
1401560980521 6 4098 421.0 1094.9509 0.26666668 4.0 4.0 4.0 4.0 0.0 0.22800002 0 TOUCH_DOWN b
1401560980563 6 4098 420.5 1094.9509 0.23333335 4.0 4.0 4.0 4.0 0.0 0.22000001 2 TOUCH_MOVE b
1401560980580 6 4098 420.5 1094.9509 0.13333334 2.0 2.0 2.0 2.0 0.0 0.132 2 TOUCH_MOVE b
1401560980586 6 4098 420.5 1094.9509 0.13333334 2.0 2.0 2.0 2.0 0.0 0.132 1 TOUCH_UP b
1401560980853 6 4098 216.0 850.951 0.23333335 5.0 5.0 5.0 5.0 0.0 0.21200001 0 TOUCH_DOWN r
1401560980863 6 4098 216.0 850.951 0.26666668 5.0 5.0 5.0 5.0 0.0 0.22800002 2 TOUCH_MOVE r
1401560980925 6 4098 216.0 850.951 0.23333335 5.0 5.0 5.0 5.0 0.0 0.19600001 2 TOUCH_MOVE r
1401560980931 6 4098 216.0 850.951 0.23333335 5.0 5.0 5.0 5.0 0.0 0.19600001 1 TOUCH_UP r
1401560981236 6 4098 327.5 1222.4509 0.26666668 5.0 5.0 5.0 5.0 0.0 0.22000001 0 TOUCH_DOWN Space
1401560981252 6 4098 327.5 1222.4509 0.26666668 5.0 5.0 5.0 5.0 0.0 0.23200001 2 TOUCH_MOVE Space
1401560981314 6 4098 327.5 1222.4509 0.26666668 5.0 5.0 5.0 5.0 0.0 0.20400001 2 TOUCH_MOVE Space
1401560981325 6 4098 327.5 1222.4509 0.26666668 5.0 5.0 5.0 5.0 0.0 0.18 2 TOUCH_MOVE Space
1401560981329 6 4098 327.5 1222.4509 0.26666668 5.0 5.0 5.0 5.0 0.0 0.18 1 TOUCH_UP Space
1401560981633 6 4098 676.5 1076.9509 0.20000002 4.0 4.0 4.0 4.0 0.0 0.18400002 0 TOUCH_DOWN Back
1401560981657 6 4098 676.5 1076.9509 0.23333335 5.0 5.0 5.0 5.0 0.0 0.192 2 TOUCH_MOVE Back
1401560981700 6 4098 676.5 1076.9509 0.23333335 5.0 5.0 5.0 5.0 0.0 0.192 1 TOUCH_UP Back
1401560981819 6 4098 671.0 1068.4509 0.3 5.0 5.0 5.0 5.0 0.0 0.19600001 0 TOUCH_DOWN Back
1401560981848 6 4098 671.51306 1068.4509 0.3 5.0 5.0 5.0 5.0 0.0 0.2 2 TOUCH_MOVE Back
1401560981866 6 4098 672.0145 1068.4509 0.26666668 4.0 4.0 4.0 4.0 0.0 0.19600001 2 TOUCH_MOVE Back
1401560981891 6 4098 672.5 1068.4509 0.26666668 4.0 4.0 4.0 4.0 0.0 0.18800001 2 TOUCH_MOVE Back
1401560981900 6 4098 672.5 1068.4509 0.26666668 4.0 4.0 4.0 4.0 0.0 0.18800001 1 TOUCH_UP Back
1401560982394 6 4098 152.5 795.951 0.20000002 4.0 4.0 4.0 4.0 0.0 0.2 0 TOUCH_DOWN e
1401560982400 6 4098 152.5 795.951 0.23333335 5.0 5.0 5.0 5.0 0.0 0.208 2 TOUCH_MOVE e
1401560982465 6 4098 153.0 795.951 0.23333335 5.0 5.0 5.0 5.0 0.0 0.172 2 TOUCH_MOVE e
1401560982474 6 4098 153.0 795.951 0.23333335 5.0 5.0 5.0 5.0 0.0 0.172 1 TOUCH_UP e
1401560982849 6 4098 315.5 1216.9509 0.23333335 4.0 4.0 4.0 4.0 0.0 0.23200001 0 TOUCH_DOWN Space
1401560982859 6 4098 315.5 1216.9509 0.23333335 4.0 4.0 4.0 4.0 0.0 0.24000001 2 TOUCH_MOVE Space
1401560982915 6 4098 315.5 1216.3845 0.26666668 5.0 5.0 5.0 5.0 0.0 0.24800001 2 TOUCH_MOVE Space
1401560982959 6 4098 315.5 1216.3845 0.26666668 5.0 5.0 5.0 5.0 0.0 0.24800001 1 TOUCH_UP Space
1401560983251 6 4098 500.0 1044.4509 0.3 5.0 5.0 5.0 5.0 0.0 0.224 0 TOUCH_DOWN n
1401560983274 6 4098 500.0 1044.9409 0.3 5.0 5.0 5.0 5.0 0.0 0.23200001 2 TOUCH_MOVE n
1401560983282 6 4098 499.06818 1045.8827 0.3 5.0 5.0 5.0 5.0 0.0 0.23600002 2 TOUCH_MOVE n
1401560983299 6 4098 498.25 1045.9509 0.3 5.0 5.0 5.0 5.0 0.0 0.23600002 2 TOUCH_MOVE n
1401560983331 6 4098 498.25 1045.9509 0.3 5.0 5.0 5.0 5.0 0.0 0.23600002 1 TOUCH_UP n
1401560983457 6 4098 78.0 983.451 0.20000002 4.0 4.0 4.0 4.0 0.0 0.19600001 0 TOUCH_DOWN a
1401560983468 6 4098 78.0 983.451 0.20000002 4.0 4.0 4.0 4.0 0.0 0.20400001 2 TOUCH_MOVE a
1401560983491 6 4098 78.0 984.4618 0.26666668 4.0 4.0 4.0 4.0 0.0 0.21200001 2 TOUCH_MOVE a
1401560983499 6 4098 78.0 985.4264 0.26666668 4.0 4.0 4.0 4.0 0.0 0.21200001 2 TOUCH_MOVE a
1401560983516 6 4098 78.0 986.201 0.26666668 4.0 4.0 4.0 4.0 0.0 0.21200001 2 TOUCH_MOVE a
1401560983541 6 4098 78.0 985.951 0.20000002 4.0 4.0 4.0 4.0 0.0 0.18800001 2 TOUCH_MOVE a
1401560983544 6 4098 78.0 985.951 0.20000002 4.0 4.0 4.0 4.0 0.0 0.18800001 1 TOUCH_UP a
1401560983654 6 4098 592.0 1063.4509 0.26666668 4.0 4.0 4.0 4.0 0.0 0.21200001 0 TOUCH_DOWN m
1401560983666 6 4098 592.0 1063.4509 0.23333335 4.0 4.0 4.0 4.0 0.0 0.216 2 TOUCH_MOVE m
1401560983716 6 4098 591.49927 1062.9502 0.23333335 5.0 5.0 5.0 5.0 0.0 0.2 2 TOUCH_MOVE m
1401560983733 6 4098 591.0 1062.4509 0.23333335 5.0 5.0 5.0 5.0 0.0 0.18400002 2 TOUCH_MOVE m
1401560983740 6 4098 591.0 1062.4509 0.23333335 5.0 5.0 5.0 5.0 0.0 0.14400001 2 TOUCH_MOVE m
1401560983744 6 4098 591.0 1062.4509 0.23333335 5.0 5.0 5.0 5.0 0.0 0.14400001 1 TOUCH_UP m
1401560983914 6 4098 277.0 1223.9509 0.26666668 5.0 5.0 5.0 5.0 0.0 0.216 0 TOUCH_DOWN Space
1401560983960 6 4098 277.4983 1223.9509 0.23333335 4.0 4.0 4.0 4.0 0.0 0.216 2 TOUCH_MOVE Space
1401560983968 6 4098 278.45728 1223.4937 0.23333335 4.0 4.0 4.0 4.0 0.0 0.216 2 TOUCH_MOVE Space
1401560983983 6 4098 279.80148 1222.5502 0.23333335 4.0 4.0 4.0 4.0 0.0 0.20400001 2 TOUCH_MOVE Space
1401560984000 6 4098 281.0 1221.9509 0.20000002 3.0 3.0 3.0 3.0 0.0 0.16800001 2 TOUCH_MOVE Space
1401560984009 6 4098 281.0 1221.9509 0.20000002 3.0 3.0 3.0 3.0 0.0 0.16800001 1 TOUCH_UP Space
1401560984588 6 4098 621.0 808.451 0.23333335 4.0 4.0 4.0 4.0 0.0 0.20400001 0 TOUCH_DOWN o
1401560984626 6 4098 621.0 809.99634 0.23333335 4.0 4.0 4.0 4.0 0.0 0.224 2 TOUCH_MOVE o
1401560984661 6 4098 621.0 809.951 0.23333335 4.0 4.0 4.0 4.0 0.0 0.2 2 TOUCH_MOVE o
1401560984667 6 4098 621.0 809.951 0.23333335 4.0 4.0 4.0 4.0 0.0 0.2 1 TOUCH_UP o
1401560984796 6 4098 274.0 1215.4509 0.26666668 5.0 5.0 5.0 5.0 0.0 0.23600002 0 TOUCH_DOWN Space
1401560984805 6 4098 274.0 1215.4509 0.26666668 5.0 5.0 5.0 5.0 0.0 0.24000001 2 TOUCH_MOVE Space
1401560984850 6 4098 275.03134 1215.4509 0.26666668 5.0 5.0 5.0 5.0 0.0 0.24800001 2 TOUCH_MOVE Space
1401560984867 6 4098 276.00577 1215.4509 0.26666668 5.0 5.0 5.0 5.0 0.0 0.24000001 2 TOUCH_MOVE Space
1401560984923 6 4098 280.5 1213.4509 0.13333334 2.0 2.0 2.0 2.0 0.0 0.124000005 2 TOUCH_MOVE Space
1401560984929 6 4098 280.5 1213.4509 0.13333334 2.0 2.0 2.0 2.0 0.0 0.124000005 1 TOUCH_UP Space
1401560985156 6 4098 355.5 969.951 0.3 5.0 5.0 5.0 5.0 0.0 0.252 0 TOUCH_DOWN g
1401560985185 6 4098 357.21774 969.951 0.33333334 5.0 5.0 5.0 5.0 0.0 0.284 2 TOUCH_MOVE g
1401560985247 6 4098 359.0 969.951 0.3 5.0 5.0 5.0 5.0 0.0 0.256 2 TOUCH_MOVE g
1401560985257 6 4098 359.0 969.951 0.13333334 2.0 2.0 2.0 2.0 0.0 0.1 2 TOUCH_MOVE g
1401560985264 6 4098 359.0 969.951 0.13333334 2.0 2.0 2.0 2.0 0.0 0.1 1 TOUCH_UP g
1401560985412 6 4098 543.5 805.951 0.23333335 4.0 4.0 4.0 4.0 0.0 0.21200001 0 TOUCH_DOWN i
1401560985421 6 4098 543.5 806.2674 0.23333335 4.0 4.0 4.0 4.0 0.0 0.22000001 2 TOUCH_MOVE i
1401560985448 6 4098 543.5 807.20294 0.23333335 4.0 4.0 4.0 4.0 0.0 0.22800002 2 TOUCH_MOVE i
1401560985468 6 4098 543.5 808.0126 0.23333335 4.0 4.0 4.0 4.0 0.0 0.22000001 2 TOUCH_MOVE i
1401560985501 6 4098 543.5 808.0126 0.23333335 4.0 4.0 4.0 4.0 0.0 0.22000001 1 TOUCH_UP i
1401560985649 6 4098 483.0 808.951 0.26666668 4.0 4.0 4.0 4.0 0.0 0.216 0 TOUCH_DOWN u
1401560985668 6 4098 483.37823 809.3292 0.26666668 4.0 4.0 4.0 4.0 0.0 0.22800002 2 TOUCH_MOVE u
1401560985685 6 4098 484.21927 810.8895 0.26666668 4.0 4.0 4.0 4.0 0.0 0.24000001 2 TOUCH_MOVE u
1401560985703 6 4098 485.0 812.6371 0.26666668 4.0 4.0 4.0 4.0 0.0 0.23200001 2 TOUCH_MOVE u
1401560985718 6 4098 485.65622 813.6072 0.26666668 4.0 4.0 4.0 4.0 0.0 0.216 2 TOUCH_MOVE u
1401560985742 6 4098 485.65622 813.6072 0.26666668 4.0 4.0 4.0 4.0 0.0 0.216 1 TOUCH_UP u
1401560985814 6 4098 64.0 974.951 0.20000002 3.0 3.0 3.0 3.0 0.0 0.21200001 0 TOUCH_DOWN a
1401560985834 6 4098 64.08628 974.951 0.20000002 3.0 3.0 3.0 3.0 0.0 0.216 2 TOUCH_MOVE a
1401560985852 6 4098 65.71894 974.951 0.23333335 4.0 4.0 4.0 4.0 0.0 0.23200001 2 TOUCH_MOVE a
1401560985868 6 4098 66.75 974.951 0.23333335 4.0 4.0 4.0 4.0 0.0 0.23200001 2 TOUCH_MOVE a
1401560985885 6 4098 67.25027 974.951 0.23333335 4.0 4.0 4.0 4.0 0.0 0.22800002 2 TOUCH_MOVE a
1401560985902 6 4098 67.75 974.951 0.23333335 4.0 4.0 4.0 4.0 0.0 0.22000001 2 TOUCH_MOVE a
1401560985918 6 4098 67.75 974.951 0.23333335 4.0 4.0 4.0 4.0 0.0 0.22000001 1 TOUCH_UP a
1401560986148 6 4098 291.0 1226.4509 0.23333335 4.0 4.0 4.0 4.0 0.0 0.22800002 0 TOUCH_DOWN Space
1401560986152 6 4098 291.0 1226.4509 0.26666668 5.0 5.0 5.0 5.0 0.0 0.24800001 2 TOUCH_MOVE Space
1401560986187 6 4098 291.12247 1223.7059 0.26666668 5.0 5.0 5.0 5.0 0.0 0.264 2 TOUCH_MOVE Space
1401560986202 6 4098 292.10147 1221.7479 0.3 6.0 6.0 6.0 6.0 0.0 0.264 2 TOUCH_MOVE Space
1401560986218 6 4098 292.5 1220.3693 0.26666668 5.0 5.0 5.0 5.0 0.0 0.27600002 2 TOUCH_MOVE Space
1401560986236 6 4098 292.5 1219.4224 0.26666668 5.0 5.0 5.0 5.0 0.0 0.264 2 TOUCH_MOVE Space
1401560986292 6 4098 292.5 1219.4224 0.26666668 5.0 5.0 5.0 5.0 0.0 0.264 1 TOUCH_UP Space
1401560986690 6 4098 235.0 821.451 0.26666668 4.0 4.0 4.0 4.0 0.0 0.20400001 0 TOUCH_DOWN r
1401560986711 6 4098 234.67746 821.451 0.23333335 4.0 4.0 4.0 4.0 0.0 0.22000001 2 TOUCH_MOVE r
1401560986736 6 4098 234.03049 821.951 0.3 5.0 5.0 5.0 5.0 0.0 0.24000001 2 TOUCH_MOVE r
1401560986754 6 4098 234.0 821.951 0.3 5.0 5.0 5.0 5.0 0.0 0.192 2 TOUCH_MOVE r
1401560986760 6 4098 234.0 821.951 0.3 5.0 5.0 5.0 5.0 0.0 0.192 1 TOUCH_UP r
1401560986945 6 4098 489.5 812.451 0.26666668 4.0 4.0 4.0 4.0 0.0 0.2 0 TOUCH_DOWN u
1401560986955 6 4098 489.5 812.451 0.26666668 4.0 4.0 4.0 4.0 0.0 0.21200001 2 TOUCH_MOVE u
1401560987017 6 4098 489.5 812.451 0.26666668 4.0 4.0 4.0 4.0 0.0 0.21200001 1 TOUCH_UP u
1401560987318 6 4098 534.0 1060.4509 0.20000002 4.0 4.0 4.0 4.0 0.0 0.20400001 0 TOUCH_DOWN n
1401560987331 6 4098 533.9293 1060.5216 0.23333335 4.0 4.0 4.0 4.0 0.0 0.216 2 TOUCH_MOVE n
1401560987346 6 4098 533.24225 1061.0798 0.23333335 4.0 4.0 4.0 4.0 0.0 0.224 2 TOUCH_MOVE n
1401560987354 6 4098 531.30927 1062.0463 0.26666668 4.0 4.0 4.0 4.0 0.0 0.23200001 2 TOUCH_MOVE n
1401560987369 6 4098 528.2798 1063.561 0.26666668 4.0 4.0 4.0 4.0 0.0 0.22800002 2 TOUCH_MOVE n
1401560987386 6 4098 525.42505 1064.976 0.26666668 4.0 4.0 4.0 4.0 0.0 0.224 2 TOUCH_MOVE n
1401560987404 6 4098 522.0307 1065.9407 0.26666668 4.0 4.0 4.0 4.0 0.0 0.216 2 TOUCH_MOVE n
1401560987419 6 4098 520.0507 1066.9001 0.23333335 4.0 4.0 4.0 4.0 0.0 0.2 2 TOUCH_MOVE n
1401560987436 6 4098 520.0 1066.9509 0.23333335 4.0 4.0 4.0 4.0 0.0 0.18400002 2 TOUCH_MOVE n
1401560987440 6 4098 520.0 1066.9509 0.23333335 4.0 4.0 4.0 4.0 0.0 0.18400002 1 TOUCH_UP n
1401560987564 6 4098 366.5 993.951 0.3 5.0 5.0 5.0 5.0 0.0 0.24400002 0 TOUCH_DOWN g
1401560987567 6 4098 366.5 993.951 0.33333334 5.0 5.0 5.0 5.0 0.0 0.256 2 TOUCH_MOVE g
1401560987620 6 4098 366.0 993.951 0.26666668 5.0 5.0 5.0 5.0 0.0 0.21200001 2 TOUCH_MOVE g
1401560987635 6 4098 366.0 993.951 0.23333335 5.0 5.0 5.0 5.0 0.0 0.16000001 2 TOUCH_MOVE g
1401560987639 6 4098 366.0 993.951 0.23333335 5.0 5.0 5.0 5.0 0.0 0.16000001 1 TOUCH_UP g
1401560987895 6 4098 314.0 1225.9509 0.23333335 4.0 4.0 4.0 4.0 0.0 0.22000001 0 TOUCH_DOWN Space
1401560988013 6 4098 314.0 1225.9509 0.23333335 4.0 4.0 4.0 4.0 0.0 0.22000001 1 TOUCH_UP Space
1401560988367 6 4098 308.0 1089.4509 0.26666668 4.0 4.0 4.0 4.0 0.0 0.23200001 0 TOUCH_DOWN c
1401560988373 6 4098 308.0 1089.8229 0.26666668 4.0 4.0 4.0 4.0 0.0 0.24400002 2 TOUCH_MOVE c
1401560988396 6 4098 308.0 1091.1477 0.3 5.0 5.0 5.0 5.0 0.0 0.256 2 TOUCH_MOVE c
1401560988404 6 4098 308.0 1092.7114 0.3 5.0 5.0 5.0 5.0 0.0 0.252 2 TOUCH_MOVE c
1401560988422 6 4098 307.72977 1093.7212 0.26666668 4.0 4.0 4.0 4.0 0.0 0.24800001 2 TOUCH_MOVE c
1401560988437 6 4098 307.5 1093.9509 0.23333335 4.0 4.0 4.0 4.0 0.0 0.20400001 2 TOUCH_MOVE c
1401560988448 6 4098 307.5 1093.9509 0.13333334 2.0 2.0 2.0 2.0 0.0 0.116000004 2 TOUCH_MOVE c
1401560988453 6 4098 307.5 1093.9509 0.13333334 2.0 2.0 2.0 2.0 0.0 0.116000004 1 TOUCH_UP c
1401560988639 6 4098 54.5 951.451 0.23333335 4.0 4.0 4.0 4.0 0.0 0.20400001 0 TOUCH_DOWN a
1401560988663 6 4098 54.108494 951.451 0.23333335 4.0 4.0 4.0 4.0 0.0 0.208 2 TOUCH_MOVE a
1401560988670 6 4098 53.263664 951.21466 0.26666668 5.0 5.0 5.0 5.0 0.0 0.216 2 TOUCH_MOVE a
1401560988687 6 4098 52.301445 950.25244 0.26666668 5.0 5.0 5.0 5.0 0.0 0.216 2 TOUCH_MOVE a
1401560988704 6 4098 50.674248 949.2881 0.26666668 5.0 5.0 5.0 5.0 0.0 0.20400001 2 TOUCH_MOVE a
1401560988717 6 4098 49.5 948.951 0.26666668 5.0 5.0 5.0 5.0 0.0 0.18800001 2 TOUCH_MOVE a
1401560988720 6 4098 49.5 948.951 0.26666668 5.0 5.0 5.0 5.0 0.0 0.18800001 1 TOUCH_UP a
1401560988935 6 4098 392.0 830.951 0.33333334 5.0 5.0 5.0 5.0 0.0 0.23200001 0 TOUCH_DOWN y
1401560988940 6 4098 392.0 830.951 0.33333334 5.0 5.0 5.0 5.0 0.0 0.24800001 2 TOUCH_MOVE y
1401560988971 6 4098 396.2486 830.951 0.33333334 5.0 5.0 5.0 5.0 0.0 0.252 2 TOUCH_MOVE y
1401560988989 6 4098 400.66437 830.451 0.3 5.0 5.0 5.0 5.0 0.0 0.22800002 2 TOUCH_MOVE y
1401560989007 6 4098 402.0 830.451 0.26666668 5.0 5.0 5.0 5.0 0.0 0.2 2 TOUCH_MOVE y
1401560989012 6 4098 402.0 830.451 0.26666668 5.0 5.0 5.0 5.0 0.0 0.2 1 TOUCH_UP y
