1401561154330 6 4098 435.0 951.951 0.3 5.0 5.0 5.0 5.0 0.0 0.20400001 0 TOUCH_DOWN H
1401561154342 6 4098 435.0 951.951 0.26666668 4.0 4.0 4.0 4.0 0.0 0.21200001 2 TOUCH_MOVE H
1401561154362 6 4098 435.89746 951.5535 0.3 5.0 5.0 5.0 5.0 0.0 0.21200001 2 TOUCH_MOVE H
1401561154375 6 4098 436.5 950.951 0.3 5.0 5.0 5.0 5.0 0.0 0.19600001 2 TOUCH_MOVE H
1401561154384 6 4098 436.5 950.951 0.26666668 5.0 5.0 5.0 5.0 0.0 0.156 2 TOUCH_MOVE H
1401561154389 6 4098 436.5 950.951 0.26666668 5.0 5.0 5.0 5.0 0.0 0.156 1 TOUCH_UP H
1401561154634 6 4098 653.0 797.951 0.16666667 3.0 3.0 3.0 3.0 0.0 0.2 0 TOUCH_DOWN p
1401561154671 6 4098 650.79376 797.2156 0.23333335 4.0 4.0 4.0 4.0 0.0 0.224 2 TOUCH_MOVE p
1401561154696 6 4098 649.25 796.951 0.23333335 4.0 4.0 4.0 4.0 0.0 0.216 2 TOUCH_MOVE p
1401561154715 6 4098 649.25 796.951 0.23333335 4.0 4.0 4.0 4.0 0.0 0.216 1 TOUCH_UP p
1401561154982 6 4098 598.5 1079.9509 0.20000002 4.0 4.0 4.0 4.0 0.0 0.19600001 0 TOUCH_DOWN m
1401561155025 6 4098 597.5635 1079.9509 0.16666667 3.0 3.0 3.0 3.0 0.0 0.20400001 2 TOUCH_MOVE m
1401561155042 6 4098 597.0 1079.9509 0.16666667 3.0 3.0 3.0 3.0 0.0 0.18800001 2 TOUCH_MOVE m
1401561155050 6 4098 597.0 1079.9509 0.13333334 2.0 2.0 2.0 2.0 0.0 0.124000005 2 TOUCH_MOVE m
1401561155059 6 4098 597.0 1079.9509 0.13333334 2.0 2.0 2.0 2.0 0.0 0.124000005 1 TOUCH_UP m
1401561155231 6 4098 278.5 1244.4509 0.20000002 5.0 5.0 5.0 5.0 0.0 0.18 0 TOUCH_DOWN Space
1401561155256 6 4098 278.5 1245.2009 0.20000002 5.0 5.0 5.0 5.0 0.0 0.18400002 2 TOUCH_MOVE Space
1401561155284 6 4098 278.5 1245.2009 0.20000002 5.0 5.0 5.0 5.0 0.0 0.18400002 1 TOUCH_UP Space
1401561155623 6 4098 45.5 812.951 0.23333335 4.0 4.0 4.0 4.0 0.0 0.19600001 0 TOUCH_DOWN q
1401561155629 6 4098 45.5 812.951 0.23333335 4.0 4.0 4.0 4.0 0.0 0.208 2 TOUCH_MOVE q
1401561155660 6 4098 45.5 814.51746 0.23333335 4.0 4.0 4.0 4.0 0.0 0.22000001 2 TOUCH_MOVE q
1401561155676 6 4098 45.5 815.4666 0.23333335 4.0 4.0 4.0 4.0 0.0 0.21200001 2 TOUCH_MOVE q
1401561155692 6 4098 44.999706 816.4513 0.23333335 4.0 4.0 4.0 4.0 0.0 0.19600001 2 TOUCH_MOVE q
1401561155711 6 4098 44.25 816.451 0.23333335 4.0 4.0 4.0 4.0 0.0 0.18 2 TOUCH_MOVE q
1401561155715 6 4098 44.25 816.451 0.23333335 4.0 4.0 4.0 4.0 0.0 0.18 1 TOUCH_UP q
1401561155892 6 4098 459.5 787.951 0.23333335 4.0 4.0 4.0 4.0 0.0 0.216 0 TOUCH_DOWN u
1401561155895 6 4098 459.5 787.951 0.3 5.0 5.0 5.0 5.0 0.0 0.23200001 2 TOUCH_MOVE u
1401561155961 6 4098 460.0 787.951 0.26666668 4.0 4.0 4.0 4.0 0.0 0.18800001 2 TOUCH_MOVE u
1401561155974 6 4098 460.0 787.951 0.26666668 4.0 4.0 4.0 4.0 0.0 0.18800001 1 TOUCH_UP u
1401561156052 6 4098 56.0 965.451 0.16666667 3.0 3.0 3.0 3.0 0.0 0.2 0 TOUCH_DOWN a
1401561156062 6 4098 56.0 965.451 0.20000002 3.0 3.0 3.0 3.0 0.0 0.20400001 2 TOUCH_MOVE a
1401561156077 6 4098 56.583324 964.28436 0.23333335 4.0 4.0 4.0 4.0 0.0 0.22000001 2 TOUCH_MOVE a
1401561156093 6 4098 58.757664 959.3068 0.23333335 4.0 4.0 4.0 4.0 0.0 0.224 2 TOUCH_MOVE a
1401561156117 6 4098 60.0 956.7959 0.23333335 4.0 4.0 4.0 4.0 0.0 0.22000001 2 TOUCH_MOVE a
1401561156126 6 4098 60.0 955.42236 0.23333335 4.0 4.0 4.0 4.0 0.0 0.208 2 TOUCH_MOVE a
1401561156153 6 4098 60.0 955.42236 0.23333335 4.0 4.0 4.0 4.0 0.0 0.208 1 TOUCH_UP a
1401561156843 6 4098 680.0 1083.9509 0.20000002 4.0 4.0 4.0 4.0 0.0 0.18800001 0 TOUCH_DOWN Back
1401561156863 6 4098 679.5476 1083.9509 0.20000002 4.0 4.0 4.0 4.0 0.0 0.192 2 TOUCH_MOVE Back
1401561156877 6 4098 678.59015 1083.9509 0.20000002 4.0 4.0 4.0 4.0 0.0 0.18800001 2 TOUCH_MOVE Back
1401561156894 6 4098 677.6285 1083.9509 0.23333335 5.0 5.0 5.0 5.0 0.0 0.19600001 2 TOUCH_MOVE Back
1401561156917 6 4098 676.6483 1083.4509 0.20000002 4.0 4.0 4.0 4.0 0.0 0.18800001 2 TOUCH_MOVE Back
1401561156929 6 4098 676.25 1083.4509 0.20000002 4.0 4.0 4.0 4.0 0.0 0.18 2 TOUCH_MOVE Back
1401561156933 6 4098 676.25 1083.4509 0.20000002 4.0 4.0 4.0 4.0 0.0 0.18 1 TOUCH_UP Back
1401561157032 6 4098 672.5 1082.4509 0.20000002 4.0 4.0 4.0 4.0 0.0 0.18800001 0 TOUCH_DOWN Back
1401561157077 6 4098 672.5 1082.939 0.20000002 4.0 4.0 4.0 4.0 0.0 0.18 2 TOUCH_MOVE Back
1401561157084 6 4098 672.5 1082.9509 0.23333335 5.0 5.0 5.0 5.0 0.0 0.164 2 TOUCH_MOVE Back
1401561157088 6 4098 672.5 1082.9509 0.23333335 5.0 5.0 5.0 5.0 0.0 0.164 1 TOUCH_UP Back
1401561157198 6 4098 675.5 1082.4509 0.23333335 5.0 5.0 5.0 5.0 0.0 0.192 0 TOUCH_DOWN Back
1401561157229 6 4098 674.79926 1083.1516 0.23333335 5.0 5.0 5.0 5.0 0.0 0.18400002 2 TOUCH_MOVE Back
1401561157240 6 4098 675.0 1082.9509 0.23333335 5.0 5.0 5.0 5.0 0.0 0.15200001 2 TOUCH_MOVE Back
1401561157244 6 4098 675.0 1082.9509 0.23333335 5.0 5.0 5.0 5.0 0.0 0.15200001 1 TOUCH_UP Back
1401561157353 6 4098 671.5 1081.4509 0.23333335 5.0 5.0 5.0 5.0 0.0 0.18800001 0 TOUCH_DOWN Back
1401561157395 6 4098 671.5 1081.4509 0.23333335 5.0 5.0 5.0 5.0 0.0 0.18800001 1 TOUCH_UP Back
1401561157522 6 4098 667.5 1078.9509 0.23333335 5.0 5.0 5.0 5.0 0.0 0.18400002 0 TOUCH_DOWN Back
1401561157567 6 4098 667.5 1078.9509 0.23333335 5.0 5.0 5.0 5.0 0.0 0.18400002 1 TOUCH_UP Back
1401561157695 6 4098 662.0 1074.4509 0.23333335 4.0 4.0 4.0 4.0 0.0 0.18800001 0 TOUCH_DOWN Back
1401561157708 6 4098 662.0 1074.4509 0.23333335 4.0 4.0 4.0 4.0 0.0 0.192 2 TOUCH_MOVE Back
1401561157780 6 4098 662.0 1074.4509 0.23333335 4.0 4.0 4.0 4.0 0.0 0.192 1 TOUCH_UP Back
1401561158471 6 4098 629.5 804.951 0.20000002 4.0 4.0 4.0 4.0 0.0 0.19600001 0 TOUCH_DOWN o
1401561158483 6 4098 629.5 804.951 0.23333335 4.0 4.0 4.0 4.0 0.0 0.21200001 2 TOUCH_MOVE o
1401561158505 6 4098 629.5 805.6525 0.23333335 4.0 4.0 4.0 4.0 0.0 0.21200001 2 TOUCH_MOVE o
1401561158513 6 4098 629.5 805.951 0.23333335 4.0 4.0 4.0 4.0 0.0 0.192 2 TOUCH_MOVE o
1401561158523 6 4098 629.5 805.951 0.23333335 4.0 4.0 4.0 4.0 0.0 0.15200001 2 TOUCH_MOVE o
1401561158528 6 4098 629.5 805.951 0.23333335 4.0 4.0 4.0 4.0 0.0 0.15200001 1 TOUCH_UP o
1401561158847 6 4098 586.0 1074.4509 0.20000002 3.0 3.0 3.0 3.0 0.0 0.20400001 0 TOUCH_DOWN m
1401561158876 6 4098 586.0 1074.4509 0.20000002 3.0 3.0 3.0 3.0 0.0 0.216 2 TOUCH_MOVE m
1401561158895 6 4098 586.0 1073.9493 0.20000002 3.0 3.0 3.0 3.0 0.0 0.2 2 TOUCH_MOVE m
1401561158912 6 4098 586.0 1073.4509 0.16666667 3.0 3.0 3.0 3.0 0.0 0.112 2 TOUCH_MOVE m
1401561158924 6 4098 586.0 1073.4509 0.16666667 3.0 3.0 3.0 3.0 0.0 0.112 1 TOUCH_UP m
1401561159106 6 4098 288.5 1246.4509 0.16666667 4.0 4.0 4.0 4.0 0.0 0.18800001 0 TOUCH_DOWN Space
1401561159112 6 4098 288.5 1246.4509 0.16666667 4.0 4.0 4.0 4.0 0.0 0.19600001 2 TOUCH_MOVE Space
1401561159146 6 4098 289.96854 1244.0139 0.20000002 5.0 5.0 5.0 5.0 0.0 0.208 2 TOUCH_MOVE Space
1401561159163 6 4098 290.95792 1242.035 0.20000002 5.0 5.0 5.0 5.0 0.0 0.20400001 2 TOUCH_MOVE Space
1401561159179 6 4098 291.92258 1241.0283 0.20000002 5.0 5.0 5.0 5.0 0.0 0.20400001 2 TOUCH_MOVE Space
1401561159204 6 4098 292.25 1240.7009 0.20000002 5.0 5.0 5.0 5.0 0.0 0.20400001 2 TOUCH_MOVE Space
1401561159243 6 4098 292.25 1240.7009 0.20000002 5.0 5.0 5.0 5.0 0.0 0.20400001 1 TOUCH_UP Space
1401561159792 6 4098 40.5 823.951 0.26666668 5.0 5.0 5.0 5.0 0.0 0.20400001 0 TOUCH_DOWN q
1401561159801 6 4098 40.85979 823.951 0.26666668 5.0 5.0 5.0 5.0 0.0 0.208 2 TOUCH_MOVE q
1401561159814 6 4098 41.50515 823.951 0.26666668 5.0 5.0 5.0 5.0 0.0 0.22800002 2 TOUCH_MOVE q
1401561159843 6 4098 42.5144 823.951 0.26666668 5.0 5.0 5.0 5.0 0.0 0.22800002 2 TOUCH_MOVE q
1401561159848 6 4098 43.25 823.951 0.26666668 5.0 5.0 5.0 5.0 0.0 0.22800002 2 TOUCH_MOVE q
1401561159880 6 4098 43.0 823.951 0.20000002 5.0 5.0 5.0 5.0 0.0 0.16000001 2 TOUCH_MOVE q
1401561159883 6 4098 43.0 823.951 0.20000002 5.0 5.0 5.0 5.0 0.0 0.16000001 1 TOUCH_UP q
1401561160037 6 4098 470.5 802.951 0.16666667 3.0 3.0 3.0 3.0 0.0 0.2 0 TOUCH_DOWN u
1401561160098 6 4098 468.71637 802.951 0.23333335 4.0 4.0 4.0 4.0 0.0 0.20400001 2 TOUCH_MOVE u
1401561160118 6 4098 468.5 802.951 0.13333334 2.0 2.0 2.0 2.0 0.0 0.1 2 TOUCH_MOVE u
1401561160122 6 4098 468.5 802.951 0.13333334 2.0 2.0 2.0 2.0 0.0 0.1 1 TOUCH_UP u
1401561160198 6 4098 62.5 936.951 0.23333335 4.0 4.0 4.0 4.0 0.0 0.2 0 TOUCH_DOWN a
1401561160215 6 4098 62.5 936.951 0.23333335 4.0 4.0 4.0 4.0 0.0 0.21200001 2 TOUCH_MOVE a
1401561160247 6 4098 62.5 936.4319 0.26666668 4.0 4.0 4.0 4.0 0.0 0.22800002 2 TOUCH_MOVE a
1401561160263 6 4098 62.5 935.9199 0.26666668 4.0 4.0 4.0 4.0 0.0 0.224 2 TOUCH_MOVE a
1401561160280 6 4098 61.96801 935.451 0.23333335 4.0 4.0 4.0 4.0 0.0 0.21200001 2 TOUCH_MOVE a
1401561160295 6 4098 61.0 934.951 0.23333335 4.0 4.0 4.0 4.0 0.0 0.192 2 TOUCH_MOVE a
1401561160301 6 4098 61.0 934.951 0.23333335 4.0 4.0 4.0 4.0 0.0 0.192 1 TOUCH_UP a
1401561160596 6 4098 324.5 1239.4509 0.23333335 5.0 5.0 5.0 5.0 0.0 0.21200001 0 TOUCH_DOWN Space
1401561160620 6 4098 324.12238 1239.0732 0.23333335 5.0 5.0 5.0 5.0 0.0 0.22000001 2 TOUCH_MOVE Space
1401561160631 6 4098 324.0 1236.6873 0.26666668 5.0 5.0 5.0 5.0 0.0 0.22800002 2 TOUCH_MOVE Space
1401561160647 6 4098 324.0 1234.4839 0.26666668 5.0 5.0 5.0 5.0 0.0 0.24400002 2 TOUCH_MOVE Space
1401561160665 6 4098 324.0 1233.2633 0.3 6.0 6.0 6.0 6.0 0.0 0.24400002 2 TOUCH_MOVE Space
1401561160681 6 4098 323.33603 1232.287 0.26666668 5.0 5.0 5.0 5.0 0.0 0.24000001 2 TOUCH_MOVE Space
1401561160708 6 4098 322.68802 1232.4509 0.26666668 5.0 5.0 5.0 5.0 0.0 0.23600002 2 TOUCH_MOVE Space
1401561160724 6 4098 322.5 1232.4509 0.26666668 5.0 5.0 5.0 5.0 0.0 0.22000001 2 TOUCH_MOVE Space
1401561160734 6 4098 322.5 1232.4509 0.26666668 5.0 5.0 5.0 5.0 0.0 0.22000001 1 TOUCH_UP Space
1401561161112 6 4098 186.5 799.951 0.23333335 4.0 4.0 4.0 4.0 0.0 0.24400002 0 TOUCH_DOWN e
1401561161116 6 4098 186.5 799.951 0.23333335 4.0 4.0 4.0 4.0 0.0 0.24800001 2 TOUCH_MOVE e
1401561161164 6 4098 186.5 800.46735 0.33333334 6.0 6.0 6.0 6.0 0.0 0.264 2 TOUCH_MOVE e
1401561161181 6 4098 186.5 800.98206 0.3 5.0 5.0 5.0 5.0 0.0 0.26000002 2 TOUCH_MOVE e
1401561161200 6 4098 186.5 800.951 0.26666668 5.0 5.0 5.0 5.0 0.0 0.23200001 2 TOUCH_MOVE e
1401561161214 6 4098 186.5 800.951 0.23333335 4.0 4.0 4.0 4.0 0.0 0.208 2 TOUCH_MOVE e
1401561161221 6 4098 186.5 800.951 0.23333335 4.0 4.0 4.0 4.0 0.0 0.17600001 2 TOUCH_MOVE e
1401561161225 6 4098 186.5 800.951 0.23333335 4.0 4.0 4.0 4.0 0.0 0.17600001 1 TOUCH_UP e
1401561161378 6 4098 583.0 1066.9509 0.20000002 4.0 4.0 4.0 4.0 0.0 0.2 0 TOUCH_DOWN m
1401561161383 6 4098 583.0 1066.9509 0.23333335 4.0 4.0 4.0 4.0 0.0 0.208 2 TOUCH_MOVE m
1401561161414 6 4098 580.8722 1066.9509 0.26666668 4.0 4.0 4.0 4.0 0.0 0.22000001 2 TOUCH_MOVE m
1401561161431 6 4098 578.94196 1066.9509 0.26666668 4.0 4.0 4.0 4.0 0.0 0.216 2 TOUCH_MOVE m
1401561161448 6 4098 577.017 1066.9509 0.26666668 4.0 4.0 4.0 4.0 0.0 0.21200001 2 TOUCH_MOVE m
1401561161464 6 4098 576.10803 1066.9509 0.23333335 4.0 4.0 4.0 4.0 0.0 0.19600001 2 TOUCH_MOVE m
1401561161482 6 4098 575.5 1066.4509 0.23333335 4.0 4.0 4.0 4.0 0.0 0.15200001 2 TOUCH_MOVE m
1401561161485 6 4098 575.5 1066.4509 0.23333335 4.0 4.0 4.0 4.0 0.0 0.15200001 1 TOUCH_UP m
1401561161585 6 4098 282.0 1233.9509 0.23333335 5.0 5.0 5.0 5.0 0.0 0.21200001 0 TOUCH_DOWN Space
1401561161598 6 4098 282.0 1233.9509 0.26666668 5.0 5.0 5.0 5.0 0.0 0.22000001 2 TOUCH_MOVE Space
1401561161640 6 4098 280.43362 1232.3845 0.26666668 5.0 5.0 5.0 5.0 0.0 0.23200001 2 TOUCH_MOVE Space
1401561161649 6 4098 280.0 1231.4115 0.26666668 5.0 5.0 5.0 5.0 0.0 0.22800002 2 TOUCH_MOVE Space
1401561161696 6 4098 280.0 1231.4115 0.26666668 5.0 5.0 5.0 5.0 0.0 0.22800002 1 TOUCH_UP Space
1401561162330 6 4098 304.0 819.451 0.3 5.0 5.0 5.0 5.0 0.0 0.21200001 0 TOUCH_DOWN t
1401561162349 6 4098 304.0 820.4002 0.3 5.0 5.0 5.0 5.0 0.0 0.24000001 2 TOUCH_MOVE t
1401561162365 6 4098 304.99414 822.4393 0.3 5.0 5.0 5.0 5.0 0.0 0.24400002 2 TOUCH_MOVE t
1401561162382 6 4098 305.0 823.4124 0.3 5.0 5.0 5.0 5.0 0.0 0.24400002 2 TOUCH_MOVE t
1401561162398 6 4098 304.57413 825.30273 0.3 5.0 5.0 5.0 5.0 0.0 0.22800002 2 TOUCH_MOVE t
1401561162416 6 4098 304.0 826.451 0.23333335 5.0 5.0 5.0 5.0 0.0 0.17600001 2 TOUCH_MOVE t
1401561162420 6 4098 304.0 826.451 0.23333335 5.0 5.0 5.0 5.0 0.0 0.17600001 1 TOUCH_UP t
1401561162603 6 4098 596.0 803.451 0.20000002 4.0 4.0 4.0 4.0 0.0 0.20400001 0 TOUCH_DOWN o
1401561162616 6 4098 596.0 803.451 0.23333335 4.0 4.0 4.0 4.0 0.0 0.216 2 TOUCH_MOVE o
1401561162699 6 4098 596.0 803.451 0.23333335 4.0 4.0 4.0 4.0 0.0 0.216 1 TOUCH_UP o
1401561162816 6 4098 532.5 825.451 0.3 5.0 5.0 5.0 5.0 0.0 0.22000001 0 TOUCH_DOWN i
1401561162832 6 4098 532.012 825.451 0.3 5.0 5.0 5.0 5.0 0.0 0.24000001 2 TOUCH_MOVE i
1401561162850 6 4098 530.6096 825.951 0.33333334 5.0 5.0 5.0 5.0 0.0 0.252 2 TOUCH_MOVE i
1401561162866 6 4098 529.6246 825.951 0.33333334 5.0 5.0 5.0 5.0 0.0 0.256 2 TOUCH_MOVE i
1401561162882 6 4098 529.25 825.951 0.33333334 5.0 5.0 5.0 5.0 0.0 0.252 2 TOUCH_MOVE i
1401561162916 6 4098 530.09283 825.6546 0.26666668 4.0 4.0 4.0 4.0 0.0 0.22800002 2 TOUCH_MOVE i
1401561162933 6 4098 530.5 825.451 0.26666668 4.0 4.0 4.0 4.0 0.0 0.18 2 TOUCH_MOVE i
1401561162939 6 4098 530.5 825.451 0.26666668 4.0 4.0 4.0 4.0 0.0 0.18 1 TOUCH_UP i
1401561163033 6 4098 290.0 1218.4509 0.23333335 4.0 4.0 4.0 4.0 0.0 0.22800002 0 TOUCH_DOWN Space
1401561163166 6 4098 290.0 1218.4509 0.23333335 4.0 4.0 4.0 4.0 0.0 0.192 2 TOUCH_MOVE Space
1401561163173 6 4098 290.0 1218.4509 0.23333335 4.0 4.0 4.0 4.0 0.0 0.192 1 TOUCH_UP Space
1401561163616 6 4098 325.0 840.951 0.3 5.0 5.0 5.0 5.0 0.0 0.23200001 0 TOUCH_DOWN t
1401561163621 6 4098 325.0 840.951 0.3 5.0 5.0 5.0 5.0 0.0 0.24400002 2 TOUCH_MOVE t
1401561163706 6 4098 325.0 840.951 0.23333335 4.0 4.0 4.0 4.0 0.0 0.18800001 2 TOUCH_MOVE t
1401561163720 6 4098 325.0 840.951 0.23333335 4.0 4.0 4.0 4.0 0.0 0.18800001 1 TOUCH_UP t
1401561163810 6 4098 247.0 825.951 0.3 5.0 5.0 5.0 5.0 0.0 0.22800002 0 TOUCH_DOWN r
1401561163817 6 4098 247.0 825.951 0.3 5.0 5.0 5.0 5.0 0.0 0.23200001 2 TOUCH_MOVE r
1401561163885 6 4098 247.0 825.951 0.3 5.0 5.0 5.0 5.0 0.0 0.192 2 TOUCH_MOVE r
1401561163898 6 4098 247.0 825.951 0.16666667 3.0 3.0 3.0 3.0 0.0 0.1 2 TOUCH_MOVE r
1401561163902 6 4098 247.0 825.951 0.16666667 3.0 3.0 3.0 3.0 0.0 0.1 1 TOUCH_UP r
1401561164078 6 4098 475.0 820.451 0.23333335 4.0 4.0 4.0 4.0 0.0 0.208 0 TOUCH_DOWN u
1401561164083 6 4098 475.0 820.451 0.23333335 4.0 4.0 4.0 4.0 0.0 0.22000001 2 TOUCH_MOVE u
1401561164133 6 4098 475.0 820.451 0.26666668 4.0 4.0 4.0 4.0 0.0 0.252 2 TOUCH_MOVE u
1401561164167 6 4098 475.0 820.451 0.26666668 4.0 4.0 4.0 4.0 0.0 0.192 2 TOUCH_MOVE u
1401561164177 6 4098 475.0 820.451 0.26666668 4.0 4.0 4.0 4.0 0.0 0.192 1 TOUCH_UP u
1401561164291 6 4098 607.5 811.451 0.26666668 4.0 4.0 4.0 4.0 0.0 0.22000001 0 TOUCH_DOWN o
1401561164313 6 4098 607.85736 811.80835 0.3 5.0 5.0 5.0 5.0 0.0 0.22800002 2 TOUCH_MOVE o
1401561164340 6 4098 609.6955 814.6465 0.3 5.0 5.0 5.0 5.0 0.0 0.24800001 2 TOUCH_MOVE o
1401561164351 6 4098 610.6561 815.6071 0.3 5.0 5.0 5.0 5.0 0.0 0.24800001 2 TOUCH_MOVE o
1401561164369 6 4098 611.77606 816.589 0.3 5.0 5.0 5.0 5.0 0.0 0.23200001 2 TOUCH_MOVE o
1401561164384 6 4098 613.1048 817.5558 0.3 5.0 5.0 5.0 5.0 0.0 0.21200001 2 TOUCH_MOVE o
1401561164397 6 4098 613.0 817.451 0.3 5.0 5.0 5.0 5.0 0.0 0.18800001 2 TOUCH_MOVE o
1401561164403 6 4098 613.0 817.451 0.3 5.0 5.0 5.0 5.0 0.0 0.18800001 1 TOUCH_UP o
1401561164614 6 4098 526.0 1063.9509 0.23333335 5.0 5.0 5.0 5.0 0.0 0.208 0 TOUCH_DOWN n
1401561164618 6 4098 526.0 1063.9509 0.3 5.0 5.0 5.0 5.0 0.0 0.22000001 2 TOUCH_MOVE n
1401561164637 6 4098 525.467 1063.418 0.3 5.0 5.0 5.0 5.0 0.0 0.23200001 2 TOUCH_MOVE n
1401561164651 6 4098 522.9111 1062.4213 0.3 5.0 5.0 5.0 5.0 0.0 0.23200001 2 TOUCH_MOVE n
1401561164667 6 4098 521.01794 1061.46 0.3 5.0 5.0 5.0 5.0 0.0 0.23200001 2 TOUCH_MOVE n
1401561164684 6 4098 518.3588 1060.5706 0.3 5.0 5.0 5.0 5.0 0.0 0.22800002 2 TOUCH_MOVE n
1401561164709 6 4098 515.6584 1059.5302 0.3 5.0 5.0 5.0 5.0 0.0 0.22000001 2 TOUCH_MOVE n
1401561164717 6 4098 514.62054 1059.4509 0.3 5.0 5.0 5.0 5.0 0.0 0.208 2 TOUCH_MOVE n
1401561164734 6 4098 513.75 1059.4509 0.3 5.0 5.0 5.0 5.0 0.0 0.18 2 TOUCH_MOVE n
1401561164738 6 4098 513.75 1059.4509 0.3 5.0 5.0 5.0 5.0 0.0 0.18 1 TOUCH_UP n
1401561164936 6 4098 367.0 975.451 0.3 5.0 5.0 5.0 5.0 0.0 0.24400002 0 TOUCH_DOWN g
1401561164961 6 4098 367.43143 975.451 0.3 5.0 5.0 5.0 5.0 0.0 0.252 2 TOUCH_MOVE g
1401561164972 6 4098 367.9158 975.451 0.3 5.0 5.0 5.0 5.0 0.0 0.26000002 2 TOUCH_MOVE g
1401561164985 6 4098 368.0 975.85095 0.3 5.0 5.0 5.0 5.0 0.0 0.264 2 TOUCH_MOVE g
1401561165001 6 4098 368.0 976.451 0.3 5.0 5.0 5.0 5.0 0.0 0.23200001 2 TOUCH_MOVE g
1401561165018 6 4098 368.0 976.451 0.20000002 4.0 4.0 4.0 4.0 0.0 0.18 2 TOUCH_MOVE g
1401561165023 6 4098 368.0 976.451 0.20000002 4.0 4.0 4.0 4.0 0.0 0.18 1 TOUCH_UP g
1401561165421 6 4098 265.5 1234.9509 0.23333335 5.0 5.0 5.0 5.0 0.0 0.21200001 0 TOUCH_DOWN Space
1401561165440 6 4098 265.5 1234.9509 0.23333335 5.0 5.0 5.0 5.0 0.0 0.216 2 TOUCH_MOVE Space
1401561165461 6 4098 266.28253 1234.1685 0.26666668 5.0 5.0 5.0 5.0 0.0 0.23200001 2 TOUCH_MOVE Space
1401561165485 6 4098 267.71436 1232.4509 0.26666668 5.0 5.0 5.0 5.0 0.0 0.24000001 2 TOUCH_MOVE Space
1401561165506 6 4098 268.25 1232.4509 0.26666668 5.0 5.0 5.0 5.0 0.0 0.23600002 2 TOUCH_MOVE Space
1401561165535 6 4098 267.3818 1233.0691 0.23333335 5.0 5.0 5.0 5.0 0.0 0.18400002 2 TOUCH_MOVE Space
1401561165550 6 4098 267.5 1232.9509 0.16666667 4.0 4.0 4.0 4.0 0.0 0.132 2 TOUCH_MOVE Space
1401561165559 6 4098 267.5 1232.9509 0.16666667 4.0 4.0 4.0 4.0 0.0 0.132 1 TOUCH_UP Space
1401561165835 6 4098 566.5 1060.4509 0.26666668 4.0 4.0 4.0 4.0 0.0 0.19600001 0 TOUCH_DOWN m
1401561165859 6 4098 566.5 1060.4509 0.26666668 4.0 4.0 4.0 4.0 0.0 0.2 2 TOUCH_MOVE m
1401561165885 6 4098 565.5 1060.7975 0.26666668 4.0 4.0 4.0 4.0 0.0 0.208 2 TOUCH_MOVE m
1401561165902 6 4098 565.5 1061.3455 0.26666668 4.0 4.0 4.0 4.0 0.0 0.2 2 TOUCH_MOVE m
1401561165921 6 4098 565.5 1061.4509 0.23333335 4.0 4.0 4.0 4.0 0.0 0.16000001 2 TOUCH_MOVE m
1401561165925 6 4098 565.5 1061.4509 0.23333335 4.0 4.0 4.0 4.0 0.0 0.16000001 1 TOUCH_UP m
1401561166126 6 4098 190.0 816.951 0.26666668 4.0 4.0 4.0 4.0 0.0 0.224 0 TOUCH_DOWN e
1401561166135 6 4098 190.0 816.951 0.33333334 5.0 5.0 5.0 5.0 0.0 0.24000001 2 TOUCH_MOVE e
1401561166157 6 4098 190.75299 817.704 0.33333334 5.0 5.0 5.0 5.0 0.0 0.256 2 TOUCH_MOVE e
1401561166169 6 4098 191.71689 819.38477 0.33333334 5.0 5.0 5.0 5.0 0.0 0.256 2 TOUCH_MOVE e
1401561166185 6 4098 192.0 820.8319 0.33333334 5.0 5.0 5.0 5.0 0.0 0.256 2 TOUCH_MOVE e
1401561166202 6 4098 191.5 823.4115 0.3 5.0 5.0 5.0 5.0 0.0 0.22000001 2 TOUCH_MOVE e
1401561166215 6 4098 192.0 827.451 0.26666668 4.0 4.0 4.0 4.0 0.0 0.18800001 2 TOUCH_MOVE e
1401561166220 6 4098 192.0 827.451 0.26666668 4.0 4.0 4.0 4.0 0.0 0.18800001 1 TOUCH_UP e
1401561166501 6 4098 283.0 1238.4509 0.20000002 4.0 4.0 4.0 4.0 0.0 0.208 0 TOUCH_DOWN Space
1401561166523 6 4098 283.48233 1237.9686 0.23333335 5.0 5.0 5.0 5.0 0.0 0.216 2 TOUCH_MOVE Space
1401561166536 6 4098 284.42514 1236.6006 0.23333335 5.0 5.0 5.0 5.0 0.0 0.23200001 2 TOUCH_MOVE Space
1401561166555 6 4098 285.37827 1235.5726 0.23333335 5.0 5.0 5.0 5.0 0.0 0.23200001 2 TOUCH_MOVE Space
1401561166570 6 4098 285.5 1234.7009 0.23333335 5.0 5.0 5.0 5.0 0.0 0.224 2 TOUCH_MOVE Space
1401561166604 6 4098 285.5 1234.9509 0.16666667 4.0 4.0 4.0 4.0 0.0 0.18400002 2 TOUCH_MOVE Space
1401561166614 6 4098 285.5 1234.9509 0.16666667 4.0 4.0 4.0 4.0 0.0 0.18400002 1 TOUCH_UP Space
1401561167052 6 4098 227.0 965.451 0.26666668 5.0 5.0 5.0 5.0 0.0 0.224 0 TOUCH_DOWN d
1401561167070 6 4098 227.0 965.451 0.26666668 5.0 5.0 5.0 5.0 0.0 0.23200001 2 TOUCH_MOVE d
1401561167122 6 4098 227.57701 966.028 0.3 5.0 5.0 5.0 5.0 0.0 0.24000001 2 TOUCH_MOVE d
1401561167138 6 4098 226.95804 965.951 0.26666668 5.0 5.0 5.0 5.0 0.0 0.23600002 2 TOUCH_MOVE d
1401561167154 6 4098 227.0 965.951 0.20000002 4.0 4.0 4.0 4.0 0.0 0.17600001 2 TOUCH_MOVE d
1401561167164 6 4098 227.0 965.951 0.20000002 4.0 4.0 4.0 4.0 0.0 0.17600001 1 TOUCH_UP d
1401561167342 6 4098 45.5 966.451 0.16666667 3.0 3.0 3.0 3.0 0.0 0.192 0 TOUCH_DOWN a
1401561167387 6 4098 45.5 966.451 0.20000002 3.0 3.0 3.0 3.0 0.0 0.19600001 2 TOUCH_MOVE a
1401561167403 6 4098 45.5 964.35004 0.20000002 3.0 3.0 3.0 3.0 0.0 0.18400002 2 TOUCH_MOVE a
1401561167418 6 4098 45.5 964.451 0.20000002 3.0 3.0 3.0 3.0 0.0 0.14400001 2 TOUCH_MOVE a
1401561167423 6 4098 45.5 964.451 0.20000002 3.0 3.0 3.0 3.0 0.0 0.14400001 1 TOUCH_UP a
1401561167696 6 4098 330.5 802.951 0.26666668 5.0 5.0 5.0 5.0 0.0 0.224 0 TOUCH_DOWN t
1401561167728 6 4098 328.4376 802.951 0.3 5.0 5.0 5.0 5.0 0.0 0.24400002 2 TOUCH_MOVE t
1401561167751 6 4098 324.43707 803.76355 0.26666668 5.0 5.0 5.0 5.0 0.0 0.23600002 2 TOUCH_MOVE t
1401561167757 6 4098 319.15634 805.23224 0.23333335 4.0 4.0 4.0 4.0 0.0 0.20400001 2 TOUCH_MOVE t
1401561167765 6 4098 318.5 805.451 0.13333334 2.0 2.0 2.0 2.0 0.0 0.14 2 TOUCH_MOVE t
1401561167768 6 4098 318.5 805.451 0.13333334 2.0 2.0 2.0 2.0 0.0 0.14 1 TOUCH_UP t
1401561168051 6 4098 273.5 1227.4509 0.26666668 5.0 5.0 5.0 5.0 0.0 0.224 0 TOUCH_DOWN Space
1401561168072 6 4098 273.5 1227.4509 0.26666668 5.0 5.0 5.0 5.0 0.0 0.23200001 2 TOUCH_MOVE Space
1401561168111 6 4098 274.25558 1227.4509 0.26666668 5.0 5.0 5.0 5.0 0.0 0.252 2 TOUCH_MOVE Space
1401561168121 6 4098 274.73746 1227.4509 0.26666668 5.0 5.0 5.0 5.0 0.0 0.24800001 2 TOUCH_MOVE Space
1401561168156 6 4098 276.28656 1227.0576 0.26666668 5.0 5.0 5.0 5.0 0.0 0.21200001 2 TOUCH_MOVE Space
1401561168166 6 4098 276.5 1226.9509 0.23333335 4.0 4.0 4.0 4.0 0.0 0.18800001 2 TOUCH_MOVE Space
1401561168170 6 4098 276.5 1226.9509 0.23333335 4.0 4.0 4.0 4.0 0.0 0.18800001 1 TOUCH_UP Space
1401561168565 6 4098 334.5 824.951 0.33333334 5.0 5.0 5.0 5.0 0.0 0.24000001 0 TOUCH_DOWN t
1401561168572 6 4098 334.5 824.951 0.33333334 5.0 5.0 5.0 5.0 0.0 0.256 2 TOUCH_MOVE t
1401561168605 6 4098 334.5 825.86005 0.33333334 5.0 5.0 5.0 5.0 0.0 0.26000002 2 TOUCH_MOVE t
1401561168621 6 4098 334.10437 827.24225 0.33333334 5.0 5.0 5.0 5.0 0.0 0.252 2 TOUCH_MOVE t
1401561168638 6 4098 330.3356 830.75464 0.3 5.0 5.0 5.0 5.0 0.0 0.23200001 2 TOUCH_MOVE t
1401561168655 6 4098 328.0 832.951 0.16666667 3.0 3.0 3.0 3.0 0.0 0.132 2 TOUCH_MOVE t
1401561168659 6 4098 328.0 832.951 0.16666667 3.0 3.0 3.0 3.0 0.0 0.132 1 TOUCH_UP t
1401561168875 6 4098 42.0 936.951 0.26666668 5.0 5.0 5.0 5.0 0.0 0.19600001 0 TOUCH_DOWN a
1401561168888 6 4098 42.0 936.951 0.26666668 5.0 5.0 5.0 5.0 0.0 0.20400001 2 TOUCH_MOVE a
1401561168921 6 4098 42.0 937.5605 0.26666668 5.0 5.0 5.0 5.0 0.0 0.21200001 2 TOUCH_MOVE a
1401561168964 6 4098 42.0 936.951 0.20000002 3.0 3.0 3.0 3.0 0.0 0.15200001 2 TOUCH_MOVE a
1401561168968 6 4098 42.0 936.951 0.20000002 3.0 3.0 3.0 3.0 0.0 0.15200001 1 TOUCH_UP a
1401561169067 6 4098 416.5 806.451 0.23333335 4.0 4.0 4.0 4.0 0.0 0.22000001 0 TOUCH_DOWN y
1401561169072 6 4098 416.5 806.451 0.26666668 4.0 4.0 4.0 4.0 0.0 0.224 2 TOUCH_MOVE y
1401561169155 6 4098 416.5 806.451 0.26666668 4.0 4.0 4.0 4.0 0.0 0.224 1 TOUCH_UP y
1401561169316 6 4098 255.5 1224.4509 0.23333335 4.0 4.0 4.0 4.0 0.0 0.224 0 TOUCH_DOWN Space
1401561169324 6 4098 255.5 1224.4509 0.23333335 4.0 4.0 4.0 4.0 0.0 0.22800002 2 TOUCH_MOVE Space
1401561169372 6 4098 256.38376 1224.4509 0.23333335 4.0 4.0 4.0 4.0 0.0 0.23600002 2 TOUCH_MOVE Space
1401561169388 6 4098 256.73117 1224.4509 0.23333335 4.0 4.0 4.0 4.0 0.0 0.22800002 2 TOUCH_MOVE Space
1401561169408 6 4098 256.73117 1224.4509 0.23333335 4.0 4.0 4.0 4.0 0.0 0.22800002 1 TOUCH_UP Space
1401561169830 6 4098 332.5 815.951 0.3 5.0 5.0 5.0 5.0 0.0 0.23600002 0 TOUCH_DOWN t
1401561169872 6 4098 332.5 815.951 0.26666668 5.0 5.0 5.0 5.0 0.0 0.148 2 TOUCH_MOVE t
1401561169881 6 4098 332.5 815.951 0.26666668 5.0 5.0 5.0 5.0 0.0 0.148 1 TOUCH_UP t
1401561170076 6 4098 463.5 807.951 0.23333335 4.0 4.0 4.0 4.0 0.0 0.22000001 0 TOUCH_DOWN u
1401561170089 6 4098 463.5 807.951 0.23333335 4.0 4.0 4.0 4.0 0.0 0.23200001 2 TOUCH_MOVE u
1401561170106 6 4098 464.05133 807.951 0.23333335 4.0 4.0 4.0 4.0 0.0 0.24400002 2 TOUCH_MOVE u
1401561170123 6 4098 465.7666 806.8177 0.23333335 4.0 4.0 4.0 4.0 0.0 0.22800002 2 TOUCH_MOVE u
1401561170140 6 4098 466.69427 806.3538 0.13333334 2.0 2.0 2.0 2.0 0.0 0.112 2 TOUCH_MOVE u
1401561170148 6 4098 466.69427 806.3538 0.13333334 2.0 2.0 2.0 2.0 0.0 0.112 1 TOUCH_UP u
1401561170797 6 4098 352.5 982.951 0.26666668 4.0 4.0 4.0 4.0 0.0 0.224 0 TOUCH_DOWN g
1401561170806 6 4098 352.5 982.951 0.26666668 4.0 4.0 4.0 4.0 0.0 0.23200001 2 TOUCH_MOVE g
1401561170866 6 4098 352.5 982.951 0.20000002 4.0 4.0 4.0 4.0 0.0 0.18 2 TOUCH_MOVE g
1401561170870 6 4098 352.5 982.951 0.20000002 4.0 4.0 4.0 4.0 0.0 0.18 1 TOUCH_UP g
1401561171107 6 4098 320.0 1235.4509 0.20000002 4.0 4.0 4.0 4.0 0.0 0.208 0 TOUCH_DOWN Space
1401561171129 6 4098 318.59192 1235.4509 0.20000002 4.0 4.0 4.0 4.0 0.0 0.22000001 2 TOUCH_MOVE Space
1401561171150 6 4098 317.07892 1234.5299 0.26666668 5.0 5.0 5.0 5.0 0.0 0.22800002 2 TOUCH_MOVE Space
1401561171157 6 4098 316.14368 1233.5946 0.26666668 5.0 5.0 5.0 5.0 0.0 0.22800002 2 TOUCH_MOVE Space
1401561171173 6 4098 315.15338 1232.1044 0.26666668 5.0 5.0 5.0 5.0 0.0 0.23200001 2 TOUCH_MOVE Space
1401561171190 6 4098 314.5942 1231.9509 0.26666668 5.0 5.0 5.0 5.0 0.0 0.23200001 2 TOUCH_MOVE Space
1401561171211 6 4098 313.75 1231.9509 0.20000002 4.0 4.0 4.0 4.0 0.0 0.20400001 2 TOUCH_MOVE Space
1401561171223 6 4098 312.75 1231.9509 0.10000001 2.0 2.0 2.0 2.0 0.0 0.1 2 TOUCH_MOVE Space
1401561171231 6 4098 312.75 1231.9509 0.10000001 2.0 2.0 2.0 2.0 0.0 0.1 1 TOUCH_UP Space
1401561171560 6 4098 683.0 1041.9509 0.26666668 4.0 4.0 4.0 4.0 0.0 0.18800001 0 TOUCH_DOWN Back
1401561171578 6 4098 683.0 1042.3744 0.26666668 4.0 4.0 4.0 4.0 0.0 0.192 2 TOUCH_MOVE Back
1401561171591 6 4098 682.0591 1043.3918 0.26666668 4.0 4.0 4.0 4.0 0.0 0.192 2 TOUCH_MOVE Back
1401561171607 6 4098 680.5933 1044.3575 0.26666668 4.0 4.0 4.0 4.0 0.0 0.192 2 TOUCH_MOVE Back
1401561171624 6 4098 679.63043 1045.3204 0.26666668 4.0 4.0 4.0 4.0 0.0 0.18800001 2 TOUCH_MOVE Back
1401561171634 6 4098 679.5 1045.4509 0.3 5.0 5.0 5.0 5.0 0.0 0.164 2 TOUCH_MOVE Back
1401561171638 6 4098 679.5 1045.4509 0.3 5.0 5.0 5.0 5.0 0.0 0.164 1 TOUCH_UP Back
1401561171755 6 4098 670.0 1042.9509 0.3 5.0 5.0 5.0 5.0 0.0 0.2 0 TOUCH_DOWN Back
1401561171787 6 4098 670.0 1043.4937 0.3 5.0 5.0 5.0 5.0 0.0 0.2 2 TOUCH_MOVE Back
1401561171794 6 4098 670.0 1044.4583 0.3 5.0 5.0 5.0 5.0 0.0 0.2 2 TOUCH_MOVE Back
1401561171813 6 4098 670.0 1045.2891 0.3 5.0 5.0 5.0 5.0 0.0 0.192 2 TOUCH_MOVE Back
1401561171816 6 4098 670.0 1045.4509 0.26666668 5.0 5.0 5.0 5.0 0.0 0.156 2 TOUCH_MOVE Back
1401561171820 6 4098 670.0 1045.4509 0.26666668 5.0 5.0 5.0 5.0 0.0 0.156 1 TOUCH_UP Back
1401561172424 6 4098 504.5 1062.4509 0.3 5.0 5.0 5.0 5.0 0.0 0.20400001 0 TOUCH_DOWN n
1401561172450 6 4098 503.99536 1062.4509 0.3 5.0 5.0 5.0 5.0 0.0 0.20400001 2 TOUCH_MOVE n
1401561172458 6 4098 501.86362 1062.4509 0.3 5.0 5.0 5.0 5.0 0.0 0.18 2 TOUCH_MOVE n
1401561172467 6 4098 501.86362 1062.4509 0.3 5.0 5.0 5.0 5.0 0.0 0.18 1 TOUCH_UP n
1401561172683 6 4098 368.0 972.451 0.23333335 4.0 4.0 4.0 4.0 0.0 0.24000001 0 TOUCH_DOWN g
1401561172759 6 4098 368.0 972.451 0.23333335 4.0 4.0 4.0 4.0 0.0 0.17600001 2 TOUCH_MOVE g
1401561172767 6 4098 368.0 972.451 0.23333335 4.0 4.0 4.0 4.0 0.0 0.17600001 1 TOUCH_UP g
1401561172995 6 4098 302.0 1232.4509 0.20000002 4.0 4.0 4.0 4.0 0.0 0.21200001 0 TOUCH_DOWN Space
1401561173016 6 4098 301.71735 1232.4509 0.20000002 4.0 4.0 4.0 4.0 0.0 0.216 2 TOUCH_MOVE Space
1401561173034 6 4098 301.17926 1232.1301 0.23333335 4.0 4.0 4.0 4.0 0.0 0.22000001 2 TOUCH_MOVE Space
1401561173042 6 4098 300.2297 1231.1807 0.23333335 4.0 4.0 4.0 4.0 0.0 0.22000001 2 TOUCH_MOVE Space
1401561173059 6 4098 298.75232 1230.9509 0.23333335 4.0 4.0 4.0 4.0 0.0 0.21200001 2 TOUCH_MOVE Space
1401561173075 6 4098 297.78006 1230.9509 0.13333334 2.0 2.0 2.0 2.0 0.0 0.18 2 TOUCH_MOVE Space
1401561173082 6 4098 297.78006 1230.9509 0.13333334 2.0 2.0 2.0 2.0 0.0 0.18 1 TOUCH_UP Space
1401561173497 6 4098 435.0 1066.9509 0.3 5.0 5.0 5.0 5.0 0.0 0.24400002 0 TOUCH_DOWN b
1401561173509 6 4098 435.3808 1066.9509 0.33333334 5.0 5.0 5.0 5.0 0.0 0.24800001 2 TOUCH_MOVE b
1401561173528 6 4098 436.1894 1066.9509 0.33333334 5.0 5.0 5.0 5.0 0.0 0.256 2 TOUCH_MOVE b
1401561173544 6 4098 437.0 1067.6456 0.33333334 5.0 5.0 5.0 5.0 0.0 0.252 2 TOUCH_MOVE b
1401561173559 6 4098 437.0 1069.2412 0.3 5.0 5.0 5.0 5.0 0.0 0.22800002 2 TOUCH_MOVE b
1401561173577 6 4098 437.0 1068.9509 0.16666667 3.0 3.0 3.0 3.0 0.0 0.116000004 2 TOUCH_MOVE b
1401561173584 6 4098 437.0 1068.9509 0.16666667 3.0 3.0 3.0 3.0 0.0 0.116000004 1 TOUCH_UP b
1401561173828 6 4098 475.0 811.951 0.20000002 4.0 4.0 4.0 4.0 0.0 0.192 0 TOUCH_DOWN u
1401561173859 6 4098 475.0 812.2 0.20000002 4.0 4.0 4.0 4.0 0.0 0.20400001 2 TOUCH_MOVE u
1401561173879 6 4098 473.58127 815.8291 0.20000002 4.0 4.0 4.0 4.0 0.0 0.2 2 TOUCH_MOVE u
1401561173896 6 4098 473.0 817.451 0.23333335 5.0 5.0 5.0 5.0 0.0 0.18 2 TOUCH_MOVE u
1401561173901 6 4098 473.0 817.451 0.23333335 5.0 5.0 5.0 5.0 0.0 0.18 1 TOUCH_UP u
1401561174067 6 4098 617.5 809.951 0.23333335 4.0 4.0 4.0 4.0 0.0 0.208 0 TOUCH_DOWN o
1401561174076 6 4098 617.5 810.46454 0.3 5.0 5.0 5.0 5.0 0.0 0.22000001 2 TOUCH_MOVE o
1401561174093 6 4098 617.5 811.201 0.3 5.0 5.0 5.0 5.0 0.0 0.224 2 TOUCH_MOVE o
1401561174134 6 4098 617.5 810.951 0.23333335 5.0 5.0 5.0 5.0 0.0 0.18 2 TOUCH_MOVE o
1401561174137 6 4098 617.5 810.951 0.23333335 5.0 5.0 5.0 5.0 0.0 0.18 1 TOUCH_UP o
1401561174433 6 4098 279.5 1094.9509 0.26666668 4.0 4.0 4.0 4.0 0.0 0.22000001 0 TOUCH_DOWN c
1401561174443 6 4098 279.5 1095.3136 0.26666668 4.0 4.0 4.0 4.0 0.0 0.224 2 TOUCH_MOVE c
1401561174479 6 4098 279.5 1096.9967 0.3 5.0 5.0 5.0 5.0 0.0 0.22000001 2 TOUCH_MOVE c
1401561174506 6 4098 279.5 1096.9967 0.3 5.0 5.0 5.0 5.0 0.0 0.22000001 1 TOUCH_UP c
1401561175158 6 4098 299.0 1225.9509 0.23333335 4.0 4.0 4.0 4.0 0.0 0.22800002 0 TOUCH_DOWN Space
1401561175165 6 4098 299.0 1225.9509 0.23333335 4.0 4.0 4.0 4.0 0.0 0.23200001 2 TOUCH_MOVE Space
1401561175196 6 4098 299.0 1224.751 0.26666668 5.0 5.0 5.0 5.0 0.0 0.24800001 2 TOUCH_MOVE Space
1401561175210 6 4098 299.0 1223.3837 0.23333335 4.0 4.0 4.0 4.0 0.0 0.24000001 2 TOUCH_MOVE Space
1401561175227 6 4098 299.0 1222.419 0.23333335 4.0 4.0 4.0 4.0 0.0 0.23600002 2 TOUCH_MOVE Space
1401561175264 6 4098 299.0 1222.4509 0.16666667 3.0 3.0 3.0 3.0 0.0 0.17600001 2 TOUCH_MOVE Space
1401561175268 6 4098 299.0 1222.4509 0.16666667 3.0 3.0 3.0 3.0 0.0 0.17600001 1 TOUCH_UP Space
1401561175853 6 4098 694.5 1076.9509 0.13333334 2.0 2.0 2.0 2.0 0.0 0.18 0 TOUCH_DOWN Back
1401561175911 6 4098 694.5 1074.8069 0.16666667 3.0 3.0 3.0 3.0 0.0 0.18 2 TOUCH_MOVE Back
1401561175928 6 4098 694.5 1072.4076 0.16666667 3.0 3.0 3.0 3.0 0.0 0.18 2 TOUCH_MOVE Back
1401561175947 6 4098 694.5 1072.4076 0.16666667 3.0 3.0 3.0 3.0 0.0 0.18 1 TOUCH_UP Back
1401561176604 6 4098 675.0 1195.9509 0.20000002 4.0 4.0 4.0 4.0 0.0 0.192 0 TOUCH_DOWN Enter
1401561176613 6 4098 675.0 1195.9509 0.23333335 5.0 5.0 5.0 5.0 0.0 0.19600001 2 TOUCH_MOVE Enter
1401561176631 6 4098 674.0138 1195.9509 0.23333335 5.0 5.0 5.0 5.0 0.0 0.2 2 TOUCH_MOVE Enter
1401561176645 6 4098 671.59863 1196.4509 0.23333335 5.0 5.0 5.0 5.0 0.0 0.20400001 2 TOUCH_MOVE Enter
1401561176662 6 4098 670.08856 1196.4509 0.23333335 5.0 5.0 5.0 5.0 0.0 0.2 2 TOUCH_MOVE Enter
1401561176678 6 4098 669.75 1196.4509 0.23333335 5.0 5.0 5.0 5.0 0.0 0.2 2 TOUCH_MOVE Enter
1401561176707 6 4098 669.75 1196.4509 0.23333335 5.0 5.0 5.0 5.0 0.0 0.2 1 TOUCH_UP Enter
1401561177256 6 4098 455.5 941.451 0.3 5.0 5.0 5.0 5.0 0.0 0.21200001 0 TOUCH_DOWN H
1401561177262 6 4098 455.5 941.451 0.3 5.0 5.0 5.0 5.0 0.0 0.216 2 TOUCH_MOVE H
1401561177296 6 4098 454.8458 941.451 0.33333334 5.0 5.0 5.0 5.0 0.0 0.22800002 2 TOUCH_MOVE H
1401561177312 6 4098 454.26843 941.451 0.3 5.0 5.0 5.0 5.0 0.0 0.22800002 2 TOUCH_MOVE H
1401561177344 6 4098 454.26843 941.451 0.3 5.0 5.0 5.0 5.0 0.0 0.22800002 1 TOUCH_UP H
1401561177573 6 4098 639.0 799.951 0.20000002 4.0 4.0 4.0 4.0 0.0 0.21200001 0 TOUCH_DOWN o
1401561177580 6 4098 639.0 799.951 0.23333335 4.0 4.0 4.0 4.0 0.0 0.22000001 2 TOUCH_MOVE o
1401561177663 6 4098 640.0 800.951 0.23333335 4.0 4.0 4.0 4.0 0.0 0.21200001 2 TOUCH_MOVE o
1401561177675 6 4098 640.0 800.951 0.16666667 3.0 3.0 3.0 3.0 0.0 0.18400002 2 TOUCH_MOVE o
1401561177678 6 4098 640.0 800.951 0.16666667 3.0 3.0 3.0 3.0 0.0 0.18400002 1 TOUCH_UP o
1401561177893 6 4098 591.0 1082.4509 0.16666667 3.0 3.0 3.0 3.0 0.0 0.192 0 TOUCH_DOWN m
1401561177975 6 4098 591.0 1082.4509 0.16666667 3.0 3.0 3.0 3.0 0.0 0.192 1 TOUCH_UP m
1401561178101 6 4098 279.0 1234.4509 0.23333335 5.0 5.0 5.0 5.0 0.0 0.208 0 TOUCH_DOWN Space
1401561178114 6 4098 279.36752 1234.0834 0.23333335 5.0 5.0 5.0 5.0 0.0 0.22000001 2 TOUCH_MOVE Space
1401561178135 6 4098 280.94235 1233.2297 0.26666668 5.0 5.0 5.0 5.0 0.0 0.22800002 2 TOUCH_MOVE Space
1401561178147 6 4098 282.8608 1232.2705 0.26666668 5.0 5.0 5.0 5.0 0.0 0.23200001 2 TOUCH_MOVE Space
1401561178163 6 4098 284.29752 1231.3021 0.26666668 5.0 5.0 5.0 5.0 0.0 0.23200001 2 TOUCH_MOVE Space
1401561178180 6 4098 285.1116 1231.4509 0.26666668 5.0 5.0 5.0 5.0 0.0 0.23200001 2 TOUCH_MOVE Space
1401561178213 6 4098 283.42493 1231.4509 0.20000002 4.0 4.0 4.0 4.0 0.0 0.192 2 TOUCH_MOVE Space
1401561178228 6 4098 283.5 1231.4509 0.20000002 5.0 5.0 5.0 5.0 0.0 0.132 2 TOUCH_MOVE Space
1401561178232 6 4098 283.5 1231.4509 0.20000002 5.0 5.0 5.0 5.0 0.0 0.132 1 TOUCH_UP Space
1401561178322 6 4098 527.0 1076.9509 0.16666667 3.0 3.0 3.0 3.0 0.0 0.19600001 0 TOUCH_DOWN n
1401561178330 6 4098 527.0 1076.9509 0.20000002 3.0 3.0 3.0 3.0 0.0 0.20400001 2 TOUCH_MOVE n
1401561178413 6 4098 527.5 1075.8528 0.20000002 3.0 3.0 3.0 3.0 0.0 0.192 2 TOUCH_MOVE n
1401561178427 6 4098 528.0 1074.9509 0.20000002 4.0 4.0 4.0 4.0 0.0 0.17600001 2 TOUCH_MOVE n
1401561178431 6 4098 528.0 1074.9509 0.20000002 4.0 4.0 4.0 4.0 0.0 0.17600001 1 TOUCH_UP n
1401561178570 6 4098 49.5 952.951 0.23333335 4.0 4.0 4.0 4.0 0.0 0.192 0 TOUCH_DOWN a
1401561178630 6 4098 49.5 952.951 0.23333335 4.0 4.0 4.0 4.0 0.0 0.19600001 2 TOUCH_MOVE a
1401561178644 6 4098 49.0 952.951 0.23333335 4.0 4.0 4.0 4.0 0.0 0.18 2 TOUCH_MOVE a
1401561178648 6 4098 49.0 952.951 0.23333335 4.0 4.0 4.0 4.0 0.0 0.18 1 TOUCH_UP a
1401561178913 6 4098 414.0 807.451 0.16666667 3.0 3.0 3.0 3.0 0.0 0.192 0 TOUCH_DOWN y
1401561178932 6 4098 414.0 807.451 0.20000002 3.0 3.0 3.0 3.0 0.0 0.21200001 2 TOUCH_MOVE y
1401561178979 6 4098 414.0 807.451 0.20000002 3.0 3.0 3.0 3.0 0.0 0.21200001 1 TOUCH_UP y
1401561179154 6 4098 286.5 1226.4509 0.23333335 4.0 4.0 4.0 4.0 0.0 0.224 0 TOUCH_DOWN Space
1401561179165 6 4098 286.5 1226.4509 0.26666668 5.0 5.0 5.0 5.0 0.0 0.23600002 2 TOUCH_MOVE Space
1401561179261 6 4098 286.5 1226.4509 0.20000002 3.0 3.0 3.0 3.0 0.0 0.17600001 2 TOUCH_MOVE Space
1401561179265 6 4098 286.5 1226.4509 0.20000002 3.0 3.0 3.0 3.0 0.0 0.17600001 1 TOUCH_UP Space
1401561179843 6 4098 581.0 1074.9509 0.20000002 3.0 3.0 3.0 3.0 0.0 0.20400001 0 TOUCH_DOWN m
1401561179865 6 4098 580.5263 1074.4772 0.20000002 3.0 3.0 3.0 3.0 0.0 0.21200001 2 TOUCH_MOVE m
1401561179881 6 4098 578.27124 1073.1317 0.26666668 4.0 4.0 4.0 4.0 0.0 0.216 2 TOUCH_MOVE m
1401561179898 6 4098 576.1251 1071.576 0.26666668 4.0 4.0 4.0 4.0 0.0 0.224 2 TOUCH_MOVE m
1401561179915 6 4098 574.65814 1070.6091 0.26666668 4.0 4.0 4.0 4.0 0.0 0.21200001 2 TOUCH_MOVE m
1401561179932 6 4098 572.6283 1069.9509 0.26666668 4.0 4.0 4.0 4.0 0.0 0.192 2 TOUCH_MOVE m
1401561179942 6 4098 572.0 1069.9509 0.26666668 4.0 4.0 4.0 4.0 0.0 0.17600001 2 TOUCH_MOVE m
1401561179945 6 4098 572.0 1069.9509 0.26666668 4.0 4.0 4.0 4.0 0.0 0.17600001 1 TOUCH_UP m
1401561180134 6 4098 145.5 798.951 0.20000002 4.0 4.0 4.0 4.0 0.0 0.20400001 0 TOUCH_DOWN e
1401561180153 6 4098 146.32538 798.951 0.23333335 5.0 5.0 5.0 5.0 0.0 0.216 2 TOUCH_MOVE e
1401561180165 6 4098 147.7943 798.951 0.26666668 5.0 5.0 5.0 5.0 0.0 0.24000001 2 TOUCH_MOVE e
1401561180182 6 4098 149.01122 798.951 0.26666668 5.0 5.0 5.0 5.0 0.0 0.24800001 2 TOUCH_MOVE e
1401561180199 6 4098 150.71881 798.951 0.26666668 5.0 5.0 5.0 5.0 0.0 0.24400002 2 TOUCH_MOVE e
1401561180219 6 4098 151.0 798.951 0.26666668 5.0 5.0 5.0 5.0 0.0 0.23200001 2 TOUCH_MOVE e
1401561180234 6 4098 151.0 798.951 0.20000002 4.0 4.0 4.0 4.0 0.0 0.18800001 2 TOUCH_MOVE e
1401561180239 6 4098 151.0 798.951 0.20000002 4.0 4.0 4.0 4.0 0.0 0.18800001 1 TOUCH_UP e
1401561180692 6 4098 323.5 1233.9509 0.26666668 5.0 5.0 5.0 5.0 0.0 0.21200001 0 TOUCH_DOWN Space
1401561180714 6 4098 323.5 1233.7521 0.26666668 5.0 5.0 5.0 5.0 0.0 0.22000001 2 TOUCH_MOVE Space
1401561180740 6 4098 324.0652 1232.3857 0.26666668 5.0 5.0 5.0 5.0 0.0 0.23200001 2 TOUCH_MOVE Space
1401561180749 6 4098 325.02856 1231.4224 0.26666668 5.0 5.0 5.0 5.0 0.0 0.22800002 2 TOUCH_MOVE Space
1401561180783 6 4098 326.75 1231.4509 0.26666668 5.0 5.0 5.0 5.0 0.0 0.216 2 TOUCH_MOVE Space
1401561180799 6 4098 327.21405 1231.4509 0.23333335 5.0 5.0 5.0 5.0 0.0 0.19600001 2 TOUCH_MOVE Space
1401561180816 6 4098 327.21405 1231.4509 0.23333335 5.0 5.0 5.0 5.0 0.0 0.19600001 1 TOUCH_UP Space
1401561181954 6 4098 676.5 951.451 0.33333334 5.0 5.0 5.0 5.0 0.0 0.18800001 0 TOUCH_DOWN l
1401561181967 6 4098 676.0631 951.0141 0.33333334 5.0 5.0 5.0 5.0 0.0 0.192 2 TOUCH_MOVE l
1401561182013 6 4098 672.9536 948.4046 0.33333334 5.0 5.0 5.0 5.0 0.0 0.192 2 TOUCH_MOVE l
1401561182020 6 4098 670.5 946.951 0.26666668 5.0 5.0 5.0 5.0 0.0 0.14400001 2 TOUCH_MOVE l
1401561182027 6 4098 670.5 946.951 0.26666668 5.0 5.0 5.0 5.0 0.0 0.14400001 1 TOUCH_UP l
1401561182300 6 4098 205.0 821.951 0.26666668 4.0 4.0 4.0 4.0 0.0 0.216 0 TOUCH_DOWN e
1401561182351 6 4098 205.0 821.951 0.3 5.0 5.0 5.0 5.0 0.0 0.192 2 TOUCH_MOVE e
1401561182357 6 4098 205.0 821.951 0.26666668 5.0 5.0 5.0 5.0 0.0 0.148 2 TOUCH_MOVE e
1401561182360 6 4098 205.0 821.951 0.26666668 5.0 5.0 5.0 5.0 0.0 0.148 1 TOUCH_UP e
1401561182532 6 4098 507.0 1074.9509 0.23333335 4.0 4.0 4.0 4.0 0.0 0.2 0 TOUCH_DOWN n
1401561182537 6 4098 507.0 1074.9509 0.23333335 4.0 4.0 4.0 4.0 0.0 0.216 2 TOUCH_MOVE n
1401561182607 6 4098 507.75 1073.2009 0.3 5.0 5.0 5.0 5.0 0.0 0.18800001 2 TOUCH_MOVE n
1401561182612 6 4098 507.75 1073.2009 0.3 5.0 5.0 5.0 5.0 0.0 0.18800001 1 TOUCH_UP n
1401561182732 6 4098 297.0 1226.4509 0.23333335 4.0 4.0 4.0 4.0 0.0 0.22800002 0 TOUCH_DOWN Space
1401561182748 6 4098 297.0 1226.4509 0.23333335 4.0 4.0 4.0 4.0 0.0 0.23200001 2 TOUCH_MOVE Space
1401561182841 6 4098 297.0 1226.4509 0.23333335 4.0 4.0 4.0 4.0 0.0 0.23200001 1 TOUCH_UP Space
1401561182964 6 4098 525.5 1069.9509 0.23333335 4.0 4.0 4.0 4.0 0.0 0.20400001 0 TOUCH_DOWN n
1401561182968 6 4098 525.30426 1069.9509 0.23333335 4.0 4.0 4.0 4.0 0.0 0.21200001 2 TOUCH_MOVE n
1401561182986 6 4098 524.75 1069.9509 0.26666668 4.0 4.0 4.0 4.0 0.0 0.208 2 TOUCH_MOVE n
1401561183018 6 4098 524.5 1068.2391 0.20000002 4.0 4.0 4.0 4.0 0.0 0.18 2 TOUCH_MOVE n
1401561183026 6 4098 524.5 1068.2391 0.20000002 4.0 4.0 4.0 4.0 0.0 0.18 1 TOUCH_UP n
1401561183327 6 4098 483.0 836.451 0.26666668 4.0 4.0 4.0 4.0 0.0 0.208 0 TOUCH_DOWN u
1401561183335 6 4098 483.0 836.451 0.26666668 4.0 4.0 4.0 4.0 0.0 0.224 2 TOUCH_MOVE u
1401561183402 6 4098 485.5 836.451 0.26666668 4.0 4.0 4.0 4.0 0.0 0.192 2 TOUCH_MOVE u
1401561183419 6 4098 485.5 836.451 0.23333335 4.0 4.0 4.0 4.0 0.0 0.164 2 TOUCH_MOVE u
1401561183436 6 4098 485.5 836.451 0.23333335 4.0 4.0 4.0 4.0 0.0 0.164 1 TOUCH_UP u
1401561183534 6 4098 621.0 808.951 0.23333335 4.0 4.0 4.0 4.0 0.0 0.216 0 TOUCH_DOWN o
1401561183559 6 4098 621.4643 809.4153 0.3 5.0 5.0 5.0 5.0 0.0 0.224 2 TOUCH_MOVE o
1401561183568 6 4098 622.78156 810.3418 0.3 5.0 5.0 5.0 5.0 0.0 0.23200001 2 TOUCH_MOVE o
1401561183585 6 4098 624.66223 811.2821 0.3 5.0 5.0 5.0 5.0 0.0 0.23200001 2 TOUCH_MOVE o
1401561183602 6 4098 625.82196 812.27295 0.26666668 4.0 4.0 4.0 4.0 0.0 0.21200001 2 TOUCH_MOVE o
1401561183618 6 4098 626.75 813.201 0.20000002 3.0 3.0 3.0 3.0 0.0 0.1 2 TOUCH_MOVE o
1401561183622 6 4098 626.75 813.201 0.20000002 3.0 3.0 3.0 3.0 0.0 0.1 1 TOUCH_UP o
1401561183846 6 4098 522.5 1044.4509 0.26666668 5.0 5.0 5.0 5.0 0.0 0.192 0 TOUCH_DOWN n
1401561183853 6 4098 522.5 1044.7107 0.26666668 5.0 5.0 5.0 5.0 0.0 0.208 2 TOUCH_MOVE n
1401561183875 6 4098 521.75323 1045.6976 0.26666668 5.0 5.0 5.0 5.0 0.0 0.20400001 2 TOUCH_MOVE n
1401561183885 6 4098 519.6044 1046.6488 0.3 5.0 5.0 5.0 5.0 0.0 0.2 2 TOUCH_MOVE n
1401561183902 6 4098 516.96484 1047.6293 0.23333335 4.0 4.0 4.0 4.0 0.0 0.16800001 2 TOUCH_MOVE n
1401561183909 6 4098 516.96484 1047.6293 0.23333335 4.0 4.0 4.0 4.0 0.0 0.16800001 1 TOUCH_UP n
1401561184099 6 4098 361.0 967.451 0.13333334 2.0 2.0 2.0 2.0 0.0 0.164 0 TOUCH_DOWN g
1401561184104 6 4098 361.0 967.451 0.13333334 2.0 2.0 2.0 2.0 0.0 0.132 2 TOUCH_MOVE g
1401561184117 6 4098 361.0 967.451 0.13333334 2.0 2.0 2.0 2.0 0.0 0.132 1 TOUCH_UP g
1401561184583 6 4098 310.0 1215.4509 0.23333335 4.0 4.0 4.0 4.0 0.0 0.23200001 0 TOUCH_DOWN Space
1401561184588 6 4098 310.0 1215.4509 0.26666668 5.0 5.0 5.0 5.0 0.0 0.24000001 2 TOUCH_MOVE Space
1401561184671 6 4098 309.4998 1214.9507 0.23333335 4.0 4.0 4.0 4.0 0.0 0.22000001 2 TOUCH_MOVE Space
1401561184686 6 4098 309.5 1214.9509 0.20000002 3.0 3.0 3.0 3.0 0.0 0.192 2 TOUCH_MOVE Space
1401561184693 6 4098 309.5 1214.9509 0.13333334 2.0 2.0 2.0 2.0 0.0 0.116000004 2 TOUCH_MOVE Space
1401561184697 6 4098 309.5 1214.9509 0.13333334 2.0 2.0 2.0 2.0 0.0 0.116000004 1 TOUCH_UP Space
1401561185040 6 4098 582.0 1038.9509 0.16666667 3.0 3.0 3.0 3.0 0.0 0.19600001 0 TOUCH_DOWN m
1401561185054 6 4098 581.83887 1039.612 0.23333335 4.0 4.0 4.0 4.0 0.0 0.21200001 2 TOUCH_MOVE m
1401561185072 6 4098 580.2379 1040.582 0.26666668 4.0 4.0 4.0 4.0 0.0 0.208 2 TOUCH_MOVE m
1401561185086 6 4098 578.3613 1040.9509 0.23333335 4.0 4.0 4.0 4.0 0.0 0.19600001 2 TOUCH_MOVE m
1401561185107 6 4098 577.5 1040.4509 0.13333334 2.0 2.0 2.0 2.0 0.0 0.120000005 2 TOUCH_MOVE m
1401561185115 6 4098 577.5 1040.4509 0.13333334 2.0 2.0 2.0 2.0 0.0 0.120000005 1 TOUCH_UP m
1401561185343 6 4098 615.0 791.451 0.26666668 5.0 5.0 5.0 5.0 0.0 0.20400001 0 TOUCH_DOWN o
1401561185353 6 4098 615.0 791.451 0.26666668 5.0 5.0 5.0 5.0 0.0 0.216 2 TOUCH_MOVE o
1401561185389 6 4098 616.4438 791.451 0.26666668 5.0 5.0 5.0 5.0 0.0 0.224 2 TOUCH_MOVE o
1401561185404 6 4098 617.0 791.451 0.23333335 4.0 4.0 4.0 4.0 0.0 0.2 2 TOUCH_MOVE o
1401561185416 6 4098 617.0 791.451 0.23333335 5.0 5.0 5.0 5.0 0.0 0.16800001 2 TOUCH_MOVE o
1401561185419 6 4098 617.0 791.451 0.23333335 5.0 5.0 5.0 5.0 0.0 0.16800001 1 TOUCH_UP o
1401561185736 6 4098 346.5 795.451 0.20000002 4.0 4.0 4.0 4.0 0.0 0.18800001 0 TOUCH_DOWN t
1401561185741 6 4098 346.5 795.451 0.20000002 4.0 4.0 4.0 4.0 0.0 0.192 2 TOUCH_MOVE t
1401561185772 6 4098 346.5 795.451 0.20000002 4.0 4.0 4.0 4.0 0.0 0.192 1 TOUCH_UP t
1401561186086 6 4098 248.0 1216.4509 0.23333335 4.0 4.0 4.0 4.0 0.0 0.24000001 0 TOUCH_DOWN Space
1401561186096 6 4098 248.0 1216.4509 0.26666668 5.0 5.0 5.0 5.0 0.0 0.24400002 2 TOUCH_MOVE Space
1401561186123 6 4098 249.67102 1216.4509 0.26666668 5.0 5.0 5.0 5.0 0.0 0.256 2 TOUCH_MOVE Space
1401561186137 6 4098 251.30843 1216.4509 0.26666668 5.0 5.0 5.0 5.0 0.0 0.256 2 TOUCH_MOVE Space
1401561186154 6 4098 252.27498 1216.4509 0.23333335 4.0 4.0 4.0 4.0 0.0 0.23600002 2 TOUCH_MOVE Space
1401561186173 6 4098 253.22774 1216.4509 0.23333335 4.0 4.0 4.0 4.0 0.0 0.19600001 2 TOUCH_MOVE Space
1401561186182 6 4098 253.5 1216.4509 0.16666667 3.0 3.0 3.0 3.0 0.0 0.124000005 2 TOUCH_MOVE Space
1401561186186 6 4098 253.5 1216.4509 0.16666667 3.0 3.0 3.0 3.0 0.0 0.124000005 1 TOUCH_UP Space
1401561186773 6 4098 594.5 1080.9509 0.20000002 4.0 4.0 4.0 4.0 0.0 0.192 0 TOUCH_DOWN m
1401561186788 6 4098 594.5 1080.9509 0.16666667 3.0 3.0 3.0 3.0 0.0 0.19600001 2 TOUCH_MOVE m
1401561186821 6 4098 594.0 1080.4509 0.16666667 3.0 3.0 3.0 3.0 0.0 0.19600001 2 TOUCH_MOVE m
1401561186839 6 4098 594.0 1080.4509 0.13333334 2.0 2.0 2.0 2.0 0.0 0.108 2 TOUCH_MOVE m
1401561186844 6 4098 594.0 1080.4509 0.13333334 2.0 2.0 2.0 2.0 0.0 0.108 1 TOUCH_UP m
1401561187161 6 4098 565.0 797.451 0.23333335 4.0 4.0 4.0 4.0 0.0 0.22000001 0 TOUCH_DOWN i
1401561187190 6 4098 565.0 797.451 0.26666668 5.0 5.0 5.0 5.0 0.0 0.23600002 2 TOUCH_MOVE i
1401561187205 6 4098 565.964 798.87897 0.23333335 4.0 4.0 4.0 4.0 0.0 0.224 2 TOUCH_MOVE i
1401561187222 6 4098 565.0955 806.8779 0.23333335 4.0 4.0 4.0 4.0 0.0 0.2 2 TOUCH_MOVE i
1401561187230 6 4098 565.0 807.451 0.3 5.0 5.0 5.0 5.0 0.0 0.18 2 TOUCH_MOVE i
1401561187234 6 4098 565.0 807.451 0.3 5.0 5.0 5.0 5.0 0.0 0.18 1 TOUCH_UP i
1401561187466 6 4098 510.5 1055.4509 0.3 5.0 5.0 5.0 5.0 0.0 0.20400001 0 TOUCH_DOWN n
1401561187526 6 4098 509.70425 1054.0637 0.26666668 4.0 4.0 4.0 4.0 0.0 0.216 2 TOUCH_MOVE n
1401561187539 6 4098 509.5 1050.9509 0.26666668 4.0 4.0 4.0 4.0 0.0 0.18400002 2 TOUCH_MOVE n
1401561187550 6 4098 509.5 1050.9509 0.16666667 3.0 3.0 3.0 3.0 0.0 0.112 2 TOUCH_MOVE n
1401561187558 6 4098 509.5 1050.9509 0.16666667 3.0 3.0 3.0 3.0 0.0 0.112 1 TOUCH_UP n
1401561187698 6 4098 455.0 951.951 0.33333334 5.0 5.0 5.0 5.0 0.0 0.22000001 0 TOUCH_DOWN h
1401561187706 6 4098 455.0 951.951 0.33333334 5.0 5.0 5.0 5.0 0.0 0.224 2 TOUCH_MOVE h
1401561187744 6 4098 452.19556 949.14655 0.33333334 5.0 5.0 5.0 5.0 0.0 0.23200001 2 TOUCH_MOVE h
1401561187755 6 4098 450.70847 947.6595 0.33333334 5.0 5.0 5.0 5.0 0.0 0.21200001 2 TOUCH_MOVE h
1401561187767 6 4098 450.5 947.451 0.33333334 5.0 5.0 5.0 5.0 0.0 0.192 2 TOUCH_MOVE h
1401561187771 6 4098 450.5 947.451 0.33333334 5.0 5.0 5.0 5.0 0.0 0.192 1 TOUCH_UP h
1401561187930 6 4098 302.0 1226.4509 0.23333335 4.0 4.0 4.0 4.0 0.0 0.224 0 TOUCH_DOWN Space
1401561187939 6 4098 302.0 1226.4509 0.23333335 4.0 4.0 4.0 4.0 0.0 0.23200001 2 TOUCH_MOVE Space
1401561187973 6 4098 302.5815 1226.4509 0.26666668 5.0 5.0 5.0 5.0 0.0 0.24400002 2 TOUCH_MOVE Space
1401561187989 6 4098 303.28476 1226.1661 0.26666668 5.0 5.0 5.0 5.0 0.0 0.24000001 2 TOUCH_MOVE Space
1401561188012 6 4098 304.0 1225.2333 0.26666668 5.0 5.0 5.0 5.0 0.0 0.23600002 2 TOUCH_MOVE Space
1401561188023 6 4098 304.5 1223.9509 0.23333335 4.0 4.0 4.0 4.0 0.0 0.21200001 2 TOUCH_MOVE Space
1401561188040 6 4098 304.5 1223.9509 0.16666667 3.0 3.0 3.0 3.0 0.0 0.15200001 2 TOUCH_MOVE Space
1401561188046 6 4098 304.5 1223.9509 0.16666667 3.0 3.0 3.0 3.0 0.0 0.15200001 1 TOUCH_UP Space
1401561188496 6 4098 178.0 811.951 0.26666668 4.0 4.0 4.0 4.0 0.0 0.216 0 TOUCH_DOWN e
1401561188553 6 4098 178.5 815.52264 0.26666668 4.0 4.0 4.0 4.0 0.0 0.23200001 2 TOUCH_MOVE e
1401561188575 6 4098 175.6199 817.39105 0.26666668 4.0 4.0 4.0 4.0 0.0 0.21200001 2 TOUCH_MOVE e
1401561188580 6 4098 175.5 817.451 0.26666668 4.0 4.0 4.0 4.0 0.0 0.18400002 2 TOUCH_MOVE e
1401561188584 6 4098 175.5 817.451 0.26666668 4.0 4.0 4.0 4.0 0.0 0.18400002 1 TOUCH_UP e
1401561188679 6 4098 601.0 1085.4509 0.20000002 4.0 4.0 4.0 4.0 0.0 0.192 0 TOUCH_DOWN m
1401561188691 6 4098 601.0 1085.4509 0.20000002 4.0 4.0 4.0 4.0 0.0 0.2 2 TOUCH_MOVE m
1401561188723 6 4098 599.9083 1085.4509 0.20000002 3.0 3.0 3.0 3.0 0.0 0.21200001 2 TOUCH_MOVE m
1401561188744 6 4098 598.8477 1086.4509 0.20000002 3.0 3.0 3.0 3.0 0.0 0.20400001 2 TOUCH_MOVE m
1401561188757 6 4098 597.34436 1087.0288 0.20000002 3.0 3.0 3.0 3.0 0.0 0.2 2 TOUCH_MOVE m
1401561188774 6 4098 595.24365 1086.3655 0.13333334 2.0 2.0 2.0 2.0 0.0 0.17600001 2 TOUCH_MOVE m
1401561188787 6 4098 594.5 1086.4509 0.13333334 2.0 2.0 2.0 2.0 0.0 0.124000005 2 TOUCH_MOVE m
1401561188791 6 4098 594.5 1086.4509 0.13333334 2.0 2.0 2.0 2.0 0.0 0.124000005 1 TOUCH_UP m
1401561188946 6 4098 276.5 1218.4509 0.26666668 5.0 5.0 5.0 5.0 0.0 0.20400001 0 TOUCH_DOWN Space
1401561188957 6 4098 276.5 1218.4509 0.26666668 5.0 5.0 5.0 5.0 0.0 0.216 2 TOUCH_MOVE Space
1401561188994 6 4098 276.5 1219.7009 0.26666668 5.0 5.0 5.0 5.0 0.0 0.22000001 2 TOUCH_MOVE Space
1401561189007 6 4098 276.5 1219.4509 0.23333335 4.0 4.0 4.0 4.0 0.0 0.19600001 2 TOUCH_MOVE Space
1401561189029 6 4098 277.5 1218.4509 0.26666668 5.0 5.0 5.0 5.0 0.0 0.18400002 2 TOUCH_MOVE Space
1401561189033 6 4098 277.5 1218.4509 0.26666668 5.0 5.0 5.0 5.0 0.0 0.18400002 1 TOUCH_UP Space
1401561189345 6 4098 312.0 811.451 0.3 5.0 5.0 5.0 5.0 0.0 0.24000001 0 TOUCH_DOWN t
1401561189362 6 4098 312.38666 811.83765 0.3 5.0 5.0 5.0 5.0 0.0 0.24400002 2 TOUCH_MOVE t
1401561189383 6 4098 314.03906 812.7205 0.3 5.0 5.0 5.0 5.0 0.0 0.24400002 2 TOUCH_MOVE t
1401561189390 6 4098 315.2354 813.6864 0.3 5.0 5.0 5.0 5.0 0.0 0.23200001 2 TOUCH_MOVE t
1401561189409 6 4098 316.20245 814.65344 0.26666668 4.0 4.0 4.0 4.0 0.0 0.192 2 TOUCH_MOVE t
1401561189419 6 4098 316.5 814.951 0.16666667 3.0 3.0 3.0 3.0 0.0 0.108 2 TOUCH_MOVE t
1401561189422 6 4098 316.5 814.951 0.16666667 3.0 3.0 3.0 3.0 0.0 0.108 1 TOUCH_UP t
1401561189602 6 4098 606.0 808.451 0.23333335 4.0 4.0 4.0 4.0 0.0 0.21200001 0 TOUCH_DOWN o
1401561189619 6 4098 606.0 808.451 0.23333335 4.0 4.0 4.0 4.0 0.0 0.224 2 TOUCH_MOVE o
1401561189665 6 4098 604.35864 808.951 0.26666668 5.0 5.0 5.0 5.0 0.0 0.224 2 TOUCH_MOVE o
1401561189675 6 4098 602.76697 808.951 0.23333335 4.0 4.0 4.0 4.0 0.0 0.192 2 TOUCH_MOVE o
1401561189687 6 4098 603.0 808.951 0.16666667 3.0 3.0 3.0 3.0 0.0 0.120000005 2 TOUCH_MOVE o
1401561189692 6 4098 603.0 808.951 0.16666667 3.0 3.0 3.0 3.0 0.0 0.120000005 1 TOUCH_UP o
1401561189814 6 4098 536.5 807.451 0.23333335 4.0 4.0 4.0 4.0 0.0 0.22000001 0 TOUCH_DOWN i
1401561189824 6 4098 536.5 807.828 0.26666668 4.0 4.0 4.0 4.0 0.0 0.23200001 2 TOUCH_MOVE i
1401561189843 6 4098 536.5 808.697 0.3 5.0 5.0 5.0 5.0 0.0 0.24800001 2 TOUCH_MOVE i
1401561189861 6 4098 536.5 809.6713 0.3 5.0 5.0 5.0 5.0 0.0 0.252 2 TOUCH_MOVE i
1401561189874 6 4098 536.5 810.6344 0.3 5.0 5.0 5.0 5.0 0.0 0.24400002 2 TOUCH_MOVE i
1401561189922 6 4098 537.5 810.951 0.23333335 4.0 4.0 4.0 4.0 0.0 0.17600001 2 TOUCH_MOVE i
1401561189928 6 4098 537.5 810.951 0.23333335 4.0 4.0 4.0 4.0 0.0 0.17600001 1 TOUCH_UP i
1401561190045 6 4098 290.5 1229.9509 0.23333335 4.0 4.0 4.0 4.0 0.0 0.224 0 TOUCH_DOWN Space
1401561190091 6 4098 290.5 1229.4133 0.26666668 5.0 5.0 5.0 5.0 0.0 0.23200001 2 TOUCH_MOVE Space
1401561190153 6 4098 290.5 1229.4133 0.26666668 5.0 5.0 5.0 5.0 0.0 0.23200001 1 TOUCH_UP Space
1401561190462 6 4098 662.5 940.451 0.3 5.0 5.0 5.0 5.0 0.0 0.2 0 TOUCH_DOWN l
1401561190526 6 4098 662.5 939.6493 0.3 5.0 5.0 5.0 5.0 0.0 0.20400001 2 TOUCH_MOVE l
1401561190543 6 4098 661.7665 935.28345 0.23333335 4.0 4.0 4.0 4.0 0.0 0.17600001 2 TOUCH_MOVE l
1401561190547 6 4098 661.7665 935.28345 0.23333335 4.0 4.0 4.0 4.0 0.0 0.17600001 1 TOUCH_UP l
1401561190744 6 4098 640.5 819.451 0.20000002 4.0 4.0 4.0 4.0 0.0 0.208 0 TOUCH_DOWN o
1401561190758 6 4098 640.5 819.451 0.26666668 4.0 4.0 4.0 4.0 0.0 0.22000001 2 TOUCH_MOVE o
1401561190789 6 4098 640.0 819.56116 0.3 5.0 5.0 5.0 5.0 0.0 0.23600002 2 TOUCH_MOVE o
1401561190795 6 4098 640.0 820.04266 0.3 5.0 5.0 5.0 5.0 0.0 0.24000001 2 TOUCH_MOVE o
1401561190827 6 4098 640.0 819.951 0.26666668 4.0 4.0 4.0 4.0 0.0 0.21200001 2 TOUCH_MOVE o
1401561190838 6 4098 640.0 819.951 0.23333335 4.0 4.0 4.0 4.0 0.0 0.18 2 TOUCH_MOVE o
1401561190842 6 4098 640.0 819.951 0.23333335 4.0 4.0 4.0 4.0 0.0 0.18 1 TOUCH_UP o
1401561190979 6 4098 693.5 806.951 0.13333334 2.0 2.0 2.0 2.0 0.0 0.18 0 TOUCH_DOWN p
1401561190995 6 4098 693.5 806.951 0.16666667 3.0 3.0 3.0 3.0 0.0 0.19600001 2 TOUCH_MOVE p
1401561191027 6 4098 693.67773 807.1287 0.23333335 4.0 4.0 4.0 4.0 0.0 0.22000001 2 TOUCH_MOVE p
1401561191042 6 4098 694.6419 807.451 0.20000002 3.0 3.0 3.0 3.0 0.0 0.216 2 TOUCH_MOVE p
1401561191059 6 4098 694.5 807.451 0.16666667 3.0 3.0 3.0 3.0 0.0 0.18800001 2 TOUCH_MOVE p
1401561191080 6 4098 695.0 807.451 0.13333334 2.0 2.0 2.0 2.0 0.0 0.14 2 TOUCH_MOVE p
1401561191085 6 4098 695.0 807.451 0.13333334 2.0 2.0 2.0 2.0 0.0 0.14 1 TOUCH_UP p
1401561191690 6 4098 680.0 1202.9509 0.23333335 4.0 4.0 4.0 4.0 0.0 0.2 0 TOUCH_DOWN Enter
1401561191696 6 4098 680.0 1202.9509 0.23333335 4.0 4.0 4.0 4.0 0.0 0.20400001 2 TOUCH_MOVE Enter
1401561191728 6 4098 679.3418 1202.9509 0.23333335 4.0 4.0 4.0 4.0 0.0 0.208 2 TOUCH_MOVE Enter
1401561191743 6 4098 678.3778 1202.9509 0.20000002 4.0 4.0 4.0 4.0 0.0 0.208 2 TOUCH_MOVE Enter
1401561191759 6 4098 677.75 1202.9509 0.23333335 5.0 5.0 5.0 5.0 0.0 0.208 2 TOUCH_MOVE Enter
1401561191776 6 4098 677.5 1201.9064 0.20000002 4.0 4.0 4.0 4.0 0.0 0.18400002 2 TOUCH_MOVE Enter
1401561191791 6 4098 677.5 1201.9509 0.20000002 4.0 4.0 4.0 4.0 0.0 0.14 2 TOUCH_MOVE Enter
1401561191795 6 4098 677.5 1201.9509 0.20000002 4.0 4.0 4.0 4.0 0.0 0.14 1 TOUCH_UP Enter
1401561192537 6 4098 323.0 844.451 0.26666668 4.0 4.0 4.0 4.0 0.0 0.216 0 TOUCH_DOWN T
1401561192543 6 4098 323.0 844.451 0.3 5.0 5.0 5.0 5.0 0.0 0.23200001 2 TOUCH_MOVE T
1401561192627 6 4098 320.90753 844.451 0.3 5.0 5.0 5.0 5.0 0.0 0.24800001 2 TOUCH_MOVE T
1401561192643 6 4098 316.73175 845.7583 0.23333335 4.0 4.0 4.0 4.0 0.0 0.21200001 2 TOUCH_MOVE T
1401561192664 6 4098 317.5 845.451 0.13333334 2.0 2.0 2.0 2.0 0.0 0.14400001 2 TOUCH_MOVE T
1401561192668 6 4098 317.5 845.451 0.13333334 2.0 2.0 2.0 2.0 0.0 0.14400001 1 TOUCH_UP T
1401561192755 6 4098 244.0 821.451 0.26666668 4.0 4.0 4.0 4.0 0.0 0.22000001 0 TOUCH_DOWN r
1401561192778 6 4098 244.0 821.9065 0.3 5.0 5.0 5.0 5.0 0.0 0.23600002 2 TOUCH_MOVE r
1401561192798 6 4098 244.0 822.3593 0.3 5.0 5.0 5.0 5.0 0.0 0.24800001 2 TOUCH_MOVE r
1401561192810 6 4098 244.0 822.84845 0.3 5.0 5.0 5.0 5.0 0.0 0.24400002 2 TOUCH_MOVE r
1401561192828 6 4098 242.98486 823.70856 0.3 5.0 5.0 5.0 5.0 0.0 0.23200001 2 TOUCH_MOVE r
1401561192843 6 4098 241.03993 825.4111 0.3 5.0 5.0 5.0 5.0 0.0 0.18800001 2 TOUCH_MOVE r
1401561192863 6 4098 241.03993 825.4111 0.3 5.0 5.0 5.0 5.0 0.0 0.18800001 1 TOUCH_UP r
1401561193091 6 4098 477.0 829.951 0.26666668 5.0 5.0 5.0 5.0 0.0 0.192 0 TOUCH_DOWN u
1401561193096 6 4098 477.0 829.951 0.23333335 5.0 5.0 5.0 5.0 0.0 0.2 2 TOUCH_MOVE u
1401561193145 6 4098 477.57642 829.951 0.3 5.0 5.0 5.0 5.0 0.0 0.23200001 2 TOUCH_MOVE u
1401561193163 6 4098 478.465 829.951 0.3 5.0 5.0 5.0 5.0 0.0 0.23200001 2 TOUCH_MOVE u
1401561193182 6 4098 479.5056 829.451 0.26666668 5.0 5.0 5.0 5.0 0.0 0.18 2 TOUCH_MOVE u
1401561193187 6 4098 479.5056 829.451 0.26666668 5.0 5.0 5.0 5.0 0.0 0.18 1 TOUCH_UP u
1401561193324 6 4098 627.0 807.951 0.23333335 4.0 4.0 4.0 4.0 0.0 0.208 0 TOUCH_DOWN o
1401561193329 6 4098 627.0 808.1056 0.26666668 5.0 5.0 5.0 5.0 0.0 0.216 2 TOUCH_MOVE o
1401561193347 6 4098 626.3913 809.1684 0.3 5.0 5.0 5.0 5.0 0.0 0.23200001 2 TOUCH_MOVE o
1401561193362 6 4098 625.4015 810.5495 0.3 5.0 5.0 5.0 5.0 0.0 0.22800002 2 TOUCH_MOVE o
1401561193377 6 4098 625.5 812.01965 0.26666668 4.0 4.0 4.0 4.0 0.0 0.22800002 2 TOUCH_MOVE o
1401561193394 6 4098 625.5 812.701 0.26666668 4.0 4.0 4.0 4.0 0.0 0.22000001 2 TOUCH_MOVE o
1401561193412 6 4098 626.0 812.451 0.23333335 4.0 4.0 4.0 4.0 0.0 0.2 2 TOUCH_MOVE o
1401561193426 6 4098 626.0 812.451 0.20000002 4.0 4.0 4.0 4.0 0.0 0.17600001 2 TOUCH_MOVE o
1401561193429 6 4098 626.0 812.451 0.20000002 4.0 4.0 4.0 4.0 0.0 0.17600001 1 TOUCH_UP o
1401561193663 6 4098 520.0 1057.4509 0.26666668 5.0 5.0 5.0 5.0 0.0 0.21200001 0 TOUCH_DOWN n
1401561193681 6 4098 520.0 1057.4509 0.3 5.0 5.0 5.0 5.0 0.0 0.22000001 2 TOUCH_MOVE n
1401561193713 6 4098 517.3445 1057.9509 0.3 5.0 5.0 5.0 5.0 0.0 0.22000001 2 TOUCH_MOVE n
1401561193731 6 4098 516.25 1057.9509 0.3 5.0 5.0 5.0 5.0 0.0 0.208 2 TOUCH_MOVE n
1401561193746 6 4098 516.5 1057.9509 0.26666668 5.0 5.0 5.0 5.0 0.0 0.18 2 TOUCH_MOVE n
1401561193752 6 4098 516.5 1057.9509 0.26666668 5.0 5.0 5.0 5.0 0.0 0.18 1 TOUCH_UP n
1401561193970 6 4098 381.0 967.951 0.26666668 5.0 5.0 5.0 5.0 0.0 0.22000001 0 TOUCH_DOWN g
1401561193978 6 4098 381.0 967.951 0.3 5.0 5.0 5.0 5.0 0.0 0.24400002 2 TOUCH_MOVE g
1401561194061 6 4098 381.0 968.451 0.13333334 2.0 2.0 2.0 2.0 0.0 0.104 2 TOUCH_MOVE g
1401561194069 6 4098 381.0 968.451 0.13333334 2.0 2.0 2.0 2.0 0.0 0.104 1 TOUCH_UP g
1401561194393 6 4098 342.0 1233.9509 0.23333335 5.0 5.0 5.0 5.0 0.0 0.22000001 0 TOUCH_DOWN Space
1401561194416 6 4098 342.0 1233.9509 0.23333335 5.0 5.0 5.0 5.0 0.0 0.224 2 TOUCH_MOVE Space
1401561194445 6 4098 343.24506 1232.7059 0.26666668 5.0 5.0 5.0 5.0 0.0 0.24400002 2 TOUCH_MOVE Space
1401561194462 6 4098 344.19888 1231.7521 0.26666668 5.0 5.0 5.0 5.0 0.0 0.24000001 2 TOUCH_MOVE Space
1401561194513 6 4098 344.0 1231.9509 0.20000002 4.0 4.0 4.0 4.0 0.0 0.2 2 TOUCH_MOVE Space
1401561194525 6 4098 343.0 1232.9509 0.16666667 4.0 4.0 4.0 4.0 0.0 0.18 2 TOUCH_MOVE Space
1401561194531 6 4098 343.0 1232.9509 0.16666667 4.0 4.0 4.0 4.0 0.0 0.18 1 TOUCH_UP Space
1401561194885 6 4098 299.0 1075.9509 0.26666668 4.0 4.0 4.0 4.0 0.0 0.224 0 TOUCH_DOWN c
1401561194895 6 4098 299.0 1075.9509 0.26666668 4.0 4.0 4.0 4.0 0.0 0.23200001 2 TOUCH_MOVE c
1401561194946 6 4098 299.0 1077.1079 0.26666668 4.0 4.0 4.0 4.0 0.0 0.23600002 2 TOUCH_MOVE c
1401561194965 6 4098 299.0 1076.9509 0.13333334 2.0 2.0 2.0 2.0 0.0 0.16000001 2 TOUCH_MOVE c
1401561194970 6 4098 299.0 1076.9509 0.13333334 2.0 2.0 2.0 2.0 0.0 0.16000001 1 TOUCH_UP c
1401561195171 6 4098 480.5 785.951 0.26666668 4.0 4.0 4.0 4.0 0.0 0.224 0 TOUCH_DOWN u
1401561195179 6 4098 480.5 785.951 0.26666668 4.0 4.0 4.0 4.0 0.0 0.23600002 2 TOUCH_MOVE u
1401561195245 6 4098 480.5 785.951 0.26666668 4.0 4.0 4.0 4.0 0.0 0.23600002 1 TOUCH_UP u
1401561195323 6 4098 66.0 952.951 0.23333335 4.0 4.0 4.0 4.0 0.0 0.2 0 TOUCH_DOWN a
1401561195329 6 4098 66.0 952.951 0.23333335 4.0 4.0 4.0 4.0 0.0 0.20400001 2 TOUCH_MOVE a
1401561195379 6 4098 65.46409 952.951 0.23333335 4.0 4.0 4.0 4.0 0.0 0.20400001 2 TOUCH_MOVE a
1401561195405 6 4098 65.46409 952.951 0.23333335 4.0 4.0 4.0 4.0 0.0 0.20400001 1 TOUCH_UP a
1401561195634 6 4098 314.0 1225.9509 0.23333335 4.0 4.0 4.0 4.0 0.0 0.224 0 TOUCH_DOWN Space
1401561195665 6 4098 315.07104 1225.9509 0.26666668 5.0 5.0 5.0 5.0 0.0 0.24000001 2 TOUCH_MOVE Space
1401561195683 6 4098 316.5598 1225.9509 0.26666668 5.0 5.0 5.0 5.0 0.0 0.23600002 2 TOUCH_MOVE Space
1401561195696 6 4098 317.25 1225.9509 0.26666668 5.0 5.0 5.0 5.0 0.0 0.224 2 TOUCH_MOVE Space
1401561195729 6 4098 317.0 1225.9509 0.23333335 4.0 4.0 4.0 4.0 0.0 0.18800001 2 TOUCH_MOVE Space
1401561195732 6 4098 317.0 1225.9509 0.23333335 4.0 4.0 4.0 4.0 0.0 0.18800001 1 TOUCH_UP Space
1401561196052 6 4098 193.0 810.951 0.26666668 4.0 4.0 4.0 4.0 0.0 0.24800001 0 TOUCH_DOWN e
1401561196065 6 4098 193.0 810.951 0.3 5.0 5.0 5.0 5.0 0.0 0.256 2 TOUCH_MOVE e
1401561196081 6 4098 193.56143 810.951 0.3 5.0 5.0 5.0 5.0 0.0 0.272 2 TOUCH_MOVE e
1401561196130 6 4098 192.92397 811.52704 0.26666668 4.0 4.0 4.0 4.0 0.0 0.22800002 2 TOUCH_MOVE e
1401561196164 6 4098 193.0 811.451 0.16666667 3.0 3.0 3.0 3.0 0.0 0.108 2 TOUCH_MOVE e
1401561196171 6 4098 193.0 811.451 0.16666667 3.0 3.0 3.0 3.0 0.0 0.108 1 TOUCH_UP e
1401561196275 6 4098 575.0 1075.9509 0.20000002 3.0 3.0 3.0 3.0 0.0 0.2 0 TOUCH_DOWN m
1401561196280 6 4098 575.0 1075.9509 0.23333335 4.0 4.0 4.0 4.0 0.0 0.20400001 2 TOUCH_MOVE m
1401561196314 6 4098 574.4557 1075.9509 0.23333335 4.0 4.0 4.0 4.0 0.0 0.21200001 2 TOUCH_MOVE m
1401561196330 6 4098 573.35986 1075.4509 0.23333335 4.0 4.0 4.0 4.0 0.0 0.216 2 TOUCH_MOVE m
1401561196347 6 4098 572.39154 1074.3425 0.23333335 4.0 4.0 4.0 4.0 0.0 0.21200001 2 TOUCH_MOVE m
1401561196366 6 4098 570.3621 1073.382 0.26666668 4.0 4.0 4.0 4.0 0.0 0.18400002 2 TOUCH_MOVE m
1401561196377 6 4098 570.5 1073.4509 0.20000002 3.0 3.0 3.0 3.0 0.0 0.108 2 TOUCH_MOVE m
1401561196381 6 4098 570.5 1073.4509 0.20000002 3.0 3.0 3.0 3.0 0.0 0.108 1 TOUCH_UP m
1401561196513 6 4098 344.0 1223.9509 0.23333335 4.0 4.0 4.0 4.0 0.0 0.23600002 0 TOUCH_DOWN Space
1401561196565 6 4098 344.63504 1223.9509 0.26666668 5.0 5.0 5.0 5.0 0.0 0.24400002 2 TOUCH_MOVE Space
1401561196597 6 4098 343.98358 1223.4346 0.23333335 4.0 4.0 4.0 4.0 0.0 0.22800002 2 TOUCH_MOVE Space
1401561196615 6 4098 341.92545 1217.7521 0.23333335 4.0 4.0 4.0 4.0 0.0 0.192 2 TOUCH_MOVE Space
1401561196629 6 4098 342.0 1217.9509 0.16666667 3.0 3.0 3.0 3.0 0.0 0.112 2 TOUCH_MOVE Space
1401561196634 6 4098 342.0 1217.9509 0.16666667 3.0 3.0 3.0 3.0 0.0 0.112 1 TOUCH_UP Space
1401561197099 6 4098 415.5 1079.4509 0.26666668 4.0 4.0 4.0 4.0 0.0 0.22800002 0 TOUCH_DOWN b
1401561197149 6 4098 415.8638 1079.8147 0.26666668 4.0 4.0 4.0 4.0 0.0 0.26000002 2 TOUCH_MOVE b
1401561197166 6 4098 416.5 1080.7787 0.26666668 4.0 4.0 4.0 4.0 0.0 0.24400002 2 TOUCH_MOVE b
1401561197181 6 4098 414.84998 1081.7384 0.26666668 4.0 4.0 4.0 4.0 0.0 0.224 2 TOUCH_MOVE b
1401561197199 6 4098 412.62155 1082.6401 0.13333334 2.0 2.0 2.0 2.0 0.0 0.108 2 TOUCH_MOVE b
1401561197205 6 4098 412.62155 1082.6401 0.13333334 2.0 2.0 2.0 2.0 0.0 0.108 1 TOUCH_UP b
1401561197428 6 4098 186.5 810.951 0.23333335 4.0 4.0 4.0 4.0 0.0 0.208 0 TOUCH_DOWN e
1401561197432 6 4098 186.5 810.951 0.26666668 4.0 4.0 4.0 4.0 0.0 0.22000001 2 TOUCH_MOVE e
1401561197461 6 4098 186.5 811.6472 0.26666668 4.0 4.0 4.0 4.0 0.0 0.22800002 2 TOUCH_MOVE e
1401561197467 6 4098 186.5 812.61255 0.26666668 4.0 4.0 4.0 4.0 0.0 0.23200001 2 TOUCH_MOVE e
1401561197481 6 4098 186.5 813.5896 0.26666668 4.0 4.0 4.0 4.0 0.0 0.224 2 TOUCH_MOVE e
1401561197498 6 4098 186.5 814.4839 0.23333335 4.0 4.0 4.0 4.0 0.0 0.2 2 TOUCH_MOVE e
1401561197516 6 4098 186.5 815.451 0.23333335 5.0 5.0 5.0 5.0 0.0 0.17600001 2 TOUCH_MOVE e
1401561197520 6 4098 186.5 815.451 0.23333335 5.0 5.0 5.0 5.0 0.0 0.17600001 1 TOUCH_UP e
1401561197783 6 4098 306.5 1231.9509 0.20000002 4.0 4.0 4.0 4.0 0.0 0.208 0 TOUCH_DOWN Space
1401561197810 6 4098 306.5 1231.9509 0.20000002 4.0 4.0 4.0 4.0 0.0 0.21200001 2 TOUCH_MOVE Space
1401561197888 6 4098 306.5 1231.9509 0.20000002 3.0 3.0 3.0 3.0 0.0 0.16000001 2 TOUCH_MOVE Space
1401561197891 6 4098 306.5 1231.9509 0.20000002 3.0 3.0 3.0 3.0 0.0 0.16000001 1 TOUCH_UP Space
1401561198357 6 4098 424.5 1074.9509 0.26666668 4.0 4.0 4.0 4.0 0.0 0.24400002 0 TOUCH_DOWN b
1401561198366 6 4098 424.5 1074.9509 0.26666668 4.0 4.0 4.0 4.0 0.0 0.24000001 2 TOUCH_MOVE b
1401561198400 6 4098 424.5 1075.5944 0.26666668 4.0 4.0 4.0 4.0 0.0 0.252 2 TOUCH_MOVE b
1401561198415 6 4098 423.91693 1076.5339 0.26666668 4.0 4.0 4.0 4.0 0.0 0.23200001 2 TOUCH_MOVE b
1401561198432 6 4098 422.5 1076.9509 0.20000002 4.0 4.0 4.0 4.0 0.0 0.18400002 2 TOUCH_MOVE b
1401561198443 6 4098 422.5 1076.9509 0.20000002 4.0 4.0 4.0 4.0 0.0 0.18400002 1 TOUCH_UP b
1401561198693 6 4098 184.0 803.451 0.23333335 4.0 4.0 4.0 4.0 0.0 0.22000001 0 TOUCH_DOWN e
1401561198732 6 4098 184.38974 803.451 0.23333335 4.0 4.0 4.0 4.0 0.0 0.24400002 2 TOUCH_MOVE e
1401561198750 6 4098 185.38232 803.451 0.23333335 4.0 4.0 4.0 4.0 0.0 0.23600002 2 TOUCH_MOVE e
1401561198766 6 4098 186.31683 804.2678 0.23333335 4.0 4.0 4.0 4.0 0.0 0.224 2 TOUCH_MOVE e
1401561198783 6 4098 187.25 805.201 0.13333334 2.0 2.0 2.0 2.0 0.0 0.16000001 2 TOUCH_MOVE e
1401561198787 6 4098 187.25 805.201 0.13333334 2.0 2.0 2.0 2.0 0.0 0.16000001 1 TOUCH_UP e
1401561199063 6 4098 315.0 1227.4509 0.23333335 4.0 4.0 4.0 4.0 0.0 0.23200001 0 TOUCH_DOWN Space
1401561199068 6 4098 315.0 1227.4509 0.26666668 5.0 5.0 5.0 5.0 0.0 0.23600002 2 TOUCH_MOVE Space
1401561199099 6 4098 315.98376 1226.9672 0.26666668 5.0 5.0 5.0 5.0 0.0 0.24800001 2 TOUCH_MOVE Space
1401561199126 6 4098 316.0 1226.2009 0.26666668 5.0 5.0 5.0 5.0 0.0 0.24400002 2 TOUCH_MOVE Space
1401561199165 6 4098 316.0 1226.4509 0.20000002 3.0 3.0 3.0 3.0 0.0 0.16800001 2 TOUCH_MOVE Space
1401561199168 6 4098 316.0 1226.4509 0.20000002 3.0 3.0 3.0 3.0 0.0 0.16800001 1 TOUCH_UP Space
1401561199461 6 4098 518.0 1076.4509 0.23333335 4.0 4.0 4.0 4.0 0.0 0.21200001 0 TOUCH_DOWN n
1401561199543 6 4098 518.0 1076.4509 0.23333335 4.0 4.0 4.0 4.0 0.0 0.21200001 1 TOUCH_UP n
1401561199681 6 4098 67.0 971.951 0.16666667 3.0 3.0 3.0 3.0 0.0 0.19600001 0 TOUCH_DOWN a
1401561199686 6 4098 67.0 971.951 0.20000002 4.0 4.0 4.0 4.0 0.0 0.208 2 TOUCH_MOVE a
1401561199717 6 4098 67.6757 971.951 0.20000002 4.0 4.0 4.0 4.0 0.0 0.208 2 TOUCH_MOVE a
1401561199750 6 4098 67.5 971.951 0.16666667 3.0 3.0 3.0 3.0 0.0 0.17600001 2 TOUCH_MOVE a
1401561199754 6 4098 67.5 971.951 0.16666667 3.0 3.0 3.0 3.0 0.0 0.17600001 1 TOUCH_UP a
1401561199832 6 4098 598.5 1076.4509 0.20000002 4.0 4.0 4.0 4.0 0.0 0.19600001 0 TOUCH_DOWN m
1401561199851 6 4098 598.5 1076.4509 0.23333335 4.0 4.0 4.0 4.0 0.0 0.20400001 2 TOUCH_MOVE m
1401561199883 6 4098 597.60406 1075.555 0.23333335 4.0 4.0 4.0 4.0 0.0 0.20400001 2 TOUCH_MOVE m
1401561199900 6 4098 595.7477 1074.5748 0.20000002 3.0 3.0 3.0 3.0 0.0 0.20400001 2 TOUCH_MOVE m
1401561199918 6 4098 593.31866 1073.1102 0.16666667 3.0 3.0 3.0 3.0 0.0 0.18400002 2 TOUCH_MOVE m
1401561199926 6 4098 593.0 1072.9509 0.13333334 2.0 2.0 2.0 2.0 0.0 0.1 2 TOUCH_MOVE m
1401561199930 6 4098 593.0 1072.9509 0.13333334 2.0 2.0 2.0 2.0 0.0 0.1 1 TOUCH_UP m
1401561200119 6 4098 270.5 1230.9509 0.26666668 5.0 5.0 5.0 5.0 0.0 0.18800001 0 TOUCH_DOWN Space
1401561200155 6 4098 270.5 1230.9509 0.26666668 5.0 5.0 5.0 5.0 0.0 0.18800001 1 TOUCH_UP Space
1401561200595 6 4098 616.5 790.951 0.26666668 5.0 5.0 5.0 5.0 0.0 0.216 0 TOUCH_DOWN o
1401561200601 6 4098 616.5 790.951 0.26666668 5.0 5.0 5.0 5.0 0.0 0.224 2 TOUCH_MOVE o
1401561200636 6 4098 615.7596 790.2106 0.26666668 5.0 5.0 5.0 5.0 0.0 0.23600002 2 TOUCH_MOVE o
1401561200651 6 4098 614.7624 789.2134 0.26666668 5.0 5.0 5.0 5.0 0.0 0.224 2 TOUCH_MOVE o
1401561200674 6 4098 614.7624 789.2134 0.26666668 5.0 5.0 5.0 5.0 0.0 0.224 1 TOUCH_UP o
1401561201039 6 4098 269.5 1218.9509 0.26666668 5.0 5.0 5.0 5.0 0.0 0.23200001 0 TOUCH_DOWN Space
1401561201073 6 4098 270.25 1218.9509 0.26666668 5.0 5.0 5.0 5.0 0.0 0.24800001 2 TOUCH_MOVE Space
1401561201112 6 4098 270.0 1218.9509 0.26666668 5.0 5.0 5.0 5.0 0.0 0.172 2 TOUCH_MOVE Space
1401561201116 6 4098 270.0 1218.9509 0.26666668 5.0 5.0 5.0 5.0 0.0 0.172 1 TOUCH_UP Space
1401561201867 6 4098 369.0 973.451 0.3 5.0 5.0 5.0 5.0 0.0 0.24000001 0 TOUCH_DOWN g
1401561201952 6 4098 368.5 973.951 0.23333335 4.0 4.0 4.0 4.0 0.0 0.192 2 TOUCH_MOVE g
1401561201961 6 4098 368.5 973.951 0.16666667 3.0 3.0 3.0 3.0 0.0 0.104 2 TOUCH_MOVE g
1401561201966 6 4098 368.5 973.951 0.16666667 3.0 3.0 3.0 3.0 0.0 0.104 1 TOUCH_UP g
1401561202126 6 4098 550.5 814.951 0.3 5.0 5.0 5.0 5.0 0.0 0.216 0 TOUCH_DOWN i
1401561202135 6 4098 550.5 814.951 0.26666668 4.0 4.0 4.0 4.0 0.0 0.216 2 TOUCH_MOVE i
1401561202153 6 4098 550.5 815.93353 0.3 5.0 5.0 5.0 5.0 0.0 0.23600002 2 TOUCH_MOVE i
1401561202169 6 4098 550.5 816.89453 0.3 5.0 5.0 5.0 5.0 0.0 0.24000001 2 TOUCH_MOVE i
1401561202186 6 4098 550.5 817.858 0.3 5.0 5.0 5.0 5.0 0.0 0.224 2 TOUCH_MOVE i
1401561202202 6 4098 551.25 818.701 0.3 5.0 5.0 5.0 5.0 0.0 0.18800001 2 TOUCH_MOVE i
1401561202219 6 4098 551.25 818.701 0.3 5.0 5.0 5.0 5.0 0.0 0.18800001 1 TOUCH_UP i
1401561202397 6 4098 477.5 823.451 0.26666668 5.0 5.0 5.0 5.0 0.0 0.216 0 TOUCH_DOWN u
1401561202474 6 4098 477.5 823.451 0.26666668 5.0 5.0 5.0 5.0 0.0 0.216 1 TOUCH_UP u
1401561202619 6 4098 81.5 955.451 0.20000002 3.0 3.0 3.0 3.0 0.0 0.2 0 TOUCH_DOWN a
1401561202636 6 4098 81.5 955.451 0.23333335 4.0 4.0 4.0 4.0 0.0 0.216 2 TOUCH_MOVE a
1401561202703 6 4098 81.5 955.951 0.16666667 3.0 3.0 3.0 3.0 0.0 0.17600001 2 TOUCH_MOVE a
1401561202708 6 4098 81.5 955.951 0.16666667 3.0 3.0 3.0 3.0 0.0 0.17600001 1 TOUCH_UP a
1401561202967 6 4098 266.0 1237.4509 0.23333335 5.0 5.0 5.0 5.0 0.0 0.19600001 0 TOUCH_DOWN Space
1401561202974 6 4098 266.0 1237.4509 0.23333335 5.0 5.0 5.0 5.0 0.0 0.20400001 2 TOUCH_MOVE Space
1401561203003 6 4098 266.0 1236.3129 0.20000002 4.0 4.0 4.0 4.0 0.0 0.216 2 TOUCH_MOVE Space
1401561203020 6 4098 266.59363 1234.7637 0.26666668 5.0 5.0 5.0 5.0 0.0 0.22000001 2 TOUCH_MOVE Space
1401561203036 6 4098 267.55707 1233.8939 0.26666668 5.0 5.0 5.0 5.0 0.0 0.208 2 TOUCH_MOVE Space
1401561203071 6 4098 268.5 1232.9509 0.26666668 5.0 5.0 5.0 5.0 0.0 0.18800001 2 TOUCH_MOVE Space
1401561203075 6 4098 268.5 1232.9509 0.26666668 5.0 5.0 5.0 5.0 0.0 0.18800001 1 TOUCH_UP Space
1401561203611 6 4098 258.0 829.951 0.3 5.0 5.0 5.0 5.0 0.0 0.208 0 TOUCH_DOWN r
1401561203620 6 4098 258.0 829.951 0.33333334 5.0 5.0 5.0 5.0 0.0 0.224 2 TOUCH_MOVE r
1401561203638 6 4098 258.0 830.6986 0.3 5.0 5.0 5.0 5.0 0.0 0.24000001 2 TOUCH_MOVE r
1401561203659 6 4098 258.7468 831.6978 0.33333334 5.0 5.0 5.0 5.0 0.0 0.24000001 2 TOUCH_MOVE r
1401561203670 6 4098 260.25 832.701 0.3 5.0 5.0 5.0 5.0 0.0 0.23200001 2 TOUCH_MOVE r
1401561203709 6 4098 259.5 832.951 0.23333335 4.0 4.0 4.0 4.0 0.0 0.17600001 2 TOUCH_MOVE r
1401561203716 6 4098 259.5 832.951 0.23333335 4.0 4.0 4.0 4.0 0.0 0.17600001 1 TOUCH_UP r
1401561203881 6 4098 485.5 796.951 0.23333335 4.0 4.0 4.0 4.0 0.0 0.22000001 0 TOUCH_DOWN u
1401561203958 6 4098 486.10565 798.76794 0.23333335 4.0 4.0 4.0 4.0 0.0 0.192 2 TOUCH_MOVE u
1401561203983 6 4098 486.10565 798.76794 0.23333335 4.0 4.0 4.0 4.0 0.0 0.192 1 TOUCH_UP u
1401561204232 6 4098 517.5 1054.4509 0.3 5.0 5.0 5.0 5.0 0.0 0.21200001 0 TOUCH_DOWN n
1401561204239 6 4098 517.5 1054.4509 0.3 5.0 5.0 5.0 5.0 0.0 0.22000001 2 TOUCH_MOVE n
1401561204282 6 4098 517.2154 1054.9509 0.3 5.0 5.0 5.0 5.0 0.0 0.224 2 TOUCH_MOVE n
1401561204289 6 4098 516.66815 1055.2828 0.3 5.0 5.0 5.0 5.0 0.0 0.22800002 2 TOUCH_MOVE n
1401561204308 6 4098 514.60333 1055.1521 0.3 5.0 5.0 5.0 5.0 0.0 0.21200001 2 TOUCH_MOVE n
1401561204321 6 4098 513.25 1054.2009 0.26666668 5.0 5.0 5.0 5.0 0.0 0.18 2 TOUCH_MOVE n
1401561204326 6 4098 513.25 1054.2009 0.26666668 5.0 5.0 5.0 5.0 0.0 0.18 1 TOUCH_UP n
1401561204535 6 4098 364.0 997.451 0.26666668 5.0 5.0 5.0 5.0 0.0 0.20400001 0 TOUCH_DOWN g
1401561204538 6 4098 364.0 997.451 0.3 5.0 5.0 5.0 5.0 0.0 0.23200001 2 TOUCH_MOVE g
1401561204605 6 4098 364.0 999.4002 0.20000002 4.0 4.0 4.0 4.0 0.0 0.18 2 TOUCH_MOVE g
1401561204612 6 4098 364.0 999.4002 0.20000002 4.0 4.0 4.0 4.0 0.0 0.18 1 TOUCH_UP g
1401561204863 6 4098 311.5 1241.9509 0.16666667 4.0 4.0 4.0 4.0 0.0 0.2 0 TOUCH_DOWN Space
1401561204882 6 4098 311.22366 1241.9509 0.20000002 4.0 4.0 4.0 4.0 0.0 0.208 2 TOUCH_MOVE Space
1401561204913 6 4098 310.0 1239.9675 0.23333335 5.0 5.0 5.0 5.0 0.0 0.216 2 TOUCH_MOVE Space
1401561204922 6 4098 310.0 1238.9996 0.20000002 4.0 4.0 4.0 4.0 0.0 0.216 2 TOUCH_MOVE Space
1401561204938 6 4098 310.0 1238.7009 0.23333335 5.0 5.0 5.0 5.0 0.0 0.21200001 2 TOUCH_MOVE Space
1401561204971 6 4098 310.0 1239.7009 0.13333334 3.0 3.0 3.0 3.0 0.0 0.17600001 2 TOUCH_MOVE Space
1401561204975 6 4098 310.0 1239.7009 0.13333334 3.0 3.0 3.0 3.0 0.0 0.17600001 1 TOUCH_UP Space
1401561205398 6 4098 290.0 1084.4509 0.23333335 4.0 4.0 4.0 4.0 0.0 0.22800002 0 TOUCH_DOWN c
1401561205405 6 4098 290.0 1084.4509 0.23333335 4.0 4.0 4.0 4.0 0.0 0.23600002 2 TOUCH_MOVE c
1401561205439 6 4098 290.5 1085.8616 0.26666668 4.0 4.0 4.0 4.0 0.0 0.24000001 2 TOUCH_MOVE c
1401561205467 6 4098 290.0 1086.9509 0.20000002 4.0 4.0 4.0 4.0 0.0 0.18400002 2 TOUCH_MOVE c
1401561205477 6 4098 290.0 1086.9509 0.20000002 4.0 4.0 4.0 4.0 0.0 0.18400002 1 TOUCH_UP c
1401561205712 6 4098 45.5 950.451 0.23333335 4.0 4.0 4.0 4.0 0.0 0.19600001 0 TOUCH_DOWN a
1401561205722 6 4098 45.5 950.451 0.23333335 4.0 4.0 4.0 4.0 0.0 0.20400001 2 TOUCH_MOVE a
1401561205783 6 4098 45.5 950.451 0.23333335 4.0 4.0 4.0 4.0 0.0 0.20400001 1 TOUCH_UP a
1401561206075 6 4098 403.5 803.951 0.23333335 4.0 4.0 4.0 4.0 0.0 0.208 0 TOUCH_DOWN y
1401561206089 6 4098 403.5 803.951 0.23333335 4.0 4.0 4.0 4.0 0.0 0.224 2 TOUCH_MOVE y
1401561206123 6 4098 403.91684 804.3678 0.3 5.0 5.0 5.0 5.0 0.0 0.24800001 2 TOUCH_MOVE y
1401561206139 6 4098 404.0 804.451 0.23333335 4.0 4.0 4.0 4.0 0.0 0.216 2 TOUCH_MOVE y
1401561206149 6 4098 404.0 804.451 0.20000002 3.0 3.0 3.0 3.0 0.0 0.18800001 2 TOUCH_MOVE y
1401561206157 6 4098 404.0 804.451 0.20000002 3.0 3.0 3.0 3.0 0.0 0.18800001 1 TOUCH_UP y
