1401560265697 6 4098 442.0 968.451 0.23333335 5.0 5.0 5.0 5.0 0.0 0.19600001 0 TOUCH_DOWN H
1401560265710 6 4098 442.0 968.451 0.23333335 5.0 5.0 5.0 5.0 0.0 0.208 2 TOUCH_MOVE H
1401560265778 6 4098 442.0 968.451 0.20000002 4.0 4.0 4.0 4.0 0.0 0.16000001 2 TOUCH_MOVE H
1401560265784 6 4098 442.0 968.451 0.20000002 4.0 4.0 4.0 4.0 0.0 0.16000001 1 TOUCH_UP H
1401560266241 6 4098 646.5 822.951 0.3 5.0 5.0 5.0 5.0 0.0 0.208 0 TOUCH_DOWN o
1401560266249 6 4098 646.5 822.951 0.3 5.0 5.0 5.0 5.0 0.0 0.224 2 TOUCH_MOVE o
1401560266310 6 4098 645.4873 823.951 0.33333334 5.0 5.0 5.0 5.0 0.0 0.24800001 2 TOUCH_MOVE o
1401560266332 6 4098 645.5 824.90485 0.33333334 5.0 5.0 5.0 5.0 0.0 0.24000001 2 TOUCH_MOVE o
1401560266349 6 4098 645.5 824.951 0.20000002 4.0 4.0 4.0 4.0 0.0 0.18800001 2 TOUCH_MOVE o
1401560266354 6 4098 645.5 824.951 0.20000002 4.0 4.0 4.0 4.0 0.0 0.18800001 1 TOUCH_UP o
1401560266693 6 4098 577.0 1056.4509 0.26666668 5.0 5.0 5.0 5.0 0.0 0.19600001 0 TOUCH_DOWN m
1401560266699 6 4098 577.0 1056.4509 0.3 5.0 5.0 5.0 5.0 0.0 0.208 2 TOUCH_MOVE m
1401560266733 6 4098 575.46204 1056.9509 0.3 5.0 5.0 5.0 5.0 0.0 0.22000001 2 TOUCH_MOVE m
1401560266750 6 4098 574.45715 1056.9509 0.3 5.0 5.0 5.0 5.0 0.0 0.22000001 2 TOUCH_MOVE m
1401560266766 6 4098 573.83276 1056.9509 0.3 5.0 5.0 5.0 5.0 0.0 0.216 2 TOUCH_MOVE m
1401560266785 6 4098 573.83276 1056.9509 0.3 5.0 5.0 5.0 5.0 0.0 0.216 1 TOUCH_UP m
1401560267025 6 4098 323.5 1246.4509 0.20000002 5.0 5.0 5.0 5.0 0.0 0.18400002 0 TOUCH_DOWN Space
1401560267033 6 4098 323.5 1246.4509 0.20000002 5.0 5.0 5.0 5.0 0.0 0.19600001 2 TOUCH_MOVE Space
1401560267066 6 4098 322.5 1241.9037 0.23333335 5.0 5.0 5.0 5.0 0.0 0.216 2 TOUCH_MOVE Space
1401560267083 6 4098 322.8104 1239.3301 0.23333335 5.0 5.0 5.0 5.0 0.0 0.216 2 TOUCH_MOVE Space
1401560267100 6 4098 323.0 1237.5382 0.23333335 5.0 5.0 5.0 5.0 0.0 0.22800002 2 TOUCH_MOVE Space
1401560267116 6 4098 323.0 1236.2278 0.23333335 5.0 5.0 5.0 5.0 0.0 0.224 2 TOUCH_MOVE Space
1401560267133 6 4098 323.0 1235.7009 0.23333335 5.0 5.0 5.0 5.0 0.0 0.22800002 2 TOUCH_MOVE Space
1401560267183 6 4098 319.7518 1235.9509 0.20000002 4.0 4.0 4.0 4.0 0.0 0.21200001 2 TOUCH_MOVE Space
1401560267201 6 4098 318.0 1235.4509 0.10000001 2.0 2.0 2.0 2.0 0.0 0.128 2 TOUCH_MOVE Space
1401560267208 6 4098 318.0 1235.4509 0.10000001 2.0 2.0 2.0 2.0 0.0 0.128 1 TOUCH_UP Space
1401560267980 6 4098 53.5 840.451 0.23333335 4.0 4.0 4.0 4.0 0.0 0.21200001 0 TOUCH_DOWN q
1401560267985 6 4098 53.5 840.451 0.23333335 4.0 4.0 4.0 4.0 0.0 0.22800002 2 TOUCH_MOVE q
1401560268018 6 4098 53.5 840.451 0.3 5.0 5.0 5.0 5.0 0.0 0.26000002 2 TOUCH_MOVE q
1401560268034 6 4098 54.695015 839.951 0.3 5.0 5.0 5.0 5.0 0.0 0.256 2 TOUCH_MOVE q
1401560268050 6 4098 55.0891 839.951 0.3 5.0 5.0 5.0 5.0 0.0 0.24800001 2 TOUCH_MOVE q
1401560268067 6 4098 55.0 839.951 0.23333335 4.0 4.0 4.0 4.0 0.0 0.21200001 2 TOUCH_MOVE q
1401560268096 6 4098 55.0 839.951 0.23333335 4.0 4.0 4.0 4.0 0.0 0.21200001 1 TOUCH_UP q
1401560268290 6 4098 486.5 805.451 0.23333335 4.0 4.0 4.0 4.0 0.0 0.21200001 0 TOUCH_DOWN u
1401560268301 6 4098 486.5 805.451 0.23333335 4.0 4.0 4.0 4.0 0.0 0.22800002 2 TOUCH_MOVE u
1401560268334 6 4098 486.5 806.0082 0.3 5.0 5.0 5.0 5.0 0.0 0.256 2 TOUCH_MOVE u
1401560268369 6 4098 486.5 805.951 0.23333335 4.0 4.0 4.0 4.0 0.0 0.208 2 TOUCH_MOVE u
1401560268377 6 4098 486.5 805.951 0.23333335 4.0 4.0 4.0 4.0 0.0 0.208 1 TOUCH_UP u
1401560268496 6 4098 58.5 960.951 0.20000002 3.0 3.0 3.0 3.0 0.0 0.2 0 TOUCH_DOWN a
1401560268503 6 4098 58.5 960.951 0.20000002 3.0 3.0 3.0 3.0 0.0 0.21200001 2 TOUCH_MOVE a
1401560268534 6 4098 59.12574 960.32526 0.26666668 4.0 4.0 4.0 4.0 0.0 0.24000001 2 TOUCH_MOVE a
1401560268551 6 4098 59.545143 959.9058 0.26666668 4.0 4.0 4.0 4.0 0.0 0.24000001 2 TOUCH_MOVE a
1401560268568 6 4098 60.0 958.87024 0.26666668 4.0 4.0 4.0 4.0 0.0 0.24400002 2 TOUCH_MOVE a
1401560268584 6 4098 60.0 957.4116 0.23333335 4.0 4.0 4.0 4.0 0.0 0.22800002 2 TOUCH_MOVE a
1401560268603 6 4098 59.5 956.47 0.23333335 4.0 4.0 4.0 4.0 0.0 0.208 2 TOUCH_MOVE a
1401560268613 6 4098 59.5 956.451 0.23333335 4.0 4.0 4.0 4.0 0.0 0.18 2 TOUCH_MOVE a
1401560268617 6 4098 59.5 956.451 0.23333335 4.0 4.0 4.0 4.0 0.0 0.18 1 TOUCH_UP a
1401560269068 6 4098 303.5 1254.5 0.16666667 4.0 4.0 4.0 4.0 0.0 0.18800001 0 TOUCH_DOWN Space
1401560269100 6 4098 302.58243 1253.6239 0.20000002 5.0 5.0 5.0 5.0 0.0 0.2 2 TOUCH_MOVE Space
1401560269118 6 4098 300.5 1244.4619 0.23333335 6.0 6.0 6.0 6.0 0.0 0.22000001 2 TOUCH_MOVE Space
1401560269135 6 4098 300.23682 1241.6614 0.26666668 6.0 6.0 6.0 6.0 0.0 0.22000001 2 TOUCH_MOVE Space
1401560269152 6 4098 300.0 1240.1879 0.23333335 5.0 5.0 5.0 5.0 0.0 0.224 2 TOUCH_MOVE Space
1401560269168 6 4098 300.0 1239.2164 0.23333335 5.0 5.0 5.0 5.0 0.0 0.22000001 2 TOUCH_MOVE Space
1401560269202 6 4098 301.1815 1239.4509 0.20000002 5.0 5.0 5.0 5.0 0.0 0.216 2 TOUCH_MOVE Space
1401560269218 6 4098 301.0 1240.014 0.20000002 5.0 5.0 5.0 5.0 0.0 0.208 2 TOUCH_MOVE Space
1401560269232 6 4098 301.0 1240.4509 0.16666667 4.0 4.0 4.0 4.0 0.0 0.18800001 2 TOUCH_MOVE Space
1401560269236 6 4098 301.0 1240.4509 0.16666667 4.0 4.0 4.0 4.0 0.0 0.18800001 1 TOUCH_UP Space
1401560269866 6 4098 197.5 808.951 0.3 5.0 5.0 5.0 5.0 0.0 0.256 0 TOUCH_DOWN e
1401560269871 6 4098 197.5 808.951 0.3 5.0 5.0 5.0 5.0 0.0 0.268 2 TOUCH_MOVE e
1401560269902 6 4098 197.5 808.951 0.36666667 6.0 6.0 6.0 6.0 0.0 0.3 2 TOUCH_MOVE e
1401560269919 6 4098 197.5 810.0403 0.33333334 5.0 5.0 5.0 5.0 0.0 0.284 2 TOUCH_MOVE e
1401560269936 6 4098 196.45041 811.0006 0.3 5.0 5.0 5.0 5.0 0.0 0.24000001 2 TOUCH_MOVE e
1401560269958 6 4098 196.0 811.451 0.26666668 4.0 4.0 4.0 4.0 0.0 0.18800001 2 TOUCH_MOVE e
1401560269964 6 4098 196.0 811.451 0.26666668 4.0 4.0 4.0 4.0 0.0 0.18800001 1 TOUCH_UP e
1401560270224 6 4098 578.5 1082.9509 0.20000002 4.0 4.0 4.0 4.0 0.0 0.21200001 0 TOUCH_DOWN m
1401560270237 6 4098 577.61847 1082.9509 0.23333335 4.0 4.0 4.0 4.0 0.0 0.224 2 TOUCH_MOVE m
1401560270261 6 4098 576.19293 1083.258 0.23333335 4.0 4.0 4.0 4.0 0.0 0.22800002 2 TOUCH_MOVE m
1401560270269 6 4098 574.36725 1083.4509 0.26666668 5.0 5.0 5.0 5.0 0.0 0.22800002 2 TOUCH_MOVE m
1401560270286 6 4098 572.44257 1083.4509 0.20000002 4.0 4.0 4.0 4.0 0.0 0.20400001 2 TOUCH_MOVE m
1401560270299 6 4098 572.0 1083.4509 0.20000002 4.0 4.0 4.0 4.0 0.0 0.18 2 TOUCH_MOVE m
1401560270303 6 4098 572.0 1083.4509 0.20000002 4.0 4.0 4.0 4.0 0.0 0.18 1 TOUCH_UP m
1401560270465 6 4098 323.5 1228.9509 0.26666668 5.0 5.0 5.0 5.0 0.0 0.22000001 0 TOUCH_DOWN Space
1401560270469 6 4098 323.5 1228.9509 0.26666668 5.0 5.0 5.0 5.0 0.0 0.23200001 2 TOUCH_MOVE Space
1401560270532 6 4098 322.73 1228.9509 0.26666668 5.0 5.0 5.0 5.0 0.0 0.24800001 2 TOUCH_MOVE Space
1401560270537 6 4098 322.25 1228.9509 0.26666668 5.0 5.0 5.0 5.0 0.0 0.24000001 2 TOUCH_MOVE Space
1401560270566 6 4098 322.5 1228.9509 0.26666668 5.0 5.0 5.0 5.0 0.0 0.18800001 2 TOUCH_MOVE Space
1401560270569 6 4098 322.5 1228.9509 0.26666668 5.0 5.0 5.0 5.0 0.0 0.18800001 1 TOUCH_UP Space
1401560270977 6 4098 335.0 843.951 0.26666668 4.0 4.0 4.0 4.0 0.0 0.23600002 0 TOUCH_DOWN t
1401560270987 6 4098 335.0 843.951 0.26666668 4.0 4.0 4.0 4.0 0.0 0.252 2 TOUCH_MOVE t
1401560271067 6 4098 335.0 843.951 0.26666668 5.0 5.0 5.0 5.0 0.0 0.208 2 TOUCH_MOVE t
1401560271071 6 4098 335.0 843.951 0.26666668 5.0 5.0 5.0 5.0 0.0 0.208 1 TOUCH_UP t
1401560271241 6 4098 620.5 830.951 0.3 5.0 5.0 5.0 5.0 0.0 0.2 0 TOUCH_DOWN o
1401560271253 6 4098 620.5 830.951 0.33333334 5.0 5.0 5.0 5.0 0.0 0.208 2 TOUCH_MOVE o
1401560271270 6 4098 619.9593 830.951 0.33333334 5.0 5.0 5.0 5.0 0.0 0.22800002 2 TOUCH_MOVE o
1401560271287 6 4098 618.9425 830.951 0.33333334 5.0 5.0 5.0 5.0 0.0 0.23600002 2 TOUCH_MOVE o
1401560271305 6 4098 616.838 830.951 0.33333334 5.0 5.0 5.0 5.0 0.0 0.23200001 2 TOUCH_MOVE o
1401560271320 6 4098 614.97296 830.951 0.33333334 5.0 5.0 5.0 5.0 0.0 0.208 2 TOUCH_MOVE o
1401560271336 6 4098 613.0 830.951 0.33333334 5.0 5.0 5.0 5.0 0.0 0.192 2 TOUCH_MOVE o
1401560271342 6 4098 613.0 830.951 0.33333334 5.0 5.0 5.0 5.0 0.0 0.192 1 TOUCH_UP o
1401560271485 6 4098 534.0 848.951 0.20000002 3.0 3.0 3.0 3.0 0.0 0.208 0 TOUCH_DOWN i
1401560271490 6 4098 534.0 848.951 0.23333335 4.0 4.0 4.0 4.0 0.0 0.224 2 TOUCH_MOVE i
1401560271522 6 4098 532.9287 848.951 0.26666668 4.0 4.0 4.0 4.0 0.0 0.24800001 2 TOUCH_MOVE i
1401560271537 6 4098 531.96436 848.951 0.26666668 4.0 4.0 4.0 4.0 0.0 0.24400002 2 TOUCH_MOVE i
1401560271587 6 4098 532.0 848.09174 0.20000002 3.0 3.0 3.0 3.0 0.0 0.19600001 2 TOUCH_MOVE i
1401560271605 6 4098 532.0 847.951 0.13333334 2.0 2.0 2.0 2.0 0.0 0.104 2 TOUCH_MOVE i
1401560271617 6 4098 532.0 847.951 0.13333334 2.0 2.0 2.0 2.0 0.0 0.104 1 TOUCH_UP i
1401560271744 6 4098 324.5 1219.4509 0.26666668 5.0 5.0 5.0 5.0 0.0 0.23600002 0 TOUCH_DOWN Space
1401560271755 6 4098 324.5 1219.4509 0.26666668 5.0 5.0 5.0 5.0 0.0 0.252 2 TOUCH_MOVE Space
1401560271788 6 4098 325.0 1218.5383 0.26666668 5.0 5.0 5.0 5.0 0.0 0.272 2 TOUCH_MOVE Space
1401560271808 6 4098 325.5 1217.4506 0.3 5.0 5.0 5.0 5.0 0.0 0.27600002 2 TOUCH_MOVE Space
1401560271821 6 4098 326.0 1216.5399 0.33333334 6.0 6.0 6.0 6.0 0.0 0.28 2 TOUCH_MOVE Space
1401560271838 6 4098 326.0 1215.5739 0.33333334 6.0 6.0 6.0 6.0 0.0 0.27600002 2 TOUCH_MOVE Space
1401560271859 6 4098 326.0 1215.0425 0.33333334 6.0 6.0 6.0 6.0 0.0 0.27600002 2 TOUCH_MOVE Space
1401560271871 6 4098 326.0 1214.2009 0.26666668 5.0 5.0 5.0 5.0 0.0 0.216 2 TOUCH_MOVE Space
1401560271885 6 4098 326.0 1214.2009 0.26666668 5.0 5.0 5.0 5.0 0.0 0.216 1 TOUCH_UP Space
1401560272379 6 4098 339.0 845.451 0.26666668 4.0 4.0 4.0 4.0 0.0 0.208 0 TOUCH_DOWN t
1401560272423 6 4098 339.0 845.451 0.26666668 4.0 4.0 4.0 4.0 0.0 0.23600002 2 TOUCH_MOVE t
1401560272471 6 4098 339.0 845.451 0.26666668 5.0 5.0 5.0 5.0 0.0 0.18 2 TOUCH_MOVE t
1401560272475 6 4098 339.0 845.451 0.26666668 5.0 5.0 5.0 5.0 0.0 0.18 1 TOUCH_UP t
1401560272607 6 4098 235.5 828.451 0.3 5.0 5.0 5.0 5.0 0.0 0.21200001 0 TOUCH_DOWN r
1401560272640 6 4098 234.90276 828.451 0.3 5.0 5.0 5.0 5.0 0.0 0.216 2 TOUCH_MOVE r
1401560272666 6 4098 234.5 828.451 0.3 5.0 5.0 5.0 5.0 0.0 0.20400001 2 TOUCH_MOVE r
1401560272672 6 4098 234.5 828.451 0.3 5.0 5.0 5.0 5.0 0.0 0.20400001 1 TOUCH_UP r
1401560272900 6 4098 489.5 835.951 0.26666668 4.0 4.0 4.0 4.0 0.0 0.2 0 TOUCH_DOWN u
1401560272914 6 4098 489.5 835.951 0.26666668 4.0 4.0 4.0 4.0 0.0 0.208 2 TOUCH_MOVE u
1401560272938 6 4098 490.45792 834.99304 0.33333334 5.0 5.0 5.0 5.0 0.0 0.20400001 2 TOUCH_MOVE u
1401560272955 6 4098 492.0 834.201 0.33333334 5.0 5.0 5.0 5.0 0.0 0.18400002 2 TOUCH_MOVE u
1401560272960 6 4098 492.0 834.201 0.33333334 5.0 5.0 5.0 5.0 0.0 0.18400002 1 TOUCH_UP u
1401560273109 6 4098 629.5 798.951 0.20000002 4.0 4.0 4.0 4.0 0.0 0.20400001 0 TOUCH_DOWN o
1401560273114 6 4098 629.5 798.951 0.20000002 4.0 4.0 4.0 4.0 0.0 0.21200001 2 TOUCH_MOVE o
1401560273139 6 4098 629.0197 798.951 0.26666668 5.0 5.0 5.0 5.0 0.0 0.23600002 2 TOUCH_MOVE o
1401560273160 6 4098 627.5409 798.951 0.26666668 5.0 5.0 5.0 5.0 0.0 0.24000001 2 TOUCH_MOVE o
1401560273174 6 4098 626.75 798.951 0.26666668 5.0 5.0 5.0 5.0 0.0 0.24800001 2 TOUCH_MOVE o
1401560273206 6 4098 627.0 798.951 0.20000002 4.0 4.0 4.0 4.0 0.0 0.20400001 2 TOUCH_MOVE o
1401560273221 6 4098 627.0 798.951 0.20000002 4.0 4.0 4.0 4.0 0.0 0.20400001 1 TOUCH_UP o
1401560273572 6 4098 519.5 1044.4509 0.23333335 4.0 4.0 4.0 4.0 0.0 0.192 0 TOUCH_DOWN n
1401560273577 6 4098 519.5 1044.4792 0.26666668 5.0 5.0 5.0 5.0 0.0 0.20400001 2 TOUCH_MOVE n
1401560273599 6 4098 518.9425 1046.0084 0.26666668 5.0 5.0 5.0 5.0 0.0 0.20400001 2 TOUCH_MOVE n
1401560273606 6 4098 517.0179 1047.933 0.3 5.0 5.0 5.0 5.0 0.0 0.20400001 2 TOUCH_MOVE n
1401560273622 6 4098 516.0453 1049.8604 0.26666668 5.0 5.0 5.0 5.0 0.0 0.19600001 2 TOUCH_MOVE n
1401560273639 6 4098 516.0 1050.4509 0.26666668 5.0 5.0 5.0 5.0 0.0 0.14 2 TOUCH_MOVE n
1401560273643 6 4098 516.0 1050.4509 0.26666668 5.0 5.0 5.0 5.0 0.0 0.14 1 TOUCH_UP n
1401560273910 6 4098 373.0 963.951 0.23333335 4.0 4.0 4.0 4.0 0.0 0.22000001 0 TOUCH_DOWN g
1401560273923 6 4098 373.0 963.951 0.26666668 4.0 4.0 4.0 4.0 0.0 0.23600002 2 TOUCH_MOVE g
1401560273973 6 4098 372.4739 964.47705 0.26666668 4.0 4.0 4.0 4.0 0.0 0.23200001 2 TOUCH_MOVE g
1401560273985 6 4098 372.5 964.451 0.20000002 4.0 4.0 4.0 4.0 0.0 0.192 2 TOUCH_MOVE g
1401560273989 6 4098 372.5 964.451 0.20000002 4.0 4.0 4.0 4.0 0.0 0.192 1 TOUCH_UP g
1401560274370 6 4098 311.0 1228.4509 0.23333335 4.0 4.0 4.0 4.0 0.0 0.224 0 TOUCH_DOWN Space
1401560274386 6 4098 311.0 1228.4509 0.26666668 5.0 5.0 5.0 5.0 0.0 0.23600002 2 TOUCH_MOVE Space
1401560274423 6 4098 311.0 1227.8728 0.3 6.0 6.0 6.0 6.0 0.0 0.252 2 TOUCH_MOVE Space
1401560274440 6 4098 311.73746 1227.2135 0.26666668 5.0 5.0 5.0 5.0 0.0 0.252 2 TOUCH_MOVE Space
1401560274473 6 4098 311.5 1227.4509 0.23333335 4.0 4.0 4.0 4.0 0.0 0.19600001 2 TOUCH_MOVE Space
1401560274489 6 4098 311.5 1227.4509 0.23333335 4.0 4.0 4.0 4.0 0.0 0.19600001 1 TOUCH_UP Space
1401560275146 6 4098 568.5 1080.9509 0.20000002 4.0 4.0 4.0 4.0 0.0 0.19600001 0 TOUCH_DOWN m
1401560275157 6 4098 568.5 1080.9509 0.20000002 4.0 4.0 4.0 4.0 0.0 0.20400001 2 TOUCH_MOVE m
1401560275223 6 4098 568.5 1080.9509 0.23333335 5.0 5.0 5.0 5.0 0.0 0.14400001 2 TOUCH_MOVE m
1401560275227 6 4098 568.5 1080.9509 0.23333335 5.0 5.0 5.0 5.0 0.0 0.14400001 1 TOUCH_UP m
1401560275537 6 4098 191.5 833.951 0.26666668 4.0 4.0 4.0 4.0 0.0 0.216 0 TOUCH_DOWN e
1401560275608 6 4098 191.5 833.951 0.33333334 5.0 5.0 5.0 5.0 0.0 0.27600002 2 TOUCH_MOVE e
1401560275624 6 4098 189.85335 835.09766 0.3 5.0 5.0 5.0 5.0 0.0 0.24800001 2 TOUCH_MOVE e
1401560275639 6 4098 190.0 834.951 0.20000002 4.0 4.0 4.0 4.0 0.0 0.19600001 2 TOUCH_MOVE e
1401560275643 6 4098 190.0 834.951 0.20000002 4.0 4.0 4.0 4.0 0.0 0.19600001 1 TOUCH_UP e
1401560275942 6 4098 273.0 1229.9509 0.26666668 5.0 5.0 5.0 5.0 0.0 0.22000001 0 TOUCH_DOWN Space
1401560275964 6 4098 273.0 1229.5372 0.26666668 5.0 5.0 5.0 5.0 0.0 0.22800002 2 TOUCH_MOVE Space
1401560275975 6 4098 273.29254 1227.0732 0.26666668 5.0 5.0 5.0 5.0 0.0 0.24400002 2 TOUCH_MOVE Space
1401560275992 6 4098 274.0 1224.184 0.26666668 5.0 5.0 5.0 5.0 0.0 0.252 2 TOUCH_MOVE Space
1401560276008 6 4098 274.0 1222.2296 0.26666668 5.0 5.0 5.0 5.0 0.0 0.24800001 2 TOUCH_MOVE Space
1401560276025 6 4098 274.0 1221.2668 0.26666668 5.0 5.0 5.0 5.0 0.0 0.24400002 2 TOUCH_MOVE Space
1401560276042 6 4098 274.0 1220.7009 0.26666668 5.0 5.0 5.0 5.0 0.0 0.22800002 2 TOUCH_MOVE Space
1401560276048 6 4098 274.0 1220.7009 0.26666668 5.0 5.0 5.0 5.0 0.0 0.22800002 1 TOUCH_UP Space
1401560276419 6 4098 204.0 950.951 0.3 5.0 5.0 5.0 5.0 0.0 0.216 0 TOUCH_DOWN d
1401560276425 6 4098 204.0 950.951 0.3 5.0 5.0 5.0 5.0 0.0 0.23200001 2 TOUCH_MOVE d
1401560276492 6 4098 204.0 952.1565 0.26666668 4.0 4.0 4.0 4.0 0.0 0.24000001 2 TOUCH_MOVE d
1401560276511 6 4098 204.0 951.951 0.13333334 2.0 2.0 2.0 2.0 0.0 0.124000005 2 TOUCH_MOVE d
1401560276517 6 4098 204.0 951.951 0.13333334 2.0 2.0 2.0 2.0 0.0 0.124000005 1 TOUCH_UP d
1401560276695 6 4098 55.5 968.451 0.16666667 3.0 3.0 3.0 3.0 0.0 0.19600001 0 TOUCH_DOWN a
1401560276709 6 4098 55.5 968.451 0.20000002 3.0 3.0 3.0 3.0 0.0 0.216 2 TOUCH_MOVE a
1401560276726 6 4098 56.013443 968.451 0.20000002 3.0 3.0 3.0 3.0 0.0 0.23200001 2 TOUCH_MOVE a
1401560276742 6 4098 57.661617 968.451 0.26666668 4.0 4.0 4.0 4.0 0.0 0.24000001 2 TOUCH_MOVE a
1401560276759 6 4098 59.0 968.451 0.26666668 4.0 4.0 4.0 4.0 0.0 0.24000001 2 TOUCH_MOVE a
1401560276776 6 4098 58.5 968.451 0.20000002 3.0 3.0 3.0 3.0 0.0 0.216 2 TOUCH_MOVE a
1401560276806 6 4098 58.5 968.451 0.20000002 3.0 3.0 3.0 3.0 0.0 0.216 1 TOUCH_UP a
1401560277203 6 4098 325.5 831.951 0.33333334 5.0 5.0 5.0 5.0 0.0 0.26000002 0 TOUCH_DOWN t
1401560277210 6 4098 325.5 831.951 0.33333334 5.0 5.0 5.0 5.0 0.0 0.268 2 TOUCH_MOVE t
1401560277276 6 4098 324.5673 832.8837 0.36666667 6.0 6.0 6.0 6.0 0.0 0.28800002 2 TOUCH_MOVE t
1401560277294 6 4098 324.5 832.951 0.33333334 5.0 5.0 5.0 5.0 0.0 0.256 2 TOUCH_MOVE t
1401560277307 6 4098 324.5 832.951 0.3 5.0 5.0 5.0 5.0 0.0 0.20400001 2 TOUCH_MOVE t
1401560277312 6 4098 324.5 832.951 0.3 5.0 5.0 5.0 5.0 0.0 0.20400001 1 TOUCH_UP t
1401560277652 6 4098 243.5 1242.9509 0.20000002 4.0 4.0 4.0 4.0 0.0 0.20400001 0 TOUCH_DOWN Space
1401560277660 6 4098 243.5 1242.3458 0.23333335 5.0 5.0 5.0 5.0 0.0 0.224 2 TOUCH_MOVE Space
1401560277693 6 4098 242.4803 1235.3918 0.26666668 5.0 5.0 5.0 5.0 0.0 0.23600002 2 TOUCH_MOVE Space
1401560277713 6 4098 241.61166 1233.6742 0.26666668 5.0 5.0 5.0 5.0 0.0 0.23200001 2 TOUCH_MOVE Space
1401560277730 6 4098 240.55525 1232.5062 0.26666668 5.0 5.0 5.0 5.0 0.0 0.24000001 2 TOUCH_MOVE Space
1401560277748 6 4098 240.25 1232.2009 0.26666668 5.0 5.0 5.0 5.0 0.0 0.24000001 2 TOUCH_MOVE Space
1401560277760 6 4098 239.87534 1232.4509 0.26666668 5.0 5.0 5.0 5.0 0.0 0.23200001 2 TOUCH_MOVE Space
1401560277776 6 4098 240.0 1232.4509 0.20000002 4.0 4.0 4.0 4.0 0.0 0.20400001 2 TOUCH_MOVE Space
1401560277792 6 4098 240.0 1232.4509 0.20000002 4.0 4.0 4.0 4.0 0.0 0.20400001 1 TOUCH_UP Space
1401560278241 6 4098 324.0 825.451 0.33333334 5.0 5.0 5.0 5.0 0.0 0.252 0 TOUCH_DOWN t
1401560278266 6 4098 324.0 825.451 0.33333334 5.0 5.0 5.0 5.0 0.0 0.272 2 TOUCH_MOVE t
1401560278312 6 4098 322.67657 826.7744 0.33333334 5.0 5.0 5.0 5.0 0.0 0.28 2 TOUCH_MOVE t
1401560278327 6 4098 322.0 827.451 0.3 5.0 5.0 5.0 5.0 0.0 0.23200001 2 TOUCH_MOVE t
1401560278340 6 4098 321.0 828.451 0.13333334 2.0 2.0 2.0 2.0 0.0 0.128 2 TOUCH_MOVE t
1401560278344 6 4098 321.0 828.451 0.13333334 2.0 2.0 2.0 2.0 0.0 0.128 1 TOUCH_UP t
1401560278588 6 4098 40.0 959.451 0.16666667 3.0 3.0 3.0 3.0 0.0 0.2 0 TOUCH_DOWN a
1401560278595 6 4098 40.0 959.451 0.23333335 4.0 4.0 4.0 4.0 0.0 0.208 2 TOUCH_MOVE a
1401560278613 6 4098 41.922222 958.9769 0.23333335 4.0 4.0 4.0 4.0 0.0 0.21200001 2 TOUCH_MOVE a
1401560278627 6 4098 42.5 957.9772 0.23333335 4.0 4.0 4.0 4.0 0.0 0.22800002 2 TOUCH_MOVE a
1401560278644 6 4098 42.92387 957.0271 0.23333335 4.0 4.0 4.0 4.0 0.0 0.224 2 TOUCH_MOVE a
1401560278661 6 4098 43.5 956.04926 0.23333335 4.0 4.0 4.0 4.0 0.0 0.22800002 2 TOUCH_MOVE a
1401560278677 6 4098 43.5 955.451 0.23333335 4.0 4.0 4.0 4.0 0.0 0.216 2 TOUCH_MOVE a
1401560278686 6 4098 43.5 955.451 0.20000002 3.0 3.0 3.0 3.0 0.0 0.18800001 2 TOUCH_MOVE a
1401560278691 6 4098 43.5 955.451 0.20000002 3.0 3.0 3.0 3.0 0.0 0.18800001 1 TOUCH_UP a
1401560278905 6 4098 426.0 823.951 0.3 5.0 5.0 5.0 5.0 0.0 0.224 0 TOUCH_DOWN y
1401560278911 6 4098 426.0 823.951 0.3 5.0 5.0 5.0 5.0 0.0 0.23600002 2 TOUCH_MOVE y
1401560278979 6 4098 426.0 823.951 0.3 5.0 5.0 5.0 5.0 0.0 0.23600002 1 TOUCH_UP y
1401560279289 6 4098 305.0 1248.4509 0.16666667 4.0 4.0 4.0 4.0 0.0 0.18800001 0 TOUCH_DOWN Space
1401560279297 6 4098 304.48788 1245.3903 0.23333335 5.0 5.0 5.0 5.0 0.0 0.224 2 TOUCH_MOVE Space
1401560279333 6 4098 303.57587 1235.6786 0.26666668 5.0 5.0 5.0 5.0 0.0 0.23600002 2 TOUCH_MOVE Space
1401560279345 6 4098 303.10645 1233.1638 0.3 6.0 6.0 6.0 6.0 0.0 0.23600002 2 TOUCH_MOVE Space
1401560279362 6 4098 302.13928 1232.0902 0.26666668 5.0 5.0 5.0 5.0 0.0 0.23600002 2 TOUCH_MOVE Space
1401560279379 6 4098 301.75 1231.7009 0.26666668 5.0 5.0 5.0 5.0 0.0 0.23600002 2 TOUCH_MOVE Space
1401560279411 6 4098 302.0 1231.9509 0.20000002 4.0 4.0 4.0 4.0 0.0 0.20400001 2 TOUCH_MOVE Space
1401560279422 6 4098 302.0 1231.9509 0.10000001 2.0 2.0 2.0 2.0 0.0 0.124000005 2 TOUCH_MOVE Space
1401560279427 6 4098 302.0 1231.9509 0.10000001 2.0 2.0 2.0 2.0 0.0 0.124000005 1 TOUCH_UP Space
1401560280119 6 4098 316.5 819.451 0.26666668 4.0 4.0 4.0 4.0 0.0 0.224 0 TOUCH_DOWN t
1401560280129 6 4098 316.5 819.451 0.26666668 4.0 4.0 4.0 4.0 0.0 0.22800002 2 TOUCH_MOVE t
1401560280179 6 4098 316.5 819.451 0.26666668 5.0 5.0 5.0 5.0 0.0 0.17600001 2 TOUCH_MOVE t
1401560280186 6 4098 316.5 819.451 0.26666668 5.0 5.0 5.0 5.0 0.0 0.17600001 1 TOUCH_UP t
1401560280463 6 4098 497.5 803.951 0.23333335 5.0 5.0 5.0 5.0 0.0 0.20400001 0 TOUCH_DOWN u
1401560280479 6 4098 497.5 804.40015 0.26666668 5.0 5.0 5.0 5.0 0.0 0.216 2 TOUCH_MOVE u
1401560280497 6 4098 497.5 805.2092 0.23333335 4.0 4.0 4.0 4.0 0.0 0.23200001 2 TOUCH_MOVE u
1401560280527 6 4098 497.5 806.5125 0.26666668 5.0 5.0 5.0 5.0 0.0 0.22800002 2 TOUCH_MOVE u
1401560280533 6 4098 497.5 808.25165 0.26666668 5.0 5.0 5.0 5.0 0.0 0.20400001 2 TOUCH_MOVE u
1401560280539 6 4098 497.5 808.451 0.23333335 4.0 4.0 4.0 4.0 0.0 0.148 2 TOUCH_MOVE u
1401560280563 6 4098 497.5 808.451 0.23333335 4.0 4.0 4.0 4.0 0.0 0.148 1 TOUCH_UP u
1401560280879 6 4098 516.5 1072.4509 0.23333335 4.0 4.0 4.0 4.0 0.0 0.20400001 0 TOUCH_DOWN n
1401560280901 6 4098 516.5 1072.4509 0.23333335 4.0 4.0 4.0 4.0 0.0 0.208 2 TOUCH_MOVE n
1401560280920 6 4098 516.5 1072.4509 0.23333335 4.0 4.0 4.0 4.0 0.0 0.172 2 TOUCH_MOVE n
1401560280924 6 4098 516.5 1072.4509 0.23333335 4.0 4.0 4.0 4.0 0.0 0.172 1 TOUCH_UP n
1401560281215 6 4098 360.5 974.951 0.20000002 3.0 3.0 3.0 3.0 0.0 0.21200001 0 TOUCH_DOWN g
1401560281230 6 4098 360.5 974.951 0.26666668 4.0 4.0 4.0 4.0 0.0 0.23200001 2 TOUCH_MOVE g
1401560281263 6 4098 360.5 975.13635 0.3 5.0 5.0 5.0 5.0 0.0 0.26000002 2 TOUCH_MOVE g
1401560281280 6 4098 360.5 976.0959 0.26666668 4.0 4.0 4.0 4.0 0.0 0.26000002 2 TOUCH_MOVE g
1401560281296 6 4098 360.5 976.4625 0.26666668 4.0 4.0 4.0 4.0 0.0 0.24400002 2 TOUCH_MOVE g
1401560281313 6 4098 360.5 978.09503 0.20000002 4.0 4.0 4.0 4.0 0.0 0.18800001 2 TOUCH_MOVE g
1401560281327 6 4098 360.5 978.451 0.16666667 3.0 3.0 3.0 3.0 0.0 0.1 2 TOUCH_MOVE g
1401560281332 6 4098 360.5 978.451 0.16666667 3.0 3.0 3.0 3.0 0.0 0.1 1 TOUCH_UP g
1401560281663 6 4098 285.5 1226.9509 0.23333335 4.0 4.0 4.0 4.0 0.0 0.23200001 0 TOUCH_DOWN Space
1401560281684 6 4098 285.5 1226.9509 0.26666668 5.0 5.0 5.0 5.0 0.0 0.23600002 2 TOUCH_MOVE Space
1401560281707 6 4098 285.5 1225.9819 0.26666668 5.0 5.0 5.0 5.0 0.0 0.252 2 TOUCH_MOVE Space
1401560281716 6 4098 285.5 1224.102 0.26666668 5.0 5.0 5.0 5.0 0.0 0.256 2 TOUCH_MOVE Space
1401560281740 6 4098 285.34433 1222.2953 0.26666668 5.0 5.0 5.0 5.0 0.0 0.264 2 TOUCH_MOVE Space
1401560281747 6 4098 284.3786 1221.3296 0.26666668 5.0 5.0 5.0 5.0 0.0 0.264 2 TOUCH_MOVE Space
1401560281763 6 4098 283.43652 1220.9509 0.26666668 5.0 5.0 5.0 5.0 0.0 0.24400002 2 TOUCH_MOVE Space
1401560281790 6 4098 283.43652 1220.9509 0.26666668 5.0 5.0 5.0 5.0 0.0 0.24400002 1 TOUCH_UP Space
1401560282275 6 4098 441.0 1081.4509 0.3 5.0 5.0 5.0 5.0 0.0 0.23600002 0 TOUCH_DOWN b
1401560282301 6 4098 441.0 1081.4509 0.3 5.0 5.0 5.0 5.0 0.0 0.24400002 2 TOUCH_MOVE b
1401560282331 6 4098 441.0 1081.9509 0.3 5.0 5.0 5.0 5.0 0.0 0.23600002 2 TOUCH_MOVE b
1401560282352 6 4098 441.0 1081.9509 0.16666667 3.0 3.0 3.0 3.0 0.0 0.124000005 2 TOUCH_MOVE b
1401560282358 6 4098 441.0 1081.9509 0.16666667 3.0 3.0 3.0 3.0 0.0 0.124000005 1 TOUCH_UP b
1401560282619 6 4098 486.0 849.951 0.23333335 4.0 4.0 4.0 4.0 0.0 0.22000001 0 TOUCH_DOWN u
1401560282648 6 4098 485.452 849.951 0.3 5.0 5.0 5.0 5.0 0.0 0.252 2 TOUCH_MOVE u
1401560282676 6 4098 484.39075 849.951 0.26666668 4.0 4.0 4.0 4.0 0.0 0.252 2 TOUCH_MOVE u
1401560282697 6 4098 484.5 849.951 0.23333335 5.0 5.0 5.0 5.0 0.0 0.192 2 TOUCH_MOVE u
1401560282706 6 4098 484.5 849.951 0.23333335 5.0 5.0 5.0 5.0 0.0 0.192 1 TOUCH_UP u
1401560282838 6 4098 623.0 804.451 0.20000002 4.0 4.0 4.0 4.0 0.0 0.20400001 0 TOUCH_DOWN o
1401560282848 6 4098 623.0 804.451 0.26666668 5.0 5.0 5.0 5.0 0.0 0.22000001 2 TOUCH_MOVE o
1401560282867 6 4098 622.3688 805.7135 0.26666668 5.0 5.0 5.0 5.0 0.0 0.24000001 2 TOUCH_MOVE o
1401560282883 6 4098 620.7346 807.7164 0.3 5.0 5.0 5.0 5.0 0.0 0.24400002 2 TOUCH_MOVE o
1401560282898 6 4098 619.40186 809.04913 0.3 5.0 5.0 5.0 5.0 0.0 0.23600002 2 TOUCH_MOVE o
1401560282914 6 4098 619.0 810.01337 0.3 5.0 5.0 5.0 5.0 0.0 0.22800002 2 TOUCH_MOVE o
1401560282931 6 4098 619.0 810.701 0.26666668 5.0 5.0 5.0 5.0 0.0 0.22000001 2 TOUCH_MOVE o
1401560282964 6 4098 619.0 810.701 0.26666668 5.0 5.0 5.0 5.0 0.0 0.22000001 1 TOUCH_UP o
1401560283217 6 4098 285.5 1092.4509 0.26666668 4.0 4.0 4.0 4.0 0.0 0.224 0 TOUCH_DOWN c
1401560283222 6 4098 285.5 1092.4509 0.26666668 4.0 4.0 4.0 4.0 0.0 0.23600002 2 TOUCH_MOVE c
1401560283281 6 4098 284.74518 1093.2057 0.3 5.0 5.0 5.0 5.0 0.0 0.252 2 TOUCH_MOVE c
1401560283298 6 4098 284.5 1093.4509 0.3 5.0 5.0 5.0 5.0 0.0 0.21200001 2 TOUCH_MOVE c
1401560283310 6 4098 284.5 1093.4509 0.26666668 5.0 5.0 5.0 5.0 0.0 0.164 2 TOUCH_MOVE c
1401560283313 6 4098 284.5 1093.4509 0.26666668 5.0 5.0 5.0 5.0 0.0 0.164 1 TOUCH_UP c
1401560284611 6 4098 675.0 1216.9509 0.23333335 4.0 4.0 4.0 4.0 0.0 0.192 0 TOUCH_DOWN Enter
1401560284625 6 4098 675.0 1216.9509 0.23333335 4.0 4.0 4.0 4.0 0.0 0.19600001 2 TOUCH_MOVE Enter
1401560284683 6 4098 674.4776 1216.4285 0.26666668 5.0 5.0 5.0 5.0 0.0 0.18800001 2 TOUCH_MOVE Enter
1401560284689 6 4098 674.4776 1216.4285 0.26666668 5.0 5.0 5.0 5.0 0.0 0.18800001 1 TOUCH_UP Enter
1401560286231 6 4098 467.0 952.451 0.23333335 4.0 4.0 4.0 4.0 0.0 0.20400001 0 TOUCH_DOWN J
1401560286267 6 4098 464.4061 951.75305 0.26666668 4.0 4.0 4.0 4.0 0.0 0.23200001 2 TOUCH_MOVE J
1401560286290 6 4098 463.34253 951.451 0.33333334 5.0 5.0 5.0 5.0 0.0 0.252 2 TOUCH_MOVE J
1401560286301 6 4098 462.4433 951.451 0.26666668 4.0 4.0 4.0 4.0 0.0 0.24400002 2 TOUCH_MOVE J
1401560286317 6 4098 461.75 951.451 0.26666668 4.0 4.0 4.0 4.0 0.0 0.24000001 2 TOUCH_MOVE J
1401560286352 6 4098 461.75 951.451 0.26666668 4.0 4.0 4.0 4.0 0.0 0.24000001 1 TOUCH_UP J
1401560286568 6 4098 621.5 809.451 0.23333335 4.0 4.0 4.0 4.0 0.0 0.21200001 0 TOUCH_DOWN o
1401560286573 6 4098 621.5 809.451 0.26666668 5.0 5.0 5.0 5.0 0.0 0.22000001 2 TOUCH_MOVE o
1401560286601 6 4098 621.5 810.201 0.3 5.0 5.0 5.0 5.0 0.0 0.24000001 2 TOUCH_MOVE o
1401560286619 6 4098 621.5 810.658 0.3 5.0 5.0 5.0 5.0 0.0 0.24800001 2 TOUCH_MOVE o
1401560286655 6 4098 621.5 811.3798 0.3 5.0 5.0 5.0 5.0 0.0 0.252 2 TOUCH_MOVE o
1401560286668 6 4098 622.6175 812.5685 0.26666668 4.0 4.0 4.0 4.0 0.0 0.216 2 TOUCH_MOVE o
1401560286678 6 4098 623.0 812.951 0.26666668 4.0 4.0 4.0 4.0 0.0 0.18400002 2 TOUCH_MOVE o
1401560286681 6 4098 623.0 812.951 0.26666668 4.0 4.0 4.0 4.0 0.0 0.18400002 1 TOUCH_UP o
1401560286965 6 4098 582.0 1086.9509 0.23333335 4.0 4.0 4.0 4.0 0.0 0.21200001 0 TOUCH_DOWN m
1401560286968 6 4098 582.0 1086.9509 0.23333335 4.0 4.0 4.0 4.0 0.0 0.216 2 TOUCH_MOVE m
1401560286993 6 4098 581.872 1087.579 0.23333335 4.0 4.0 4.0 4.0 0.0 0.22000001 2 TOUCH_MOVE m
1401560287002 6 4098 580.90845 1087.9509 0.23333335 4.0 4.0 4.0 4.0 0.0 0.22000001 2 TOUCH_MOVE m
1401560287018 6 4098 579.9414 1088.4509 0.23333335 4.0 4.0 4.0 4.0 0.0 0.21200001 2 TOUCH_MOVE m
1401560287035 6 4098 577.9715 1087.9366 0.20000002 4.0 4.0 4.0 4.0 0.0 0.18400002 2 TOUCH_MOVE m
1401560287056 6 4098 578.0 1087.9509 0.16666667 3.0 3.0 3.0 3.0 0.0 0.116000004 2 TOUCH_MOVE m
1401560287061 6 4098 578.0 1087.9509 0.16666667 3.0 3.0 3.0 3.0 0.0 0.116000004 1 TOUCH_UP m
1401560287225 6 4098 299.0 1229.9509 0.23333335 4.0 4.0 4.0 4.0 0.0 0.21200001 0 TOUCH_DOWN Space
1401560287235 6 4098 299.0 1229.9509 0.23333335 4.0 4.0 4.0 4.0 0.0 0.22000001 2 TOUCH_MOVE Space
1401560287269 6 4098 299.50748 1228.9435 0.23333335 4.0 4.0 4.0 4.0 0.0 0.24000001 2 TOUCH_MOVE Space
1401560287285 6 4098 300.0 1227.4825 0.26666668 5.0 5.0 5.0 5.0 0.0 0.24800001 2 TOUCH_MOVE Space
1401560287306 6 4098 300.0 1226.4983 0.26666668 5.0 5.0 5.0 5.0 0.0 0.24800001 2 TOUCH_MOVE Space
1401560287320 6 4098 300.0 1226.2009 0.26666668 5.0 5.0 5.0 5.0 0.0 0.24800001 2 TOUCH_MOVE Space
1401560287364 6 4098 300.0 1226.4509 0.16666667 3.0 3.0 3.0 3.0 0.0 0.18800001 2 TOUCH_MOVE Space
1401560287374 6 4098 300.0 1226.4509 0.16666667 3.0 3.0 3.0 3.0 0.0 0.18800001 1 TOUCH_UP Space
1401560288181 6 4098 696.0 1063.9509 0.20000002 4.0 4.0 4.0 4.0 0.0 0.2 0 TOUCH_DOWN Back
1401560288189 6 4098 696.0 1063.9509 0.26666668 4.0 4.0 4.0 4.0 0.0 0.216 2 TOUCH_MOVE Back
1401560288222 6 4098 695.1032 1064.8478 0.26666668 4.0 4.0 4.0 4.0 0.0 0.21200001 2 TOUCH_MOVE Back
1401560288236 6 4098 694.5 1065.4509 0.23333335 4.0 4.0 4.0 4.0 0.0 0.20400001 2 TOUCH_MOVE Back
1401560288249 6 4098 694.5 1065.4509 0.16666667 3.0 3.0 3.0 3.0 0.0 0.18 2 TOUCH_MOVE Back
1401560288256 6 4098 694.5 1065.4509 0.16666667 3.0 3.0 3.0 3.0 0.0 0.18 1 TOUCH_UP Back
1401560288367 6 4098 683.5 1076.9509 0.20000002 4.0 4.0 4.0 4.0 0.0 0.19600001 0 TOUCH_DOWN Back
1401560288376 6 4098 683.5 1076.9509 0.23333335 4.0 4.0 4.0 4.0 0.0 0.208 2 TOUCH_MOVE Back
1401560288420 6 4098 683.5 1076.9509 0.20000002 4.0 4.0 4.0 4.0 0.0 0.18 2 TOUCH_MOVE Back
1401560288427 6 4098 683.5 1076.9509 0.16666667 3.0 3.0 3.0 3.0 0.0 0.112 2 TOUCH_MOVE Back
1401560288430 6 4098 683.5 1076.9509 0.16666667 3.0 3.0 3.0 3.0 0.0 0.112 1 TOUCH_UP Back
1401560288546 6 4098 678.0 1074.4509 0.23333335 4.0 4.0 4.0 4.0 0.0 0.208 0 TOUCH_DOWN Back
1401560288553 6 4098 678.0 1074.4509 0.26666668 5.0 5.0 5.0 5.0 0.0 0.216 2 TOUCH_MOVE Back
1401560288625 6 4098 678.0 1074.4509 0.26666668 5.0 5.0 5.0 5.0 0.0 0.216 1 TOUCH_UP Back
1401560289046 6 4098 668.5 1083.4509 0.23333335 5.0 5.0 5.0 5.0 0.0 0.20400001 0 TOUCH_DOWN Back
1401560289054 6 4098 668.5 1083.4509 0.23333335 5.0 5.0 5.0 5.0 0.0 0.21200001 2 TOUCH_MOVE Back
1401560289106 6 4098 668.5 1083.4509 0.23333335 5.0 5.0 5.0 5.0 0.0 0.18400002 2 TOUCH_MOVE Back
1401560289128 6 4098 668.5 1083.4509 0.23333335 5.0 5.0 5.0 5.0 0.0 0.18400002 1 TOUCH_UP Back
1401560290476 6 4098 33.5 1083.9509 0.13333334 2.0 2.0 2.0 2.0 0.0 0.18800001 0 TOUCH_DOWN Change
1401560290488 6 4098 33.5 1083.9509 0.13333334 2.0 2.0 2.0 2.0 0.0 0.19600001 2 TOUCH_MOVE Change
1401560290505 6 4098 35.7223 1082.6361 0.20000002 3.0 3.0 3.0 3.0 0.0 0.2 2 TOUCH_MOVE Change
1401560290521 6 4098 38.247105 1081.0774 0.20000002 3.0 3.0 3.0 3.0 0.0 0.20400001 2 TOUCH_MOVE Change
1401560290538 6 4098 39.324017 1080.127 0.20000002 3.0 3.0 3.0 3.0 0.0 0.20400001 2 TOUCH_MOVE Change
1401560290556 6 4098 40.25 1079.2009 0.20000002 3.0 3.0 3.0 3.0 0.0 0.208 2 TOUCH_MOVE Change
1401560290588 6 4098 40.0 1079.4509 0.13333334 2.0 2.0 2.0 2.0 0.0 0.18 2 TOUCH_MOVE Change
1401560290593 6 4098 40.0 1079.4509 0.13333334 2.0 2.0 2.0 2.0 0.0 0.18 1 TOUCH_UP Change
1401560291032 6 4098 437.0 959.951 0.23333335 4.0 4.0 4.0 4.0 0.0 0.216 0 TOUCH_DOWN H
1401560291044 6 4098 437.0 959.951 0.3 5.0 5.0 5.0 5.0 0.0 0.22800002 2 TOUCH_MOVE H
1401560291106 6 4098 437.0 959.951 0.23333335 5.0 5.0 5.0 5.0 0.0 0.17600001 2 TOUCH_MOVE H
1401560291114 6 4098 437.0 959.951 0.23333335 5.0 5.0 5.0 5.0 0.0 0.17600001 1 TOUCH_UP H
1401560291407 6 4098 623.0 825.951 0.33333334 5.0 5.0 5.0 5.0 0.0 0.21200001 0 TOUCH_DOWN o
1401560291433 6 4098 623.0 825.951 0.3 5.0 5.0 5.0 5.0 0.0 0.22800002 2 TOUCH_MOVE o
1401560291472 6 4098 623.0 826.49133 0.33333334 5.0 5.0 5.0 5.0 0.0 0.23200001 2 TOUCH_MOVE o
1401560291507 6 4098 623.7459 828.4428 0.26666668 4.0 4.0 4.0 4.0 0.0 0.2 2 TOUCH_MOVE o
1401560291518 6 4098 623.5 827.951 0.16666667 3.0 3.0 3.0 3.0 0.0 0.116000004 2 TOUCH_MOVE o
1401560291522 6 4098 623.5 827.951 0.16666667 3.0 3.0 3.0 3.0 0.0 0.116000004 1 TOUCH_UP o
1401560291825 6 4098 573.0 1084.4509 0.20000002 4.0 4.0 4.0 4.0 0.0 0.20400001 0 TOUCH_DOWN m
1401560291901 6 4098 573.0 1084.4509 0.20000002 4.0 4.0 4.0 4.0 0.0 0.20400001 1 TOUCH_UP m
1401560292119 6 4098 350.5 1237.9509 0.23333335 4.0 4.0 4.0 4.0 0.0 0.224 0 TOUCH_DOWN Space
1401560292124 6 4098 350.5 1237.6147 0.23333335 4.0 4.0 4.0 4.0 0.0 0.24000001 2 TOUCH_MOVE Space
1401560292149 6 4098 350.0 1234.6776 0.3 6.0 6.0 6.0 6.0 0.0 0.24800001 2 TOUCH_MOVE Space
1401560292160 6 4098 350.5 1231.2344 0.26666668 5.0 5.0 5.0 5.0 0.0 0.256 2 TOUCH_MOVE Space
1401560292173 6 4098 350.5 1228.9556 0.3 6.0 6.0 6.0 6.0 0.0 0.268 2 TOUCH_MOVE Space
1401560292194 6 4098 350.5 1227.0262 0.3 6.0 6.0 6.0 6.0 0.0 0.26000002 2 TOUCH_MOVE Space
1401560292223 6 4098 350.5 1227.9747 0.26666668 5.0 5.0 5.0 5.0 0.0 0.24400002 2 TOUCH_MOVE Space
1401560292240 6 4098 350.5 1227.9509 0.23333335 4.0 4.0 4.0 4.0 0.0 0.18800001 2 TOUCH_MOVE Space
1401560292249 6 4098 350.5 1227.9509 0.23333335 4.0 4.0 4.0 4.0 0.0 0.18800001 1 TOUCH_UP Space
1401560292948 6 4098 496.0 1072.9509 0.26666668 5.0 5.0 5.0 5.0 0.0 0.208 0 TOUCH_DOWN n
1401560292958 6 4098 496.0 1072.9509 0.3 5.0 5.0 5.0 5.0 0.0 0.224 2 TOUCH_MOVE n
1401560293024 6 4098 496.0 1072.3813 0.3 5.0 5.0 5.0 5.0 0.0 0.21200001 2 TOUCH_MOVE n
1401560293036 6 4098 496.0 1072.3813 0.3 5.0 5.0 5.0 5.0 0.0 0.21200001 1 TOUCH_UP n
1401560293220 6 4098 49.5 954.951 0.23333335 4.0 4.0 4.0 4.0 0.0 0.20400001 0 TOUCH_DOWN a
1401560293242 6 4098 49.5 954.951 0.23333335 4.0 4.0 4.0 4.0 0.0 0.21200001 2 TOUCH_MOVE a
1401560293260 6 4098 50.347973 954.951 0.23333335 4.0 4.0 4.0 4.0 0.0 0.22800002 2 TOUCH_MOVE a
1401560293275 6 4098 50.75 954.951 0.23333335 4.0 4.0 4.0 4.0 0.0 0.22800002 2 TOUCH_MOVE a
1401560293308 6 4098 50.5 954.951 0.16666667 3.0 3.0 3.0 3.0 0.0 0.15200001 2 TOUCH_MOVE a
1401560293319 6 4098 50.5 954.951 0.16666667 3.0 3.0 3.0 3.0 0.0 0.15200001 1 TOUCH_UP a
1401560293598 6 4098 414.0 830.951 0.23333335 5.0 5.0 5.0 5.0 0.0 0.20400001 0 TOUCH_DOWN y
1401560293608 6 4098 414.0 830.951 0.3 5.0 5.0 5.0 5.0 0.0 0.21200001 2 TOUCH_MOVE y
1401560293660 6 4098 414.0 830.36066 0.3 5.0 5.0 5.0 5.0 0.0 0.23200001 2 TOUCH_MOVE y
1401560293689 6 4098 414.0 830.36066 0.3 5.0 5.0 5.0 5.0 0.0 0.23200001 1 TOUCH_UP y
1401560293865 6 4098 300.5 1226.9509 0.23333335 4.0 4.0 4.0 4.0 0.0 0.22800002 0 TOUCH_DOWN Space
1401560293888 6 4098 300.48868 1226.4283 0.26666668 5.0 5.0 5.0 5.0 0.0 0.26000002 2 TOUCH_MOVE Space
1401560293894 6 4098 300.0 1224.0336 0.3 6.0 6.0 6.0 6.0 0.0 0.256 2 TOUCH_MOVE Space
1401560293909 6 4098 300.0 1222.0803 0.3 6.0 6.0 6.0 6.0 0.0 0.26000002 2 TOUCH_MOVE Space
1401560293925 6 4098 300.0 1221.0475 0.3 6.0 6.0 6.0 6.0 0.0 0.264 2 TOUCH_MOVE Space
1401560293942 6 4098 300.0 1220.084 0.3 6.0 6.0 6.0 6.0 0.0 0.264 2 TOUCH_MOVE Space
1401560293958 6 4098 300.0 1219.7009 0.26666668 5.0 5.0 5.0 5.0 0.0 0.26000002 2 TOUCH_MOVE Space
1401560293992 6 4098 300.0 1219.9509 0.16666667 3.0 3.0 3.0 3.0 0.0 0.14400001 2 TOUCH_MOVE Space
1401560293999 6 4098 300.0 1219.9509 0.16666667 3.0 3.0 3.0 3.0 0.0 0.14400001 1 TOUCH_UP Space
1401560294470 6 4098 575.0 1086.4509 0.23333335 4.0 4.0 4.0 4.0 0.0 0.21200001 0 TOUCH_DOWN m
1401560294477 6 4098 575.0 1086.4509 0.23333335 4.0 4.0 4.0 4.0 0.0 0.224 2 TOUCH_MOVE m
1401560294508 6 4098 572.22034 1086.4509 0.23333335 4.0 4.0 4.0 4.0 0.0 0.22000001 2 TOUCH_MOVE m
1401560294525 6 4098 570.91345 1086.4509 0.23333335 4.0 4.0 4.0 4.0 0.0 0.216 2 TOUCH_MOVE m
1401560294543 6 4098 570.25 1086.4509 0.23333335 4.0 4.0 4.0 4.0 0.0 0.208 2 TOUCH_MOVE m
1401560294567 6 4098 570.25 1086.4509 0.23333335 4.0 4.0 4.0 4.0 0.0 0.208 1 TOUCH_UP m
1401560294839 6 4098 186.5 836.451 0.26666668 4.0 4.0 4.0 4.0 0.0 0.23200001 0 TOUCH_DOWN e
1401560294928 6 4098 186.5 836.451 0.13333334 2.0 2.0 2.0 2.0 0.0 0.16000001 2 TOUCH_MOVE e
1401560294933 6 4098 186.5 836.451 0.13333334 2.0 2.0 2.0 2.0 0.0 0.16000001 1 TOUCH_UP e
1401560295220 6 4098 307.0 1235.9509 0.23333335 4.0 4.0 4.0 4.0 0.0 0.21200001 0 TOUCH_DOWN Space
1401560295226 6 4098 307.0 1235.9509 0.23333335 4.0 4.0 4.0 4.0 0.0 0.22000001 2 TOUCH_MOVE Space
1401560295249 6 4098 306.49966 1234.45 0.26666668 5.0 5.0 5.0 5.0 0.0 0.24000001 2 TOUCH_MOVE Space
1401560295259 6 4098 306.0 1231.5342 0.26666668 5.0 5.0 5.0 5.0 0.0 0.24400002 2 TOUCH_MOVE Space
1401560295276 6 4098 305.5644 1228.644 0.26666668 5.0 5.0 5.0 5.0 0.0 0.252 2 TOUCH_MOVE Space
1401560295293 6 4098 305.5 1226.1844 0.26666668 5.0 5.0 5.0 5.0 0.0 0.256 2 TOUCH_MOVE Space
1401560295311 6 4098 305.5 1225.0907 0.26666668 5.0 5.0 5.0 5.0 0.0 0.24800001 2 TOUCH_MOVE Space
1401560295326 6 4098 305.5 1224.7009 0.26666668 5.0 5.0 5.0 5.0 0.0 0.256 2 TOUCH_MOVE Space
1401560295345 6 4098 305.5 1224.9509 0.23333335 4.0 4.0 4.0 4.0 0.0 0.2 2 TOUCH_MOVE Space
1401560295353 6 4098 305.5 1224.9509 0.10000001 2.0 2.0 2.0 2.0 0.0 0.1 2 TOUCH_MOVE Space
1401560295360 6 4098 305.5 1224.9509 0.10000001 2.0 2.0 2.0 2.0 0.0 0.1 1 TOUCH_UP Space
1401560295843 6 4098 661.5 942.951 0.3 5.0 5.0 5.0 5.0 0.0 0.22000001 0 TOUCH_DOWN l
1401560295869 6 4098 661.5 942.951 0.3 5.0 5.0 5.0 5.0 0.0 0.224 2 TOUCH_MOVE l
1401560295878 6 4098 660.8791 942.951 0.3 5.0 5.0 5.0 5.0 0.0 0.224 2 TOUCH_MOVE l
1401560295908 6 4098 659.9216 942.951 0.33333334 5.0 5.0 5.0 5.0 0.0 0.22800002 2 TOUCH_MOVE l
1401560295946 6 4098 659.9216 942.951 0.33333334 5.0 5.0 5.0 5.0 0.0 0.22800002 1 TOUCH_UP l
1401560296280 6 4098 191.5 840.951 0.26666668 4.0 4.0 4.0 4.0 0.0 0.23200001 0 TOUCH_DOWN e
1401560296313 6 4098 191.5 837.951 0.26666668 4.0 4.0 4.0 4.0 0.0 0.22000001 2 TOUCH_MOVE e
1401560296348 6 4098 191.5 837.951 0.20000002 4.0 4.0 4.0 4.0 0.0 0.18400002 2 TOUCH_MOVE e
1401560296361 6 4098 191.5 837.951 0.20000002 4.0 4.0 4.0 4.0 0.0 0.18400002 1 TOUCH_UP e
1401560296574 6 4098 505.0 1078.9509 0.23333335 5.0 5.0 5.0 5.0 0.0 0.208 0 TOUCH_DOWN n
1401560296579 6 4098 505.0 1078.9509 0.26666668 5.0 5.0 5.0 5.0 0.0 0.22000001 2 TOUCH_MOVE n
1401560296610 6 4098 502.53284 1078.4673 0.3 5.0 5.0 5.0 5.0 0.0 0.23200001 2 TOUCH_MOVE n
1401560296627 6 4098 500.5488 1077.9753 0.3 5.0 5.0 5.0 5.0 0.0 0.22800002 2 TOUCH_MOVE n
1401560296646 6 4098 499.75 1077.9509 0.23333335 5.0 5.0 5.0 5.0 0.0 0.19600001 2 TOUCH_MOVE n
1401560296662 6 4098 499.75 1077.9509 0.23333335 5.0 5.0 5.0 5.0 0.0 0.19600001 1 TOUCH_UP n
1401560296810 6 4098 287.5 1211.9509 0.23333335 4.0 4.0 4.0 4.0 0.0 0.224 0 TOUCH_DOWN Space
1401560296814 6 4098 287.5 1211.9509 0.23333335 4.0 4.0 4.0 4.0 0.0 0.23200001 2 TOUCH_MOVE Space
1401560296894 6 4098 287.5 1212.9509 0.23333335 4.0 4.0 4.0 4.0 0.0 0.22000001 2 TOUCH_MOVE Space
1401560296905 6 4098 287.5 1212.9509 0.23333335 4.0 4.0 4.0 4.0 0.0 0.19600001 2 TOUCH_MOVE Space
1401560296908 6 4098 287.5 1212.9509 0.23333335 4.0 4.0 4.0 4.0 0.0 0.19600001 1 TOUCH_UP Space
1401560297158 6 4098 513.5 1080.4509 0.20000002 4.0 4.0 4.0 4.0 0.0 0.19600001 0 TOUCH_DOWN n
1401560297174 6 4098 513.5 1080.4509 0.20000002 4.0 4.0 4.0 4.0 0.0 0.20400001 2 TOUCH_MOVE n
1401560297214 6 4098 513.0 1080.0093 0.23333335 4.0 4.0 4.0 4.0 0.0 0.208 2 TOUCH_MOVE n
1401560297228 6 4098 513.0 1079.9509 0.20000002 4.0 4.0 4.0 4.0 0.0 0.17600001 2 TOUCH_MOVE n
1401560297234 6 4098 513.0 1079.9509 0.20000002 4.0 4.0 4.0 4.0 0.0 0.17600001 1 TOUCH_UP n
1401560297683 6 4098 485.5 841.951 0.26666668 4.0 4.0 4.0 4.0 0.0 0.216 0 TOUCH_DOWN u
1401560297695 6 4098 485.5 841.951 0.26666668 4.0 4.0 4.0 4.0 0.0 0.224 2 TOUCH_MOVE u
1401560297728 6 4098 484.94275 841.39374 0.3 5.0 5.0 5.0 5.0 0.0 0.24800001 2 TOUCH_MOVE u
1401560297747 6 4098 485.0 840.42944 0.3 5.0 5.0 5.0 5.0 0.0 0.24800001 2 TOUCH_MOVE u
1401560297797 6 4098 485.0 840.451 0.16666667 3.0 3.0 3.0 3.0 0.0 0.112 2 TOUCH_MOVE u
1401560297800 6 4098 485.0 840.451 0.16666667 3.0 3.0 3.0 3.0 0.0 0.112 1 TOUCH_UP u
1401560297952 6 4098 611.0 810.451 0.26666668 5.0 5.0 5.0 5.0 0.0 0.192 0 TOUCH_DOWN o
1401560297962 6 4098 611.0 810.451 0.3 5.0 5.0 5.0 5.0 0.0 0.208 2 TOUCH_MOVE o
1401560297979 6 4098 612.00916 811.46014 0.3 5.0 5.0 5.0 5.0 0.0 0.22800002 2 TOUCH_MOVE o
1401560297995 6 4098 613.9443 812.4231 0.3 5.0 5.0 5.0 5.0 0.0 0.224 2 TOUCH_MOVE o
1401560298015 6 4098 616.29645 812.451 0.23333335 4.0 4.0 4.0 4.0 0.0 0.22000001 2 TOUCH_MOVE o
1401560298048 6 4098 622.0 811.451 0.20000002 3.0 3.0 3.0 3.0 0.0 0.120000005 2 TOUCH_MOVE o
1401560298062 6 4098 622.0 811.451 0.20000002 3.0 3.0 3.0 3.0 0.0 0.120000005 1 TOUCH_UP o
1401560298355 6 4098 501.5 1057.4509 0.33333334 5.0 5.0 5.0 5.0 0.0 0.216 0 TOUCH_DOWN n
1401560298363 6 4098 501.5 1057.4509 0.33333334 5.0 5.0 5.0 5.0 0.0 0.21200001 2 TOUCH_MOVE n
1401560298396 6 4098 500.9836 1057.4509 0.33333334 5.0 5.0 5.0 5.0 0.0 0.208 2 TOUCH_MOVE n
1401560298412 6 4098 500.25 1057.4509 0.33333334 5.0 5.0 5.0 5.0 0.0 0.20400001 2 TOUCH_MOVE n
1401560298431 6 4098 500.25 1057.4509 0.33333334 5.0 5.0 5.0 5.0 0.0 0.20400001 1 TOUCH_UP n
1401560298683 6 4098 352.0 968.951 0.20000002 4.0 4.0 4.0 4.0 0.0 0.208 0 TOUCH_DOWN g
1401560298708 6 4098 352.0 968.951 0.23333335 4.0 4.0 4.0 4.0 0.0 0.224 2 TOUCH_MOVE g
1401560298713 6 4098 352.38922 968.56177 0.3 5.0 5.0 5.0 5.0 0.0 0.256 2 TOUCH_MOVE g
1401560298729 6 4098 353.35898 967.09204 0.3 5.0 5.0 5.0 5.0 0.0 0.264 2 TOUCH_MOVE g
1401560298746 6 4098 354.31467 966.13635 0.33333334 5.0 5.0 5.0 5.0 0.0 0.264 2 TOUCH_MOVE g
1401560298763 6 4098 355.25 965.201 0.26666668 4.0 4.0 4.0 4.0 0.0 0.256 2 TOUCH_MOVE g
1401560298792 6 4098 355.25 965.201 0.26666668 4.0 4.0 4.0 4.0 0.0 0.256 1 TOUCH_UP g
1401560299270 6 4098 258.0 1234.9509 0.23333335 4.0 4.0 4.0 4.0 0.0 0.22800002 0 TOUCH_DOWN Space
1401560299295 6 4098 258.801 1233.4994 0.26666668 5.0 5.0 5.0 5.0 0.0 0.24400002 2 TOUCH_MOVE Space
1401560299321 6 4098 260.5 1228.887 0.26666668 5.0 5.0 5.0 5.0 0.0 0.252 2 TOUCH_MOVE Space
1401560299332 6 4098 260.5 1227.8965 0.26666668 5.0 5.0 5.0 5.0 0.0 0.24800001 2 TOUCH_MOVE Space
1401560299381 6 4098 260.5 1227.9509 0.23333335 4.0 4.0 4.0 4.0 0.0 0.17600001 2 TOUCH_MOVE Space
1401560299387 6 4098 260.5 1227.9509 0.23333335 4.0 4.0 4.0 4.0 0.0 0.17600001 1 TOUCH_UP Space
1401560299806 6 4098 593.0 1082.9509 0.16666667 3.0 3.0 3.0 3.0 0.0 0.19600001 0 TOUCH_DOWN m
1401560299814 6 4098 593.0 1082.9509 0.16666667 3.0 3.0 3.0 3.0 0.0 0.2 2 TOUCH_MOVE m
1401560299881 6 4098 593.0 1082.9509 0.13333334 2.0 2.0 2.0 2.0 0.0 0.17600001 2 TOUCH_MOVE m
1401560299886 6 4098 593.0 1082.9509 0.13333334 2.0 2.0 2.0 2.0 0.0 0.17600001 1 TOUCH_UP m
1401560300188 6 4098 630.5 800.451 0.20000002 4.0 4.0 4.0 4.0 0.0 0.19600001 0 TOUCH_DOWN o
1401560300197 6 4098 630.5 800.451 0.20000002 4.0 4.0 4.0 4.0 0.0 0.20400001 2 TOUCH_MOVE o
1401560300235 6 4098 628.43896 801.57306 0.26666668 5.0 5.0 5.0 5.0 0.0 0.216 2 TOUCH_MOVE o
1401560300247 6 4098 628.0 803.3086 0.23333335 4.0 4.0 4.0 4.0 0.0 0.20400001 2 TOUCH_MOVE o
1401560300264 6 4098 628.0 803.451 0.16666667 3.0 3.0 3.0 3.0 0.0 0.104 2 TOUCH_MOVE o
1401560300268 6 4098 628.0 803.451 0.16666667 3.0 3.0 3.0 3.0 0.0 0.104 1 TOUCH_UP o
1401560300579 6 4098 340.5 815.951 0.3 5.0 5.0 5.0 5.0 0.0 0.24000001 0 TOUCH_DOWN t
1401560300649 6 4098 340.5 815.951 0.33333334 5.0 5.0 5.0 5.0 0.0 0.224 2 TOUCH_MOVE t
1401560300660 6 4098 340.5 815.951 0.33333334 5.0 5.0 5.0 5.0 0.0 0.17600001 2 TOUCH_MOVE t
1401560300664 6 4098 340.5 815.951 0.33333334 5.0 5.0 5.0 5.0 0.0 0.17600001 1 TOUCH_UP t
1401560301075 6 4098 268.0 1226.4509 0.26666668 5.0 5.0 5.0 5.0 0.0 0.23200001 0 TOUCH_DOWN Space
1401560301081 6 4098 268.0 1226.4509 0.26666668 5.0 5.0 5.0 5.0 0.0 0.24800001 2 TOUCH_MOVE Space
1401560301115 6 4098 270.1293 1223.6924 0.26666668 5.0 5.0 5.0 5.0 0.0 0.256 2 TOUCH_MOVE Space
1401560301144 6 4098 271.09073 1221.8602 0.26666668 5.0 5.0 5.0 5.0 0.0 0.264 2 TOUCH_MOVE Space
1401560301165 6 4098 271.5 1220.7009 0.26666668 5.0 5.0 5.0 5.0 0.0 0.252 2 TOUCH_MOVE Space
1401560301182 6 4098 271.5 1220.7009 0.26666668 5.0 5.0 5.0 5.0 0.0 0.252 1 TOUCH_UP Space
1401560301979 6 4098 594.0 1059.9509 0.23333335 4.0 4.0 4.0 4.0 0.0 0.192 0 TOUCH_DOWN m
1401560301986 6 4098 594.0 1059.9509 0.23333335 4.0 4.0 4.0 4.0 0.0 0.20400001 2 TOUCH_MOVE m
1401560302032 6 4098 594.0 1058.1857 0.3 5.0 5.0 5.0 5.0 0.0 0.21200001 2 TOUCH_MOVE m
1401560302049 6 4098 594.0 1054.6327 0.26666668 4.0 4.0 4.0 4.0 0.0 0.18800001 2 TOUCH_MOVE m
1401560302066 6 4098 594.0 1054.9509 0.20000002 3.0 3.0 3.0 3.0 0.0 0.120000005 2 TOUCH_MOVE m
1401560302071 6 4098 594.0 1054.9509 0.20000002 3.0 3.0 3.0 3.0 0.0 0.120000005 1 TOUCH_UP m
1401560302384 6 4098 560.0 809.451 0.26666668 5.0 5.0 5.0 5.0 0.0 0.216 0 TOUCH_DOWN i
1401560302396 6 4098 559.8922 809.5588 0.3 5.0 5.0 5.0 5.0 0.0 0.23600002 2 TOUCH_MOVE i
1401560302426 6 4098 558.73676 811.21423 0.3 5.0 5.0 5.0 5.0 0.0 0.252 2 TOUCH_MOVE i
1401560302436 6 4098 558.26556 812.41986 0.3 5.0 5.0 5.0 5.0 0.0 0.23600002 2 TOUCH_MOVE i
1401560302449 6 4098 556.00024 817.25037 0.33333334 5.0 5.0 5.0 5.0 0.0 0.20400001 2 TOUCH_MOVE i
1401560302468 6 4098 554.5 821.451 0.33333334 5.0 5.0 5.0 5.0 0.0 0.17600001 2 TOUCH_MOVE i
1401560302472 6 4098 554.5 821.451 0.33333334 5.0 5.0 5.0 5.0 0.0 0.17600001 1 TOUCH_UP i
1401560302786 6 4098 510.5 1075.9509 0.20000002 4.0 4.0 4.0 4.0 0.0 0.18400002 0 TOUCH_DOWN n
1401560302800 6 4098 510.5 1075.9509 0.20000002 4.0 4.0 4.0 4.0 0.0 0.192 2 TOUCH_MOVE n
1401560302833 6 4098 509.6541 1075.9509 0.23333335 4.0 4.0 4.0 4.0 0.0 0.20400001 2 TOUCH_MOVE n
1401560302849 6 4098 508.35858 1075.1302 0.26666668 5.0 5.0 5.0 5.0 0.0 0.208 2 TOUCH_MOVE n
1401560302866 6 4098 507.231 1074.1819 0.23333335 4.0 4.0 4.0 4.0 0.0 0.2 2 TOUCH_MOVE n
1401560302883 6 4098 507.0 1073.9509 0.20000002 3.0 3.0 3.0 3.0 0.0 0.104 2 TOUCH_MOVE n
1401560302888 6 4098 507.0 1073.9509 0.20000002 3.0 3.0 3.0 3.0 0.0 0.104 1 TOUCH_UP n
1401560303105 6 4098 457.5 950.951 0.26666668 4.0 4.0 4.0 4.0 0.0 0.22000001 0 TOUCH_DOWN h
1401560303117 6 4098 457.5 950.951 0.26666668 4.0 4.0 4.0 4.0 0.0 0.22800002 2 TOUCH_MOVE h
1401560303184 6 4098 457.5 950.951 0.26666668 4.0 4.0 4.0 4.0 0.0 0.22800002 1 TOUCH_UP h
1401560303366 6 4098 275.0 1224.4509 0.26666668 5.0 5.0 5.0 5.0 0.0 0.22000001 0 TOUCH_DOWN Space
1401560303370 6 4098 275.0 1224.4509 0.26666668 5.0 5.0 5.0 5.0 0.0 0.22800002 2 TOUCH_MOVE Space
1401560303400 6 4098 275.0 1223.9224 0.26666668 5.0 5.0 5.0 5.0 0.0 0.24000001 2 TOUCH_MOVE Space
1401560303417 6 4098 274.25 1223.2009 0.26666668 5.0 5.0 5.0 5.0 0.0 0.24000001 2 TOUCH_MOVE Space
1401560303433 6 4098 275.04446 1222.4065 0.26666668 5.0 5.0 5.0 5.0 0.0 0.22800002 2 TOUCH_MOVE Space
1401560303450 6 4098 275.92007 1221.5309 0.23333335 4.0 4.0 4.0 4.0 0.0 0.224 2 TOUCH_MOVE Space
1401560303468 6 4098 278.0 1220.4509 0.23333335 4.0 4.0 4.0 4.0 0.0 0.18 2 TOUCH_MOVE Space
1401560303472 6 4098 278.0 1220.4509 0.23333335 4.0 4.0 4.0 4.0 0.0 0.18 1 TOUCH_UP Space
1401560304081 6 4098 177.0 815.951 0.26666668 4.0 4.0 4.0 4.0 0.0 0.19600001 0 TOUCH_DOWN e
1401560304084 6 4098 177.0 815.951 0.26666668 4.0 4.0 4.0 4.0 0.0 0.208 2 TOUCH_MOVE e
1401560304101 6 4098 176.46342 816.48755 0.3 5.0 5.0 5.0 5.0 0.0 0.22000001 2 TOUCH_MOVE e
1401560304118 6 4098 174.39201 818.55896 0.26666668 4.0 4.0 4.0 4.0 0.0 0.216 2 TOUCH_MOVE e
1401560304145 6 4098 173.50322 819.44775 0.3 5.0 5.0 5.0 5.0 0.0 0.208 2 TOUCH_MOVE e
1401560304156 6 4098 173.0 819.951 0.3 5.0 5.0 5.0 5.0 0.0 0.17600001 2 TOUCH_MOVE e
1401560304162 6 4098 173.0 819.951 0.3 5.0 5.0 5.0 5.0 0.0 0.17600001 1 TOUCH_UP e
1401560304333 6 4098 592.5 1093.4509 0.20000002 3.0 3.0 3.0 3.0 0.0 0.20400001 0 TOUCH_DOWN m
1401560304338 6 4098 592.5 1093.4509 0.23333335 4.0 4.0 4.0 4.0 0.0 0.21200001 2 TOUCH_MOVE m
1401560304368 6 4098 590.0309 1094.4509 0.20000002 3.0 3.0 3.0 3.0 0.0 0.21200001 2 TOUCH_MOVE m
1401560304384 6 4098 586.19226 1094.4509 0.20000002 3.0 3.0 3.0 3.0 0.0 0.21200001 2 TOUCH_MOVE m
1401560304401 6 4098 583.66895 1094.0354 0.20000002 3.0 3.0 3.0 3.0 0.0 0.20400001 2 TOUCH_MOVE m
1401560304425 6 4098 583.5 1093.9509 0.13333334 2.0 2.0 2.0 2.0 0.0 0.132 2 TOUCH_MOVE m
1401560304429 6 4098 583.5 1093.9509 0.13333334 2.0 2.0 2.0 2.0 0.0 0.132 1 TOUCH_UP m
1401560304585 6 4098 245.0 1203.9509 0.20000002 3.0 3.0 3.0 3.0 0.0 0.22000001 0 TOUCH_DOWN Space
1401560304609 6 4098 245.0 1204.4414 0.23333335 4.0 4.0 4.0 4.0 0.0 0.22800002 2 TOUCH_MOVE Space
1401560304618 6 4098 245.0 1204.9161 0.23333335 4.0 4.0 4.0 4.0 0.0 0.24400002 2 TOUCH_MOVE Space
1401560304635 6 4098 245.45044 1204.9509 0.26666668 4.0 4.0 4.0 4.0 0.0 0.252 2 TOUCH_MOVE Space
1401560304652 6 4098 245.73282 1204.9509 0.3 5.0 5.0 5.0 5.0 0.0 0.252 2 TOUCH_MOVE Space
1401560304668 6 4098 246.0 1203.4509 0.23333335 4.0 4.0 4.0 4.0 0.0 0.23200001 2 TOUCH_MOVE Space
1401560304685 6 4098 246.0 1203.4509 0.13333334 2.0 2.0 2.0 2.0 0.0 0.104 2 TOUCH_MOVE Space
1401560304689 6 4098 246.0 1203.4509 0.13333334 2.0 2.0 2.0 2.0 0.0 0.104 1 TOUCH_UP Space
1401560305147 6 4098 326.5 829.951 0.33333334 5.0 5.0 5.0 5.0 0.0 0.22800002 0 TOUCH_DOWN t
1401560305152 6 4098 326.5 829.951 0.33333334 5.0 5.0 5.0 5.0 0.0 0.24000001 2 TOUCH_MOVE t
1401560305202 6 4098 326.5 829.951 0.3 5.0 5.0 5.0 5.0 0.0 0.208 2 TOUCH_MOVE t
1401560305215 6 4098 326.5 829.951 0.23333335 4.0 4.0 4.0 4.0 0.0 0.16800001 2 TOUCH_MOVE t
1401560305220 6 4098 326.5 829.951 0.23333335 4.0 4.0 4.0 4.0 0.0 0.16800001 1 TOUCH_UP t
1401560305451 6 4098 626.0 826.951 0.3 5.0 5.0 5.0 5.0 0.0 0.2 0 TOUCH_DOWN o
1401560305457 6 4098 626.0 826.951 0.3 5.0 5.0 5.0 5.0 0.0 0.208 2 TOUCH_MOVE o
1401560305486 6 4098 624.46625 826.951 0.33333334 5.0 5.0 5.0 5.0 0.0 0.22800002 2 TOUCH_MOVE o
1401560305511 6 4098 622.9949 826.951 0.3 5.0 5.0 5.0 5.0 0.0 0.22000001 2 TOUCH_MOVE o
1401560305521 6 4098 621.59125 826.951 0.33333334 5.0 5.0 5.0 5.0 0.0 0.22000001 2 TOUCH_MOVE o
1401560305535 6 4098 619.6346 826.951 0.33333334 5.0 5.0 5.0 5.0 0.0 0.18800001 2 TOUCH_MOVE o
1401560305545 6 4098 619.5 826.951 0.20000002 3.0 3.0 3.0 3.0 0.0 0.108 2 TOUCH_MOVE o
1401560305550 6 4098 619.5 826.951 0.20000002 3.0 3.0 3.0 3.0 0.0 0.108 1 TOUCH_UP o
1401560305713 6 4098 537.0 833.451 0.26666668 4.0 4.0 4.0 4.0 0.0 0.23200001 0 TOUCH_DOWN i
1401560305720 6 4098 537.0 833.451 0.26666668 4.0 4.0 4.0 4.0 0.0 0.24000001 2 TOUCH_MOVE i
1401560305752 6 4098 536.0493 833.451 0.3 5.0 5.0 5.0 5.0 0.0 0.252 2 TOUCH_MOVE i
1401560305769 6 4098 535.25 833.451 0.3 5.0 5.0 5.0 5.0 0.0 0.252 2 TOUCH_MOVE i
1401560305803 6 4098 535.5 833.451 0.26666668 4.0 4.0 4.0 4.0 0.0 0.18800001 2 TOUCH_MOVE i
1401560305815 6 4098 535.5 833.451 0.26666668 4.0 4.0 4.0 4.0 0.0 0.18800001 1 TOUCH_UP i
1401560305995 6 4098 307.0 1219.4509 0.23333335 4.0 4.0 4.0 4.0 0.0 0.23600002 0 TOUCH_DOWN Space
1401560306005 6 4098 307.0 1219.4509 0.23333335 4.0 4.0 4.0 4.0 0.0 0.24400002 2 TOUCH_MOVE Space
1401560306069 6 4098 305.75 1219.4509 0.23333335 4.0 4.0 4.0 4.0 0.0 0.24000001 2 TOUCH_MOVE Space
1401560306101 6 4098 305.75 1219.4509 0.23333335 4.0 4.0 4.0 4.0 0.0 0.24000001 1 TOUCH_UP Space
1401560306517 6 4098 669.5 925.451 0.26666668 5.0 5.0 5.0 5.0 0.0 0.192 0 TOUCH_DOWN l
1401560306538 6 4098 668.8252 926.1258 0.3 5.0 5.0 5.0 5.0 0.0 0.216 2 TOUCH_MOVE l
1401560306576 6 4098 666.39453 928.05646 0.26666668 4.0 4.0 4.0 4.0 0.0 0.22000001 2 TOUCH_MOVE l
1401560306588 6 4098 665.3861 929.0649 0.3 5.0 5.0 5.0 5.0 0.0 0.216 2 TOUCH_MOVE l
1401560306606 6 4098 664.75 929.701 0.3 5.0 5.0 5.0 5.0 0.0 0.208 2 TOUCH_MOVE l
1401560306620 6 4098 663.9419 928.951 0.26666668 5.0 5.0 5.0 5.0 0.0 0.14 2 TOUCH_MOVE l
1401560306628 6 4098 663.9419 928.951 0.26666668 5.0 5.0 5.0 5.0 0.0 0.14 1 TOUCH_UP l
1401560306869 6 4098 629.5 830.451 0.3 5.0 5.0 5.0 5.0 0.0 0.20400001 0 TOUCH_DOWN o
1401560306877 6 4098 629.5 830.451 0.3 5.0 5.0 5.0 5.0 0.0 0.22000001 2 TOUCH_MOVE o
1401560306920 6 4098 628.90173 830.451 0.3 5.0 5.0 5.0 5.0 0.0 0.24000001 2 TOUCH_MOVE o
1401560306937 6 4098 629.0 830.451 0.3 5.0 5.0 5.0 5.0 0.0 0.216 2 TOUCH_MOVE o
1401560306955 6 4098 629.0 830.451 0.16666667 3.0 3.0 3.0 3.0 0.0 0.1 2 TOUCH_MOVE o
1401560306959 6 4098 629.0 830.451 0.16666667 3.0 3.0 3.0 3.0 0.0 0.1 1 TOUCH_UP o
1401560307121 6 4098 704.5 804.951 0.20000002 3.0 3.0 3.0 3.0 0.0 0.208 0 TOUCH_DOWN p
1401560307138 6 4098 704.5 804.951 0.23333335 4.0 4.0 4.0 4.0 0.0 0.216 2 TOUCH_MOVE p
1401560307178 6 4098 703.882 804.951 0.23333335 4.0 4.0 4.0 4.0 0.0 0.224 2 TOUCH_MOVE p
1401560307214 6 4098 703.882 804.951 0.23333335 4.0 4.0 4.0 4.0 0.0 0.224 1 TOUCH_UP p
1401560309048 6 4098 697.5 1208.4509 0.16666667 3.0 3.0 3.0 3.0 0.0 0.192 0 TOUCH_DOWN Enter
1401560309059 6 4098 697.5 1209.6582 0.16666667 3.0 3.0 3.0 3.0 0.0 0.20400001 2 TOUCH_MOVE Enter
1401560309079 6 4098 697.5 1210.5908 0.16666667 3.0 3.0 3.0 3.0 0.0 0.208 2 TOUCH_MOVE Enter
1401560309094 6 4098 697.5 1211.5741 0.16666667 3.0 3.0 3.0 3.0 0.0 0.208 2 TOUCH_MOVE Enter
1401560309123 6 4098 697.5 1211.5741 0.16666667 3.0 3.0 3.0 3.0 0.0 0.208 1 TOUCH_UP Enter
1401560310676 6 4098 319.5 840.951 0.26666668 4.0 4.0 4.0 4.0 0.0 0.216 0 TOUCH_DOWN T
1401560310690 6 4098 319.5 840.951 0.26666668 4.0 4.0 4.0 4.0 0.0 0.23200001 2 TOUCH_MOVE T
1401560310707 6 4098 319.5 840.951 0.33333334 5.0 5.0 5.0 5.0 0.0 0.256 2 TOUCH_MOVE T
1401560310724 6 4098 318.47372 840.451 0.33333334 5.0 5.0 5.0 5.0 0.0 0.264 2 TOUCH_MOVE T
1401560310743 6 4098 318.5 839.701 0.33333334 5.0 5.0 5.0 5.0 0.0 0.268 2 TOUCH_MOVE T
1401560310758 6 4098 317.53867 839.951 0.3 5.0 5.0 5.0 5.0 0.0 0.24800001 2 TOUCH_MOVE T
1401560310774 6 4098 317.5 839.951 0.23333335 4.0 4.0 4.0 4.0 0.0 0.2 2 TOUCH_MOVE T
1401560310783 6 4098 317.5 839.951 0.13333334 2.0 2.0 2.0 2.0 0.0 0.108 2 TOUCH_MOVE T
1401560310787 6 4098 317.5 839.951 0.13333334 2.0 2.0 2.0 2.0 0.0 0.108 1 TOUCH_UP T
1401560310909 6 4098 219.0 808.951 0.3 5.0 5.0 5.0 5.0 0.0 0.24000001 0 TOUCH_DOWN r
1401560310959 6 4098 219.0 810.4759 0.3 5.0 5.0 5.0 5.0 0.0 0.252 2 TOUCH_MOVE r
1401560310989 6 4098 219.0 810.451 0.26666668 5.0 5.0 5.0 5.0 0.0 0.18 2 TOUCH_MOVE r
1401560310994 6 4098 219.0 810.451 0.26666668 5.0 5.0 5.0 5.0 0.0 0.18 1 TOUCH_UP r
1401560311349 6 4098 484.5 815.951 0.26666668 4.0 4.0 4.0 4.0 0.0 0.20400001 0 TOUCH_DOWN u
1401560311358 6 4098 484.5 815.951 0.26666668 4.0 4.0 4.0 4.0 0.0 0.22000001 2 TOUCH_MOVE u
1401560311415 6 4098 484.5 815.951 0.26666668 4.0 4.0 4.0 4.0 0.0 0.22000001 1 TOUCH_UP u
1401560312365 6 4098 631.0 812.951 0.23333335 4.0 4.0 4.0 4.0 0.0 0.18800001 0 TOUCH_DOWN o
1401560312378 6 4098 631.0 812.951 0.26666668 4.0 4.0 4.0 4.0 0.0 0.20400001 2 TOUCH_MOVE o
1401560312410 6 4098 631.0 812.951 0.3 5.0 5.0 5.0 5.0 0.0 0.23200001 2 TOUCH_MOVE o
1401560312463 6 4098 631.0 812.951 0.26666668 4.0 4.0 4.0 4.0 0.0 0.208 2 TOUCH_MOVE o
1401560312472 6 4098 631.0 812.951 0.20000002 4.0 4.0 4.0 4.0 0.0 0.18400002 2 TOUCH_MOVE o
1401560312476 6 4098 631.0 812.951 0.20000002 4.0 4.0 4.0 4.0 0.0 0.18400002 1 TOUCH_UP o
1401560312754 6 4098 519.0 1077.4509 0.20000002 4.0 4.0 4.0 4.0 0.0 0.192 0 TOUCH_DOWN n
1401560312759 6 4098 519.0 1077.4509 0.20000002 3.0 3.0 3.0 3.0 0.0 0.20400001 2 TOUCH_MOVE n
1401560312793 6 4098 517.505 1076.4559 0.23333335 4.0 4.0 4.0 4.0 0.0 0.21200001 2 TOUCH_MOVE n
1401560312809 6 4098 516.0622 1075.0753 0.26666668 4.0 4.0 4.0 4.0 0.0 0.216 2 TOUCH_MOVE n
1401560312825 6 4098 515.0789 1073.6088 0.26666668 4.0 4.0 4.0 4.0 0.0 0.21200001 2 TOUCH_MOVE n
1401560312842 6 4098 514.6286 1072.5795 0.26666668 4.0 4.0 4.0 4.0 0.0 0.208 2 TOUCH_MOVE n
1401560312859 6 4098 513.75 1071.7009 0.26666668 4.0 4.0 4.0 4.0 0.0 0.18 2 TOUCH_MOVE n
1401560312868 6 4098 513.75 1071.7009 0.26666668 4.0 4.0 4.0 4.0 0.0 0.18 1 TOUCH_UP n
1401560313043 6 4098 362.5 977.951 0.23333335 4.0 4.0 4.0 4.0 0.0 0.20400001 0 TOUCH_DOWN g
1401560313067 6 4098 362.5 978.2531 0.23333335 4.0 4.0 4.0 4.0 0.0 0.216 2 TOUCH_MOVE g
1401560313076 6 4098 362.5 978.8175 0.26666668 4.0 4.0 4.0 4.0 0.0 0.22800002 2 TOUCH_MOVE g
1401560313095 6 4098 362.5 980.61475 0.26666668 4.0 4.0 4.0 4.0 0.0 0.224 2 TOUCH_MOVE g
1401560313109 6 4098 361.75 983.951 0.20000002 4.0 4.0 4.0 4.0 0.0 0.18400002 2 TOUCH_MOVE g
1401560313119 6 4098 361.75 983.951 0.20000002 4.0 4.0 4.0 4.0 0.0 0.18400002 1 TOUCH_UP g
1401560313418 6 4098 296.5 1230.4509 0.23333335 4.0 4.0 4.0 4.0 0.0 0.22000001 0 TOUCH_DOWN Space
1401560313427 6 4098 296.5 1230.4509 0.23333335 4.0 4.0 4.0 4.0 0.0 0.22800002 2 TOUCH_MOVE Space
1401560313446 6 4098 296.0 1228.7606 0.26666668 5.0 5.0 5.0 5.0 0.0 0.24800001 2 TOUCH_MOVE Space
1401560313460 6 4098 296.0 1225.8682 0.26666668 5.0 5.0 5.0 5.0 0.0 0.256 2 TOUCH_MOVE Space
1401560313478 6 4098 296.0 1223.9749 0.26666668 5.0 5.0 5.0 5.0 0.0 0.24800001 2 TOUCH_MOVE Space
1401560313493 6 4098 296.0 1222.9948 0.26666668 5.0 5.0 5.0 5.0 0.0 0.256 2 TOUCH_MOVE Space
1401560313510 6 4098 296.0 1222.7009 0.26666668 5.0 5.0 5.0 5.0 0.0 0.252 2 TOUCH_MOVE Space
1401560313546 6 4098 296.0 1222.9509 0.20000002 3.0 3.0 3.0 3.0 0.0 0.18 2 TOUCH_MOVE Space
1401560313550 6 4098 296.0 1222.9509 0.20000002 3.0 3.0 3.0 3.0 0.0 0.18 1 TOUCH_UP Space
1401560314455 6 4098 298.0 1078.4509 0.26666668 4.0 4.0 4.0 4.0 0.0 0.24800001 0 TOUCH_DOWN c
1401560314460 6 4098 298.0 1078.4509 0.26666668 4.0 4.0 4.0 4.0 0.0 0.252 2 TOUCH_MOVE c
1401560314494 6 4098 298.65698 1078.4509 0.26666668 4.0 4.0 4.0 4.0 0.0 0.24800001 2 TOUCH_MOVE c
1401560314524 6 4098 298.5 1078.4509 0.16666667 3.0 3.0 3.0 3.0 0.0 0.18800001 2 TOUCH_MOVE c
1401560314528 6 4098 298.5 1078.4509 0.16666667 3.0 3.0 3.0 3.0 0.0 0.18800001 1 TOUCH_UP c
1401560314760 6 4098 473.5 808.951 0.23333335 4.0 4.0 4.0 4.0 0.0 0.216 0 TOUCH_DOWN u
1401560314763 6 4098 473.5 808.951 0.26666668 4.0 4.0 4.0 4.0 0.0 0.23200001 2 TOUCH_MOVE u
1401560314826 6 4098 474.8875 808.951 0.3 5.0 5.0 5.0 5.0 0.0 0.24800001 2 TOUCH_MOVE u
1401560314842 6 4098 477.0 808.451 0.16666667 3.0 3.0 3.0 3.0 0.0 0.104 2 TOUCH_MOVE u
1401560314847 6 4098 477.0 808.451 0.16666667 3.0 3.0 3.0 3.0 0.0 0.104 1 TOUCH_UP u
1401560314982 6 4098 53.0 961.451 0.20000002 3.0 3.0 3.0 3.0 0.0 0.208 0 TOUCH_DOWN a
1401560314994 6 4098 53.0 961.451 0.20000002 3.0 3.0 3.0 3.0 0.0 0.21200001 2 TOUCH_MOVE a
1401560315044 6 4098 53.0 961.9581 0.16666667 3.0 3.0 3.0 3.0 0.0 0.20400001 2 TOUCH_MOVE a
1401560315077 6 4098 53.0 961.951 0.16666667 3.0 3.0 3.0 3.0 0.0 0.18 2 TOUCH_MOVE a
1401560315081 6 4098 53.0 961.951 0.16666667 3.0 3.0 3.0 3.0 0.0 0.18 1 TOUCH_UP a
1401560315393 6 4098 271.0 1224.9509 0.26666668 5.0 5.0 5.0 5.0 0.0 0.21200001 0 TOUCH_DOWN Space
1401560315416 6 4098 271.0 1224.9509 0.26666668 5.0 5.0 5.0 5.0 0.0 0.224 2 TOUCH_MOVE Space
1401560315437 6 4098 270.5 1224.0404 0.26666668 5.0 5.0 5.0 5.0 0.0 0.252 2 TOUCH_MOVE Space
1401560315445 6 4098 270.5 1222.1075 0.26666668 5.0 5.0 5.0 5.0 0.0 0.252 2 TOUCH_MOVE Space
1401560315461 6 4098 271.60062 1221.3503 0.26666668 5.0 5.0 5.0 5.0 0.0 0.256 2 TOUCH_MOVE Space
1401560315478 6 4098 272.58252 1220.3684 0.26666668 5.0 5.0 5.0 5.0 0.0 0.252 2 TOUCH_MOVE Space
1401560315495 6 4098 273.56195 1218.827 0.26666668 5.0 5.0 5.0 5.0 0.0 0.24400002 2 TOUCH_MOVE Space
1401560315514 6 4098 273.5 1218.9509 0.26666668 5.0 5.0 5.0 5.0 0.0 0.216 2 TOUCH_MOVE Space
1401560315518 6 4098 273.5 1218.9509 0.23333335 5.0 5.0 5.0 5.0 0.0 0.164 2 TOUCH_MOVE Space
1401560315521 6 4098 273.5 1218.9509 0.23333335 5.0 5.0 5.0 5.0 0.0 0.164 1 TOUCH_UP Space
1401560315843 6 4098 175.0 794.951 0.3 5.0 5.0 5.0 5.0 0.0 0.252 0 TOUCH_DOWN e
1401560315867 6 4098 175.0 794.951 0.3 5.0 5.0 5.0 5.0 0.0 0.256 2 TOUCH_MOVE e
1401560315913 6 4098 175.0 794.451 0.23333335 4.0 4.0 4.0 4.0 0.0 0.20400001 2 TOUCH_MOVE e
1401560315928 6 4098 175.0 794.451 0.16666667 3.0 3.0 3.0 3.0 0.0 0.112 2 TOUCH_MOVE e
1401560315932 6 4098 175.0 794.451 0.16666667 3.0 3.0 3.0 3.0 0.0 0.112 1 TOUCH_UP e
1401560316144 6 4098 591.5 1099.4509 0.23333335 4.0 4.0 4.0 4.0 0.0 0.216 0 TOUCH_DOWN m
1401560316148 6 4098 591.5 1099.4509 0.26666668 4.0 4.0 4.0 4.0 0.0 0.22000001 2 TOUCH_MOVE m
1401560316179 6 4098 590.44196 1099.4509 0.26666668 4.0 4.0 4.0 4.0 0.0 0.22800002 2 TOUCH_MOVE m
1401560316197 6 4098 588.4592 1097.9102 0.23333335 4.0 4.0 4.0 4.0 0.0 0.22000001 2 TOUCH_MOVE m
1401560316212 6 4098 585.5366 1094.012 0.20000002 3.0 3.0 3.0 3.0 0.0 0.20400001 2 TOUCH_MOVE m
1401560316220 6 4098 585.5 1093.9509 0.13333334 2.0 2.0 2.0 2.0 0.0 0.17600001 2 TOUCH_MOVE m
1401560316224 6 4098 585.5 1093.9509 0.13333334 2.0 2.0 2.0 2.0 0.0 0.17600001 1 TOUCH_UP m
1401560316398 6 4098 301.5 1225.4509 0.23333335 4.0 4.0 4.0 4.0 0.0 0.22800002 0 TOUCH_DOWN Space
1401560316401 6 4098 301.5 1225.4509 0.23333335 4.0 4.0 4.0 4.0 0.0 0.23600002 2 TOUCH_MOVE Space
1401560316429 6 4098 301.5 1223.936 0.26666668 5.0 5.0 5.0 5.0 0.0 0.256 2 TOUCH_MOVE Space
1401560316447 6 4098 301.5 1222.9806 0.26666668 5.0 5.0 5.0 5.0 0.0 0.24800001 2 TOUCH_MOVE Space
1401560316478 6 4098 301.5 1222.022 0.3 6.0 6.0 6.0 6.0 0.0 0.256 2 TOUCH_MOVE Space
1401560316497 6 4098 301.5 1221.2009 0.3 6.0 6.0 6.0 6.0 0.0 0.26000002 2 TOUCH_MOVE Space
1401560316525 6 4098 301.5 1221.2009 0.3 6.0 6.0 6.0 6.0 0.0 0.26000002 1 TOUCH_UP Space
1401560316983 6 4098 442.0 1081.4509 0.3 5.0 5.0 5.0 5.0 0.0 0.24000001 0 TOUCH_DOWN b
1401560316996 6 4098 442.0 1081.4509 0.3 5.0 5.0 5.0 5.0 0.0 0.252 2 TOUCH_MOVE b
1401560317046 6 4098 441.4789 1081.4509 0.3 5.0 5.0 5.0 5.0 0.0 0.24400002 2 TOUCH_MOVE b
1401560317064 6 4098 440.5 1081.9509 0.20000002 4.0 4.0 4.0 4.0 0.0 0.18400002 2 TOUCH_MOVE b
1401560317070 6 4098 440.5 1081.9509 0.20000002 4.0 4.0 4.0 4.0 0.0 0.18400002 1 TOUCH_UP b
1401560317437 6 4098 187.0 807.951 0.20000002 3.0 3.0 3.0 3.0 0.0 0.20400001 0 TOUCH_DOWN e
1401560317448 6 4098 187.0 807.951 0.23333335 4.0 4.0 4.0 4.0 0.0 0.224 2 TOUCH_MOVE e
1401560317464 6 4098 187.0 807.951 0.3 5.0 5.0 5.0 5.0 0.0 0.252 2 TOUCH_MOVE e
1401560317480 6 4098 186.19534 812.037 0.3 5.0 5.0 5.0 5.0 0.0 0.256 2 TOUCH_MOVE e
1401560317497 6 4098 187.1605 815.593 0.26666668 4.0 4.0 4.0 4.0 0.0 0.24000001 2 TOUCH_MOVE e
1401560317514 6 4098 189.78363 821.6128 0.26666668 5.0 5.0 5.0 5.0 0.0 0.18 2 TOUCH_MOVE e
1401560317521 6 4098 189.78363 821.6128 0.26666668 5.0 5.0 5.0 5.0 0.0 0.18 1 TOUCH_UP e
1401560317871 6 4098 257.0 1238.4509 0.20000002 4.0 4.0 4.0 4.0 0.0 0.20400001 0 TOUCH_DOWN Space
1401560317880 6 4098 256.5 1237.8195 0.23333335 4.0 4.0 4.0 4.0 0.0 0.22000001 2 TOUCH_MOVE Space
1401560317902 6 4098 256.7311 1235.2576 0.26666668 5.0 5.0 5.0 5.0 0.0 0.23600002 2 TOUCH_MOVE Space
1401560317914 6 4098 257.7257 1232.4995 0.26666668 5.0 5.0 5.0 5.0 0.0 0.23600002 2 TOUCH_MOVE Space
1401560317930 6 4098 258.91464 1230.7437 0.26666668 5.0 5.0 5.0 5.0 0.0 0.23600002 2 TOUCH_MOVE Space
1401560317948 6 4098 260.84915 1229.9509 0.23333335 4.0 4.0 4.0 4.0 0.0 0.22000001 2 TOUCH_MOVE Space
1401560317964 6 4098 261.5 1229.9509 0.20000002 4.0 4.0 4.0 4.0 0.0 0.18 2 TOUCH_MOVE Space
1401560317976 6 4098 261.5 1229.9509 0.20000002 4.0 4.0 4.0 4.0 0.0 0.18 1 TOUCH_UP Space
1401560318377 6 4098 431.5 1091.9509 0.3 5.0 5.0 5.0 5.0 0.0 0.23200001 0 TOUCH_DOWN b
1401560318382 6 4098 431.5 1091.9509 0.26666668 4.0 4.0 4.0 4.0 0.0 0.24400002 2 TOUCH_MOVE b
1401560318436 6 4098 430.0 1090.4509 0.23333335 4.0 4.0 4.0 4.0 0.0 0.22000001 2 TOUCH_MOVE b
1401560318445 6 4098 430.0 1090.4509 0.20000002 4.0 4.0 4.0 4.0 0.0 0.18400002 2 TOUCH_MOVE b
1401560318448 6 4098 430.0 1090.4509 0.20000002 4.0 4.0 4.0 4.0 0.0 0.18400002 1 TOUCH_UP b
1401560318741 6 4098 183.5 816.951 0.23333335 4.0 4.0 4.0 4.0 0.0 0.20400001 0 TOUCH_DOWN e
1401560318748 6 4098 183.5 816.951 0.26666668 4.0 4.0 4.0 4.0 0.0 0.208 2 TOUCH_MOVE e
1401560318785 6 4098 183.5 816.951 0.26666668 4.0 4.0 4.0 4.0 0.0 0.208 1 TOUCH_UP e
1401560319111 6 4098 271.5 1241.9509 0.20000002 5.0 5.0 5.0 5.0 0.0 0.19600001 0 TOUCH_DOWN Space
1401560319116 6 4098 271.5 1241.9509 0.23333335 5.0 5.0 5.0 5.0 0.0 0.20400001 2 TOUCH_MOVE Space
1401560319139 6 4098 271.56784 1241.3153 0.23333335 5.0 5.0 5.0 5.0 0.0 0.216 2 TOUCH_MOVE Space
1401560319156 6 4098 272.0 1239.4058 0.23333335 5.0 5.0 5.0 5.0 0.0 0.22800002 2 TOUCH_MOVE Space
1401560319172 6 4098 272.0 1237.4642 0.23333335 5.0 5.0 5.0 5.0 0.0 0.22000001 2 TOUCH_MOVE Space
1401560319181 6 4098 271.25 1236.7009 0.23333335 5.0 5.0 5.0 5.0 0.0 0.22000001 2 TOUCH_MOVE Space
1401560319206 6 4098 271.5 1236.9509 0.20000002 5.0 5.0 5.0 5.0 0.0 0.18 2 TOUCH_MOVE Space
1401560319210 6 4098 271.5 1236.9509 0.20000002 5.0 5.0 5.0 5.0 0.0 0.18 1 TOUCH_UP Space
1401560319585 6 4098 511.0 1061.9509 0.26666668 4.0 4.0 4.0 4.0 0.0 0.21200001 0 TOUCH_DOWN n
1401560319601 6 4098 511.0 1061.9509 0.3 5.0 5.0 5.0 5.0 0.0 0.22000001 2 TOUCH_MOVE n
1401560319632 6 4098 509.53668 1061.9509 0.26666668 4.0 4.0 4.0 4.0 0.0 0.22800002 2 TOUCH_MOVE n
1401560319649 6 4098 509.25 1061.9509 0.26666668 4.0 4.0 4.0 4.0 0.0 0.22000001 2 TOUCH_MOVE n
1401560319669 6 4098 509.25 1061.9509 0.26666668 4.0 4.0 4.0 4.0 0.0 0.22000001 1 TOUCH_UP n
1401560319873 6 4098 59.0 957.951 0.23333335 4.0 4.0 4.0 4.0 0.0 0.192 0 TOUCH_DOWN a
1401560319884 6 4098 58.579376 957.951 0.23333335 4.0 4.0 4.0 4.0 0.0 0.20400001 2 TOUCH_MOVE a
1401560319902 6 4098 57.65645 957.1074 0.23333335 4.0 4.0 4.0 4.0 0.0 0.208 2 TOUCH_MOVE a
1401560319916 6 4098 57.0 956.10175 0.23333335 4.0 4.0 4.0 4.0 0.0 0.216 2 TOUCH_MOVE a
1401560319932 6 4098 57.0 955.1415 0.23333335 4.0 4.0 4.0 4.0 0.0 0.21200001 2 TOUCH_MOVE a
1401560319949 6 4098 57.0 954.701 0.23333335 4.0 4.0 4.0 4.0 0.0 0.2 2 TOUCH_MOVE a
1401560319968 6 4098 57.0 954.701 0.23333335 4.0 4.0 4.0 4.0 0.0 0.2 1 TOUCH_UP a
1401560320119 6 4098 590.5 1080.4509 0.16666667 3.0 3.0 3.0 3.0 0.0 0.2 0 TOUCH_DOWN m
1401560320133 6 4098 590.5 1080.4509 0.16666667 3.0 3.0 3.0 3.0 0.0 0.20400001 2 TOUCH_MOVE m
1401560320194 6 4098 590.5 1080.4509 0.13333334 2.0 2.0 2.0 2.0 0.0 0.16800001 2 TOUCH_MOVE m
1401560320200 6 4098 590.5 1080.4509 0.13333334 2.0 2.0 2.0 2.0 0.0 0.16800001 1 TOUCH_UP m
1401560320363 6 4098 257.0 1245.9509 0.16666667 4.0 4.0 4.0 4.0 0.0 0.18800001 0 TOUCH_DOWN Space
1401560320403 6 4098 257.7544 1242.1877 0.20000002 4.0 4.0 4.0 4.0 0.0 0.20400001 2 TOUCH_MOVE Space
1401560320416 6 4098 258.0 1239.7015 0.20000002 4.0 4.0 4.0 4.0 0.0 0.2 2 TOUCH_MOVE Space
1401560320433 6 4098 257.3264 1239.4509 0.20000002 4.0 4.0 4.0 4.0 0.0 0.18800001 2 TOUCH_MOVE Space
1401560320448 6 4098 257.3264 1239.4509 0.20000002 4.0 4.0 4.0 4.0 0.0 0.18800001 1 TOUCH_UP Space
1401560320978 6 4098 627.5 802.451 0.20000002 4.0 4.0 4.0 4.0 0.0 0.20400001 0 TOUCH_DOWN o
1401560321000 6 4098 627.5 802.451 0.23333335 4.0 4.0 4.0 4.0 0.0 0.22000001 2 TOUCH_MOVE o
1401560321036 6 4098 627.5 802.451 0.23333335 4.0 4.0 4.0 4.0 0.0 0.22000001 1 TOUCH_UP o
1401560321221 6 4098 280.0 1232.4509 0.20000002 4.0 4.0 4.0 4.0 0.0 0.20400001 0 TOUCH_DOWN Space
1401560321233 6 4098 280.0 1232.4509 0.23333335 5.0 5.0 5.0 5.0 0.0 0.208 2 TOUCH_MOVE Space
1401560321302 6 4098 280.0 1232.4509 0.20000002 3.0 3.0 3.0 3.0 0.0 0.164 2 TOUCH_MOVE Space
1401560321306 6 4098 280.0 1232.4509 0.20000002 3.0 3.0 3.0 3.0 0.0 0.164 1 TOUCH_UP Space
1401560321861 6 4098 373.0 969.951 0.3 5.0 5.0 5.0 5.0 0.0 0.24800001 0 TOUCH_DOWN g
1401560321880 6 4098 373.0 969.951 0.3 5.0 5.0 5.0 5.0 0.0 0.256 2 TOUCH_MOVE g
1401560321909 6 4098 371.0 970.951 0.3 5.0 5.0 5.0 5.0 0.0 0.252 2 TOUCH_MOVE g
1401560321919 6 4098 371.0 970.951 0.20000002 4.0 4.0 4.0 4.0 0.0 0.18800001 2 TOUCH_MOVE g
1401560321923 6 4098 371.0 970.951 0.20000002 4.0 4.0 4.0 4.0 0.0 0.18800001 1 TOUCH_UP g
1401560322143 6 4098 554.0 827.951 0.33333334 5.0 5.0 5.0 5.0 0.0 0.216 0 TOUCH_DOWN i
1401560322251 6 4098 554.0 827.951 0.26666668 5.0 5.0 5.0 5.0 0.0 0.16000001 2 TOUCH_MOVE i
1401560322259 6 4098 554.0 827.951 0.26666668 5.0 5.0 5.0 5.0 0.0 0.16000001 1 TOUCH_UP i
1401560322406 6 4098 492.0 818.951 0.26666668 4.0 4.0 4.0 4.0 0.0 0.23600002 0 TOUCH_DOWN u
1401560322420 6 4098 492.0 818.951 0.3 5.0 5.0 5.0 5.0 0.0 0.24800001 2 TOUCH_MOVE u
1401560322468 6 4098 491.42056 818.951 0.33333334 5.0 5.0 5.0 5.0 0.0 0.26000002 2 TOUCH_MOVE u
1401560322519 6 4098 491.5 818.951 0.33333334 5.0 5.0 5.0 5.0 0.0 0.18400002 2 TOUCH_MOVE u
1401560322525 6 4098 491.5 818.951 0.33333334 5.0 5.0 5.0 5.0 0.0 0.18400002 1 TOUCH_UP u
1401560322609 6 4098 55.0 970.451 0.16666667 3.0 3.0 3.0 3.0 0.0 0.2 0 TOUCH_DOWN a
1401560322618 6 4098 55.0 970.451 0.20000002 3.0 3.0 3.0 3.0 0.0 0.216 2 TOUCH_MOVE a
1401560322651 6 4098 56.337154 970.451 0.20000002 3.0 3.0 3.0 3.0 0.0 0.22800002 2 TOUCH_MOVE a
1401560322668 6 4098 57.804188 971.2552 0.20000002 3.0 3.0 3.0 3.0 0.0 0.22800002 2 TOUCH_MOVE a
1401560322685 6 4098 58.5 972.451 0.20000002 3.0 3.0 3.0 3.0 0.0 0.20400001 2 TOUCH_MOVE a
1401560322696 6 4098 58.5 972.451 0.20000002 3.0 3.0 3.0 3.0 0.0 0.172 2 TOUCH_MOVE a
1401560322702 6 4098 58.5 972.451 0.20000002 3.0 3.0 3.0 3.0 0.0 0.172 1 TOUCH_UP a
1401560323030 6 4098 266.5 1237.9509 0.20000002 4.0 4.0 4.0 4.0 0.0 0.208 0 TOUCH_DOWN Space
1401560323053 6 4098 266.5 1236.9949 0.20000002 4.0 4.0 4.0 4.0 0.0 0.216 2 TOUCH_MOVE Space
1401560323068 6 4098 266.5 1234.684 0.26666668 5.0 5.0 5.0 5.0 0.0 0.23600002 2 TOUCH_MOVE Space
1401560323086 6 4098 266.5 1232.6772 0.26666668 5.0 5.0 5.0 5.0 0.0 0.23600002 2 TOUCH_MOVE Space
1401560323103 6 4098 266.5 1231.6066 0.26666668 5.0 5.0 5.0 5.0 0.0 0.23200001 2 TOUCH_MOVE Space
1401560323121 6 4098 266.5 1231.2009 0.26666668 5.0 5.0 5.0 5.0 0.0 0.23200001 2 TOUCH_MOVE Space
1401560323155 6 4098 266.5 1231.2009 0.26666668 5.0 5.0 5.0 5.0 0.0 0.23200001 1 TOUCH_UP Space
1401560323672 6 4098 268.5 845.451 0.3 5.0 5.0 5.0 5.0 0.0 0.2 0 TOUCH_DOWN r
1401560323696 6 4098 268.5 845.451 0.3 5.0 5.0 5.0 5.0 0.0 0.21200001 2 TOUCH_MOVE r
1401560323719 6 4098 267.8857 845.451 0.26666668 4.0 4.0 4.0 4.0 0.0 0.192 2 TOUCH_MOVE r
1401560323730 6 4098 267.8857 845.451 0.26666668 4.0 4.0 4.0 4.0 0.0 0.192 1 TOUCH_UP r
1401560323973 6 4098 504.0 806.451 0.26666668 5.0 5.0 5.0 5.0 0.0 0.224 0 TOUCH_DOWN i
1401560323986 6 4098 503.55048 806.9005 0.26666668 5.0 5.0 5.0 5.0 0.0 0.23600002 2 TOUCH_MOVE i
1401560324003 6 4098 502.63477 807.8162 0.3 5.0 5.0 5.0 5.0 0.0 0.23600002 2 TOUCH_MOVE i
1401560324020 6 4098 502.0 808.7816 0.26666668 5.0 5.0 5.0 5.0 0.0 0.22800002 2 TOUCH_MOVE i
1401560324036 6 4098 502.0 809.73724 0.26666668 4.0 4.0 4.0 4.0 0.0 0.19600001 2 TOUCH_MOVE i
1401560324046 6 4098 502.0 809.951 0.20000002 3.0 3.0 3.0 3.0 0.0 0.104 2 TOUCH_MOVE i
1401560324053 6 4098 502.0 809.951 0.20000002 3.0 3.0 3.0 3.0 0.0 0.104 1 TOUCH_UP i
1401560324355 6 4098 522.5 1071.4509 0.20000002 3.0 3.0 3.0 3.0 0.0 0.2 0 TOUCH_DOWN n
1401560324362 6 4098 522.5 1071.4509 0.23333335 4.0 4.0 4.0 4.0 0.0 0.208 2 TOUCH_MOVE n
1401560324386 6 4098 520.96375 1071.4509 0.23333335 4.0 4.0 4.0 4.0 0.0 0.2 2 TOUCH_MOVE n
1401560324405 6 4098 520.5 1071.4509 0.23333335 4.0 4.0 4.0 4.0 0.0 0.192 2 TOUCH_MOVE n
1401560324410 6 4098 520.5 1071.4509 0.13333334 2.0 2.0 2.0 2.0 0.0 0.136 2 TOUCH_MOVE n
1401560324414 6 4098 520.5 1071.4509 0.13333334 2.0 2.0 2.0 2.0 0.0 0.136 1 TOUCH_UP n
1401560324697 6 4098 366.5 986.451 0.26666668 4.0 4.0 4.0 4.0 0.0 0.22000001 0 TOUCH_DOWN g
1401560324710 6 4098 366.5 986.451 0.26666668 4.0 4.0 4.0 4.0 0.0 0.22800002 2 TOUCH_MOVE g
1401560324766 6 4098 366.5 986.451 0.26666668 4.0 4.0 4.0 4.0 0.0 0.22800002 1 TOUCH_UP g
1401560325079 6 4098 277.0 1236.9509 0.23333335 5.0 5.0 5.0 5.0 0.0 0.208 0 TOUCH_DOWN Space
1401560325087 6 4098 277.0 1236.9509 0.23333335 5.0 5.0 5.0 5.0 0.0 0.21200001 2 TOUCH_MOVE Space
1401560325120 6 4098 277.0 1234.1366 0.26666668 5.0 5.0 5.0 5.0 0.0 0.22800002 2 TOUCH_MOVE Space
1401560325138 6 4098 277.0 1233.0747 0.26666668 5.0 5.0 5.0 5.0 0.0 0.23200001 2 TOUCH_MOVE Space
1401560325156 6 4098 277.0 1232.2009 0.26666668 5.0 5.0 5.0 5.0 0.0 0.224 2 TOUCH_MOVE Space
1401560325187 6 4098 277.0 1232.4509 0.20000002 5.0 5.0 5.0 5.0 0.0 0.18 2 TOUCH_MOVE Space
1401560325193 6 4098 277.0 1232.4509 0.20000002 5.0 5.0 5.0 5.0 0.0 0.18 1 TOUCH_UP Space
1401560325676 6 4098 690.0 1092.4509 0.20000002 3.0 3.0 3.0 3.0 0.0 0.19600001 0 TOUCH_DOWN Back
1401560325687 6 4098 690.0 1092.4509 0.23333335 4.0 4.0 4.0 4.0 0.0 0.208 2 TOUCH_MOVE Back
1401560325723 6 4098 688.322 1092.9509 0.23333335 4.0 4.0 4.0 4.0 0.0 0.20400001 2 TOUCH_MOVE Back
1401560325738 6 4098 686.9471 1092.9509 0.23333335 4.0 4.0 4.0 4.0 0.0 0.208 2 TOUCH_MOVE Back
1401560325755 6 4098 686.25 1092.9509 0.23333335 4.0 4.0 4.0 4.0 0.0 0.20400001 2 TOUCH_MOVE Back
1401560325771 6 4098 686.0 1092.4509 0.16666667 3.0 3.0 3.0 3.0 0.0 0.17600001 2 TOUCH_MOVE Back
1401560325778 6 4098 686.0 1092.4509 0.16666667 3.0 3.0 3.0 3.0 0.0 0.104 2 TOUCH_MOVE Back
1401560325782 6 4098 686.0 1092.4509 0.16666667 3.0 3.0 3.0 3.0 0.0 0.104 1 TOUCH_UP Back
1401560325875 6 4098 686.5 1087.4509 0.20000002 4.0 4.0 4.0 4.0 0.0 0.192 0 TOUCH_DOWN Back
1401560325889 6 4098 686.5 1087.4509 0.23333335 4.0 4.0 4.0 4.0 0.0 0.2 2 TOUCH_MOVE Back
1401560325909 6 4098 685.82196 1088.1289 0.23333335 4.0 4.0 4.0 4.0 0.0 0.19600001 2 TOUCH_MOVE Back
1401560325921 6 4098 684.8336 1088.4509 0.20000002 4.0 4.0 4.0 4.0 0.0 0.192 2 TOUCH_MOVE Back
1401560325936 6 4098 684.8336 1088.4509 0.20000002 4.0 4.0 4.0 4.0 0.0 0.192 1 TOUCH_UP Back
1401560326036 6 4098 683.0 1084.9509 0.20000002 4.0 4.0 4.0 4.0 0.0 0.2 0 TOUCH_DOWN Back
1401560326071 6 4098 682.1862 1085.4509 0.20000002 4.0 4.0 4.0 4.0 0.0 0.208 2 TOUCH_MOVE Back
1401560326089 6 4098 681.6098 1085.8412 0.20000002 4.0 4.0 4.0 4.0 0.0 0.208 2 TOUCH_MOVE Back
1401560326105 6 4098 681.27124 1086.1797 0.20000002 4.0 4.0 4.0 4.0 0.0 0.20400001 2 TOUCH_MOVE Back
1401560326133 6 4098 681.27124 1086.1797 0.20000002 4.0 4.0 4.0 4.0 0.0 0.20400001 1 TOUCH_UP Back
1401560326324 6 4098 680.0 1084.4509 0.20000002 4.0 4.0 4.0 4.0 0.0 0.192 0 TOUCH_DOWN Back
1401560326338 6 4098 679.63196 1084.4509 0.20000002 4.0 4.0 4.0 4.0 0.0 0.19600001 2 TOUCH_MOVE Back
1401560326365 6 4098 678.8916 1084.4509 0.20000002 4.0 4.0 4.0 4.0 0.0 0.192 2 TOUCH_MOVE Back
1401560326370 6 4098 678.5 1084.4509 0.20000002 4.0 4.0 4.0 4.0 0.0 0.17600001 2 TOUCH_MOVE Back
1401560326373 6 4098 678.5 1084.4509 0.20000002 4.0 4.0 4.0 4.0 0.0 0.17600001 1 TOUCH_UP Back
1401560327004 6 4098 488.5 812.951 0.26666668 4.0 4.0 4.0 4.0 0.0 0.216 0 TOUCH_DOWN u
1401560327024 6 4098 488.73297 813.68396 0.3 5.0 5.0 5.0 5.0 0.0 0.23600002 2 TOUCH_MOVE u
1401560327039 6 4098 489.6758 814.62683 0.3 5.0 5.0 5.0 5.0 0.0 0.24000001 2 TOUCH_MOVE u
1401560327069 6 4098 490.6619 816.1129 0.3 5.0 5.0 5.0 5.0 0.0 0.23600002 2 TOUCH_MOVE u
1401560327077 6 4098 491.5 817.451 0.3 5.0 5.0 5.0 5.0 0.0 0.18400002 2 TOUCH_MOVE u
1401560327082 6 4098 491.5 817.451 0.3 5.0 5.0 5.0 5.0 0.0 0.18400002 1 TOUCH_UP u
1401560327340 6 4098 517.0 1061.4509 0.26666668 4.0 4.0 4.0 4.0 0.0 0.20400001 0 TOUCH_DOWN n
1401560327364 6 4098 516.6694 1061.4509 0.26666668 4.0 4.0 4.0 4.0 0.0 0.216 2 TOUCH_MOVE n
1401560327382 6 4098 515.56976 1061.4509 0.26666668 4.0 4.0 4.0 4.0 0.0 0.216 2 TOUCH_MOVE n
1401560327389 6 4098 514.593 1061.4509 0.26666668 4.0 4.0 4.0 4.0 0.0 0.216 2 TOUCH_MOVE n
1401560327406 6 4098 514.5 1061.9509 0.26666668 4.0 4.0 4.0 4.0 0.0 0.18800001 2 TOUCH_MOVE n
1401560327416 6 4098 514.5 1061.9509 0.16666667 3.0 3.0 3.0 3.0 0.0 0.120000005 2 TOUCH_MOVE n
1401560327420 6 4098 514.5 1061.9509 0.16666667 3.0 3.0 3.0 3.0 0.0 0.120000005 1 TOUCH_UP n
1401560327687 6 4098 357.0 960.951 0.26666668 4.0 4.0 4.0 4.0 0.0 0.24000001 0 TOUCH_DOWN g
1401560327693 6 4098 356.62625 960.951 0.3 5.0 5.0 5.0 5.0 0.0 0.256 2 TOUCH_MOVE g
1401560327722 6 4098 355.26892 960.951 0.33333334 5.0 5.0 5.0 5.0 0.0 0.268 2 TOUCH_MOVE g
1401560327739 6 4098 353.343 960.951 0.26666668 4.0 4.0 4.0 4.0 0.0 0.24000001 2 TOUCH_MOVE g
1401560327757 6 4098 353.0 961.451 0.13333334 2.0 2.0 2.0 2.0 0.0 0.104 2 TOUCH_MOVE g
1401560327767 6 4098 353.0 961.451 0.13333334 2.0 2.0 2.0 2.0 0.0 0.104 1 TOUCH_UP g
1401560328055 6 4098 259.0 1231.9509 0.26666668 5.0 5.0 5.0 5.0 0.0 0.216 0 TOUCH_DOWN Space
1401560328081 6 4098 259.0 1231.6438 0.26666668 5.0 5.0 5.0 5.0 0.0 0.22800002 2 TOUCH_MOVE Space
1401560328090 6 4098 259.0 1231.0618 0.26666668 5.0 5.0 5.0 5.0 0.0 0.24400002 2 TOUCH_MOVE Space
1401560328107 6 4098 259.5 1230.105 0.26666668 5.0 5.0 5.0 5.0 0.0 0.24400002 2 TOUCH_MOVE Space
1401560328123 6 4098 259.8139 1229.4509 0.26666668 5.0 5.0 5.0 5.0 0.0 0.24400002 2 TOUCH_MOVE Space
1401560328142 6 4098 260.25 1229.4509 0.26666668 5.0 5.0 5.0 5.0 0.0 0.24400002 2 TOUCH_MOVE Space
1401560328168 6 4098 260.0 1229.4509 0.16666667 4.0 4.0 4.0 4.0 0.0 0.172 2 TOUCH_MOVE Space
1401560328172 6 4098 260.0 1229.4509 0.16666667 4.0 4.0 4.0 4.0 0.0 0.172 1 TOUCH_UP Space
1401560328665 6 4098 279.0 1083.4509 0.23333335 5.0 5.0 5.0 5.0 0.0 0.208 0 TOUCH_DOWN c
1401560328672 6 4098 279.0 1083.4509 0.26666668 4.0 4.0 4.0 4.0 0.0 0.23600002 2 TOUCH_MOVE c
1401560328697 6 4098 279.0 1082.382 0.3 5.0 5.0 5.0 5.0 0.0 0.264 2 TOUCH_MOVE c
1401560328709 6 4098 279.0 1081.7009 0.3 5.0 5.0 5.0 5.0 0.0 0.264 2 TOUCH_MOVE c
1401560328726 6 4098 277.50296 1080.9524 0.3 5.0 5.0 5.0 5.0 0.0 0.24400002 2 TOUCH_MOVE c
1401560328739 6 4098 274.5 1079.9509 0.20000002 4.0 4.0 4.0 4.0 0.0 0.17600001 2 TOUCH_MOVE c
1401560328744 6 4098 274.5 1079.9509 0.20000002 4.0 4.0 4.0 4.0 0.0 0.17600001 1 TOUCH_UP c
1401560328935 6 4098 38.5 965.951 0.16666667 3.0 3.0 3.0 3.0 0.0 0.18400002 0 TOUCH_DOWN a
1401560328941 6 4098 38.5 965.951 0.16666667 3.0 3.0 3.0 3.0 0.0 0.18800001 2 TOUCH_MOVE a
1401560328991 6 4098 39.5 964.5364 0.20000002 3.0 3.0 3.0 3.0 0.0 0.2 2 TOUCH_MOVE a
1401560329010 6 4098 40.0 963.6522 0.20000002 3.0 3.0 3.0 3.0 0.0 0.2 2 TOUCH_MOVE a
1401560329024 6 4098 40.0 963.201 0.20000002 3.0 3.0 3.0 3.0 0.0 0.192 2 TOUCH_MOVE a
1401560329036 6 4098 40.0 963.201 0.20000002 3.0 3.0 3.0 3.0 0.0 0.192 1 TOUCH_UP a
1401560329329 6 4098 401.5 834.951 0.26666668 4.0 4.0 4.0 4.0 0.0 0.23200001 0 TOUCH_DOWN y
1401560329341 6 4098 401.5 834.951 0.33333334 5.0 5.0 5.0 5.0 0.0 0.24000001 2 TOUCH_MOVE y
1401560329358 6 4098 402.0293 834.4217 0.33333334 5.0 5.0 5.0 5.0 0.0 0.256 2 TOUCH_MOVE y
1401560329374 6 4098 403.98816 832.4628 0.33333334 5.0 5.0 5.0 5.0 0.0 0.252 2 TOUCH_MOVE y
1401560329391 6 4098 406.5807 830.3972 0.3 5.0 5.0 5.0 5.0 0.0 0.23200001 2 TOUCH_MOVE y
1401560329411 6 4098 408.3474 829.1036 0.23333335 5.0 5.0 5.0 5.0 0.0 0.19600001 2 TOUCH_MOVE y
1401560329416 6 4098 408.5 828.951 0.23333335 5.0 5.0 5.0 5.0 0.0 0.148 2 TOUCH_MOVE y
1401560329420 6 4098 408.5 828.951 0.23333335 5.0 5.0 5.0 5.0 0.0 0.148 1 TOUCH_UP y
