1400680054642 6 4098 83.0 848.451 0.13333334 2.0 2.0 2.0 2.0 0.0 0.148 0 TOUCH_DOWN W
1400680054648 6 4098 83.0 848.451 0.16666667 3.0 3.0 3.0 3.0 0.0 0.148 2 TOUCH_MOVE W
1400680054671 6 4098 84.018524 848.451 0.16666667 3.0 3.0 3.0 3.0 0.0 0.15200001 2 TOUCH_MOVE W
1400680054688 6 4098 85.62252 848.451 0.16666667 3.0 3.0 3.0 3.0 0.0 0.136 2 TOUCH_MOVE W
1400680054706 6 4098 86.53035 848.451 0.16666667 3.0 3.0 3.0 3.0 0.0 0.120000005 2 TOUCH_MOVE W
1400680054713 6 4098 86.53035 848.451 0.16666667 3.0 3.0 3.0 3.0 0.0 0.120000005 1 TOUCH_UP W
1400680055609 6 4098 188.0 851.451 0.13333334 2.0 2.0 2.0 2.0 0.0 0.17600001 0 TOUCH_DOWN e
1400680055655 6 4098 187.64716 850.59814 0.13333334 2.0 2.0 2.0 2.0 0.0 0.18 2 TOUCH_MOVE e
1400680055673 6 4098 186.62158 849.5726 0.16666667 3.0 3.0 3.0 3.0 0.0 0.17600001 2 TOUCH_MOVE e
1400680055689 6 4098 185.91544 848.8664 0.16666667 3.0 3.0 3.0 3.0 0.0 0.148 2 TOUCH_MOVE e
1400680055696 6 4098 185.91544 848.8664 0.16666667 3.0 3.0 3.0 3.0 0.0 0.148 1 TOUCH_UP e
1400680055882 6 4098 309.0 1222.4509 0.23333335 4.0 4.0 4.0 4.0 0.0 0.216 0 TOUCH_DOWN Space
1400680055889 6 4098 309.0 1222.4509 0.23333335 4.0 4.0 4.0 4.0 0.0 0.22800002 2 TOUCH_MOVE Space
1400680055922 6 4098 308.18344 1222.4509 0.23333335 4.0 4.0 4.0 4.0 0.0 0.23600002 2 TOUCH_MOVE Space
1400680055939 6 4098 306.5 1222.4509 0.23333335 4.0 4.0 4.0 4.0 0.0 0.22800002 2 TOUCH_MOVE Space
1400680055959 6 4098 307.0 1223.0721 0.23333335 4.0 4.0 4.0 4.0 0.0 0.224 2 TOUCH_MOVE Space
1400680055973 6 4098 307.0 1222.9509 0.20000002 3.0 3.0 3.0 3.0 0.0 0.2 2 TOUCH_MOVE Space
1400680055990 6 4098 307.0 1222.9509 0.16666667 3.0 3.0 3.0 3.0 0.0 0.132 2 TOUCH_MOVE Space
1400680055996 6 4098 307.0 1222.9509 0.16666667 3.0 3.0 3.0 3.0 0.0 0.132 1 TOUCH_UP Space
1400680056059 6 4098 54.0 972.951 0.16666667 3.0 3.0 3.0 3.0 0.0 0.17600001 0 TOUCH_DOWN a
1400680056073 6 4098 54.0 972.951 0.16666667 3.0 3.0 3.0 3.0 0.0 0.18 2 TOUCH_MOVE a
1400680056158 6 4098 55.68676 971.5609 0.16666667 3.0 3.0 3.0 3.0 0.0 0.18 2 TOUCH_MOVE a
1400680056166 6 4098 56.5 970.951 0.16666667 3.0 3.0 3.0 3.0 0.0 0.17600001 2 TOUCH_MOVE a
1400680056171 6 4098 56.5 970.951 0.16666667 3.0 3.0 3.0 3.0 0.0 0.17600001 1 TOUCH_UP a
1400680056354 6 4098 250.0 861.451 0.13333334 2.0 2.0 2.0 2.0 0.0 0.18 0 TOUCH_DOWN r
1400680056423 6 4098 247.95985 860.743 0.13333334 2.0 2.0 2.0 2.0 0.0 0.18400002 2 TOUCH_MOVE r
1400680056444 6 4098 242.5 859.951 0.16666667 3.0 3.0 3.0 3.0 0.0 0.156 2 TOUCH_MOVE r
1400680056449 6 4098 242.5 859.951 0.16666667 3.0 3.0 3.0 3.0 0.0 0.156 1 TOUCH_UP r
1400680056556 6 4098 156.0 859.951 0.23333335 5.0 5.0 5.0 5.0 0.0 0.18 0 TOUCH_DOWN e
1400680056577 6 4098 156.0 859.951 0.23333335 5.0 5.0 5.0 5.0 0.0 0.18400002 2 TOUCH_MOVE e
1400680056629 6 4098 156.0 859.951 0.23333335 5.0 5.0 5.0 5.0 0.0 0.18400002 1 TOUCH_UP e
1400680056860 6 4098 319.5 1209.9509 0.23333335 4.0 4.0 4.0 4.0 0.0 0.22000001 0 TOUCH_DOWN Space
1400680056884 6 4098 319.29935 1210.6516 0.26666668 5.0 5.0 5.0 5.0 0.0 0.23200001 2 TOUCH_MOVE Space
1400680056891 6 4098 318.4026 1211.0483 0.26666668 5.0 5.0 5.0 5.0 0.0 0.24400002 2 TOUCH_MOVE Space
1400680056907 6 4098 317.36844 1211.4509 0.26666668 5.0 5.0 5.0 5.0 0.0 0.24000001 2 TOUCH_MOVE Space
1400680056925 6 4098 317.5 1211.9968 0.26666668 5.0 5.0 5.0 5.0 0.0 0.23600002 2 TOUCH_MOVE Space
1400680056972 6 4098 317.5 1211.9968 0.26666668 5.0 5.0 5.0 5.0 0.0 0.23600002 1 TOUCH_UP Space
1400680057080 6 4098 302.0 857.451 0.13333334 2.0 2.0 2.0 2.0 0.0 0.18400002 0 TOUCH_DOWN t
1400680057172 6 4098 302.0 857.451 0.13333334 2.0 2.0 2.0 2.0 0.0 0.18400002 1 TOUCH_UP t
1400680057264 6 4098 447.0 984.451 0.26666668 5.0 5.0 5.0 5.0 0.0 0.2 0 TOUCH_DOWN h
1400680057274 6 4098 447.0 984.451 0.26666668 5.0 5.0 5.0 5.0 0.0 0.20400001 2 TOUCH_MOVE h
1400680057291 6 4098 446.22327 984.451 0.26666668 5.0 5.0 5.0 5.0 0.0 0.21200001 2 TOUCH_MOVE h
1400680057308 6 4098 445.76126 985.1897 0.3 5.0 5.0 5.0 5.0 0.0 0.21200001 2 TOUCH_MOVE h
1400680057325 6 4098 444.48428 985.6229 0.3 5.0 5.0 5.0 5.0 0.0 0.2 2 TOUCH_MOVE h
1400680057340 6 4098 443.5 985.951 0.26666668 4.0 4.0 4.0 4.0 0.0 0.18 2 TOUCH_MOVE h
1400680057344 6 4098 443.5 985.951 0.26666668 4.0 4.0 4.0 4.0 0.0 0.18 1 TOUCH_UP h
1400680057492 6 4098 154.5 825.451 0.33333334 5.0 5.0 5.0 5.0 0.0 0.18800001 0 TOUCH_DOWN e
1400680057498 6 4098 154.66179 825.6128 0.33333334 5.0 5.0 5.0 5.0 0.0 0.18400002 2 TOUCH_MOVE e
1400680057514 6 4098 155.50359 826.20276 0.33333334 5.0 5.0 5.0 5.0 0.0 0.192 2 TOUCH_MOVE e
1400680057524 6 4098 158.75635 827.2031 0.33333334 5.0 5.0 5.0 5.0 0.0 0.18800001 2 TOUCH_MOVE e
1400680057543 6 4098 161.42038 828.1612 0.33333334 5.0 5.0 5.0 5.0 0.0 0.18800001 2 TOUCH_MOVE e
1400680057559 6 4098 162.68343 829.1344 0.26666668 4.0 4.0 4.0 4.0 0.0 0.14 2 TOUCH_MOVE e
1400680057565 6 4098 162.68343 829.1344 0.26666668 4.0 4.0 4.0 4.0 0.0 0.14 1 TOUCH_UP e
1400680057864 6 4098 324.5 1220.9509 0.23333335 4.0 4.0 4.0 4.0 0.0 0.216 0 TOUCH_DOWN Space
1400680057926 6 4098 324.5 1220.9509 0.26666668 5.0 5.0 5.0 5.0 0.0 0.23200001 2 TOUCH_MOVE Space
1400680057958 6 4098 324.5 1221.6061 0.26666668 5.0 5.0 5.0 5.0 0.0 0.224 2 TOUCH_MOVE Space
1400680057980 6 4098 324.5 1221.6061 0.26666668 5.0 5.0 5.0 5.0 0.0 0.224 1 TOUCH_UP Space
1400680058259 6 4098 104.0 854.951 0.23333335 5.0 5.0 5.0 5.0 0.0 0.17600001 0 TOUCH_DOWN w
1400680058264 6 4098 104.0 854.951 0.23333335 5.0 5.0 5.0 5.0 0.0 0.18 2 TOUCH_MOVE w
1400680058344 6 4098 104.0 854.951 0.23333335 5.0 5.0 5.0 5.0 0.0 0.18 1 TOUCH_UP w
1400680058563 6 4098 629.0 862.951 0.16666667 3.0 3.0 3.0 3.0 0.0 0.18 0 TOUCH_DOWN o
1400680058575 6 4098 628.54724 862.951 0.20000002 4.0 4.0 4.0 4.0 0.0 0.18400002 2 TOUCH_MOVE o
1400680058593 6 4098 626.7192 862.451 0.20000002 4.0 4.0 4.0 4.0 0.0 0.192 2 TOUCH_MOVE o
1400680058608 6 4098 625.29156 862.451 0.20000002 4.0 4.0 4.0 4.0 0.0 0.192 2 TOUCH_MOVE o
1400680058625 6 4098 624.1963 862.451 0.20000002 4.0 4.0 4.0 4.0 0.0 0.18800001 2 TOUCH_MOVE o
1400680058638 6 4098 624.0 862.451 0.20000002 4.0 4.0 4.0 4.0 0.0 0.17600001 2 TOUCH_MOVE o
1400680058643 6 4098 624.0 862.451 0.20000002 4.0 4.0 4.0 4.0 0.0 0.17600001 1 TOUCH_UP o
1400680058844 6 4098 262.5 852.451 0.20000002 4.0 4.0 4.0 4.0 0.0 0.18400002 0 TOUCH_DOWN r
1400680058892 6 4098 262.5 852.451 0.20000002 4.0 4.0 4.0 4.0 0.0 0.164 2 TOUCH_MOVE r
1400680058899 6 4098 262.5 852.451 0.20000002 4.0 4.0 4.0 4.0 0.0 0.164 1 TOUCH_UP r
1400680059142 6 4098 668.0 979.951 0.26666668 5.0 5.0 5.0 5.0 0.0 0.16800001 0 TOUCH_DOWN l
1400680059146 6 4098 668.0 979.951 0.26666668 5.0 5.0 5.0 5.0 0.0 0.172 2 TOUCH_MOVE l
1400680059213 6 4098 668.0 979.951 0.26666668 5.0 5.0 5.0 5.0 0.0 0.172 1 TOUCH_UP l
1400680059864 6 4098 213.5 979.451 0.23333335 5.0 5.0 5.0 5.0 0.0 0.16000001 0 TOUCH_DOWN d
1400680059889 6 4098 213.25642 979.451 0.23333335 5.0 5.0 5.0 5.0 0.0 0.17600001 2 TOUCH_MOVE d
1400680059909 6 4098 212.02985 979.451 0.23333335 5.0 5.0 5.0 5.0 0.0 0.172 2 TOUCH_MOVE d
1400680059927 6 4098 212.0 979.451 0.20000002 4.0 4.0 4.0 4.0 0.0 0.116000004 2 TOUCH_MOVE d
1400680059932 6 4098 212.0 979.451 0.20000002 4.0 4.0 4.0 4.0 0.0 0.116000004 1 TOUCH_UP d
1400680060729 6 4098 399.5 1248.4509 0.16666667 4.0 4.0 4.0 4.0 0.0 0.18400002 0 TOUCH_DOWN ,
1400680060745 6 4098 399.5 1248.4509 0.16666667 4.0 4.0 4.0 4.0 0.0 0.18800001 2 TOUCH_MOVE ,
1400680060795 6 4098 399.5 1248.4509 0.16666667 4.0 4.0 4.0 4.0 0.0 0.18800001 1 TOUCH_UP ,
1400680061013 6 4098 298.5 1257.5 0.13333334 3.0 3.0 3.0 3.0 0.0 0.18 0 TOUCH_DOWN Space
1400680061054 6 4098 298.0 1257.5 0.10000001 2.0 2.0 2.0 2.0 0.0 0.120000005 2 TOUCH_MOVE Space
1400680061059 6 4098 298.0 1257.5 0.10000001 2.0 2.0 2.0 2.0 0.0 0.120000005 1 TOUCH_UP Space
1400680061444 6 4098 118.0 862.451 0.20000002 4.0 4.0 4.0 4.0 0.0 0.17600001 0 TOUCH_DOWN w
1400680061448 6 4098 117.98758 862.451 0.20000002 4.0 4.0 4.0 4.0 0.0 0.18 2 TOUCH_MOVE w
1400680061468 6 4098 116.96614 862.451 0.20000002 4.0 4.0 4.0 4.0 0.0 0.18 2 TOUCH_MOVE w
1400680061478 6 4098 116.078606 862.451 0.20000002 4.0 4.0 4.0 4.0 0.0 0.18400002 2 TOUCH_MOVE w
1400680061494 6 4098 115.04492 862.451 0.20000002 4.0 4.0 4.0 4.0 0.0 0.18400002 2 TOUCH_MOVE w
1400680061511 6 4098 114.25 862.451 0.23333335 4.0 4.0 4.0 4.0 0.0 0.17600001 2 TOUCH_MOVE w
1400680061538 6 4098 114.25 862.451 0.23333335 4.0 4.0 4.0 4.0 0.0 0.17600001 1 TOUCH_UP w
1400680061650 6 4098 205.5 866.951 0.23333335 4.0 4.0 4.0 4.0 0.0 0.18 0 TOUCH_DOWN e
1400680061661 6 4098 205.5 866.951 0.23333335 4.0 4.0 4.0 4.0 0.0 0.18400002 2 TOUCH_MOVE e
1400680061711 6 4098 204.92276 866.951 0.20000002 3.0 3.0 3.0 3.0 0.0 0.18 2 TOUCH_MOVE e
1400680061731 6 4098 204.92276 866.951 0.20000002 3.0 3.0 3.0 3.0 0.0 0.18 1 TOUCH_UP e
1400680062092 6 4098 314.0 1228.9509 0.23333335 4.0 4.0 4.0 4.0 0.0 0.20400001 0 TOUCH_DOWN Space
1400680062095 6 4098 314.0 1228.9509 0.23333335 4.0 4.0 4.0 4.0 0.0 0.216 2 TOUCH_MOVE Space
1400680062194 6 4098 314.0 1228.9509 0.23333335 4.0 4.0 4.0 4.0 0.0 0.216 1 TOUCH_UP Space
1400680062362 6 4098 49.0 964.951 0.16666667 3.0 3.0 3.0 3.0 0.0 0.17600001 0 TOUCH_DOWN a
1400680062366 6 4098 49.0 964.951 0.16666667 3.0 3.0 3.0 3.0 0.0 0.18 2 TOUCH_MOVE a
1400680062412 6 4098 51.76494 964.951 0.16666667 3.0 3.0 3.0 3.0 0.0 0.18 2 TOUCH_MOVE a
1400680062428 6 4098 55.957283 964.951 0.16666667 3.0 3.0 3.0 3.0 0.0 0.18 2 TOUCH_MOVE a
1400680062445 6 4098 58.0 964.951 0.13333334 2.0 2.0 2.0 2.0 0.0 0.108 2 TOUCH_MOVE a
1400680062449 6 4098 58.0 964.951 0.13333334 2.0 2.0 2.0 2.0 0.0 0.108 1 TOUCH_UP a
1400680062638 6 4098 243.0 856.451 0.13333334 2.0 2.0 2.0 2.0 0.0 0.17600001 0 TOUCH_DOWN r
1400680062724 6 4098 242.0 856.951 0.16666667 3.0 3.0 3.0 3.0 0.0 0.164 2 TOUCH_MOVE r
1400680062729 6 4098 242.0 856.951 0.16666667 3.0 3.0 3.0 3.0 0.0 0.164 1 TOUCH_UP r
1400680062836 6 4098 160.5 860.451 0.23333335 5.0 5.0 5.0 5.0 0.0 0.18 0 TOUCH_DOWN e
1400680062846 6 4098 160.5 860.451 0.23333335 5.0 5.0 5.0 5.0 0.0 0.17600001 2 TOUCH_MOVE e
1400680062920 6 4098 160.5 860.451 0.23333335 5.0 5.0 5.0 5.0 0.0 0.17600001 1 TOUCH_UP e
1400680063141 6 4098 324.5 1205.4509 0.26666668 5.0 5.0 5.0 5.0 0.0 0.22000001 0 TOUCH_DOWN Space
1400680063146 6 4098 324.5 1205.4509 0.26666668 5.0 5.0 5.0 5.0 0.0 0.224 2 TOUCH_MOVE Space
1400680063166 6 4098 324.23114 1206.2198 0.26666668 5.0 5.0 5.0 5.0 0.0 0.23600002 2 TOUCH_MOVE Space
1400680063179 6 4098 324.0 1207.1794 0.26666668 5.0 5.0 5.0 5.0 0.0 0.23600002 2 TOUCH_MOVE Space
1400680063196 6 4098 324.0 1208.1205 0.26666668 5.0 5.0 5.0 5.0 0.0 0.23600002 2 TOUCH_MOVE Space
1400680063212 6 4098 324.0 1208.9838 0.26666668 5.0 5.0 5.0 5.0 0.0 0.24400002 2 TOUCH_MOVE Space
1400680063231 6 4098 324.0 1209.7009 0.26666668 5.0 5.0 5.0 5.0 0.0 0.22800002 2 TOUCH_MOVE Space
1400680063251 6 4098 324.0 1209.7009 0.26666668 5.0 5.0 5.0 5.0 0.0 0.22800002 1 TOUCH_UP Space
1400680063449 6 4098 313.0 853.951 0.20000002 4.0 4.0 4.0 4.0 0.0 0.18400002 0 TOUCH_DOWN t
1400680063470 6 4098 313.0 853.951 0.20000002 4.0 4.0 4.0 4.0 0.0 0.18800001 2 TOUCH_MOVE t
1400680063482 6 4098 313.5304 853.951 0.20000002 4.0 4.0 4.0 4.0 0.0 0.192 2 TOUCH_MOVE t
1400680063540 6 4098 313.5304 853.951 0.20000002 4.0 4.0 4.0 4.0 0.0 0.192 1 TOUCH_UP t
1400680063607 6 4098 445.0 984.451 0.26666668 5.0 5.0 5.0 5.0 0.0 0.2 0 TOUCH_DOWN h
1400680063700 6 4098 445.0 984.451 0.26666668 5.0 5.0 5.0 5.0 0.0 0.2 1 TOUCH_UP h
1400680063798 6 4098 182.0 850.951 0.13333334 2.0 2.0 2.0 2.0 0.0 0.164 0 TOUCH_DOWN e
1400680063813 6 4098 182.0 850.951 0.16666667 3.0 3.0 3.0 3.0 0.0 0.164 2 TOUCH_MOVE e
1400680063870 6 4098 182.0 850.951 0.16666667 3.0 3.0 3.0 3.0 0.0 0.164 1 TOUCH_UP e
1400680064066 6 4098 320.5 1220.9509 0.23333335 4.0 4.0 4.0 4.0 0.0 0.208 0 TOUCH_DOWN Space
1400680064099 6 4098 320.5 1221.6222 0.23333335 4.0 4.0 4.0 4.0 0.0 0.224 2 TOUCH_MOVE Space
1400680064115 6 4098 320.5 1222.6179 0.23333335 4.0 4.0 4.0 4.0 0.0 0.22800002 2 TOUCH_MOVE Space
1400680064138 6 4098 320.5 1223.612 0.23333335 4.0 4.0 4.0 4.0 0.0 0.224 2 TOUCH_MOVE Space
1400680064147 6 4098 320.5 1224.5979 0.23333335 4.0 4.0 4.0 4.0 0.0 0.208 2 TOUCH_MOVE Space
1400680064163 6 4098 320.5 1225.2009 0.23333335 4.0 4.0 4.0 4.0 0.0 0.19600001 2 TOUCH_MOVE Space
1400680064173 6 4098 320.5 1225.2009 0.23333335 4.0 4.0 4.0 4.0 0.0 0.19600001 1 TOUCH_UP Space
1400680064423 6 4098 272.5 1139.9509 0.26666668 5.0 5.0 5.0 5.0 0.0 0.22800002 0 TOUCH_DOWN c
1400680064430 6 4098 272.5 1139.9509 0.26666668 5.0 5.0 5.0 5.0 0.0 0.23200001 2 TOUCH_MOVE c
1400680064484 6 4098 278.0 1136.4509 0.23333335 4.0 4.0 4.0 4.0 0.0 0.208 2 TOUCH_MOVE c
1400680064489 6 4098 276.5 1137.4509 0.20000002 4.0 4.0 4.0 4.0 0.0 0.18 2 TOUCH_MOVE c
1400680064494 6 4098 276.5 1137.4509 0.20000002 4.0 4.0 4.0 4.0 0.0 0.18 1 TOUCH_UP c
1400680064656 6 4098 429.5 1006.951 0.26666668 4.0 4.0 4.0 4.0 0.0 0.20400001 0 TOUCH_DOWN h
1400680064721 6 4098 429.83722 1006.1138 0.26666668 4.0 4.0 4.0 4.0 0.0 0.21200001 2 TOUCH_MOVE h
1400680064734 6 4098 433.91656 998.11786 0.3 5.0 5.0 5.0 5.0 0.0 0.192 2 TOUCH_MOVE h
1400680064744 6 4098 435.5 994.951 0.26666668 5.0 5.0 5.0 5.0 0.0 0.18 2 TOUCH_MOVE h
1400680064749 6 4098 435.5 994.951 0.26666668 5.0 5.0 5.0 5.0 0.0 0.18 1 TOUCH_UP h
1400680064879 6 4098 545.5 869.951 0.23333335 4.0 4.0 4.0 4.0 0.0 0.18800001 0 TOUCH_DOWN i
1400680064899 6 4098 545.5 869.951 0.23333335 4.0 4.0 4.0 4.0 0.0 0.192 2 TOUCH_MOVE i
1400680064955 6 4098 545.5 869.951 0.23333335 4.0 4.0 4.0 4.0 0.0 0.192 1 TOUCH_UP i
1400680065144 6 4098 632.0 988.451 0.20000002 3.0 3.0 3.0 3.0 0.0 0.132 0 TOUCH_DOWN l
1400680065164 6 4098 632.0 988.451 0.20000002 3.0 3.0 3.0 3.0 0.0 0.136 2 TOUCH_MOVE l
1400680065176 6 4098 632.0 988.451 0.20000002 3.0 3.0 3.0 3.0 0.0 0.136 1 TOUCH_UP l
1400680065445 6 4098 229.0 980.451 0.26666668 5.0 5.0 5.0 5.0 0.0 0.17600001 0 TOUCH_DOWN d
1400680065454 6 4098 229.0 980.451 0.23333335 4.0 4.0 4.0 4.0 0.0 0.17600001 2 TOUCH_MOVE d
1400680065483 6 4098 224.06073 980.80457 0.26666668 5.0 5.0 5.0 5.0 0.0 0.18 2 TOUCH_MOVE d
1400680065498 6 4098 221.7931 980.451 0.26666668 5.0 5.0 5.0 5.0 0.0 0.17600001 2 TOUCH_MOVE d
1400680065515 6 4098 219.85857 979.88025 0.23333335 5.0 5.0 5.0 5.0 0.0 0.15200001 2 TOUCH_MOVE d
1400680065524 6 4098 219.85857 979.88025 0.23333335 5.0 5.0 5.0 5.0 0.0 0.15200001 1 TOUCH_UP d
1400680065690 6 4098 230.0 858.451 0.16666667 3.0 3.0 3.0 3.0 0.0 0.18 0 TOUCH_DOWN r
1400680065707 6 4098 230.0 858.451 0.20000002 4.0 4.0 4.0 4.0 0.0 0.18400002 2 TOUCH_MOVE r
1400680065782 6 4098 229.0 857.951 0.20000002 4.0 4.0 4.0 4.0 0.0 0.18 2 TOUCH_MOVE r
1400680065790 6 4098 229.0 857.951 0.23333335 5.0 5.0 5.0 5.0 0.0 0.136 2 TOUCH_MOVE r
1400680065794 6 4098 229.0 857.951 0.23333335 5.0 5.0 5.0 5.0 0.0 0.136 1 TOUCH_UP r
1400680065914 6 4098 168.0 855.951 0.20000002 4.0 4.0 4.0 4.0 0.0 0.18 0 TOUCH_DOWN e
1400680065994 6 4098 168.0 855.951 0.20000002 4.0 4.0 4.0 4.0 0.0 0.18 1 TOUCH_UP e
1400680066569 6 4098 505.0 1108.9509 0.33333334 5.0 5.0 5.0 5.0 0.0 0.19600001 0 TOUCH_DOWN n
1400680066582 6 4098 505.0 1108.9509 0.33333334 5.0 5.0 5.0 5.0 0.0 0.2 2 TOUCH_MOVE n
1400680066599 6 4098 504.44083 1108.9509 0.33333334 5.0 5.0 5.0 5.0 0.0 0.208 2 TOUCH_MOVE n
1400680066627 6 4098 502.37643 1108.9509 0.33333334 5.0 5.0 5.0 5.0 0.0 0.20400001 2 TOUCH_MOVE n
1400680066641 6 4098 501.30704 1109.0474 0.33333334 5.0 5.0 5.0 5.0 0.0 0.20400001 2 TOUCH_MOVE n
1400680066648 6 4098 500.5 1109.4509 0.3 5.0 5.0 5.0 5.0 0.0 0.192 2 TOUCH_MOVE n
1400680066653 6 4098 500.5 1109.4509 0.3 5.0 5.0 5.0 5.0 0.0 0.192 1 TOUCH_UP n
1400680067761 6 4098 702.5 1206.9509 0.16666667 3.0 3.0 3.0 3.0 0.0 0.132 0 TOUCH_DOWN Enter
1400680067769 6 4098 702.5 1206.9509 0.16666667 3.0 3.0 3.0 3.0 0.0 0.14 2 TOUCH_MOVE Enter
1400680067800 6 4098 702.5 1207.4585 0.16666667 3.0 3.0 3.0 3.0 0.0 0.16000001 2 TOUCH_MOVE Enter
1400680067817 6 4098 702.5 1208.2009 0.16666667 3.0 3.0 3.0 3.0 0.0 0.16000001 2 TOUCH_MOVE Enter
1400680067836 6 4098 702.5 1207.9509 0.16666667 3.0 3.0 3.0 3.0 0.0 0.132 2 TOUCH_MOVE Enter
1400680067841 6 4098 702.5 1207.9509 0.16666667 3.0 3.0 3.0 3.0 0.0 0.132 1 TOUCH_UP Enter
1400680068816 6 4098 119.5 862.951 0.20000002 4.0 4.0 4.0 4.0 0.0 0.18 0 TOUCH_DOWN W
1400680068851 6 4098 118.28768 862.951 0.20000002 4.0 4.0 4.0 4.0 0.0 0.18400002 2 TOUCH_MOVE W
1400680068868 6 4098 117.75 862.951 0.20000002 4.0 4.0 4.0 4.0 0.0 0.18 2 TOUCH_MOVE W
1400680068905 6 4098 117.75 862.951 0.20000002 4.0 4.0 4.0 4.0 0.0 0.18 1 TOUCH_UP W
1400680069038 6 4098 189.0 856.951 0.13333334 2.0 2.0 2.0 2.0 0.0 0.18 0 TOUCH_DOWN e
1400680069102 6 4098 189.0 856.951 0.13333334 2.0 2.0 2.0 2.0 0.0 0.108 2 TOUCH_MOVE e
1400680069109 6 4098 189.0 856.951 0.13333334 2.0 2.0 2.0 2.0 0.0 0.108 1 TOUCH_UP e
1400680069323 6 4098 326.5 1244.9509 0.20000002 5.0 5.0 5.0 5.0 0.0 0.18800001 0 TOUCH_DOWN Space
1400680069335 6 4098 326.5 1244.9509 0.20000002 5.0 5.0 5.0 5.0 0.0 0.19600001 2 TOUCH_MOVE Space
1400680069370 6 4098 324.92947 1243.8804 0.20000002 5.0 5.0 5.0 5.0 0.0 0.208 2 TOUCH_MOVE Space
1400680069386 6 4098 324.10056 1243.0515 0.20000002 5.0 5.0 5.0 5.0 0.0 0.20400001 2 TOUCH_MOVE Space
1400680069401 6 4098 323.25 1242.2009 0.20000002 5.0 5.0 5.0 5.0 0.0 0.20400001 2 TOUCH_MOVE Space
1400680069441 6 4098 323.25 1242.2009 0.20000002 5.0 5.0 5.0 5.0 0.0 0.20400001 1 TOUCH_UP Space
1400680069548 6 4098 49.5 988.451 0.20000002 3.0 3.0 3.0 3.0 0.0 0.17600001 0 TOUCH_DOWN a
1400680069553 6 4098 49.5 988.451 0.20000002 3.0 3.0 3.0 3.0 0.0 0.18 2 TOUCH_MOVE a
1400680069619 6 4098 50.021904 987.4291 0.20000002 3.0 3.0 3.0 3.0 0.0 0.18 2 TOUCH_MOVE a
1400680069635 6 4098 51.5 986.451 0.16666667 3.0 3.0 3.0 3.0 0.0 0.17600001 2 TOUCH_MOVE a
1400680069642 6 4098 51.5 986.451 0.16666667 3.0 3.0 3.0 3.0 0.0 0.120000005 2 TOUCH_MOVE a
1400680069645 6 4098 51.5 986.451 0.16666667 3.0 3.0 3.0 3.0 0.0 0.120000005 1 TOUCH_UP a
1400680069851 6 4098 260.5 857.451 0.16666667 3.0 3.0 3.0 3.0 0.0 0.18 0 TOUCH_DOWN r
1400680069870 6 4098 260.5 857.451 0.20000002 4.0 4.0 4.0 4.0 0.0 0.18400002 2 TOUCH_MOVE r
1400680069903 6 4098 257.91727 857.8467 0.16666667 3.0 3.0 3.0 3.0 0.0 0.18400002 2 TOUCH_MOVE r
1400680069919 6 4098 252.12204 858.8107 0.13333334 2.0 2.0 2.0 2.0 0.0 0.18 2 TOUCH_MOVE r
1400680069939 6 4098 248.75 858.951 0.13333334 2.0 2.0 2.0 2.0 0.0 0.124000005 2 TOUCH_MOVE r
1400680069944 6 4098 248.75 858.951 0.13333334 2.0 2.0 2.0 2.0 0.0 0.124000005 1 TOUCH_UP r
1400680070048 6 4098 178.0 858.451 0.20000002 4.0 4.0 4.0 4.0 0.0 0.18400002 0 TOUCH_DOWN e
1400680070073 6 4098 177.48116 858.451 0.20000002 4.0 4.0 4.0 4.0 0.0 0.18800001 2 TOUCH_MOVE e
1400680070086 6 4098 176.00853 858.451 0.20000002 4.0 4.0 4.0 4.0 0.0 0.18800001 2 TOUCH_MOVE e
1400680070103 6 4098 175.07979 858.451 0.20000002 4.0 4.0 4.0 4.0 0.0 0.18400002 2 TOUCH_MOVE e
1400680070120 6 4098 174.5 858.451 0.20000002 4.0 4.0 4.0 4.0 0.0 0.17600001 2 TOUCH_MOVE e
1400680070124 6 4098 174.5 858.451 0.20000002 4.0 4.0 4.0 4.0 0.0 0.17600001 1 TOUCH_UP e
1400680070912 6 4098 334.5 1241.9509 0.16666667 4.0 4.0 4.0 4.0 0.0 0.18400002 0 TOUCH_DOWN Space
1400680070920 6 4098 334.5 1241.9509 0.20000002 5.0 5.0 5.0 5.0 0.0 0.19600001 2 TOUCH_MOVE Space
1400680070953 6 4098 335.58792 1240.863 0.23333335 5.0 5.0 5.0 5.0 0.0 0.208 2 TOUCH_MOVE Space
1400680070970 6 4098 336.048 1239.903 0.23333335 5.0 5.0 5.0 5.0 0.0 0.208 2 TOUCH_MOVE Space
1400680070986 6 4098 336.47726 1238.9736 0.23333335 5.0 5.0 5.0 5.0 0.0 0.208 2 TOUCH_MOVE Space
1400680071007 6 4098 336.75 1238.7009 0.23333335 5.0 5.0 5.0 5.0 0.0 0.20400001 2 TOUCH_MOVE Space
1400680071013 6 4098 336.75 1238.7009 0.23333335 5.0 5.0 5.0 5.0 0.0 0.20400001 1 TOUCH_UP Space
1400680071347 6 4098 302.5 846.451 0.13333334 2.0 2.0 2.0 2.0 0.0 0.18 0 TOUCH_DOWN t
1400680071366 6 4098 309.81546 847.1527 0.23333335 4.0 4.0 4.0 4.0 0.0 0.18400002 2 TOUCH_MOVE t
1400680071390 6 4098 324.27692 852.8395 0.23333335 5.0 5.0 5.0 5.0 0.0 0.18 2 TOUCH_MOVE t
1400680071404 6 4098 325.62915 854.7093 0.23333335 5.0 5.0 5.0 5.0 0.0 0.18400002 2 TOUCH_MOVE t
1400680071420 6 4098 326.0 855.5079 0.20000002 4.0 4.0 4.0 4.0 0.0 0.18 2 TOUCH_MOVE t
1400680071439 6 4098 326.0 855.5079 0.20000002 4.0 4.0 4.0 4.0 0.0 0.18 1 TOUCH_UP t
1400680071506 6 4098 453.5 970.451 0.20000002 4.0 4.0 4.0 4.0 0.0 0.192 0 TOUCH_DOWN h
1400680071520 6 4098 453.5 970.451 0.20000002 4.0 4.0 4.0 4.0 0.0 0.19600001 2 TOUCH_MOVE h
1400680071593 6 4098 453.5 970.451 0.20000002 4.0 4.0 4.0 4.0 0.0 0.19600001 1 TOUCH_UP h
1400680071674 6 4098 194.5 848.951 0.16666667 3.0 3.0 3.0 3.0 0.0 0.16000001 0 TOUCH_DOWN e
1400680071720 6 4098 194.13548 849.3155 0.13333334 2.0 2.0 2.0 2.0 0.0 0.14400001 2 TOUCH_MOVE e
1400680071732 6 4098 194.0 849.451 0.13333334 2.0 2.0 2.0 2.0 0.0 0.132 2 TOUCH_MOVE e
1400680071736 6 4098 194.0 849.451 0.13333334 2.0 2.0 2.0 2.0 0.0 0.132 1 TOUCH_UP e
1400680071891 6 4098 344.0 1235.9509 0.23333335 4.0 4.0 4.0 4.0 0.0 0.2 0 TOUCH_DOWN Space
1400680071896 6 4098 343.75894 1235.7098 0.23333335 4.0 4.0 4.0 4.0 0.0 0.208 2 TOUCH_MOVE Space
1400680071920 6 4098 343.0103 1234.9612 0.26666668 5.0 5.0 5.0 5.0 0.0 0.22000001 2 TOUCH_MOVE Space
1400680071938 6 4098 341.08304 1233.0339 0.26666668 5.0 5.0 5.0 5.0 0.0 0.22000001 2 TOUCH_MOVE Space
1400680071954 6 4098 340.75 1232.7009 0.26666668 5.0 5.0 5.0 5.0 0.0 0.22000001 2 TOUCH_MOVE Space
1400680071971 6 4098 342.37933 1230.7267 0.23333335 4.0 4.0 4.0 4.0 0.0 0.21200001 2 TOUCH_MOVE Space
1400680071990 6 4098 344.0 1228.9509 0.13333334 2.0 2.0 2.0 2.0 0.0 0.124000005 2 TOUCH_MOVE Space
1400680071994 6 4098 344.0 1228.9509 0.13333334 2.0 2.0 2.0 2.0 0.0 0.124000005 1 TOUCH_UP Space
1400680072229 6 4098 617.0 860.451 0.23333335 5.0 5.0 5.0 5.0 0.0 0.18400002 0 TOUCH_DOWN o
1400680072238 6 4098 617.0 860.451 0.23333335 5.0 5.0 5.0 5.0 0.0 0.18800001 2 TOUCH_MOVE o
1400680072273 6 4098 615.96326 861.4877 0.23333335 5.0 5.0 5.0 5.0 0.0 0.18800001 2 TOUCH_MOVE o
1400680072283 6 4098 615.0 862.451 0.26666668 5.0 5.0 5.0 5.0 0.0 0.18 2 TOUCH_MOVE o
1400680072286 6 4098 615.0 862.451 0.26666668 5.0 5.0 5.0 5.0 0.0 0.18 1 TOUCH_UP o
1400680072449 6 4098 505.0 1095.9509 0.26666668 5.0 5.0 5.0 5.0 0.0 0.18400002 0 TOUCH_DOWN n
1400680072489 6 4098 505.0 1097.6398 0.3 5.0 5.0 5.0 5.0 0.0 0.18800001 2 TOUCH_MOVE n
1400680072504 6 4098 502.9429 1099.3223 0.23333335 4.0 4.0 4.0 4.0 0.0 0.17600001 2 TOUCH_MOVE n
1400680072513 6 4098 502.9429 1099.3223 0.23333335 4.0 4.0 4.0 4.0 0.0 0.17600001 1 TOUCH_UP n
1400680072872 6 4098 181.5 839.451 0.20000002 4.0 4.0 4.0 4.0 0.0 0.18 0 TOUCH_DOWN e
1400680072938 6 4098 180.5 840.451 0.16666667 3.0 3.0 3.0 3.0 0.0 0.14 2 TOUCH_MOVE e
1400680072945 6 4098 180.5 840.451 0.16666667 3.0 3.0 3.0 3.0 0.0 0.14 1 TOUCH_UP e
1400680073104 6 4098 134.0 955.451 0.16666667 3.0 3.0 3.0 3.0 0.0 0.14 0 TOUCH_DOWN s
1400680073167 6 4098 134.0 955.451 0.13333334 2.0 2.0 2.0 2.0 0.0 0.14 2 TOUCH_MOVE s
1400680073171 6 4098 134.0 955.451 0.13333334 2.0 2.0 2.0 2.0 0.0 0.14 1 TOUCH_UP s
1400680074120 6 4098 338.0 1248.9509 0.16666667 4.0 4.0 4.0 4.0 0.0 0.18800001 0 TOUCH_DOWN Space
1400680074134 6 4098 338.0 1248.9509 0.16666667 4.0 4.0 4.0 4.0 0.0 0.192 2 TOUCH_MOVE Space
1400680074194 6 4098 338.0 1248.9509 0.16666667 4.0 4.0 4.0 4.0 0.0 0.192 1 TOUCH_UP Space
1400680074905 6 4098 108.5 848.951 0.23333335 5.0 5.0 5.0 5.0 0.0 0.17600001 0 TOUCH_DOWN w
1400680074923 6 4098 108.5 848.951 0.20000002 4.0 4.0 4.0 4.0 0.0 0.17600001 2 TOUCH_MOVE w
1400680075004 6 4098 108.5 848.951 0.20000002 4.0 4.0 4.0 4.0 0.0 0.17600001 1 TOUCH_UP w
1400680075091 6 4098 421.5 982.451 0.20000002 3.0 3.0 3.0 3.0 0.0 0.2 0 TOUCH_DOWN h
1400680075108 6 4098 421.5 982.451 0.23333335 4.0 4.0 4.0 4.0 0.0 0.19600001 2 TOUCH_MOVE h
1400680075125 6 4098 421.5 983.0877 0.26666668 4.0 4.0 4.0 4.0 0.0 0.20400001 2 TOUCH_MOVE h
1400680075157 6 4098 422.6755 982.951 0.23333335 4.0 4.0 4.0 4.0 0.0 0.2 2 TOUCH_MOVE h
1400680075174 6 4098 427.5 980.701 0.20000002 4.0 4.0 4.0 4.0 0.0 0.17600001 2 TOUCH_MOVE h
1400680075180 6 4098 427.5 980.701 0.20000002 4.0 4.0 4.0 4.0 0.0 0.17600001 1 TOUCH_UP h
1400680075324 6 4098 608.5 831.951 0.3 5.0 5.0 5.0 5.0 0.0 0.18800001 0 TOUCH_DOWN o
1400680075351 6 4098 608.5 831.951 0.3 5.0 5.0 5.0 5.0 0.0 0.19600001 2 TOUCH_MOVE o
1400680075378 6 4098 608.0 832.451 0.3 5.0 5.0 5.0 5.0 0.0 0.18 2 TOUCH_MOVE o
1400680075382 6 4098 608.0 832.451 0.3 5.0 5.0 5.0 5.0 0.0 0.18 1 TOUCH_UP o
1400680075590 6 4098 382.0 1211.9509 0.26666668 5.0 5.0 5.0 5.0 0.0 0.21200001 0 TOUCH_DOWN Space
1400680075594 6 4098 382.0 1211.9509 0.26666668 5.0 5.0 5.0 5.0 0.0 0.22000001 2 TOUCH_MOVE Space
1400680075624 6 4098 382.0 1213.2324 0.26666668 5.0 5.0 5.0 5.0 0.0 0.23200001 2 TOUCH_MOVE Space
1400680075641 6 4098 382.5 1214.2286 0.26666668 5.0 5.0 5.0 5.0 0.0 0.23200001 2 TOUCH_MOVE Space
1400680075669 6 4098 383.73203 1214.4509 0.26666668 5.0 5.0 5.0 5.0 0.0 0.224 2 TOUCH_MOVE Space
1400680075675 6 4098 388.0 1213.4509 0.23333335 4.0 4.0 4.0 4.0 0.0 0.21200001 2 TOUCH_MOVE Space
1400680075691 6 4098 388.0 1213.4509 0.20000002 4.0 4.0 4.0 4.0 0.0 0.18800001 2 TOUCH_MOVE Space
1400680075700 6 4098 388.0 1213.4509 0.20000002 4.0 4.0 4.0 4.0 0.0 0.18800001 1 TOUCH_UP Space
1400680075878 6 4098 584.0 1107.4509 0.23333335 5.0 5.0 5.0 5.0 0.0 0.18400002 0 TOUCH_DOWN m
1400680075891 6 4098 584.0 1107.4509 0.20000002 4.0 4.0 4.0 4.0 0.0 0.18400002 2 TOUCH_MOVE m
1400680075946 6 4098 584.0 1107.4509 0.20000002 4.0 4.0 4.0 4.0 0.0 0.18400002 1 TOUCH_UP m
1400680075989 6 4098 64.5 978.451 0.20000002 3.0 3.0 3.0 3.0 0.0 0.17600001 0 TOUCH_DOWN a
1400680075999 6 4098 63.994457 978.45654 0.20000002 3.0 3.0 3.0 3.0 0.0 0.18 2 TOUCH_MOVE a
1400680076013 6 4098 63.02827 978.951 0.20000002 3.0 3.0 3.0 3.0 0.0 0.18 2 TOUCH_MOVE a
1400680076025 6 4098 62.063057 978.951 0.20000002 3.0 3.0 3.0 3.0 0.0 0.18400002 2 TOUCH_MOVE a
1400680076041 6 4098 61.25 978.951 0.20000002 3.0 3.0 3.0 3.0 0.0 0.18400002 2 TOUCH_MOVE a
1400680076060 6 4098 60.70883 978.951 0.20000002 3.0 3.0 3.0 3.0 0.0 0.18400002 2 TOUCH_MOVE a
1400680076074 6 4098 59.75 979.701 0.20000002 3.0 3.0 3.0 3.0 0.0 0.17600001 2 TOUCH_MOVE a
1400680076093 6 4098 59.75 979.701 0.20000002 3.0 3.0 3.0 3.0 0.0 0.17600001 1 TOUCH_UP a
1400680077449 6 4098 576.0 986.951 0.23333335 4.0 4.0 4.0 4.0 0.0 0.18 0 TOUCH_DOWN k
1400680077469 6 4098 575.8201 986.951 0.23333335 4.0 4.0 4.0 4.0 0.0 0.18400002 2 TOUCH_MOVE k
1400680077512 6 4098 574.5 987.451 0.23333335 4.0 4.0 4.0 4.0 0.0 0.132 2 TOUCH_MOVE k
1400680077517 6 4098 574.5 987.451 0.23333335 4.0 4.0 4.0 4.0 0.0 0.132 1 TOUCH_UP k
1400680077989 6 4098 189.0 844.451 0.16666667 3.0 3.0 3.0 3.0 0.0 0.17600001 0 TOUCH_DOWN e
1400680077994 6 4098 189.0 844.451 0.16666667 3.0 3.0 3.0 3.0 0.0 0.18 2 TOUCH_MOVE e
1400680078075 6 4098 189.0 844.451 0.16666667 3.0 3.0 3.0 3.0 0.0 0.18 1 TOUCH_UP e
1400680078294 6 4098 334.0 1236.4509 0.23333335 5.0 5.0 5.0 5.0 0.0 0.192 0 TOUCH_DOWN Space
1400680078315 6 4098 334.0 1236.4509 0.23333335 5.0 5.0 5.0 5.0 0.0 0.2 2 TOUCH_MOVE Space
1400680078327 6 4098 333.12646 1235.9509 0.23333335 5.0 5.0 5.0 5.0 0.0 0.21200001 2 TOUCH_MOVE Space
1400680078343 6 4098 332.16223 1235.1132 0.23333335 5.0 5.0 5.0 5.0 0.0 0.21200001 2 TOUCH_MOVE Space
1400680078360 6 4098 331.75 1234.7009 0.23333335 5.0 5.0 5.0 5.0 0.0 0.21200001 2 TOUCH_MOVE Space
1400680078413 6 4098 331.75 1234.7009 0.23333335 5.0 5.0 5.0 5.0 0.0 0.21200001 1 TOUCH_UP Space
1400680078448 6 4098 67.5 966.451 0.16666667 3.0 3.0 3.0 3.0 0.0 0.16800001 0 TOUCH_DOWN a
1400680078460 6 4098 66.97401 966.451 0.16666667 3.0 3.0 3.0 3.0 0.0 0.18 2 TOUCH_MOVE a
1400680078478 6 4098 65.96953 966.451 0.16666667 3.0 3.0 3.0 3.0 0.0 0.18 2 TOUCH_MOVE a
1400680078495 6 4098 65.00989 966.451 0.16666667 3.0 3.0 3.0 3.0 0.0 0.18 2 TOUCH_MOVE a
1400680078510 6 4098 63.055508 966.451 0.16666667 3.0 3.0 3.0 3.0 0.0 0.17600001 2 TOUCH_MOVE a
1400680078526 6 4098 62.0 966.451 0.16666667 3.0 3.0 3.0 3.0 0.0 0.156 2 TOUCH_MOVE a
1400680078533 6 4098 62.0 966.451 0.16666667 3.0 3.0 3.0 3.0 0.0 0.156 1 TOUCH_UP a
1400680078644 6 4098 355.0 1242.4509 0.20000002 4.0 4.0 4.0 4.0 0.0 0.20400001 0 TOUCH_DOWN Space
1400680078670 6 4098 354.86957 1241.6901 0.20000002 4.0 4.0 4.0 4.0 0.0 0.21200001 2 TOUCH_MOVE Space
1400680078705 6 4098 354.5 1238.9612 0.20000002 4.0 4.0 4.0 4.0 0.0 0.208 2 TOUCH_MOVE Space
1400680078712 6 4098 354.5 1238.7009 0.20000002 4.0 4.0 4.0 4.0 0.0 0.208 2 TOUCH_MOVE Space
1400680078728 6 4098 354.5 1238.7009 0.20000002 4.0 4.0 4.0 4.0 0.0 0.208 1 TOUCH_UP Space
1400680078906 6 4098 436.5 1118.4509 0.26666668 4.0 4.0 4.0 4.0 0.0 0.208 0 TOUCH_DOWN b
1400680078910 6 4098 436.5 1118.4509 0.3 5.0 5.0 5.0 5.0 0.0 0.216 2 TOUCH_MOVE b
1400680078949 6 4098 435.84598 1118.4509 0.26666668 4.0 4.0 4.0 4.0 0.0 0.208 2 TOUCH_MOVE b
1400680078980 6 4098 435.0 1118.4509 0.3 5.0 5.0 5.0 5.0 0.0 0.192 2 TOUCH_MOVE b
1400680078991 6 4098 435.0 1118.4509 0.23333335 4.0 4.0 4.0 4.0 0.0 0.16000001 2 TOUCH_MOVE b
1400680078996 6 4098 435.0 1118.4509 0.23333335 4.0 4.0 4.0 4.0 0.0 0.16000001 1 TOUCH_UP b
1400680079481 6 4098 246.0 854.951 0.13333334 2.0 2.0 2.0 2.0 0.0 0.172 0 TOUCH_DOWN r
1400680079581 6 4098 246.0 854.951 0.13333334 2.0 2.0 2.0 2.0 0.0 0.172 1 TOUCH_UP r
1400680079843 6 4098 554.5 858.451 0.23333335 5.0 5.0 5.0 5.0 0.0 0.18400002 0 TOUCH_DOWN i
1400680079849 6 4098 554.5 858.451 0.23333335 5.0 5.0 5.0 5.0 0.0 0.18800001 2 TOUCH_MOVE i
1400680079912 6 4098 554.5 858.451 0.23333335 5.0 5.0 5.0 5.0 0.0 0.18800001 1 TOUCH_UP i
1400680080363 6 4098 349.5 974.451 0.16666667 3.0 3.0 3.0 3.0 0.0 0.164 0 TOUCH_DOWN g
1400680080383 6 4098 349.07114 974.8799 0.20000002 4.0 4.0 4.0 4.0 0.0 0.18 2 TOUCH_MOVE g
1400680080395 6 4098 346.52725 975.7752 0.20000002 4.0 4.0 4.0 4.0 0.0 0.17600001 2 TOUCH_MOVE g
1400680080412 6 4098 346.0 975.951 0.23333335 5.0 5.0 5.0 5.0 0.0 0.132 2 TOUCH_MOVE g
1400680080416 6 4098 346.0 975.951 0.23333335 5.0 5.0 5.0 5.0 0.0 0.132 1 TOUCH_UP g
1400680080609 6 4098 424.0 1007.951 0.26666668 4.0 4.0 4.0 4.0 0.0 0.2 0 TOUCH_DOWN h
1400680080614 6 4098 424.0 1007.951 0.23333335 4.0 4.0 4.0 4.0 0.0 0.2 2 TOUCH_MOVE h
1400680080673 6 4098 424.0 1007.951 0.13333334 2.0 2.0 2.0 2.0 0.0 0.148 2 TOUCH_MOVE h
1400680080680 6 4098 424.0 1007.951 0.13333334 2.0 2.0 2.0 2.0 0.0 0.148 1 TOUCH_UP h
1400680080825 6 4098 321.0 856.451 0.20000002 4.0 4.0 4.0 4.0 0.0 0.18400002 0 TOUCH_DOWN t
1400680080892 6 4098 321.0 856.451 0.20000002 4.0 4.0 4.0 4.0 0.0 0.18400002 1 TOUCH_UP t
1400680081319 6 4098 170.5 859.451 0.20000002 4.0 4.0 4.0 4.0 0.0 0.17600001 0 TOUCH_DOWN e
1400680081330 6 4098 170.5 859.451 0.16666667 3.0 3.0 3.0 3.0 0.0 0.18 2 TOUCH_MOVE e
1400680081380 6 4098 171.0 859.951 0.13333334 2.0 2.0 2.0 2.0 0.0 0.108 2 TOUCH_MOVE e
1400680081387 6 4098 171.0 859.951 0.13333334 2.0 2.0 2.0 2.0 0.0 0.108 1 TOUCH_UP e
1400680081514 6 4098 240.0 856.451 0.13333334 2.0 2.0 2.0 2.0 0.0 0.17600001 0 TOUCH_DOWN r
1400680081547 6 4098 240.79079 856.951 0.13333334 2.0 2.0 2.0 2.0 0.0 0.18 2 TOUCH_MOVE r
1400680081563 6 4098 242.50775 857.70483 0.13333334 2.0 2.0 2.0 2.0 0.0 0.18 2 TOUCH_MOVE r
1400680081591 6 4098 243.5 858.451 0.13333334 2.0 2.0 2.0 2.0 0.0 0.164 2 TOUCH_MOVE r
1400680081595 6 4098 243.5 858.451 0.13333334 2.0 2.0 2.0 2.0 0.0 0.164 1 TOUCH_UP r
1400680082386 6 4098 340.5 1237.4509 0.20000002 4.0 4.0 4.0 4.0 0.0 0.18800001 0 TOUCH_DOWN Space
1400680082404 6 4098 340.5 1237.4509 0.20000002 4.0 4.0 4.0 4.0 0.0 0.2 2 TOUCH_MOVE Space
1400680082450 6 4098 340.5 1236.8594 0.23333335 5.0 5.0 5.0 5.0 0.0 0.21200001 2 TOUCH_MOVE Space
1400680082489 6 4098 340.5 1236.8594 0.23333335 5.0 5.0 5.0 5.0 0.0 0.21200001 1 TOUCH_UP Space
1400680082690 6 4098 242.0 982.451 0.13333334 2.0 2.0 2.0 2.0 0.0 0.14400001 0 TOUCH_DOWN d
1400680082707 6 4098 242.0 982.451 0.16666667 3.0 3.0 3.0 3.0 0.0 0.16000001 2 TOUCH_MOVE d
1400680082744 6 4098 241.0 982.451 0.16666667 3.0 3.0 3.0 3.0 0.0 0.104 2 TOUCH_MOVE d
1400680082748 6 4098 241.0 982.451 0.16666667 3.0 3.0 3.0 3.0 0.0 0.104 1 TOUCH_UP d
1400680082928 6 4098 59.5 977.451 0.16666667 3.0 3.0 3.0 3.0 0.0 0.17600001 0 TOUCH_DOWN a
1400680082965 6 4098 57.5 977.451 0.16666667 3.0 3.0 3.0 3.0 0.0 0.17600001 2 TOUCH_MOVE a
1400680082981 6 4098 55.629322 977.451 0.16666667 3.0 3.0 3.0 3.0 0.0 0.112 2 TOUCH_MOVE a
1400680082993 6 4098 55.629322 977.451 0.16666667 3.0 3.0 3.0 3.0 0.0 0.112 1 TOUCH_UP a
1400680083070 6 4098 417.0 839.951 0.20000002 4.0 4.0 4.0 4.0 0.0 0.17600001 0 TOUCH_DOWN y
1400680083083 6 4098 417.0 839.951 0.20000002 4.0 4.0 4.0 4.0 0.0 0.17600001 1 TOUCH_UP y
1400680084867 6 4098 705.0 1242.9509 0.13333334 3.0 3.0 3.0 3.0 0.0 0.120000005 0 TOUCH_DOWN Enter
1400680084884 6 4098 705.0 1242.9509 0.13333334 3.0 3.0 3.0 3.0 0.0 0.112 2 TOUCH_MOVE Enter
1400680084894 6 4098 705.0 1242.9509 0.13333334 3.0 3.0 3.0 3.0 0.0 0.112 1 TOUCH_UP Enter
1400680085283 6 4098 134.0 983.451 0.16666667 3.0 3.0 3.0 3.0 0.0 0.15200001 0 TOUCH_DOWN S
1400680085288 6 4098 134.0 983.451 0.16666667 3.0 3.0 3.0 3.0 0.0 0.164 2 TOUCH_MOVE S
1400680085333 6 4098 132.55615 983.89484 0.20000002 4.0 4.0 4.0 4.0 0.0 0.18400002 2 TOUCH_MOVE S
1400680085351 6 4098 131.6075 984.451 0.20000002 4.0 4.0 4.0 4.0 0.0 0.18400002 2 TOUCH_MOVE S
1400680085367 6 4098 130.61763 985.3334 0.20000002 4.0 4.0 4.0 4.0 0.0 0.18 2 TOUCH_MOVE S
1400680085389 6 4098 129.0 986.951 0.23333335 4.0 4.0 4.0 4.0 0.0 0.18 2 TOUCH_MOVE S
1400680085394 6 4098 129.0 986.951 0.23333335 4.0 4.0 4.0 4.0 0.0 0.18 1 TOUCH_UP S
1400680085632 6 4098 637.0 849.951 0.13333334 2.0 2.0 2.0 2.0 0.0 0.17600001 0 TOUCH_DOWN o
1400680085638 6 4098 637.0 849.951 0.13333334 2.0 2.0 2.0 2.0 0.0 0.18 2 TOUCH_MOVE o
1400680085667 6 4098 630.3608 846.02484 0.23333335 4.0 4.0 4.0 4.0 0.0 0.20400001 2 TOUCH_MOVE o
1400680085685 6 4098 628.6865 844.6375 0.23333335 4.0 4.0 4.0 4.0 0.0 0.21200001 2 TOUCH_MOVE o
1400680085700 6 4098 627.3582 843.3092 0.23333335 4.0 4.0 4.0 4.0 0.0 0.208 2 TOUCH_MOVE o
1400680085717 6 4098 626.9461 844.0049 0.20000002 4.0 4.0 4.0 4.0 0.0 0.18800001 2 TOUCH_MOVE o
1400680085739 6 4098 626.5 844.451 0.23333335 5.0 5.0 5.0 5.0 0.0 0.128 2 TOUCH_MOVE o
1400680085745 6 4098 626.5 844.451 0.23333335 5.0 5.0 5.0 5.0 0.0 0.128 1 TOUCH_UP o
1400680086137 6 4098 348.5 1252.4509 0.16666667 4.0 4.0 4.0 4.0 0.0 0.18400002 0 TOUCH_DOWN Space
1400680086145 6 4098 348.648 1252.4509 0.16666667 4.0 4.0 4.0 4.0 0.0 0.192 2 TOUCH_MOVE Space
1400680086164 6 4098 349.15048 1252.3004 0.20000002 5.0 5.0 5.0 5.0 0.0 0.20400001 2 TOUCH_MOVE Space
1400680086184 6 4098 351.06628 1249.8846 0.20000002 5.0 5.0 5.0 5.0 0.0 0.2 2 TOUCH_MOVE Space
1400680086217 6 4098 354.0159 1248.443 0.16666667 4.0 4.0 4.0 4.0 0.0 0.192 2 TOUCH_MOVE Space
1400680086234 6 4098 363.0 1242.4509 0.16666667 4.0 4.0 4.0 4.0 0.0 0.17600001 2 TOUCH_MOVE Space
1400680086241 6 4098 363.0 1242.4509 0.16666667 4.0 4.0 4.0 4.0 0.0 0.17600001 1 TOUCH_UP Space
1400680086477 6 4098 652.5 984.951 0.20000002 3.0 3.0 3.0 3.0 0.0 0.16000001 0 TOUCH_DOWN l
1400680086484 6 4098 652.5 984.951 0.23333335 4.0 4.0 4.0 4.0 0.0 0.18 2 TOUCH_MOVE l
1400680086553 6 4098 652.5 985.451 0.26666668 5.0 5.0 5.0 5.0 0.0 0.156 2 TOUCH_MOVE l
1400680086557 6 4098 652.5 985.451 0.26666668 5.0 5.0 5.0 5.0 0.0 0.156 1 TOUCH_UP l
1400680086755 6 4098 199.0 861.451 0.16666667 3.0 3.0 3.0 3.0 0.0 0.17600001 0 TOUCH_DOWN e
1400680086799 6 4098 200.47827 860.71185 0.20000002 4.0 4.0 4.0 4.0 0.0 0.18 2 TOUCH_MOVE e
1400680086818 6 4098 202.25 859.201 0.20000002 4.0 4.0 4.0 4.0 0.0 0.17600001 2 TOUCH_MOVE e
1400680086824 6 4098 202.25 859.201 0.20000002 4.0 4.0 4.0 4.0 0.0 0.17600001 1 TOUCH_UP e
1400680087016 6 4098 329.5 853.951 0.23333335 5.0 5.0 5.0 5.0 0.0 0.192 0 TOUCH_DOWN t
1400680087091 6 4098 329.0 854.451 0.20000002 4.0 4.0 4.0 4.0 0.0 0.18 2 TOUCH_MOVE t
1400680087098 6 4098 329.0 854.451 0.20000002 4.0 4.0 4.0 4.0 0.0 0.18 1 TOUCH_UP t
1400680087355 6 4098 578.5 1212.4509 0.16666667 3.0 3.0 3.0 3.0 0.0 0.14400001 0 TOUCH_DOWN '
1400680087365 6 4098 578.4751 1212.9758 0.20000002 3.0 3.0 3.0 3.0 0.0 0.18 2 TOUCH_MOVE '
1400680087389 6 4098 574.71674 1216.7343 0.20000002 3.0 3.0 3.0 3.0 0.0 0.18 2 TOUCH_MOVE '
1400680087402 6 4098 573.0 1218.4509 0.20000002 3.0 3.0 3.0 3.0 0.0 0.17600001 2 TOUCH_MOVE '
1400680087406 6 4098 573.0 1218.4509 0.20000002 3.0 3.0 3.0 3.0 0.0 0.17600001 1 TOUCH_UP '
1400680087524 6 4098 148.5 974.451 0.20000002 4.0 4.0 4.0 4.0 0.0 0.17600001 0 TOUCH_DOWN s
1400680087541 6 4098 148.5 974.451 0.20000002 4.0 4.0 4.0 4.0 0.0 0.164 2 TOUCH_MOVE s
1400680087583 6 4098 148.5 974.451 0.20000002 4.0 4.0 4.0 4.0 0.0 0.164 1 TOUCH_UP s
1400680087997 6 4098 317.0 1254.5 0.16666667 4.0 4.0 4.0 4.0 0.0 0.18400002 0 TOUCH_DOWN Space
1400680088036 6 4098 317.0 1253.531 0.20000002 5.0 5.0 5.0 5.0 0.0 0.192 2 TOUCH_MOVE Space
1400680088052 6 4098 317.0 1252.4999 0.20000002 5.0 5.0 5.0 5.0 0.0 0.19600001 2 TOUCH_MOVE Space
1400680088069 6 4098 317.0 1251.7009 0.20000002 5.0 5.0 5.0 5.0 0.0 0.192 2 TOUCH_MOVE Space
1400680088110 6 4098 317.0 1251.7009 0.20000002 5.0 5.0 5.0 5.0 0.0 0.192 1 TOUCH_UP Space
1400680088818 6 4098 140.0 1012.451 0.20000002 3.0 3.0 3.0 3.0 0.0 0.148 0 TOUCH_DOWN s
1400680088836 6 4098 140.0 1012.0811 0.16666667 3.0 3.0 3.0 3.0 0.0 0.164 2 TOUCH_MOVE s
1400680088853 6 4098 139.70909 1010.1146 0.20000002 4.0 4.0 4.0 4.0 0.0 0.18400002 2 TOUCH_MOVE s
1400680088872 6 4098 140.0 1007.60876 0.23333335 4.0 4.0 4.0 4.0 0.0 0.18400002 2 TOUCH_MOVE s
1400680088888 6 4098 140.0 1005.67834 0.23333335 4.0 4.0 4.0 4.0 0.0 0.18 2 TOUCH_MOVE s
1400680088903 6 4098 140.5 1004.341 0.23333335 4.0 4.0 4.0 4.0 0.0 0.18 2 TOUCH_MOVE s
1400680088913 6 4098 140.5 1004.341 0.23333335 4.0 4.0 4.0 4.0 0.0 0.18 1 TOUCH_UP s
1400680089278 6 4098 325.0 860.451 0.23333335 5.0 5.0 5.0 5.0 0.0 0.192 0 TOUCH_DOWN t
1400680089338 6 4098 325.0 860.451 0.20000002 4.0 4.0 4.0 4.0 0.0 0.19600001 2 TOUCH_MOVE t
1400680089353 6 4098 323.89386 858.2387 0.20000002 4.0 4.0 4.0 4.0 0.0 0.19600001 2 TOUCH_MOVE t
1400680089370 6 4098 322.5 857.451 0.13333334 2.0 2.0 2.0 2.0 0.0 0.14 2 TOUCH_MOVE t
1400680089378 6 4098 322.5 857.451 0.13333334 2.0 2.0 2.0 2.0 0.0 0.14 1 TOUCH_UP t
1400680089575 6 4098 61.0 976.451 0.16666667 3.0 3.0 3.0 3.0 0.0 0.18 0 TOUCH_DOWN a
1400680089588 6 4098 61.0 976.451 0.16666667 3.0 3.0 3.0 3.0 0.0 0.18400002 2 TOUCH_MOVE a
1400680089606 6 4098 60.480423 976.451 0.16666667 3.0 3.0 3.0 3.0 0.0 0.18 2 TOUCH_MOVE a
1400680089621 6 4098 59.75 976.451 0.16666667 3.0 3.0 3.0 3.0 0.0 0.18400002 2 TOUCH_MOVE a
1400680089651 6 4098 59.75 976.451 0.16666667 3.0 3.0 3.0 3.0 0.0 0.18400002 1 TOUCH_UP a
1400680089863 6 4098 253.5 867.951 0.16666667 3.0 3.0 3.0 3.0 0.0 0.16000001 0 TOUCH_DOWN r
1400680089871 6 4098 253.5 867.951 0.16666667 3.0 3.0 3.0 3.0 0.0 0.156 2 TOUCH_MOVE r
1400680089890 6 4098 255.29733 867.01855 0.20000002 4.0 4.0 4.0 4.0 0.0 0.17600001 2 TOUCH_MOVE r
1400680089904 6 4098 259.5737 865.1641 0.20000002 4.0 4.0 4.0 4.0 0.0 0.17600001 2 TOUCH_MOVE r
1400680089921 6 4098 262.5822 863.5903 0.20000002 4.0 4.0 4.0 4.0 0.0 0.18 2 TOUCH_MOVE r
1400680089939 6 4098 264.63605 862.63293 0.20000002 4.0 4.0 4.0 4.0 0.0 0.17600001 2 TOUCH_MOVE r
1400680089956 6 4098 266.22778 861.7232 0.23333335 5.0 5.0 5.0 5.0 0.0 0.17600001 2 TOUCH_MOVE r
1400680089965 6 4098 266.5 861.451 0.20000002 4.0 4.0 4.0 4.0 0.0 0.14400001 2 TOUCH_MOVE r
1400680089969 6 4098 266.5 861.451 0.20000002 4.0 4.0 4.0 4.0 0.0 0.14400001 1 TOUCH_UP r
1400680090088 6 4098 313.0 851.951 0.16666667 3.0 3.0 3.0 3.0 0.0 0.192 0 TOUCH_DOWN t
1400680090107 6 4098 313.0 851.951 0.20000002 4.0 4.0 4.0 4.0 0.0 0.19600001 2 TOUCH_MOVE t
1400680090139 6 4098 312.42395 851.951 0.16666667 3.0 3.0 3.0 3.0 0.0 0.192 2 TOUCH_MOVE t
1400680090156 6 4098 311.5 851.951 0.13333334 2.0 2.0 2.0 2.0 0.0 0.18 2 TOUCH_MOVE t
1400680090164 6 4098 311.5 851.951 0.13333334 2.0 2.0 2.0 2.0 0.0 0.116000004 2 TOUCH_MOVE t
1400680090167 6 4098 311.5 851.951 0.13333334 2.0 2.0 2.0 2.0 0.0 0.116000004 1 TOUCH_UP t
1400680091152 6 4098 298.0 1247.4509 0.16666667 4.0 4.0 4.0 4.0 0.0 0.18800001 0 TOUCH_DOWN Space
1400680091158 6 4098 298.0 1247.4509 0.16666667 4.0 4.0 4.0 4.0 0.0 0.192 2 TOUCH_MOVE Space
1400680091177 6 4098 297.3919 1246.1266 0.16666667 4.0 4.0 4.0 4.0 0.0 0.20400001 2 TOUCH_MOVE Space
1400680091193 6 4098 297.0 1243.4729 0.23333335 5.0 5.0 5.0 5.0 0.0 0.208 2 TOUCH_MOVE Space
1400680091207 6 4098 296.46515 1241.3812 0.20000002 5.0 5.0 5.0 5.0 0.0 0.208 2 TOUCH_MOVE Space
1400680091224 6 4098 296.5 1240.7009 0.20000002 5.0 5.0 5.0 5.0 0.0 0.20400001 2 TOUCH_MOVE Space
1400680091259 6 4098 296.5 1240.7009 0.20000002 5.0 5.0 5.0 5.0 0.0 0.20400001 1 TOUCH_UP Space
1400680092091 6 4098 355.0 983.451 0.16666667 3.0 3.0 3.0 3.0 0.0 0.164 0 TOUCH_DOWN g
1400680092114 6 4098 354.442 984.009 0.23333335 4.0 4.0 4.0 4.0 0.0 0.18 2 TOUCH_MOVE g
1400680092123 6 4098 353.4857 984.9653 0.23333335 4.0 4.0 4.0 4.0 0.0 0.18400002 2 TOUCH_MOVE g
1400680092139 6 4098 352.51913 985.9318 0.23333335 4.0 4.0 4.0 4.0 0.0 0.18400002 2 TOUCH_MOVE g
1400680092156 6 4098 351.5525 986.8985 0.23333335 4.0 4.0 4.0 4.0 0.0 0.18400002 2 TOUCH_MOVE g
1400680092173 6 4098 350.088 987.863 0.23333335 4.0 4.0 4.0 4.0 0.0 0.18 2 TOUCH_MOVE g
1400680092182 6 4098 350.0 987.951 0.16666667 3.0 3.0 3.0 3.0 0.0 0.124000005 2 TOUCH_MOVE g
1400680092185 6 4098 350.0 987.951 0.16666667 3.0 3.0 3.0 3.0 0.0 0.124000005 1 TOUCH_UP g
1400680092342 6 4098 545.0 837.951 0.26666668 4.0 4.0 4.0 4.0 0.0 0.19600001 0 TOUCH_DOWN i
1400680092390 6 4098 545.0 838.451 0.23333335 4.0 4.0 4.0 4.0 0.0 0.18 2 TOUCH_MOVE i
1400680092393 6 4098 545.0 838.451 0.23333335 4.0 4.0 4.0 4.0 0.0 0.18 1 TOUCH_UP i
1400680092681 6 4098 352.0 1095.9509 0.16666667 3.0 3.0 3.0 3.0 0.0 0.14 0 TOUCH_DOWN v
1400680092690 6 4098 352.0 1095.9509 0.16666667 3.0 3.0 3.0 3.0 0.0 0.15200001 2 TOUCH_MOVE v
1400680092740 6 4098 352.0 1095.9509 0.23333335 4.0 4.0 4.0 4.0 0.0 0.18 2 TOUCH_MOVE v
1400680092754 6 4098 352.0 1095.9509 0.16666667 3.0 3.0 3.0 3.0 0.0 0.116000004 2 TOUCH_MOVE v
1400680092758 6 4098 352.0 1095.9509 0.16666667 3.0 3.0 3.0 3.0 0.0 0.116000004 1 TOUCH_UP v
1400680092876 6 4098 559.0 808.951 0.26666668 5.0 5.0 5.0 5.0 0.0 0.19600001 0 TOUCH_DOWN i
1400680092930 6 4098 557.0 811.951 0.33333334 5.0 5.0 5.0 5.0 0.0 0.18800001 2 TOUCH_MOVE i
1400680092938 6 4098 557.0 811.951 0.33333334 5.0 5.0 5.0 5.0 0.0 0.18800001 1 TOUCH_UP i
1400680093118 6 4098 491.5 1096.4509 0.23333335 4.0 4.0 4.0 4.0 0.0 0.18 0 TOUCH_DOWN n
1400680093169 6 4098 491.5 1096.9509 0.23333335 4.0 4.0 4.0 4.0 0.0 0.18 2 TOUCH_MOVE n
1400680093172 6 4098 491.5 1096.9509 0.23333335 4.0 4.0 4.0 4.0 0.0 0.18 1 TOUCH_UP n
1400680093255 6 4098 366.0 966.951 0.16666667 3.0 3.0 3.0 3.0 0.0 0.18800001 0 TOUCH_DOWN g
1400680093307 6 4098 362.5 967.451 0.13333334 2.0 2.0 2.0 2.0 0.0 0.17600001 2 TOUCH_MOVE g
1400680093315 6 4098 362.5 967.451 0.13333334 2.0 2.0 2.0 2.0 0.0 0.120000005 2 TOUCH_MOVE g
1400680093321 6 4098 362.5 967.451 0.13333334 2.0 2.0 2.0 2.0 0.0 0.120000005 1 TOUCH_UP g
