1400680406371 6 4098 103.5 856.451 0.23333335 5.0 5.0 5.0 5.0 0.0 0.18 0 TOUCH_DOWN W
1400680406391 6 4098 102.76426 856.451 0.23333335 5.0 5.0 5.0 5.0 0.0 0.18800001 2 TOUCH_MOVE W
1400680406432 6 4098 102.409546 856.451 0.23333335 5.0 5.0 5.0 5.0 0.0 0.18800001 2 TOUCH_MOVE W
1400680406462 6 4098 102.409546 856.451 0.23333335 5.0 5.0 5.0 5.0 0.0 0.18800001 1 TOUCH_UP W
1400680406859 6 4098 187.0 865.951 0.13333334 2.0 2.0 2.0 2.0 0.0 0.156 0 TOUCH_DOWN e
1400680406928 6 4098 187.0 865.951 0.13333334 2.0 2.0 2.0 2.0 0.0 0.156 1 TOUCH_UP e
1400680407693 6 4098 298.0 1221.4509 0.23333335 4.0 4.0 4.0 4.0 0.0 0.216 0 TOUCH_DOWN Space
1400680407700 6 4098 298.0 1221.4509 0.23333335 4.0 4.0 4.0 4.0 0.0 0.224 2 TOUCH_MOVE Space
1400680407785 6 4098 298.0 1221.4509 0.23333335 4.0 4.0 4.0 4.0 0.0 0.18400002 2 TOUCH_MOVE Space
1400680407796 6 4098 298.0 1221.4509 0.23333335 4.0 4.0 4.0 4.0 0.0 0.18400002 1 TOUCH_UP Space
1400680408005 6 4098 53.0 979.951 0.16666667 3.0 3.0 3.0 3.0 0.0 0.17600001 0 TOUCH_DOWN a
1400680408017 6 4098 53.0 979.951 0.20000002 3.0 3.0 3.0 3.0 0.0 0.18 2 TOUCH_MOVE a
1400680408051 6 4098 53.496586 978.9544 0.16666667 3.0 3.0 3.0 3.0 0.0 0.18400002 2 TOUCH_MOVE a
1400680408067 6 4098 54.461468 977.9895 0.16666667 3.0 3.0 3.0 3.0 0.0 0.18400002 2 TOUCH_MOVE a
1400680408083 6 4098 55.4241 977.0269 0.16666667 3.0 3.0 3.0 3.0 0.0 0.18400002 2 TOUCH_MOVE a
1400680408100 6 4098 57.156834 975.67975 0.16666667 3.0 3.0 3.0 3.0 0.0 0.18400002 2 TOUCH_MOVE a
1400680408126 6 4098 59.5 974.451 0.16666667 3.0 3.0 3.0 3.0 0.0 0.18 2 TOUCH_MOVE a
1400680408138 6 4098 59.5 974.451 0.16666667 3.0 3.0 3.0 3.0 0.0 0.18 1 TOUCH_UP a
1400680408342 6 4098 263.5 868.451 0.23333335 4.0 4.0 4.0 4.0 0.0 0.18400002 0 TOUCH_DOWN r
1400680408387 6 4098 262.1974 869.2185 0.23333335 4.0 4.0 4.0 4.0 0.0 0.18400002 2 TOUCH_MOVE r
1400680408401 6 4098 261.0 869.451 0.20000002 3.0 3.0 3.0 3.0 0.0 0.17600001 2 TOUCH_MOVE r
1400680408415 6 4098 261.0 869.451 0.16666667 3.0 3.0 3.0 3.0 0.0 0.1 2 TOUCH_MOVE r
1400680408421 6 4098 261.0 869.451 0.16666667 3.0 3.0 3.0 3.0 0.0 0.1 1 TOUCH_UP r
1400680408534 6 4098 192.5 858.451 0.13333334 2.0 2.0 2.0 2.0 0.0 0.17600001 0 TOUCH_DOWN e
1400680408586 6 4098 192.19717 858.451 0.13333334 2.0 2.0 2.0 2.0 0.0 0.18400002 2 TOUCH_MOVE e
1400680408601 6 4098 191.18805 858.451 0.13333334 2.0 2.0 2.0 2.0 0.0 0.18 2 TOUCH_MOVE e
1400680408617 6 4098 191.0 858.451 0.13333334 2.0 2.0 2.0 2.0 0.0 0.128 2 TOUCH_MOVE e
1400680408622 6 4098 191.0 858.451 0.13333334 2.0 2.0 2.0 2.0 0.0 0.128 1 TOUCH_UP e
1400680408901 6 4098 304.5 1219.4509 0.23333335 4.0 4.0 4.0 4.0 0.0 0.21200001 0 TOUCH_DOWN Space
1400680408906 6 4098 304.5 1219.4509 0.23333335 4.0 4.0 4.0 4.0 0.0 0.224 2 TOUCH_MOVE Space
1400680408951 6 4098 303.45743 1219.4509 0.26666668 5.0 5.0 5.0 5.0 0.0 0.24000001 2 TOUCH_MOVE Space
1400680409003 6 4098 303.5 1219.4509 0.23333335 4.0 4.0 4.0 4.0 0.0 0.21200001 2 TOUCH_MOVE Space
1400680409007 6 4098 303.5 1219.4509 0.23333335 4.0 4.0 4.0 4.0 0.0 0.21200001 1 TOUCH_UP Space
1400680409119 6 4098 314.5 850.951 0.23333335 4.0 4.0 4.0 4.0 0.0 0.18400002 0 TOUCH_DOWN t
1400680409141 6 4098 315.2956 850.951 0.20000002 4.0 4.0 4.0 4.0 0.0 0.18400002 2 TOUCH_MOVE t
1400680409151 6 4098 317.2453 850.951 0.20000002 4.0 4.0 4.0 4.0 0.0 0.18800001 2 TOUCH_MOVE t
1400680409168 6 4098 319.14493 852.02344 0.23333335 5.0 5.0 5.0 5.0 0.0 0.18800001 2 TOUCH_MOVE t
1400680409192 6 4098 319.84686 852.79785 0.20000002 4.0 4.0 4.0 4.0 0.0 0.18400002 2 TOUCH_MOVE t
1400680409201 6 4098 320.5 852.951 0.16666667 3.0 3.0 3.0 3.0 0.0 0.108 2 TOUCH_MOVE t
1400680409205 6 4098 320.5 852.951 0.16666667 3.0 3.0 3.0 3.0 0.0 0.108 1 TOUCH_UP t
1400680409302 6 4098 448.5 972.951 0.20000002 4.0 4.0 4.0 4.0 0.0 0.19600001 0 TOUCH_DOWN h
1400680409368 6 4098 448.5 972.951 0.26666668 5.0 5.0 5.0 5.0 0.0 0.14400001 2 TOUCH_MOVE h
1400680409375 6 4098 448.5 972.951 0.26666668 5.0 5.0 5.0 5.0 0.0 0.14400001 1 TOUCH_UP h
1400680409431 6 4098 186.5 860.451 0.13333334 2.0 2.0 2.0 2.0 0.0 0.16800001 0 TOUCH_DOWN e
1400680409468 6 4098 186.5 860.451 0.13333334 2.0 2.0 2.0 2.0 0.0 0.17600001 2 TOUCH_MOVE e
1400680409485 6 4098 187.0 859.5631 0.13333334 2.0 2.0 2.0 2.0 0.0 0.17600001 2 TOUCH_MOVE e
1400680409503 6 4098 187.0 858.7315 0.13333334 2.0 2.0 2.0 2.0 0.0 0.17600001 2 TOUCH_MOVE e
1400680409518 6 4098 187.5 858.951 0.13333334 2.0 2.0 2.0 2.0 0.0 0.17600001 2 TOUCH_MOVE e
1400680409543 6 4098 187.5 858.951 0.13333334 2.0 2.0 2.0 2.0 0.0 0.15200001 2 TOUCH_MOVE e
1400680409547 6 4098 187.5 858.951 0.13333334 2.0 2.0 2.0 2.0 0.0 0.15200001 1 TOUCH_UP e
1400680409754 6 4098 318.0 1234.4509 0.20000002 4.0 4.0 4.0 4.0 0.0 0.20400001 0 TOUCH_DOWN Space
1400680409771 6 4098 317.6066 1234.4509 0.23333335 5.0 5.0 5.0 5.0 0.0 0.216 2 TOUCH_MOVE Space
1400680409785 6 4098 316.74615 1233.697 0.26666668 5.0 5.0 5.0 5.0 0.0 0.22800002 2 TOUCH_MOVE Space
1400680409816 6 4098 315.7831 1232.734 0.26666668 5.0 5.0 5.0 5.0 0.0 0.224 2 TOUCH_MOVE Space
1400680409860 6 4098 316.0 1232.9509 0.23333335 4.0 4.0 4.0 4.0 0.0 0.18800001 2 TOUCH_MOVE Space
1400680409866 6 4098 316.0 1232.9509 0.23333335 4.0 4.0 4.0 4.0 0.0 0.18800001 1 TOUCH_UP Space
1400680410181 6 4098 106.0 862.951 0.23333335 5.0 5.0 5.0 5.0 0.0 0.17600001 0 TOUCH_DOWN w
1400680410198 6 4098 105.85175 862.951 0.23333335 5.0 5.0 5.0 5.0 0.0 0.18 2 TOUCH_MOVE w
1400680410219 6 4098 104.840416 862.951 0.23333335 5.0 5.0 5.0 5.0 0.0 0.18400002 2 TOUCH_MOVE w
1400680410252 6 4098 104.34741 862.951 0.23333335 5.0 5.0 5.0 5.0 0.0 0.18400002 2 TOUCH_MOVE w
1400680410275 6 4098 104.34741 862.951 0.23333335 5.0 5.0 5.0 5.0 0.0 0.18400002 1 TOUCH_UP w
1400680410417 6 4098 611.5 851.451 0.23333335 5.0 5.0 5.0 5.0 0.0 0.18400002 0 TOUCH_DOWN o
1400680410422 6 4098 611.5 851.451 0.26666668 5.0 5.0 5.0 5.0 0.0 0.18800001 2 TOUCH_MOVE o
1400680410452 6 4098 611.14685 850.59784 0.26666668 5.0 5.0 5.0 5.0 0.0 0.192 2 TOUCH_MOVE o
1400680410471 6 4098 610.0 848.701 0.26666668 5.0 5.0 5.0 5.0 0.0 0.192 2 TOUCH_MOVE o
1400680410490 6 4098 610.0 848.951 0.20000002 4.0 4.0 4.0 4.0 0.0 0.164 2 TOUCH_MOVE o
1400680410493 6 4098 610.0 848.951 0.20000002 4.0 4.0 4.0 4.0 0.0 0.164 1 TOUCH_UP o
1400680410735 6 4098 254.0 860.451 0.16666667 3.0 3.0 3.0 3.0 0.0 0.17600001 0 TOUCH_DOWN r
1400680410772 6 4098 254.0 859.819 0.16666667 3.0 3.0 3.0 3.0 0.0 0.18400002 2 TOUCH_MOVE r
1400680410786 6 4098 254.0 858.88214 0.16666667 3.0 3.0 3.0 3.0 0.0 0.18 2 TOUCH_MOVE r
1400680410803 6 4098 255.06375 857.88727 0.16666667 3.0 3.0 3.0 3.0 0.0 0.18400002 2 TOUCH_MOVE r
1400680410831 6 4098 255.06375 857.88727 0.16666667 3.0 3.0 3.0 3.0 0.0 0.18400002 1 TOUCH_UP r
1400680410984 6 4098 663.0 976.451 0.23333335 5.0 5.0 5.0 5.0 0.0 0.17600001 0 TOUCH_DOWN l
1400680410987 6 4098 663.0 976.451 0.20000002 4.0 4.0 4.0 4.0 0.0 0.18400002 2 TOUCH_MOVE l
1400680411061 6 4098 663.0 976.451 0.20000002 4.0 4.0 4.0 4.0 0.0 0.18400002 1 TOUCH_UP l
1400680411477 6 4098 227.0 974.951 0.20000002 4.0 4.0 4.0 4.0 0.0 0.18 0 TOUCH_DOWN d
1400680411507 6 4098 226.48077 974.951 0.20000002 4.0 4.0 4.0 4.0 0.0 0.18400002 2 TOUCH_MOVE d
1400680411520 6 4098 225.48923 974.951 0.23333335 5.0 5.0 5.0 5.0 0.0 0.18400002 2 TOUCH_MOVE d
1400680411538 6 4098 224.0645 974.4832 0.20000002 4.0 4.0 4.0 4.0 0.0 0.18400002 2 TOUCH_MOVE d
1400680411556 6 4098 222.55463 974.451 0.20000002 4.0 4.0 4.0 4.0 0.0 0.18400002 2 TOUCH_MOVE d
1400680411570 6 4098 221.75 974.451 0.20000002 4.0 4.0 4.0 4.0 0.0 0.18400002 2 TOUCH_MOVE d
1400680411589 6 4098 221.5 974.451 0.23333335 5.0 5.0 5.0 5.0 0.0 0.18 2 TOUCH_MOVE d
1400680411596 6 4098 221.5 974.451 0.23333335 5.0 5.0 5.0 5.0 0.0 0.136 2 TOUCH_MOVE d
1400680411601 6 4098 221.5 974.451 0.23333335 5.0 5.0 5.0 5.0 0.0 0.136 1 TOUCH_UP d
1400680412572 6 4098 426.5 1211.4509 0.23333335 4.0 4.0 4.0 4.0 0.0 0.19600001 0 TOUCH_DOWN ,
1400680412577 6 4098 426.5 1211.6351 0.23333335 4.0 4.0 4.0 4.0 0.0 0.20400001 2 TOUCH_MOVE ,
1400680412599 6 4098 426.5 1212.2009 0.23333335 4.0 4.0 4.0 4.0 0.0 0.20400001 2 TOUCH_MOVE ,
1400680412618 6 4098 426.0 1211.9509 0.23333335 4.0 4.0 4.0 4.0 0.0 0.18800001 2 TOUCH_MOVE ,
1400680412628 6 4098 426.0 1211.9509 0.23333335 4.0 4.0 4.0 4.0 0.0 0.18800001 1 TOUCH_UP ,
1400680412846 6 4098 293.0 1229.9509 0.23333335 4.0 4.0 4.0 4.0 0.0 0.208 0 TOUCH_DOWN Space
1400680412855 6 4098 293.0 1229.9509 0.23333335 4.0 4.0 4.0 4.0 0.0 0.216 2 TOUCH_MOVE Space
1400680412914 6 4098 293.0 1229.9509 0.10000001 2.0 2.0 2.0 2.0 0.0 0.1 2 TOUCH_MOVE Space
1400680412926 6 4098 293.0 1229.9509 0.10000001 2.0 2.0 2.0 2.0 0.0 0.1 1 TOUCH_UP Space
1400680413711 6 4098 98.5 864.451 0.20000002 4.0 4.0 4.0 4.0 0.0 0.17600001 0 TOUCH_DOWN w
1400680413773 6 4098 98.5 864.451 0.23333335 5.0 5.0 5.0 5.0 0.0 0.18400002 2 TOUCH_MOVE w
1400680413803 6 4098 99.0 864.451 0.26666668 5.0 5.0 5.0 5.0 0.0 0.172 2 TOUCH_MOVE w
1400680413820 6 4098 99.0 864.451 0.26666668 5.0 5.0 5.0 5.0 0.0 0.172 1 TOUCH_UP w
1400680413925 6 4098 188.0 867.951 0.13333334 2.0 2.0 2.0 2.0 0.0 0.18 0 TOUCH_DOWN e
1400680413974 6 4098 188.0 867.951 0.13333334 2.0 2.0 2.0 2.0 0.0 0.17600001 2 TOUCH_MOVE e
1400680414020 6 4098 188.0 867.951 0.13333334 2.0 2.0 2.0 2.0 0.0 0.17600001 1 TOUCH_UP e
1400680414419 6 4098 306.5 1230.9509 0.20000002 4.0 4.0 4.0 4.0 0.0 0.21200001 0 TOUCH_DOWN Space
1400680414442 6 4098 304.55646 1230.9509 0.26666668 5.0 5.0 5.0 5.0 0.0 0.224 2 TOUCH_MOVE Space
1400680414468 6 4098 303.5 1230.9509 0.26666668 5.0 5.0 5.0 5.0 0.0 0.22800002 2 TOUCH_MOVE Space
1400680414506 6 4098 304.0 1230.9509 0.20000002 3.0 3.0 3.0 3.0 0.0 0.17600001 2 TOUCH_MOVE Space
1400680414516 6 4098 304.0 1230.9509 0.20000002 3.0 3.0 3.0 3.0 0.0 0.17600001 1 TOUCH_UP Space
1400680414956 6 4098 45.0 977.951 0.16666667 3.0 3.0 3.0 3.0 0.0 0.16000001 0 TOUCH_DOWN a
1400680414984 6 4098 45.0 977.951 0.16666667 3.0 3.0 3.0 3.0 0.0 0.16800001 2 TOUCH_MOVE a
1400680415042 6 4098 50.930984 976.59326 0.16666667 3.0 3.0 3.0 3.0 0.0 0.18 2 TOUCH_MOVE a
1400680415056 6 4098 51.5 976.451 0.13333334 2.0 2.0 2.0 2.0 0.0 0.1 2 TOUCH_MOVE a
1400680415061 6 4098 51.5 976.451 0.13333334 2.0 2.0 2.0 2.0 0.0 0.1 1 TOUCH_UP a
1400680415365 6 4098 253.0 867.451 0.13333334 2.0 2.0 2.0 2.0 0.0 0.164 0 TOUCH_DOWN r
1400680415377 6 4098 253.0 867.451 0.13333334 2.0 2.0 2.0 2.0 0.0 0.17600001 2 TOUCH_MOVE r
1400680415407 6 4098 249.65802 866.337 0.13333334 2.0 2.0 2.0 2.0 0.0 0.17600001 2 TOUCH_MOVE r
1400680415425 6 4098 240.38802 863.6174 0.16666667 3.0 3.0 3.0 3.0 0.0 0.148 2 TOUCH_MOVE r
1400680415436 6 4098 240.38802 863.6174 0.16666667 3.0 3.0 3.0 3.0 0.0 0.148 1 TOUCH_UP r
1400680415543 6 4098 159.0 864.451 0.23333335 5.0 5.0 5.0 5.0 0.0 0.18 0 TOUCH_DOWN e
1400680415644 6 4098 159.0 864.451 0.23333335 5.0 5.0 5.0 5.0 0.0 0.18 1 TOUCH_UP e
1400680415941 6 4098 321.0 1216.9509 0.23333335 4.0 4.0 4.0 4.0 0.0 0.22000001 0 TOUCH_DOWN Space
1400680415967 6 4098 320.52286 1217.4281 0.23333335 4.0 4.0 4.0 4.0 0.0 0.224 2 TOUCH_MOVE Space
1400680415974 6 4098 318.65784 1217.8721 0.26666668 5.0 5.0 5.0 5.0 0.0 0.24000001 2 TOUCH_MOVE Space
1400680415991 6 4098 318.0 1218.2487 0.26666668 5.0 5.0 5.0 5.0 0.0 0.24800001 2 TOUCH_MOVE Space
1400680416008 6 4098 317.25 1218.4509 0.26666668 5.0 5.0 5.0 5.0 0.0 0.24800001 2 TOUCH_MOVE Space
1400680416055 6 4098 317.25 1218.4509 0.26666668 5.0 5.0 5.0 5.0 0.0 0.24800001 1 TOUCH_UP Space
1400680416140 6 4098 322.0 858.451 0.23333335 5.0 5.0 5.0 5.0 0.0 0.18400002 0 TOUCH_DOWN t
1400680416175 6 4098 322.0 857.45953 0.20000002 4.0 4.0 4.0 4.0 0.0 0.18400002 2 TOUCH_MOVE t
1400680416192 6 4098 322.0 856.49695 0.23333335 5.0 5.0 5.0 5.0 0.0 0.18400002 2 TOUCH_MOVE t
1400680416210 6 4098 321.57773 855.52875 0.20000002 4.0 4.0 4.0 4.0 0.0 0.18400002 2 TOUCH_MOVE t
1400680416216 6 4098 321.5 855.451 0.20000002 4.0 4.0 4.0 4.0 0.0 0.172 2 TOUCH_MOVE t
1400680416221 6 4098 321.5 855.451 0.20000002 4.0 4.0 4.0 4.0 0.0 0.172 1 TOUCH_UP t
1400680416339 6 4098 444.0 972.451 0.23333335 5.0 5.0 5.0 5.0 0.0 0.192 0 TOUCH_DOWN h
1400680416406 6 4098 443.5 972.951 0.23333335 5.0 5.0 5.0 5.0 0.0 0.18 2 TOUCH_MOVE h
1400680416411 6 4098 443.5 972.951 0.23333335 5.0 5.0 5.0 5.0 0.0 0.18 1 TOUCH_UP h
1400680416494 6 4098 180.0 848.951 0.13333334 2.0 2.0 2.0 2.0 0.0 0.16800001 0 TOUCH_DOWN e
1400680416511 6 4098 180.38623 848.951 0.13333334 2.0 2.0 2.0 2.0 0.0 0.172 2 TOUCH_MOVE e
1400680416526 6 4098 181.24153 848.951 0.13333334 2.0 2.0 2.0 2.0 0.0 0.18 2 TOUCH_MOVE e
1400680416542 6 4098 182.20421 848.951 0.13333334 2.0 2.0 2.0 2.0 0.0 0.18 2 TOUCH_MOVE e
1400680416559 6 4098 183.06744 848.951 0.13333334 2.0 2.0 2.0 2.0 0.0 0.172 2 TOUCH_MOVE e
1400680416575 6 4098 184.1352 848.951 0.13333334 2.0 2.0 2.0 2.0 0.0 0.112 2 TOUCH_MOVE e
1400680416588 6 4098 184.1352 848.951 0.13333334 2.0 2.0 2.0 2.0 0.0 0.112 1 TOUCH_UP e
1400680416820 6 4098 324.5 1228.9509 0.26666668 5.0 5.0 5.0 5.0 0.0 0.21200001 0 TOUCH_DOWN Space
1400680416825 6 4098 324.5 1228.9509 0.26666668 5.0 5.0 5.0 5.0 0.0 0.22000001 2 TOUCH_MOVE Space
1400680416925 6 4098 324.5 1228.9509 0.23333335 4.0 4.0 4.0 4.0 0.0 0.19600001 2 TOUCH_MOVE Space
1400680416936 6 4098 324.5 1228.9509 0.20000002 3.0 3.0 3.0 3.0 0.0 0.108 2 TOUCH_MOVE Space
1400680416942 6 4098 324.5 1228.9509 0.20000002 3.0 3.0 3.0 3.0 0.0 0.108 1 TOUCH_UP Space
1400680417128 6 4098 269.0 1131.4509 0.23333335 4.0 4.0 4.0 4.0 0.0 0.23200001 0 TOUCH_DOWN c
1400680417158 6 4098 268.54816 1131.4509 0.26666668 4.0 4.0 4.0 4.0 0.0 0.24000001 2 TOUCH_MOVE c
1400680417177 6 4098 267.25 1131.4509 0.26666668 4.0 4.0 4.0 4.0 0.0 0.23600002 2 TOUCH_MOVE c
1400680417192 6 4098 268.90512 1130.8475 0.3 5.0 5.0 5.0 5.0 0.0 0.22800002 2 TOUCH_MOVE c
1400680417209 6 4098 275.0 1127.4509 0.26666668 4.0 4.0 4.0 4.0 0.0 0.21200001 2 TOUCH_MOVE c
1400680417219 6 4098 275.0 1127.4509 0.3 5.0 5.0 5.0 5.0 0.0 0.18800001 2 TOUCH_MOVE c
1400680417224 6 4098 275.0 1127.4509 0.3 5.0 5.0 5.0 5.0 0.0 0.18800001 1 TOUCH_UP c
1400680417395 6 4098 448.0 1003.951 0.3 5.0 5.0 5.0 5.0 0.0 0.2 0 TOUCH_DOWN h
1400680417412 6 4098 448.0 1003.951 0.33333334 5.0 5.0 5.0 5.0 0.0 0.2 2 TOUCH_MOVE h
1400680417442 6 4098 448.5236 1002.6656 0.33333334 5.0 5.0 5.0 5.0 0.0 0.192 2 TOUCH_MOVE h
1400680417461 6 4098 449.0 1001.951 0.20000002 3.0 3.0 3.0 3.0 0.0 0.104 2 TOUCH_MOVE h
1400680417466 6 4098 449.0 1001.951 0.20000002 3.0 3.0 3.0 3.0 0.0 0.104 1 TOUCH_UP h
1400680417611 6 4098 539.0 854.951 0.20000002 4.0 4.0 4.0 4.0 0.0 0.19600001 0 TOUCH_DOWN i
1400680417641 6 4098 539.0 854.6674 0.20000002 4.0 4.0 4.0 4.0 0.0 0.2 2 TOUCH_MOVE i
1400680417663 6 4098 538.5 853.1549 0.23333335 4.0 4.0 4.0 4.0 0.0 0.20400001 2 TOUCH_MOVE i
1400680417678 6 4098 538.5 852.701 0.23333335 4.0 4.0 4.0 4.0 0.0 0.2 2 TOUCH_MOVE i
1400680417701 6 4098 538.5 852.701 0.23333335 4.0 4.0 4.0 4.0 0.0 0.2 1 TOUCH_UP i
1400680417888 6 4098 633.5 973.951 0.13333334 2.0 2.0 2.0 2.0 0.0 0.17600001 0 TOUCH_DOWN l
1400680417894 6 4098 633.5 973.951 0.16666667 3.0 3.0 3.0 3.0 0.0 0.17600001 2 TOUCH_MOVE l
1400680417924 6 4098 633.5 973.951 0.16666667 3.0 3.0 3.0 3.0 0.0 0.17600001 1 TOUCH_UP l
1400680418757 6 4098 222.0 977.951 0.23333335 5.0 5.0 5.0 5.0 0.0 0.172 0 TOUCH_DOWN d
1400680418767 6 4098 222.0 977.951 0.23333335 5.0 5.0 5.0 5.0 0.0 0.17600001 2 TOUCH_MOVE d
1400680418794 6 4098 220.63927 977.951 0.23333335 5.0 5.0 5.0 5.0 0.0 0.17600001 2 TOUCH_MOVE d
1400680418811 6 4098 219.68846 977.951 0.23333335 5.0 5.0 5.0 5.0 0.0 0.17600001 2 TOUCH_MOVE d
1400680418833 6 4098 218.75 977.951 0.23333335 5.0 5.0 5.0 5.0 0.0 0.156 2 TOUCH_MOVE d
1400680418847 6 4098 218.75 977.951 0.23333335 5.0 5.0 5.0 5.0 0.0 0.156 1 TOUCH_UP d
1400680419067 6 4098 245.5 861.951 0.13333334 2.0 2.0 2.0 2.0 0.0 0.172 0 TOUCH_DOWN r
1400680419077 6 4098 245.5 861.951 0.13333334 2.0 2.0 2.0 2.0 0.0 0.17600001 2 TOUCH_MOVE r
1400680419129 6 4098 245.5 861.1335 0.13333334 2.0 2.0 2.0 2.0 0.0 0.17600001 2 TOUCH_MOVE r
1400680419144 6 4098 244.89194 860.3429 0.13333334 2.0 2.0 2.0 2.0 0.0 0.17600001 2 TOUCH_MOVE r
1400680419161 6 4098 241.14516 858.8091 0.16666667 3.0 3.0 3.0 3.0 0.0 0.14400001 2 TOUCH_MOVE r
1400680419170 6 4098 241.14516 858.8091 0.16666667 3.0 3.0 3.0 3.0 0.0 0.14400001 1 TOUCH_UP r
1400680419285 6 4098 183.0 851.451 0.13333334 2.0 2.0 2.0 2.0 0.0 0.17600001 0 TOUCH_DOWN e
1400680419315 6 4098 181.51176 852.1951 0.20000002 4.0 4.0 4.0 4.0 0.0 0.18400002 2 TOUCH_MOVE e
1400680419328 6 4098 179.5874 853.1573 0.20000002 4.0 4.0 4.0 4.0 0.0 0.18400002 2 TOUCH_MOVE e
1400680419344 6 4098 177.5 853.701 0.20000002 4.0 4.0 4.0 4.0 0.0 0.18 2 TOUCH_MOVE e
1400680419361 6 4098 175.7237 853.451 0.20000002 4.0 4.0 4.0 4.0 0.0 0.18 2 TOUCH_MOVE e
1400680419368 6 4098 175.7237 853.451 0.20000002 4.0 4.0 4.0 4.0 0.0 0.18 1 TOUCH_UP e
1400680420016 6 4098 512.0 1097.9509 0.3 5.0 5.0 5.0 5.0 0.0 0.192 0 TOUCH_DOWN n
1400680420036 6 4098 510.14886 1098.5928 0.3 5.0 5.0 5.0 5.0 0.0 0.208 2 TOUCH_MOVE n
1400680420052 6 4098 505.13412 1099.6241 0.3 5.0 5.0 5.0 5.0 0.0 0.208 2 TOUCH_MOVE n
1400680420062 6 4098 501.87576 1100.4923 0.3 5.0 5.0 5.0 5.0 0.0 0.20400001 2 TOUCH_MOVE n
1400680420079 6 4098 499.3507 1101.5255 0.3 5.0 5.0 5.0 5.0 0.0 0.18400002 2 TOUCH_MOVE n
1400680420092 6 4098 499.0 1101.9509 0.20000002 3.0 3.0 3.0 3.0 0.0 0.104 2 TOUCH_MOVE n
1400680420096 6 4098 499.0 1101.9509 0.20000002 3.0 3.0 3.0 3.0 0.0 0.104 1 TOUCH_UP n
1400680420694 6 4098 679.0 1208.4509 0.23333335 4.0 4.0 4.0 4.0 0.0 0.17600001 0 TOUCH_DOWN Enter
1400680420698 6 4098 679.0 1208.6993 0.23333335 4.0 4.0 4.0 4.0 0.0 0.18 2 TOUCH_MOVE Enter
1400680420712 6 4098 678.04 1209.4509 0.26666668 5.0 5.0 5.0 5.0 0.0 0.18400002 2 TOUCH_MOVE Enter
1400680420735 6 4098 676.8064 1209.4509 0.23333335 4.0 4.0 4.0 4.0 0.0 0.18400002 2 TOUCH_MOVE Enter
1400680420745 6 4098 675.82715 1210.1238 0.23333335 4.0 4.0 4.0 4.0 0.0 0.18 2 TOUCH_MOVE Enter
1400680420759 6 4098 675.5 1210.4509 0.26666668 5.0 5.0 5.0 5.0 0.0 0.164 2 TOUCH_MOVE Enter
1400680420763 6 4098 675.5 1210.4509 0.26666668 5.0 5.0 5.0 5.0 0.0 0.164 1 TOUCH_UP Enter
1400680421288 6 4098 102.5 861.951 0.23333335 5.0 5.0 5.0 5.0 0.0 0.18 0 TOUCH_DOWN W
1400680421329 6 4098 104.30698 861.951 0.20000002 4.0 4.0 4.0 4.0 0.0 0.18 2 TOUCH_MOVE W
1400680421346 6 4098 107.09281 861.951 0.20000002 4.0 4.0 4.0 4.0 0.0 0.17600001 2 TOUCH_MOVE W
1400680421364 6 4098 108.5 861.951 0.16666667 3.0 3.0 3.0 3.0 0.0 0.104 2 TOUCH_MOVE W
1400680421368 6 4098 108.5 861.951 0.16666667 3.0 3.0 3.0 3.0 0.0 0.104 1 TOUCH_UP W
1400680421493 6 4098 186.0 859.951 0.13333334 2.0 2.0 2.0 2.0 0.0 0.17600001 0 TOUCH_DOWN e
1400680421547 6 4098 185.12747 859.951 0.20000002 4.0 4.0 4.0 4.0 0.0 0.18800001 2 TOUCH_MOVE e
1400680421563 6 4098 181.8078 860.3484 0.20000002 4.0 4.0 4.0 4.0 0.0 0.18400002 2 TOUCH_MOVE e
1400680421580 6 4098 181.5 860.451 0.13333334 2.0 2.0 2.0 2.0 0.0 0.112 2 TOUCH_MOVE e
1400680421585 6 4098 181.5 860.451 0.13333334 2.0 2.0 2.0 2.0 0.0 0.112 1 TOUCH_UP e
1400680421799 6 4098 338.5 1229.9509 0.26666668 5.0 5.0 5.0 5.0 0.0 0.21200001 0 TOUCH_DOWN Space
1400680421819 6 4098 337.63925 1229.9509 0.26666668 5.0 5.0 5.0 5.0 0.0 0.224 2 TOUCH_MOVE Space
1400680421844 6 4098 336.678 1229.9509 0.26666668 5.0 5.0 5.0 5.0 0.0 0.224 2 TOUCH_MOVE Space
1400680421863 6 4098 336.25 1229.9509 0.26666668 5.0 5.0 5.0 5.0 0.0 0.22000001 2 TOUCH_MOVE Space
1400680421881 6 4098 336.5 1229.9509 0.26666668 5.0 5.0 5.0 5.0 0.0 0.18 2 TOUCH_MOVE Space
1400680421889 6 4098 336.5 1229.9509 0.26666668 5.0 5.0 5.0 5.0 0.0 0.18 1 TOUCH_UP Space
1400680422371 6 4098 260.5 858.951 0.20000002 4.0 4.0 4.0 4.0 0.0 0.18 0 TOUCH_DOWN r
1400680422422 6 4098 257.65274 858.951 0.13333334 2.0 2.0 2.0 2.0 0.0 0.17600001 2 TOUCH_MOVE r
1400680422454 6 4098 245.9798 858.4481 0.13333334 2.0 2.0 2.0 2.0 0.0 0.156 2 TOUCH_MOVE r
1400680422458 6 4098 245.9798 858.4481 0.13333334 2.0 2.0 2.0 2.0 0.0 0.156 1 TOUCH_UP r
1400680422568 6 4098 168.5 855.951 0.20000002 4.0 4.0 4.0 4.0 0.0 0.17600001 0 TOUCH_DOWN e
1400680422631 6 4098 168.5 855.951 0.23333335 5.0 5.0 5.0 5.0 0.0 0.18 2 TOUCH_MOVE e
1400680422644 6 4098 168.5 855.951 0.23333335 5.0 5.0 5.0 5.0 0.0 0.148 2 TOUCH_MOVE e
1400680422649 6 4098 168.5 855.951 0.23333335 5.0 5.0 5.0 5.0 0.0 0.148 1 TOUCH_UP e
1400680423186 6 4098 695.0 1139.9509 0.13333334 2.0 2.0 2.0 2.0 0.0 0.17600001 0 TOUCH_DOWN Back
1400680423214 6 4098 694.64984 1140.801 0.13333334 2.0 2.0 2.0 2.0 0.0 0.18 2 TOUCH_MOVE Back
1400680423231 6 4098 694.0 1141.7568 0.13333334 2.0 2.0 2.0 2.0 0.0 0.17600001 2 TOUCH_MOVE Back
1400680423248 6 4098 694.0 1142.6625 0.13333334 2.0 2.0 2.0 2.0 0.0 0.172 2 TOUCH_MOVE Back
1400680423252 6 4098 694.0 1142.6625 0.13333334 2.0 2.0 2.0 2.0 0.0 0.172 1 TOUCH_UP Back
1400680423660 6 4098 689.0 1083.9509 0.16666667 3.0 3.0 3.0 3.0 0.0 0.18 0 TOUCH_DOWN Back
1400680423667 6 4098 689.0 1083.9509 0.16666667 3.0 3.0 3.0 3.0 0.0 0.18400002 2 TOUCH_MOVE Back
1400680423699 6 4098 687.7702 1085.1808 0.16666667 3.0 3.0 3.0 3.0 0.0 0.18400002 2 TOUCH_MOVE Back
1400680423715 6 4098 686.75 1086.2009 0.16666667 3.0 3.0 3.0 3.0 0.0 0.17600001 2 TOUCH_MOVE Back
1400680423722 6 4098 686.75 1086.2009 0.16666667 3.0 3.0 3.0 3.0 0.0 0.17600001 1 TOUCH_UP Back
1400680424219 6 4098 44.0 979.951 0.20000002 3.0 3.0 3.0 3.0 0.0 0.16000001 0 TOUCH_DOWN a
1400680424234 6 4098 44.0 979.951 0.20000002 3.0 3.0 3.0 3.0 0.0 0.14400001 2 TOUCH_MOVE a
1400680424267 6 4098 45.089813 979.951 0.16666667 3.0 3.0 3.0 3.0 0.0 0.17600001 2 TOUCH_MOVE a
1400680424282 6 4098 46.056683 979.3943 0.16666667 3.0 3.0 3.0 3.0 0.0 0.172 2 TOUCH_MOVE a
1400680424299 6 4098 46.5 978.435 0.16666667 3.0 3.0 3.0 3.0 0.0 0.14400001 2 TOUCH_MOVE a
1400680424309 6 4098 46.5 978.435 0.16666667 3.0 3.0 3.0 3.0 0.0 0.14400001 1 TOUCH_UP a
1400680424718 6 4098 251.5 863.951 0.13333334 2.0 2.0 2.0 2.0 0.0 0.17600001 0 TOUCH_DOWN r
1400680424724 6 4098 251.5 863.951 0.16666667 3.0 3.0 3.0 3.0 0.0 0.17600001 2 TOUCH_MOVE r
1400680424753 6 4098 252.54413 862.40686 0.16666667 3.0 3.0 3.0 3.0 0.0 0.18400002 2 TOUCH_MOVE r
1400680424766 6 4098 253.0 861.4311 0.13333334 2.0 2.0 2.0 2.0 0.0 0.18 2 TOUCH_MOVE r
1400680424785 6 4098 250.03012 860.2944 0.13333334 2.0 2.0 2.0 2.0 0.0 0.18 2 TOUCH_MOVE r
1400680424812 6 4098 245.0 858.451 0.16666667 3.0 3.0 3.0 3.0 0.0 0.1 2 TOUCH_MOVE r
1400680424816 6 4098 245.0 858.451 0.16666667 3.0 3.0 3.0 3.0 0.0 0.1 1 TOUCH_UP r
1400680424919 6 4098 182.5 856.451 0.13333334 2.0 2.0 2.0 2.0 0.0 0.18 0 TOUCH_DOWN e
1400680424932 6 4098 181.84778 856.451 0.16666667 3.0 3.0 3.0 3.0 0.0 0.18400002 2 TOUCH_MOVE e
1400680424953 6 4098 179.7702 857.5659 0.16666667 3.0 3.0 3.0 3.0 0.0 0.18800001 2 TOUCH_MOVE e
1400680424966 6 4098 177.83636 858.5328 0.20000002 4.0 4.0 4.0 4.0 0.0 0.18800001 2 TOUCH_MOVE e
1400680424983 6 4098 176.44217 858.451 0.16666667 3.0 3.0 3.0 3.0 0.0 0.18400002 2 TOUCH_MOVE e
1400680424999 6 4098 174.97461 858.451 0.20000002 4.0 4.0 4.0 4.0 0.0 0.17600001 2 TOUCH_MOVE e
1400680425008 6 4098 174.97461 858.451 0.20000002 4.0 4.0 4.0 4.0 0.0 0.17600001 1 TOUCH_UP e
1400680425418 6 4098 317.5 1226.4509 0.23333335 4.0 4.0 4.0 4.0 0.0 0.216 0 TOUCH_DOWN Space
1400680425433 6 4098 317.5 1226.4509 0.23333335 4.0 4.0 4.0 4.0 0.0 0.224 2 TOUCH_MOVE Space
1400680425456 6 4098 316.95746 1226.4509 0.26666668 5.0 5.0 5.0 5.0 0.0 0.23200001 2 TOUCH_MOVE Space
1400680425466 6 4098 316.25 1226.4509 0.26666668 5.0 5.0 5.0 5.0 0.0 0.22800002 2 TOUCH_MOVE Space
1400680425511 6 4098 316.25 1226.4509 0.26666668 5.0 5.0 5.0 5.0 0.0 0.22800002 1 TOUCH_UP Space
1400680425605 6 4098 333.0 842.451 0.3 5.0 5.0 5.0 5.0 0.0 0.18800001 0 TOUCH_DOWN t
1400680425617 6 4098 333.0 842.451 0.3 5.0 5.0 5.0 5.0 0.0 0.192 2 TOUCH_MOVE t
1400680425650 6 4098 334.1134 842.451 0.23333335 4.0 4.0 4.0 4.0 0.0 0.192 2 TOUCH_MOVE t
1400680425676 6 4098 334.60846 843.05945 0.23333335 4.0 4.0 4.0 4.0 0.0 0.18800001 2 TOUCH_MOVE t
1400680425686 6 4098 335.5 843.951 0.23333335 4.0 4.0 4.0 4.0 0.0 0.18400002 2 TOUCH_MOVE t
1400680425690 6 4098 335.5 843.951 0.16666667 3.0 3.0 3.0 3.0 0.0 0.104 2 TOUCH_MOVE t
1400680425696 6 4098 335.5 843.951 0.16666667 3.0 3.0 3.0 3.0 0.0 0.104 1 TOUCH_UP t
1400680425821 6 4098 456.0 980.451 0.23333335 4.0 4.0 4.0 4.0 0.0 0.2 0 TOUCH_DOWN h
1400680425835 6 4098 456.0 980.451 0.23333335 4.0 4.0 4.0 4.0 0.0 0.19600001 2 TOUCH_MOVE h
1400680425896 6 4098 456.0 980.451 0.23333335 4.0 4.0 4.0 4.0 0.0 0.19600001 1 TOUCH_UP h
1400680425951 6 4098 186.5 845.451 0.16666667 3.0 3.0 3.0 3.0 0.0 0.156 0 TOUCH_DOWN e
1400680426047 6 4098 186.5 845.451 0.16666667 3.0 3.0 3.0 3.0 0.0 0.156 1 TOUCH_UP e
1400680426184 6 4098 316.0 1234.9509 0.20000002 4.0 4.0 4.0 4.0 0.0 0.21200001 0 TOUCH_DOWN Space
1400680426219 6 4098 314.60977 1234.4509 0.23333335 5.0 5.0 5.0 5.0 0.0 0.224 2 TOUCH_MOVE Space
1400680426236 6 4098 313.68723 1233.9509 0.23333335 5.0 5.0 5.0 5.0 0.0 0.224 2 TOUCH_MOVE Space
1400680426262 6 4098 312.75 1233.2009 0.23333335 5.0 5.0 5.0 5.0 0.0 0.23200001 2 TOUCH_MOVE Space
1400680426302 6 4098 320.20993 1225.52 0.26666668 5.0 5.0 5.0 5.0 0.0 0.192 2 TOUCH_MOVE Space
1400680426307 6 4098 320.20993 1225.52 0.26666668 5.0 5.0 5.0 5.0 0.0 0.192 1 TOUCH_UP Space
1400680426613 6 4098 630.5 831.951 0.23333335 4.0 4.0 4.0 4.0 0.0 0.17600001 0 TOUCH_DOWN o
1400680426618 6 4098 630.5 831.951 0.23333335 4.0 4.0 4.0 4.0 0.0 0.18400002 2 TOUCH_MOVE o
1400680426651 6 4098 626.134 833.817 0.26666668 4.0 4.0 4.0 4.0 0.0 0.192 2 TOUCH_MOVE o
1400680426668 6 4098 622.1527 839.7219 0.23333335 5.0 5.0 5.0 5.0 0.0 0.17600001 2 TOUCH_MOVE o
1400680426675 6 4098 622.0 839.951 0.23333335 5.0 5.0 5.0 5.0 0.0 0.128 2 TOUCH_MOVE o
1400680426686 6 4098 622.0 839.951 0.23333335 5.0 5.0 5.0 5.0 0.0 0.128 1 TOUCH_UP o
1400680426889 6 4098 489.0 1126.4509 0.23333335 4.0 4.0 4.0 4.0 0.0 0.18400002 0 TOUCH_DOWN n
1400680426933 6 4098 489.0 1126.4509 0.23333335 4.0 4.0 4.0 4.0 0.0 0.18800001 2 TOUCH_MOVE n
1400680426940 6 4098 489.0 1126.4509 0.23333335 4.0 4.0 4.0 4.0 0.0 0.18800001 1 TOUCH_UP n
1400680427100 6 4098 191.0 855.951 0.13333334 2.0 2.0 2.0 2.0 0.0 0.17600001 0 TOUCH_DOWN e
1400680427206 6 4098 191.0 855.951 0.13333334 2.0 2.0 2.0 2.0 0.0 0.17600001 1 TOUCH_UP e
1400680428689 6 4098 125.0 969.451 0.13333334 2.0 2.0 2.0 2.0 0.0 0.16800001 0 TOUCH_DOWN s
1400680428704 6 4098 125.0 969.451 0.13333334 2.0 2.0 2.0 2.0 0.0 0.17600001 2 TOUCH_MOVE s
1400680428753 6 4098 126.90556 969.90375 0.13333334 2.0 2.0 2.0 2.0 0.0 0.17600001 2 TOUCH_MOVE s
1400680428770 6 4098 127.91904 969.951 0.13333334 2.0 2.0 2.0 2.0 0.0 0.156 2 TOUCH_MOVE s
1400680428778 6 4098 128.0 969.951 0.13333334 2.0 2.0 2.0 2.0 0.0 0.104 2 TOUCH_MOVE s
1400680428781 6 4098 128.0 969.951 0.13333334 2.0 2.0 2.0 2.0 0.0 0.104 1 TOUCH_UP s
1400680428938 6 4098 323.0 1231.4509 0.23333335 5.0 5.0 5.0 5.0 0.0 0.21200001 0 TOUCH_DOWN Space
1400680428961 6 4098 322.46625 1231.4509 0.23333335 5.0 5.0 5.0 5.0 0.0 0.224 2 TOUCH_MOVE Space
1400680428970 6 4098 321.04517 1231.4509 0.23333335 5.0 5.0 5.0 5.0 0.0 0.224 2 TOUCH_MOVE Space
1400680428987 6 4098 320.0527 1231.4509 0.23333335 5.0 5.0 5.0 5.0 0.0 0.224 2 TOUCH_MOVE Space
1400680429003 6 4098 319.75 1231.4509 0.23333335 5.0 5.0 5.0 5.0 0.0 0.224 2 TOUCH_MOVE Space
1400680429041 6 4098 319.75 1231.4509 0.23333335 5.0 5.0 5.0 5.0 0.0 0.224 1 TOUCH_UP Space
1400680429371 6 4098 111.0 854.451 0.20000002 4.0 4.0 4.0 4.0 0.0 0.17600001 0 TOUCH_DOWN w
1400680429410 6 4098 109.92036 854.451 0.23333335 5.0 5.0 5.0 5.0 0.0 0.18 2 TOUCH_MOVE w
1400680429422 6 4098 109.49279 854.451 0.23333335 5.0 5.0 5.0 5.0 0.0 0.18400002 2 TOUCH_MOVE w
1400680429438 6 4098 108.520676 854.451 0.23333335 5.0 5.0 5.0 5.0 0.0 0.18 2 TOUCH_MOVE w
1400680429453 6 4098 107.58053 854.8705 0.23333335 5.0 5.0 5.0 5.0 0.0 0.18 2 TOUCH_MOVE w
1400680429470 6 4098 107.5 854.951 0.23333335 5.0 5.0 5.0 5.0 0.0 0.17600001 2 TOUCH_MOVE w
1400680429474 6 4098 107.5 854.951 0.23333335 5.0 5.0 5.0 5.0 0.0 0.17600001 1 TOUCH_UP w
1400680429680 6 4098 441.5 1000.451 0.33333334 5.0 5.0 5.0 5.0 0.0 0.19600001 0 TOUCH_DOWN h
1400680429754 6 4098 442.5 999.951 0.20000002 3.0 3.0 3.0 3.0 0.0 0.112 2 TOUCH_MOVE h
1400680429760 6 4098 442.5 999.951 0.20000002 3.0 3.0 3.0 3.0 0.0 0.112 1 TOUCH_UP h
1400680429986 6 4098 618.5 846.451 0.23333335 4.0 4.0 4.0 4.0 0.0 0.18 0 TOUCH_DOWN o
1400680430040 6 4098 618.5 846.451 0.23333335 5.0 5.0 5.0 5.0 0.0 0.15200001 2 TOUCH_MOVE o
1400680430045 6 4098 618.5 846.451 0.23333335 5.0 5.0 5.0 5.0 0.0 0.15200001 1 TOUCH_UP o
1400680430492 6 4098 354.5 1239.9509 0.20000002 4.0 4.0 4.0 4.0 0.0 0.208 0 TOUCH_DOWN Space
1400680430504 6 4098 353.80048 1239.9509 0.23333335 5.0 5.0 5.0 5.0 0.0 0.224 2 TOUCH_MOVE Space
1400680430524 6 4098 352.699 1238.1499 0.23333335 5.0 5.0 5.0 5.0 0.0 0.22800002 2 TOUCH_MOVE Space
1400680430538 6 4098 350.79108 1236.2421 0.23333335 5.0 5.0 5.0 5.0 0.0 0.224 2 TOUCH_MOVE Space
1400680430554 6 4098 351.0 1235.3784 0.23333335 5.0 5.0 5.0 5.0 0.0 0.22800002 2 TOUCH_MOVE Space
1400680430603 6 4098 352.0 1234.9509 0.20000002 3.0 3.0 3.0 3.0 0.0 0.18800001 2 TOUCH_MOVE Space
1400680430608 6 4098 352.0 1234.9509 0.20000002 3.0 3.0 3.0 3.0 0.0 0.18800001 1 TOUCH_UP Space
1400680431034 6 4098 564.5 1096.4509 0.23333335 4.0 4.0 4.0 4.0 0.0 0.18400002 0 TOUCH_DOWN m
1400680431048 6 4098 564.5 1096.4509 0.23333335 4.0 4.0 4.0 4.0 0.0 0.18 2 TOUCH_MOVE m
1400680431109 6 4098 564.5 1096.4509 0.23333335 4.0 4.0 4.0 4.0 0.0 0.18 1 TOUCH_UP m
1400680431146 6 4098 60.5 969.951 0.16666667 3.0 3.0 3.0 3.0 0.0 0.17600001 0 TOUCH_DOWN a
1400680431163 6 4098 59.717167 969.951 0.16666667 3.0 3.0 3.0 3.0 0.0 0.17600001 2 TOUCH_MOVE a
1400680431182 6 4098 58.762012 969.951 0.16666667 3.0 3.0 3.0 3.0 0.0 0.18 2 TOUCH_MOVE a
1400680431193 6 4098 57.282963 969.951 0.16666667 3.0 3.0 3.0 3.0 0.0 0.17600001 2 TOUCH_MOVE a
1400680431205 6 4098 56.75 969.951 0.16666667 3.0 3.0 3.0 3.0 0.0 0.17600001 2 TOUCH_MOVE a
1400680431246 6 4098 56.75 969.951 0.16666667 3.0 3.0 3.0 3.0 0.0 0.17600001 1 TOUCH_UP a
1400680431275 6 4098 573.0 984.951 0.20000002 3.0 3.0 3.0 3.0 0.0 0.18400002 0 TOUCH_DOWN k
1400680431293 6 4098 573.0 984.951 0.23333335 4.0 4.0 4.0 4.0 0.0 0.19600001 2 TOUCH_MOVE k
1400680431341 6 4098 571.5 984.951 0.23333335 4.0 4.0 4.0 4.0 0.0 0.17600001 2 TOUCH_MOVE k
1400680431344 6 4098 571.5 984.951 0.23333335 4.0 4.0 4.0 4.0 0.0 0.17600001 1 TOUCH_UP k
1400680431716 6 4098 189.0 853.451 0.13333334 2.0 2.0 2.0 2.0 0.0 0.17600001 0 TOUCH_DOWN e
1400680431757 6 4098 188.49992 853.451 0.13333334 2.0 2.0 2.0 2.0 0.0 0.17600001 2 TOUCH_MOVE e
1400680431772 6 4098 187.75 853.451 0.13333334 2.0 2.0 2.0 2.0 0.0 0.17600001 2 TOUCH_MOVE e
1400680431789 6 4098 187.34422 853.451 0.13333334 2.0 2.0 2.0 2.0 0.0 0.172 2 TOUCH_MOVE e
1400680431802 6 4098 187.34422 853.451 0.13333334 2.0 2.0 2.0 2.0 0.0 0.172 1 TOUCH_UP e
1400680432031 6 4098 319.5 1215.9509 0.23333335 4.0 4.0 4.0 4.0 0.0 0.21200001 0 TOUCH_DOWN Space
1400680432041 6 4098 319.5 1215.9509 0.23333335 4.0 4.0 4.0 4.0 0.0 0.216 2 TOUCH_MOVE Space
1400680432072 6 4098 319.5 1217.3566 0.26666668 5.0 5.0 5.0 5.0 0.0 0.22800002 2 TOUCH_MOVE Space
1400680432090 6 4098 319.5 1218.0277 0.26666668 5.0 5.0 5.0 5.0 0.0 0.23200001 2 TOUCH_MOVE Space
1400680432122 6 4098 319.5 1217.9509 0.26666668 5.0 5.0 5.0 5.0 0.0 0.18800001 2 TOUCH_MOVE Space
1400680432131 6 4098 319.5 1217.9509 0.26666668 5.0 5.0 5.0 5.0 0.0 0.18800001 1 TOUCH_UP Space
1400680432231 6 4098 52.0 969.451 0.16666667 3.0 3.0 3.0 3.0 0.0 0.156 0 TOUCH_DOWN a
1400680432245 6 4098 51.769352 969.451 0.16666667 3.0 3.0 3.0 3.0 0.0 0.17600001 2 TOUCH_MOVE a
1400680432262 6 4098 51.06885 969.451 0.16666667 3.0 3.0 3.0 3.0 0.0 0.18 2 TOUCH_MOVE a
1400680432273 6 4098 50.128464 969.451 0.16666667 3.0 3.0 3.0 3.0 0.0 0.17600001 2 TOUCH_MOVE a
1400680432290 6 4098 49.75 969.451 0.16666667 3.0 3.0 3.0 3.0 0.0 0.18 2 TOUCH_MOVE a
1400680432306 6 4098 49.39019 969.451 0.16666667 3.0 3.0 3.0 3.0 0.0 0.17600001 2 TOUCH_MOVE a
1400680432350 6 4098 49.39019 969.451 0.16666667 3.0 3.0 3.0 3.0 0.0 0.17600001 1 TOUCH_UP a
1400680432786 6 4098 325.0 1226.4509 0.26666668 5.0 5.0 5.0 5.0 0.0 0.21200001 0 TOUCH_DOWN Space
1400680432798 6 4098 325.0 1226.4509 0.23333335 4.0 4.0 4.0 4.0 0.0 0.216 2 TOUCH_MOVE Space
1400680432826 6 4098 323.79065 1226.4509 0.26666668 5.0 5.0 5.0 5.0 0.0 0.224 2 TOUCH_MOVE Space
1400680432840 6 4098 323.25 1226.4509 0.26666668 5.0 5.0 5.0 5.0 0.0 0.22800002 2 TOUCH_MOVE Space
1400680432857 6 4098 323.5 1227.1837 0.26666668 5.0 5.0 5.0 5.0 0.0 0.22000001 2 TOUCH_MOVE Space
1400680432891 6 4098 323.5 1226.9509 0.26666668 5.0 5.0 5.0 5.0 0.0 0.17600001 2 TOUCH_MOVE Space
1400680432895 6 4098 323.5 1226.9509 0.26666668 5.0 5.0 5.0 5.0 0.0 0.17600001 1 TOUCH_UP Space
1400680433272 6 4098 429.5 1093.4509 0.23333335 4.0 4.0 4.0 4.0 0.0 0.20400001 0 TOUCH_DOWN b
1400680433277 6 4098 429.5 1093.4509 0.23333335 4.0 4.0 4.0 4.0 0.0 0.208 2 TOUCH_MOVE b
1400680433308 6 4098 428.84616 1093.4509 0.23333335 4.0 4.0 4.0 4.0 0.0 0.208 2 TOUCH_MOVE b
1400680433353 6 4098 428.84616 1093.4509 0.23333335 4.0 4.0 4.0 4.0 0.0 0.208 1 TOUCH_UP b
1400680436024 6 4098 246.0 852.451 0.13333334 2.0 2.0 2.0 2.0 0.0 0.172 0 TOUCH_DOWN r
1400680436043 6 4098 246.0 852.451 0.13333334 2.0 2.0 2.0 2.0 0.0 0.164 2 TOUCH_MOVE r
1400680436093 6 4098 245.42322 851.8742 0.13333334 2.0 2.0 2.0 2.0 0.0 0.17600001 2 TOUCH_MOVE r
1400680436114 6 4098 244.94362 851.3946 0.13333334 2.0 2.0 2.0 2.0 0.0 0.17600001 2 TOUCH_MOVE r
1400680436130 6 4098 244.36552 851.451 0.13333334 2.0 2.0 2.0 2.0 0.0 0.16800001 2 TOUCH_MOVE r
1400680436141 6 4098 244.0 851.451 0.13333334 2.0 2.0 2.0 2.0 0.0 0.148 2 TOUCH_MOVE r
1400680436145 6 4098 244.0 851.451 0.13333334 2.0 2.0 2.0 2.0 0.0 0.148 1 TOUCH_UP r
1400680436314 6 4098 553.0 854.951 0.23333335 5.0 5.0 5.0 5.0 0.0 0.18800001 0 TOUCH_DOWN i
1400680436326 6 4098 553.0 854.951 0.23333335 5.0 5.0 5.0 5.0 0.0 0.192 2 TOUCH_MOVE i
1400680436400 6 4098 553.0 854.951 0.23333335 5.0 5.0 5.0 5.0 0.0 0.192 1 TOUCH_UP i
1400680436683 6 4098 364.0 974.951 0.13333334 2.0 2.0 2.0 2.0 0.0 0.156 0 TOUCH_DOWN g
1400680436696 6 4098 363.54916 974.951 0.13333334 2.0 2.0 2.0 2.0 0.0 0.18 2 TOUCH_MOVE g
1400680436717 6 4098 361.8277 974.951 0.13333334 2.0 2.0 2.0 2.0 0.0 0.16800001 2 TOUCH_MOVE g
1400680436727 6 4098 361.5 974.951 0.13333334 2.0 2.0 2.0 2.0 0.0 0.108 2 TOUCH_MOVE g
1400680436734 6 4098 361.5 974.951 0.13333334 2.0 2.0 2.0 2.0 0.0 0.108 1 TOUCH_UP g
1400680436974 6 4098 444.5 981.951 0.26666668 5.0 5.0 5.0 5.0 0.0 0.18400002 0 TOUCH_DOWN h
1400680436982 6 4098 444.5 981.951 0.26666668 5.0 5.0 5.0 5.0 0.0 0.19600001 2 TOUCH_MOVE h
1400680437019 6 4098 444.5 983.1861 0.3 5.0 5.0 5.0 5.0 0.0 0.19600001 2 TOUCH_MOVE h
1400680437028 6 4098 443.80386 984.1471 0.26666668 4.0 4.0 4.0 4.0 0.0 0.192 2 TOUCH_MOVE h
1400680437045 6 4098 438.1153 987.87415 0.26666668 5.0 5.0 5.0 5.0 0.0 0.16800001 2 TOUCH_MOVE h
1400680437050 6 4098 438.1153 987.87415 0.26666668 5.0 5.0 5.0 5.0 0.0 0.16800001 1 TOUCH_UP h
1400680437262 6 4098 320.0 856.951 0.20000002 4.0 4.0 4.0 4.0 0.0 0.18 0 TOUCH_DOWN t
1400680437286 6 4098 320.0 856.951 0.20000002 4.0 4.0 4.0 4.0 0.0 0.18400002 2 TOUCH_MOVE t
1400680437337 6 4098 320.0 856.951 0.20000002 4.0 4.0 4.0 4.0 0.0 0.18400002 1 TOUCH_UP t
1400680437533 6 4098 154.5 863.951 0.20000002 4.0 4.0 4.0 4.0 0.0 0.16000001 0 TOUCH_DOWN e
1400680437611 6 4098 157.27815 863.0065 0.23333335 5.0 5.0 5.0 5.0 0.0 0.17600001 2 TOUCH_MOVE e
1400680437620 6 4098 157.5 862.951 0.20000002 4.0 4.0 4.0 4.0 0.0 0.156 2 TOUCH_MOVE e
1400680437624 6 4098 157.5 862.951 0.20000002 4.0 4.0 4.0 4.0 0.0 0.156 1 TOUCH_UP e
1400680437765 6 4098 248.5 867.451 0.13333334 2.0 2.0 2.0 2.0 0.0 0.156 0 TOUCH_DOWN r
1400680437780 6 4098 248.5 867.451 0.13333334 2.0 2.0 2.0 2.0 0.0 0.172 2 TOUCH_MOVE r
1400680437802 6 4098 248.5 867.965 0.13333334 2.0 2.0 2.0 2.0 0.0 0.172 2 TOUCH_MOVE r
1400680437832 6 4098 248.5 868.6842 0.13333334 2.0 2.0 2.0 2.0 0.0 0.164 2 TOUCH_MOVE r
1400680437851 6 4098 248.5 868.6842 0.13333334 2.0 2.0 2.0 2.0 0.0 0.164 1 TOUCH_UP r
1400680438344 6 4098 323.0 1243.9509 0.16666667 4.0 4.0 4.0 4.0 0.0 0.18800001 0 TOUCH_DOWN Space
1400680438351 6 4098 323.0 1243.9509 0.16666667 4.0 4.0 4.0 4.0 0.0 0.192 2 TOUCH_MOVE Space
1400680438379 6 4098 321.6993 1243.1503 0.20000002 5.0 5.0 5.0 5.0 0.0 0.20400001 2 TOUCH_MOVE Space
1400680438395 6 4098 321.0 1242.1785 0.20000002 5.0 5.0 5.0 5.0 0.0 0.20400001 2 TOUCH_MOVE Space
1400680438412 6 4098 321.0 1241.7009 0.20000002 5.0 5.0 5.0 5.0 0.0 0.2 2 TOUCH_MOVE Space
1400680438465 6 4098 321.0 1241.7009 0.20000002 5.0 5.0 5.0 5.0 0.0 0.2 1 TOUCH_UP Space
1400680438570 6 4098 238.0 981.451 0.13333334 2.0 2.0 2.0 2.0 0.0 0.18 0 TOUCH_DOWN d
1400680438579 6 4098 237.6528 981.451 0.23333335 4.0 4.0 4.0 4.0 0.0 0.18 2 TOUCH_MOVE d
1400680438595 6 4098 235.89558 981.1488 0.23333335 4.0 4.0 4.0 4.0 0.0 0.18 2 TOUCH_MOVE d
1400680438612 6 4098 233.8936 980.951 0.23333335 4.0 4.0 4.0 4.0 0.0 0.18400002 2 TOUCH_MOVE d
1400680438630 6 4098 232.0 980.951 0.23333335 4.0 4.0 4.0 4.0 0.0 0.18 2 TOUCH_MOVE d
1400680438645 6 4098 229.25 982.201 0.26666668 5.0 5.0 5.0 5.0 0.0 0.18 2 TOUCH_MOVE d
1400680438652 6 4098 229.25 982.201 0.26666668 5.0 5.0 5.0 5.0 0.0 0.18 1 TOUCH_UP d
1400680438860 6 4098 62.5 974.951 0.16666667 3.0 3.0 3.0 3.0 0.0 0.164 0 TOUCH_DOWN a
1400680438864 6 4098 62.236805 974.951 0.16666667 3.0 3.0 3.0 3.0 0.0 0.17600001 2 TOUCH_MOVE a
1400680438891 6 4098 61.26459 975.6864 0.16666667 3.0 3.0 3.0 3.0 0.0 0.18 2 TOUCH_MOVE a
1400680438896 6 4098 59.804947 975.951 0.16666667 3.0 3.0 3.0 3.0 0.0 0.18 2 TOUCH_MOVE a
1400680438912 6 4098 58.831245 975.951 0.16666667 3.0 3.0 3.0 3.0 0.0 0.17600001 2 TOUCH_MOVE a
1400680438940 6 4098 58.25 975.951 0.16666667 3.0 3.0 3.0 3.0 0.0 0.18 2 TOUCH_MOVE a
1400680438944 6 4098 58.25 975.951 0.16666667 3.0 3.0 3.0 3.0 0.0 0.18 1 TOUCH_UP a
1400680439080 6 4098 405.5 858.451 0.20000002 4.0 4.0 4.0 4.0 0.0 0.2 0 TOUCH_DOWN y
1400680439097 6 4098 405.5 858.451 0.16666667 3.0 3.0 3.0 3.0 0.0 0.19600001 2 TOUCH_MOVE y
1400680439113 6 4098 405.5 859.029 0.20000002 3.0 3.0 3.0 3.0 0.0 0.18400002 2 TOUCH_MOVE y
1400680439118 6 4098 405.5 859.029 0.20000002 3.0 3.0 3.0 3.0 0.0 0.18400002 1 TOUCH_UP y
1400680439784 6 4098 691.5 1202.4509 0.13333334 2.0 2.0 2.0 2.0 0.0 0.16800001 0 TOUCH_DOWN Enter
1400680439797 6 4098 691.5 1202.4509 0.13333334 2.0 2.0 2.0 2.0 0.0 0.17600001 2 TOUCH_MOVE Enter
1400680439814 6 4098 690.9227 1202.4509 0.20000002 3.0 3.0 3.0 3.0 0.0 0.18800001 2 TOUCH_MOVE Enter
1400680439830 6 4098 689.3113 1202.4509 0.16666667 3.0 3.0 3.0 3.0 0.0 0.192 2 TOUCH_MOVE Enter
1400680439847 6 4098 688.3395 1202.4509 0.20000002 3.0 3.0 3.0 3.0 0.0 0.192 2 TOUCH_MOVE Enter
1400680439864 6 4098 687.3804 1202.4509 0.23333335 4.0 4.0 4.0 4.0 0.0 0.192 2 TOUCH_MOVE Enter
1400680439880 6 4098 686.9999 1202.4509 0.20000002 3.0 3.0 3.0 3.0 0.0 0.18400002 2 TOUCH_MOVE Enter
1400680439903 6 4098 686.9999 1202.4509 0.20000002 3.0 3.0 3.0 3.0 0.0 0.18400002 1 TOUCH_UP Enter
1400680440454 6 4098 138.5 981.451 0.16666667 3.0 3.0 3.0 3.0 0.0 0.14 0 TOUCH_DOWN S
1400680440464 6 4098 138.5 981.451 0.16666667 3.0 3.0 3.0 3.0 0.0 0.16800001 2 TOUCH_MOVE S
1400680440495 6 4098 140.24341 981.951 0.23333335 4.0 4.0 4.0 4.0 0.0 0.17600001 2 TOUCH_MOVE S
1400680440498 6 4098 142.40746 982.451 0.23333335 4.0 4.0 4.0 4.0 0.0 0.17600001 2 TOUCH_MOVE S
1400680440514 6 4098 144.96158 982.451 0.23333335 4.0 4.0 4.0 4.0 0.0 0.17600001 2 TOUCH_MOVE S
1400680440530 6 4098 146.19395 982.451 0.23333335 4.0 4.0 4.0 4.0 0.0 0.17600001 2 TOUCH_MOVE S
1400680440547 6 4098 146.0 982.451 0.13333334 2.0 2.0 2.0 2.0 0.0 0.120000005 2 TOUCH_MOVE S
1400680440554 6 4098 146.0 982.451 0.13333334 2.0 2.0 2.0 2.0 0.0 0.120000005 1 TOUCH_UP S
1400680440669 6 4098 619.0 845.951 0.3 5.0 5.0 5.0 5.0 0.0 0.192 0 TOUCH_DOWN o
1400680440697 6 4098 615.66064 843.4465 0.3 5.0 5.0 5.0 5.0 0.0 0.2 2 TOUCH_MOVE o
1400680440714 6 4098 613.1001 841.651 0.26666668 4.0 4.0 4.0 4.0 0.0 0.192 2 TOUCH_MOVE o
1400680440731 6 4098 611.0 842.201 0.23333335 4.0 4.0 4.0 4.0 0.0 0.14400001 2 TOUCH_MOVE o
1400680440735 6 4098 611.0 842.201 0.23333335 4.0 4.0 4.0 4.0 0.0 0.14400001 1 TOUCH_UP o
1400680441420 6 4098 336.5 1242.9509 0.23333335 5.0 5.0 5.0 5.0 0.0 0.208 0 TOUCH_DOWN Space
1400680441431 6 4098 334.94205 1241.922 0.23333335 5.0 5.0 5.0 5.0 0.0 0.22000001 2 TOUCH_MOVE Space
1400680441462 6 4098 331.33472 1239.5074 0.23333335 5.0 5.0 5.0 5.0 0.0 0.216 2 TOUCH_MOVE Space
1400680441482 6 4098 328.75 1238.4509 0.23333335 5.0 5.0 5.0 5.0 0.0 0.208 2 TOUCH_MOVE Space
1400680441494 6 4098 329.0 1238.4509 0.23333335 5.0 5.0 5.0 5.0 0.0 0.18 2 TOUCH_MOVE Space
1400680441498 6 4098 329.0 1238.4509 0.23333335 5.0 5.0 5.0 5.0 0.0 0.18 1 TOUCH_UP Space
1400680441780 6 4098 642.5 979.451 0.16666667 3.0 3.0 3.0 3.0 0.0 0.17600001 0 TOUCH_DOWN l
1400680441815 6 4098 642.94336 980.39435 0.16666667 3.0 3.0 3.0 3.0 0.0 0.18800001 2 TOUCH_MOVE l
1400680441836 6 4098 643.5 981.451 0.16666667 3.0 3.0 3.0 3.0 0.0 0.18 2 TOUCH_MOVE l
1400680441841 6 4098 643.5 981.451 0.16666667 3.0 3.0 3.0 3.0 0.0 0.18 1 TOUCH_UP l
1400680441999 6 4098 189.0 851.451 0.13333334 2.0 2.0 2.0 2.0 0.0 0.17600001 0 TOUCH_DOWN e
1400680442100 6 4098 190.0 851.951 0.16666667 3.0 3.0 3.0 3.0 0.0 0.156 2 TOUCH_MOVE e
1400680442104 6 4098 190.0 851.951 0.16666667 3.0 3.0 3.0 3.0 0.0 0.156 1 TOUCH_UP e
1400680442278 6 4098 329.5 855.451 0.23333335 5.0 5.0 5.0 5.0 0.0 0.18400002 0 TOUCH_DOWN t
1400680442349 6 4098 329.5 855.451 0.23333335 5.0 5.0 5.0 5.0 0.0 0.18 2 TOUCH_MOVE t
1400680442367 6 4098 329.5 855.451 0.23333335 5.0 5.0 5.0 5.0 0.0 0.18 1 TOUCH_UP t
1400680442684 6 4098 584.0 1223.4509 0.16666667 3.0 3.0 3.0 3.0 0.0 0.164 0 TOUCH_DOWN '
1400680442717 6 4098 584.0 1223.4509 0.16666667 3.0 3.0 3.0 3.0 0.0 0.17600001 2 TOUCH_MOVE '
1400680442726 6 4098 584.0 1223.4509 0.16666667 3.0 3.0 3.0 3.0 0.0 0.17600001 1 TOUCH_UP '
1400680442880 6 4098 155.5 983.451 0.26666668 5.0 5.0 5.0 5.0 0.0 0.15200001 0 TOUCH_DOWN s
1400680442884 6 4098 155.5 983.451 0.26666668 5.0 5.0 5.0 5.0 0.0 0.17600001 2 TOUCH_MOVE s
1400680442946 6 4098 155.5 983.451 0.26666668 5.0 5.0 5.0 5.0 0.0 0.17600001 1 TOUCH_UP s
1400680443273 6 4098 335.5 1246.4509 0.20000002 5.0 5.0 5.0 5.0 0.0 0.192 0 TOUCH_DOWN Space
1400680443295 6 4098 335.5 1246.1895 0.20000002 5.0 5.0 5.0 5.0 0.0 0.19600001 2 TOUCH_MOVE Space
1400680443324 6 4098 334.27332 1244.9509 0.20000002 5.0 5.0 5.0 5.0 0.0 0.2 2 TOUCH_MOVE Space
1400680443333 6 4098 333.75 1244.9509 0.20000002 5.0 5.0 5.0 5.0 0.0 0.20400001 2 TOUCH_MOVE Space
1400680443365 6 4098 333.75 1244.9509 0.20000002 5.0 5.0 5.0 5.0 0.0 0.20400001 1 TOUCH_UP Space
1400680443697 6 4098 139.5 985.951 0.20000002 3.0 3.0 3.0 3.0 0.0 0.14 0 TOUCH_DOWN s
1400680443701 6 4098 139.5 985.951 0.23333335 4.0 4.0 4.0 4.0 0.0 0.17600001 2 TOUCH_MOVE s
1400680443735 6 4098 139.5 987.77686 0.23333335 4.0 4.0 4.0 4.0 0.0 0.18 2 TOUCH_MOVE s
1400680443750 6 4098 139.5 988.69464 0.23333335 4.0 4.0 4.0 4.0 0.0 0.18 2 TOUCH_MOVE s
1400680443767 6 4098 139.5 989.7155 0.23333335 4.0 4.0 4.0 4.0 0.0 0.18 2 TOUCH_MOVE s
1400680443787 6 4098 139.5 989.951 0.20000002 3.0 3.0 3.0 3.0 0.0 0.108 2 TOUCH_MOVE s
1400680443791 6 4098 139.5 989.951 0.20000002 3.0 3.0 3.0 3.0 0.0 0.108 1 TOUCH_UP s
1400680444098 6 4098 314.0 862.951 0.20000002 4.0 4.0 4.0 4.0 0.0 0.18400002 0 TOUCH_DOWN t
1400680444118 6 4098 314.50293 862.951 0.20000002 4.0 4.0 4.0 4.0 0.0 0.18800001 2 TOUCH_MOVE t
1400680444139 6 4098 315.6327 862.951 0.20000002 4.0 4.0 4.0 4.0 0.0 0.18400002 2 TOUCH_MOVE t
1400680444151 6 4098 317.43332 862.951 0.20000002 4.0 4.0 4.0 4.0 0.0 0.18400002 2 TOUCH_MOVE t
1400680444168 6 4098 317.75 862.951 0.20000002 4.0 4.0 4.0 4.0 0.0 0.18800001 2 TOUCH_MOVE t
1400680444190 6 4098 317.75 862.951 0.20000002 4.0 4.0 4.0 4.0 0.0 0.18800001 1 TOUCH_UP t
1400680444404 6 4098 47.5 980.451 0.20000002 3.0 3.0 3.0 3.0 0.0 0.164 0 TOUCH_DOWN a
1400680444417 6 4098 47.5 980.451 0.20000002 3.0 3.0 3.0 3.0 0.0 0.172 2 TOUCH_MOVE a
1400680444487 6 4098 50.398754 977.10284 0.16666667 3.0 3.0 3.0 3.0 0.0 0.18 2 TOUCH_MOVE a
1400680444501 6 4098 57.009354 966.4983 0.20000002 3.0 3.0 3.0 3.0 0.0 0.16800001 2 TOUCH_MOVE a
1400680444507 6 4098 57.009354 966.4983 0.20000002 3.0 3.0 3.0 3.0 0.0 0.16800001 1 TOUCH_UP a
1400680444699 6 4098 238.5 859.451 0.16666667 3.0 3.0 3.0 3.0 0.0 0.17600001 0 TOUCH_DOWN r
1400680444704 6 4098 238.27147 859.451 0.16666667 3.0 3.0 3.0 3.0 0.0 0.18 2 TOUCH_MOVE r
1400680444723 6 4098 237.2763 859.451 0.16666667 3.0 3.0 3.0 3.0 0.0 0.18 2 TOUCH_MOVE r
1400680444744 6 4098 235.64453 859.451 0.16666667 3.0 3.0 3.0 3.0 0.0 0.18400002 2 TOUCH_MOVE r
1400680444753 6 4098 234.34897 859.451 0.16666667 3.0 3.0 3.0 3.0 0.0 0.18 2 TOUCH_MOVE r
1400680444784 6 4098 235.01901 858.93195 0.13333334 2.0 2.0 2.0 2.0 0.0 0.18 2 TOUCH_MOVE r
1400680444801 6 4098 236.0 858.451 0.13333334 2.0 2.0 2.0 2.0 0.0 0.120000005 2 TOUCH_MOVE r
1400680444810 6 4098 236.0 858.451 0.13333334 2.0 2.0 2.0 2.0 0.0 0.120000005 1 TOUCH_UP r
1400680444975 6 4098 308.5 855.951 0.16666667 3.0 3.0 3.0 3.0 0.0 0.17600001 0 TOUCH_DOWN t
1400680444985 6 4098 308.5 855.951 0.16666667 3.0 3.0 3.0 3.0 0.0 0.18400002 2 TOUCH_MOVE t
1400680445004 6 4098 310.11258 855.451 0.20000002 4.0 4.0 4.0 4.0 0.0 0.18800001 2 TOUCH_MOVE t
1400680445026 6 4098 311.0798 855.3712 0.20000002 4.0 4.0 4.0 4.0 0.0 0.18400002 2 TOUCH_MOVE t
1400680445035 6 4098 312.0386 854.41235 0.20000002 4.0 4.0 4.0 4.0 0.0 0.18 2 TOUCH_MOVE t
1400680445050 6 4098 312.0 854.451 0.13333334 2.0 2.0 2.0 2.0 0.0 0.128 2 TOUCH_MOVE t
1400680445055 6 4098 312.0 854.451 0.13333334 2.0 2.0 2.0 2.0 0.0 0.128 1 TOUCH_UP t
1400680445658 6 4098 318.0 1227.4509 0.23333335 4.0 4.0 4.0 4.0 0.0 0.21200001 0 TOUCH_DOWN Space
1400680445686 6 4098 318.0 1227.4509 0.23333335 4.0 4.0 4.0 4.0 0.0 0.22000001 2 TOUCH_MOVE Space
1400680445712 6 4098 317.3583 1227.4509 0.23333335 4.0 4.0 4.0 4.0 0.0 0.22800002 2 TOUCH_MOVE Space
1400680445736 6 4098 317.0 1226.9039 0.23333335 4.0 4.0 4.0 4.0 0.0 0.2 2 TOUCH_MOVE Space
1400680445750 6 4098 317.0 1226.9509 0.23333335 4.0 4.0 4.0 4.0 0.0 0.17600001 2 TOUCH_MOVE Space
1400680445753 6 4098 317.0 1226.9509 0.23333335 4.0 4.0 4.0 4.0 0.0 0.17600001 1 TOUCH_UP Space
1400680446047 6 4098 355.5 987.951 0.23333335 4.0 4.0 4.0 4.0 0.0 0.208 0 TOUCH_DOWN g
1400680446052 6 4098 355.5 987.951 0.26666668 4.0 4.0 4.0 4.0 0.0 0.216 2 TOUCH_MOVE g
1400680446102 6 4098 356.74036 987.951 0.26666668 4.0 4.0 4.0 4.0 0.0 0.22000001 2 TOUCH_MOVE g
1400680446120 6 4098 363.6611 986.8027 0.26666668 4.0 4.0 4.0 4.0 0.0 0.208 2 TOUCH_MOVE g
1400680446136 6 4098 375.96097 981.8963 0.23333335 5.0 5.0 5.0 5.0 0.0 0.18800001 2 TOUCH_MOVE g
1400680446148 6 4098 373.5 982.951 0.23333335 5.0 5.0 5.0 5.0 0.0 0.124000005 2 TOUCH_MOVE g
1400680446152 6 4098 373.5 982.951 0.23333335 5.0 5.0 5.0 5.0 0.0 0.124000005 1 TOUCH_UP g
1400680446291 6 4098 541.0 835.451 0.3 5.0 5.0 5.0 5.0 0.0 0.19600001 0 TOUCH_DOWN i
1400680446302 6 4098 541.0 835.451 0.3 5.0 5.0 5.0 5.0 0.0 0.2 2 TOUCH_MOVE i
1400680446336 6 4098 540.5 833.701 0.3 5.0 5.0 5.0 5.0 0.0 0.2 2 TOUCH_MOVE i
1400680446352 6 4098 540.0 834.451 0.23333335 4.0 4.0 4.0 4.0 0.0 0.18800001 2 TOUCH_MOVE i
1400680446364 6 4098 540.0 834.451 0.13333334 2.0 2.0 2.0 2.0 0.0 0.132 2 TOUCH_MOVE i
1400680446368 6 4098 540.0 834.451 0.13333334 2.0 2.0 2.0 2.0 0.0 0.132 1 TOUCH_UP i
1400680446594 6 4098 353.5 1136.9509 0.20000002 4.0 4.0 4.0 4.0 0.0 0.19600001 0 TOUCH_DOWN v
1400680446604 6 4098 353.5 1136.9509 0.20000002 4.0 4.0 4.0 4.0 0.0 0.20400001 2 TOUCH_MOVE v
1400680446636 6 4098 354.02185 1136.9509 0.20000002 4.0 4.0 4.0 4.0 0.0 0.21200001 2 TOUCH_MOVE v
1400680446653 6 4098 355.64917 1136.3763 0.23333335 4.0 4.0 4.0 4.0 0.0 0.208 2 TOUCH_MOVE v
1400680446670 6 4098 362.37534 1124.2753 0.26666668 5.0 5.0 5.0 5.0 0.0 0.18400002 2 TOUCH_MOVE v
1400680446679 6 4098 362.37534 1124.2753 0.26666668 5.0 5.0 5.0 5.0 0.0 0.18400002 1 TOUCH_UP v
1400680446843 6 4098 536.0 867.951 0.23333335 4.0 4.0 4.0 4.0 0.0 0.192 0 TOUCH_DOWN i
1400680446853 6 4098 536.0 867.951 0.16666667 3.0 3.0 3.0 3.0 0.0 0.192 2 TOUCH_MOVE i
1400680446876 6 4098 536.6074 866.84357 0.20000002 4.0 4.0 4.0 4.0 0.0 0.192 2 TOUCH_MOVE i
1400680446894 6 4098 537.0 866.451 0.16666667 3.0 3.0 3.0 3.0 0.0 0.192 2 TOUCH_MOVE i
1400680446904 6 4098 537.0 866.451 0.16666667 3.0 3.0 3.0 3.0 0.0 0.164 2 TOUCH_MOVE i
1400680446912 6 4098 537.0 866.451 0.16666667 3.0 3.0 3.0 3.0 0.0 0.164 1 TOUCH_UP i
1400680447075 6 4098 476.0 1108.9509 0.23333335 5.0 5.0 5.0 5.0 0.0 0.18 0 TOUCH_DOWN n
1400680447129 6 4098 476.0 1108.9509 0.23333335 5.0 5.0 5.0 5.0 0.0 0.18 1 TOUCH_UP n
1400680447308 6 4098 363.5 975.451 0.13333334 2.0 2.0 2.0 2.0 0.0 0.16000001 0 TOUCH_DOWN g
1400680447370 6 4098 362.9562 974.9072 0.13333334 2.0 2.0 2.0 2.0 0.0 0.16800001 2 TOUCH_MOVE g
1400680447403 6 4098 362.5 974.951 0.13333334 2.0 2.0 2.0 2.0 0.0 0.16800001 2 TOUCH_MOVE g
1400680447412 6 4098 362.5 974.951 0.13333334 2.0 2.0 2.0 2.0 0.0 0.128 2 TOUCH_MOVE g
1400680447415 6 4098 362.5 974.951 0.13333334 2.0 2.0 2.0 2.0 0.0 0.128 1 TOUCH_UP g
