1400934187104 6 4098 694.0 1084.4509 0.13333334 2.0 2.0 2.0 2.0 0.0 0.172 0 TOUCH_DOWN Back
1400934187106 6 4098 694.0 1084.4509 0.13333334 2.0 2.0 2.0 2.0 0.0 0.14 2 TOUCH_MOVE Back
1400934187110 6 4098 694.0 1084.4509 0.13333334 2.0 2.0 2.0 2.0 0.0 0.14 1 TOUCH_UP Back
1400934188323 6 4098 36.0 1089.9509 0.20000002 3.0 3.0 3.0 3.0 0.0 0.18800001 0 TOUCH_DOWN Change
1400934188329 6 4098 36.0 1090.215 0.16666667 3.0 3.0 3.0 3.0 0.0 0.192 2 TOUCH_MOVE Change
1400934188346 6 4098 36.250305 1091.2013 0.23333335 4.0 4.0 4.0 4.0 0.0 0.19600001 2 TOUCH_MOVE Change
1400934188358 6 4098 37.217403 1092.1683 0.23333335 4.0 4.0 4.0 4.0 0.0 0.2 2 TOUCH_MOVE Change
1400934188375 6 4098 37.5 1093.1375 0.23333335 4.0 4.0 4.0 4.0 0.0 0.2 2 TOUCH_MOVE Change
1400934188411 6 4098 37.5 1092.9509 0.13333334 2.0 2.0 2.0 2.0 0.0 0.17600001 2 TOUCH_MOVE Change
1400934188416 6 4098 37.5 1092.9509 0.13333334 2.0 2.0 2.0 2.0 0.0 0.17600001 1 TOUCH_UP Change
1400934188738 6 4098 88.0 816.951 0.26666668 4.0 4.0 4.0 4.0 0.0 0.22800002 0 TOUCH_DOWN W
1400934188759 6 4098 88.0 817.3924 0.26666668 4.0 4.0 4.0 4.0 0.0 0.23200001 2 TOUCH_MOVE W
1400934188775 6 4098 89.193214 818.6442 0.3 5.0 5.0 5.0 5.0 0.0 0.24000001 2 TOUCH_MOVE W
1400934188792 6 4098 90.7921 820.2431 0.33333334 5.0 5.0 5.0 5.0 0.0 0.24800001 2 TOUCH_MOVE W
1400934188810 6 4098 91.78299 821.234 0.33333334 5.0 5.0 5.0 5.0 0.0 0.24800001 2 TOUCH_MOVE W
1400934188825 6 4098 92.71005 822.1611 0.33333334 5.0 5.0 5.0 5.0 0.0 0.24800001 2 TOUCH_MOVE W
1400934188864 6 4098 92.5 821.951 0.26666668 4.0 4.0 4.0 4.0 0.0 0.20400001 2 TOUCH_MOVE W
1400934188872 6 4098 92.5 821.951 0.23333335 4.0 4.0 4.0 4.0 0.0 0.18 2 TOUCH_MOVE W
1400934188876 6 4098 92.5 821.951 0.23333335 4.0 4.0 4.0 4.0 0.0 0.18 1 TOUCH_UP W
1400934188998 6 4098 195.5 830.451 0.3 5.0 5.0 5.0 5.0 0.0 0.24400002 0 TOUCH_DOWN e
1400934189009 6 4098 195.5 830.451 0.3 5.0 5.0 5.0 5.0 0.0 0.24800001 2 TOUCH_MOVE e
1400934189042 6 4098 196.06662 830.451 0.33333334 5.0 5.0 5.0 5.0 0.0 0.256 2 TOUCH_MOVE e
1400934189094 6 4098 196.0 829.451 0.26666668 5.0 5.0 5.0 5.0 0.0 0.22000001 2 TOUCH_MOVE e
1400934189104 6 4098 196.0 829.451 0.20000002 4.0 4.0 4.0 4.0 0.0 0.18800001 2 TOUCH_MOVE e
1400934189109 6 4098 196.0 829.451 0.20000002 4.0 4.0 4.0 4.0 0.0 0.18800001 1 TOUCH_UP e
1400934189561 6 4098 342.5 1176.4509 0.26666668 4.0 4.0 4.0 4.0 0.0 0.21200001 0 TOUCH_DOWN Space
1400934189643 6 4098 342.5 1176.4509 0.23333335 4.0 4.0 4.0 4.0 0.0 0.17600001 2 TOUCH_MOVE Space
1400934189652 6 4098 342.5 1176.4509 0.23333335 4.0 4.0 4.0 4.0 0.0 0.17600001 1 TOUCH_UP Space
1400934189704 6 4098 58.5 962.451 0.20000002 3.0 3.0 3.0 3.0 0.0 0.18800001 0 TOUCH_DOWN a
1400934189727 6 4098 57.636364 962.451 0.20000002 3.0 3.0 3.0 3.0 0.0 0.2 2 TOUCH_MOVE a
1400934189744 6 4098 56.65165 961.2543 0.23333335 4.0 4.0 4.0 4.0 0.0 0.21200001 2 TOUCH_MOVE a
1400934189761 6 4098 56.0 959.3218 0.23333335 4.0 4.0 4.0 4.0 0.0 0.22000001 2 TOUCH_MOVE a
1400934189778 6 4098 55.5 957.39716 0.23333335 4.0 4.0 4.0 4.0 0.0 0.216 2 TOUCH_MOVE a
1400934189793 6 4098 55.5 956.2069 0.23333335 4.0 4.0 4.0 4.0 0.0 0.22000001 2 TOUCH_MOVE a
1400934189809 6 4098 55.5 955.701 0.23333335 4.0 4.0 4.0 4.0 0.0 0.216 2 TOUCH_MOVE a
1400934189839 6 4098 55.5 955.951 0.23333335 4.0 4.0 4.0 4.0 0.0 0.18 2 TOUCH_MOVE a
1400934189842 6 4098 55.5 955.951 0.23333335 4.0 4.0 4.0 4.0 0.0 0.18 1 TOUCH_UP a
1400934190033 6 4098 264.0 860.451 0.26666668 4.0 4.0 4.0 4.0 0.0 0.23200001 0 TOUCH_DOWN r
1400934190046 6 4098 264.0 860.451 0.26666668 4.0 4.0 4.0 4.0 0.0 0.23600002 2 TOUCH_MOVE r
1400934190060 6 4098 263.11636 858.49194 0.3 5.0 5.0 5.0 5.0 0.0 0.24000001 2 TOUCH_MOVE r
1400934190076 6 4098 260.54797 852.3963 0.26666668 4.0 4.0 4.0 4.0 0.0 0.24400002 2 TOUCH_MOVE r
1400934190093 6 4098 258.1465 847.3618 0.26666668 4.0 4.0 4.0 4.0 0.0 0.24400002 2 TOUCH_MOVE r
1400934190110 6 4098 256.33392 845.2849 0.26666668 4.0 4.0 4.0 4.0 0.0 0.23600002 2 TOUCH_MOVE r
1400934190126 6 4098 255.45021 843.9012 0.23333335 4.0 4.0 4.0 4.0 0.0 0.216 2 TOUCH_MOVE r
1400934190141 6 4098 254.0 841.951 0.20000002 4.0 4.0 4.0 4.0 0.0 0.18 2 TOUCH_MOVE r
1400934190145 6 4098 254.0 841.951 0.20000002 4.0 4.0 4.0 4.0 0.0 0.18 1 TOUCH_UP r
1400934190279 6 4098 156.0 784.451 0.3 5.0 5.0 5.0 5.0 0.0 0.23200001 0 TOUCH_DOWN e
1400934190330 6 4098 162.3967 786.58325 0.3 5.0 5.0 5.0 5.0 0.0 0.24400002 2 TOUCH_MOVE e
1400934190344 6 4098 164.64108 786.951 0.3 5.0 5.0 5.0 5.0 0.0 0.24800001 2 TOUCH_MOVE e
1400934190361 6 4098 166.0672 786.951 0.3 5.0 5.0 5.0 5.0 0.0 0.24400002 2 TOUCH_MOVE e
1400934190376 6 4098 166.0 786.44037 0.3 5.0 5.0 5.0 5.0 0.0 0.23600002 2 TOUCH_MOVE e
1400934190393 6 4098 164.9996 784.4498 0.3 5.0 5.0 5.0 5.0 0.0 0.22000001 2 TOUCH_MOVE e
1400934190410 6 4098 164.0 783.451 0.3 5.0 5.0 5.0 5.0 0.0 0.20400001 2 TOUCH_MOVE e
1400934190417 6 4098 164.0 783.451 0.26666668 5.0 5.0 5.0 5.0 0.0 0.164 2 TOUCH_MOVE e
1400934190421 6 4098 164.0 783.451 0.26666668 5.0 5.0 5.0 5.0 0.0 0.164 1 TOUCH_UP e
1400934190591 6 4098 353.0 1208.4509 0.20000002 3.0 3.0 3.0 3.0 0.0 0.192 0 TOUCH_DOWN Space
1400934190660 6 4098 352.0 1205.9509 0.16666667 3.0 3.0 3.0 3.0 0.0 0.18400002 2 TOUCH_MOVE Space
1400934190668 6 4098 352.0 1205.9509 0.13333334 2.0 2.0 2.0 2.0 0.0 0.15200001 2 TOUCH_MOVE Space
1400934190672 6 4098 352.0 1205.9509 0.13333334 2.0 2.0 2.0 2.0 0.0 0.15200001 1 TOUCH_UP Space
1400934190893 6 4098 319.0 831.951 0.3 5.0 5.0 5.0 5.0 0.0 0.23200001 0 TOUCH_DOWN t
1400934190920 6 4098 319.0 831.951 0.3 5.0 5.0 5.0 5.0 0.0 0.23600002 2 TOUCH_MOVE t
1400934190977 6 4098 319.0 831.4187 0.3 5.0 5.0 5.0 5.0 0.0 0.22800002 2 TOUCH_MOVE t
1400934190990 6 4098 319.0 831.4187 0.3 5.0 5.0 5.0 5.0 0.0 0.22800002 1 TOUCH_UP t
1400934191158 6 4098 417.0 973.451 0.23333335 4.0 4.0 4.0 4.0 0.0 0.224 0 TOUCH_DOWN h
1400934191162 6 4098 417.0 972.451 0.23333335 4.0 4.0 4.0 4.0 0.0 0.224 2 TOUCH_MOVE h
1400934191184 6 4098 417.0 972.451 0.16666667 3.0 3.0 3.0 3.0 0.0 0.192 2 TOUCH_MOVE h
1400934191190 6 4098 417.0 972.451 0.16666667 3.0 3.0 3.0 3.0 0.0 0.192 1 TOUCH_UP h
1400934191236 6 4098 186.5 810.951 0.23333335 4.0 4.0 4.0 4.0 0.0 0.208 0 TOUCH_DOWN e
1400934191261 6 4098 186.89948 811.35046 0.23333335 4.0 4.0 4.0 4.0 0.0 0.216 2 TOUCH_MOVE e
1400934191277 6 4098 188.32932 811.451 0.26666668 4.0 4.0 4.0 4.0 0.0 0.24000001 2 TOUCH_MOVE e
1400934191294 6 4098 189.02205 811.951 0.26666668 4.0 4.0 4.0 4.0 0.0 0.24000001 2 TOUCH_MOVE e
1400934191344 6 4098 187.94301 811.951 0.20000002 3.0 3.0 3.0 3.0 0.0 0.19600001 2 TOUCH_MOVE e
1400934191359 6 4098 188.0 811.951 0.13333334 2.0 2.0 2.0 2.0 0.0 0.104 2 TOUCH_MOVE e
1400934191363 6 4098 188.0 811.951 0.13333334 2.0 2.0 2.0 2.0 0.0 0.104 1 TOUCH_UP e
1400934191533 6 4098 368.0 1192.9509 0.16666667 3.0 3.0 3.0 3.0 0.0 0.19600001 0 TOUCH_DOWN Space
1400934191579 6 4098 367.45184 1192.4027 0.20000002 3.0 3.0 3.0 3.0 0.0 0.208 2 TOUCH_MOVE Space
1400934191601 6 4098 367.0 1191.3682 0.20000002 3.0 3.0 3.0 3.0 0.0 0.2 2 TOUCH_MOVE Space
1400934191611 6 4098 367.0 1188.5442 0.20000002 3.0 3.0 3.0 3.0 0.0 0.192 2 TOUCH_MOVE Space
1400934191619 6 4098 367.0 1188.4509 0.26666668 4.0 4.0 4.0 4.0 0.0 0.18 2 TOUCH_MOVE Space
1400934191623 6 4098 367.0 1188.4509 0.26666668 4.0 4.0 4.0 4.0 0.0 0.18 1 TOUCH_UP Space
1400934192383 6 4098 102.5 831.451 0.33333334 5.0 5.0 5.0 5.0 0.0 0.21200001 0 TOUCH_DOWN w
1400934192538 6 4098 102.5 831.451 0.33333334 5.0 5.0 5.0 5.0 0.0 0.21200001 1 TOUCH_UP w
1400934192545 6 4098 590.5 854.951 0.20000002 3.0 3.0 3.0 3.0 0.0 0.208 0 TOUCH_DOWN o
1400934192559 6 4098 588.4787 854.451 0.23333335 4.0 4.0 4.0 4.0 0.0 0.216 2 TOUCH_MOVE o
1400934192573 6 4098 587.99255 854.451 0.23333335 4.0 4.0 4.0 4.0 0.0 0.224 2 TOUCH_MOVE o
1400934192578 6 4098 587.0453 853.9963 0.23333335 4.0 4.0 4.0 4.0 0.0 0.23200001 2 TOUCH_MOVE o
1400934192597 6 4098 586.05817 853.00916 0.23333335 4.0 4.0 4.0 4.0 0.0 0.23200001 2 TOUCH_MOVE o
1400934192615 6 4098 586.0 852.201 0.23333335 4.0 4.0 4.0 4.0 0.0 0.22000001 2 TOUCH_MOVE o
1400934192641 6 4098 586.0 852.201 0.23333335 4.0 4.0 4.0 4.0 0.0 0.22000001 1 TOUCH_UP o
1400934192885 6 4098 257.0 818.951 0.26666668 4.0 4.0 4.0 4.0 0.0 0.23200001 0 TOUCH_DOWN r
1400934192890 6 4098 257.0 818.951 0.26666668 4.0 4.0 4.0 4.0 0.0 0.24000001 2 TOUCH_MOVE r
1400934192915 6 4098 257.0 818.951 0.20000002 4.0 4.0 4.0 4.0 0.0 0.172 2 TOUCH_MOVE r
1400934192918 6 4098 257.0 818.951 0.20000002 4.0 4.0 4.0 4.0 0.0 0.172 1 TOUCH_UP r
1400934193173 6 4098 615.0 976.451 0.23333335 5.0 5.0 5.0 5.0 0.0 0.19600001 0 TOUCH_DOWN l
1400934193230 6 4098 615.6351 974.8159 0.20000002 4.0 4.0 4.0 4.0 0.0 0.18800001 2 TOUCH_MOVE l
1400934193245 6 4098 616.0 974.451 0.20000002 4.0 4.0 4.0 4.0 0.0 0.18 2 TOUCH_MOVE l
1400934193250 6 4098 616.0 974.451 0.20000002 4.0 4.0 4.0 4.0 0.0 0.18 1 TOUCH_UP l
1400934193357 6 4098 223.5 961.451 0.3 5.0 5.0 5.0 5.0 0.0 0.23200001 0 TOUCH_DOWN d
1400934193366 6 4098 223.16031 961.451 0.3 5.0 5.0 5.0 5.0 0.0 0.22000001 2 TOUCH_MOVE d
1400934193380 6 4098 222.18262 961.451 0.3 5.0 5.0 5.0 5.0 0.0 0.22800002 2 TOUCH_MOVE d
1400934193396 6 4098 221.21349 961.1645 0.3 5.0 5.0 5.0 5.0 0.0 0.22000001 2 TOUCH_MOVE d
1400934193413 6 4098 219.74374 960.1989 0.26666668 5.0 5.0 5.0 5.0 0.0 0.208 2 TOUCH_MOVE d
1400934193429 6 4098 217.55612 959.951 0.20000002 3.0 3.0 3.0 3.0 0.0 0.104 2 TOUCH_MOVE d
1400934193435 6 4098 217.55612 959.951 0.20000002 3.0 3.0 3.0 3.0 0.0 0.104 1 TOUCH_UP d
1400934195740 6 4098 436.0 1244.9509 0.16666667 4.0 4.0 4.0 4.0 0.0 0.18800001 0 TOUCH_DOWN ,
1400934195748 6 4098 436.0 1244.9509 0.20000002 5.0 5.0 5.0 5.0 0.0 0.18800001 2 TOUCH_MOVE ,
1400934195781 6 4098 437.724 1244.9509 0.20000002 5.0 5.0 5.0 5.0 0.0 0.18800001 2 TOUCH_MOVE ,
1400934195800 6 4098 439.6508 1244.9509 0.20000002 5.0 5.0 5.0 5.0 0.0 0.18800001 2 TOUCH_MOVE ,
1400934195815 6 4098 441.58368 1244.9509 0.20000002 5.0 5.0 5.0 5.0 0.0 0.18 2 TOUCH_MOVE ,
1400934195831 6 4098 442.75 1244.9509 0.20000002 5.0 5.0 5.0 5.0 0.0 0.15200001 2 TOUCH_MOVE ,
1400934195837 6 4098 442.75 1244.9509 0.20000002 5.0 5.0 5.0 5.0 0.0 0.15200001 1 TOUCH_UP ,
1400934196436 6 4098 99.0 814.951 0.3 5.0 5.0 5.0 5.0 0.0 0.22800002 0 TOUCH_DOWN w
1400934196449 6 4098 99.0 814.951 0.3 5.0 5.0 5.0 5.0 0.0 0.23600002 2 TOUCH_MOVE w
1400934196466 6 4098 100.345726 815.87384 0.3 5.0 5.0 5.0 5.0 0.0 0.24400002 2 TOUCH_MOVE w
1400934196486 6 4098 102.316925 816.451 0.3 5.0 5.0 5.0 5.0 0.0 0.24400002 2 TOUCH_MOVE w
1400934196499 6 4098 104.24011 817.32104 0.3 5.0 5.0 5.0 5.0 0.0 0.24800001 2 TOUCH_MOVE w
1400934196526 6 4098 105.25 817.451 0.3 5.0 5.0 5.0 5.0 0.0 0.24800001 2 TOUCH_MOVE w
1400934196564 6 4098 105.25 817.451 0.3 5.0 5.0 5.0 5.0 0.0 0.24800001 1 TOUCH_UP w
1400934197099 6 4098 671.0 1085.9509 0.23333335 5.0 5.0 5.0 5.0 0.0 0.19600001 0 TOUCH_DOWN Back
1400934197106 6 4098 671.0 1085.9509 0.23333335 5.0 5.0 5.0 5.0 0.0 0.20400001 2 TOUCH_MOVE Back
1400934197199 6 4098 671.5386 1085.9509 0.26666668 5.0 5.0 5.0 5.0 0.0 0.208 2 TOUCH_MOVE Back
1400934197220 6 4098 671.5386 1085.9509 0.26666668 5.0 5.0 5.0 5.0 0.0 0.208 1 TOUCH_UP Back
1400934197462 6 4098 353.0 1186.4509 0.23333335 4.0 4.0 4.0 4.0 0.0 0.21200001 0 TOUCH_DOWN Space
1400934197500 6 4098 351.73267 1186.7183 0.23333335 4.0 4.0 4.0 4.0 0.0 0.21200001 2 TOUCH_MOVE Space
1400934197517 6 4098 350.75 1187.7009 0.23333335 4.0 4.0 4.0 4.0 0.0 0.21200001 2 TOUCH_MOVE Space
1400934197575 6 4098 351.0 1187.4509 0.16666667 3.0 3.0 3.0 3.0 0.0 0.18400002 2 TOUCH_MOVE Space
1400934197579 6 4098 351.0 1187.4509 0.16666667 3.0 3.0 3.0 3.0 0.0 0.18400002 1 TOUCH_UP Space
1400934197631 6 4098 120.5 825.451 0.3 5.0 5.0 5.0 5.0 0.0 0.21200001 0 TOUCH_DOWN w
1400934197636 6 4098 120.5 825.451 0.3 5.0 5.0 5.0 5.0 0.0 0.224 2 TOUCH_MOVE w
1400934197760 6 4098 120.5 825.451 0.3 5.0 5.0 5.0 5.0 0.0 0.192 2 TOUCH_MOVE w
1400934197764 6 4098 120.5 825.451 0.3 5.0 5.0 5.0 5.0 0.0 0.192 1 TOUCH_UP w
1400934197941 6 4098 203.0 824.451 0.3 5.0 5.0 5.0 5.0 0.0 0.24000001 0 TOUCH_DOWN e
1400934197989 6 4098 203.0 824.451 0.3 5.0 5.0 5.0 5.0 0.0 0.24000001 1 TOUCH_UP e
1400934198059 6 4098 352.0 1213.4509 0.20000002 3.0 3.0 3.0 3.0 0.0 0.19600001 0 TOUCH_DOWN Space
1400934198084 6 4098 351.46338 1213.4509 0.23333335 4.0 4.0 4.0 4.0 0.0 0.20400001 2 TOUCH_MOVE Space
1400934198100 6 4098 349.87262 1213.9509 0.23333335 4.0 4.0 4.0 4.0 0.0 0.20400001 2 TOUCH_MOVE Space
1400934198117 6 4098 347.93573 1213.9509 0.23333335 4.0 4.0 4.0 4.0 0.0 0.208 2 TOUCH_MOVE Space
1400934198135 6 4098 347.005 1213.9509 0.23333335 4.0 4.0 4.0 4.0 0.0 0.20400001 2 TOUCH_MOVE Space
1400934198150 6 4098 346.95804 1213.0348 0.23333335 4.0 4.0 4.0 4.0 0.0 0.2 2 TOUCH_MOVE Space
1400934198167 6 4098 347.0 1212.9509 0.13333334 2.0 2.0 2.0 2.0 0.0 0.128 2 TOUCH_MOVE Space
1400934198170 6 4098 347.0 1212.9509 0.13333334 2.0 2.0 2.0 2.0 0.0 0.128 1 TOUCH_UP Space
1400934198323 6 4098 50.5 968.951 0.16666667 3.0 3.0 3.0 3.0 0.0 0.192 0 TOUCH_DOWN a
1400934198334 6 4098 50.5 968.951 0.16666667 3.0 3.0 3.0 3.0 0.0 0.2 2 TOUCH_MOVE a
1400934198384 6 4098 51.48082 967.97015 0.20000002 3.0 3.0 3.0 3.0 0.0 0.22000001 2 TOUCH_MOVE a
1400934198401 6 4098 51.75 967.701 0.20000002 3.0 3.0 3.0 3.0 0.0 0.216 2 TOUCH_MOVE a
1400934198418 6 4098 52.128437 967.3226 0.20000002 3.0 3.0 3.0 3.0 0.0 0.21200001 2 TOUCH_MOVE a
1400934198455 6 4098 52.128437 967.3226 0.20000002 3.0 3.0 3.0 3.0 0.0 0.21200001 1 TOUCH_UP a
1400934198690 6 4098 244.0 840.451 0.26666668 4.0 4.0 4.0 4.0 0.0 0.24000001 0 TOUCH_DOWN r
1400934198810 6 4098 244.0 840.451 0.26666668 4.0 4.0 4.0 4.0 0.0 0.24000001 1 TOUCH_UP r
1400934198932 6 4098 157.5 810.951 0.3 5.0 5.0 5.0 5.0 0.0 0.216 0 TOUCH_DOWN e
1400934198951 6 4098 157.5 810.951 0.3 5.0 5.0 5.0 5.0 0.0 0.22000001 2 TOUCH_MOVE e
1400934198968 6 4098 157.76628 811.7173 0.3 5.0 5.0 5.0 5.0 0.0 0.24000001 2 TOUCH_MOVE e
1400934198985 6 4098 158.73352 812.6845 0.3 5.0 5.0 5.0 5.0 0.0 0.24400002 2 TOUCH_MOVE e
1400934199002 6 4098 159.69504 812.951 0.3 5.0 5.0 5.0 5.0 0.0 0.24400002 2 TOUCH_MOVE e
1400934199018 6 4098 160.66402 812.951 0.3 5.0 5.0 5.0 5.0 0.0 0.24000001 2 TOUCH_MOVE e
1400934199052 6 4098 160.0 812.951 0.23333335 5.0 5.0 5.0 5.0 0.0 0.19600001 2 TOUCH_MOVE e
1400934199059 6 4098 160.0 812.951 0.23333335 5.0 5.0 5.0 5.0 0.0 0.19600001 1 TOUCH_UP e
1400934199636 6 4098 349.5 1227.4509 0.20000002 3.0 3.0 3.0 3.0 0.0 0.20400001 0 TOUCH_DOWN Space
1400934199639 6 4098 349.5 1227.4509 0.23333335 4.0 4.0 4.0 4.0 0.0 0.208 2 TOUCH_MOVE Space
1400934199659 6 4098 349.5 1227.4509 0.23333335 4.0 4.0 4.0 4.0 0.0 0.208 1 TOUCH_UP Space
1400934200358 6 4098 303.0 832.951 0.23333335 4.0 4.0 4.0 4.0 0.0 0.21200001 0 TOUCH_DOWN t
1400934200370 6 4098 303.0 832.951 0.23333335 4.0 4.0 4.0 4.0 0.0 0.216 2 TOUCH_MOVE t
1400934200424 6 4098 303.0 832.951 0.23333335 4.0 4.0 4.0 4.0 0.0 0.216 1 TOUCH_UP t
1400934200514 6 4098 428.5 968.451 0.16666667 3.0 3.0 3.0 3.0 0.0 0.20400001 0 TOUCH_DOWN h
1400934200554 6 4098 427.87073 968.451 0.16666667 3.0 3.0 3.0 3.0 0.0 0.19600001 2 TOUCH_MOVE h
1400934200588 6 4098 427.87073 968.451 0.16666667 3.0 3.0 3.0 3.0 0.0 0.19600001 1 TOUCH_UP h
1400934200706 6 4098 203.5 828.451 0.3 5.0 5.0 5.0 5.0 0.0 0.22800002 0 TOUCH_DOWN e
1400934200769 6 4098 203.5 828.451 0.3 5.0 5.0 5.0 5.0 0.0 0.22000001 2 TOUCH_MOVE e
1400934200786 6 4098 202.49968 827.9507 0.26666668 5.0 5.0 5.0 5.0 0.0 0.20400001 2 TOUCH_MOVE e
1400934200807 6 4098 201.0 826.951 0.20000002 4.0 4.0 4.0 4.0 0.0 0.18400002 2 TOUCH_MOVE e
1400934200812 6 4098 201.0 826.951 0.20000002 4.0 4.0 4.0 4.0 0.0 0.18400002 1 TOUCH_UP e
1400934201001 6 4098 366.5 1224.4509 0.20000002 3.0 3.0 3.0 3.0 0.0 0.18800001 0 TOUCH_DOWN Space
1400934201006 6 4098 366.5 1224.4509 0.20000002 3.0 3.0 3.0 3.0 0.0 0.18400002 2 TOUCH_MOVE Space
1400934201070 6 4098 366.0807 1221.693 0.20000002 3.0 3.0 3.0 3.0 0.0 0.18800001 2 TOUCH_MOVE Space
1400934201086 6 4098 366.0 1221.4509 0.20000002 3.0 3.0 3.0 3.0 0.0 0.148 2 TOUCH_MOVE Space
1400934201091 6 4098 366.0 1221.4509 0.20000002 3.0 3.0 3.0 3.0 0.0 0.148 1 TOUCH_UP Space
1400934201392 6 4098 285.0 1115.9509 0.33333334 5.0 5.0 5.0 5.0 0.0 0.216 0 TOUCH_DOWN c
1400934201400 6 4098 283.7432 1111.1532 0.26666668 4.0 4.0 4.0 4.0 0.0 0.216 2 TOUCH_MOVE c
1400934201430 6 4098 281.80618 1103.7571 0.26666668 4.0 4.0 4.0 4.0 0.0 0.22000001 2 TOUCH_MOVE c
1400934201440 6 4098 280.86322 1102.9509 0.26666668 4.0 4.0 4.0 4.0 0.0 0.208 2 TOUCH_MOVE c
1400934201450 6 4098 280.5 1102.9509 0.3 5.0 5.0 5.0 5.0 0.0 0.19600001 2 TOUCH_MOVE c
1400934201454 6 4098 280.5 1102.9509 0.3 5.0 5.0 5.0 5.0 0.0 0.19600001 1 TOUCH_UP c
1400934201552 6 4098 443.0 1003.451 0.33333334 5.0 5.0 5.0 5.0 0.0 0.216 0 TOUCH_DOWN h
1400934201571 6 4098 442.5598 1003.451 0.33333334 5.0 5.0 5.0 5.0 0.0 0.22000001 2 TOUCH_MOVE h
1400934201587 6 4098 441.65393 1002.6049 0.33333334 5.0 5.0 5.0 5.0 0.0 0.224 2 TOUCH_MOVE h
1400934201604 6 4098 440.20004 1001.15106 0.3 5.0 5.0 5.0 5.0 0.0 0.224 2 TOUCH_MOVE h
1400934201622 6 4098 439.22388 999.89874 0.3 5.0 5.0 5.0 5.0 0.0 0.224 2 TOUCH_MOVE h
1400934201637 6 4098 438.2585 997.7265 0.3 5.0 5.0 5.0 5.0 0.0 0.216 2 TOUCH_MOVE h
1400934201654 6 4098 438.0 996.951 0.26666668 5.0 5.0 5.0 5.0 0.0 0.136 2 TOUCH_MOVE h
1400934201659 6 4098 438.0 996.951 0.26666668 5.0 5.0 5.0 5.0 0.0 0.136 1 TOUCH_UP h
1400934201813 6 4098 504.0 861.451 0.26666668 5.0 5.0 5.0 5.0 0.0 0.22000001 0 TOUCH_DOWN i
1400934201822 6 4098 504.0 861.451 0.26666668 5.0 5.0 5.0 5.0 0.0 0.224 2 TOUCH_MOVE i
1400934201871 6 4098 504.5 859.951 0.20000002 4.0 4.0 4.0 4.0 0.0 0.18800001 2 TOUCH_MOVE i
1400934201883 6 4098 504.5 859.951 0.16666667 3.0 3.0 3.0 3.0 0.0 0.116000004 2 TOUCH_MOVE i
1400934201887 6 4098 504.5 859.951 0.16666667 3.0 3.0 3.0 3.0 0.0 0.116000004 1 TOUCH_UP i
1400934202073 6 4098 637.5 966.451 0.16666667 3.0 3.0 3.0 3.0 0.0 0.2 0 TOUCH_DOWN l
1400934202171 6 4098 638.1424 966.451 0.20000002 3.0 3.0 3.0 3.0 0.0 0.192 2 TOUCH_MOVE l
1400934202185 6 4098 638.0 966.451 0.13333334 2.0 2.0 2.0 2.0 0.0 0.112 2 TOUCH_MOVE l
1400934202188 6 4098 638.0 966.451 0.13333334 2.0 2.0 2.0 2.0 0.0 0.112 1 TOUCH_UP l
1400934202436 6 4098 211.0 956.451 0.3 5.0 5.0 5.0 5.0 0.0 0.21200001 0 TOUCH_DOWN d
1400934202488 6 4098 211.0 956.451 0.3 5.0 5.0 5.0 5.0 0.0 0.224 2 TOUCH_MOVE d
1400934202507 6 4098 211.72534 956.451 0.3 5.0 5.0 5.0 5.0 0.0 0.224 2 TOUCH_MOVE d
1400934202538 6 4098 211.5 955.951 0.3 5.0 5.0 5.0 5.0 0.0 0.21200001 2 TOUCH_MOVE d
1400934202555 6 4098 211.5 955.951 0.26666668 5.0 5.0 5.0 5.0 0.0 0.16000001 2 TOUCH_MOVE d
1400934202559 6 4098 211.5 955.951 0.26666668 5.0 5.0 5.0 5.0 0.0 0.16000001 1 TOUCH_UP d
1400934202686 6 4098 240.5 834.451 0.26666668 4.0 4.0 4.0 4.0 0.0 0.24000001 0 TOUCH_DOWN r
1400934202692 6 4098 240.5 834.451 0.26666668 4.0 4.0 4.0 4.0 0.0 0.24800001 2 TOUCH_MOVE r
1400934202721 6 4098 242.9761 835.939 0.3 5.0 5.0 5.0 5.0 0.0 0.252 2 TOUCH_MOVE r
1400934202738 6 4098 244.45981 836.91077 0.33333334 5.0 5.0 5.0 5.0 0.0 0.264 2 TOUCH_MOVE r
1400934202755 6 4098 244.75 837.201 0.33333334 5.0 5.0 5.0 5.0 0.0 0.264 2 TOUCH_MOVE r
1400934202790 6 4098 244.5 836.951 0.3 5.0 5.0 5.0 5.0 0.0 0.23600002 2 TOUCH_MOVE r
1400934202802 6 4098 244.5 836.951 0.3 5.0 5.0 5.0 5.0 0.0 0.20400001 2 TOUCH_MOVE r
1400934202806 6 4098 244.5 836.951 0.3 5.0 5.0 5.0 5.0 0.0 0.20400001 1 TOUCH_UP r
1400934202927 6 4098 162.5 804.951 0.26666668 5.0 5.0 5.0 5.0 0.0 0.23200001 0 TOUCH_DOWN e
1400934202939 6 4098 162.5 804.951 0.26666668 5.0 5.0 5.0 5.0 0.0 0.23600002 2 TOUCH_MOVE e
1400934203039 6 4098 161.0 804.201 0.23333335 5.0 5.0 5.0 5.0 0.0 0.18800001 2 TOUCH_MOVE e
1400934203094 6 4098 161.0 804.201 0.23333335 5.0 5.0 5.0 5.0 0.0 0.18800001 1 TOUCH_UP e
1400934203105 6 4098 529.5 1094.9509 0.20000002 3.0 3.0 3.0 3.0 0.0 0.20400001 0 TOUCH_DOWN n
1400934203109 6 4098 527.2493 1094.9509 0.20000002 3.0 3.0 3.0 3.0 0.0 0.192 2 TOUCH_MOVE n
1400934203140 6 4098 518.34344 1092.6884 0.20000002 4.0 4.0 4.0 4.0 0.0 0.16000001 2 TOUCH_MOVE n
1400934203146 6 4098 518.34344 1092.6884 0.20000002 4.0 4.0 4.0 4.0 0.0 0.16000001 1 TOUCH_UP n
1400934204248 6 4098 692.0 1223.4509 0.16666667 3.0 3.0 3.0 3.0 0.0 0.18800001 0 TOUCH_DOWN Enter
1400934204256 6 4098 692.0 1223.4509 0.16666667 3.0 3.0 3.0 3.0 0.0 0.192 2 TOUCH_MOVE Enter
1400934204289 6 4098 692.0 1222.698 0.23333335 4.0 4.0 4.0 4.0 0.0 0.208 2 TOUCH_MOVE Enter
1400934204307 6 4098 692.0 1221.7316 0.23333335 4.0 4.0 4.0 4.0 0.0 0.208 2 TOUCH_MOVE Enter
1400934204323 6 4098 692.6858 1220.7651 0.23333335 4.0 4.0 4.0 4.0 0.0 0.20400001 2 TOUCH_MOVE Enter
1400934204341 6 4098 693.65155 1220.4509 0.16666667 3.0 3.0 3.0 3.0 0.0 0.19600001 2 TOUCH_MOVE Enter
1400934204356 6 4098 694.0 1220.4509 0.16666667 3.0 3.0 3.0 3.0 0.0 0.128 2 TOUCH_MOVE Enter
1400934204363 6 4098 694.0 1220.4509 0.16666667 3.0 3.0 3.0 3.0 0.0 0.128 1 TOUCH_UP Enter
1400934205250 6 4098 108.0 842.951 0.26666668 5.0 5.0 5.0 5.0 0.0 0.22000001 0 TOUCH_DOWN W
1400934205290 6 4098 108.676384 843.6274 0.3 5.0 5.0 5.0 5.0 0.0 0.23200001 2 TOUCH_MOVE W
1400934205310 6 4098 109.64469 843.451 0.3 5.0 5.0 5.0 5.0 0.0 0.23200001 2 TOUCH_MOVE W
1400934205324 6 4098 110.25 843.451 0.3 5.0 5.0 5.0 5.0 0.0 0.23200001 2 TOUCH_MOVE W
1400934205357 6 4098 110.50712 843.9581 0.23333335 4.0 4.0 4.0 4.0 0.0 0.18800001 2 TOUCH_MOVE W
1400934205374 6 4098 110.50712 843.9581 0.23333335 4.0 4.0 4.0 4.0 0.0 0.18800001 1 TOUCH_UP W
1400934205481 6 4098 197.0 822.951 0.3 5.0 5.0 5.0 5.0 0.0 0.23200001 0 TOUCH_DOWN e
1400934205490 6 4098 197.0 822.951 0.3 5.0 5.0 5.0 5.0 0.0 0.24000001 2 TOUCH_MOVE e
1400934205510 6 4098 197.71747 822.951 0.33333334 5.0 5.0 5.0 5.0 0.0 0.252 2 TOUCH_MOVE e
1400934205524 6 4098 198.69464 822.951 0.33333334 5.0 5.0 5.0 5.0 0.0 0.24800001 2 TOUCH_MOVE e
1400934205540 6 4098 199.25 822.951 0.33333334 5.0 5.0 5.0 5.0 0.0 0.24800001 2 TOUCH_MOVE e
1400934205570 6 4098 199.0 822.951 0.23333335 4.0 4.0 4.0 4.0 0.0 0.19600001 2 TOUCH_MOVE e
1400934205574 6 4098 199.0 822.951 0.23333335 4.0 4.0 4.0 4.0 0.0 0.19600001 1 TOUCH_UP e
1400934205651 6 4098 355.5 1194.4509 0.20000002 3.0 3.0 3.0 3.0 0.0 0.21200001 0 TOUCH_DOWN Space
1400934205691 6 4098 354.15176 1194.9509 0.23333335 4.0 4.0 4.0 4.0 0.0 0.22000001 2 TOUCH_MOVE Space
1400934205709 6 4098 353.25 1195.7009 0.23333335 4.0 4.0 4.0 4.0 0.0 0.22000001 2 TOUCH_MOVE Space
1400934205763 6 4098 353.25 1195.7009 0.23333335 4.0 4.0 4.0 4.0 0.0 0.22000001 1 TOUCH_UP Space
1400934205818 6 4098 47.0 984.451 0.20000002 3.0 3.0 3.0 3.0 0.0 0.19600001 0 TOUCH_DOWN a
1400934205824 6 4098 47.0 984.451 0.23333335 4.0 4.0 4.0 4.0 0.0 0.2 2 TOUCH_MOVE a
1400934205913 6 4098 46.442055 984.451 0.23333335 4.0 4.0 4.0 4.0 0.0 0.20400001 2 TOUCH_MOVE a
1400934205945 6 4098 46.442055 984.451 0.23333335 4.0 4.0 4.0 4.0 0.0 0.20400001 1 TOUCH_UP a
1400934206108 6 4098 256.0 861.451 0.26666668 4.0 4.0 4.0 4.0 0.0 0.24000001 0 TOUCH_DOWN r
1400934206178 6 4098 254.64915 861.451 0.26666668 4.0 4.0 4.0 4.0 0.0 0.24800001 2 TOUCH_MOVE r
1400934206208 6 4098 253.69006 861.451 0.26666668 4.0 4.0 4.0 4.0 0.0 0.23600002 2 TOUCH_MOVE r
1400934206219 6 4098 252.5 860.951 0.13333334 2.0 2.0 2.0 2.0 0.0 0.128 2 TOUCH_MOVE r
1400934206331 6 4098 252.5 860.951 0.13333334 2.0 2.0 2.0 2.0 0.0 0.128 1 TOUCH_UP r
1400934206345 6 4098 192.0 809.451 0.26666668 4.0 4.0 4.0 4.0 0.0 0.24000001 0 TOUCH_DOWN e
1400934206392 6 4098 192.0 811.8507 0.3 5.0 5.0 5.0 5.0 0.0 0.252 2 TOUCH_MOVE e
1400934206408 6 4098 192.0 812.201 0.3 5.0 5.0 5.0 5.0 0.0 0.252 2 TOUCH_MOVE e
1400934206442 6 4098 192.0 811.951 0.13333334 2.0 2.0 2.0 2.0 0.0 0.164 2 TOUCH_MOVE e
1400934206446 6 4098 192.0 811.951 0.13333334 2.0 2.0 2.0 2.0 0.0 0.164 1 TOUCH_UP e
1400934206687 6 4098 356.5 1212.9509 0.16666667 3.0 3.0 3.0 3.0 0.0 0.2 0 TOUCH_DOWN Space
1400934206692 6 4098 356.5 1212.9509 0.20000002 3.0 3.0 3.0 3.0 0.0 0.20400001 2 TOUCH_MOVE Space
1400934206741 6 4098 356.5 1212.9509 0.13333334 2.0 2.0 2.0 2.0 0.0 0.14400001 2 TOUCH_MOVE Space
1400934206749 6 4098 356.5 1212.9509 0.13333334 2.0 2.0 2.0 2.0 0.0 0.14400001 1 TOUCH_UP Space
1400934207976 6 4098 304.0 837.451 0.26666668 4.0 4.0 4.0 4.0 0.0 0.224 0 TOUCH_DOWN t
1400934207978 6 4098 304.0 837.451 0.26666668 4.0 4.0 4.0 4.0 0.0 0.23200001 2 TOUCH_MOVE t
1400934208022 6 4098 304.77765 837.451 0.3 5.0 5.0 5.0 5.0 0.0 0.24000001 2 TOUCH_MOVE t
1400934208031 6 4098 305.52325 837.451 0.26666668 4.0 4.0 4.0 4.0 0.0 0.22800002 2 TOUCH_MOVE t
1400934208053 6 4098 305.52325 837.451 0.26666668 4.0 4.0 4.0 4.0 0.0 0.22800002 1 TOUCH_UP t
1400934208132 6 4098 440.0 979.451 0.26666668 5.0 5.0 5.0 5.0 0.0 0.18800001 0 TOUCH_DOWN h
1400934208144 6 4098 440.0 979.451 0.26666668 5.0 5.0 5.0 5.0 0.0 0.192 2 TOUCH_MOVE h
1400934208176 6 4098 439.28516 978.5213 0.20000002 4.0 4.0 4.0 4.0 0.0 0.20400001 2 TOUCH_MOVE h
1400934208200 6 4098 438.3209 976.5928 0.20000002 4.0 4.0 4.0 4.0 0.0 0.2 2 TOUCH_MOVE h
1400934208210 6 4098 437.34625 974.6435 0.20000002 4.0 4.0 4.0 4.0 0.0 0.2 2 TOUCH_MOVE h
1400934208228 6 4098 437.5 973.3376 0.20000002 4.0 4.0 4.0 4.0 0.0 0.17600001 2 TOUCH_MOVE h
1400934208234 6 4098 437.5 973.3376 0.20000002 4.0 4.0 4.0 4.0 0.0 0.17600001 1 TOUCH_UP h
1400934208344 6 4098 194.0 818.451 0.26666668 4.0 4.0 4.0 4.0 0.0 0.21200001 0 TOUCH_DOWN e
1400934208412 6 4098 193.77306 818.451 0.23333335 4.0 4.0 4.0 4.0 0.0 0.21200001 2 TOUCH_MOVE e
1400934208427 6 4098 192.09377 818.451 0.20000002 4.0 4.0 4.0 4.0 0.0 0.18 2 TOUCH_MOVE e
1400934208433 6 4098 192.09377 818.451 0.20000002 4.0 4.0 4.0 4.0 0.0 0.18 1 TOUCH_UP e
1400934208599 6 4098 378.5 1200.9509 0.23333335 4.0 4.0 4.0 4.0 0.0 0.2 0 TOUCH_DOWN Space
1400934208615 6 4098 378.5 1201.3606 0.23333335 4.0 4.0 4.0 4.0 0.0 0.20400001 2 TOUCH_MOVE Space
1400934208637 6 4098 378.5 1202.2009 0.23333335 4.0 4.0 4.0 4.0 0.0 0.208 2 TOUCH_MOVE Space
1400934208691 6 4098 378.5 1201.9509 0.20000002 4.0 4.0 4.0 4.0 0.0 0.18 2 TOUCH_MOVE Space
1400934208695 6 4098 378.5 1201.9509 0.20000002 4.0 4.0 4.0 4.0 0.0 0.18 1 TOUCH_UP Space
1400934209008 6 4098 582.5 862.451 0.20000002 3.0 3.0 3.0 3.0 0.0 0.216 0 TOUCH_DOWN o
1400934209119 6 4098 582.5 862.451 0.20000002 3.0 3.0 3.0 3.0 0.0 0.216 1 TOUCH_UP o
1400934209311 6 4098 481.5 1104.9509 0.26666668 4.0 4.0 4.0 4.0 0.0 0.216 0 TOUCH_DOWN n
1400934209331 6 4098 481.5 1104.9509 0.26666668 4.0 4.0 4.0 4.0 0.0 0.22000001 2 TOUCH_MOVE n
1400934209361 6 4098 482.26627 1105.2172 0.26666668 4.0 4.0 4.0 4.0 0.0 0.216 2 TOUCH_MOVE n
1400934209377 6 4098 483.0 1105.4509 0.26666668 4.0 4.0 4.0 4.0 0.0 0.2 2 TOUCH_MOVE n
1400934209389 6 4098 483.0 1105.4509 0.26666668 4.0 4.0 4.0 4.0 0.0 0.17600001 2 TOUCH_MOVE n
1400934209395 6 4098 483.0 1105.4509 0.26666668 4.0 4.0 4.0 4.0 0.0 0.17600001 1 TOUCH_UP n
1400934209502 6 4098 188.5 809.451 0.26666668 4.0 4.0 4.0 4.0 0.0 0.23200001 0 TOUCH_DOWN e
1400934209511 6 4098 188.5 809.451 0.26666668 4.0 4.0 4.0 4.0 0.0 0.23600002 2 TOUCH_MOVE e
1400934209528 6 4098 189.39928 810.3503 0.3 5.0 5.0 5.0 5.0 0.0 0.24400002 2 TOUCH_MOVE e
1400934209545 6 4098 190.34917 811.3002 0.26666668 4.0 4.0 4.0 4.0 0.0 0.24400002 2 TOUCH_MOVE e
1400934209561 6 4098 191.0 812.30005 0.26666668 4.0 4.0 4.0 4.0 0.0 0.252 2 TOUCH_MOVE e
1400934209579 6 4098 191.0 812.701 0.3 5.0 5.0 5.0 5.0 0.0 0.24800001 2 TOUCH_MOVE e
1400934209596 6 4098 189.96335 811.9143 0.26666668 4.0 4.0 4.0 4.0 0.0 0.23200001 2 TOUCH_MOVE e
1400934209611 6 4098 187.25 809.201 0.20000002 3.0 3.0 3.0 3.0 0.0 0.19600001 2 TOUCH_MOVE e
1400934209688 6 4098 187.25 809.201 0.20000002 3.0 3.0 3.0 3.0 0.0 0.19600001 1 TOUCH_UP e
1400934209814 6 4098 127.5 921.451 0.23333335 4.0 4.0 4.0 4.0 0.0 0.22000001 0 TOUCH_DOWN s
1400934209907 6 4098 127.5 921.451 0.13333334 2.0 2.0 2.0 2.0 0.0 0.172 2 TOUCH_MOVE s
1400934209911 6 4098 127.5 921.451 0.13333334 2.0 2.0 2.0 2.0 0.0 0.172 1 TOUCH_UP s
1400934210806 6 4098 347.5 1208.9509 0.23333335 4.0 4.0 4.0 4.0 0.0 0.21200001 0 TOUCH_DOWN Space
1400934210812 6 4098 347.5 1208.9509 0.23333335 4.0 4.0 4.0 4.0 0.0 0.216 2 TOUCH_MOVE Space
1400934210831 6 4098 346.76657 1208.9509 0.23333335 4.0 4.0 4.0 4.0 0.0 0.224 2 TOUCH_MOVE Space
1400934210846 6 4098 345.11304 1208.9509 0.23333335 4.0 4.0 4.0 4.0 0.0 0.224 2 TOUCH_MOVE Space
1400934210862 6 4098 344.25 1208.9509 0.23333335 4.0 4.0 4.0 4.0 0.0 0.22000001 2 TOUCH_MOVE Space
1400934210879 6 4098 343.37204 1208.9509 0.23333335 4.0 4.0 4.0 4.0 0.0 0.22000001 2 TOUCH_MOVE Space
1400934210921 6 4098 343.0 1208.5607 0.23333335 4.0 4.0 4.0 4.0 0.0 0.22000001 2 TOUCH_MOVE Space
1400934210932 6 4098 343.0 1208.4509 0.13333334 2.0 2.0 2.0 2.0 0.0 0.164 2 TOUCH_MOVE Space
1400934210946 6 4098 343.0 1208.4509 0.13333334 2.0 2.0 2.0 2.0 0.0 0.164 1 TOUCH_UP Space
1400934211582 6 4098 127.5 828.951 0.26666668 5.0 5.0 5.0 5.0 0.0 0.208 0 TOUCH_DOWN w
1400934211596 6 4098 127.5 828.951 0.3 5.0 5.0 5.0 5.0 0.0 0.216 2 TOUCH_MOVE w
1400934211646 6 4098 126.9972 828.951 0.3 5.0 5.0 5.0 5.0 0.0 0.22000001 2 TOUCH_MOVE w
1400934211678 6 4098 126.9972 828.951 0.3 5.0 5.0 5.0 5.0 0.0 0.22000001 1 TOUCH_UP w
1400934211686 6 4098 425.0 984.951 0.23333335 4.0 4.0 4.0 4.0 0.0 0.216 0 TOUCH_DOWN h
1400934211707 6 4098 424.07312 984.951 0.26666668 4.0 4.0 4.0 4.0 0.0 0.216 2 TOUCH_MOVE h
1400934211713 6 4098 423.11002 984.951 0.23333335 4.0 4.0 4.0 4.0 0.0 0.216 2 TOUCH_MOVE h
1400934211730 6 4098 422.75 984.951 0.23333335 4.0 4.0 4.0 4.0 0.0 0.21200001 2 TOUCH_MOVE h
1400934211746 6 4098 424.2259 983.1122 0.20000002 4.0 4.0 4.0 4.0 0.0 0.16800001 2 TOUCH_MOVE h
1400934211751 6 4098 424.2259 983.1122 0.20000002 4.0 4.0 4.0 4.0 0.0 0.16800001 1 TOUCH_UP h
1400934211894 6 4098 599.0 864.451 0.23333335 4.0 4.0 4.0 4.0 0.0 0.216 0 TOUCH_DOWN o
1400934211930 6 4098 598.0424 865.40857 0.23333335 4.0 4.0 4.0 4.0 0.0 0.23200001 2 TOUCH_MOVE o
1400934211947 6 4098 596.1306 865.951 0.23333335 4.0 4.0 4.0 4.0 0.0 0.22800002 2 TOUCH_MOVE o
1400934211963 6 4098 594.7279 866.33704 0.23333335 4.0 4.0 4.0 4.0 0.0 0.208 2 TOUCH_MOVE o
1400934211980 6 4098 593.75 866.451 0.13333334 2.0 2.0 2.0 2.0 0.0 0.116000004 2 TOUCH_MOVE o
1400934211985 6 4098 593.75 866.451 0.13333334 2.0 2.0 2.0 2.0 0.0 0.116000004 1 TOUCH_UP o
1400934212257 6 4098 394.5 1199.9509 0.20000002 4.0 4.0 4.0 4.0 0.0 0.19600001 0 TOUCH_DOWN ,
1400934212264 6 4098 394.5 1199.9509 0.20000002 4.0 4.0 4.0 4.0 0.0 0.192 2 TOUCH_MOVE ,
1400934212341 6 4098 394.5 1199.9509 0.20000002 4.0 4.0 4.0 4.0 0.0 0.192 1 TOUCH_UP ,
1400934212519 6 4098 560.0 1087.9509 0.26666668 5.0 5.0 5.0 5.0 0.0 0.2 0 TOUCH_DOWN m
1400934212530 6 4098 560.0 1088.3035 0.26666668 5.0 5.0 5.0 5.0 0.0 0.216 2 TOUCH_MOVE m
1400934212557 6 4098 560.0 1089.0421 0.26666668 5.0 5.0 5.0 5.0 0.0 0.22800002 2 TOUCH_MOVE m
1400934212564 6 4098 560.0 1089.5253 0.26666668 5.0 5.0 5.0 5.0 0.0 0.22800002 2 TOUCH_MOVE m
1400934212580 6 4098 560.0 1090.2009 0.26666668 5.0 5.0 5.0 5.0 0.0 0.22800002 2 TOUCH_MOVE m
1400934212618 6 4098 560.0 1090.2009 0.26666668 5.0 5.0 5.0 5.0 0.0 0.22800002 1 TOUCH_UP m
1400934212669 6 4098 48.0 976.451 0.20000002 3.0 3.0 3.0 3.0 0.0 0.192 0 TOUCH_DOWN a
1400934212714 6 4098 48.340157 977.79114 0.20000002 3.0 3.0 3.0 3.0 0.0 0.20400001 2 TOUCH_MOVE a
1400934212730 6 4098 49.307716 978.7587 0.20000002 3.0 3.0 3.0 3.0 0.0 0.20400001 2 TOUCH_MOVE a
1400934212748 6 4098 49.75 979.201 0.20000002 3.0 3.0 3.0 3.0 0.0 0.20400001 2 TOUCH_MOVE a
1400934212800 6 4098 49.75 979.201 0.20000002 3.0 3.0 3.0 3.0 0.0 0.20400001 1 TOUCH_UP a
1400934212893 6 4098 541.0 965.451 0.20000002 4.0 4.0 4.0 4.0 0.0 0.192 0 TOUCH_DOWN k
1400934212931 6 4098 542.25 965.451 0.20000002 4.0 4.0 4.0 4.0 0.0 0.2 2 TOUCH_MOVE k
1400934212965 6 4098 542.0 965.451 0.13333334 2.0 2.0 2.0 2.0 0.0 0.164 2 TOUCH_MOVE k
1400934212974 6 4098 542.0 965.451 0.13333334 2.0 2.0 2.0 2.0 0.0 0.108 2 TOUCH_MOVE k
1400934213076 6 4098 542.0 965.451 0.13333334 2.0 2.0 2.0 2.0 0.0 0.108 1 TOUCH_UP k
1400934213105 6 4098 168.0 805.951 0.26666668 5.0 5.0 5.0 5.0 0.0 0.21200001 0 TOUCH_DOWN e
1400934213110 6 4098 167.98051 805.97046 0.26666668 5.0 5.0 5.0 5.0 0.0 0.22000001 2 TOUCH_MOVE e
1400934213154 6 4098 166.5 809.88556 0.26666668 4.0 4.0 4.0 4.0 0.0 0.23600002 2 TOUCH_MOVE e
1400934213168 6 4098 166.5 810.701 0.3 5.0 5.0 5.0 5.0 0.0 0.23600002 2 TOUCH_MOVE e
1400934213203 6 4098 166.5 810.451 0.26666668 5.0 5.0 5.0 5.0 0.0 0.18 2 TOUCH_MOVE e
1400934213208 6 4098 166.5 810.451 0.26666668 5.0 5.0 5.0 5.0 0.0 0.18 1 TOUCH_UP e
1400934213667 6 4098 688.0 1083.9509 0.23333335 4.0 4.0 4.0 4.0 0.0 0.216 0 TOUCH_DOWN Back
1400934213687 6 4098 688.0 1083.9509 0.23333335 4.0 4.0 4.0 4.0 0.0 0.22000001 2 TOUCH_MOVE Back
1400934213731 6 4098 689.2353 1083.9509 0.23333335 4.0 4.0 4.0 4.0 0.0 0.22000001 2 TOUCH_MOVE Back
1400934213750 6 4098 690.1968 1083.9509 0.23333335 4.0 4.0 4.0 4.0 0.0 0.21200001 2 TOUCH_MOVE Back
1400934213766 6 4098 690.1968 1083.9509 0.23333335 4.0 4.0 4.0 4.0 0.0 0.21200001 1 TOUCH_UP Back
1400934213861 6 4098 688.0 1086.4509 0.20000002 3.0 3.0 3.0 3.0 0.0 0.20400001 0 TOUCH_DOWN Back
1400934213884 6 4098 688.0 1086.4509 0.23333335 4.0 4.0 4.0 4.0 0.0 0.208 2 TOUCH_MOVE Back
1400934213898 6 4098 688.0 1087.337 0.23333335 4.0 4.0 4.0 4.0 0.0 0.216 2 TOUCH_MOVE Back
1400934213916 6 4098 688.0 1087.7009 0.23333335 4.0 4.0 4.0 4.0 0.0 0.216 2 TOUCH_MOVE Back
1400934213963 6 4098 688.0 1087.7009 0.23333335 4.0 4.0 4.0 4.0 0.0 0.216 1 TOUCH_UP Back
1400934214057 6 4098 691.0 1087.9509 0.20000002 3.0 3.0 3.0 3.0 0.0 0.20400001 0 TOUCH_DOWN Back
1400934214066 6 4098 691.0 1087.9509 0.23333335 4.0 4.0 4.0 4.0 0.0 0.208 2 TOUCH_MOVE Back
1400934214084 6 4098 691.0 1088.9619 0.23333335 4.0 4.0 4.0 4.0 0.0 0.216 2 TOUCH_MOVE Back
1400934214116 6 4098 691.0 1090.3947 0.23333335 4.0 4.0 4.0 4.0 0.0 0.216 2 TOUCH_MOVE Back
1400934214132 6 4098 691.4551 1090.906 0.23333335 4.0 4.0 4.0 4.0 0.0 0.216 2 TOUCH_MOVE Back
1400934214151 6 4098 692.25 1091.7009 0.20000002 3.0 3.0 3.0 3.0 0.0 0.18800001 2 TOUCH_MOVE Back
1400934214162 6 4098 692.25 1091.7009 0.20000002 3.0 3.0 3.0 3.0 0.0 0.18800001 1 TOUCH_UP Back
1400934214245 6 4098 690.5 1090.9509 0.20000002 3.0 3.0 3.0 3.0 0.0 0.208 0 TOUCH_DOWN Back
1400934214252 6 4098 690.5 1090.9509 0.23333335 4.0 4.0 4.0 4.0 0.0 0.216 2 TOUCH_MOVE Back
1400934214315 6 4098 690.5 1091.4542 0.23333335 4.0 4.0 4.0 4.0 0.0 0.22000001 2 TOUCH_MOVE Back
1400934214359 6 4098 690.5 1091.4542 0.23333335 4.0 4.0 4.0 4.0 0.0 0.22000001 1 TOUCH_UP Back
1400934214570 6 4098 683.0 1088.9509 0.23333335 4.0 4.0 4.0 4.0 0.0 0.21200001 0 TOUCH_DOWN Back
1400934214572 6 4098 683.0 1089.9509 0.23333335 4.0 4.0 4.0 4.0 0.0 0.216 2 TOUCH_MOVE Back
1400934214577 6 4098 683.0 1089.9509 0.23333335 4.0 4.0 4.0 4.0 0.0 0.216 1 TOUCH_UP Back
1400934214861 6 4098 348.0 1196.4509 0.16666667 3.0 3.0 3.0 3.0 0.0 0.2 0 TOUCH_DOWN Space
1400934214886 6 4098 348.0 1196.4509 0.16666667 3.0 3.0 3.0 3.0 0.0 0.208 2 TOUCH_MOVE Space
1400934214916 6 4098 348.78857 1196.4509 0.23333335 4.0 4.0 4.0 4.0 0.0 0.224 2 TOUCH_MOVE Space
1400934214935 6 4098 350.2349 1195.461 0.23333335 4.0 4.0 4.0 4.0 0.0 0.224 2 TOUCH_MOVE Space
1400934214949 6 4098 353.59592 1193.0742 0.20000002 3.0 3.0 3.0 3.0 0.0 0.21200001 2 TOUCH_MOVE Space
1400934214967 6 4098 356.38492 1191.2584 0.20000002 3.0 3.0 3.0 3.0 0.0 0.132 2 TOUCH_MOVE Space
1400934214973 6 4098 356.38492 1191.2584 0.20000002 3.0 3.0 3.0 3.0 0.0 0.132 1 TOUCH_UP Space
1400934215126 6 4098 564.5 1086.9509 0.20000002 4.0 4.0 4.0 4.0 0.0 0.18800001 0 TOUCH_DOWN m
1400934215166 6 4098 565.2623 1087.7133 0.23333335 4.0 4.0 4.0 4.0 0.0 0.216 2 TOUCH_MOVE m
1400934215183 6 4098 565.5 1088.3203 0.23333335 4.0 4.0 4.0 4.0 0.0 0.22000001 2 TOUCH_MOVE m
1400934215200 6 4098 565.5 1088.6825 0.26666668 5.0 5.0 5.0 5.0 0.0 0.22000001 2 TOUCH_MOVE m
1400934215259 6 4098 565.5 1088.4509 0.20000002 4.0 4.0 4.0 4.0 0.0 0.18400002 2 TOUCH_MOVE m
1400934215266 6 4098 565.5 1088.4509 0.20000002 4.0 4.0 4.0 4.0 0.0 0.18400002 1 TOUCH_UP m
1400934215303 6 4098 51.0 988.451 0.23333335 4.0 4.0 4.0 4.0 0.0 0.19600001 0 TOUCH_DOWN a
1400934215333 6 4098 51.0 989.3839 0.23333335 4.0 4.0 4.0 4.0 0.0 0.2 2 TOUCH_MOVE a
1400934215350 6 4098 51.39504 990.346 0.26666668 5.0 5.0 5.0 5.0 0.0 0.208 2 TOUCH_MOVE a
1400934215366 6 4098 52.36073 991.3117 0.26666668 5.0 5.0 5.0 5.0 0.0 0.208 2 TOUCH_MOVE a
1400934215383 6 4098 52.5 992.201 0.26666668 5.0 5.0 5.0 5.0 0.0 0.208 2 TOUCH_MOVE a
1400934215433 6 4098 52.5 991.951 0.20000002 3.0 3.0 3.0 3.0 0.0 0.14400001 2 TOUCH_MOVE a
1400934215440 6 4098 52.5 991.951 0.20000002 3.0 3.0 3.0 3.0 0.0 0.14400001 1 TOUCH_UP a
1400934215456 6 4098 539.5 975.951 0.23333335 4.0 4.0 4.0 4.0 0.0 0.21200001 0 TOUCH_DOWN k
1400934215478 6 4098 538.75 975.201 0.23333335 4.0 4.0 4.0 4.0 0.0 0.216 2 TOUCH_MOVE k
1400934215505 6 4098 538.1184 974.5694 0.23333335 4.0 4.0 4.0 4.0 0.0 0.22000001 2 TOUCH_MOVE k
1400934215518 6 4098 536.95197 974.451 0.23333335 4.0 4.0 4.0 4.0 0.0 0.208 2 TOUCH_MOVE k
1400934215542 6 4098 536.95197 974.451 0.23333335 4.0 4.0 4.0 4.0 0.0 0.208 1 TOUCH_UP k
1400934215652 6 4098 183.0 814.951 0.26666668 4.0 4.0 4.0 4.0 0.0 0.22800002 0 TOUCH_DOWN e
1400934215702 6 4098 183.602 814.951 0.26666668 4.0 4.0 4.0 4.0 0.0 0.24000001 2 TOUCH_MOVE e
1400934215733 6 4098 183.5 814.951 0.20000002 3.0 3.0 3.0 3.0 0.0 0.2 2 TOUCH_MOVE e
1400934215747 6 4098 183.5 814.951 0.23333335 4.0 4.0 4.0 4.0 0.0 0.16800001 2 TOUCH_MOVE e
1400934215751 6 4098 183.5 814.951 0.23333335 4.0 4.0 4.0 4.0 0.0 0.16800001 1 TOUCH_UP e
1400934216265 6 4098 352.5 1204.9509 0.20000002 3.0 3.0 3.0 3.0 0.0 0.208 0 TOUCH_DOWN Space
1400934216268 6 4098 352.5 1207.4485 0.23333335 4.0 4.0 4.0 4.0 0.0 0.20400001 2 TOUCH_MOVE Space
1400934216302 6 4098 351.75 1208.4509 0.20000002 3.0 3.0 3.0 3.0 0.0 0.19600001 2 TOUCH_MOVE Space
1400934216317 6 4098 352.0 1207.9509 0.13333334 2.0 2.0 2.0 2.0 0.0 0.17600001 2 TOUCH_MOVE Space
1400934216327 6 4098 352.0 1207.9509 0.13333334 2.0 2.0 2.0 2.0 0.0 0.1 2 TOUCH_MOVE Space
1400934216330 6 4098 352.0 1207.9509 0.13333334 2.0 2.0 2.0 2.0 0.0 0.1 1 TOUCH_UP Space
1400934216887 6 4098 53.0 979.451 0.20000002 3.0 3.0 3.0 3.0 0.0 0.18400002 0 TOUCH_DOWN a
1400934216952 6 4098 53.0 979.451 0.20000002 3.0 3.0 3.0 3.0 0.0 0.2 2 TOUCH_MOVE a
1400934217018 6 4098 53.0 979.451 0.20000002 3.0 3.0 3.0 3.0 0.0 0.2 1 TOUCH_UP a
1400934217050 6 4098 337.0 1206.9509 0.23333335 4.0 4.0 4.0 4.0 0.0 0.208 0 TOUCH_DOWN Space
1400934217071 6 4098 337.0 1206.9509 0.26666668 5.0 5.0 5.0 5.0 0.0 0.208 2 TOUCH_MOVE Space
1400934217101 6 4098 336.3841 1206.9509 0.26666668 5.0 5.0 5.0 5.0 0.0 0.216 2 TOUCH_MOVE Space
1400934217135 6 4098 336.5 1206.9509 0.20000002 4.0 4.0 4.0 4.0 0.0 0.18800001 2 TOUCH_MOVE Space
1400934217142 6 4098 336.5 1206.9509 0.20000002 4.0 4.0 4.0 4.0 0.0 0.18800001 1 TOUCH_UP Space
1400934217586 6 4098 411.0 1113.9509 0.26666668 5.0 5.0 5.0 5.0 0.0 0.216 0 TOUCH_DOWN b
1400934217636 6 4098 411.15503 1113.1409 0.23333335 5.0 5.0 5.0 5.0 0.0 0.19600001 2 TOUCH_MOVE b
1400934217654 6 4098 412.5 1110.9509 0.20000002 4.0 4.0 4.0 4.0 0.0 0.17600001 2 TOUCH_MOVE b
1400934217664 6 4098 412.5 1110.9509 0.16666667 3.0 3.0 3.0 3.0 0.0 0.112 2 TOUCH_MOVE b
1400934217668 6 4098 412.5 1110.9509 0.16666667 3.0 3.0 3.0 3.0 0.0 0.112 1 TOUCH_UP b
1400934217990 6 4098 264.0 818.951 0.26666668 4.0 4.0 4.0 4.0 0.0 0.21200001 0 TOUCH_DOWN r
1400934217992 6 4098 259.0 809.451 0.16666667 3.0 3.0 3.0 3.0 0.0 0.148 2 TOUCH_MOVE r
1400934217999 6 4098 259.0 809.451 0.16666667 3.0 3.0 3.0 3.0 0.0 0.148 1 TOUCH_UP r
1400934218145 6 4098 537.5 841.451 0.26666668 4.0 4.0 4.0 4.0 0.0 0.224 0 TOUCH_DOWN i
1400934218152 6 4098 537.5 841.451 0.26666668 4.0 4.0 4.0 4.0 0.0 0.22800002 2 TOUCH_MOVE i
1400934218186 6 4098 536.99194 841.451 0.26666668 4.0 4.0 4.0 4.0 0.0 0.23200001 2 TOUCH_MOVE i
1400934218236 6 4098 537.0 841.451 0.20000002 3.0 3.0 3.0 3.0 0.0 0.19600001 2 TOUCH_MOVE i
1400934218244 6 4098 537.0 841.451 0.13333334 2.0 2.0 2.0 2.0 0.0 0.15200001 2 TOUCH_MOVE i
1400934218247 6 4098 537.0 841.451 0.13333334 2.0 2.0 2.0 2.0 0.0 0.15200001 1 TOUCH_UP i
1400934218410 6 4098 369.5 991.451 0.26666668 4.0 4.0 4.0 4.0 0.0 0.22000001 0 TOUCH_DOWN g
1400934218485 6 4098 369.5 991.451 0.26666668 5.0 5.0 5.0 5.0 0.0 0.16000001 2 TOUCH_MOVE g
1400934218490 6 4098 369.5 991.451 0.26666668 5.0 5.0 5.0 5.0 0.0 0.16000001 1 TOUCH_UP g
1400934218589 6 4098 465.5 968.451 0.20000002 4.0 4.0 4.0 4.0 0.0 0.216 0 TOUCH_DOWN h
1400934218657 6 4098 465.5 968.451 0.20000002 4.0 4.0 4.0 4.0 0.0 0.216 1 TOUCH_UP h
1400934218857 6 4098 315.0 827.451 0.3 5.0 5.0 5.0 5.0 0.0 0.23200001 0 TOUCH_DOWN t
1400934218870 6 4098 315.0 827.451 0.3 5.0 5.0 5.0 5.0 0.0 0.24000001 2 TOUCH_MOVE t
1400934218953 6 4098 314.5 827.451 0.3 5.0 5.0 5.0 5.0 0.0 0.22000001 2 TOUCH_MOVE t
1400934218962 6 4098 314.5 827.451 0.26666668 5.0 5.0 5.0 5.0 0.0 0.192 2 TOUCH_MOVE t
1400934218966 6 4098 314.5 827.451 0.26666668 5.0 5.0 5.0 5.0 0.0 0.192 1 TOUCH_UP t
1400934219107 6 4098 193.0 846.951 0.20000002 3.0 3.0 3.0 3.0 0.0 0.21200001 0 TOUCH_DOWN e
1400934219220 6 4098 192.5 846.951 0.16666667 3.0 3.0 3.0 3.0 0.0 0.1 2 TOUCH_MOVE e
1400934219225 6 4098 192.5 846.951 0.16666667 3.0 3.0 3.0 3.0 0.0 0.1 1 TOUCH_UP e
1400934219362 6 4098 267.5 814.951 0.3 5.0 5.0 5.0 5.0 0.0 0.24000001 0 TOUCH_DOWN r
1400934219372 6 4098 267.5 815.3141 0.3 5.0 5.0 5.0 5.0 0.0 0.23200001 2 TOUCH_MOVE r
1400934219388 6 4098 266.97302 815.97797 0.3 5.0 5.0 5.0 5.0 0.0 0.24000001 2 TOUCH_MOVE r
1400934219406 6 4098 265.9768 816.9742 0.3 5.0 5.0 5.0 5.0 0.0 0.23600002 2 TOUCH_MOVE r
1400934219420 6 4098 264.517 816.951 0.26666668 4.0 4.0 4.0 4.0 0.0 0.23200001 2 TOUCH_MOVE r
1400934219436 6 4098 264.5 816.951 0.26666668 4.0 4.0 4.0 4.0 0.0 0.18800001 2 TOUCH_MOVE r
1400934219566 6 4098 264.5 816.951 0.26666668 4.0 4.0 4.0 4.0 0.0 0.18800001 1 TOUCH_UP r
1400934219577 6 4098 400.0 1220.4509 0.23333335 4.0 4.0 4.0 4.0 0.0 0.2 0 TOUCH_DOWN ,
1400934219578 6 4098 400.0 1220.4509 0.23333335 4.0 4.0 4.0 4.0 0.0 0.19600001 2 TOUCH_MOVE ,
1400934219644 6 4098 400.5 1219.9509 0.20000002 3.0 3.0 3.0 3.0 0.0 0.18 2 TOUCH_MOVE ,
1400934219665 6 4098 400.5 1219.9509 0.20000002 3.0 3.0 3.0 3.0 0.0 0.18 1 TOUCH_UP ,
1400934219885 6 4098 207.5 977.951 0.26666668 5.0 5.0 5.0 5.0 0.0 0.17600001 0 TOUCH_DOWN d
1400934219888 6 4098 207.5 977.951 0.26666668 5.0 5.0 5.0 5.0 0.0 0.16800001 2 TOUCH_MOVE d
1400934219944 6 4098 211.19136 973.8368 0.23333335 5.0 5.0 5.0 5.0 0.0 0.18400002 2 TOUCH_MOVE d
1400934219954 6 4098 215.54347 969.7934 0.26666668 5.0 5.0 5.0 5.0 0.0 0.224 2 TOUCH_MOVE d
1400934219972 6 4098 218.20982 967.24115 0.3 5.0 5.0 5.0 5.0 0.0 0.23200001 2 TOUCH_MOVE d
1400934219989 6 4098 219.25 966.201 0.3 5.0 5.0 5.0 5.0 0.0 0.24400002 2 TOUCH_MOVE d
1400934220050 6 4098 219.0 966.451 0.23333335 5.0 5.0 5.0 5.0 0.0 0.17600001 2 TOUCH_MOVE d
1400934220054 6 4098 219.0 966.451 0.23333335 5.0 5.0 5.0 5.0 0.0 0.17600001 1 TOUCH_UP d
1400934220257 6 4098 51.5 994.951 0.26666668 5.0 5.0 5.0 5.0 0.0 0.19600001 0 TOUCH_DOWN a
1400934220272 6 4098 51.5 994.951 0.26666668 5.0 5.0 5.0 5.0 0.0 0.2 2 TOUCH_MOVE a
1400934220355 6 4098 50.99414 994.951 0.26666668 5.0 5.0 5.0 5.0 0.0 0.19600001 2 TOUCH_MOVE a
1400934220373 6 4098 49.45173 995.98315 0.26666668 5.0 5.0 5.0 5.0 0.0 0.18 2 TOUCH_MOVE a
1400934220380 6 4098 49.45173 995.98315 0.26666668 5.0 5.0 5.0 5.0 0.0 0.18 1 TOUCH_UP a
1400934220399 6 4098 389.0 846.951 0.3 5.0 5.0 5.0 5.0 0.0 0.22000001 0 TOUCH_DOWN y
1400934220422 6 4098 389.0 846.951 0.3 5.0 5.0 5.0 5.0 0.0 0.216 2 TOUCH_MOVE y
1400934220438 6 4098 388.12177 846.07275 0.3 5.0 5.0 5.0 5.0 0.0 0.21200001 2 TOUCH_MOVE y
1400934220457 6 4098 387.5 845.09845 0.3 5.0 5.0 5.0 5.0 0.0 0.21200001 2 TOUCH_MOVE y
1400934220473 6 4098 387.5 844.701 0.3 5.0 5.0 5.0 5.0 0.0 0.21200001 2 TOUCH_MOVE y
1400934220504 6 4098 387.5 844.951 0.23333335 5.0 5.0 5.0 5.0 0.0 0.18 2 TOUCH_MOVE y
1400934220509 6 4098 387.5 844.951 0.23333335 5.0 5.0 5.0 5.0 0.0 0.18 1 TOUCH_UP y
1400934221199 6 4098 699.0 1101.9509 0.20000002 4.0 4.0 4.0 4.0 0.0 0.208 0 TOUCH_DOWN Back
1400934221207 6 4098 699.0 1101.9509 0.23333335 4.0 4.0 4.0 4.0 0.0 0.208 2 TOUCH_MOVE Back
1400934221250 6 4098 699.5 1101.9509 0.20000002 4.0 4.0 4.0 4.0 0.0 0.192 2 TOUCH_MOVE Back
1400934221254 6 4098 699.5 1101.9509 0.20000002 4.0 4.0 4.0 4.0 0.0 0.192 1 TOUCH_UP Back
1400934221360 6 4098 696.0 1095.9509 0.23333335 4.0 4.0 4.0 4.0 0.0 0.21200001 0 TOUCH_DOWN Back
1400934221366 6 4098 696.0 1095.9509 0.23333335 4.0 4.0 4.0 4.0 0.0 0.216 2 TOUCH_MOVE Back
1400934221454 6 4098 696.0 1095.9509 0.23333335 4.0 4.0 4.0 4.0 0.0 0.216 1 TOUCH_UP Back
1400934221531 6 4098 687.5 1100.4509 0.26666668 4.0 4.0 4.0 4.0 0.0 0.216 0 TOUCH_DOWN Back
1400934221648 6 4098 687.5 1100.4509 0.23333335 4.0 4.0 4.0 4.0 0.0 0.18800001 2 TOUCH_MOVE Back
1400934221653 6 4098 687.5 1100.4509 0.23333335 4.0 4.0 4.0 4.0 0.0 0.18800001 1 TOUCH_UP Back
1400934222034 6 4098 687.0 1096.4509 0.26666668 4.0 4.0 4.0 4.0 0.0 0.208 0 TOUCH_DOWN Back
1400934222039 6 4098 687.0 1096.4509 0.26666668 4.0 4.0 4.0 4.0 0.0 0.21200001 2 TOUCH_MOVE Back
1400934222073 6 4098 686.5227 1097.4282 0.26666668 4.0 4.0 4.0 4.0 0.0 0.22000001 2 TOUCH_MOVE Back
1400934222089 6 4098 686.00995 1097.9409 0.3 5.0 5.0 5.0 5.0 0.0 0.224 2 TOUCH_MOVE Back
1400934222106 6 4098 686.0 1098.7009 0.26666668 4.0 4.0 4.0 4.0 0.0 0.224 2 TOUCH_MOVE Back
1400934222123 6 4098 686.0 1099.1592 0.26666668 4.0 4.0 4.0 4.0 0.0 0.216 2 TOUCH_MOVE Back
1400934222139 6 4098 686.0 1098.9509 0.26666668 4.0 4.0 4.0 4.0 0.0 0.17600001 2 TOUCH_MOVE Back
1400934222145 6 4098 686.0 1098.9509 0.26666668 4.0 4.0 4.0 4.0 0.0 0.17600001 1 TOUCH_UP Back
1400934222399 6 4098 378.5 1209.9509 0.23333335 4.0 4.0 4.0 4.0 0.0 0.19600001 0 TOUCH_DOWN Space
1400934222409 6 4098 378.5 1209.9509 0.23333335 4.0 4.0 4.0 4.0 0.0 0.20400001 2 TOUCH_MOVE Space
1400934222439 6 4098 378.8798 1210.4509 0.23333335 4.0 4.0 4.0 4.0 0.0 0.208 2 TOUCH_MOVE Space
1400934222456 6 4098 379.23196 1210.4509 0.23333335 4.0 4.0 4.0 4.0 0.0 0.208 2 TOUCH_MOVE Space
1400934222487 6 4098 379.0 1210.4509 0.26666668 5.0 5.0 5.0 5.0 0.0 0.18400002 2 TOUCH_MOVE Space
1400934222504 6 4098 379.0 1210.4509 0.26666668 5.0 5.0 5.0 5.0 0.0 0.18400002 1 TOUCH_UP Space
1400934222616 6 4098 242.0 954.951 0.26666668 4.0 4.0 4.0 4.0 0.0 0.23200001 0 TOUCH_DOWN d
1400934222658 6 4098 241.21143 954.951 0.26666668 4.0 4.0 4.0 4.0 0.0 0.24400002 2 TOUCH_MOVE d
1400934222677 6 4098 240.25 954.951 0.26666668 4.0 4.0 4.0 4.0 0.0 0.24400002 2 TOUCH_MOVE d
1400934222691 6 4098 239.7594 954.951 0.26666668 4.0 4.0 4.0 4.0 0.0 0.23600002 2 TOUCH_MOVE d
1400934222707 6 4098 238.79472 954.951 0.23333335 4.0 4.0 4.0 4.0 0.0 0.216 2 TOUCH_MOVE d
1400934222719 6 4098 239.0 954.951 0.26666668 4.0 4.0 4.0 4.0 0.0 0.18400002 2 TOUCH_MOVE d
1400934222841 6 4098 239.0 954.951 0.26666668 4.0 4.0 4.0 4.0 0.0 0.18400002 1 TOUCH_UP d
1400934222901 6 4098 62.5 980.951 0.20000002 3.0 3.0 3.0 3.0 0.0 0.19600001 0 TOUCH_DOWN a
1400934222949 6 4098 62.5 981.05945 0.23333335 4.0 4.0 4.0 4.0 0.0 0.21200001 2 TOUCH_MOVE a
1400934222968 6 4098 62.5 981.6432 0.23333335 4.0 4.0 4.0 4.0 0.0 0.21200001 2 TOUCH_MOVE a
1400934222973 6 4098 62.5 982.201 0.23333335 4.0 4.0 4.0 4.0 0.0 0.208 2 TOUCH_MOVE a
1400934223007 6 4098 62.5 981.951 0.23333335 4.0 4.0 4.0 4.0 0.0 0.18 2 TOUCH_MOVE a
1400934223018 6 4098 62.5 981.951 0.26666668 5.0 5.0 5.0 5.0 0.0 0.14400001 2 TOUCH_MOVE a
1400934223022 6 4098 62.5 981.951 0.26666668 5.0 5.0 5.0 5.0 0.0 0.14400001 1 TOUCH_UP a
1400934223031 6 4098 383.5 841.451 0.3 5.0 5.0 5.0 5.0 0.0 0.21200001 0 TOUCH_DOWN y
1400934223091 6 4098 383.5 842.451 0.26666668 5.0 5.0 5.0 5.0 0.0 0.18400002 2 TOUCH_MOVE y
1400934223095 6 4098 383.5 842.451 0.26666668 5.0 5.0 5.0 5.0 0.0 0.18400002 1 TOUCH_UP y
1400934224650 6 4098 677.5 1199.4509 0.20000002 4.0 4.0 4.0 4.0 0.0 0.2 0 TOUCH_DOWN Enter
1400934224652 6 4098 678.0 1199.4509 0.20000002 4.0 4.0 4.0 4.0 0.0 0.18800001 2 TOUCH_MOVE Enter
1400934224658 6 4098 678.0 1199.4509 0.20000002 4.0 4.0 4.0 4.0 0.0 0.18800001 1 TOUCH_UP Enter
1400934225137 6 4098 136.5 949.451 0.23333335 4.0 4.0 4.0 4.0 0.0 0.21200001 0 TOUCH_DOWN S
1400934225227 6 4098 135.9993 949.451 0.23333335 4.0 4.0 4.0 4.0 0.0 0.19600001 2 TOUCH_MOVE S
1400934225258 6 4098 135.9993 949.451 0.23333335 4.0 4.0 4.0 4.0 0.0 0.19600001 1 TOUCH_UP S
1400934225273 6 4098 603.5 855.451 0.20000002 4.0 4.0 4.0 4.0 0.0 0.208 0 TOUCH_DOWN o
1400934225276 6 4098 601.25 853.951 0.23333335 4.0 4.0 4.0 4.0 0.0 0.21200001 2 TOUCH_MOVE o
1400934225354 6 4098 599.5 848.951 0.23333335 4.0 4.0 4.0 4.0 0.0 0.20400001 2 TOUCH_MOVE o
1400934225372 6 4098 599.5 848.951 0.23333335 4.0 4.0 4.0 4.0 0.0 0.20400001 1 TOUCH_UP o
1400934225655 6 4098 381.0 1210.4509 0.23333335 4.0 4.0 4.0 4.0 0.0 0.21200001 0 TOUCH_DOWN Space
1400934225743 6 4098 381.0 1210.4509 0.26666668 5.0 5.0 5.0 5.0 0.0 0.20400001 2 TOUCH_MOVE Space
1400934225756 6 4098 381.0 1210.4509 0.23333335 5.0 5.0 5.0 5.0 0.0 0.18 2 TOUCH_MOVE Space
1400934225759 6 4098 381.0 1210.4509 0.23333335 5.0 5.0 5.0 5.0 0.0 0.18 1 TOUCH_UP Space
1400934225981 6 4098 644.5 971.951 0.23333335 4.0 4.0 4.0 4.0 0.0 0.224 0 TOUCH_DOWN l
1400934226026 6 4098 642.75 971.951 0.23333335 4.0 4.0 4.0 4.0 0.0 0.23600002 2 TOUCH_MOVE l
1400934226043 6 4098 642.1781 971.951 0.26666668 5.0 5.0 5.0 5.0 0.0 0.23200001 2 TOUCH_MOVE l
1400934226060 6 4098 641.2145 971.951 0.23333335 4.0 4.0 4.0 4.0 0.0 0.23600002 2 TOUCH_MOVE l
1400934226077 6 4098 640.75 971.951 0.26666668 5.0 5.0 5.0 5.0 0.0 0.23200001 2 TOUCH_MOVE l
1400934226205 6 4098 640.75 971.951 0.26666668 5.0 5.0 5.0 5.0 0.0 0.23200001 1 TOUCH_UP l
1400934226256 6 4098 179.5 810.951 0.26666668 4.0 4.0 4.0 4.0 0.0 0.23200001 0 TOUCH_DOWN e
1400934226285 6 4098 179.5 812.2866 0.26666668 4.0 4.0 4.0 4.0 0.0 0.24000001 2 TOUCH_MOVE e
1400934226303 6 4098 179.5 813.2523 0.26666668 4.0 4.0 4.0 4.0 0.0 0.24000001 2 TOUCH_MOVE e
1400934226310 6 4098 179.5 814.201 0.26666668 4.0 4.0 4.0 4.0 0.0 0.23200001 2 TOUCH_MOVE e
1400934226326 6 4098 179.5 813.951 0.23333335 4.0 4.0 4.0 4.0 0.0 0.2 2 TOUCH_MOVE e
1400934226338 6 4098 179.5 813.951 0.20000002 3.0 3.0 3.0 3.0 0.0 0.148 2 TOUCH_MOVE e
1400934226342 6 4098 179.5 813.951 0.20000002 3.0 3.0 3.0 3.0 0.0 0.148 1 TOUCH_UP e
1400934226493 6 4098 341.5 846.451 0.26666668 4.0 4.0 4.0 4.0 0.0 0.216 0 TOUCH_DOWN t
1400934226510 6 4098 341.5 846.451 0.3 5.0 5.0 5.0 5.0 0.0 0.224 2 TOUCH_MOVE t
1400934226527 6 4098 340.67346 845.62445 0.3 5.0 5.0 5.0 5.0 0.0 0.23200001 2 TOUCH_MOVE t
1400934226543 6 4098 339.75 844.701 0.3 5.0 5.0 5.0 5.0 0.0 0.23200001 2 TOUCH_MOVE t
1400934226577 6 4098 340.0 844.951 0.23333335 4.0 4.0 4.0 4.0 0.0 0.2 2 TOUCH_MOVE t
1400934226588 6 4098 340.0 844.951 0.13333334 2.0 2.0 2.0 2.0 0.0 0.172 2 TOUCH_MOVE t
1400934226591 6 4098 340.0 844.951 0.13333334 2.0 2.0 2.0 2.0 0.0 0.172 1 TOUCH_UP t
1400934227457 6 4098 593.5 1214.4509 0.23333335 4.0 4.0 4.0 4.0 0.0 0.2 0 TOUCH_DOWN '
1400934227482 6 4098 593.5 1214.4509 0.20000002 3.0 3.0 3.0 3.0 0.0 0.20400001 2 TOUCH_MOVE '
1400934227528 6 4098 592.9227 1214.4509 0.16666667 3.0 3.0 3.0 3.0 0.0 0.18400002 2 TOUCH_MOVE '
1400934227532 6 4098 592.9227 1214.4509 0.16666667 3.0 3.0 3.0 3.0 0.0 0.18400002 1 TOUCH_UP '
1400934227789 6 4098 143.5 956.951 0.26666668 4.0 4.0 4.0 4.0 0.0 0.22000001 0 TOUCH_DOWN s
1400934227795 6 4098 143.5 956.951 0.26666668 4.0 4.0 4.0 4.0 0.0 0.22800002 2 TOUCH_MOVE s
1400934227813 6 4098 143.5 957.6245 0.26666668 4.0 4.0 4.0 4.0 0.0 0.24000001 2 TOUCH_MOVE s
1400934227828 6 4098 143.5 958.59216 0.26666668 4.0 4.0 4.0 4.0 0.0 0.23600002 2 TOUCH_MOVE s
1400934227847 6 4098 143.5 959.55414 0.26666668 4.0 4.0 4.0 4.0 0.0 0.23600002 2 TOUCH_MOVE s
1400934227861 6 4098 143.5 960.522 0.26666668 4.0 4.0 4.0 4.0 0.0 0.23200001 2 TOUCH_MOVE s
1400934227878 6 4098 143.5 960.451 0.23333335 4.0 4.0 4.0 4.0 0.0 0.2 2 TOUCH_MOVE s
1400934227982 6 4098 143.5 960.451 0.23333335 4.0 4.0 4.0 4.0 0.0 0.2 1 TOUCH_UP s
1400934228002 6 4098 357.0 1214.4509 0.20000002 3.0 3.0 3.0 3.0 0.0 0.208 0 TOUCH_DOWN Space
1400934228057 6 4098 355.9026 1214.4509 0.20000002 3.0 3.0 3.0 3.0 0.0 0.20400001 2 TOUCH_MOVE Space
1400934228083 6 4098 357.0 1213.4509 0.16666667 3.0 3.0 3.0 3.0 0.0 0.112 2 TOUCH_MOVE Space
1400934228088 6 4098 357.0 1213.4509 0.16666667 3.0 3.0 3.0 3.0 0.0 0.112 1 TOUCH_UP Space
1400934228627 6 4098 137.0 962.951 0.20000002 3.0 3.0 3.0 3.0 0.0 0.20400001 0 TOUCH_DOWN s
1400934228652 6 4098 137.0 962.951 0.20000002 3.0 3.0 3.0 3.0 0.0 0.21200001 2 TOUCH_MOVE s
1400934228679 6 4098 136.55902 962.951 0.26666668 4.0 4.0 4.0 4.0 0.0 0.24000001 2 TOUCH_MOVE s
1400934228696 6 4098 135.75 962.951 0.26666668 4.0 4.0 4.0 4.0 0.0 0.23200001 2 TOUCH_MOVE s
1400934228729 6 4098 136.0 962.951 0.20000002 3.0 3.0 3.0 3.0 0.0 0.20400001 2 TOUCH_MOVE s
1400934228734 6 4098 136.0 962.951 0.20000002 3.0 3.0 3.0 3.0 0.0 0.20400001 1 TOUCH_UP s
1400934228934 6 4098 334.0 851.951 0.26666668 5.0 5.0 5.0 5.0 0.0 0.22000001 0 TOUCH_DOWN t
1400934228947 6 4098 333.58392 851.951 0.26666668 5.0 5.0 5.0 5.0 0.0 0.216 2 TOUCH_MOVE t
1400934228971 6 4098 332.71918 851.17017 0.3 5.0 5.0 5.0 5.0 0.0 0.22000001 2 TOUCH_MOVE t
1400934228979 6 4098 331.73468 850.18567 0.3 5.0 5.0 5.0 5.0 0.0 0.22000001 2 TOUCH_MOVE t
1400934228996 6 4098 330.76736 849.951 0.26666668 5.0 5.0 5.0 5.0 0.0 0.216 2 TOUCH_MOVE t
1400934229027 6 4098 330.76736 849.951 0.26666668 5.0 5.0 5.0 5.0 0.0 0.216 1 TOUCH_UP t
1400934229063 6 4098 50.5 960.951 0.20000002 3.0 3.0 3.0 3.0 0.0 0.18 0 TOUCH_DOWN a
1400934229184 6 4098 50.5 960.951 0.20000002 3.0 3.0 3.0 3.0 0.0 0.18 1 TOUCH_UP a
1400934229225 6 4098 266.5 855.451 0.20000002 4.0 4.0 4.0 4.0 0.0 0.20400001 0 TOUCH_DOWN r
1400934229297 6 4098 266.5 855.451 0.23333335 5.0 5.0 5.0 5.0 0.0 0.156 2 TOUCH_MOVE r
1400934229303 6 4098 266.5 855.451 0.23333335 5.0 5.0 5.0 5.0 0.0 0.156 1 TOUCH_UP r
1400934229432 6 4098 329.0 835.451 0.3 5.0 5.0 5.0 5.0 0.0 0.22000001 0 TOUCH_DOWN t
1400934229509 6 4098 329.5 835.951 0.26666668 5.0 5.0 5.0 5.0 0.0 0.172 2 TOUCH_MOVE t
1400934229516 6 4098 329.5 835.951 0.26666668 5.0 5.0 5.0 5.0 0.0 0.172 1 TOUCH_UP t
1400934231227 6 4098 343.0 1181.4509 0.26666668 4.0 4.0 4.0 4.0 0.0 0.21200001 0 TOUCH_DOWN Space
1400934231231 6 4098 343.0 1181.4509 0.26666668 4.0 4.0 4.0 4.0 0.0 0.216 2 TOUCH_MOVE Space
1400934231264 6 4098 342.487 1181.4509 0.26666668 4.0 4.0 4.0 4.0 0.0 0.22000001 2 TOUCH_MOVE Space
1400934231281 6 4098 341.483 1181.4509 0.26666668 4.0 4.0 4.0 4.0 0.0 0.22000001 2 TOUCH_MOVE Space
1400934231331 6 4098 340.8841 1181.4509 0.26666668 4.0 4.0 4.0 4.0 0.0 0.21200001 2 TOUCH_MOVE Space
1400934231350 6 4098 340.5 1181.9509 0.23333335 4.0 4.0 4.0 4.0 0.0 0.18 2 TOUCH_MOVE Space
1400934231440 6 4098 340.5 1181.9509 0.23333335 4.0 4.0 4.0 4.0 0.0 0.18 1 TOUCH_UP Space
1400934231886 6 4098 351.0 996.451 0.3 5.0 5.0 5.0 5.0 0.0 0.22000001 0 TOUCH_DOWN g
1400934231898 6 4098 351.0 996.451 0.3 5.0 5.0 5.0 5.0 0.0 0.22800002 2 TOUCH_MOVE g
1400934231960 6 4098 351.13635 995.6783 0.26666668 4.0 4.0 4.0 4.0 0.0 0.22000001 2 TOUCH_MOVE g
1400934231979 6 4098 356.5 990.451 0.20000002 3.0 3.0 3.0 3.0 0.0 0.18 2 TOUCH_MOVE g
1400934231983 6 4098 356.5 990.451 0.20000002 3.0 3.0 3.0 3.0 0.0 0.18 1 TOUCH_UP g
1400934232186 6 4098 541.5 831.951 0.3 5.0 5.0 5.0 5.0 0.0 0.22000001 0 TOUCH_DOWN i
1400934232198 6 4098 541.5 831.951 0.3 5.0 5.0 5.0 5.0 0.0 0.224 2 TOUCH_MOVE i
1400934232233 6 4098 538.39996 833.501 0.3 5.0 5.0 5.0 5.0 0.0 0.23600002 2 TOUCH_MOVE i
1400934232248 6 4098 536.4677 834.46716 0.3 5.0 5.0 5.0 5.0 0.0 0.23600002 2 TOUCH_MOVE i
1400934232265 6 4098 535.75 834.451 0.3 5.0 5.0 5.0 5.0 0.0 0.23600002 2 TOUCH_MOVE i
1400934232302 6 4098 538.2157 836.1667 0.26666668 4.0 4.0 4.0 4.0 0.0 0.2 2 TOUCH_MOVE i
1400934232307 6 4098 538.5 836.451 0.26666668 4.0 4.0 4.0 4.0 0.0 0.18400002 2 TOUCH_MOVE i
1400934232310 6 4098 538.5 836.451 0.26666668 4.0 4.0 4.0 4.0 0.0 0.18400002 1 TOUCH_UP i
1400934232576 6 4098 384.0 1105.4509 0.26666668 4.0 4.0 4.0 4.0 0.0 0.20400001 0 TOUCH_DOWN v
1400934232582 6 4098 384.0 1105.4509 0.33333334 5.0 5.0 5.0 5.0 0.0 0.208 2 TOUCH_MOVE v
1400934232600 6 4098 384.0 1106.247 0.33333334 5.0 5.0 5.0 5.0 0.0 0.21200001 2 TOUCH_MOVE v
1400934232617 6 4098 384.0 1107.2094 0.33333334 5.0 5.0 5.0 5.0 0.0 0.22000001 2 TOUCH_MOVE v
1400934232632 6 4098 384.0 1107.7009 0.33333334 5.0 5.0 5.0 5.0 0.0 0.22000001 2 TOUCH_MOVE v
1400934232670 6 4098 383.5 1105.4509 0.26666668 5.0 5.0 5.0 5.0 0.0 0.21200001 2 TOUCH_MOVE v
1400934232680 6 4098 383.5 1105.4509 0.23333335 5.0 5.0 5.0 5.0 0.0 0.18400002 2 TOUCH_MOVE v
1400934232684 6 4098 383.5 1105.4509 0.23333335 5.0 5.0 5.0 5.0 0.0 0.18400002 1 TOUCH_UP v
1400934232865 6 4098 547.5 864.451 0.23333335 4.0 4.0 4.0 4.0 0.0 0.208 0 TOUCH_DOWN i
1400934232891 6 4098 547.1551 864.451 0.23333335 4.0 4.0 4.0 4.0 0.0 0.20400001 2 TOUCH_MOVE i
1400934232901 6 4098 545.63763 863.7698 0.23333335 4.0 4.0 4.0 4.0 0.0 0.208 2 TOUCH_MOVE i
1400934232916 6 4098 543.7196 862.1706 0.23333335 4.0 4.0 4.0 4.0 0.0 0.21200001 2 TOUCH_MOVE i
1400934232933 6 4098 542.26886 860.83545 0.23333335 4.0 4.0 4.0 4.0 0.0 0.21200001 2 TOUCH_MOVE i
1400934232949 6 4098 541.42694 859.8779 0.23333335 4.0 4.0 4.0 4.0 0.0 0.21200001 2 TOUCH_MOVE i
1400934233116 6 4098 541.42694 859.8779 0.23333335 4.0 4.0 4.0 4.0 0.0 0.21200001 1 TOUCH_UP i
1400934233194 6 4098 444.5 1085.9509 0.23333335 5.0 5.0 5.0 5.0 0.0 0.19600001 0 TOUCH_DOWN b
1400934233253 6 4098 443.56512 1086.4509 0.23333335 5.0 5.0 5.0 5.0 0.0 0.2 2 TOUCH_MOVE b
1400934233266 6 4098 443.25 1086.4509 0.23333335 5.0 5.0 5.0 5.0 0.0 0.2 2 TOUCH_MOVE b
1400934233288 6 4098 443.25 1086.4509 0.23333335 5.0 5.0 5.0 5.0 0.0 0.2 1 TOUCH_UP b
1400934233433 6 4098 365.5 964.951 0.26666668 4.0 4.0 4.0 4.0 0.0 0.23200001 0 TOUCH_DOWN g
1400934233438 6 4098 365.5 964.951 0.26666668 4.0 4.0 4.0 4.0 0.0 0.22800002 2 TOUCH_MOVE g
1400934233467 6 4098 363.99088 964.951 0.23333335 4.0 4.0 4.0 4.0 0.0 0.21200001 2 TOUCH_MOVE g
1400934233485 6 4098 363.02292 964.951 0.20000002 3.0 3.0 3.0 3.0 0.0 0.208 2 TOUCH_MOVE g
1400934233490 6 4098 363.0 964.951 0.13333334 2.0 2.0 2.0 2.0 0.0 0.18 2 TOUCH_MOVE g
1400934233494 6 4098 363.0 964.951 0.13333334 2.0 2.0 2.0 2.0 0.0 0.18 1 TOUCH_UP g
1400934234013 6 4098 699.5 1108.4509 0.23333335 5.0 5.0 5.0 5.0 0.0 0.192 0 TOUCH_DOWN Back
1400934234028 6 4098 699.5 1108.4509 0.23333335 5.0 5.0 5.0 5.0 0.0 0.19600001 2 TOUCH_MOVE Back
1400934234091 6 4098 699.5 1108.4509 0.23333335 5.0 5.0 5.0 5.0 0.0 0.19600001 1 TOUCH_UP Back
1400934234181 6 4098 685.0 1088.4509 0.23333335 4.0 4.0 4.0 4.0 0.0 0.208 0 TOUCH_DOWN Back
1400934234242 6 4098 685.0 1088.4509 0.16666667 3.0 3.0 3.0 3.0 0.0 0.18400002 2 TOUCH_MOVE Back
1400934234251 6 4098 685.0 1088.4509 0.16666667 3.0 3.0 3.0 3.0 0.0 0.18400002 1 TOUCH_UP Back
1400934234380 6 4098 525.0 1140.9509 0.20000002 4.0 4.0 4.0 4.0 0.0 0.21200001 0 TOUCH_DOWN n
1400934234385 6 4098 525.0 1140.9509 0.20000002 4.0 4.0 4.0 4.0 0.0 0.208 2 TOUCH_MOVE n
1400934234404 6 4098 524.4184 1140.9509 0.20000002 4.0 4.0 4.0 4.0 0.0 0.216 2 TOUCH_MOVE n
1400934234417 6 4098 523.4557 1140.9509 0.20000002 4.0 4.0 4.0 4.0 0.0 0.216 2 TOUCH_MOVE n
1400934234434 6 4098 522.5014 1139.9537 0.20000002 4.0 4.0 4.0 4.0 0.0 0.21200001 2 TOUCH_MOVE n
1400934234452 6 4098 523.46484 1133.1266 0.23333335 4.0 4.0 4.0 4.0 0.0 0.2 2 TOUCH_MOVE n
1400934234467 6 4098 523.5 1132.9509 0.23333335 5.0 5.0 5.0 5.0 0.0 0.132 2 TOUCH_MOVE n
1400934234473 6 4098 523.5 1132.9509 0.23333335 5.0 5.0 5.0 5.0 0.0 0.132 1 TOUCH_UP n
1400934234641 6 4098 385.5 988.951 0.3 5.0 5.0 5.0 5.0 0.0 0.216 0 TOUCH_DOWN g
1400934234652 6 4098 385.5 988.951 0.26666668 4.0 4.0 4.0 4.0 0.0 0.22000001 2 TOUCH_MOVE g
1400934234671 6 4098 382.40903 987.92065 0.26666668 4.0 4.0 4.0 4.0 0.0 0.22000001 2 TOUCH_MOVE g
1400934234684 6 4098 379.02692 986.9577 0.26666668 4.0 4.0 4.0 4.0 0.0 0.22000001 2 TOUCH_MOVE g
1400934234702 6 4098 376.58383 985.9929 0.23333335 4.0 4.0 4.0 4.0 0.0 0.21200001 2 TOUCH_MOVE g
1400934234717 6 4098 375.9279 983.3115 0.23333335 4.0 4.0 4.0 4.0 0.0 0.20400001 2 TOUCH_MOVE g
1400934234726 6 4098 376.0 982.951 0.23333335 5.0 5.0 5.0 5.0 0.0 0.17600001 2 TOUCH_MOVE g
1400934234729 6 4098 376.0 982.951 0.23333335 5.0 5.0 5.0 5.0 0.0 0.17600001 1 TOUCH_UP g
