1400934735658 6 4098 665.5 1111.9509 0.33333334 5.0 5.0 5.0 5.0 0.0 0.192 0 TOUCH_DOWN Back
1400934735664 6 4098 665.5 1111.9509 0.33333334 5.0 5.0 5.0 5.0 0.0 0.19600001 2 TOUCH_MOVE Back
1400934735681 6 4098 666.54047 1111.4104 0.3 5.0 5.0 5.0 5.0 0.0 0.19600001 2 TOUCH_MOVE Back
1400934735705 6 4098 672.5 1105.4509 0.20000002 3.0 3.0 3.0 3.0 0.0 0.18800001 2 TOUCH_MOVE Back
1400934735711 6 4098 672.5 1105.4509 0.13333334 2.0 2.0 2.0 2.0 0.0 0.16000001 2 TOUCH_MOVE Back
1400934735714 6 4098 672.5 1105.4509 0.13333334 2.0 2.0 2.0 2.0 0.0 0.16000001 1 TOUCH_UP Back
1400934737157 6 4098 128.5 830.951 0.3 5.0 5.0 5.0 5.0 0.0 0.224 0 TOUCH_DOWN w
1400934737232 6 4098 128.5 830.951 0.3 5.0 5.0 5.0 5.0 0.0 0.24400002 2 TOUCH_MOVE w
1400934737268 6 4098 126.58474 831.451 0.3 5.0 5.0 5.0 5.0 0.0 0.24000001 2 TOUCH_MOVE w
1400934737291 6 4098 126.5 831.451 0.3 5.0 5.0 5.0 5.0 0.0 0.2 2 TOUCH_MOVE w
1400934737295 6 4098 126.5 831.451 0.3 5.0 5.0 5.0 5.0 0.0 0.2 1 TOUCH_UP w
1400934737420 6 4098 194.5 827.451 0.3 5.0 5.0 5.0 5.0 0.0 0.23600002 0 TOUCH_DOWN e
1400934737433 6 4098 194.5 827.451 0.3 5.0 5.0 5.0 5.0 0.0 0.24000001 2 TOUCH_MOVE e
1400934737453 6 4098 194.5 828.55304 0.33333334 5.0 5.0 5.0 5.0 0.0 0.256 2 TOUCH_MOVE e
1400934737468 6 4098 194.5 829.5109 0.3 5.0 5.0 5.0 5.0 0.0 0.256 2 TOUCH_MOVE e
1400934737483 6 4098 193.99121 829.951 0.33333334 5.0 5.0 5.0 5.0 0.0 0.256 2 TOUCH_MOVE e
1400934737499 6 4098 191.5097 829.4542 0.3 5.0 5.0 5.0 5.0 0.0 0.252 2 TOUCH_MOVE e
1400934737515 6 4098 191.5 829.451 0.26666668 4.0 4.0 4.0 4.0 0.0 0.21200001 2 TOUCH_MOVE e
1400934737524 6 4098 191.5 829.451 0.26666668 4.0 4.0 4.0 4.0 0.0 0.21200001 1 TOUCH_UP e
1400934737590 6 4098 363.0 1165.9509 0.26666668 5.0 5.0 5.0 5.0 0.0 0.216 0 TOUCH_DOWN Space
1400934737599 6 4098 363.0 1165.9509 0.3 5.0 5.0 5.0 5.0 0.0 0.224 2 TOUCH_MOVE Space
1400934737668 6 4098 364.1634 1165.2875 0.23333335 4.0 4.0 4.0 4.0 0.0 0.224 2 TOUCH_MOVE Space
1400934737683 6 4098 367.50488 1161.8198 0.23333335 4.0 4.0 4.0 4.0 0.0 0.192 2 TOUCH_MOVE Space
1400934737692 6 4098 367.50488 1161.8198 0.23333335 4.0 4.0 4.0 4.0 0.0 0.192 1 TOUCH_UP Space
1400934737780 6 4098 69.5 938.951 0.23333335 5.0 5.0 5.0 5.0 0.0 0.20400001 0 TOUCH_DOWN a
1400934737803 6 4098 69.5 938.951 0.23333335 5.0 5.0 5.0 5.0 0.0 0.21200001 2 TOUCH_MOVE a
1400934737833 6 4098 68.67342 939.7776 0.26666668 5.0 5.0 5.0 5.0 0.0 0.216 2 TOUCH_MOVE a
1400934737850 6 4098 67.70817 940.451 0.26666668 5.0 5.0 5.0 5.0 0.0 0.216 2 TOUCH_MOVE a
1400934737866 6 4098 66.74174 940.951 0.26666668 5.0 5.0 5.0 5.0 0.0 0.208 2 TOUCH_MOVE a
1400934737883 6 4098 66.0 940.951 0.26666668 5.0 5.0 5.0 5.0 0.0 0.192 2 TOUCH_MOVE a
1400934737896 6 4098 66.0 940.951 0.26666668 5.0 5.0 5.0 5.0 0.0 0.124000005 2 TOUCH_MOVE a
1400934737900 6 4098 66.0 940.951 0.26666668 5.0 5.0 5.0 5.0 0.0 0.124000005 1 TOUCH_UP a
1400934738982 6 4098 695.5 1095.9509 0.20000002 4.0 4.0 4.0 4.0 0.0 0.192 0 TOUCH_DOWN Back
1400934739026 6 4098 695.5 1097.3726 0.26666668 4.0 4.0 4.0 4.0 0.0 0.216 2 TOUCH_MOVE Back
1400934739038 6 4098 695.5 1098.3417 0.26666668 4.0 4.0 4.0 4.0 0.0 0.216 2 TOUCH_MOVE Back
1400934739051 6 4098 695.5 1099.2009 0.26666668 4.0 4.0 4.0 4.0 0.0 0.21200001 2 TOUCH_MOVE Back
1400934739073 6 4098 695.5 1099.2009 0.26666668 4.0 4.0 4.0 4.0 0.0 0.21200001 1 TOUCH_UP Back
1400934739180 6 4098 703.0 1103.4509 0.23333335 4.0 4.0 4.0 4.0 0.0 0.20400001 0 TOUCH_DOWN Back
1400934739186 6 4098 703.0 1103.4509 0.23333335 4.0 4.0 4.0 4.0 0.0 0.208 2 TOUCH_MOVE Back
1400934739270 6 4098 703.0 1103.4509 0.23333335 4.0 4.0 4.0 4.0 0.0 0.208 1 TOUCH_UP Back
1400934739360 6 4098 704.5 1099.9509 0.23333335 4.0 4.0 4.0 4.0 0.0 0.20400001 0 TOUCH_DOWN Back
1400934739368 6 4098 704.5 1099.9509 0.23333335 4.0 4.0 4.0 4.0 0.0 0.208 2 TOUCH_MOVE Back
1400934739451 6 4098 704.5 1099.9509 0.23333335 4.0 4.0 4.0 4.0 0.0 0.208 1 TOUCH_UP Back
1400934739541 6 4098 701.0 1097.9509 0.23333335 4.0 4.0 4.0 4.0 0.0 0.21200001 0 TOUCH_DOWN Back
1400934739552 6 4098 701.0 1097.9509 0.26666668 4.0 4.0 4.0 4.0 0.0 0.21200001 2 TOUCH_MOVE Back
1400934739618 6 4098 702.5 1097.9509 0.20000002 3.0 3.0 3.0 3.0 0.0 0.2 2 TOUCH_MOVE Back
1400934739631 6 4098 702.5 1097.9509 0.20000002 3.0 3.0 3.0 3.0 0.0 0.17600001 2 TOUCH_MOVE Back
1400934739638 6 4098 702.5 1097.9509 0.20000002 3.0 3.0 3.0 3.0 0.0 0.17600001 1 TOUCH_UP Back
1400934739720 6 4098 705.5 1093.4509 0.20000002 3.0 3.0 3.0 3.0 0.0 0.208 0 TOUCH_DOWN Back
1400934739735 6 4098 705.5 1093.4509 0.23333335 4.0 4.0 4.0 4.0 0.0 0.216 2 TOUCH_MOVE Back
1400934739768 6 4098 704.25 1094.2009 0.23333335 4.0 4.0 4.0 4.0 0.0 0.216 2 TOUCH_MOVE Back
1400934739822 6 4098 704.25 1094.2009 0.23333335 4.0 4.0 4.0 4.0 0.0 0.216 1 TOUCH_UP Back
1400934740932 6 4098 30.5 1108.4509 0.20000002 5.0 5.0 5.0 5.0 0.0 0.17600001 0 TOUCH_DOWN Change
1400934741002 6 4098 30.5 1108.4509 0.20000002 5.0 5.0 5.0 5.0 0.0 0.192 2 TOUCH_MOVE Change
1400934741039 6 4098 30.5 1108.4509 0.20000002 5.0 5.0 5.0 5.0 0.0 0.192 1 TOUCH_UP Change
1400934741374 6 4098 113.0 833.451 0.26666668 4.0 4.0 4.0 4.0 0.0 0.208 0 TOUCH_DOWN W
1400934741386 6 4098 113.0 833.451 0.3 5.0 5.0 5.0 5.0 0.0 0.216 2 TOUCH_MOVE W
1400934741420 6 4098 112.383286 833.451 0.33333334 5.0 5.0 5.0 5.0 0.0 0.23600002 2 TOUCH_MOVE W
1400934741437 6 4098 111.98026 832.951 0.33333334 5.0 5.0 5.0 5.0 0.0 0.23600002 2 TOUCH_MOVE W
1400934741504 6 4098 112.0 832.951 0.3 5.0 5.0 5.0 5.0 0.0 0.18 2 TOUCH_MOVE W
1400934741508 6 4098 112.0 832.951 0.3 5.0 5.0 5.0 5.0 0.0 0.18 1 TOUCH_UP W
1400934741634 6 4098 195.0 816.951 0.26666668 4.0 4.0 4.0 4.0 0.0 0.23200001 0 TOUCH_DOWN e
1400934741653 6 4098 195.0 817.4824 0.26666668 4.0 4.0 4.0 4.0 0.0 0.24000001 2 TOUCH_MOVE e
1400934741670 6 4098 195.0 818.4937 0.3 5.0 5.0 5.0 5.0 0.0 0.24400002 2 TOUCH_MOVE e
1400934741693 6 4098 195.0 819.46356 0.3 5.0 5.0 5.0 5.0 0.0 0.24400002 2 TOUCH_MOVE e
1400934741703 6 4098 195.0 820.201 0.26666668 4.0 4.0 4.0 4.0 0.0 0.24000001 2 TOUCH_MOVE e
1400934741723 6 4098 195.0 819.951 0.26666668 4.0 4.0 4.0 4.0 0.0 0.216 2 TOUCH_MOVE e
1400934741728 6 4098 195.0 819.951 0.13333334 2.0 2.0 2.0 2.0 0.0 0.14400001 2 TOUCH_MOVE e
1400934741842 6 4098 195.0 819.951 0.13333334 2.0 2.0 2.0 2.0 0.0 0.14400001 1 TOUCH_UP e
1400934742034 6 4098 63.0 938.451 0.26666668 5.0 5.0 5.0 5.0 0.0 0.192 0 TOUCH_DOWN a
1400934742053 6 4098 63.0 938.451 0.26666668 5.0 5.0 5.0 5.0 0.0 0.19600001 2 TOUCH_MOVE a
1400934742146 6 4098 63.0 938.451 0.26666668 5.0 5.0 5.0 5.0 0.0 0.19600001 1 TOUCH_UP a
1400934742358 6 4098 238.5 831.951 0.3 5.0 5.0 5.0 5.0 0.0 0.24400002 0 TOUCH_DOWN r
1400934742371 6 4098 238.5 831.951 0.3 5.0 5.0 5.0 5.0 0.0 0.24000001 2 TOUCH_MOVE r
1400934742387 6 4098 239.01558 831.951 0.3 5.0 5.0 5.0 5.0 0.0 0.24800001 2 TOUCH_MOVE r
1400934742405 6 4098 240.04926 831.951 0.3 5.0 5.0 5.0 5.0 0.0 0.252 2 TOUCH_MOVE r
1400934742423 6 4098 241.02138 831.951 0.33333334 5.0 5.0 5.0 5.0 0.0 0.252 2 TOUCH_MOVE r
1400934742471 6 4098 241.0 831.951 0.26666668 5.0 5.0 5.0 5.0 0.0 0.208 2 TOUCH_MOVE r
1400934742479 6 4098 241.0 831.951 0.26666668 5.0 5.0 5.0 5.0 0.0 0.14 2 TOUCH_MOVE r
1400934742484 6 4098 241.0 831.951 0.26666668 5.0 5.0 5.0 5.0 0.0 0.14 1 TOUCH_UP r
1400934742588 6 4098 190.0 818.951 0.26666668 4.0 4.0 4.0 4.0 0.0 0.23200001 0 TOUCH_DOWN e
1400934742671 6 4098 190.0 818.951 0.23333335 4.0 4.0 4.0 4.0 0.0 0.2 2 TOUCH_MOVE e
1400934742680 6 4098 190.0 818.951 0.23333335 4.0 4.0 4.0 4.0 0.0 0.2 1 TOUCH_UP e
1400934743049 6 4098 689.5 1090.9509 0.20000002 3.0 3.0 3.0 3.0 0.0 0.20400001 0 TOUCH_DOWN Back
1400934743054 6 4098 689.5 1090.9509 0.23333335 4.0 4.0 4.0 4.0 0.0 0.21200001 2 TOUCH_MOVE Back
1400934743104 6 4098 690.02277 1090.9509 0.23333335 4.0 4.0 4.0 4.0 0.0 0.216 2 TOUCH_MOVE Back
1400934743121 6 4098 691.1024 1090.9509 0.23333335 4.0 4.0 4.0 4.0 0.0 0.21200001 2 TOUCH_MOVE Back
1400934743141 6 4098 691.5 1090.9509 0.13333334 2.0 2.0 2.0 2.0 0.0 0.14400001 2 TOUCH_MOVE Back
1400934743155 6 4098 691.5 1090.9509 0.13333334 2.0 2.0 2.0 2.0 0.0 0.14400001 1 TOUCH_UP Back
1400934743236 6 4098 691.0 1098.4509 0.23333335 4.0 4.0 4.0 4.0 0.0 0.208 0 TOUCH_DOWN Back
1400934743260 6 4098 691.0 1098.4509 0.26666668 4.0 4.0 4.0 4.0 0.0 0.21200001 2 TOUCH_MOVE Back
1400934743390 6 4098 691.0 1098.4509 0.26666668 4.0 4.0 4.0 4.0 0.0 0.21200001 1 TOUCH_UP Back
1400934743417 6 4098 691.5 1097.9509 0.23333335 4.0 4.0 4.0 4.0 0.0 0.20400001 0 TOUCH_DOWN Back
1400934743465 6 4098 691.5 1097.9509 0.26666668 4.0 4.0 4.0 4.0 0.0 0.21200001 2 TOUCH_MOVE Back
1400934743532 6 4098 691.5 1097.9509 0.13333334 2.0 2.0 2.0 2.0 0.0 0.172 2 TOUCH_MOVE Back
1400934743536 6 4098 691.5 1097.9509 0.13333334 2.0 2.0 2.0 2.0 0.0 0.172 1 TOUCH_UP Back
1400934743972 6 4098 349.5 1191.4509 0.23333335 4.0 4.0 4.0 4.0 0.0 0.208 0 TOUCH_DOWN Space
1400934743995 6 4098 349.0793 1191.4509 0.23333335 4.0 4.0 4.0 4.0 0.0 0.21200001 2 TOUCH_MOVE Space
1400934744005 6 4098 348.25 1191.4509 0.23333335 4.0 4.0 4.0 4.0 0.0 0.224 2 TOUCH_MOVE Space
1400934744086 6 4098 350.0 1190.4509 0.13333334 2.0 2.0 2.0 2.0 0.0 0.14400001 2 TOUCH_MOVE Space
1400934744090 6 4098 350.0 1190.4509 0.13333334 2.0 2.0 2.0 2.0 0.0 0.14400001 1 TOUCH_UP Space
1400934744223 6 4098 41.5 936.451 0.23333335 4.0 4.0 4.0 4.0 0.0 0.192 0 TOUCH_DOWN a
1400934744245 6 4098 41.5 936.451 0.23333335 4.0 4.0 4.0 4.0 0.0 0.2 2 TOUCH_MOVE a
1400934744272 6 4098 42.273552 936.451 0.23333335 4.0 4.0 4.0 4.0 0.0 0.20400001 2 TOUCH_MOVE a
1400934744289 6 4098 43.239765 936.451 0.23333335 4.0 4.0 4.0 4.0 0.0 0.208 2 TOUCH_MOVE a
1400934744306 6 4098 43.600517 936.451 0.23333335 4.0 4.0 4.0 4.0 0.0 0.20400001 2 TOUCH_MOVE a
1400934744353 6 4098 43.600517 936.451 0.23333335 4.0 4.0 4.0 4.0 0.0 0.20400001 1 TOUCH_UP a
1400934744544 6 4098 229.0 831.951 0.26666668 4.0 4.0 4.0 4.0 0.0 0.20400001 0 TOUCH_DOWN r
1400934744557 6 4098 229.0 831.951 0.26666668 4.0 4.0 4.0 4.0 0.0 0.21200001 2 TOUCH_MOVE r
1400934744573 6 4098 229.0 831.951 0.26666668 4.0 4.0 4.0 4.0 0.0 0.23600002 2 TOUCH_MOVE r
1400934744589 6 4098 231.25157 832.451 0.33333334 5.0 5.0 5.0 5.0 0.0 0.24800001 2 TOUCH_MOVE r
1400934744608 6 4098 231.75 832.451 0.33333334 5.0 5.0 5.0 5.0 0.0 0.24800001 2 TOUCH_MOVE r
1400934744629 6 4098 232.0 831.8893 0.33333334 5.0 5.0 5.0 5.0 0.0 0.252 2 TOUCH_MOVE r
1400934744639 6 4098 231.47124 830.39343 0.3 5.0 5.0 5.0 5.0 0.0 0.24000001 2 TOUCH_MOVE r
1400934744656 6 4098 231.5 830.451 0.3 5.0 5.0 5.0 5.0 0.0 0.21200001 2 TOUCH_MOVE r
1400934744664 6 4098 231.5 830.451 0.20000002 3.0 3.0 3.0 3.0 0.0 0.112 2 TOUCH_MOVE r
1400934744667 6 4098 231.5 830.451 0.20000002 3.0 3.0 3.0 3.0 0.0 0.112 1 TOUCH_UP r
1400934744781 6 4098 189.0 810.951 0.26666668 4.0 4.0 4.0 4.0 0.0 0.23600002 0 TOUCH_DOWN e
1400934744823 6 4098 189.0 811.4846 0.26666668 4.0 4.0 4.0 4.0 0.0 0.24000001 2 TOUCH_MOVE e
1400934744856 6 4098 188.4787 811.451 0.26666668 4.0 4.0 4.0 4.0 0.0 0.22800002 2 TOUCH_MOVE e
1400934744873 6 4098 186.33957 810.8975 0.20000002 3.0 3.0 3.0 3.0 0.0 0.19600001 2 TOUCH_MOVE e
1400934744889 6 4098 186.5 810.951 0.16666667 3.0 3.0 3.0 3.0 0.0 0.112 2 TOUCH_MOVE e
1400934744905 6 4098 186.5 810.951 0.16666667 3.0 3.0 3.0 3.0 0.0 0.112 1 TOUCH_UP e
1400934745242 6 4098 369.0 1211.9509 0.20000002 3.0 3.0 3.0 3.0 0.0 0.19600001 0 TOUCH_DOWN Space
1400934745337 6 4098 369.0 1211.9509 0.20000002 3.0 3.0 3.0 3.0 0.0 0.18 2 TOUCH_MOVE Space
1400934745341 6 4098 369.0 1211.9509 0.20000002 3.0 3.0 3.0 3.0 0.0 0.18 1 TOUCH_UP Space
1400934746044 6 4098 344.5 830.451 0.3 5.0 5.0 5.0 5.0 0.0 0.224 0 TOUCH_DOWN t
1400934746057 6 4098 344.5 830.451 0.3 5.0 5.0 5.0 5.0 0.0 0.22800002 2 TOUCH_MOVE t
1400934746091 6 4098 343.3666 830.451 0.3 5.0 5.0 5.0 5.0 0.0 0.22800002 2 TOUCH_MOVE t
1400934746107 6 4098 342.9734 830.9776 0.26666668 4.0 4.0 4.0 4.0 0.0 0.22000001 2 TOUCH_MOVE t
1400934746124 6 4098 341.9767 834.5674 0.26666668 4.0 4.0 4.0 4.0 0.0 0.2 2 TOUCH_MOVE t
1400934746139 6 4098 342.0 834.451 0.23333335 4.0 4.0 4.0 4.0 0.0 0.17600001 2 TOUCH_MOVE t
1400934746147 6 4098 342.0 834.451 0.23333335 4.0 4.0 4.0 4.0 0.0 0.17600001 1 TOUCH_UP t
1400934746282 6 4098 438.5 968.951 0.20000002 4.0 4.0 4.0 4.0 0.0 0.20400001 0 TOUCH_DOWN h
1400934746355 6 4098 438.5 968.951 0.20000002 4.0 4.0 4.0 4.0 0.0 0.18 2 TOUCH_MOVE h
1400934746358 6 4098 438.5 968.951 0.20000002 4.0 4.0 4.0 4.0 0.0 0.18 1 TOUCH_UP h
1400934746433 6 4098 185.5 843.951 0.20000002 4.0 4.0 4.0 4.0 0.0 0.20400001 0 TOUCH_DOWN e
1400934746442 6 4098 185.5 843.951 0.23333335 4.0 4.0 4.0 4.0 0.0 0.21200001 2 TOUCH_MOVE e
1400934746494 6 4098 186.75 843.951 0.26666668 4.0 4.0 4.0 4.0 0.0 0.24000001 2 TOUCH_MOVE e
1400934746541 6 4098 186.5 843.451 0.20000002 4.0 4.0 4.0 4.0 0.0 0.18800001 2 TOUCH_MOVE e
1400934746557 6 4098 186.5 843.451 0.20000002 4.0 4.0 4.0 4.0 0.0 0.18800001 1 TOUCH_UP e
1400934746906 6 4098 369.5 1196.4509 0.16666667 3.0 3.0 3.0 3.0 0.0 0.20400001 0 TOUCH_DOWN Space
1400934746942 6 4098 369.5 1196.4509 0.20000002 4.0 4.0 4.0 4.0 0.0 0.17600001 2 TOUCH_MOVE Space
1400934746945 6 4098 369.5 1196.4509 0.20000002 4.0 4.0 4.0 4.0 0.0 0.17600001 1 TOUCH_UP Space
1400934747400 6 4098 97.0 847.451 0.23333335 4.0 4.0 4.0 4.0 0.0 0.20400001 0 TOUCH_DOWN w
1400934747408 6 4098 97.0 847.451 0.26666668 5.0 5.0 5.0 5.0 0.0 0.21200001 2 TOUCH_MOVE w
1400934747442 6 4098 97.0 846.86035 0.3 5.0 5.0 5.0 5.0 0.0 0.22800002 2 TOUCH_MOVE w
1400934747460 6 4098 97.0 846.29126 0.26666668 5.0 5.0 5.0 5.0 0.0 0.22800002 2 TOUCH_MOVE w
1400934747492 6 4098 97.0 845.79645 0.26666668 5.0 5.0 5.0 5.0 0.0 0.22800002 2 TOUCH_MOVE w
1400934747509 6 4098 96.42745 845.951 0.23333335 4.0 4.0 4.0 4.0 0.0 0.216 2 TOUCH_MOVE w
1400934747549 6 4098 96.42745 845.951 0.23333335 4.0 4.0 4.0 4.0 0.0 0.216 1 TOUCH_UP w
1400934747594 6 4098 600.0 855.451 0.20000002 4.0 4.0 4.0 4.0 0.0 0.192 0 TOUCH_DOWN o
1400934747675 6 4098 600.87933 855.451 0.20000002 4.0 4.0 4.0 4.0 0.0 0.192 2 TOUCH_MOVE o
1400934747692 6 4098 601.0 855.451 0.23333335 5.0 5.0 5.0 5.0 0.0 0.164 2 TOUCH_MOVE o
1400934747696 6 4098 601.0 855.451 0.23333335 5.0 5.0 5.0 5.0 0.0 0.164 1 TOUCH_UP o
1400934747836 6 4098 265.0 822.451 0.3 5.0 5.0 5.0 5.0 0.0 0.224 0 TOUCH_DOWN r
1400934747927 6 4098 265.0 822.451 0.26666668 4.0 4.0 4.0 4.0 0.0 0.18 2 TOUCH_MOVE r
1400934747930 6 4098 265.0 822.451 0.26666668 4.0 4.0 4.0 4.0 0.0 0.18 1 TOUCH_UP r
1400934748232 6 4098 651.5 977.951 0.23333335 4.0 4.0 4.0 4.0 0.0 0.192 0 TOUCH_DOWN l
1400934748439 6 4098 651.5 977.951 0.23333335 4.0 4.0 4.0 4.0 0.0 0.192 1 TOUCH_UP l
1400934748451 6 4098 217.5 929.451 0.3 5.0 5.0 5.0 5.0 0.0 0.224 0 TOUCH_DOWN d
1400934748456 6 4098 217.5 929.451 0.3 5.0 5.0 5.0 5.0 0.0 0.22800002 2 TOUCH_MOVE d
1400934748509 6 4098 216.0 927.951 0.16666667 3.0 3.0 3.0 3.0 0.0 0.104 2 TOUCH_MOVE d
1400934748531 6 4098 216.0 927.951 0.16666667 3.0 3.0 3.0 3.0 0.0 0.104 1 TOUCH_UP d
1400934750429 6 4098 458.5 1228.4509 0.23333335 4.0 4.0 4.0 4.0 0.0 0.19600001 0 TOUCH_DOWN ,
1400934750436 6 4098 458.5 1228.4509 0.23333335 4.0 4.0 4.0 4.0 0.0 0.2 2 TOUCH_MOVE ,
1400934750461 6 4098 459.23474 1226.9814 0.23333335 4.0 4.0 4.0 4.0 0.0 0.21200001 2 TOUCH_MOVE ,
1400934750479 6 4098 460.0 1224.5398 0.23333335 4.0 4.0 4.0 4.0 0.0 0.21200001 2 TOUCH_MOVE ,
1400934750495 6 4098 460.0 1222.6954 0.23333335 4.0 4.0 4.0 4.0 0.0 0.21200001 2 TOUCH_MOVE ,
1400934750511 6 4098 461.13986 1220.6711 0.20000002 3.0 3.0 3.0 3.0 0.0 0.2 2 TOUCH_MOVE ,
1400934750525 6 4098 461.0 1219.9509 0.20000002 3.0 3.0 3.0 3.0 0.0 0.18800001 2 TOUCH_MOVE ,
1400934750529 6 4098 461.0 1219.9509 0.20000002 3.0 3.0 3.0 3.0 0.0 0.18800001 1 TOUCH_UP ,
1400934750739 6 4098 325.0 1188.9509 0.20000002 4.0 4.0 4.0 4.0 0.0 0.20400001 0 TOUCH_DOWN Space
1400934750745 6 4098 325.0 1188.9509 0.20000002 4.0 4.0 4.0 4.0 0.0 0.2 2 TOUCH_MOVE Space
1400934750834 6 4098 325.0 1188.9509 0.20000002 4.0 4.0 4.0 4.0 0.0 0.2 1 TOUCH_UP Space
1400934750875 6 4098 120.5 841.951 0.26666668 4.0 4.0 4.0 4.0 0.0 0.21200001 0 TOUCH_DOWN w
1400934750928 6 4098 120.89484 841.55615 0.3 5.0 5.0 5.0 5.0 0.0 0.23600002 2 TOUCH_MOVE w
1400934750945 6 4098 121.74121 840.951 0.3 5.0 5.0 5.0 5.0 0.0 0.24400002 2 TOUCH_MOVE w
1400934750965 6 4098 122.25 840.951 0.3 5.0 5.0 5.0 5.0 0.0 0.24800001 2 TOUCH_MOVE w
1400934750995 6 4098 121.3465 840.451 0.26666668 4.0 4.0 4.0 4.0 0.0 0.216 2 TOUCH_MOVE w
1400934751019 6 4098 121.3465 840.451 0.26666668 4.0 4.0 4.0 4.0 0.0 0.216 1 TOUCH_UP w
1400934751137 6 4098 185.5 821.451 0.26666668 4.0 4.0 4.0 4.0 0.0 0.24000001 0 TOUCH_DOWN e
1400934751179 6 4098 185.5 821.451 0.33333334 5.0 5.0 5.0 5.0 0.0 0.26000002 2 TOUCH_MOVE e
1400934751229 6 4098 183.63016 821.451 0.26666668 4.0 4.0 4.0 4.0 0.0 0.22000001 2 TOUCH_MOVE e
1400934751241 6 4098 184.0 821.451 0.23333335 4.0 4.0 4.0 4.0 0.0 0.18400002 2 TOUCH_MOVE e
1400934751259 6 4098 184.0 821.451 0.23333335 4.0 4.0 4.0 4.0 0.0 0.18400002 1 TOUCH_UP e
1400934751300 6 4098 344.5 1202.9509 0.23333335 4.0 4.0 4.0 4.0 0.0 0.20400001 0 TOUCH_DOWN Space
1400934751312 6 4098 344.5 1203.4601 0.23333335 4.0 4.0 4.0 4.0 0.0 0.2 2 TOUCH_MOVE Space
1400934751329 6 4098 343.51907 1203.9319 0.23333335 4.0 4.0 4.0 4.0 0.0 0.20400001 2 TOUCH_MOVE Space
1400934751347 6 4098 342.55267 1203.9509 0.23333335 4.0 4.0 4.0 4.0 0.0 0.20400001 2 TOUCH_MOVE Space
1400934751362 6 4098 341.58594 1203.9509 0.23333335 4.0 4.0 4.0 4.0 0.0 0.2 2 TOUCH_MOVE Space
1400934751379 6 4098 341.25 1203.9509 0.23333335 4.0 4.0 4.0 4.0 0.0 0.192 2 TOUCH_MOVE Space
1400934751391 6 4098 341.25 1203.9509 0.23333335 4.0 4.0 4.0 4.0 0.0 0.192 1 TOUCH_UP Space
1400934751512 6 4098 40.5 989.951 0.26666668 5.0 5.0 5.0 5.0 0.0 0.18400002 0 TOUCH_DOWN a
1400934751534 6 4098 41.07705 991.028 0.26666668 5.0 5.0 5.0 5.0 0.0 0.192 2 TOUCH_MOVE a
1400934751556 6 4098 42.04125 991.99225 0.26666668 5.0 5.0 5.0 5.0 0.0 0.19600001 2 TOUCH_MOVE a
1400934751562 6 4098 42.988464 992.93945 0.26666668 5.0 5.0 5.0 5.0 0.0 0.192 2 TOUCH_MOVE a
1400934751579 6 4098 43.0 993.701 0.26666668 5.0 5.0 5.0 5.0 0.0 0.192 2 TOUCH_MOVE a
1400934751667 6 4098 43.0 993.701 0.26666668 5.0 5.0 5.0 5.0 0.0 0.192 1 TOUCH_UP a
1400934751816 6 4098 233.5 866.951 0.26666668 4.0 4.0 4.0 4.0 0.0 0.22800002 0 TOUCH_DOWN r
1400934751830 6 4098 233.5 867.4192 0.26666668 4.0 4.0 4.0 4.0 0.0 0.23200001 2 TOUCH_MOVE r
1400934751847 6 4098 233.5 868.3855 0.26666668 4.0 4.0 4.0 4.0 0.0 0.24400002 2 TOUCH_MOVE r
1400934751863 6 4098 233.5 869.3488 0.3 5.0 5.0 5.0 5.0 0.0 0.252 2 TOUCH_MOVE r
1400934751879 6 4098 233.5 870.201 0.3 5.0 5.0 5.0 5.0 0.0 0.256 2 TOUCH_MOVE r
1400934751897 6 4098 232.67332 869.951 0.3 5.0 5.0 5.0 5.0 0.0 0.252 2 TOUCH_MOVE r
1400934751913 6 4098 231.5 869.451 0.26666668 4.0 4.0 4.0 4.0 0.0 0.23200001 2 TOUCH_MOVE r
1400934751923 6 4098 231.5 869.451 0.23333335 4.0 4.0 4.0 4.0 0.0 0.2 2 TOUCH_MOVE r
1400934751926 6 4098 231.5 869.451 0.23333335 4.0 4.0 4.0 4.0 0.0 0.2 1 TOUCH_UP r
1400934752040 6 4098 164.5 819.951 0.3 5.0 5.0 5.0 5.0 0.0 0.22800002 0 TOUCH_DOWN e
1400934752046 6 4098 164.5 819.951 0.3 5.0 5.0 5.0 5.0 0.0 0.23600002 2 TOUCH_MOVE e
1400934752096 6 4098 165.08487 819.951 0.33333334 5.0 5.0 5.0 5.0 0.0 0.24800001 2 TOUCH_MOVE e
1400934752156 6 4098 165.0 819.951 0.3 5.0 5.0 5.0 5.0 0.0 0.19600001 2 TOUCH_MOVE e
1400934752160 6 4098 165.0 819.951 0.3 5.0 5.0 5.0 5.0 0.0 0.19600001 1 TOUCH_UP e
1400934752643 6 4098 362.5 1211.9509 0.20000002 3.0 3.0 3.0 3.0 0.0 0.208 0 TOUCH_DOWN Space
1400934752648 6 4098 362.5 1211.9509 0.20000002 3.0 3.0 3.0 3.0 0.0 0.20400001 2 TOUCH_MOVE Space
1400934752680 6 4098 361.25412 1211.9509 0.20000002 3.0 3.0 3.0 3.0 0.0 0.216 2 TOUCH_MOVE Space
1400934752698 6 4098 360.28812 1211.9509 0.20000002 3.0 3.0 3.0 3.0 0.0 0.216 2 TOUCH_MOVE Space
1400934752715 6 4098 359.31998 1211.9509 0.20000002 3.0 3.0 3.0 3.0 0.0 0.208 2 TOUCH_MOVE Space
1400934752755 6 4098 359.31998 1211.9509 0.20000002 3.0 3.0 3.0 3.0 0.0 0.208 1 TOUCH_UP Space
1400934753525 6 4098 343.0 858.951 0.23333335 4.0 4.0 4.0 4.0 0.0 0.21200001 0 TOUCH_DOWN t
1400934753528 6 4098 342.4505 858.951 0.26666668 5.0 5.0 5.0 5.0 0.0 0.21200001 2 TOUCH_MOVE t
1400934753564 6 4098 339.75 860.451 0.23333335 4.0 4.0 4.0 4.0 0.0 0.2 2 TOUCH_MOVE t
1400934753590 6 4098 339.5 860.951 0.23333335 4.0 4.0 4.0 4.0 0.0 0.156 2 TOUCH_MOVE t
1400934753594 6 4098 339.5 860.951 0.23333335 4.0 4.0 4.0 4.0 0.0 0.156 1 TOUCH_UP t
1400934753758 6 4098 431.5 968.451 0.20000002 4.0 4.0 4.0 4.0 0.0 0.20400001 0 TOUCH_DOWN h
1400934753809 6 4098 431.5 968.451 0.20000002 4.0 4.0 4.0 4.0 0.0 0.20400001 1 TOUCH_UP h
1400934753887 6 4098 187.0 823.451 0.23333335 5.0 5.0 5.0 5.0 0.0 0.19600001 0 TOUCH_DOWN e
1400934753948 6 4098 187.68535 823.451 0.3 5.0 5.0 5.0 5.0 0.0 0.23600002 2 TOUCH_MOVE e
1400934753982 6 4098 187.5 823.451 0.23333335 4.0 4.0 4.0 4.0 0.0 0.21200001 2 TOUCH_MOVE e
1400934753995 6 4098 187.5 823.451 0.20000002 4.0 4.0 4.0 4.0 0.0 0.18 2 TOUCH_MOVE e
1400934753999 6 4098 187.5 823.451 0.20000002 4.0 4.0 4.0 4.0 0.0 0.18 1 TOUCH_UP e
1400934754299 6 4098 373.0 1198.9509 0.20000002 4.0 4.0 4.0 4.0 0.0 0.19600001 0 TOUCH_DOWN Space
1400934754407 6 4098 373.0 1198.9509 0.20000002 4.0 4.0 4.0 4.0 0.0 0.19600001 1 TOUCH_UP Space
1400934754617 6 4098 293.0 1103.4509 0.26666668 4.0 4.0 4.0 4.0 0.0 0.22000001 0 TOUCH_DOWN c
1400934754637 6 4098 292.5986 1103.4509 0.26666668 4.0 4.0 4.0 4.0 0.0 0.216 2 TOUCH_MOVE c
1400934754650 6 4098 291.72937 1103.4509 0.26666668 4.0 4.0 4.0 4.0 0.0 0.22800002 2 TOUCH_MOVE c
1400934754665 6 4098 291.25 1103.4509 0.26666668 4.0 4.0 4.0 4.0 0.0 0.224 2 TOUCH_MOVE c
1400934754682 6 4098 291.0 1103.2579 0.26666668 4.0 4.0 4.0 4.0 0.0 0.216 2 TOUCH_MOVE c
1400934754699 6 4098 292.3364 1100.9463 0.20000002 3.0 3.0 3.0 3.0 0.0 0.192 2 TOUCH_MOVE c
1400934754723 6 4098 292.0 1101.4509 0.13333334 2.0 2.0 2.0 2.0 0.0 0.128 2 TOUCH_MOVE c
1400934754728 6 4098 292.0 1101.4509 0.13333334 2.0 2.0 2.0 2.0 0.0 0.128 1 TOUCH_UP c
1400934754868 6 4098 465.0 973.951 0.23333335 4.0 4.0 4.0 4.0 0.0 0.21200001 0 TOUCH_DOWN h
1400934754886 6 4098 465.0 973.951 0.23333335 4.0 4.0 4.0 4.0 0.0 0.208 2 TOUCH_MOVE h
1400934754899 6 4098 465.0 974.5379 0.23333335 4.0 4.0 4.0 4.0 0.0 0.208 2 TOUCH_MOVE h
1400934754915 6 4098 464.2674 974.951 0.23333335 4.0 4.0 4.0 4.0 0.0 0.208 2 TOUCH_MOVE h
1400934754932 6 4098 463.33472 974.951 0.23333335 4.0 4.0 4.0 4.0 0.0 0.20400001 2 TOUCH_MOVE h
1400934754950 6 4098 462.75 974.951 0.23333335 4.0 4.0 4.0 4.0 0.0 0.2 2 TOUCH_MOVE h
1400934754965 6 4098 462.28442 974.951 0.20000002 4.0 4.0 4.0 4.0 0.0 0.18400002 2 TOUCH_MOVE h
1400934754981 6 4098 462.28442 974.951 0.20000002 4.0 4.0 4.0 4.0 0.0 0.18400002 1 TOUCH_UP h
1400934755648 6 4098 568.5 865.451 0.23333335 4.0 4.0 4.0 4.0 0.0 0.20400001 0 TOUCH_DOWN i
1400934755666 6 4098 568.14386 865.451 0.26666668 5.0 5.0 5.0 5.0 0.0 0.208 2 TOUCH_MOVE i
1400934755683 6 4098 567.3206 866.1304 0.26666668 5.0 5.0 5.0 5.0 0.0 0.216 2 TOUCH_MOVE i
1400934755700 6 4098 565.69696 866.60254 0.26666668 5.0 5.0 5.0 5.0 0.0 0.22000001 2 TOUCH_MOVE i
1400934755716 6 4098 563.7732 866.951 0.26666668 5.0 5.0 5.0 5.0 0.0 0.22000001 2 TOUCH_MOVE i
1400934755733 6 4098 563.25 866.951 0.26666668 5.0 5.0 5.0 5.0 0.0 0.216 2 TOUCH_MOVE i
1400934755758 6 4098 563.25 866.951 0.26666668 5.0 5.0 5.0 5.0 0.0 0.216 1 TOUCH_UP i
1400934756007 6 4098 646.0 985.951 0.23333335 4.0 4.0 4.0 4.0 0.0 0.18 0 TOUCH_DOWN l
1400934756019 6 4098 646.0 985.951 0.23333335 4.0 4.0 4.0 4.0 0.0 0.18800001 2 TOUCH_MOVE l
1400934756050 6 4098 646.5885 985.951 0.26666668 4.0 4.0 4.0 4.0 0.0 0.20400001 2 TOUCH_MOVE l
1400934756119 6 4098 646.5 982.9117 0.20000002 3.0 3.0 3.0 3.0 0.0 0.18800001 2 TOUCH_MOVE l
1400934756133 6 4098 646.5 981.951 0.13333334 2.0 2.0 2.0 2.0 0.0 0.15200001 2 TOUCH_MOVE l
1400934756139 6 4098 646.5 981.951 0.13333334 2.0 2.0 2.0 2.0 0.0 0.15200001 1 TOUCH_UP l
1400934756393 6 4098 225.5 959.951 0.23333335 4.0 4.0 4.0 4.0 0.0 0.208 0 TOUCH_DOWN d
1400934756403 6 4098 225.5 959.951 0.26666668 4.0 4.0 4.0 4.0 0.0 0.22000001 2 TOUCH_MOVE d
1400934756433 6 4098 225.5 959.40845 0.26666668 4.0 4.0 4.0 4.0 0.0 0.23600002 2 TOUCH_MOVE d
1400934756450 6 4098 225.5 958.31464 0.3 5.0 5.0 5.0 5.0 0.0 0.24000001 2 TOUCH_MOVE d
1400934756467 6 4098 225.5 957.9015 0.3 5.0 5.0 5.0 5.0 0.0 0.23600002 2 TOUCH_MOVE d
1400934756487 6 4098 224.43317 957.38416 0.3 5.0 5.0 5.0 5.0 0.0 0.22000001 2 TOUCH_MOVE d
1400934756507 6 4098 224.0 956.951 0.26666668 5.0 5.0 5.0 5.0 0.0 0.16800001 2 TOUCH_MOVE d
1400934756511 6 4098 224.0 956.951 0.26666668 5.0 5.0 5.0 5.0 0.0 0.16800001 1 TOUCH_UP d
1400934756923 6 4098 240.0 858.951 0.23333335 4.0 4.0 4.0 4.0 0.0 0.216 0 TOUCH_DOWN r
1400934756928 6 4098 240.0 859.5669 0.26666668 4.0 4.0 4.0 4.0 0.0 0.24000001 2 TOUCH_MOVE r
1400934756974 6 4098 238.5 857.951 0.23333335 4.0 4.0 4.0 4.0 0.0 0.192 2 TOUCH_MOVE r
1400934756978 6 4098 238.5 857.951 0.23333335 4.0 4.0 4.0 4.0 0.0 0.192 1 TOUCH_UP r
1400934757116 6 4098 154.5 806.451 0.26666668 5.0 5.0 5.0 5.0 0.0 0.216 0 TOUCH_DOWN e
1400934757135 6 4098 154.5 806.451 0.26666668 5.0 5.0 5.0 5.0 0.0 0.224 2 TOUCH_MOVE e
1400934757167 6 4098 154.5 807.0666 0.26666668 5.0 5.0 5.0 5.0 0.0 0.224 2 TOUCH_MOVE e
1400934757220 6 4098 154.5 807.0666 0.26666668 5.0 5.0 5.0 5.0 0.0 0.224 1 TOUCH_UP e
1400934757289 6 4098 517.5 1091.4509 0.23333335 4.0 4.0 4.0 4.0 0.0 0.20400001 0 TOUCH_DOWN n
1400934757301 6 4098 517.5 1091.4509 0.23333335 4.0 4.0 4.0 4.0 0.0 0.2 2 TOUCH_MOVE n
1400934757335 6 4098 516.9161 1091.4509 0.23333335 4.0 4.0 4.0 4.0 0.0 0.19600001 2 TOUCH_MOVE n
1400934757351 6 4098 516.33704 1091.4509 0.20000002 4.0 4.0 4.0 4.0 0.0 0.18 2 TOUCH_MOVE n
1400934757356 6 4098 516.33704 1091.4509 0.20000002 4.0 4.0 4.0 4.0 0.0 0.18 1 TOUCH_UP n
1400934758890 6 4098 694.0 1243.4509 0.10000001 2.0 2.0 2.0 2.0 0.0 0.17600001 0 TOUCH_DOWN Enter
1400934758914 6 4098 693.3004 1242.5518 0.20000002 4.0 4.0 4.0 4.0 0.0 0.192 2 TOUCH_MOVE Enter
1400934758941 6 4098 691.3845 1238.8354 0.20000002 4.0 4.0 4.0 4.0 0.0 0.192 2 TOUCH_MOVE Enter
1400934758959 6 4098 691.0 1237.8318 0.16666667 3.0 3.0 3.0 3.0 0.0 0.192 2 TOUCH_MOVE Enter
1400934758999 6 4098 691.0 1237.8318 0.16666667 3.0 3.0 3.0 3.0 0.0 0.192 1 TOUCH_UP Enter
1400934759499 6 4098 113.0 836.951 0.3 5.0 5.0 5.0 5.0 0.0 0.21200001 0 TOUCH_DOWN W
1400934759523 6 4098 113.0 836.951 0.26666668 4.0 4.0 4.0 4.0 0.0 0.224 2 TOUCH_MOVE W
1400934759616 6 4098 113.0 836.951 0.26666668 4.0 4.0 4.0 4.0 0.0 0.224 1 TOUCH_UP W
1400934759739 6 4098 199.5 819.451 0.3 5.0 5.0 5.0 5.0 0.0 0.23600002 0 TOUCH_DOWN e
1400934759753 6 4098 199.5 819.451 0.3 5.0 5.0 5.0 5.0 0.0 0.24400002 2 TOUCH_MOVE e
1400934759836 6 4098 198.5 818.951 0.26666668 4.0 4.0 4.0 4.0 0.0 0.21200001 2 TOUCH_MOVE e
1400934759847 6 4098 198.5 818.951 0.16666667 3.0 3.0 3.0 3.0 0.0 0.136 2 TOUCH_MOVE e
1400934759851 6 4098 198.5 818.951 0.16666667 3.0 3.0 3.0 3.0 0.0 0.136 1 TOUCH_UP e
1400934759921 6 4098 358.0 1203.4509 0.16666667 3.0 3.0 3.0 3.0 0.0 0.19600001 0 TOUCH_DOWN Space
1400934759937 6 4098 358.0 1203.4509 0.20000002 3.0 3.0 3.0 3.0 0.0 0.2 2 TOUCH_MOVE Space
1400934759970 6 4098 357.49002 1203.4509 0.16666667 3.0 3.0 3.0 3.0 0.0 0.20400001 2 TOUCH_MOVE Space
1400934759987 6 4098 356.75 1203.4509 0.16666667 3.0 3.0 3.0 3.0 0.0 0.2 2 TOUCH_MOVE Space
1400934760003 6 4098 358.92776 1200.5472 0.13333334 2.0 2.0 2.0 2.0 0.0 0.18 2 TOUCH_MOVE Space
1400934760019 6 4098 359.0 1200.4509 0.13333334 2.0 2.0 2.0 2.0 0.0 0.112 2 TOUCH_MOVE Space
1400934760023 6 4098 359.0 1200.4509 0.13333334 2.0 2.0 2.0 2.0 0.0 0.112 1 TOUCH_UP Space
1400934760214 6 4098 63.5 996.451 0.26666668 5.0 5.0 5.0 5.0 0.0 0.18 0 TOUCH_DOWN a
1400934760216 6 4098 63.5 996.451 0.26666668 5.0 5.0 5.0 5.0 0.0 0.18400002 2 TOUCH_MOVE a
1400934760220 6 4098 63.5 996.451 0.26666668 5.0 5.0 5.0 5.0 0.0 0.18400002 1 TOUCH_UP a
1400934760421 6 4098 244.5 845.451 0.26666668 4.0 4.0 4.0 4.0 0.0 0.24000001 0 TOUCH_DOWN r
1400934760488 6 4098 243.99925 845.451 0.3 5.0 5.0 5.0 5.0 0.0 0.24000001 2 TOUCH_MOVE r
1400934760504 6 4098 243.02786 845.451 0.26666668 4.0 4.0 4.0 4.0 0.0 0.23200001 2 TOUCH_MOVE r
1400934760520 6 4098 243.0 845.451 0.20000002 3.0 3.0 3.0 3.0 0.0 0.18800001 2 TOUCH_MOVE r
1400934760524 6 4098 243.0 845.451 0.20000002 3.0 3.0 3.0 3.0 0.0 0.18800001 1 TOUCH_UP r
1400934760659 6 4098 179.0 827.451 0.3 5.0 5.0 5.0 5.0 0.0 0.22800002 0 TOUCH_DOWN e
1400934760672 6 4098 179.0 827.451 0.3 5.0 5.0 5.0 5.0 0.0 0.24000001 2 TOUCH_MOVE e
1400934760754 6 4098 179.0 827.451 0.3 5.0 5.0 5.0 5.0 0.0 0.208 2 TOUCH_MOVE e
1400934760761 6 4098 179.0 827.451 0.26666668 5.0 5.0 5.0 5.0 0.0 0.172 2 TOUCH_MOVE e
1400934760766 6 4098 179.0 827.451 0.26666668 5.0 5.0 5.0 5.0 0.0 0.172 1 TOUCH_UP e
1400934760917 6 4098 360.0 1203.4509 0.16666667 3.0 3.0 3.0 3.0 0.0 0.18800001 0 TOUCH_DOWN Space
1400934760923 6 4098 360.0 1203.4509 0.16666667 3.0 3.0 3.0 3.0 0.0 0.192 2 TOUCH_MOVE Space
1400934760958 6 4098 360.0 1204.1085 0.16666667 3.0 3.0 3.0 3.0 0.0 0.2 2 TOUCH_MOVE Space
1400934761020 6 4098 360.5 1203.9509 0.16666667 3.0 3.0 3.0 3.0 0.0 0.18400002 2 TOUCH_MOVE Space
1400934761024 6 4098 360.5 1203.9509 0.16666667 3.0 3.0 3.0 3.0 0.0 0.18400002 1 TOUCH_UP Space
1400934761186 6 4098 317.5 861.951 0.26666668 4.0 4.0 4.0 4.0 0.0 0.24400002 0 TOUCH_DOWN t
1400934761312 6 4098 317.5 861.951 0.26666668 4.0 4.0 4.0 4.0 0.0 0.24400002 1 TOUCH_UP t
1400934761397 6 4098 428.0 1006.951 0.26666668 4.0 4.0 4.0 4.0 0.0 0.216 0 TOUCH_DOWN h
1400934761439 6 4098 428.0 1006.4296 0.3 5.0 5.0 5.0 5.0 0.0 0.216 2 TOUCH_MOVE h
1400934761457 6 4098 428.0 1005.919 0.26666668 4.0 4.0 4.0 4.0 0.0 0.208 2 TOUCH_MOVE h
1400934761489 6 4098 428.0 1005.919 0.26666668 4.0 4.0 4.0 4.0 0.0 0.208 1 TOUCH_UP h
1400934761562 6 4098 207.5 846.951 0.23333335 4.0 4.0 4.0 4.0 0.0 0.216 0 TOUCH_DOWN e
1400934761572 6 4098 207.5 846.951 0.3 5.0 5.0 5.0 5.0 0.0 0.224 2 TOUCH_MOVE e
1400934761605 6 4098 207.5 846.1909 0.3 5.0 5.0 5.0 5.0 0.0 0.23600002 2 TOUCH_MOVE e
1400934761621 6 4098 207.0 845.221 0.3 5.0 5.0 5.0 5.0 0.0 0.24000001 2 TOUCH_MOVE e
1400934761639 6 4098 206.30576 844.451 0.3 5.0 5.0 5.0 5.0 0.0 0.24400002 2 TOUCH_MOVE e
1400934761658 6 4098 205.33998 843.951 0.3 5.0 5.0 5.0 5.0 0.0 0.24000001 2 TOUCH_MOVE e
1400934761672 6 4098 204.3684 843.3194 0.26666668 4.0 4.0 4.0 4.0 0.0 0.22000001 2 TOUCH_MOVE e
1400934761688 6 4098 204.0 843.451 0.16666667 3.0 3.0 3.0 3.0 0.0 0.124000005 2 TOUCH_MOVE e
1400934761801 6 4098 204.0 843.451 0.16666667 3.0 3.0 3.0 3.0 0.0 0.124000005 1 TOUCH_UP e
1400934761812 6 4098 409.0 1213.4509 0.20000002 3.0 3.0 3.0 3.0 0.0 0.208 0 TOUCH_DOWN ,
1400934761819 6 4098 408.8244 1213.4509 0.20000002 3.0 3.0 3.0 3.0 0.0 0.2 2 TOUCH_MOVE ,
1400934761872 6 4098 408.5 1212.9137 0.20000002 3.0 3.0 3.0 3.0 0.0 0.18800001 2 TOUCH_MOVE ,
1400934761890 6 4098 408.5 1212.9137 0.20000002 3.0 3.0 3.0 3.0 0.0 0.18800001 1 TOUCH_UP ,
1400934762241 6 4098 618.0 858.451 0.26666668 5.0 5.0 5.0 5.0 0.0 0.216 0 TOUCH_DOWN o
1400934762256 6 4098 618.0 858.451 0.26666668 5.0 5.0 5.0 5.0 0.0 0.224 2 TOUCH_MOVE o
1400934762306 6 4098 618.85364 858.8046 0.23333335 4.0 4.0 4.0 4.0 0.0 0.22000001 2 TOUCH_MOVE o
1400934762324 6 4098 619.5 859.451 0.20000002 4.0 4.0 4.0 4.0 0.0 0.18400002 2 TOUCH_MOVE o
1400934762332 6 4098 619.5 859.451 0.16666667 3.0 3.0 3.0 3.0 0.0 0.1 2 TOUCH_MOVE o
1400934762335 6 4098 619.5 859.451 0.16666667 3.0 3.0 3.0 3.0 0.0 0.1 1 TOUCH_UP o
1400934762505 6 4098 485.0 1120.4509 0.26666668 4.0 4.0 4.0 4.0 0.0 0.2 0 TOUCH_DOWN n
1400934762530 6 4098 485.0 1120.4509 0.26666668 4.0 4.0 4.0 4.0 0.0 0.21200001 2 TOUCH_MOVE n
1400934762587 6 4098 485.0 1120.4509 0.26666668 4.0 4.0 4.0 4.0 0.0 0.21200001 1 TOUCH_UP n
1400934762747 6 4098 189.0 844.451 0.23333335 4.0 4.0 4.0 4.0 0.0 0.216 0 TOUCH_DOWN e
1400934762756 6 4098 189.0 844.451 0.23333335 4.0 4.0 4.0 4.0 0.0 0.21200001 2 TOUCH_MOVE e
1400934762810 6 4098 189.0 844.451 0.23333335 4.0 4.0 4.0 4.0 0.0 0.21200001 1 TOUCH_UP e
1400934764712 6 4098 711.5 1110.4509 0.26666668 5.0 5.0 5.0 5.0 0.0 0.19600001 0 TOUCH_DOWN Back
1400934764725 6 4098 711.5 1110.4509 0.26666668 5.0 5.0 5.0 5.0 0.0 0.20400001 2 TOUCH_MOVE Back
1400934764759 6 4098 710.891 1110.4509 0.26666668 5.0 5.0 5.0 5.0 0.0 0.216 2 TOUCH_MOVE Back
1400934764809 6 4098 711.5 1110.4509 0.26666668 5.0 5.0 5.0 5.0 0.0 0.19600001 2 TOUCH_MOVE Back
1400934764817 6 4098 711.5 1110.4509 0.23333335 4.0 4.0 4.0 4.0 0.0 0.172 2 TOUCH_MOVE Back
1400934764821 6 4098 711.5 1110.4509 0.23333335 4.0 4.0 4.0 4.0 0.0 0.172 1 TOUCH_UP Back
1400934764929 6 4098 707.0 1108.9509 0.26666668 5.0 5.0 5.0 5.0 0.0 0.20400001 0 TOUCH_DOWN Back
1400934764942 6 4098 707.0 1108.9509 0.26666668 5.0 5.0 5.0 5.0 0.0 0.21200001 2 TOUCH_MOVE Back
1400934765025 6 4098 708.25 1108.9509 0.26666668 5.0 5.0 5.0 5.0 0.0 0.19600001 2 TOUCH_MOVE Back
1400934765035 6 4098 708.25 1108.9509 0.26666668 5.0 5.0 5.0 5.0 0.0 0.19600001 1 TOUCH_UP Back
1400934765212 6 4098 707.5 1107.9509 0.26666668 5.0 5.0 5.0 5.0 0.0 0.2 0 TOUCH_DOWN Back
1400934765270 6 4098 707.5 1107.9509 0.26666668 5.0 5.0 5.0 5.0 0.0 0.2 1 TOUCH_UP Back
1400934765440 6 4098 706.5 1123.9509 0.23333335 4.0 4.0 4.0 4.0 0.0 0.20400001 0 TOUCH_DOWN Back
1400934765445 6 4098 706.5 1123.9509 0.23333335 4.0 4.0 4.0 4.0 0.0 0.208 2 TOUCH_MOVE Back
1400934765475 6 4098 706.5 1122.4595 0.23333335 4.0 4.0 4.0 4.0 0.0 0.216 2 TOUCH_MOVE Back
1400934765492 6 4098 706.5 1121.7009 0.23333335 4.0 4.0 4.0 4.0 0.0 0.216 2 TOUCH_MOVE Back
1400934765546 6 4098 706.5 1121.7009 0.23333335 4.0 4.0 4.0 4.0 0.0 0.216 1 TOUCH_UP Back
1400934765968 6 4098 319.5 1198.4509 0.20000002 4.0 4.0 4.0 4.0 0.0 0.19600001 0 TOUCH_DOWN Space
1400934765977 6 4098 319.5 1198.4509 0.20000002 4.0 4.0 4.0 4.0 0.0 0.2 2 TOUCH_MOVE Space
1400934766023 6 4098 318.6054 1197.5564 0.23333335 4.0 4.0 4.0 4.0 0.0 0.216 2 TOUCH_MOVE Space
1400934766029 6 4098 317.62204 1196.1951 0.23333335 4.0 4.0 4.0 4.0 0.0 0.216 2 TOUCH_MOVE Space
1400934766045 6 4098 316.652 1195.1029 0.23333335 4.0 4.0 4.0 4.0 0.0 0.216 2 TOUCH_MOVE Space
1400934766059 6 4098 316.0 1194.1332 0.23333335 4.0 4.0 4.0 4.0 0.0 0.216 2 TOUCH_MOVE Space
1400934766076 6 4098 316.0 1193.1697 0.23333335 4.0 4.0 4.0 4.0 0.0 0.216 2 TOUCH_MOVE Space
1400934766092 6 4098 316.0 1191.9509 0.23333335 4.0 4.0 4.0 4.0 0.0 0.192 2 TOUCH_MOVE Space
1400934766104 6 4098 316.0 1191.9509 0.20000002 3.0 3.0 3.0 3.0 0.0 0.1 2 TOUCH_MOVE Space
1400934766108 6 4098 316.0 1191.9509 0.20000002 3.0 3.0 3.0 3.0 0.0 0.1 1 TOUCH_UP Space
1400934766449 6 4098 639.0 828.451 0.23333335 5.0 5.0 5.0 5.0 0.0 0.208 0 TOUCH_DOWN o
1400934766460 6 4098 639.0 828.451 0.26666668 5.0 5.0 5.0 5.0 0.0 0.208 2 TOUCH_MOVE o
1400934766494 6 4098 636.11285 828.451 0.3 5.0 5.0 5.0 5.0 0.0 0.224 2 TOUCH_MOVE o
1400934766511 6 4098 634.1903 828.451 0.3 5.0 5.0 5.0 5.0 0.0 0.22000001 2 TOUCH_MOVE o
1400934766526 6 4098 632.63745 828.451 0.3 5.0 5.0 5.0 5.0 0.0 0.224 2 TOUCH_MOVE o
1400934766543 6 4098 632.25 828.451 0.3 5.0 5.0 5.0 5.0 0.0 0.224 2 TOUCH_MOVE o
1400934766560 6 4098 632.5 828.951 0.26666668 5.0 5.0 5.0 5.0 0.0 0.208 2 TOUCH_MOVE o
1400934766570 6 4098 632.5 828.951 0.20000002 4.0 4.0 4.0 4.0 0.0 0.18400002 2 TOUCH_MOVE o
1400934766573 6 4098 632.5 828.951 0.20000002 4.0 4.0 4.0 4.0 0.0 0.18400002 1 TOUCH_UP o
1400934766769 6 4098 516.5 1088.4509 0.23333335 4.0 4.0 4.0 4.0 0.0 0.20400001 0 TOUCH_DOWN n
1400934766776 6 4098 516.5 1088.4509 0.23333335 4.0 4.0 4.0 4.0 0.0 0.208 2 TOUCH_MOVE n
1400934766827 6 4098 517.74945 1088.4509 0.16666667 3.0 3.0 3.0 3.0 0.0 0.19600001 2 TOUCH_MOVE n
1400934766843 6 4098 519.0 1086.9509 0.13333334 2.0 2.0 2.0 2.0 0.0 0.17600001 2 TOUCH_MOVE n
1400934766855 6 4098 519.0 1086.9509 0.13333334 2.0 2.0 2.0 2.0 0.0 0.108 2 TOUCH_MOVE n
1400934766974 6 4098 519.0 1086.9509 0.13333334 2.0 2.0 2.0 2.0 0.0 0.108 1 TOUCH_UP n
1400934767003 6 4098 187.5 805.451 0.23333335 4.0 4.0 4.0 4.0 0.0 0.23200001 0 TOUCH_DOWN e
1400934767091 6 4098 186.57828 805.8727 0.3 5.0 5.0 5.0 5.0 0.0 0.24800001 2 TOUCH_MOVE e
1400934767119 6 4098 186.5 806.451 0.26666668 4.0 4.0 4.0 4.0 0.0 0.24400002 2 TOUCH_MOVE e
1400934767128 6 4098 186.5 806.451 0.23333335 4.0 4.0 4.0 4.0 0.0 0.17600001 2 TOUCH_MOVE e
1400934767133 6 4098 186.5 806.451 0.23333335 4.0 4.0 4.0 4.0 0.0 0.17600001 1 TOUCH_UP e
1400934767311 6 4098 131.5 940.451 0.3 5.0 5.0 5.0 5.0 0.0 0.21200001 0 TOUCH_DOWN s
1400934767330 6 4098 131.5 940.451 0.3 5.0 5.0 5.0 5.0 0.0 0.22000001 2 TOUCH_MOVE s
1400934767378 6 4098 130.83481 940.28577 0.26666668 5.0 5.0 5.0 5.0 0.0 0.208 2 TOUCH_MOVE s
1400934767394 6 4098 129.23181 939.3169 0.23333335 4.0 4.0 4.0 4.0 0.0 0.18800001 2 TOUCH_MOVE s
1400934767407 6 4098 129.5 939.451 0.20000002 3.0 3.0 3.0 3.0 0.0 0.108 2 TOUCH_MOVE s
1400934767411 6 4098 129.5 939.451 0.20000002 3.0 3.0 3.0 3.0 0.0 0.108 1 TOUCH_UP s
1400934768516 6 4098 330.0 1196.4509 0.23333335 5.0 5.0 5.0 5.0 0.0 0.2 0 TOUCH_DOWN Space
1400934768528 6 4098 330.0 1196.4509 0.23333335 5.0 5.0 5.0 5.0 0.0 0.19600001 2 TOUCH_MOVE Space
1400934768646 6 4098 330.0 1196.4509 0.23333335 5.0 5.0 5.0 5.0 0.0 0.172 2 TOUCH_MOVE Space
1400934768699 6 4098 330.0 1196.4509 0.23333335 5.0 5.0 5.0 5.0 0.0 0.172 1 TOUCH_UP Space
1400934768931 6 4098 119.0 826.451 0.3 5.0 5.0 5.0 5.0 0.0 0.20400001 0 TOUCH_DOWN w
1400934768978 6 4098 119.44701 826.898 0.3 5.0 5.0 5.0 5.0 0.0 0.23200001 2 TOUCH_MOVE w
1400934768996 6 4098 120.25 827.701 0.33333334 5.0 5.0 5.0 5.0 0.0 0.23600002 2 TOUCH_MOVE w
1400934769012 6 4098 120.88018 827.451 0.3 5.0 5.0 5.0 5.0 0.0 0.24000001 2 TOUCH_MOVE w
1400934769028 6 4098 121.75 827.451 0.3 5.0 5.0 5.0 5.0 0.0 0.24000001 2 TOUCH_MOVE w
1400934769063 6 4098 119.96321 827.1826 0.3 5.0 5.0 5.0 5.0 0.0 0.20400001 2 TOUCH_MOVE w
1400934769074 6 4098 119.5 826.951 0.3 5.0 5.0 5.0 5.0 0.0 0.18800001 2 TOUCH_MOVE w
1400934769078 6 4098 119.5 826.951 0.3 5.0 5.0 5.0 5.0 0.0 0.18800001 1 TOUCH_UP w
1400934769146 6 4098 427.5 994.451 0.3 5.0 5.0 5.0 5.0 0.0 0.216 0 TOUCH_DOWN h
1400934769162 6 4098 427.5 994.451 0.3 5.0 5.0 5.0 5.0 0.0 0.21200001 2 TOUCH_MOVE h
1400934769179 6 4098 426.9831 994.451 0.3 5.0 5.0 5.0 5.0 0.0 0.216 2 TOUCH_MOVE h
1400934769196 6 4098 426.25 994.451 0.3 5.0 5.0 5.0 5.0 0.0 0.216 2 TOUCH_MOVE h
1400934769212 6 4098 425.76843 994.451 0.23333335 4.0 4.0 4.0 4.0 0.0 0.216 2 TOUCH_MOVE h
1400934769249 6 4098 426.0 994.451 0.26666668 4.0 4.0 4.0 4.0 0.0 0.192 2 TOUCH_MOVE h
1400934769254 6 4098 426.0 994.451 0.26666668 4.0 4.0 4.0 4.0 0.0 0.192 1 TOUCH_UP h
1400934769411 6 4098 618.0 870.451 0.3 5.0 5.0 5.0 5.0 0.0 0.20400001 0 TOUCH_DOWN o
1400934769429 6 4098 617.49066 870.9603 0.3 5.0 5.0 5.0 5.0 0.0 0.21200001 2 TOUCH_MOVE o
1400934769446 6 4098 615.9711 871.9654 0.3 5.0 5.0 5.0 5.0 0.0 0.21200001 2 TOUCH_MOVE o
1400934769462 6 4098 614.0348 872.9336 0.3 5.0 5.0 5.0 5.0 0.0 0.21200001 2 TOUCH_MOVE o
1400934769479 6 4098 614.0 873.898 0.3 5.0 5.0 5.0 5.0 0.0 0.21200001 2 TOUCH_MOVE o
1400934769496 6 4098 614.417 874.868 0.3 5.0 5.0 5.0 5.0 0.0 0.208 2 TOUCH_MOVE o
1400934769513 6 4098 615.76385 876.21484 0.3 5.0 5.0 5.0 5.0 0.0 0.192 2 TOUCH_MOVE o
1400934769523 6 4098 616.0 876.451 0.26666668 5.0 5.0 5.0 5.0 0.0 0.156 2 TOUCH_MOVE o
1400934769527 6 4098 616.0 876.451 0.26666668 5.0 5.0 5.0 5.0 0.0 0.156 1 TOUCH_UP o
1400934769952 6 4098 395.5 1193.4509 0.20000002 4.0 4.0 4.0 4.0 0.0 0.20400001 0 TOUCH_DOWN ,
1400934769997 6 4098 394.088 1193.039 0.26666668 5.0 5.0 5.0 5.0 0.0 0.216 2 TOUCH_MOVE ,
1400934770013 6 4098 393.12424 1192.0752 0.26666668 5.0 5.0 5.0 5.0 0.0 0.21200001 2 TOUCH_MOVE ,
1400934770029 6 4098 393.0 1191.2009 0.26666668 5.0 5.0 5.0 5.0 0.0 0.20400001 2 TOUCH_MOVE ,
1400934770041 6 4098 393.0 1191.2009 0.26666668 5.0 5.0 5.0 5.0 0.0 0.20400001 1 TOUCH_UP ,
1400934770206 6 4098 576.5 1075.9509 0.20000002 3.0 3.0 3.0 3.0 0.0 0.20400001 0 TOUCH_DOWN m
1400934770214 6 4098 576.5 1075.9509 0.23333335 4.0 4.0 4.0 4.0 0.0 0.20400001 2 TOUCH_MOVE m
1400934770247 6 4098 575.0479 1075.9509 0.23333335 4.0 4.0 4.0 4.0 0.0 0.208 2 TOUCH_MOVE m
1400934770263 6 4098 574.1269 1075.9509 0.23333335 4.0 4.0 4.0 4.0 0.0 0.216 2 TOUCH_MOVE m
1400934770280 6 4098 573.75 1075.9509 0.23333335 4.0 4.0 4.0 4.0 0.0 0.216 2 TOUCH_MOVE m
1400934770365 6 4098 573.75 1075.9509 0.23333335 4.0 4.0 4.0 4.0 0.0 0.216 1 TOUCH_UP m
1400934770390 6 4098 72.0 1013.951 0.16666667 3.0 3.0 3.0 3.0 0.0 0.192 0 TOUCH_DOWN a
1400934770430 6 4098 72.0 1013.951 0.16666667 3.0 3.0 3.0 3.0 0.0 0.2 2 TOUCH_MOVE a
1400934770454 6 4098 71.247185 1013.951 0.20000002 3.0 3.0 3.0 3.0 0.0 0.2 2 TOUCH_MOVE a
1400934770481 6 4098 70.601234 1013.951 0.20000002 3.0 3.0 3.0 3.0 0.0 0.19600001 2 TOUCH_MOVE a
1400934770488 6 4098 70.0 1013.451 0.16666667 3.0 3.0 3.0 3.0 0.0 0.132 2 TOUCH_MOVE a
1400934770492 6 4098 70.0 1013.451 0.16666667 3.0 3.0 3.0 3.0 0.0 0.132 1 TOUCH_UP a
1400934770554 6 4098 551.5 955.451 0.3 5.0 5.0 5.0 5.0 0.0 0.20400001 0 TOUCH_DOWN k
1400934770610 6 4098 551.5 955.451 0.26666668 5.0 5.0 5.0 5.0 0.0 0.18 2 TOUCH_MOVE k
1400934770614 6 4098 551.5 955.451 0.26666668 5.0 5.0 5.0 5.0 0.0 0.18 1 TOUCH_UP k
1400934771180 6 4098 688.5 1085.9509 0.20000002 4.0 4.0 4.0 4.0 0.0 0.19600001 0 TOUCH_DOWN Back
1400934771183 6 4098 688.5 1085.9509 0.20000002 3.0 3.0 3.0 3.0 0.0 0.20400001 2 TOUCH_MOVE Back
1400934771230 6 4098 688.5 1086.5677 0.23333335 4.0 4.0 4.0 4.0 0.0 0.21200001 2 TOUCH_MOVE Back
1400934771273 6 4098 688.5 1086.5677 0.23333335 4.0 4.0 4.0 4.0 0.0 0.21200001 1 TOUCH_UP Back
1400934771378 6 4098 701.5 1080.9509 0.13333334 2.0 2.0 2.0 2.0 0.0 0.19600001 0 TOUCH_DOWN Back
1400934771415 6 4098 701.5 1080.9509 0.20000002 4.0 4.0 4.0 4.0 0.0 0.208 2 TOUCH_MOVE Back
1400934771430 6 4098 700.75 1080.9509 0.16666667 3.0 3.0 3.0 3.0 0.0 0.208 2 TOUCH_MOVE Back
1400934771474 6 4098 700.75 1080.9509 0.16666667 3.0 3.0 3.0 3.0 0.0 0.208 1 TOUCH_UP Back
1400934771558 6 4098 702.5 1081.9509 0.16666667 3.0 3.0 3.0 3.0 0.0 0.192 0 TOUCH_DOWN Back
1400934771564 6 4098 702.5 1081.9509 0.16666667 3.0 3.0 3.0 3.0 0.0 0.2 2 TOUCH_MOVE Back
1400934771581 6 4098 703.1225 1081.9509 0.16666667 3.0 3.0 3.0 3.0 0.0 0.20400001 2 TOUCH_MOVE Back
1400934771650 6 4098 703.0 1082.5171 0.16666667 3.0 3.0 3.0 3.0 0.0 0.18800001 2 TOUCH_MOVE Back
1400934771660 6 4098 703.0 1082.5171 0.16666667 3.0 3.0 3.0 3.0 0.0 0.18800001 1 TOUCH_UP Back
1400934771744 6 4098 702.5 1082.4509 0.16666667 3.0 3.0 3.0 3.0 0.0 0.2 0 TOUCH_DOWN Back
1400934771765 6 4098 702.5 1082.4509 0.20000002 4.0 4.0 4.0 4.0 0.0 0.208 2 TOUCH_MOVE Back
1400934771849 6 4098 703.18604 1082.4509 0.16666667 3.0 3.0 3.0 3.0 0.0 0.19600001 2 TOUCH_MOVE Back
1400934771865 6 4098 703.75 1082.4509 0.16666667 3.0 3.0 3.0 3.0 0.0 0.18800001 2 TOUCH_MOVE Back
1400934771980 6 4098 703.75 1082.4509 0.16666667 3.0 3.0 3.0 3.0 0.0 0.18800001 1 TOUCH_UP Back
1400934772210 6 4098 324.0 1189.9509 0.20000002 4.0 4.0 4.0 4.0 0.0 0.19600001 0 TOUCH_DOWN Space
1400934772248 6 4098 324.0 1189.0737 0.23333335 4.0 4.0 4.0 4.0 0.0 0.216 2 TOUCH_MOVE Space
1400934772265 6 4098 323.5 1187.603 0.26666668 4.0 4.0 4.0 4.0 0.0 0.22000001 2 TOUCH_MOVE Space
1400934772281 6 4098 323.5 1186.6719 0.23333335 4.0 4.0 4.0 4.0 0.0 0.216 2 TOUCH_MOVE Space
1400934772298 6 4098 324.05692 1185.394 0.23333335 4.0 4.0 4.0 4.0 0.0 0.2 2 TOUCH_MOVE Space
1400934772315 6 4098 328.99667 1181.2037 0.3 5.0 5.0 5.0 5.0 0.0 0.17600001 2 TOUCH_MOVE Space
1400934772320 6 4098 328.99667 1181.2037 0.3 5.0 5.0 5.0 5.0 0.0 0.17600001 1 TOUCH_UP Space
1400934772804 6 4098 555.5 1088.9509 0.26666668 5.0 5.0 5.0 5.0 0.0 0.20400001 0 TOUCH_DOWN m
1400934772849 6 4098 555.5 1089.6267 0.26666668 5.0 5.0 5.0 5.0 0.0 0.216 2 TOUCH_MOVE m
1400934772882 6 4098 556.0073 1089.9583 0.26666668 5.0 5.0 5.0 5.0 0.0 0.19600001 2 TOUCH_MOVE m
1400934772899 6 4098 556.0073 1089.9583 0.26666668 5.0 5.0 5.0 5.0 0.0 0.19600001 1 TOUCH_UP m
1400934773206 6 4098 47.5 1008.951 0.20000002 3.0 3.0 3.0 3.0 0.0 0.172 0 TOUCH_DOWN a
1400934773282 6 4098 46.75 1008.951 0.20000002 3.0 3.0 3.0 3.0 0.0 0.16800001 2 TOUCH_MOVE a
1400934773301 6 4098 46.75 1008.951 0.20000002 3.0 3.0 3.0 3.0 0.0 0.16800001 1 TOUCH_UP a
1400934773414 6 4098 550.5 966.951 0.20000002 4.0 4.0 4.0 4.0 0.0 0.20400001 0 TOUCH_DOWN k
1400934773474 6 4098 551.0 966.951 0.23333335 5.0 5.0 5.0 5.0 0.0 0.18400002 2 TOUCH_MOVE k
1400934773478 6 4098 551.0 966.951 0.23333335 5.0 5.0 5.0 5.0 0.0 0.18400002 1 TOUCH_UP k
1400934773661 6 4098 187.5 797.951 0.23333335 4.0 4.0 4.0 4.0 0.0 0.23200001 0 TOUCH_DOWN e
1400934773666 6 4098 186.0 797.951 0.20000002 4.0 4.0 4.0 4.0 0.0 0.18400002 2 TOUCH_MOVE e
1400934773677 6 4098 186.0 797.951 0.20000002 4.0 4.0 4.0 4.0 0.0 0.18400002 1 TOUCH_UP e
1400934774818 6 4098 327.0 1210.4509 0.26666668 5.0 5.0 5.0 5.0 0.0 0.19600001 0 TOUCH_DOWN Space
1400934774867 6 4098 327.0 1209.8323 0.26666668 5.0 5.0 5.0 5.0 0.0 0.208 2 TOUCH_MOVE Space
1400934774884 6 4098 327.5 1208.8652 0.26666668 5.0 5.0 5.0 5.0 0.0 0.208 2 TOUCH_MOVE Space
1400934774900 6 4098 327.5 1207.8971 0.26666668 5.0 5.0 5.0 5.0 0.0 0.20400001 2 TOUCH_MOVE Space
1400934774917 6 4098 327.5 1207.2009 0.26666668 5.0 5.0 5.0 5.0 0.0 0.2 2 TOUCH_MOVE Space
1400934774936 6 4098 327.5 1206.4667 0.26666668 5.0 5.0 5.0 5.0 0.0 0.18800001 2 TOUCH_MOVE Space
1400934774952 6 4098 327.5 1205.9509 0.23333335 5.0 5.0 5.0 5.0 0.0 0.14400001 2 TOUCH_MOVE Space
1400934774959 6 4098 327.5 1205.9509 0.23333335 5.0 5.0 5.0 5.0 0.0 0.14400001 1 TOUCH_UP Space
1400934775078 6 4098 50.5 989.451 0.23333335 4.0 4.0 4.0 4.0 0.0 0.18 0 TOUCH_DOWN a
1400934775117 6 4098 51.11349 990.56445 0.23333335 4.0 4.0 4.0 4.0 0.0 0.18800001 2 TOUCH_MOVE a
1400934775180 6 4098 51.11349 990.56445 0.23333335 4.0 4.0 4.0 4.0 0.0 0.18800001 1 TOUCH_UP a
1400934775379 6 4098 361.0 1194.4509 0.13333334 2.0 2.0 2.0 2.0 0.0 0.136 0 TOUCH_DOWN Space
1400934775385 6 4098 361.0 1194.4509 0.13333334 2.0 2.0 2.0 2.0 0.0 0.136 1 TOUCH_UP Space
1400934775739 6 4098 425.5 1108.9509 0.3 5.0 5.0 5.0 5.0 0.0 0.208 0 TOUCH_DOWN b
1400934775752 6 4098 425.5 1108.9509 0.26666668 5.0 5.0 5.0 5.0 0.0 0.20400001 2 TOUCH_MOVE b
1400934775836 6 4098 425.5 1108.9509 0.26666668 5.0 5.0 5.0 5.0 0.0 0.20400001 1 TOUCH_UP b
1400934776337 6 4098 248.0 827.951 0.26666668 5.0 5.0 5.0 5.0 0.0 0.216 0 TOUCH_DOWN r
1400934776360 6 4098 248.0 827.951 0.3 5.0 5.0 5.0 5.0 0.0 0.22000001 2 TOUCH_MOVE r
1400934776403 6 4098 247.47299 827.951 0.3 5.0 5.0 5.0 5.0 0.0 0.24400002 2 TOUCH_MOVE r
1400934776419 6 4098 246.75 827.951 0.3 5.0 5.0 5.0 5.0 0.0 0.23600002 2 TOUCH_MOVE r
1400934776438 6 4098 246.04033 827.951 0.3 5.0 5.0 5.0 5.0 0.0 0.22800002 2 TOUCH_MOVE r
1400934776451 6 4098 246.0 827.951 0.23333335 5.0 5.0 5.0 5.0 0.0 0.18 2 TOUCH_MOVE r
1400934776455 6 4098 246.0 827.951 0.23333335 5.0 5.0 5.0 5.0 0.0 0.18 1 TOUCH_UP r
1400934776570 6 4098 546.5 828.451 0.3 5.0 5.0 5.0 5.0 0.0 0.216 0 TOUCH_DOWN i
1400934776589 6 4098 546.5 828.451 0.3 5.0 5.0 5.0 5.0 0.0 0.22000001 2 TOUCH_MOVE i
1400934776619 6 4098 545.9819 828.451 0.3 5.0 5.0 5.0 5.0 0.0 0.224 2 TOUCH_MOVE i
1400934776652 6 4098 546.0 829.43494 0.3 5.0 5.0 5.0 5.0 0.0 0.20400001 2 TOUCH_MOVE i
1400934776667 6 4098 546.0 829.451 0.20000002 3.0 3.0 3.0 3.0 0.0 0.124000005 2 TOUCH_MOVE i
1400934776671 6 4098 546.0 829.451 0.20000002 3.0 3.0 3.0 3.0 0.0 0.124000005 1 TOUCH_UP i
1400934776867 6 4098 374.5 965.451 0.23333335 4.0 4.0 4.0 4.0 0.0 0.21200001 0 TOUCH_DOWN g
1400934776873 6 4098 374.5 965.451 0.23333335 4.0 4.0 4.0 4.0 0.0 0.208 2 TOUCH_MOVE g
1400934776919 6 4098 374.5 965.451 0.16666667 3.0 3.0 3.0 3.0 0.0 0.18 2 TOUCH_MOVE g
1400934776927 6 4098 374.5 965.451 0.16666667 3.0 3.0 3.0 3.0 0.0 0.104 2 TOUCH_MOVE g
1400934777068 6 4098 374.5 965.451 0.16666667 3.0 3.0 3.0 3.0 0.0 0.104 1 TOUCH_UP g
1400934777078 6 4098 461.0 958.451 0.26666668 4.0 4.0 4.0 4.0 0.0 0.224 0 TOUCH_DOWN h
1400934777081 6 4098 460.15976 958.451 0.26666668 4.0 4.0 4.0 4.0 0.0 0.224 2 TOUCH_MOVE h
1400934777117 6 4098 454.5 957.951 0.23333335 4.0 4.0 4.0 4.0 0.0 0.18 2 TOUCH_MOVE h
1400934777121 6 4098 454.5 957.951 0.23333335 4.0 4.0 4.0 4.0 0.0 0.18 1 TOUCH_UP h
1400934777306 6 4098 311.0 852.951 0.23333335 4.0 4.0 4.0 4.0 0.0 0.22000001 0 TOUCH_DOWN t
1400934777319 6 4098 311.0 852.951 0.23333335 4.0 4.0 4.0 4.0 0.0 0.22800002 2 TOUCH_MOVE t
1400934777360 6 4098 311.0 852.951 0.3 5.0 5.0 5.0 5.0 0.0 0.252 2 TOUCH_MOVE t
1400934777418 6 4098 311.0 852.951 0.23333335 4.0 4.0 4.0 4.0 0.0 0.19600001 2 TOUCH_MOVE t
1400934777422 6 4098 311.0 852.951 0.23333335 4.0 4.0 4.0 4.0 0.0 0.19600001 1 TOUCH_UP t
1400934777599 6 4098 169.0 850.951 0.20000002 4.0 4.0 4.0 4.0 0.0 0.20400001 0 TOUCH_DOWN e
1400934777603 6 4098 169.0 850.951 0.20000002 4.0 4.0 4.0 4.0 0.0 0.208 2 TOUCH_MOVE e
1400934777636 6 4098 169.0 850.951 0.26666668 5.0 5.0 5.0 5.0 0.0 0.23600002 2 TOUCH_MOVE e
1400934777671 6 4098 169.64627 850.951 0.26666668 5.0 5.0 5.0 5.0 0.0 0.23600002 2 TOUCH_MOVE e
1400934777716 6 4098 169.64627 850.951 0.26666668 5.0 5.0 5.0 5.0 0.0 0.23600002 1 TOUCH_UP e
1400934777851 6 4098 260.0 822.451 0.3 5.0 5.0 5.0 5.0 0.0 0.23200001 0 TOUCH_DOWN r
1400934777923 6 4098 260.0 822.451 0.3 5.0 5.0 5.0 5.0 0.0 0.24000001 2 TOUCH_MOVE r
1400934777940 6 4098 260.0 822.451 0.26666668 4.0 4.0 4.0 4.0 0.0 0.216 2 TOUCH_MOVE r
1400934777944 6 4098 260.0 822.451 0.23333335 4.0 4.0 4.0 4.0 0.0 0.18 2 TOUCH_MOVE r
1400934777948 6 4098 260.0 822.451 0.23333335 4.0 4.0 4.0 4.0 0.0 0.18 1 TOUCH_UP r
1400934778496 6 4098 199.0 978.951 0.23333335 4.0 4.0 4.0 4.0 0.0 0.18400002 0 TOUCH_DOWN d
1400934778505 6 4098 199.29045 979.74146 0.26666668 4.0 4.0 4.0 4.0 0.0 0.22000001 2 TOUCH_MOVE d
1400934778530 6 4098 201.02174 981.4727 0.26666668 4.0 4.0 4.0 4.0 0.0 0.24000001 2 TOUCH_MOVE d
1400934778537 6 4098 202.94388 983.3949 0.3 5.0 5.0 5.0 5.0 0.0 0.24800001 2 TOUCH_MOVE d
1400934778554 6 4098 204.5 984.64294 0.3 5.0 5.0 5.0 5.0 0.0 0.252 2 TOUCH_MOVE d
1400934778571 6 4098 204.5 985.201 0.3 5.0 5.0 5.0 5.0 0.0 0.256 2 TOUCH_MOVE d
1400934778605 6 4098 204.5 984.951 0.26666668 4.0 4.0 4.0 4.0 0.0 0.216 2 TOUCH_MOVE d
1400934778609 6 4098 204.5 984.951 0.23333335 4.0 4.0 4.0 4.0 0.0 0.192 2 TOUCH_MOVE d
1400934778776 6 4098 204.5 984.951 0.23333335 4.0 4.0 4.0 4.0 0.0 0.192 1 TOUCH_UP d
1400934778799 6 4098 62.5 1003.951 0.23333335 4.0 4.0 4.0 4.0 0.0 0.18400002 0 TOUCH_DOWN a
1400934778804 6 4098 62.5 1003.951 0.23333335 4.0 4.0 4.0 4.0 0.0 0.19600001 2 TOUCH_MOVE a
1400934778861 6 4098 60.25 1003.951 0.23333335 4.0 4.0 4.0 4.0 0.0 0.2 2 TOUCH_MOVE a
1400934778888 6 4098 58.906948 1004.4975 0.20000002 3.0 3.0 3.0 3.0 0.0 0.164 2 TOUCH_MOVE a
1400934778896 6 4098 58.906948 1004.4975 0.20000002 3.0 3.0 3.0 3.0 0.0 0.164 1 TOUCH_UP a
1400934778955 6 4098 392.5 859.951 0.20000002 4.0 4.0 4.0 4.0 0.0 0.20400001 0 TOUCH_DOWN y
1400934778988 6 4098 391.69492 858.53577 0.23333335 5.0 5.0 5.0 5.0 0.0 0.216 2 TOUCH_MOVE y
1400934779004 6 4098 391.5 855.89325 0.26666668 5.0 5.0 5.0 5.0 0.0 0.216 2 TOUCH_MOVE y
1400934779022 6 4098 391.5 854.6926 0.20000002 4.0 4.0 4.0 4.0 0.0 0.19600001 2 TOUCH_MOVE y
1400934779032 6 4098 391.5 854.451 0.20000002 4.0 4.0 4.0 4.0 0.0 0.18 2 TOUCH_MOVE y
1400934779035 6 4098 391.5 854.451 0.20000002 4.0 4.0 4.0 4.0 0.0 0.18 1 TOUCH_UP y
1400934779610 6 4098 708.5 1097.9509 0.23333335 4.0 4.0 4.0 4.0 0.0 0.19600001 0 TOUCH_DOWN Back
1400934779622 6 4098 708.5 1097.9509 0.23333335 4.0 4.0 4.0 4.0 0.0 0.20400001 2 TOUCH_MOVE Back
1400934779671 6 4098 709.44904 1098.9509 0.23333335 4.0 4.0 4.0 4.0 0.0 0.21200001 2 TOUCH_MOVE Back
1400934779688 6 4098 710.4096 1098.9509 0.23333335 4.0 4.0 4.0 4.0 0.0 0.20400001 2 TOUCH_MOVE Back
1400934779706 6 4098 710.5 1098.9509 0.20000002 3.0 3.0 3.0 3.0 0.0 0.18800001 2 TOUCH_MOVE Back
1400934779710 6 4098 710.5 1098.9509 0.20000002 3.0 3.0 3.0 3.0 0.0 0.18800001 1 TOUCH_UP Back
1400934779791 6 4098 708.5 1098.4509 0.23333335 4.0 4.0 4.0 4.0 0.0 0.208 0 TOUCH_DOWN Back
1400934779813 6 4098 708.5 1098.7906 0.23333335 4.0 4.0 4.0 4.0 0.0 0.21200001 2 TOUCH_MOVE Back
1400934779822 6 4098 709.14746 1099.5984 0.23333335 4.0 4.0 4.0 4.0 0.0 0.216 2 TOUCH_MOVE Back
1400934779838 6 4098 709.0 1100.5643 0.23333335 4.0 4.0 4.0 4.0 0.0 0.216 2 TOUCH_MOVE Back
1400934779855 6 4098 709.57806 1101.5289 0.23333335 4.0 4.0 4.0 4.0 0.0 0.21200001 2 TOUCH_MOVE Back
1400934779872 6 4098 710.52057 1102.4714 0.23333335 4.0 4.0 4.0 4.0 0.0 0.2 2 TOUCH_MOVE Back
1400934779887 6 4098 711.0 1102.9509 0.26666668 5.0 5.0 5.0 5.0 0.0 0.192 2 TOUCH_MOVE Back
1400934779890 6 4098 711.0 1102.9509 0.26666668 5.0 5.0 5.0 5.0 0.0 0.192 1 TOUCH_UP Back
1400934779985 6 4098 710.5 1094.9509 0.20000002 3.0 3.0 3.0 3.0 0.0 0.20400001 0 TOUCH_DOWN Back
1400934780056 6 4098 710.5 1094.9509 0.20000002 3.0 3.0 3.0 3.0 0.0 0.216 2 TOUCH_MOVE Back
1400934780089 6 4098 710.5 1094.9509 0.20000002 3.0 3.0 3.0 3.0 0.0 0.216 1 TOUCH_UP Back
1400934780162 6 4098 705.0 1091.4509 0.20000002 3.0 3.0 3.0 3.0 0.0 0.156 0 TOUCH_DOWN Back
1400934780172 6 4098 705.0 1091.4509 0.13333334 2.0 2.0 2.0 2.0 0.0 0.148 2 TOUCH_MOVE Back
1400934780186 6 4098 705.0 1091.4509 0.13333334 2.0 2.0 2.0 2.0 0.0 0.148 1 TOUCH_UP Back
1400934781424 6 4098 254.5 828.451 0.3 5.0 5.0 5.0 5.0 0.0 0.208 0 TOUCH_DOWN r
1400934781536 6 4098 254.5 828.451 0.23333335 5.0 5.0 5.0 5.0 0.0 0.18 2 TOUCH_MOVE r
1400934781541 6 4098 254.5 828.451 0.23333335 5.0 5.0 5.0 5.0 0.0 0.18 1 TOUCH_UP r
1400934781628 6 4098 376.5 1190.9509 0.20000002 4.0 4.0 4.0 4.0 0.0 0.2 0 TOUCH_DOWN Space
1400934781723 6 4098 377.25 1189.7009 0.26666668 5.0 5.0 5.0 5.0 0.0 0.172 2 TOUCH_MOVE Space
1400934781728 6 4098 377.25 1189.7009 0.26666668 5.0 5.0 5.0 5.0 0.0 0.172 1 TOUCH_UP Space
1400934782072 6 4098 214.0 980.451 0.26666668 5.0 5.0 5.0 5.0 0.0 0.216 0 TOUCH_DOWN d
1400934782105 6 4098 214.0 980.451 0.26666668 4.0 4.0 4.0 4.0 0.0 0.21200001 2 TOUCH_MOVE d
1400934782141 6 4098 214.0 980.451 0.26666668 5.0 5.0 5.0 5.0 0.0 0.14400001 2 TOUCH_MOVE d
1400934782146 6 4098 214.0 980.451 0.26666668 5.0 5.0 5.0 5.0 0.0 0.14400001 1 TOUCH_UP d
1400934782250 6 4098 46.0 984.451 0.20000002 3.0 3.0 3.0 3.0 0.0 0.164 0 TOUCH_DOWN a
1400934782257 6 4098 46.0 984.451 0.20000002 3.0 3.0 3.0 3.0 0.0 0.17600001 2 TOUCH_MOVE a
1400934782308 6 4098 46.0 984.451 0.20000002 3.0 3.0 3.0 3.0 0.0 0.148 2 TOUCH_MOVE a
1400934782320 6 4098 46.0 984.451 0.20000002 3.0 3.0 3.0 3.0 0.0 0.124000005 2 TOUCH_MOVE a
1400934782326 6 4098 46.0 984.451 0.20000002 3.0 3.0 3.0 3.0 0.0 0.124000005 1 TOUCH_UP a
1400934782387 6 4098 366.0 872.951 0.23333335 4.0 4.0 4.0 4.0 0.0 0.21200001 0 TOUCH_DOWN y
1400934782450 6 4098 366.0 872.451 0.20000002 3.0 3.0 3.0 3.0 0.0 0.19600001 2 TOUCH_MOVE y
1400934782454 6 4098 366.0 872.451 0.20000002 3.0 3.0 3.0 3.0 0.0 0.19600001 1 TOUCH_UP y
1400934784177 6 4098 699.5 1102.9509 0.20000002 4.0 4.0 4.0 4.0 0.0 0.2 0 TOUCH_DOWN Back
1400934784209 6 4098 698.38727 1102.9509 0.23333335 4.0 4.0 4.0 4.0 0.0 0.21200001 2 TOUCH_MOVE Back
1400934784226 6 4098 696.737 1102.9509 0.23333335 4.0 4.0 4.0 4.0 0.0 0.21200001 2 TOUCH_MOVE Back
1400934784242 6 4098 696.25 1102.9509 0.23333335 4.0 4.0 4.0 4.0 0.0 0.208 2 TOUCH_MOVE Back
1400934784286 6 4098 696.25 1102.9509 0.23333335 4.0 4.0 4.0 4.0 0.0 0.208 1 TOUCH_UP Back
1400934784707 6 4098 122.5 937.951 0.3 5.0 5.0 5.0 5.0 0.0 0.21200001 0 TOUCH_DOWN s
1400934784810 6 4098 122.5 937.951 0.3 5.0 5.0 5.0 5.0 0.0 0.192 2 TOUCH_MOVE s
1400934784826 6 4098 122.5 937.951 0.3 5.0 5.0 5.0 5.0 0.0 0.192 1 TOUCH_UP s
1400934784986 6 4098 594.0 848.951 0.23333335 4.0 4.0 4.0 4.0 0.0 0.208 0 TOUCH_DOWN o
1400934785060 6 4098 594.0 848.951 0.20000002 4.0 4.0 4.0 4.0 0.0 0.17600001 2 TOUCH_MOVE o
1400934785069 6 4098 594.0 848.951 0.20000002 4.0 4.0 4.0 4.0 0.0 0.17600001 1 TOUCH_UP o
1400934786222 6 4098 704.5 1099.4509 0.23333335 4.0 4.0 4.0 4.0 0.0 0.20400001 0 TOUCH_DOWN Back
1400934786244 6 4098 705.0472 1099.4509 0.23333335 4.0 4.0 4.0 4.0 0.0 0.216 2 TOUCH_MOVE Back
1400934786278 6 4098 705.6542 1099.4509 0.23333335 4.0 4.0 4.0 4.0 0.0 0.22000001 2 TOUCH_MOVE Back
1400934786296 6 4098 706.04614 1099.4509 0.23333335 4.0 4.0 4.0 4.0 0.0 0.21200001 2 TOUCH_MOVE Back
1400934786314 6 4098 707.0 1099.4509 0.23333335 4.0 4.0 4.0 4.0 0.0 0.192 2 TOUCH_MOVE Back
1400934786325 6 4098 707.0 1099.4509 0.20000002 3.0 3.0 3.0 3.0 0.0 0.112 2 TOUCH_MOVE Back
1400934786330 6 4098 707.0 1099.4509 0.20000002 3.0 3.0 3.0 3.0 0.0 0.112 1 TOUCH_UP Back
1400934786837 6 4098 707.0 1097.4509 0.20000002 3.0 3.0 3.0 3.0 0.0 0.20400001 0 TOUCH_DOWN Back
1400934786856 6 4098 707.0 1097.4509 0.23333335 4.0 4.0 4.0 4.0 0.0 0.208 2 TOUCH_MOVE Back
1400934786876 6 4098 707.0 1097.4509 0.20000002 3.0 3.0 3.0 3.0 0.0 0.18 2 TOUCH_MOVE Back
1400934786881 6 4098 707.0 1097.4509 0.20000002 3.0 3.0 3.0 3.0 0.0 0.18 1 TOUCH_UP Back
1400934787461 6 4098 386.5 838.951 0.3 5.0 5.0 5.0 5.0 0.0 0.208 0 TOUCH_DOWN y
1400934787496 6 4098 387.05237 838.951 0.3 5.0 5.0 5.0 5.0 0.0 0.20400001 2 TOUCH_MOVE y
1400934787513 6 4098 391.91043 837.79926 0.26666668 4.0 4.0 4.0 4.0 0.0 0.192 2 TOUCH_MOVE y
1400934787525 6 4098 394.5 837.451 0.23333335 4.0 4.0 4.0 4.0 0.0 0.18 2 TOUCH_MOVE y
1400934787529 6 4098 394.5 837.451 0.23333335 4.0 4.0 4.0 4.0 0.0 0.18 1 TOUCH_UP y
1400934788194 6 4098 688.5 1211.9509 0.20000002 3.0 3.0 3.0 3.0 0.0 0.18400002 0 TOUCH_DOWN Enter
1400934788213 6 4098 688.5 1211.9509 0.20000002 3.0 3.0 3.0 3.0 0.0 0.192 2 TOUCH_MOVE Enter
1400934788300 6 4098 688.5 1211.9509 0.20000002 3.0 3.0 3.0 3.0 0.0 0.192 1 TOUCH_UP Enter
1400934788699 6 4098 145.0 951.951 0.26666668 4.0 4.0 4.0 4.0 0.0 0.208 0 TOUCH_DOWN S
1400934788713 6 4098 145.0 951.951 0.26666668 4.0 4.0 4.0 4.0 0.0 0.216 2 TOUCH_MOVE S
1400934788798 6 4098 145.0 951.951 0.16666667 3.0 3.0 3.0 3.0 0.0 0.112 2 TOUCH_MOVE S
1400934788805 6 4098 145.0 951.951 0.16666667 3.0 3.0 3.0 3.0 0.0 0.112 1 TOUCH_UP S
1400934788911 6 4098 608.0 850.951 0.23333335 5.0 5.0 5.0 5.0 0.0 0.2 0 TOUCH_DOWN o
1400934788936 6 4098 608.0 850.951 0.20000002 4.0 4.0 4.0 4.0 0.0 0.2 2 TOUCH_MOVE o
1400934788980 6 4098 608.0 850.951 0.23333335 5.0 5.0 5.0 5.0 0.0 0.15200001 2 TOUCH_MOVE o
1400934788985 6 4098 608.0 850.951 0.23333335 5.0 5.0 5.0 5.0 0.0 0.15200001 1 TOUCH_UP o
1400934789265 6 4098 420.0 1179.4509 0.23333335 4.0 4.0 4.0 4.0 0.0 0.21200001 0 TOUCH_DOWN ,
1400934789314 6 4098 420.0 1178.8502 0.23333335 4.0 4.0 4.0 4.0 0.0 0.216 2 TOUCH_MOVE ,
1400934789347 6 4098 420.0 1177.9932 0.23333335 4.0 4.0 4.0 4.0 0.0 0.208 2 TOUCH_MOVE ,
1400934789363 6 4098 420.0 1176.9509 0.26666668 5.0 5.0 5.0 5.0 0.0 0.18400002 2 TOUCH_MOVE ,
1400934789367 6 4098 420.0 1176.9509 0.26666668 5.0 5.0 5.0 5.0 0.0 0.18400002 1 TOUCH_UP ,
1400934789631 6 4098 653.0 979.951 0.23333335 4.0 4.0 4.0 4.0 0.0 0.2 0 TOUCH_DOWN l
1400934789648 6 4098 653.0 979.951 0.23333335 4.0 4.0 4.0 4.0 0.0 0.20400001 2 TOUCH_MOVE l
1400934789731 6 4098 653.0 979.951 0.20000002 4.0 4.0 4.0 4.0 0.0 0.18 2 TOUCH_MOVE l
1400934789737 6 4098 653.0 979.951 0.20000002 4.0 4.0 4.0 4.0 0.0 0.18 1 TOUCH_UP l
1400934789851 6 4098 183.5 837.951 0.23333335 4.0 4.0 4.0 4.0 0.0 0.21200001 0 TOUCH_DOWN e
1400934789865 6 4098 183.5 837.951 0.26666668 4.0 4.0 4.0 4.0 0.0 0.216 2 TOUCH_MOVE e
1400934789948 6 4098 182.75587 837.951 0.26666668 4.0 4.0 4.0 4.0 0.0 0.216 2 TOUCH_MOVE e
1400934789965 6 4098 182.5 837.951 0.16666667 3.0 3.0 3.0 3.0 0.0 0.116000004 2 TOUCH_MOVE e
1400934790030 6 4098 182.5 837.951 0.16666667 3.0 3.0 3.0 3.0 0.0 0.116000004 1 TOUCH_UP e
1400934790595 6 4098 708.5 1097.4509 0.23333335 4.0 4.0 4.0 4.0 0.0 0.20400001 0 TOUCH_DOWN Back
1400934790616 6 4098 708.5 1097.904 0.23333335 4.0 4.0 4.0 4.0 0.0 0.208 2 TOUCH_MOVE Back
1400934790632 6 4098 708.8487 1098.7997 0.23333335 4.0 4.0 4.0 4.0 0.0 0.208 2 TOUCH_MOVE Back
1400934790650 6 4098 709.0 1099.775 0.23333335 4.0 4.0 4.0 4.0 0.0 0.21200001 2 TOUCH_MOVE Back
1400934790671 6 4098 709.5 1100.2559 0.23333335 4.0 4.0 4.0 4.0 0.0 0.21200001 2 TOUCH_MOVE Back
1400934790683 6 4098 710.25 1101.2009 0.23333335 4.0 4.0 4.0 4.0 0.0 0.208 2 TOUCH_MOVE Back
1400934790707 6 4098 710.25 1101.2009 0.23333335 4.0 4.0 4.0 4.0 0.0 0.208 1 TOUCH_UP Back
1400934791286 6 4098 692.5 1114.9509 0.23333335 5.0 5.0 5.0 5.0 0.0 0.208 0 TOUCH_DOWN Back
1400934791400 6 4098 692.5 1114.9509 0.23333335 5.0 5.0 5.0 5.0 0.0 0.208 1 TOUCH_UP Back
1400934791659 6 4098 698.0 1102.9509 0.20000002 4.0 4.0 4.0 4.0 0.0 0.20400001 0 TOUCH_DOWN Back
1400934791660 6 4098 698.5 1102.9509 0.23333335 4.0 4.0 4.0 4.0 0.0 0.192 2 TOUCH_MOVE Back
1400934791664 6 4098 698.5 1102.9509 0.23333335 4.0 4.0 4.0 4.0 0.0 0.192 1 TOUCH_UP Back
1400934792044 6 4098 330.5 1190.9509 0.23333335 5.0 5.0 5.0 5.0 0.0 0.192 0 TOUCH_DOWN Space
1400934792103 6 4098 329.61215 1190.9509 0.26666668 5.0 5.0 5.0 5.0 0.0 0.21200001 2 TOUCH_MOVE Space
1400934792116 6 4098 329.25 1190.9509 0.26666668 5.0 5.0 5.0 5.0 0.0 0.21200001 2 TOUCH_MOVE Space
1400934792166 6 4098 329.5 1190.9509 0.20000002 4.0 4.0 4.0 4.0 0.0 0.18800001 2 TOUCH_MOVE Space
1400934792177 6 4098 329.5 1190.9509 0.16666667 3.0 3.0 3.0 3.0 0.0 0.116000004 2 TOUCH_MOVE Space
1400934792181 6 4098 329.5 1190.9509 0.16666667 3.0 3.0 3.0 3.0 0.0 0.116000004 1 TOUCH_UP Space
1400934792471 6 4098 651.5 966.951 0.20000002 4.0 4.0 4.0 4.0 0.0 0.19600001 0 TOUCH_DOWN l
1400934792483 6 4098 651.5 966.951 0.20000002 4.0 4.0 4.0 4.0 0.0 0.20400001 2 TOUCH_MOVE l
1400934792503 6 4098 650.905 966.951 0.23333335 4.0 4.0 4.0 4.0 0.0 0.216 2 TOUCH_MOVE l
1400934792517 6 4098 649.93427 966.951 0.23333335 4.0 4.0 4.0 4.0 0.0 0.224 2 TOUCH_MOVE l
1400934792589 6 4098 649.93427 966.951 0.23333335 4.0 4.0 4.0 4.0 0.0 0.224 1 TOUCH_UP l
1400934792765 6 4098 188.0 807.951 0.16666667 3.0 3.0 3.0 3.0 0.0 0.192 0 TOUCH_DOWN e
1400934792770 6 4098 188.0 807.951 0.20000002 3.0 3.0 3.0 3.0 0.0 0.2 2 TOUCH_MOVE e
1400934792804 6 4098 187.08209 807.951 0.20000002 3.0 3.0 3.0 3.0 0.0 0.208 2 TOUCH_MOVE e
1400934792819 6 4098 186.80583 807.951 0.20000002 3.0 3.0 3.0 3.0 0.0 0.216 2 TOUCH_MOVE e
1400934792834 6 4098 186.07062 807.951 0.23333335 4.0 4.0 4.0 4.0 0.0 0.216 2 TOUCH_MOVE e
1400934792853 6 4098 184.70789 807.951 0.20000002 3.0 3.0 3.0 3.0 0.0 0.20400001 2 TOUCH_MOVE e
1400934792859 6 4098 184.5 807.951 0.16666667 3.0 3.0 3.0 3.0 0.0 0.18400002 2 TOUCH_MOVE e
1400934792866 6 4098 184.5 807.951 0.16666667 3.0 3.0 3.0 3.0 0.0 0.18400002 1 TOUCH_UP e
1400934792997 6 4098 339.5 847.451 0.26666668 4.0 4.0 4.0 4.0 0.0 0.216 0 TOUCH_DOWN t
1400934793002 6 4098 339.5 847.451 0.26666668 4.0 4.0 4.0 4.0 0.0 0.21200001 2 TOUCH_MOVE t
1400934793020 6 4098 338.94733 846.8983 0.3 5.0 5.0 5.0 5.0 0.0 0.208 2 TOUCH_MOVE t
1400934793034 6 4098 337.4466 845.3976 0.3 5.0 5.0 5.0 5.0 0.0 0.20400001 2 TOUCH_MOVE t
1400934793051 6 4098 336.00674 844.951 0.26666668 5.0 5.0 5.0 5.0 0.0 0.19600001 2 TOUCH_MOVE t
1400934793066 6 4098 335.0 845.451 0.26666668 5.0 5.0 5.0 5.0 0.0 0.17600001 2 TOUCH_MOVE t
1400934793070 6 4098 335.0 845.451 0.26666668 5.0 5.0 5.0 5.0 0.0 0.17600001 1 TOUCH_UP t
1400934793706 6 4098 582.5 1210.9509 0.16666667 3.0 3.0 3.0 3.0 0.0 0.18800001 0 TOUCH_DOWN '
1400934793748 6 4098 582.5 1211.6345 0.16666667 3.0 3.0 3.0 3.0 0.0 0.192 2 TOUCH_MOVE '
1400934793768 6 4098 582.5 1212.0668 0.16666667 3.0 3.0 3.0 3.0 0.0 0.19600001 2 TOUCH_MOVE '
1400934793785 6 4098 583.5198 1211.9509 0.16666667 3.0 3.0 3.0 3.0 0.0 0.18 2 TOUCH_MOVE '
1400934793803 6 4098 583.5198 1211.9509 0.16666667 3.0 3.0 3.0 3.0 0.0 0.18 1 TOUCH_UP '
1400934793982 6 4098 140.0 939.951 0.3 5.0 5.0 5.0 5.0 0.0 0.23200001 0 TOUCH_DOWN s
1400934794035 6 4098 139.49913 939.951 0.3 5.0 5.0 5.0 5.0 0.0 0.22800002 2 TOUCH_MOVE s
1400934794057 6 4098 138.52611 939.951 0.3 5.0 5.0 5.0 5.0 0.0 0.22000001 2 TOUCH_MOVE s
1400934794068 6 4098 138.0 939.451 0.20000002 4.0 4.0 4.0 4.0 0.0 0.18800001 2 TOUCH_MOVE s
1400934794075 6 4098 138.0 939.451 0.20000002 4.0 4.0 4.0 4.0 0.0 0.18800001 1 TOUCH_UP s
1400934794215 6 4098 381.0 1201.9509 0.20000002 4.0 4.0 4.0 4.0 0.0 0.192 0 TOUCH_DOWN Space
1400934794219 6 4098 381.0 1201.9509 0.20000002 4.0 4.0 4.0 4.0 0.0 0.18800001 2 TOUCH_MOVE Space
1400934794268 6 4098 381.5063 1201.4447 0.23333335 5.0 5.0 5.0 5.0 0.0 0.18400002 2 TOUCH_MOVE Space
1400934794286 6 4098 384.02222 1198.9287 0.23333335 5.0 5.0 5.0 5.0 0.0 0.16800001 2 TOUCH_MOVE Space
1400934794294 6 4098 384.02222 1198.9287 0.23333335 5.0 5.0 5.0 5.0 0.0 0.16800001 1 TOUCH_UP Space
1400934794556 6 4098 143.5 930.951 0.26666668 4.0 4.0 4.0 4.0 0.0 0.224 0 TOUCH_DOWN s
1400934794570 6 4098 143.5 931.4099 0.26666668 4.0 4.0 4.0 4.0 0.0 0.22800002 2 TOUCH_MOVE s
1400934794592 6 4098 143.85521 932.3062 0.33333334 5.0 5.0 5.0 5.0 0.0 0.24400002 2 TOUCH_MOVE s
1400934794602 6 4098 144.0 933.201 0.33333334 5.0 5.0 5.0 5.0 0.0 0.24400002 2 TOUCH_MOVE s
1400934794671 6 4098 144.0 932.951 0.23333335 4.0 4.0 4.0 4.0 0.0 0.2 2 TOUCH_MOVE s
1400934794680 6 4098 144.0 932.951 0.20000002 4.0 4.0 4.0 4.0 0.0 0.17600001 2 TOUCH_MOVE s
1400934794684 6 4098 144.0 932.951 0.20000002 4.0 4.0 4.0 4.0 0.0 0.17600001 1 TOUCH_UP s
1400934794955 6 4098 318.0 847.951 0.23333335 4.0 4.0 4.0 4.0 0.0 0.20400001 0 TOUCH_DOWN t
1400934794956 6 4098 320.0 847.951 0.20000002 4.0 4.0 4.0 4.0 0.0 0.14400001 2 TOUCH_MOVE t
1400934794962 6 4098 320.0 847.951 0.20000002 4.0 4.0 4.0 4.0 0.0 0.14400001 1 TOUCH_UP t
1400934794972 6 4098 50.5 957.451 0.20000002 3.0 3.0 3.0 3.0 0.0 0.19600001 0 TOUCH_DOWN a
1400934795017 6 4098 50.5 957.451 0.20000002 3.0 3.0 3.0 3.0 0.0 0.164 2 TOUCH_MOVE a
1400934795021 6 4098 50.5 957.451 0.20000002 3.0 3.0 3.0 3.0 0.0 0.164 1 TOUCH_UP a
1400934795107 6 4098 255.5 858.451 0.16666667 3.0 3.0 3.0 3.0 0.0 0.18 0 TOUCH_DOWN r
1400934795119 6 4098 255.5 858.451 0.20000002 4.0 4.0 4.0 4.0 0.0 0.18800001 2 TOUCH_MOVE r
1400934795147 6 4098 256.0 858.451 0.20000002 4.0 4.0 4.0 4.0 0.0 0.17600001 2 TOUCH_MOVE r
1400934795151 6 4098 256.0 858.451 0.20000002 4.0 4.0 4.0 4.0 0.0 0.17600001 1 TOUCH_UP r
1400934795302 6 4098 312.5 846.951 0.20000002 3.0 3.0 3.0 3.0 0.0 0.208 0 TOUCH_DOWN t
1400934795357 6 4098 312.5 846.951 0.20000002 3.0 3.0 3.0 3.0 0.0 0.208 1 TOUCH_UP t
1400934795885 6 4098 345.0 1227.4509 0.23333335 4.0 4.0 4.0 4.0 0.0 0.192 0 TOUCH_DOWN Space
1400934795904 6 4098 345.0 1227.4509 0.23333335 4.0 4.0 4.0 4.0 0.0 0.19600001 2 TOUCH_MOVE Space
1400934795987 6 4098 345.0 1227.4509 0.23333335 4.0 4.0 4.0 4.0 0.0 0.19600001 1 TOUCH_UP Space
1400934797370 6 4098 378.0 986.951 0.26666668 4.0 4.0 4.0 4.0 0.0 0.208 0 TOUCH_DOWN g
1400934797455 6 4098 378.0 986.951 0.23333335 5.0 5.0 5.0 5.0 0.0 0.16000001 2 TOUCH_MOVE g
1400934797462 6 4098 378.0 986.951 0.23333335 5.0 5.0 5.0 5.0 0.0 0.16000001 1 TOUCH_UP g
1400934797649 6 4098 518.5 857.951 0.16666667 3.0 3.0 3.0 3.0 0.0 0.19600001 0 TOUCH_DOWN i
1400934797689 6 4098 518.5 857.4181 0.16666667 3.0 3.0 3.0 3.0 0.0 0.192 2 TOUCH_MOVE i
1400934797706 6 4098 520.24615 856.32794 0.13333334 2.0 2.0 2.0 2.0 0.0 0.18400002 2 TOUCH_MOVE i
1400934797722 6 4098 524.41516 855.368 0.13333334 2.0 2.0 2.0 2.0 0.0 0.16000001 2 TOUCH_MOVE i
1400934797730 6 4098 524.41516 855.368 0.13333334 2.0 2.0 2.0 2.0 0.0 0.16000001 1 TOUCH_UP i
1400934798248 6 4098 364.0 1103.4509 0.23333335 4.0 4.0 4.0 4.0 0.0 0.20400001 0 TOUCH_DOWN v
1400934798260 6 4098 364.0 1103.4509 0.23333335 4.0 4.0 4.0 4.0 0.0 0.2 2 TOUCH_MOVE v
1400934798305 6 4098 365.15784 1101.7931 0.23333335 4.0 4.0 4.0 4.0 0.0 0.19600001 2 TOUCH_MOVE v
1400934798322 6 4098 365.5 1101.4509 0.23333335 5.0 5.0 5.0 5.0 0.0 0.148 2 TOUCH_MOVE v
1400934798327 6 4098 365.5 1101.4509 0.23333335 5.0 5.0 5.0 5.0 0.0 0.148 1 TOUCH_UP v
1400934798569 6 4098 542.0 855.951 0.20000002 4.0 4.0 4.0 4.0 0.0 0.192 0 TOUCH_DOWN i
1400934798657 6 4098 542.0 857.15564 0.20000002 4.0 4.0 4.0 4.0 0.0 0.18400002 2 TOUCH_MOVE i
1400934798673 6 4098 542.0 857.451 0.16666667 3.0 3.0 3.0 3.0 0.0 0.1 2 TOUCH_MOVE i
1400934798680 6 4098 542.0 857.451 0.16666667 3.0 3.0 3.0 3.0 0.0 0.1 1 TOUCH_UP i
1400934798891 6 4098 473.0 1132.9509 0.13333334 2.0 2.0 2.0 2.0 0.0 0.18400002 0 TOUCH_DOWN n
1400934798907 6 4098 473.0 1132.603 0.13333334 2.0 2.0 2.0 2.0 0.0 0.18800001 2 TOUCH_MOVE n
1400934798934 6 4098 472.85034 1130.8523 0.16666667 3.0 3.0 3.0 3.0 0.0 0.19600001 2 TOUCH_MOVE n
1400934798939 6 4098 472.5 1124.9264 0.20000002 4.0 4.0 4.0 4.0 0.0 0.192 2 TOUCH_MOVE n
1400934798952 6 4098 471.5 1117.9509 0.20000002 4.0 4.0 4.0 4.0 0.0 0.18 2 TOUCH_MOVE n
1400934798957 6 4098 471.5 1117.9509 0.20000002 4.0 4.0 4.0 4.0 0.0 0.18 1 TOUCH_UP n
1400934799113 6 4098 385.5 966.451 0.23333335 5.0 5.0 5.0 5.0 0.0 0.2 0 TOUCH_DOWN g
1400934799129 6 4098 385.5 966.451 0.23333335 5.0 5.0 5.0 5.0 0.0 0.19600001 2 TOUCH_MOVE g
1400934799152 6 4098 384.5 966.951 0.20000002 4.0 4.0 4.0 4.0 0.0 0.17600001 2 TOUCH_MOVE g
1400934799161 6 4098 384.5 966.951 0.20000002 4.0 4.0 4.0 4.0 0.0 0.17600001 1 TOUCH_UP g
