1401704503493 6 4098 110.0 820.951 0.3 5.0 5.0 5.0 5.0 0.0 0.2 0 TOUCH_DOWN W
1401704503508 6 4098 110.0 820.951 0.26666668 4.0 4.0 4.0 4.0 0.0 0.20400001 2 TOUCH_MOVE W
1401704503539 6 4098 110.740105 821.6911 0.3 5.0 5.0 5.0 5.0 0.0 0.21200001 2 TOUCH_MOVE W
1401704503556 6 4098 111.712524 822.87604 0.3 5.0 5.0 5.0 5.0 0.0 0.208 2 TOUCH_MOVE W
1401704503573 6 4098 113.36324 825.49585 0.3 5.0 5.0 5.0 5.0 0.0 0.19600001 2 TOUCH_MOVE W
1401704503589 6 4098 113.5 827.951 0.3 5.0 5.0 5.0 5.0 0.0 0.18 2 TOUCH_MOVE W
1401704503593 6 4098 113.5 827.951 0.3 5.0 5.0 5.0 5.0 0.0 0.18 1 TOUCH_UP W
1401704503735 6 4098 198.5 833.951 0.33333334 5.0 5.0 5.0 5.0 0.0 0.224 0 TOUCH_DOWN e
1401704503791 6 4098 196.30867 835.04663 0.26666668 4.0 4.0 4.0 4.0 0.0 0.22000001 2 TOUCH_MOVE e
1401704503806 6 4098 190.07178 838.1651 0.26666668 4.0 4.0 4.0 4.0 0.0 0.208 2 TOUCH_MOVE e
1401704503823 6 4098 176.659 844.87146 0.23333335 5.0 5.0 5.0 5.0 0.0 0.156 2 TOUCH_MOVE e
1401704503827 6 4098 176.659 844.87146 0.23333335 5.0 5.0 5.0 5.0 0.0 0.156 1 TOUCH_UP e
1401704504008 6 4098 287.5 1228.9509 0.23333335 4.0 4.0 4.0 4.0 0.0 0.2 0 TOUCH_DOWN Space
1401704504090 6 4098 287.5 1229.4509 0.20000002 3.0 3.0 3.0 3.0 0.0 0.148 2 TOUCH_MOVE Space
1401704504095 6 4098 287.5 1229.4509 0.20000002 3.0 3.0 3.0 3.0 0.0 0.148 1 TOUCH_UP Space
1401704504209 6 4098 44.5 980.451 0.20000002 3.0 3.0 3.0 3.0 0.0 0.18400002 0 TOUCH_DOWN a
1401704504287 6 4098 44.5 980.451 0.20000002 3.0 3.0 3.0 3.0 0.0 0.18400002 1 TOUCH_UP a
1401704504604 6 4098 262.5 832.951 0.33333334 5.0 5.0 5.0 5.0 0.0 0.22000001 0 TOUCH_DOWN r
1401704504640 6 4098 260.38397 832.643 0.33333334 5.0 5.0 5.0 5.0 0.0 0.22800002 2 TOUCH_MOVE r
1401704504657 6 4098 257.22443 831.951 0.33333334 5.0 5.0 5.0 5.0 0.0 0.22800002 2 TOUCH_MOVE r
1401704504674 6 4098 251.82936 832.18964 0.3 5.0 5.0 5.0 5.0 0.0 0.224 2 TOUCH_MOVE r
1401704504691 6 4098 245.5 833.451 0.26666668 4.0 4.0 4.0 4.0 0.0 0.20400001 2 TOUCH_MOVE r
1401704504699 6 4098 245.5 833.451 0.16666667 3.0 3.0 3.0 3.0 0.0 0.128 2 TOUCH_MOVE r
1401704504702 6 4098 245.5 833.451 0.16666667 3.0 3.0 3.0 3.0 0.0 0.128 1 TOUCH_UP r
1401704504847 6 4098 160.0 850.451 0.26666668 5.0 5.0 5.0 5.0 0.0 0.20400001 0 TOUCH_DOWN e
1401704504871 6 4098 160.0 850.451 0.26666668 5.0 5.0 5.0 5.0 0.0 0.208 2 TOUCH_MOVE e
1401704504891 6 4098 161.08568 849.451 0.26666668 5.0 5.0 5.0 5.0 0.0 0.21200001 2 TOUCH_MOVE e
1401704504912 6 4098 162.21 849.451 0.26666668 5.0 5.0 5.0 5.0 0.0 0.20400001 2 TOUCH_MOVE e
1401704504927 6 4098 162.21 849.451 0.26666668 5.0 5.0 5.0 5.0 0.0 0.20400001 1 TOUCH_UP e
1401704504992 6 4098 352.0 1217.9509 0.20000002 3.0 3.0 3.0 3.0 0.0 0.19600001 0 TOUCH_DOWN Space
1401704505024 6 4098 352.0 1218.9211 0.23333335 4.0 4.0 4.0 4.0 0.0 0.19600001 2 TOUCH_MOVE Space
1401704505041 6 4098 351.0706 1220.3098 0.20000002 3.0 3.0 3.0 3.0 0.0 0.18800001 2 TOUCH_MOVE Space
1401704505045 6 4098 351.0 1220.4509 0.20000002 3.0 3.0 3.0 3.0 0.0 0.17600001 2 TOUCH_MOVE Space
1401704505049 6 4098 351.0 1220.4509 0.20000002 3.0 3.0 3.0 3.0 0.0 0.17600001 1 TOUCH_UP Space
1401704505353 6 4098 336.0 835.451 0.33333334 5.0 5.0 5.0 5.0 0.0 0.216 0 TOUCH_DOWN t
1401704505378 6 4098 334.93124 834.951 0.33333334 5.0 5.0 5.0 5.0 0.0 0.22000001 2 TOUCH_MOVE t
1401704505391 6 4098 330.09616 835.6016 0.3 5.0 5.0 5.0 5.0 0.0 0.20400001 2 TOUCH_MOVE t
1401704505402 6 4098 326.5 836.951 0.26666668 4.0 4.0 4.0 4.0 0.0 0.18400002 2 TOUCH_MOVE t
1401704505405 6 4098 326.5 836.951 0.26666668 4.0 4.0 4.0 4.0 0.0 0.18400002 1 TOUCH_UP t
1401704505433 6 4098 420.0 997.951 0.3 5.0 5.0 5.0 5.0 0.0 0.208 0 TOUCH_DOWN h
1401704505452 6 4098 420.0 997.951 0.3 5.0 5.0 5.0 5.0 0.0 0.21200001 2 TOUCH_MOVE h
1401704505491 6 4098 419.3847 997.951 0.3 5.0 5.0 5.0 5.0 0.0 0.216 2 TOUCH_MOVE h
1401704505515 6 4098 419.3847 997.951 0.3 5.0 5.0 5.0 5.0 0.0 0.216 1 TOUCH_UP h
1401704505764 6 4098 180.5 845.951 0.26666668 4.0 4.0 4.0 4.0 0.0 0.208 0 TOUCH_DOWN e
1401704505776 6 4098 180.5 845.951 0.26666668 4.0 4.0 4.0 4.0 0.0 0.21200001 2 TOUCH_MOVE e
1401704505848 6 4098 180.5 845.951 0.26666668 4.0 4.0 4.0 4.0 0.0 0.21200001 1 TOUCH_UP e
1401704506075 6 4098 328.0 1230.4509 0.26666668 5.0 5.0 5.0 5.0 0.0 0.2 0 TOUCH_DOWN Space
1401704506099 6 4098 328.0 1230.4509 0.26666668 5.0 5.0 5.0 5.0 0.0 0.20400001 2 TOUCH_MOVE Space
1401704506108 6 4098 328.0 1229.9298 0.26666668 5.0 5.0 5.0 5.0 0.0 0.208 2 TOUCH_MOVE Space
1401704506127 6 4098 328.0 1229.2009 0.26666668 5.0 5.0 5.0 5.0 0.0 0.208 2 TOUCH_MOVE Space
1401704506145 6 4098 328.0 1229.4509 0.26666668 5.0 5.0 5.0 5.0 0.0 0.172 2 TOUCH_MOVE Space
1401704506148 6 4098 328.0 1229.4509 0.26666668 5.0 5.0 5.0 5.0 0.0 0.172 1 TOUCH_UP Space
1401704507089 6 4098 115.0 840.951 0.26666668 4.0 4.0 4.0 4.0 0.0 0.208 0 TOUCH_DOWN w
1401704507110 6 4098 115.0 840.951 0.26666668 4.0 4.0 4.0 4.0 0.0 0.20400001 2 TOUCH_MOVE w
1401704507159 6 4098 114.5 841.951 0.20000002 4.0 4.0 4.0 4.0 0.0 0.18800001 2 TOUCH_MOVE w
1401704507167 6 4098 114.5 841.951 0.20000002 4.0 4.0 4.0 4.0 0.0 0.14 2 TOUCH_MOVE w
1401704507170 6 4098 114.5 841.951 0.20000002 4.0 4.0 4.0 4.0 0.0 0.14 1 TOUCH_UP w
1401704507245 6 4098 597.5 844.451 0.26666668 5.0 5.0 5.0 5.0 0.0 0.208 0 TOUCH_DOWN o
1401704507259 6 4098 597.5 844.451 0.3 5.0 5.0 5.0 5.0 0.0 0.216 2 TOUCH_MOVE o
1401704507276 6 4098 596.5228 844.451 0.3 5.0 5.0 5.0 5.0 0.0 0.22000001 2 TOUCH_MOVE o
1401704507293 6 4098 595.75 844.451 0.26666668 5.0 5.0 5.0 5.0 0.0 0.216 2 TOUCH_MOVE o
1401704507317 6 4098 595.75 844.451 0.26666668 5.0 5.0 5.0 5.0 0.0 0.216 1 TOUCH_UP o
1401704507619 6 4098 250.0 841.951 0.26666668 4.0 4.0 4.0 4.0 0.0 0.2 0 TOUCH_DOWN r
1401704507627 6 4098 250.0 841.951 0.26666668 4.0 4.0 4.0 4.0 0.0 0.20400001 2 TOUCH_MOVE r
1401704507677 6 4098 249.48737 841.951 0.20000002 4.0 4.0 4.0 4.0 0.0 0.18800001 2 TOUCH_MOVE r
1401704507689 6 4098 248.5 841.451 0.20000002 4.0 4.0 4.0 4.0 0.0 0.17600001 2 TOUCH_MOVE r
1401704507693 6 4098 248.5 841.451 0.20000002 4.0 4.0 4.0 4.0 0.0 0.17600001 1 TOUCH_UP r
1401704507801 6 4098 649.0 988.951 0.26666668 4.0 4.0 4.0 4.0 0.0 0.19600001 0 TOUCH_DOWN l
1401704507810 6 4098 649.0 988.951 0.26666668 4.0 4.0 4.0 4.0 0.0 0.20400001 2 TOUCH_MOVE l
1401704507828 6 4098 648.05804 989.172 0.3 5.0 5.0 5.0 5.0 0.0 0.21200001 2 TOUCH_MOVE l
1401704507843 6 4098 646.2816 989.451 0.3 5.0 5.0 5.0 5.0 0.0 0.21200001 2 TOUCH_MOVE l
1401704507861 6 4098 645.31775 989.451 0.26666668 4.0 4.0 4.0 4.0 0.0 0.20400001 2 TOUCH_MOVE l
1401704507868 6 4098 645.0 989.451 0.20000002 4.0 4.0 4.0 4.0 0.0 0.18 2 TOUCH_MOVE l
1401704507889 6 4098 645.0 989.451 0.20000002 4.0 4.0 4.0 4.0 0.0 0.18 1 TOUCH_UP l
1401704508156 6 4098 206.0 963.451 0.26666668 4.0 4.0 4.0 4.0 0.0 0.21200001 0 TOUCH_DOWN d
1401704508176 6 4098 206.0 963.451 0.3 5.0 5.0 5.0 5.0 0.0 0.216 2 TOUCH_MOVE d
1401704508244 6 4098 204.1687 964.2823 0.23333335 4.0 4.0 4.0 4.0 0.0 0.2 2 TOUCH_MOVE d
1401704508258 6 4098 204.0 964.451 0.13333334 2.0 2.0 2.0 2.0 0.0 0.14400001 2 TOUCH_MOVE d
1401704508263 6 4098 204.0 964.451 0.13333334 2.0 2.0 2.0 2.0 0.0 0.14400001 1 TOUCH_UP d
1401704508830 6 4098 427.5 1211.4509 0.23333335 4.0 4.0 4.0 4.0 0.0 0.21200001 0 TOUCH_DOWN ,
1401704508867 6 4098 427.5 1211.9509 0.16666667 3.0 3.0 3.0 3.0 0.0 0.148 2 TOUCH_MOVE ,
1401704508872 6 4098 427.5 1211.9509 0.16666667 3.0 3.0 3.0 3.0 0.0 0.148 1 TOUCH_UP ,
1401704509028 6 4098 306.0 1211.4509 0.23333335 4.0 4.0 4.0 4.0 0.0 0.22000001 0 TOUCH_DOWN Space
1401704509048 6 4098 305.7249 1211.4509 0.26666668 5.0 5.0 5.0 5.0 0.0 0.22800002 2 TOUCH_MOVE Space
1401704509061 6 4098 304.47855 1211.4509 0.26666668 5.0 5.0 5.0 5.0 0.0 0.224 2 TOUCH_MOVE Space
1401704509078 6 4098 302.05725 1212.9127 0.23333335 4.0 4.0 4.0 4.0 0.0 0.224 2 TOUCH_MOVE Space
1401704509095 6 4098 299.60257 1214.3997 0.23333335 4.0 4.0 4.0 4.0 0.0 0.19600001 2 TOUCH_MOVE Space
1401704509099 6 4098 299.5 1214.4509 0.16666667 3.0 3.0 3.0 3.0 0.0 0.120000005 2 TOUCH_MOVE Space
1401704509103 6 4098 299.5 1214.4509 0.16666667 3.0 3.0 3.0 3.0 0.0 0.120000005 1 TOUCH_UP Space
1401704509172 6 4098 101.0 838.451 0.3 5.0 5.0 5.0 5.0 0.0 0.20400001 0 TOUCH_DOWN w
1401704509199 6 4098 101.35918 838.8102 0.3 5.0 5.0 5.0 5.0 0.0 0.208 2 TOUCH_MOVE w
1401704509211 6 4098 102.87561 839.6388 0.3 5.0 5.0 5.0 5.0 0.0 0.216 2 TOUCH_MOVE w
1401704509228 6 4098 104.15051 840.6015 0.3 5.0 5.0 5.0 5.0 0.0 0.216 2 TOUCH_MOVE w
1401704509245 6 4098 105.10642 841.55743 0.3 5.0 5.0 5.0 5.0 0.0 0.216 2 TOUCH_MOVE w
1401704509261 6 4098 105.0 841.9893 0.3 5.0 5.0 5.0 5.0 0.0 0.208 2 TOUCH_MOVE w
1401704509278 6 4098 105.0 842.9901 0.23333335 5.0 5.0 5.0 5.0 0.0 0.192 2 TOUCH_MOVE w
1401704509291 6 4098 105.0 844.451 0.23333335 5.0 5.0 5.0 5.0 0.0 0.18 2 TOUCH_MOVE w
1401704509294 6 4098 105.0 844.451 0.23333335 5.0 5.0 5.0 5.0 0.0 0.18 1 TOUCH_UP w
1401704509490 6 4098 184.5 840.951 0.3 5.0 5.0 5.0 5.0 0.0 0.22000001 0 TOUCH_DOWN e
1401704509578 6 4098 179.13214 841.3246 0.26666668 4.0 4.0 4.0 4.0 0.0 0.208 2 TOUCH_MOVE e
1401704509592 6 4098 178.5 841.451 0.16666667 3.0 3.0 3.0 3.0 0.0 0.112 2 TOUCH_MOVE e
1401704509596 6 4098 178.5 841.451 0.16666667 3.0 3.0 3.0 3.0 0.0 0.112 1 TOUCH_UP e
1401704509675 6 4098 325.0 1215.9509 0.26666668 5.0 5.0 5.0 5.0 0.0 0.21200001 0 TOUCH_DOWN Space
1401704509697 6 4098 325.0 1215.9509 0.26666668 5.0 5.0 5.0 5.0 0.0 0.22000001 2 TOUCH_MOVE Space
1401704509712 6 4098 323.92422 1215.9509 0.26666668 5.0 5.0 5.0 5.0 0.0 0.22000001 2 TOUCH_MOVE Space
1401704509729 6 4098 322.96112 1215.9509 0.26666668 5.0 5.0 5.0 5.0 0.0 0.216 2 TOUCH_MOVE Space
1401704509745 6 4098 321.9997 1215.9509 0.23333335 4.0 4.0 4.0 4.0 0.0 0.192 2 TOUCH_MOVE Space
1401704509760 6 4098 321.9997 1215.9509 0.23333335 4.0 4.0 4.0 4.0 0.0 0.192 1 TOUCH_UP Space
1401704510256 6 4098 269.0 846.451 0.3 5.0 5.0 5.0 5.0 0.0 0.22000001 0 TOUCH_DOWN r
1401704510281 6 4098 269.0 845.63153 0.3 5.0 5.0 5.0 5.0 0.0 0.22000001 2 TOUCH_MOVE r
1401704510297 6 4098 268.00577 844.70386 0.3 5.0 5.0 5.0 5.0 0.0 0.216 2 TOUCH_MOVE r
1401704510312 6 4098 262.3048 842.96094 0.26666668 4.0 4.0 4.0 4.0 0.0 0.2 2 TOUCH_MOVE r
1401704510336 6 4098 257.36307 841.7387 0.13333334 2.0 2.0 2.0 2.0 0.0 0.1 2 TOUCH_MOVE r
1401704510342 6 4098 257.36307 841.7387 0.13333334 2.0 2.0 2.0 2.0 0.0 0.1 1 TOUCH_UP r
1401704510492 6 4098 155.0 846.451 0.26666668 5.0 5.0 5.0 5.0 0.0 0.2 0 TOUCH_DOWN e
1401704510521 6 4098 155.0 846.18475 0.3 5.0 5.0 5.0 5.0 0.0 0.20400001 2 TOUCH_MOVE e
1401704510529 6 4098 155.26003 845.691 0.3 5.0 5.0 5.0 5.0 0.0 0.216 2 TOUCH_MOVE e
1401704510547 6 4098 156.02733 844.92365 0.3 5.0 5.0 5.0 5.0 0.0 0.22000001 2 TOUCH_MOVE e
1401704510562 6 4098 156.75 844.201 0.3 5.0 5.0 5.0 5.0 0.0 0.216 2 TOUCH_MOVE e
1401704510612 6 4098 156.75 844.201 0.3 5.0 5.0 5.0 5.0 0.0 0.216 1 TOUCH_UP e
1401704511192 6 4098 663.0 1100.9509 0.3 5.0 5.0 5.0 5.0 0.0 0.2 0 TOUCH_DOWN Back
1401704511216 6 4098 663.0 1100.9509 0.3 5.0 5.0 5.0 5.0 0.0 0.208 2 TOUCH_MOVE Back
1401704511257 6 4098 663.0 1100.9509 0.3 5.0 5.0 5.0 5.0 0.0 0.208 1 TOUCH_UP Back
1401704511343 6 4098 670.0 1092.4509 0.26666668 5.0 5.0 5.0 5.0 0.0 0.192 0 TOUCH_DOWN Back
1401704511365 6 4098 670.0 1092.904 0.26666668 5.0 5.0 5.0 5.0 0.0 0.2 2 TOUCH_MOVE Back
1401704511380 6 4098 670.0 1093.3884 0.26666668 5.0 5.0 5.0 5.0 0.0 0.20400001 2 TOUCH_MOVE Back
1401704511397 6 4098 670.0 1093.6821 0.26666668 5.0 5.0 5.0 5.0 0.0 0.20400001 2 TOUCH_MOVE Back
1401704511414 6 4098 670.0 1093.6821 0.26666668 5.0 5.0 5.0 5.0 0.0 0.20400001 1 TOUCH_UP Back
1401704512014 6 4098 66.5 956.951 0.23333335 4.0 4.0 4.0 4.0 0.0 0.2 0 TOUCH_DOWN a
1401704512031 6 4098 66.5 956.951 0.26666668 4.0 4.0 4.0 4.0 0.0 0.21200001 2 TOUCH_MOVE a
1401704512049 6 4098 67.7886 956.951 0.26666668 4.0 4.0 4.0 4.0 0.0 0.216 2 TOUCH_MOVE a
1401704512064 6 4098 69.35769 956.951 0.26666668 4.0 4.0 4.0 4.0 0.0 0.216 2 TOUCH_MOVE a
1401704512094 6 4098 70.0 957.26495 0.26666668 4.0 4.0 4.0 4.0 0.0 0.21200001 2 TOUCH_MOVE a
1401704512109 6 4098 70.0 958.1251 0.26666668 4.0 4.0 4.0 4.0 0.0 0.208 2 TOUCH_MOVE a
1401704512114 6 4098 69.5 958.951 0.20000002 3.0 3.0 3.0 3.0 0.0 0.19600001 2 TOUCH_MOVE a
1401704512121 6 4098 69.5 958.951 0.13333334 2.0 2.0 2.0 2.0 0.0 0.172 2 TOUCH_MOVE a
1401704512126 6 4098 69.5 958.951 0.13333334 2.0 2.0 2.0 2.0 0.0 0.172 1 TOUCH_UP a
1401704512439 6 4098 262.5 832.451 0.33333334 5.0 5.0 5.0 5.0 0.0 0.216 0 TOUCH_DOWN r
1401704512449 6 4098 261.9999 832.451 0.3 5.0 5.0 5.0 5.0 0.0 0.21200001 2 TOUCH_MOVE r
1401704512467 6 4098 258.73648 831.9983 0.3 5.0 5.0 5.0 5.0 0.0 0.208 2 TOUCH_MOVE r
1401704512481 6 4098 250.6482 831.451 0.23333335 5.0 5.0 5.0 5.0 0.0 0.192 2 TOUCH_MOVE r
1401704512494 6 4098 250.0 831.451 0.26666668 5.0 5.0 5.0 5.0 0.0 0.148 2 TOUCH_MOVE r
1401704512497 6 4098 250.0 831.451 0.26666668 5.0 5.0 5.0 5.0 0.0 0.148 1 TOUCH_UP r
1401704512599 6 4098 169.5 833.951 0.26666668 4.0 4.0 4.0 4.0 0.0 0.21200001 0 TOUCH_DOWN e
1401704512615 6 4098 169.5 833.951 0.26666668 4.0 4.0 4.0 4.0 0.0 0.216 2 TOUCH_MOVE e
1401704512677 6 4098 171.02174 835.9945 0.3 5.0 5.0 5.0 5.0 0.0 0.22000001 2 TOUCH_MOVE e
1401704512693 6 4098 171.5 838.451 0.16666667 3.0 3.0 3.0 3.0 0.0 0.112 2 TOUCH_MOVE e
1401704512696 6 4098 171.5 838.451 0.16666667 3.0 3.0 3.0 3.0 0.0 0.112 1 TOUCH_UP e
1401704512840 6 4098 301.0 1199.9509 0.26666668 4.0 4.0 4.0 4.0 0.0 0.22000001 0 TOUCH_DOWN Space
1401704512866 6 4098 300.49585 1200.4551 0.26666668 4.0 4.0 4.0 4.0 0.0 0.216 2 TOUCH_MOVE Space
1401704512881 6 4098 299.4552 1202.0405 0.20000002 3.0 3.0 3.0 3.0 0.0 0.19600001 2 TOUCH_MOVE Space
1401704512894 6 4098 299.5 1201.9509 0.13333334 2.0 2.0 2.0 2.0 0.0 0.14400001 2 TOUCH_MOVE Space
1401704512897 6 4098 299.5 1201.9509 0.13333334 2.0 2.0 2.0 2.0 0.0 0.14400001 1 TOUCH_UP Space
1401704513049 6 4098 327.0 822.951 0.33333334 5.0 5.0 5.0 5.0 0.0 0.22000001 0 TOUCH_DOWN t
1401704513098 6 4098 326.49014 822.951 0.33333334 5.0 5.0 5.0 5.0 0.0 0.22000001 2 TOUCH_MOVE t
1401704513117 6 4098 323.4071 823.47424 0.3 5.0 5.0 5.0 5.0 0.0 0.208 2 TOUCH_MOVE t
1401704513135 6 4098 316.24167 824.4797 0.23333335 5.0 5.0 5.0 5.0 0.0 0.15200001 2 TOUCH_MOVE t
1401704513143 6 4098 316.24167 824.4797 0.23333335 5.0 5.0 5.0 5.0 0.0 0.15200001 1 TOUCH_UP t
1401704513205 6 4098 413.0 978.451 0.3 5.0 5.0 5.0 5.0 0.0 0.22800002 0 TOUCH_DOWN h
1401704513220 6 4098 413.0 978.451 0.3 5.0 5.0 5.0 5.0 0.0 0.224 2 TOUCH_MOVE h
1401704513232 6 4098 412.02505 978.451 0.3 5.0 5.0 5.0 5.0 0.0 0.23200001 2 TOUCH_MOVE h
1401704513254 6 4098 410.5747 978.451 0.3 5.0 5.0 5.0 5.0 0.0 0.23600002 2 TOUCH_MOVE h
1401704513266 6 4098 408.8246 978.451 0.3 5.0 5.0 5.0 5.0 0.0 0.22800002 2 TOUCH_MOVE h
1401704513282 6 4098 408.25 978.451 0.26666668 4.0 4.0 4.0 4.0 0.0 0.21200001 2 TOUCH_MOVE h
1401704513289 6 4098 408.25 978.451 0.26666668 4.0 4.0 4.0 4.0 0.0 0.21200001 1 TOUCH_UP h
1401704513473 6 4098 163.0 841.451 0.3 5.0 5.0 5.0 5.0 0.0 0.21200001 0 TOUCH_DOWN e
1401704513482 6 4098 163.0 841.451 0.3 5.0 5.0 5.0 5.0 0.0 0.216 2 TOUCH_MOVE e
1401704513532 6 4098 163.0 840.93634 0.3 5.0 5.0 5.0 5.0 0.0 0.22000001 2 TOUCH_MOVE e
1401704513565 6 4098 163.0 840.951 0.26666668 5.0 5.0 5.0 5.0 0.0 0.18400002 2 TOUCH_MOVE e
1401704513570 6 4098 163.0 840.951 0.26666668 5.0 5.0 5.0 5.0 0.0 0.18400002 1 TOUCH_UP e
1401704513701 6 4098 310.5 1224.4509 0.23333335 4.0 4.0 4.0 4.0 0.0 0.208 0 TOUCH_DOWN Space
1401704513718 6 4098 310.5 1224.4509 0.23333335 4.0 4.0 4.0 4.0 0.0 0.21200001 2 TOUCH_MOVE Space
1401704513749 6 4098 310.5 1224.9741 0.20000002 3.0 3.0 3.0 3.0 0.0 0.192 2 TOUCH_MOVE Space
1401704513762 6 4098 310.5 1224.9741 0.20000002 3.0 3.0 3.0 3.0 0.0 0.192 1 TOUCH_UP Space
1401704514020 6 4098 302.5 1095.4509 0.26666668 4.0 4.0 4.0 4.0 0.0 0.22000001 0 TOUCH_DOWN c
1401704514033 6 4098 302.5 1095.4509 0.3 5.0 5.0 5.0 5.0 0.0 0.22800002 2 TOUCH_MOVE c
1401704514066 6 4098 302.08597 1096.865 0.3 5.0 5.0 5.0 5.0 0.0 0.22800002 2 TOUCH_MOVE c
1401704514088 6 4098 302.0 1097.7009 0.26666668 4.0 4.0 4.0 4.0 0.0 0.21200001 2 TOUCH_MOVE c
1401704514089 6 4098 302.0 1097.4509 0.20000002 4.0 4.0 4.0 4.0 0.0 0.18 2 TOUCH_MOVE c
1401704514104 6 4098 302.0 1097.4509 0.20000002 4.0 4.0 4.0 4.0 0.0 0.18 1 TOUCH_UP c
1401704514373 6 4098 447.0 960.451 0.3 5.0 5.0 5.0 5.0 0.0 0.216 0 TOUCH_DOWN h
1401704514416 6 4098 443.6497 961.06775 0.3 5.0 5.0 5.0 5.0 0.0 0.22000001 2 TOUCH_MOVE h
1401704514433 6 4098 440.7023 962.05023 0.26666668 5.0 5.0 5.0 5.0 0.0 0.21200001 2 TOUCH_MOVE h
1401704514449 6 4098 440.25 962.701 0.23333335 4.0 4.0 4.0 4.0 0.0 0.2 2 TOUCH_MOVE h
1401704514453 6 4098 440.25 962.701 0.23333335 4.0 4.0 4.0 4.0 0.0 0.2 1 TOUCH_UP h
1401704514609 6 4098 543.5 826.951 0.33333334 5.0 5.0 5.0 5.0 0.0 0.216 0 TOUCH_DOWN i
1401704514616 6 4098 543.5 826.951 0.33333334 5.0 5.0 5.0 5.0 0.0 0.22800002 2 TOUCH_MOVE i
1401704514648 6 4098 542.35956 826.951 0.33333334 5.0 5.0 5.0 5.0 0.0 0.23200001 2 TOUCH_MOVE i
1401704514653 6 4098 540.2643 827.56885 0.33333334 5.0 5.0 5.0 5.0 0.0 0.22800002 2 TOUCH_MOVE i
1401704514668 6 4098 539.0 828.451 0.26666668 4.0 4.0 4.0 4.0 0.0 0.19600001 2 TOUCH_MOVE i
1401704514671 6 4098 539.0 828.451 0.26666668 4.0 4.0 4.0 4.0 0.0 0.19600001 1 TOUCH_UP i
1401704514877 6 4098 666.5 969.951 0.23333335 5.0 5.0 5.0 5.0 0.0 0.192 0 TOUCH_DOWN l
1401704514883 6 4098 666.5 969.951 0.23333335 5.0 5.0 5.0 5.0 0.0 0.19600001 2 TOUCH_MOVE l
1401704514945 6 4098 666.5 970.451 0.23333335 4.0 4.0 4.0 4.0 0.0 0.132 2 TOUCH_MOVE l
1401704514955 6 4098 666.5 970.451 0.23333335 4.0 4.0 4.0 4.0 0.0 0.132 1 TOUCH_UP l
1401704515172 6 4098 218.5 975.951 0.26666668 5.0 5.0 5.0 5.0 0.0 0.20400001 0 TOUCH_DOWN d
1401704515268 6 4098 218.5 975.951 0.23333335 5.0 5.0 5.0 5.0 0.0 0.16800001 2 TOUCH_MOVE d
1401704515273 6 4098 218.5 975.951 0.23333335 5.0 5.0 5.0 5.0 0.0 0.16800001 1 TOUCH_UP d
1401704515466 6 4098 252.5 831.451 0.3 5.0 5.0 5.0 5.0 0.0 0.21200001 0 TOUCH_DOWN r
1401704515484 6 4098 252.5 831.451 0.3 5.0 5.0 5.0 5.0 0.0 0.216 2 TOUCH_MOVE r
1401704515525 6 4098 250.39114 831.2662 0.3 5.0 5.0 5.0 5.0 0.0 0.20400001 2 TOUCH_MOVE r
1401704515540 6 4098 243.5 830.951 0.26666668 5.0 5.0 5.0 5.0 0.0 0.18 2 TOUCH_MOVE r
1401704515545 6 4098 243.5 830.951 0.26666668 5.0 5.0 5.0 5.0 0.0 0.18 1 TOUCH_UP r
1401704515664 6 4098 163.0 840.951 0.3 5.0 5.0 5.0 5.0 0.0 0.208 0 TOUCH_DOWN e
1401704515751 6 4098 162.26709 842.4168 0.26666668 5.0 5.0 5.0 5.0 0.0 0.192 2 TOUCH_MOVE e
1401704515759 6 4098 162.5 841.951 0.23333335 5.0 5.0 5.0 5.0 0.0 0.15200001 2 TOUCH_MOVE e
1401704515763 6 4098 162.5 841.951 0.23333335 5.0 5.0 5.0 5.0 0.0 0.15200001 1 TOUCH_UP e
1401704515949 6 4098 508.0 1085.9509 0.20000002 4.0 4.0 4.0 4.0 0.0 0.2 0 TOUCH_DOWN n
1401704515968 6 4098 508.0 1085.9509 0.20000002 4.0 4.0 4.0 4.0 0.0 0.20400001 2 TOUCH_MOVE n
1401704515998 6 4098 508.0 1085.9509 0.20000002 4.0 4.0 4.0 4.0 0.0 0.20400001 1 TOUCH_UP n
1401704516695 6 4098 664.5 1209.9509 0.26666668 5.0 5.0 5.0 5.0 0.0 0.192 0 TOUCH_DOWN Enter
1401704516747 6 4098 664.5 1209.9509 0.26666668 5.0 5.0 5.0 5.0 0.0 0.17600001 2 TOUCH_MOVE Enter
1401704516750 6 4098 664.5 1209.9509 0.26666668 5.0 5.0 5.0 5.0 0.0 0.17600001 1 TOUCH_UP Enter
1401704517025 6 4098 108.5 845.451 0.26666668 5.0 5.0 5.0 5.0 0.0 0.21200001 0 TOUCH_DOWN W
1401704517035 6 4098 108.5 845.451 0.3 5.0 5.0 5.0 5.0 0.0 0.21200001 2 TOUCH_MOVE W
1401704517128 6 4098 108.5 845.451 0.20000002 4.0 4.0 4.0 4.0 0.0 0.17600001 2 TOUCH_MOVE W
1401704517132 6 4098 108.5 845.451 0.20000002 4.0 4.0 4.0 4.0 0.0 0.17600001 1 TOUCH_UP W
1401704517265 6 4098 183.5 844.451 0.3 5.0 5.0 5.0 5.0 0.0 0.224 0 TOUCH_DOWN e
1401704517336 6 4098 182.15866 845.12164 0.23333335 4.0 4.0 4.0 4.0 0.0 0.208 2 TOUCH_MOVE e
1401704517352 6 4098 179.5 846.451 0.23333335 5.0 5.0 5.0 5.0 0.0 0.16000001 2 TOUCH_MOVE e
1401704517355 6 4098 179.5 846.451 0.23333335 5.0 5.0 5.0 5.0 0.0 0.16000001 1 TOUCH_UP e
1401704517547 6 4098 320.0 1217.9509 0.23333335 4.0 4.0 4.0 4.0 0.0 0.20400001 0 TOUCH_DOWN Space
1401704517557 6 4098 320.0 1217.9509 0.23333335 4.0 4.0 4.0 4.0 0.0 0.208 2 TOUCH_MOVE Space
1401704517587 6 4098 320.0 1219.0414 0.23333335 4.0 4.0 4.0 4.0 0.0 0.20400001 2 TOUCH_MOVE Space
1401704517602 6 4098 320.0 1219.7009 0.23333335 4.0 4.0 4.0 4.0 0.0 0.19600001 2 TOUCH_MOVE Space
1401704517607 6 4098 320.0 1219.7009 0.23333335 4.0 4.0 4.0 4.0 0.0 0.19600001 1 TOUCH_UP Space
1401704517715 6 4098 41.0 984.451 0.23333335 4.0 4.0 4.0 4.0 0.0 0.18400002 0 TOUCH_DOWN a
1401704517812 6 4098 41.0 984.451 0.23333335 4.0 4.0 4.0 4.0 0.0 0.18400002 1 TOUCH_UP a
1401704518141 6 4098 256.0 858.951 0.26666668 4.0 4.0 4.0 4.0 0.0 0.216 0 TOUCH_DOWN r
1401704518153 6 4098 256.0 858.951 0.26666668 4.0 4.0 4.0 4.0 0.0 0.22000001 2 TOUCH_MOVE r
1401704518203 6 4098 254.7638 858.951 0.26666668 4.0 4.0 4.0 4.0 0.0 0.22000001 2 TOUCH_MOVE r
1401704518220 6 4098 252.62703 859.1256 0.23333335 4.0 4.0 4.0 4.0 0.0 0.20400001 2 TOUCH_MOVE r
1401704518240 6 4098 250.0 859.451 0.13333334 2.0 2.0 2.0 2.0 0.0 0.104 2 TOUCH_MOVE r
1401704518243 6 4098 250.0 859.451 0.13333334 2.0 2.0 2.0 2.0 0.0 0.104 1 TOUCH_UP r
1401704518361 6 4098 152.5 845.951 0.26666668 5.0 5.0 5.0 5.0 0.0 0.20400001 0 TOUCH_DOWN e
1401704518370 6 4098 152.5 845.951 0.26666668 5.0 5.0 5.0 5.0 0.0 0.208 2 TOUCH_MOVE e
1401704518403 6 4098 155.3755 845.951 0.3 5.0 5.0 5.0 5.0 0.0 0.21200001 2 TOUCH_MOVE e
1401704518420 6 4098 158.013 845.951 0.26666668 5.0 5.0 5.0 5.0 0.0 0.208 2 TOUCH_MOVE e
1401704518442 6 4098 159.18864 846.82825 0.26666668 5.0 5.0 5.0 5.0 0.0 0.2 2 TOUCH_MOVE e
1401704518453 6 4098 159.5 847.451 0.23333335 5.0 5.0 5.0 5.0 0.0 0.128 2 TOUCH_MOVE e
1401704518456 6 4098 159.5 847.451 0.23333335 5.0 5.0 5.0 5.0 0.0 0.128 1 TOUCH_UP e
1401704518527 6 4098 355.0 1207.4509 0.23333335 4.0 4.0 4.0 4.0 0.0 0.216 0 TOUCH_DOWN Space
1401704518555 6 4098 355.0 1207.4509 0.23333335 4.0 4.0 4.0 4.0 0.0 0.224 2 TOUCH_MOVE Space
1401704518603 6 4098 355.0 1207.4509 0.23333335 4.0 4.0 4.0 4.0 0.0 0.2 2 TOUCH_MOVE Space
1401704518609 6 4098 355.0 1207.4509 0.13333334 2.0 2.0 2.0 2.0 0.0 0.172 2 TOUCH_MOVE Space
1401704518613 6 4098 355.0 1207.4509 0.13333334 2.0 2.0 2.0 2.0 0.0 0.172 1 TOUCH_UP Space
1401704518882 6 4098 314.0 840.951 0.26666668 4.0 4.0 4.0 4.0 0.0 0.208 0 TOUCH_DOWN t
1401704518891 6 4098 314.0 840.951 0.26666668 4.0 4.0 4.0 4.0 0.0 0.21200001 2 TOUCH_MOVE t
1401704518920 6 4098 314.0 839.3118 0.26666668 4.0 4.0 4.0 4.0 0.0 0.21200001 2 TOUCH_MOVE t
1401704518938 6 4098 313.45273 839.451 0.26666668 4.0 4.0 4.0 4.0 0.0 0.2 2 TOUCH_MOVE t
1401704518954 6 4098 312.5 839.451 0.13333334 2.0 2.0 2.0 2.0 0.0 0.128 2 TOUCH_MOVE t
1401704518959 6 4098 312.5 839.451 0.13333334 2.0 2.0 2.0 2.0 0.0 0.128 1 TOUCH_UP t
1401704519023 6 4098 417.5 948.451 0.3 5.0 5.0 5.0 5.0 0.0 0.224 0 TOUCH_DOWN h
1401704519039 6 4098 417.5 948.451 0.33333334 5.0 5.0 5.0 5.0 0.0 0.22800002 2 TOUCH_MOVE h
1401704519054 6 4098 416.30328 949.2994 0.33333334 5.0 5.0 5.0 5.0 0.0 0.23200001 2 TOUCH_MOVE h
1401704519070 6 4098 414.8739 950.26404 0.33333334 5.0 5.0 5.0 5.0 0.0 0.23200001 2 TOUCH_MOVE h
1401704519090 6 4098 412.04486 952.4061 0.26666668 4.0 4.0 4.0 4.0 0.0 0.22000001 2 TOUCH_MOVE h
1401704519103 6 4098 410.0 954.451 0.13333334 2.0 2.0 2.0 2.0 0.0 0.104 2 TOUCH_MOVE h
1401704519106 6 4098 410.0 954.451 0.13333334 2.0 2.0 2.0 2.0 0.0 0.104 1 TOUCH_UP h
1401704519381 6 4098 184.0 840.451 0.26666668 4.0 4.0 4.0 4.0 0.0 0.20400001 0 TOUCH_DOWN e
1401704519421 6 4098 184.0 839.9441 0.26666668 4.0 4.0 4.0 4.0 0.0 0.216 2 TOUCH_MOVE e
1401704519454 6 4098 183.52408 838.9751 0.26666668 4.0 4.0 4.0 4.0 0.0 0.216 2 TOUCH_MOVE e
1401704519471 6 4098 183.25 838.701 0.26666668 4.0 4.0 4.0 4.0 0.0 0.21200001 2 TOUCH_MOVE e
1401704519492 6 4098 183.25 838.701 0.26666668 4.0 4.0 4.0 4.0 0.0 0.21200001 1 TOUCH_UP e
1401704519802 6 4098 345.5 1218.4509 0.23333335 4.0 4.0 4.0 4.0 0.0 0.2 0 TOUCH_DOWN Space
1401704519822 6 4098 345.5 1218.4509 0.23333335 4.0 4.0 4.0 4.0 0.0 0.20400001 2 TOUCH_MOVE Space
1401704519872 6 4098 346.04126 1214.1621 0.20000002 3.0 3.0 3.0 3.0 0.0 0.18 2 TOUCH_MOVE Space
1401704519876 6 4098 346.04126 1214.1621 0.20000002 3.0 3.0 3.0 3.0 0.0 0.18 1 TOUCH_UP Space
1401704520142 6 4098 580.5 868.451 0.3 5.0 5.0 5.0 5.0 0.0 0.22000001 0 TOUCH_DOWN o
1401704520155 6 4098 580.5 868.451 0.3 5.0 5.0 5.0 5.0 0.0 0.224 2 TOUCH_MOVE o
1401704520191 6 4098 579.171 868.951 0.3 5.0 5.0 5.0 5.0 0.0 0.224 2 TOUCH_MOVE o
1401704520205 6 4098 578.75 868.951 0.3 5.0 5.0 5.0 5.0 0.0 0.216 2 TOUCH_MOVE o
1401704520214 6 4098 578.75 868.951 0.3 5.0 5.0 5.0 5.0 0.0 0.216 1 TOUCH_UP o
1401704520433 6 4098 501.0 1114.9509 0.33333334 5.0 5.0 5.0 5.0 0.0 0.208 0 TOUCH_DOWN n
1401704520489 6 4098 501.0 1114.9509 0.33333334 5.0 5.0 5.0 5.0 0.0 0.20400001 2 TOUCH_MOVE n
1401704520498 6 4098 501.5 1113.9509 0.3 5.0 5.0 5.0 5.0 0.0 0.18400002 2 TOUCH_MOVE n
1401704520501 6 4098 501.5 1113.9509 0.3 5.0 5.0 5.0 5.0 0.0 0.18400002 1 TOUCH_UP n
1401704521108 6 4098 186.5 846.451 0.26666668 4.0 4.0 4.0 4.0 0.0 0.20400001 0 TOUCH_DOWN e
1401704521192 6 4098 186.5 846.451 0.26666668 4.0 4.0 4.0 4.0 0.0 0.20400001 1 TOUCH_UP e
1401704521446 6 4098 121.5 953.451 0.26666668 4.0 4.0 4.0 4.0 0.0 0.19600001 0 TOUCH_DOWN s
1401704521456 6 4098 121.5 953.451 0.26666668 4.0 4.0 4.0 4.0 0.0 0.20400001 2 TOUCH_MOVE s
1401704521523 6 4098 120.12822 953.82275 0.26666668 4.0 4.0 4.0 4.0 0.0 0.2 2 TOUCH_MOVE s
1401704521537 6 4098 120.0 953.951 0.16666667 3.0 3.0 3.0 3.0 0.0 0.120000005 2 TOUCH_MOVE s
1401704521540 6 4098 120.0 953.951 0.16666667 3.0 3.0 3.0 3.0 0.0 0.120000005 1 TOUCH_UP s
1401704521718 6 4098 320.5 1217.4509 0.23333335 4.0 4.0 4.0 4.0 0.0 0.18800001 0 TOUCH_DOWN Space
1401704521743 6 4098 320.5 1217.4509 0.23333335 4.0 4.0 4.0 4.0 0.0 0.19600001 2 TOUCH_MOVE Space
1401704521758 6 4098 320.5 1218.2998 0.23333335 4.0 4.0 4.0 4.0 0.0 0.18800001 2 TOUCH_MOVE Space
1401704521770 6 4098 320.5 1218.4509 0.20000002 3.0 3.0 3.0 3.0 0.0 0.156 2 TOUCH_MOVE Space
1401704521776 6 4098 320.5 1218.4509 0.20000002 3.0 3.0 3.0 3.0 0.0 0.156 1 TOUCH_UP Space
1401704522070 6 4098 122.5 842.451 0.26666668 4.0 4.0 4.0 4.0 0.0 0.208 0 TOUCH_DOWN w
1401704522142 6 4098 121.49971 843.4513 0.23333335 4.0 4.0 4.0 4.0 0.0 0.2 2 TOUCH_MOVE w
1401704522157 6 4098 119.094795 845.8562 0.20000002 4.0 4.0 4.0 4.0 0.0 0.18800001 2 TOUCH_MOVE w
1401704522161 6 4098 119.0 845.951 0.20000002 4.0 4.0 4.0 4.0 0.0 0.18 2 TOUCH_MOVE w
1401704522164 6 4098 119.0 845.951 0.20000002 4.0 4.0 4.0 4.0 0.0 0.18 1 TOUCH_UP w
1401704523362 6 4098 431.5 977.951 0.26666668 4.0 4.0 4.0 4.0 0.0 0.21200001 0 TOUCH_DOWN h
1401704523374 6 4098 431.5 977.951 0.3 5.0 5.0 5.0 5.0 0.0 0.216 2 TOUCH_MOVE h
1401704523410 6 4098 431.0 977.775 0.23333335 4.0 4.0 4.0 4.0 0.0 0.2 2 TOUCH_MOVE h
1401704523417 6 4098 431.0 977.451 0.20000002 4.0 4.0 4.0 4.0 0.0 0.18 2 TOUCH_MOVE h
1401704523421 6 4098 431.0 977.451 0.20000002 4.0 4.0 4.0 4.0 0.0 0.18 1 TOUCH_UP h
1401704523590 6 4098 619.5 815.451 0.3 5.0 5.0 5.0 5.0 0.0 0.208 0 TOUCH_DOWN o
1401704523609 6 4098 619.5 815.451 0.3 5.0 5.0 5.0 5.0 0.0 0.21200001 2 TOUCH_MOVE o
1401704523626 6 4098 619.5 816.3565 0.3 5.0 5.0 5.0 5.0 0.0 0.216 2 TOUCH_MOVE o
1401704523641 6 4098 618.8365 818.94147 0.33333334 5.0 5.0 5.0 5.0 0.0 0.2 2 TOUCH_MOVE o
1401704523650 6 4098 619.0 818.451 0.33333334 5.0 5.0 5.0 5.0 0.0 0.17600001 2 TOUCH_MOVE o
1401704523654 6 4098 619.0 818.451 0.33333334 5.0 5.0 5.0 5.0 0.0 0.17600001 1 TOUCH_UP o
1401704523894 6 4098 372.5 1210.9509 0.23333335 4.0 4.0 4.0 4.0 0.0 0.21200001 0 TOUCH_DOWN Space
1401704523912 6 4098 372.5 1210.9509 0.23333335 4.0 4.0 4.0 4.0 0.0 0.22000001 2 TOUCH_MOVE Space
1401704523942 6 4098 371.4997 1210.9509 0.23333335 4.0 4.0 4.0 4.0 0.0 0.20400001 2 TOUCH_MOVE Space
1401704523953 6 4098 371.5 1210.9509 0.23333335 4.0 4.0 4.0 4.0 0.0 0.18 2 TOUCH_MOVE Space
1401704523956 6 4098 371.5 1210.9509 0.23333335 4.0 4.0 4.0 4.0 0.0 0.18 1 TOUCH_UP Space
1401704524200 6 4098 609.5 1091.9509 0.26666668 5.0 5.0 5.0 5.0 0.0 0.19600001 0 TOUCH_DOWN m
1401704524227 6 4098 609.1291 1092.8218 0.3 5.0 5.0 5.0 5.0 0.0 0.208 2 TOUCH_MOVE m
1401704524242 6 4098 607.8351 1094.1158 0.3 5.0 5.0 5.0 5.0 0.0 0.21200001 2 TOUCH_MOVE m
1401704524259 6 4098 605.11176 1096.0431 0.3 5.0 5.0 5.0 5.0 0.0 0.216 2 TOUCH_MOVE m
1401704524276 6 4098 602.98364 1096.9509 0.26666668 4.0 4.0 4.0 4.0 0.0 0.21200001 2 TOUCH_MOVE m
1401704524293 6 4098 601.88715 1096.338 0.23333335 4.0 4.0 4.0 4.0 0.0 0.192 2 TOUCH_MOVE m
1401704524303 6 4098 601.88715 1096.338 0.23333335 4.0 4.0 4.0 4.0 0.0 0.192 1 TOUCH_UP m
1401704524466 6 4098 62.5 957.951 0.20000002 3.0 3.0 3.0 3.0 0.0 0.18400002 0 TOUCH_DOWN a
1401704524478 6 4098 62.18502 957.951 0.23333335 4.0 4.0 4.0 4.0 0.0 0.18800001 2 TOUCH_MOVE a
1401704524495 6 4098 61.25513 957.2061 0.23333335 4.0 4.0 4.0 4.0 0.0 0.192 2 TOUCH_MOVE a
1401704524509 6 4098 60.26695 956.21796 0.23333335 4.0 4.0 4.0 4.0 0.0 0.192 2 TOUCH_MOVE a
1401704524526 6 4098 59.295776 955.951 0.23333335 4.0 4.0 4.0 4.0 0.0 0.192 2 TOUCH_MOVE a
1401704524542 6 4098 58.362095 955.951 0.23333335 4.0 4.0 4.0 4.0 0.0 0.192 2 TOUCH_MOVE a
1401704524559 6 4098 56.73089 955.951 0.20000002 3.0 3.0 3.0 3.0 0.0 0.18 2 TOUCH_MOVE a
1401704524569 6 4098 56.5 955.951 0.20000002 3.0 3.0 3.0 3.0 0.0 0.136 2 TOUCH_MOVE a
1401704524572 6 4098 56.5 955.951 0.20000002 3.0 3.0 3.0 3.0 0.0 0.136 1 TOUCH_UP a
1401704524791 6 4098 586.0 966.951 0.26666668 5.0 5.0 5.0 5.0 0.0 0.216 0 TOUCH_DOWN k
1401704524796 6 4098 586.0 966.951 0.3 5.0 5.0 5.0 5.0 0.0 0.224 2 TOUCH_MOVE k
1401704524812 6 4098 584.8585 966.951 0.3 5.0 5.0 5.0 5.0 0.0 0.23200001 2 TOUCH_MOVE k
1401704524826 6 4098 583.4681 966.951 0.3 5.0 5.0 5.0 5.0 0.0 0.22800002 2 TOUCH_MOVE k
1401704524842 6 4098 582.75 967.701 0.3 5.0 5.0 5.0 5.0 0.0 0.224 2 TOUCH_MOVE k
1401704524859 6 4098 581.5716 968.8794 0.23333335 4.0 4.0 4.0 4.0 0.0 0.20400001 2 TOUCH_MOVE k
1401704524863 6 4098 581.5 968.951 0.20000002 4.0 4.0 4.0 4.0 0.0 0.18 2 TOUCH_MOVE k
1401704524866 6 4098 581.5 968.951 0.20000002 4.0 4.0 4.0 4.0 0.0 0.18 1 TOUCH_UP k
1401704525020 6 4098 161.5 829.951 0.33333334 5.0 5.0 5.0 5.0 0.0 0.21200001 0 TOUCH_DOWN e
1401704525123 6 4098 161.5 829.951 0.26666668 5.0 5.0 5.0 5.0 0.0 0.136 2 TOUCH_MOVE e
1401704525126 6 4098 161.5 829.951 0.26666668 5.0 5.0 5.0 5.0 0.0 0.136 1 TOUCH_UP e
1401704525430 6 4098 340.5 1215.4509 0.23333335 4.0 4.0 4.0 4.0 0.0 0.2 0 TOUCH_DOWN Space
1401704525443 6 4098 340.5 1215.4509 0.23333335 4.0 4.0 4.0 4.0 0.0 0.20400001 2 TOUCH_MOVE Space
1401704525476 6 4098 340.5 1216.1042 0.23333335 4.0 4.0 4.0 4.0 0.0 0.21200001 2 TOUCH_MOVE Space
1401704525514 6 4098 340.5 1216.1042 0.23333335 4.0 4.0 4.0 4.0 0.0 0.21200001 1 TOUCH_UP Space
1401704526059 6 4098 42.0 968.951 0.16666667 3.0 3.0 3.0 3.0 0.0 0.18 0 TOUCH_DOWN a
1401704526077 6 4098 42.0 968.951 0.16666667 3.0 3.0 3.0 3.0 0.0 0.18400002 2 TOUCH_MOVE a
1401704526131 6 4098 42.0 968.951 0.16666667 3.0 3.0 3.0 3.0 0.0 0.18400002 1 TOUCH_UP a
1401704526840 6 4098 331.0 1213.4509 0.26666668 5.0 5.0 5.0 5.0 0.0 0.19600001 0 TOUCH_DOWN Space
1401704526845 6 4098 331.0 1213.4509 0.26666668 5.0 5.0 5.0 5.0 0.0 0.20400001 2 TOUCH_MOVE Space
1401704526939 6 4098 331.0 1213.4509 0.26666668 5.0 5.0 5.0 5.0 0.0 0.20400001 1 TOUCH_UP Space
1401704527194 6 4098 428.0 1094.9509 0.26666668 4.0 4.0 4.0 4.0 0.0 0.216 0 TOUCH_DOWN b
1401704527228 6 4098 428.0 1096.1505 0.26666668 4.0 4.0 4.0 4.0 0.0 0.208 2 TOUCH_MOVE b
1401704527245 6 4098 428.0 1096.9509 0.23333335 4.0 4.0 4.0 4.0 0.0 0.17600001 2 TOUCH_MOVE b
1401704527251 6 4098 428.0 1096.9509 0.23333335 4.0 4.0 4.0 4.0 0.0 0.17600001 1 TOUCH_UP b
1401704527692 6 4098 256.0 833.451 0.3 5.0 5.0 5.0 5.0 0.0 0.208 0 TOUCH_DOWN r
1401704527729 6 4098 254.82266 832.8623 0.3 5.0 5.0 5.0 5.0 0.0 0.20400001 2 TOUCH_MOVE r
1401704527745 6 4098 248.59277 831.8928 0.23333335 5.0 5.0 5.0 5.0 0.0 0.192 2 TOUCH_MOVE r
1401704527762 6 4098 243.9552 831.951 0.16666667 3.0 3.0 3.0 3.0 0.0 0.104 2 TOUCH_MOVE r
1401704527770 6 4098 243.9552 831.951 0.16666667 3.0 3.0 3.0 3.0 0.0 0.104 1 TOUCH_UP r
1401704528050 6 4098 528.5 845.451 0.26666668 4.0 4.0 4.0 4.0 0.0 0.208 0 TOUCH_DOWN i
1401704528062 6 4098 528.5 845.451 0.3 5.0 5.0 5.0 5.0 0.0 0.216 2 TOUCH_MOVE i
1401704528082 6 4098 526.60455 845.74945 0.26666668 5.0 5.0 5.0 5.0 0.0 0.216 2 TOUCH_MOVE i
1401704528096 6 4098 523.7055 846.7158 0.26666668 5.0 5.0 5.0 5.0 0.0 0.21200001 2 TOUCH_MOVE i
1401704528112 6 4098 520.04846 848.6647 0.20000002 4.0 4.0 4.0 4.0 0.0 0.192 2 TOUCH_MOVE i
1401704528121 6 4098 519.0 849.451 0.20000002 4.0 4.0 4.0 4.0 0.0 0.17600001 2 TOUCH_MOVE i
1401704528124 6 4098 519.0 849.451 0.20000002 4.0 4.0 4.0 4.0 0.0 0.17600001 1 TOUCH_UP i
1401704528458 6 4098 344.0 975.951 0.26666668 4.0 4.0 4.0 4.0 0.0 0.208 0 TOUCH_DOWN g
1401704528480 6 4098 344.0 975.951 0.26666668 4.0 4.0 4.0 4.0 0.0 0.21200001 2 TOUCH_MOVE g
1401704528513 6 4098 344.5 975.201 0.26666668 4.0 4.0 4.0 4.0 0.0 0.21200001 2 TOUCH_MOVE g
1401704528542 6 4098 344.5 975.201 0.26666668 4.0 4.0 4.0 4.0 0.0 0.21200001 1 TOUCH_UP g
1401704528636 6 4098 451.5 960.451 0.3 5.0 5.0 5.0 5.0 0.0 0.216 0 TOUCH_DOWN h
1401704528647 6 4098 451.5 960.451 0.3 5.0 5.0 5.0 5.0 0.0 0.224 2 TOUCH_MOVE h
1401704528663 6 4098 449.97073 961.9802 0.3 5.0 5.0 5.0 5.0 0.0 0.23200001 2 TOUCH_MOVE h
1401704528683 6 4098 447.07333 964.8776 0.3 5.0 5.0 5.0 5.0 0.0 0.23600002 2 TOUCH_MOVE h
1401704528696 6 4098 444.6659 967.2851 0.3 5.0 5.0 5.0 5.0 0.0 0.23600002 2 TOUCH_MOVE h
1401704528713 6 4098 442.20776 971.9316 0.3 5.0 5.0 5.0 5.0 0.0 0.22000001 2 TOUCH_MOVE h
1401704528726 6 4098 441.0 974.451 0.23333335 4.0 4.0 4.0 4.0 0.0 0.192 2 TOUCH_MOVE h
1401704528731 6 4098 441.0 974.451 0.23333335 4.0 4.0 4.0 4.0 0.0 0.192 1 TOUCH_UP h
1401704528881 6 4098 326.5 842.951 0.3 5.0 5.0 5.0 5.0 0.0 0.21200001 0 TOUCH_DOWN t
1401704528896 6 4098 326.5 842.951 0.3 5.0 5.0 5.0 5.0 0.0 0.216 2 TOUCH_MOVE t
1401704528931 6 4098 326.129 842.07996 0.3 5.0 5.0 5.0 5.0 0.0 0.21200001 2 TOUCH_MOVE t
1401704528947 6 4098 323.1258 841.0762 0.26666668 4.0 4.0 4.0 4.0 0.0 0.20400001 2 TOUCH_MOVE t
1401704528963 6 4098 317.5 840.451 0.23333335 4.0 4.0 4.0 4.0 0.0 0.18400002 2 TOUCH_MOVE t
1401704528969 6 4098 317.5 840.451 0.16666667 3.0 3.0 3.0 3.0 0.0 0.120000005 2 TOUCH_MOVE t
1401704528973 6 4098 317.5 840.451 0.16666667 3.0 3.0 3.0 3.0 0.0 0.120000005 1 TOUCH_UP t
1401704529107 6 4098 186.0 825.951 0.3 5.0 5.0 5.0 5.0 0.0 0.208 0 TOUCH_DOWN e
1401704529163 6 4098 186.0 827.3454 0.3 5.0 5.0 5.0 5.0 0.0 0.208 2 TOUCH_MOVE e
1401704529184 6 4098 186.0 828.32056 0.20000002 4.0 4.0 4.0 4.0 0.0 0.18400002 2 TOUCH_MOVE e
1401704529190 6 4098 186.0 828.451 0.16666667 3.0 3.0 3.0 3.0 0.0 0.104 2 TOUCH_MOVE e
1401704529193 6 4098 186.0 828.451 0.16666667 3.0 3.0 3.0 3.0 0.0 0.104 1 TOUCH_UP e
1401704529348 6 4098 266.5 837.451 0.33333334 5.0 5.0 5.0 5.0 0.0 0.22000001 0 TOUCH_DOWN r
1401704529413 6 4098 264.96548 837.451 0.3 5.0 5.0 5.0 5.0 0.0 0.216 2 TOUCH_MOVE r
1401704529432 6 4098 259.95236 837.7435 0.26666668 4.0 4.0 4.0 4.0 0.0 0.208 2 TOUCH_MOVE r
1401704529445 6 4098 254.5 838.951 0.20000002 4.0 4.0 4.0 4.0 0.0 0.18 2 TOUCH_MOVE r
1401704529450 6 4098 254.5 838.951 0.20000002 4.0 4.0 4.0 4.0 0.0 0.18 1 TOUCH_UP r
1401704529547 6 4098 305.0 1226.9509 0.23333335 4.0 4.0 4.0 4.0 0.0 0.20400001 0 TOUCH_DOWN Space
1401704529564 6 4098 305.0 1226.9509 0.23333335 4.0 4.0 4.0 4.0 0.0 0.208 2 TOUCH_MOVE Space
1401704529597 6 4098 304.56528 1227.8856 0.23333335 4.0 4.0 4.0 4.0 0.0 0.2 2 TOUCH_MOVE Space
1401704529612 6 4098 304.5 1227.9509 0.16666667 3.0 3.0 3.0 3.0 0.0 0.164 2 TOUCH_MOVE Space
1401704529615 6 4098 304.5 1227.9509 0.16666667 3.0 3.0 3.0 3.0 0.0 0.164 1 TOUCH_UP Space
1401704529976 6 4098 192.0 979.951 0.26666668 4.0 4.0 4.0 4.0 0.0 0.216 0 TOUCH_DOWN d
1401704530010 6 4098 191.73062 979.451 0.26666668 4.0 4.0 4.0 4.0 0.0 0.22000001 2 TOUCH_MOVE d
1401704530045 6 4098 183.0 976.951 0.20000002 4.0 4.0 4.0 4.0 0.0 0.17600001 2 TOUCH_MOVE d
1401704530051 6 4098 183.0 976.951 0.20000002 4.0 4.0 4.0 4.0 0.0 0.17600001 1 TOUCH_UP d
1401704530208 6 4098 39.5 965.451 0.16666667 3.0 3.0 3.0 3.0 0.0 0.18400002 0 TOUCH_DOWN a
1401704530248 6 4098 39.995808 965.951 0.16666667 3.0 3.0 3.0 3.0 0.0 0.18800001 2 TOUCH_MOVE a
1401704530265 6 4098 40.0 966.90906 0.16666667 3.0 3.0 3.0 3.0 0.0 0.18800001 2 TOUCH_MOVE a
1401704530282 6 4098 40.0 967.8701 0.16666667 3.0 3.0 3.0 3.0 0.0 0.18800001 2 TOUCH_MOVE a
1401704530298 6 4098 39.61808 969.21484 0.13333334 2.0 2.0 2.0 2.0 0.0 0.18 2 TOUCH_MOVE a
1401704530311 6 4098 39.5 969.451 0.10000001 2.0 2.0 2.0 2.0 0.0 0.1 2 TOUCH_MOVE a
1401704530316 6 4098 39.5 969.451 0.10000001 2.0 2.0 2.0 2.0 0.0 0.1 1 TOUCH_UP a
1401704530417 6 4098 434.0 841.951 0.26666668 4.0 4.0 4.0 4.0 0.0 0.21200001 0 TOUCH_DOWN u
1401704530431 6 4098 434.0 841.951 0.26666668 4.0 4.0 4.0 4.0 0.0 0.216 2 TOUCH_MOVE u
1401704530448 6 4098 431.35977 841.451 0.3 5.0 5.0 5.0 5.0 0.0 0.224 2 TOUCH_MOVE u
1401704530464 6 4098 428.47797 841.451 0.3 5.0 5.0 5.0 5.0 0.0 0.22000001 2 TOUCH_MOVE u
1401704530484 6 4098 425.7413 842.2901 0.3 5.0 5.0 5.0 5.0 0.0 0.22000001 2 TOUCH_MOVE u
1401704530499 6 4098 422.25238 846.5724 0.23333335 4.0 4.0 4.0 4.0 0.0 0.20400001 2 TOUCH_MOVE u
1401704530502 6 4098 422.0 846.951 0.13333334 2.0 2.0 2.0 2.0 0.0 0.16000001 2 TOUCH_MOVE u
1401704530521 6 4098 422.0 846.951 0.13333334 2.0 2.0 2.0 2.0 0.0 0.16000001 1 TOUCH_UP u
1401704531953 6 4098 682.0 1099.4509 0.26666668 4.0 4.0 4.0 4.0 0.0 0.20400001 0 TOUCH_DOWN Back
1401704531968 6 4098 682.0 1099.4509 0.3 5.0 5.0 5.0 5.0 0.0 0.21200001 2 TOUCH_MOVE Back
1401704531983 6 4098 682.0 1100.0062 0.3 5.0 5.0 5.0 5.0 0.0 0.216 2 TOUCH_MOVE Back
1401704531999 6 4098 680.9018 1101.0491 0.3 5.0 5.0 5.0 5.0 0.0 0.216 2 TOUCH_MOVE Back
1401704532016 6 4098 681.0 1101.7009 0.3 5.0 5.0 5.0 5.0 0.0 0.21200001 2 TOUCH_MOVE Back
1401704532042 6 4098 681.0 1101.7009 0.3 5.0 5.0 5.0 5.0 0.0 0.21200001 1 TOUCH_UP Back
1401704532707 6 4098 407.5 835.951 0.33333334 5.0 5.0 5.0 5.0 0.0 0.23200001 0 TOUCH_DOWN y
1401704532789 6 4098 407.5 835.951 0.13333334 2.0 2.0 2.0 2.0 0.0 0.112 2 TOUCH_MOVE y
1401704532793 6 4098 407.5 835.951 0.13333334 2.0 2.0 2.0 2.0 0.0 0.112 1 TOUCH_UP y
1401704533242 6 4098 664.5 1234.9509 0.20000002 5.0 5.0 5.0 5.0 0.0 0.18400002 0 TOUCH_DOWN Enter
1401704533250 6 4098 664.5 1234.9509 0.23333335 5.0 5.0 5.0 5.0 0.0 0.18800001 2 TOUCH_MOVE Enter
1401704533284 6 4098 665.7416 1234.9509 0.23333335 5.0 5.0 5.0 5.0 0.0 0.18800001 2 TOUCH_MOVE Enter
1401704533300 6 4098 666.0 1234.9509 0.23333335 5.0 5.0 5.0 5.0 0.0 0.18800001 2 TOUCH_MOVE Enter
1401704533304 6 4098 666.0 1234.9509 0.23333335 5.0 5.0 5.0 5.0 0.0 0.18800001 1 TOUCH_UP Enter
1401704533835 6 4098 145.0 976.451 0.23333335 4.0 4.0 4.0 4.0 0.0 0.2 0 TOUCH_DOWN S
1401704533890 6 4098 144.17567 977.924 0.26666668 4.0 4.0 4.0 4.0 0.0 0.19600001 2 TOUCH_MOVE S
1401704533898 6 4098 143.0 979.951 0.20000002 4.0 4.0 4.0 4.0 0.0 0.18 2 TOUCH_MOVE S
1401704533903 6 4098 143.0 979.951 0.20000002 4.0 4.0 4.0 4.0 0.0 0.18 1 TOUCH_UP S
1401704534033 6 4098 609.0 825.451 0.33333334 5.0 5.0 5.0 5.0 0.0 0.224 0 TOUCH_DOWN o
1401704534052 6 4098 609.0 825.451 0.33333334 5.0 5.0 5.0 5.0 0.0 0.22800002 2 TOUCH_MOVE o
1401704534114 6 4098 609.0 825.451 0.33333334 5.0 5.0 5.0 5.0 0.0 0.2 2 TOUCH_MOVE o
1401704534117 6 4098 609.0 825.451 0.33333334 5.0 5.0 5.0 5.0 0.0 0.2 1 TOUCH_UP o
1401704534973 6 4098 316.5 1241.4509 0.16666667 4.0 4.0 4.0 4.0 0.0 0.18800001 0 TOUCH_DOWN Space
1401704534986 6 4098 316.5 1241.4509 0.20000002 4.0 4.0 4.0 4.0 0.0 0.19600001 2 TOUCH_MOVE Space
1401704535019 6 4098 315.0 1239.5673 0.23333335 5.0 5.0 5.0 5.0 0.0 0.19600001 2 TOUCH_MOVE Space
1401704535035 6 4098 315.42194 1239.4509 0.23333335 5.0 5.0 5.0 5.0 0.0 0.192 2 TOUCH_MOVE Space
1401704535041 6 4098 315.5 1239.4509 0.16666667 4.0 4.0 4.0 4.0 0.0 0.18 2 TOUCH_MOVE Space
1401704535045 6 4098 315.5 1239.4509 0.16666667 4.0 4.0 4.0 4.0 0.0 0.18 1 TOUCH_UP Space
1401704535305 6 4098 651.5 991.451 0.26666668 4.0 4.0 4.0 4.0 0.0 0.20400001 0 TOUCH_DOWN l
1401704535319 6 4098 651.5 991.451 0.26666668 4.0 4.0 4.0 4.0 0.0 0.208 2 TOUCH_MOVE l
1401704535364 6 4098 651.5 991.451 0.26666668 4.0 4.0 4.0 4.0 0.0 0.208 1 TOUCH_UP l
1401704535560 6 4098 172.5 848.951 0.23333335 4.0 4.0 4.0 4.0 0.0 0.21200001 0 TOUCH_DOWN e
1401704535569 6 4098 172.5 848.951 0.26666668 4.0 4.0 4.0 4.0 0.0 0.21200001 2 TOUCH_MOVE e
1401704535603 6 4098 173.58398 848.367 0.3 5.0 5.0 5.0 5.0 0.0 0.224 2 TOUCH_MOVE e
1401704535619 6 4098 175.00027 847.45074 0.3 5.0 5.0 5.0 5.0 0.0 0.224 2 TOUCH_MOVE e
1401704535637 6 4098 175.75 846.701 0.3 5.0 5.0 5.0 5.0 0.0 0.224 2 TOUCH_MOVE e
1401704535689 6 4098 175.75 846.701 0.3 5.0 5.0 5.0 5.0 0.0 0.224 1 TOUCH_UP e
1401704535858 6 4098 323.5 830.951 0.33333334 5.0 5.0 5.0 5.0 0.0 0.22000001 0 TOUCH_DOWN t
1401704535938 6 4098 321.53668 832.9143 0.26666668 4.0 4.0 4.0 4.0 0.0 0.21200001 2 TOUCH_MOVE t
1401704535953 6 4098 318.0 835.951 0.26666668 4.0 4.0 4.0 4.0 0.0 0.192 2 TOUCH_MOVE t
1401704535959 6 4098 318.0 835.951 0.16666667 3.0 3.0 3.0 3.0 0.0 0.112 2 TOUCH_MOVE t
1401704535962 6 4098 318.0 835.951 0.16666667 3.0 3.0 3.0 3.0 0.0 0.112 1 TOUCH_UP t
1401704536501 6 4098 560.5 1211.9509 0.26666668 5.0 5.0 5.0 5.0 0.0 0.19600001 0 TOUCH_DOWN '
1401704536537 6 4098 560.5 1211.9509 0.26666668 5.0 5.0 5.0 5.0 0.0 0.20400001 2 TOUCH_MOVE '
1401704536570 6 4098 560.5 1213.2009 0.26666668 5.0 5.0 5.0 5.0 0.0 0.18800001 2 TOUCH_MOVE '
1401704536578 6 4098 560.5 1213.2009 0.26666668 5.0 5.0 5.0 5.0 0.0 0.18800001 1 TOUCH_UP '
1401704536739 6 4098 140.0 983.951 0.26666668 4.0 4.0 4.0 4.0 0.0 0.20400001 0 TOUCH_DOWN s
1401704536817 6 4098 140.0 983.951 0.16666667 3.0 3.0 3.0 3.0 0.0 0.14 2 TOUCH_MOVE s
1401704536821 6 4098 140.0 983.951 0.16666667 3.0 3.0 3.0 3.0 0.0 0.14 1 TOUCH_UP s
1401704536921 6 4098 346.0 1238.9509 0.23333335 4.0 4.0 4.0 4.0 0.0 0.2 0 TOUCH_DOWN Space
1401704536964 6 4098 344.92548 1236.2274 0.23333335 4.0 4.0 4.0 4.0 0.0 0.208 2 TOUCH_MOVE Space
1401704536970 6 4098 343.96475 1234.4156 0.23333335 4.0 4.0 4.0 4.0 0.0 0.2 2 TOUCH_MOVE Space
1401704536993 6 4098 343.96475 1234.4156 0.23333335 4.0 4.0 4.0 4.0 0.0 0.2 1 TOUCH_UP Space
1401704537073 6 4098 134.0 974.451 0.23333335 4.0 4.0 4.0 4.0 0.0 0.208 0 TOUCH_DOWN s
1401704537171 6 4098 134.0 974.451 0.23333335 4.0 4.0 4.0 4.0 0.0 0.208 1 TOUCH_UP s
1401704537458 6 4098 344.0 844.451 0.3 5.0 5.0 5.0 5.0 0.0 0.22000001 0 TOUCH_DOWN t
1401704537471 6 4098 344.0 844.451 0.26666668 4.0 4.0 4.0 4.0 0.0 0.216 2 TOUCH_MOVE t
1401704537490 6 4098 342.73535 844.06866 0.3 5.0 5.0 5.0 5.0 0.0 0.22000001 2 TOUCH_MOVE t
1401704537504 6 4098 339.25827 843.451 0.3 5.0 5.0 5.0 5.0 0.0 0.22000001 2 TOUCH_MOVE t
1401704537521 6 4098 332.2228 845.1427 0.3 5.0 5.0 5.0 5.0 0.0 0.208 2 TOUCH_MOVE t
1401704537539 6 4098 327.75 846.701 0.13333334 2.0 2.0 2.0 2.0 0.0 0.14 2 TOUCH_MOVE t
1401704537556 6 4098 327.75 846.701 0.13333334 2.0 2.0 2.0 2.0 0.0 0.14 1 TOUCH_UP t
1401704537778 6 4098 59.5 947.951 0.23333335 4.0 4.0 4.0 4.0 0.0 0.192 0 TOUCH_DOWN a
1401704537790 6 4098 59.5 947.951 0.23333335 4.0 4.0 4.0 4.0 0.0 0.19600001 2 TOUCH_MOVE a
1401704537855 6 4098 58.957016 948.99396 0.23333335 4.0 4.0 4.0 4.0 0.0 0.18400002 2 TOUCH_MOVE a
1401704537865 6 4098 59.0 948.951 0.16666667 3.0 3.0 3.0 3.0 0.0 0.128 2 TOUCH_MOVE a
1401704537870 6 4098 59.0 948.951 0.16666667 3.0 3.0 3.0 3.0 0.0 0.128 1 TOUCH_UP a
1401704538136 6 4098 231.0 854.451 0.3 5.0 5.0 5.0 5.0 0.0 0.22800002 0 TOUCH_DOWN r
1401704538155 6 4098 231.0 854.451 0.3 5.0 5.0 5.0 5.0 0.0 0.224 2 TOUCH_MOVE r
1401704538189 6 4098 231.61427 854.451 0.3 5.0 5.0 5.0 5.0 0.0 0.224 2 TOUCH_MOVE r
1401704538222 6 4098 231.5 854.451 0.20000002 4.0 4.0 4.0 4.0 0.0 0.192 2 TOUCH_MOVE r
1401704538230 6 4098 231.5 854.451 0.23333335 5.0 5.0 5.0 5.0 0.0 0.164 2 TOUCH_MOVE r
1401704538234 6 4098 231.5 854.451 0.23333335 5.0 5.0 5.0 5.0 0.0 0.164 1 TOUCH_UP r
1401704538403 6 4098 326.0 824.451 0.33333334 5.0 5.0 5.0 5.0 0.0 0.224 0 TOUCH_DOWN t
1401704538430 6 4098 326.2665 824.451 0.33333334 5.0 5.0 5.0 5.0 0.0 0.22800002 2 TOUCH_MOVE t
1401704538440 6 4098 326.7352 824.451 0.33333334 5.0 5.0 5.0 5.0 0.0 0.22800002 2 TOUCH_MOVE t
1401704538455 6 4098 327.5 824.6775 0.33333334 5.0 5.0 5.0 5.0 0.0 0.22800002 2 TOUCH_MOVE t
1401704538472 6 4098 328.19046 826.3319 0.33333334 5.0 5.0 5.0 5.0 0.0 0.216 2 TOUCH_MOVE t
1401704538489 6 4098 326.7241 830.1408 0.3 5.0 5.0 5.0 5.0 0.0 0.192 2 TOUCH_MOVE t
1401704538498 6 4098 327.0 829.451 0.20000002 3.0 3.0 3.0 3.0 0.0 0.112 2 TOUCH_MOVE t
1401704538502 6 4098 327.0 829.451 0.20000002 3.0 3.0 3.0 3.0 0.0 0.112 1 TOUCH_UP t
1401704538599 6 4098 344.0 1229.9509 0.23333335 4.0 4.0 4.0 4.0 0.0 0.2 0 TOUCH_DOWN Space
1401704538605 6 4098 344.0 1229.9509 0.26666668 5.0 5.0 5.0 5.0 0.0 0.208 2 TOUCH_MOVE Space
1401704538639 6 4098 342.68832 1229.9509 0.26666668 5.0 5.0 5.0 5.0 0.0 0.208 2 TOUCH_MOVE Space
1401704538657 6 4098 342.12863 1229.9509 0.26666668 5.0 5.0 5.0 5.0 0.0 0.208 2 TOUCH_MOVE Space
1401704538671 6 4098 342.0 1229.9509 0.23333335 4.0 4.0 4.0 4.0 0.0 0.19600001 2 TOUCH_MOVE Space
1401704538690 6 4098 342.0 1229.9509 0.23333335 4.0 4.0 4.0 4.0 0.0 0.19600001 1 TOUCH_UP Space
1401704539084 6 4098 332.0 960.951 0.3 5.0 5.0 5.0 5.0 0.0 0.208 0 TOUCH_DOWN g
1401704539106 6 4098 332.0 960.5637 0.3 5.0 5.0 5.0 5.0 0.0 0.216 2 TOUCH_MOVE g
1401704539123 6 4098 332.0 959.71124 0.33333334 5.0 5.0 5.0 5.0 0.0 0.224 2 TOUCH_MOVE g
1401704539141 6 4098 332.0 958.74963 0.33333334 5.0 5.0 5.0 5.0 0.0 0.224 2 TOUCH_MOVE g
1401704539156 6 4098 332.0 957.8078 0.33333334 5.0 5.0 5.0 5.0 0.0 0.224 2 TOUCH_MOVE g
1401704539172 6 4098 330.87024 957.951 0.3 5.0 5.0 5.0 5.0 0.0 0.21200001 2 TOUCH_MOVE g
1401704539189 6 4098 327.773 959.0267 0.26666668 5.0 5.0 5.0 5.0 0.0 0.19600001 2 TOUCH_MOVE g
1401704539201 6 4098 326.5 960.451 0.20000002 4.0 4.0 4.0 4.0 0.0 0.17600001 2 TOUCH_MOVE g
1401704539204 6 4098 326.5 960.451 0.20000002 4.0 4.0 4.0 4.0 0.0 0.17600001 1 TOUCH_UP g
1401704539356 6 4098 530.5 862.451 0.26666668 5.0 5.0 5.0 5.0 0.0 0.216 0 TOUCH_DOWN i
1401704539377 6 4098 530.5 862.451 0.26666668 5.0 5.0 5.0 5.0 0.0 0.224 2 TOUCH_MOVE i
1401704539406 6 4098 531.0314 863.48236 0.26666668 5.0 5.0 5.0 5.0 0.0 0.208 2 TOUCH_MOVE i
1401704539416 6 4098 532.5 863.951 0.23333335 4.0 4.0 4.0 4.0 0.0 0.192 2 TOUCH_MOVE i
1401704539421 6 4098 532.5 863.951 0.23333335 4.0 4.0 4.0 4.0 0.0 0.192 1 TOUCH_UP i
1401704539697 6 4098 333.5 1097.4509 0.3 5.0 5.0 5.0 5.0 0.0 0.20400001 0 TOUCH_DOWN v
1401704539756 6 4098 333.5 1098.2787 0.3 5.0 5.0 5.0 5.0 0.0 0.216 2 TOUCH_MOVE v
1401704539773 6 4098 332.71445 1098.9509 0.3 5.0 5.0 5.0 5.0 0.0 0.21200001 2 TOUCH_MOVE v
1401704539790 6 4098 331.82077 1099.6301 0.3 5.0 5.0 5.0 5.0 0.0 0.20400001 2 TOUCH_MOVE v
1401704539806 6 4098 331.0 1099.9509 0.26666668 5.0 5.0 5.0 5.0 0.0 0.18 2 TOUCH_MOVE v
1401704539809 6 4098 331.0 1099.9509 0.26666668 5.0 5.0 5.0 5.0 0.0 0.18 1 TOUCH_UP v
1401704539863 6 4098 535.0 859.451 0.26666668 5.0 5.0 5.0 5.0 0.0 0.22000001 0 TOUCH_DOWN i
1401704539907 6 4098 533.51196 859.451 0.26666668 5.0 5.0 5.0 5.0 0.0 0.224 2 TOUCH_MOVE i
1401704539924 6 4098 532.54755 859.90344 0.26666668 5.0 5.0 5.0 5.0 0.0 0.21200001 2 TOUCH_MOVE i
1401704539938 6 4098 532.5 859.951 0.16666667 3.0 3.0 3.0 3.0 0.0 0.1 2 TOUCH_MOVE i
1401704539944 6 4098 532.5 859.951 0.16666667 3.0 3.0 3.0 3.0 0.0 0.1 1 TOUCH_UP i
1401704540180 6 4098 495.5 1104.4509 0.33333334 5.0 5.0 5.0 5.0 0.0 0.208 0 TOUCH_DOWN n
1401704540197 6 4098 495.5 1104.4509 0.3 5.0 5.0 5.0 5.0 0.0 0.216 2 TOUCH_MOVE n
1401704540240 6 4098 496.74683 1104.4509 0.3 5.0 5.0 5.0 5.0 0.0 0.216 2 TOUCH_MOVE n
1401704540256 6 4098 498.0 1104.4509 0.3 5.0 5.0 5.0 5.0 0.0 0.18400002 2 TOUCH_MOVE n
1401704540260 6 4098 498.0 1104.4509 0.3 5.0 5.0 5.0 5.0 0.0 0.18400002 1 TOUCH_UP n
1401704540525 6 4098 352.0 970.951 0.26666668 4.0 4.0 4.0 4.0 0.0 0.208 0 TOUCH_DOWN g
1401704540549 6 4098 352.0 970.951 0.26666668 4.0 4.0 4.0 4.0 0.0 0.21200001 2 TOUCH_MOVE g
1401704540591 6 4098 352.0 970.951 0.16666667 3.0 3.0 3.0 3.0 0.0 0.18400002 2 TOUCH_MOVE g
1401704540599 6 4098 352.0 970.951 0.16666667 3.0 3.0 3.0 3.0 0.0 0.18400002 1 TOUCH_UP g
