1401704411707 6 4098 112.0 814.951 0.3 5.0 5.0 5.0 5.0 0.0 0.208 0 TOUCH_DOWN W
1401704411787 6 4098 110.959274 815.4917 0.3 5.0 5.0 5.0 5.0 0.0 0.19600001 2 TOUCH_MOVE W
1401704411797 6 4098 111.0 815.951 0.3 5.0 5.0 5.0 5.0 0.0 0.17600001 2 TOUCH_MOVE W
1401704411801 6 4098 111.0 815.951 0.3 5.0 5.0 5.0 5.0 0.0 0.17600001 1 TOUCH_UP W
1401704411944 6 4098 189.0 821.951 0.26666668 4.0 4.0 4.0 4.0 0.0 0.224 0 TOUCH_DOWN e
1401704412004 6 4098 189.0 821.951 0.3 5.0 5.0 5.0 5.0 0.0 0.2 2 TOUCH_MOVE e
1401704412014 6 4098 189.0 821.951 0.26666668 5.0 5.0 5.0 5.0 0.0 0.17600001 2 TOUCH_MOVE e
1401704412018 6 4098 189.0 821.951 0.26666668 5.0 5.0 5.0 5.0 0.0 0.17600001 1 TOUCH_UP e
1401704412180 6 4098 328.0 1225.4509 0.26666668 5.0 5.0 5.0 5.0 0.0 0.20400001 0 TOUCH_DOWN Space
1401704412195 6 4098 328.0 1225.4509 0.26666668 5.0 5.0 5.0 5.0 0.0 0.208 2 TOUCH_MOVE Space
1401704412221 6 4098 328.0 1225.9769 0.26666668 5.0 5.0 5.0 5.0 0.0 0.20400001 2 TOUCH_MOVE Space
1401704412237 6 4098 328.0 1227.0201 0.23333335 5.0 5.0 5.0 5.0 0.0 0.18400002 2 TOUCH_MOVE Space
1401704412241 6 4098 328.0 1227.0201 0.23333335 5.0 5.0 5.0 5.0 0.0 0.18400002 1 TOUCH_UP Space
1401704412289 6 4098 55.0 946.451 0.26666668 5.0 5.0 5.0 5.0 0.0 0.18800001 0 TOUCH_DOWN a
1401704412371 6 4098 55.0 946.451 0.26666668 5.0 5.0 5.0 5.0 0.0 0.18400002 2 TOUCH_MOVE a
1401704412378 6 4098 55.0 946.451 0.26666668 5.0 5.0 5.0 5.0 0.0 0.148 2 TOUCH_MOVE a
1401704412389 6 4098 55.0 946.451 0.26666668 5.0 5.0 5.0 5.0 0.0 0.148 1 TOUCH_UP a
1401704412621 6 4098 270.5 845.951 0.3 5.0 5.0 5.0 5.0 0.0 0.22800002 0 TOUCH_DOWN r
1401704412655 6 4098 269.8571 844.16516 0.33333334 5.0 5.0 5.0 5.0 0.0 0.23200001 2 TOUCH_MOVE r
1401704412671 6 4098 267.17584 841.12683 0.33333334 5.0 5.0 5.0 5.0 0.0 0.22800002 2 TOUCH_MOVE r
1401704412689 6 4098 262.7535 838.57776 0.3 5.0 5.0 5.0 5.0 0.0 0.224 2 TOUCH_MOVE r
1401704412705 6 4098 251.55455 835.3396 0.20000002 4.0 4.0 4.0 4.0 0.0 0.18400002 2 TOUCH_MOVE r
1401704412710 6 4098 251.55455 835.3396 0.20000002 4.0 4.0 4.0 4.0 0.0 0.18400002 1 TOUCH_UP r
1401704412820 6 4098 150.0 822.451 0.3 5.0 5.0 5.0 5.0 0.0 0.21200001 0 TOUCH_DOWN e
1401704412838 6 4098 150.0 822.451 0.33333334 5.0 5.0 5.0 5.0 0.0 0.21200001 2 TOUCH_MOVE e
1401704412855 6 4098 150.0 823.1393 0.33333334 5.0 5.0 5.0 5.0 0.0 0.216 2 TOUCH_MOVE e
1401704412872 6 4098 150.0 824.11505 0.33333334 5.0 5.0 5.0 5.0 0.0 0.216 2 TOUCH_MOVE e
1401704412890 6 4098 150.0 825.33234 0.3 5.0 5.0 5.0 5.0 0.0 0.21200001 2 TOUCH_MOVE e
1401704412905 6 4098 148.306 827.64496 0.26666668 5.0 5.0 5.0 5.0 0.0 0.17600001 2 TOUCH_MOVE e
1401704412910 6 4098 148.306 827.64496 0.26666668 5.0 5.0 5.0 5.0 0.0 0.17600001 1 TOUCH_UP e
1401704412998 6 4098 351.5 1195.9509 0.26666668 4.0 4.0 4.0 4.0 0.0 0.216 0 TOUCH_DOWN Space
1401704413005 6 4098 351.1797 1195.9509 0.26666668 4.0 4.0 4.0 4.0 0.0 0.22000001 2 TOUCH_MOVE Space
1401704413024 6 4098 349.5965 1195.6498 0.33333334 5.0 5.0 5.0 5.0 0.0 0.22800002 2 TOUCH_MOVE Space
1401704413038 6 4098 347.41492 1195.1584 0.33333334 5.0 5.0 5.0 5.0 0.0 0.23200001 2 TOUCH_MOVE Space
1401704413055 6 4098 346.24353 1194.9509 0.33333334 5.0 5.0 5.0 5.0 0.0 0.23200001 2 TOUCH_MOVE Space
1401704413073 6 4098 345.30536 1194.9509 0.33333334 5.0 5.0 5.0 5.0 0.0 0.23200001 2 TOUCH_MOVE Space
1401704413089 6 4098 344.36658 1194.9509 0.3 5.0 5.0 5.0 5.0 0.0 0.208 2 TOUCH_MOVE Space
1401704413097 6 4098 344.0 1194.9509 0.20000002 4.0 4.0 4.0 4.0 0.0 0.18400002 2 TOUCH_MOVE Space
1401704413100 6 4098 344.0 1194.9509 0.20000002 4.0 4.0 4.0 4.0 0.0 0.18400002 1 TOUCH_UP Space
1401704413228 6 4098 336.0 826.951 0.33333334 5.0 5.0 5.0 5.0 0.0 0.22000001 0 TOUCH_DOWN t
1401704413275 6 4098 335.74457 827.2064 0.33333334 5.0 5.0 5.0 5.0 0.0 0.224 2 TOUCH_MOVE t
1401704413288 6 4098 332.3463 829.1597 0.33333334 5.0 5.0 5.0 5.0 0.0 0.216 2 TOUCH_MOVE t
1401704413305 6 4098 323.62164 832.44196 0.26666668 4.0 4.0 4.0 4.0 0.0 0.20400001 2 TOUCH_MOVE t
1401704413314 6 4098 320.0 833.951 0.26666668 4.0 4.0 4.0 4.0 0.0 0.18400002 2 TOUCH_MOVE t
1401704413317 6 4098 320.0 833.951 0.26666668 4.0 4.0 4.0 4.0 0.0 0.18400002 1 TOUCH_UP t
1401704413365 6 4098 428.5 986.951 0.26666668 4.0 4.0 4.0 4.0 0.0 0.22000001 0 TOUCH_DOWN h
1401704413372 6 4098 428.5 986.951 0.26666668 4.0 4.0 4.0 4.0 0.0 0.224 2 TOUCH_MOVE h
1401704413389 6 4098 426.989 986.4473 0.3 5.0 5.0 5.0 5.0 0.0 0.23200001 2 TOUCH_MOVE h
1401704413405 6 4098 422.63828 985.47864 0.3 5.0 5.0 5.0 5.0 0.0 0.23200001 2 TOUCH_MOVE h
1401704413422 6 4098 419.1839 984.51227 0.3 5.0 5.0 5.0 5.0 0.0 0.23200001 2 TOUCH_MOVE h
1401704413439 6 4098 417.59656 983.951 0.26666668 4.0 4.0 4.0 4.0 0.0 0.208 2 TOUCH_MOVE h
1401704413444 6 4098 417.5 983.951 0.20000002 4.0 4.0 4.0 4.0 0.0 0.18 2 TOUCH_MOVE h
1401704413446 6 4098 417.5 983.951 0.20000002 4.0 4.0 4.0 4.0 0.0 0.18 1 TOUCH_UP h
1401704413660 6 4098 178.0 830.951 0.3 5.0 5.0 5.0 5.0 0.0 0.20400001 0 TOUCH_DOWN e
1401704413672 6 4098 178.0 830.951 0.3 5.0 5.0 5.0 5.0 0.0 0.216 2 TOUCH_MOVE e
1401704413757 6 4098 177.11227 831.8387 0.3 5.0 5.0 5.0 5.0 0.0 0.208 2 TOUCH_MOVE e
1401704413772 6 4098 176.5 832.451 0.26666668 5.0 5.0 5.0 5.0 0.0 0.17600001 2 TOUCH_MOVE e
1401704413777 6 4098 176.5 832.451 0.26666668 5.0 5.0 5.0 5.0 0.0 0.17600001 1 TOUCH_UP e
1401704413902 6 4098 319.5 1223.4509 0.23333335 4.0 4.0 4.0 4.0 0.0 0.208 0 TOUCH_DOWN Space
1401704413925 6 4098 319.5 1223.0352 0.23333335 4.0 4.0 4.0 4.0 0.0 0.21200001 2 TOUCH_MOVE Space
1401704413941 6 4098 319.751 1222.2 0.26666668 5.0 5.0 5.0 5.0 0.0 0.216 2 TOUCH_MOVE Space
1401704413956 6 4098 320.0 1221.1935 0.23333335 4.0 4.0 4.0 4.0 0.0 0.21200001 2 TOUCH_MOVE Space
1401704413972 6 4098 320.72192 1218.5071 0.23333335 4.0 4.0 4.0 4.0 0.0 0.192 2 TOUCH_MOVE Space
1401704413988 6 4098 321.0 1217.9509 0.16666667 3.0 3.0 3.0 3.0 0.0 0.1 2 TOUCH_MOVE Space
1401704413992 6 4098 321.0 1217.9509 0.16666667 3.0 3.0 3.0 3.0 0.0 0.1 1 TOUCH_UP Space
1401704414191 6 4098 95.5 845.951 0.26666668 5.0 5.0 5.0 5.0 0.0 0.192 0 TOUCH_DOWN w
1401704414210 6 4098 95.84794 845.603 0.3 5.0 5.0 5.0 5.0 0.0 0.19600001 2 TOUCH_MOVE w
1401704414223 6 4098 97.98862 844.7881 0.3 5.0 5.0 5.0 5.0 0.0 0.20400001 2 TOUCH_MOVE w
1401704414239 6 4098 100.85102 843.834 0.3 5.0 5.0 5.0 5.0 0.0 0.20400001 2 TOUCH_MOVE w
1401704414256 6 4098 101.56642 843.951 0.3 5.0 5.0 5.0 5.0 0.0 0.2 2 TOUCH_MOVE w
1401704414273 6 4098 102.25 843.951 0.26666668 5.0 5.0 5.0 5.0 0.0 0.19600001 2 TOUCH_MOVE w
1401704414277 6 4098 102.25 843.951 0.26666668 5.0 5.0 5.0 5.0 0.0 0.19600001 1 TOUCH_UP w
1401704414452 6 4098 615.5 847.451 0.26666668 5.0 5.0 5.0 5.0 0.0 0.208 0 TOUCH_DOWN o
1401704414457 6 4098 615.5 847.451 0.26666668 5.0 5.0 5.0 5.0 0.0 0.21200001 2 TOUCH_MOVE o
1401704414473 6 4098 613.7795 847.451 0.26666668 5.0 5.0 5.0 5.0 0.0 0.22000001 2 TOUCH_MOVE o
1401704414490 6 4098 610.5987 847.451 0.26666668 5.0 5.0 5.0 5.0 0.0 0.22000001 2 TOUCH_MOVE o
1401704414506 6 4098 607.4532 847.451 0.26666668 5.0 5.0 5.0 5.0 0.0 0.208 2 TOUCH_MOVE o
1401704414523 6 4098 606.00146 848.9495 0.20000002 4.0 4.0 4.0 4.0 0.0 0.192 2 TOUCH_MOVE o
1401704414526 6 4098 606.0 848.951 0.23333335 5.0 5.0 5.0 5.0 0.0 0.156 2 TOUCH_MOVE o
1401704414529 6 4098 606.0 848.951 0.23333335 5.0 5.0 5.0 5.0 0.0 0.156 1 TOUCH_UP o
1401704414898 6 4098 249.5 837.451 0.20000002 4.0 4.0 4.0 4.0 0.0 0.19600001 0 TOUCH_DOWN r
1401704414907 6 4098 249.5 837.451 0.3 5.0 5.0 5.0 5.0 0.0 0.2 2 TOUCH_MOVE r
1401704414924 6 4098 249.5 836.89685 0.3 5.0 5.0 5.0 5.0 0.0 0.208 2 TOUCH_MOVE r
1401704414940 6 4098 249.5 835.92645 0.3 5.0 5.0 5.0 5.0 0.0 0.21200001 2 TOUCH_MOVE r
1401704414957 6 4098 249.5 835.201 0.3 5.0 5.0 5.0 5.0 0.0 0.21200001 2 TOUCH_MOVE r
1401704414974 6 4098 250.22638 834.7246 0.3 5.0 5.0 5.0 5.0 0.0 0.21200001 2 TOUCH_MOVE r
1401704415001 6 4098 250.0 834.21747 0.3 5.0 5.0 5.0 5.0 0.0 0.208 2 TOUCH_MOVE r
1401704415041 6 4098 250.0 834.451 0.16666667 3.0 3.0 3.0 3.0 0.0 0.104 2 TOUCH_MOVE r
1401704415047 6 4098 250.0 834.451 0.16666667 3.0 3.0 3.0 3.0 0.0 0.104 1 TOUCH_UP r
1401704415115 6 4098 659.0 962.951 0.23333335 4.0 4.0 4.0 4.0 0.0 0.2 0 TOUCH_DOWN l
1401704415123 6 4098 659.0 962.951 0.23333335 4.0 4.0 4.0 4.0 0.0 0.20400001 2 TOUCH_MOVE l
1401704415157 6 4098 657.4334 962.951 0.26666668 5.0 5.0 5.0 5.0 0.0 0.21200001 2 TOUCH_MOVE l
1401704415173 6 4098 656.4504 962.951 0.26666668 5.0 5.0 5.0 5.0 0.0 0.208 2 TOUCH_MOVE l
1401704415190 6 4098 655.75 962.951 0.26666668 5.0 5.0 5.0 5.0 0.0 0.20400001 2 TOUCH_MOVE l
1401704415208 6 4098 655.75 962.951 0.26666668 5.0 5.0 5.0 5.0 0.0 0.20400001 1 TOUCH_UP l
1401704415592 6 4098 207.5 980.951 0.3 5.0 5.0 5.0 5.0 0.0 0.21200001 0 TOUCH_DOWN d
1401704415607 6 4098 207.5 980.951 0.3 5.0 5.0 5.0 5.0 0.0 0.22000001 2 TOUCH_MOVE d
1401704415624 6 4098 208.01413 980.951 0.3 5.0 5.0 5.0 5.0 0.0 0.22000001 2 TOUCH_MOVE d
1401704415641 6 4098 208.75 980.951 0.3 5.0 5.0 5.0 5.0 0.0 0.22000001 2 TOUCH_MOVE d
1401704415674 6 4098 207.12263 981.38965 0.26666668 4.0 4.0 4.0 4.0 0.0 0.208 2 TOUCH_MOVE d
1401704415690 6 4098 205.0 981.951 0.26666668 4.0 4.0 4.0 4.0 0.0 0.18400002 2 TOUCH_MOVE d
1401704415695 6 4098 205.0 981.951 0.26666668 4.0 4.0 4.0 4.0 0.0 0.18400002 1 TOUCH_UP d
1401704417195 6 4098 426.0 1228.4509 0.23333335 4.0 4.0 4.0 4.0 0.0 0.208 0 TOUCH_DOWN ,
1401704417200 6 4098 426.0 1228.4509 0.23333335 4.0 4.0 4.0 4.0 0.0 0.21200001 2 TOUCH_MOVE ,
1401704417225 6 4098 428.9746 1226.9594 0.26666668 5.0 5.0 5.0 5.0 0.0 0.21200001 2 TOUCH_MOVE ,
1401704417243 6 4098 432.2937 1226.0024 0.26666668 5.0 5.0 5.0 5.0 0.0 0.21200001 2 TOUCH_MOVE ,
1401704417259 6 4098 435.7571 1226.37 0.26666668 5.0 5.0 5.0 5.0 0.0 0.2 2 TOUCH_MOVE ,
1401704417266 6 4098 436.0 1226.4509 0.26666668 5.0 5.0 5.0 5.0 0.0 0.18800001 2 TOUCH_MOVE ,
1401704417273 6 4098 436.0 1226.4509 0.26666668 5.0 5.0 5.0 5.0 0.0 0.18800001 1 TOUCH_UP ,
1401704417502 6 4098 303.0 1194.9509 0.3 5.0 5.0 5.0 5.0 0.0 0.22800002 0 TOUCH_DOWN Space
1401704417526 6 4098 303.0 1194.9509 0.3 5.0 5.0 5.0 5.0 0.0 0.23200001 2 TOUCH_MOVE Space
1401704417559 6 4098 302.25415 1197.1885 0.26666668 4.0 4.0 4.0 4.0 0.0 0.22800002 2 TOUCH_MOVE Space
1401704417575 6 4098 302.0 1197.9509 0.20000002 3.0 3.0 3.0 3.0 0.0 0.192 2 TOUCH_MOVE Space
1401704417578 6 4098 302.0 1197.9509 0.20000002 3.0 3.0 3.0 3.0 0.0 0.192 1 TOUCH_UP Space
1401704417828 6 4098 161.5 834.951 0.33333334 5.0 5.0 5.0 5.0 0.0 0.216 0 TOUCH_DOWN e
1401704417849 6 4098 161.5 834.951 0.33333334 5.0 5.0 5.0 5.0 0.0 0.22000001 2 TOUCH_MOVE e
1401704417893 6 4098 160.99995 834.951 0.3 5.0 5.0 5.0 5.0 0.0 0.208 2 TOUCH_MOVE e
1401704417910 6 4098 156.53918 838.06586 0.26666668 4.0 4.0 4.0 4.0 0.0 0.20400001 2 TOUCH_MOVE e
1401704417922 6 4098 156.0 838.451 0.16666667 3.0 3.0 3.0 3.0 0.0 0.108 2 TOUCH_MOVE e
1401704417926 6 4098 156.0 838.451 0.16666667 3.0 3.0 3.0 3.0 0.0 0.108 1 TOUCH_UP e
1401704418450 6 4098 688.5 1109.9509 0.3 5.0 5.0 5.0 5.0 0.0 0.192 0 TOUCH_DOWN Back
1401704418460 6 4098 688.5 1109.9509 0.3 5.0 5.0 5.0 5.0 0.0 0.19600001 2 TOUCH_MOVE Back
1401704418496 6 4098 688.5 1109.9509 0.3 5.0 5.0 5.0 5.0 0.0 0.19600001 1 TOUCH_UP Back
1401704418668 6 4098 116.5 829.951 0.3 5.0 5.0 5.0 5.0 0.0 0.208 0 TOUCH_DOWN w
1401704418677 6 4098 116.5 829.951 0.3 5.0 5.0 5.0 5.0 0.0 0.21200001 2 TOUCH_MOVE w
1401704418762 6 4098 117.5 829.951 0.23333335 5.0 5.0 5.0 5.0 0.0 0.16800001 2 TOUCH_MOVE w
1401704418765 6 4098 117.5 829.951 0.23333335 5.0 5.0 5.0 5.0 0.0 0.16800001 1 TOUCH_UP w
1401704418891 6 4098 192.0 845.451 0.26666668 4.0 4.0 4.0 4.0 0.0 0.216 0 TOUCH_DOWN e
1401704418910 6 4098 192.0 845.451 0.26666668 4.0 4.0 4.0 4.0 0.0 0.22000001 2 TOUCH_MOVE e
1401704418927 6 4098 191.29297 845.451 0.26666668 4.0 4.0 4.0 4.0 0.0 0.22000001 2 TOUCH_MOVE e
1401704418944 6 4098 189.91092 845.99554 0.26666668 4.0 4.0 4.0 4.0 0.0 0.21200001 2 TOUCH_MOVE e
1401704418960 6 4098 180.72871 849.23145 0.20000002 4.0 4.0 4.0 4.0 0.0 0.18400002 2 TOUCH_MOVE e
1401704418964 6 4098 180.72871 849.23145 0.20000002 4.0 4.0 4.0 4.0 0.0 0.18400002 1 TOUCH_UP e
1401704419229 6 4098 327.5 1206.9509 0.26666668 5.0 5.0 5.0 5.0 0.0 0.216 0 TOUCH_DOWN Space
1401704419295 6 4098 329.06235 1207.4509 0.26666668 5.0 5.0 5.0 5.0 0.0 0.20400001 2 TOUCH_MOVE Space
1401704419299 6 4098 329.5 1207.4509 0.26666668 5.0 5.0 5.0 5.0 0.0 0.18400002 2 TOUCH_MOVE Space
1401704419302 6 4098 329.5 1207.4509 0.26666668 5.0 5.0 5.0 5.0 0.0 0.18400002 1 TOUCH_UP Space
1401704419533 6 4098 46.5 968.451 0.16666667 3.0 3.0 3.0 3.0 0.0 0.18800001 0 TOUCH_DOWN a
1401704419634 6 4098 46.5 968.451 0.16666667 3.0 3.0 3.0 3.0 0.0 0.18800001 1 TOUCH_UP a
1401704419924 6 4098 247.5 854.951 0.26666668 4.0 4.0 4.0 4.0 0.0 0.22000001 0 TOUCH_DOWN r
1401704419978 6 4098 246.02171 854.951 0.26666668 4.0 4.0 4.0 4.0 0.0 0.216 2 TOUCH_MOVE r
1401704419995 6 4098 237.31699 854.451 0.20000002 4.0 4.0 4.0 4.0 0.0 0.19600001 2 TOUCH_MOVE r
1401704420010 6 4098 235.5 854.451 0.23333335 5.0 5.0 5.0 5.0 0.0 0.15200001 2 TOUCH_MOVE r
1401704420013 6 4098 235.5 854.451 0.23333335 5.0 5.0 5.0 5.0 0.0 0.15200001 1 TOUCH_UP r
1401704420127 6 4098 161.0 849.951 0.23333335 5.0 5.0 5.0 5.0 0.0 0.20400001 0 TOUCH_DOWN e
1401704420163 6 4098 164.77042 850.87445 0.23333335 4.0 4.0 4.0 4.0 0.0 0.21200001 2 TOUCH_MOVE e
1401704420178 6 4098 170.58353 852.2844 0.3 5.0 5.0 5.0 5.0 0.0 0.22000001 2 TOUCH_MOVE e
1401704420195 6 4098 173.77606 853.339 0.3 5.0 5.0 5.0 5.0 0.0 0.216 2 TOUCH_MOVE e
1401704420211 6 4098 174.75 854.201 0.23333335 4.0 4.0 4.0 4.0 0.0 0.208 2 TOUCH_MOVE e
1401704420226 6 4098 174.5 853.951 0.20000002 4.0 4.0 4.0 4.0 0.0 0.18 2 TOUCH_MOVE e
1401704420231 6 4098 174.5 853.951 0.20000002 4.0 4.0 4.0 4.0 0.0 0.18 1 TOUCH_UP e
1401704420347 6 4098 347.5 1204.9509 0.23333335 4.0 4.0 4.0 4.0 0.0 0.216 0 TOUCH_DOWN Space
1401704420362 6 4098 347.5 1205.4767 0.26666668 5.0 5.0 5.0 5.0 0.0 0.224 2 TOUCH_MOVE Space
1401704420378 6 4098 346.51556 1205.4509 0.3 5.0 5.0 5.0 5.0 0.0 0.224 2 TOUCH_MOVE Space
1401704420395 6 4098 344.61166 1206.3951 0.3 5.0 5.0 5.0 5.0 0.0 0.224 2 TOUCH_MOVE Space
1401704420412 6 4098 343.0923 1207.3586 0.26666668 5.0 5.0 5.0 5.0 0.0 0.21200001 2 TOUCH_MOVE Space
1401704420425 6 4098 342.5 1207.4509 0.23333335 4.0 4.0 4.0 4.0 0.0 0.17600001 2 TOUCH_MOVE Space
1401704420429 6 4098 342.5 1207.4509 0.23333335 4.0 4.0 4.0 4.0 0.0 0.17600001 1 TOUCH_UP Space
1401704420565 6 4098 320.5 838.451 0.33333334 5.0 5.0 5.0 5.0 0.0 0.224 0 TOUCH_DOWN t
1401704420629 6 4098 317.95596 837.565 0.3 5.0 5.0 5.0 5.0 0.0 0.224 2 TOUCH_MOVE t
1401704420647 6 4098 310.3499 838.181 0.26666668 4.0 4.0 4.0 4.0 0.0 0.21200001 2 TOUCH_MOVE t
1401704420659 6 4098 303.0 839.451 0.23333335 4.0 4.0 4.0 4.0 0.0 0.18 2 TOUCH_MOVE t
1401704420662 6 4098 303.0 839.451 0.23333335 4.0 4.0 4.0 4.0 0.0 0.18 1 TOUCH_UP t
1401704421113 6 4098 437.5 976.951 0.3 5.0 5.0 5.0 5.0 0.0 0.22000001 0 TOUCH_DOWN h
1401704421140 6 4098 436.73492 976.951 0.3 5.0 5.0 5.0 5.0 0.0 0.23200001 2 TOUCH_MOVE h
1401704421146 6 4098 434.94778 976.951 0.3 5.0 5.0 5.0 5.0 0.0 0.23600002 2 TOUCH_MOVE h
1401704421163 6 4098 433.7585 977.1925 0.3 5.0 5.0 5.0 5.0 0.0 0.23200001 2 TOUCH_MOVE h
1401704421180 6 4098 432.8014 978.3482 0.26666668 4.0 4.0 4.0 4.0 0.0 0.22000001 2 TOUCH_MOVE h
1401704421196 6 4098 431.95358 979.4974 0.20000002 3.0 3.0 3.0 3.0 0.0 0.132 2 TOUCH_MOVE h
1401704421200 6 4098 431.95358 979.4974 0.20000002 3.0 3.0 3.0 3.0 0.0 0.132 1 TOUCH_UP h
1401704421352 6 4098 162.5 842.451 0.3 5.0 5.0 5.0 5.0 0.0 0.21200001 0 TOUCH_DOWN e
1401704421363 6 4098 162.5 842.451 0.3 5.0 5.0 5.0 5.0 0.0 0.208 2 TOUCH_MOVE e
1401704421396 6 4098 163.22096 842.451 0.3 5.0 5.0 5.0 5.0 0.0 0.216 2 TOUCH_MOVE e
1401704421413 6 4098 164.18939 842.451 0.3 5.0 5.0 5.0 5.0 0.0 0.216 2 TOUCH_MOVE e
1401704421442 6 4098 164.76831 841.951 0.3 5.0 5.0 5.0 5.0 0.0 0.208 2 TOUCH_MOVE e
1401704421446 6 4098 165.67505 841.951 0.23333335 4.0 4.0 4.0 4.0 0.0 0.2 2 TOUCH_MOVE e
1401704421463 6 4098 166.0 842.951 0.16666667 3.0 3.0 3.0 3.0 0.0 0.108 2 TOUCH_MOVE e
1401704421467 6 4098 166.0 842.951 0.16666667 3.0 3.0 3.0 3.0 0.0 0.108 1 TOUCH_UP e
1401704421779 6 4098 336.0 1218.9509 0.23333335 4.0 4.0 4.0 4.0 0.0 0.208 0 TOUCH_DOWN Space
1401704421801 6 4098 336.0 1218.9509 0.23333335 4.0 4.0 4.0 4.0 0.0 0.21200001 2 TOUCH_MOVE Space
1401704421830 6 4098 336.0 1219.7067 0.23333335 4.0 4.0 4.0 4.0 0.0 0.2 2 TOUCH_MOVE Space
1401704421846 6 4098 336.0 1219.9509 0.20000002 3.0 3.0 3.0 3.0 0.0 0.104 2 TOUCH_MOVE Space
1401704421849 6 4098 336.0 1219.9509 0.20000002 3.0 3.0 3.0 3.0 0.0 0.104 1 TOUCH_UP Space
1401704422149 6 4098 311.5 1114.9509 0.3 5.0 5.0 5.0 5.0 0.0 0.216 0 TOUCH_DOWN c
1401704422168 6 4098 311.5 1114.9509 0.3 5.0 5.0 5.0 5.0 0.0 0.22000001 2 TOUCH_MOVE c
1401704422197 6 4098 310.05484 1114.0057 0.3 5.0 5.0 5.0 5.0 0.0 0.22800002 2 TOUCH_MOVE c
1401704422213 6 4098 309.55426 1113.9509 0.3 5.0 5.0 5.0 5.0 0.0 0.22800002 2 TOUCH_MOVE c
1401704422230 6 4098 309.5 1113.9509 0.3 5.0 5.0 5.0 5.0 0.0 0.216 2 TOUCH_MOVE c
1401704422237 6 4098 309.5 1113.9509 0.26666668 5.0 5.0 5.0 5.0 0.0 0.17600001 2 TOUCH_MOVE c
1401704422240 6 4098 309.5 1113.9509 0.26666668 5.0 5.0 5.0 5.0 0.0 0.17600001 1 TOUCH_UP c
1401704422413 6 4098 448.5 974.951 0.26666668 5.0 5.0 5.0 5.0 0.0 0.216 0 TOUCH_DOWN h
1401704422463 6 4098 448.5 974.951 0.26666668 5.0 5.0 5.0 5.0 0.0 0.216 1 TOUCH_UP h
1401704422661 6 4098 477.5 851.451 0.3 5.0 5.0 5.0 5.0 0.0 0.224 0 TOUCH_DOWN u
1401704422666 6 4098 477.5 851.451 0.26666668 5.0 5.0 5.0 5.0 0.0 0.224 2 TOUCH_MOVE u
1401704422712 6 4098 480.5 853.951 0.20000002 4.0 4.0 4.0 4.0 0.0 0.192 2 TOUCH_MOVE u
1401704422715 6 4098 480.5 853.951 0.20000002 4.0 4.0 4.0 4.0 0.0 0.192 1 TOUCH_UP u
1401704423257 6 4098 685.0 1080.9509 0.20000002 4.0 4.0 4.0 4.0 0.0 0.18400002 0 TOUCH_DOWN Back
1401704423265 6 4098 685.0 1080.9509 0.20000002 4.0 4.0 4.0 4.0 0.0 0.18800001 2 TOUCH_MOVE Back
1401704423281 6 4098 684.4813 1080.9509 0.20000002 4.0 4.0 4.0 4.0 0.0 0.192 2 TOUCH_MOVE Back
1401704423303 6 4098 683.5 1080.9509 0.20000002 4.0 4.0 4.0 4.0 0.0 0.18400002 2 TOUCH_MOVE Back
1401704423310 6 4098 683.5 1080.9509 0.20000002 4.0 4.0 4.0 4.0 0.0 0.14400001 2 TOUCH_MOVE Back
1401704423317 6 4098 683.5 1080.9509 0.20000002 4.0 4.0 4.0 4.0 0.0 0.14400001 1 TOUCH_UP Back
1401704423546 6 4098 545.5 839.451 0.3 5.0 5.0 5.0 5.0 0.0 0.23200001 0 TOUCH_DOWN i
1401704423568 6 4098 545.5 839.451 0.3 5.0 5.0 5.0 5.0 0.0 0.24000001 2 TOUCH_MOVE i
1401704423604 6 4098 546.0 839.951 0.23333335 5.0 5.0 5.0 5.0 0.0 0.19600001 2 TOUCH_MOVE i
1401704423608 6 4098 546.0 839.951 0.23333335 5.0 5.0 5.0 5.0 0.0 0.19600001 1 TOUCH_UP i
1401704423778 6 4098 654.0 966.951 0.20000002 4.0 4.0 4.0 4.0 0.0 0.2 0 TOUCH_DOWN l
1401704423832 6 4098 654.0 967.451 0.20000002 4.0 4.0 4.0 4.0 0.0 0.18800001 2 TOUCH_MOVE l
1401704423838 6 4098 654.0 967.451 0.16666667 3.0 3.0 3.0 3.0 0.0 0.124000005 2 TOUCH_MOVE l
1401704423841 6 4098 654.0 967.451 0.16666667 3.0 3.0 3.0 3.0 0.0 0.124000005 1 TOUCH_UP l
1401704424056 6 4098 238.5 978.951 0.23333335 4.0 4.0 4.0 4.0 0.0 0.2 0 TOUCH_DOWN d
1401704424065 6 4098 238.5 978.951 0.26666668 4.0 4.0 4.0 4.0 0.0 0.20400001 2 TOUCH_MOVE d
1401704424099 6 4098 237.25 978.951 0.26666668 4.0 4.0 4.0 4.0 0.0 0.21200001 2 TOUCH_MOVE d
1401704424115 6 4098 236.90724 978.951 0.26666668 4.0 4.0 4.0 4.0 0.0 0.216 2 TOUCH_MOVE d
1401704424133 6 4098 235.8159 978.951 0.26666668 4.0 4.0 4.0 4.0 0.0 0.208 2 TOUCH_MOVE d
1401704424151 6 4098 233.67651 978.951 0.23333335 4.0 4.0 4.0 4.0 0.0 0.192 2 TOUCH_MOVE d
1401704424171 6 4098 232.5 978.951 0.23333335 4.0 4.0 4.0 4.0 0.0 0.17600001 2 TOUCH_MOVE d
1401704424185 6 4098 232.5 978.951 0.23333335 4.0 4.0 4.0 4.0 0.0 0.17600001 1 TOUCH_UP d
1401704424388 6 4098 253.0 832.451 0.3 5.0 5.0 5.0 5.0 0.0 0.22000001 0 TOUCH_DOWN r
1401704424466 6 4098 246.58911 832.451 0.3 5.0 5.0 5.0 5.0 0.0 0.224 2 TOUCH_MOVE r
1401704424487 6 4098 228.5 834.451 0.3 5.0 5.0 5.0 5.0 0.0 0.18800001 2 TOUCH_MOVE r
1401704424491 6 4098 228.5 834.451 0.3 5.0 5.0 5.0 5.0 0.0 0.18800001 1 TOUCH_UP r
1401704424600 6 4098 150.5 848.951 0.26666668 5.0 5.0 5.0 5.0 0.0 0.21200001 0 TOUCH_DOWN e
1401704424639 6 4098 154.19193 850.5278 0.3 5.0 5.0 5.0 5.0 0.0 0.22000001 2 TOUCH_MOVE e
1401704424649 6 4098 158.50134 851.95135 0.3 5.0 5.0 5.0 5.0 0.0 0.22000001 2 TOUCH_MOVE e
1401704424666 6 4098 160.92291 853.4125 0.3 5.0 5.0 5.0 5.0 0.0 0.22000001 2 TOUCH_MOVE e
1401704424684 6 4098 161.5 854.38354 0.26666668 5.0 5.0 5.0 5.0 0.0 0.21200001 2 TOUCH_MOVE e
1401704424699 6 4098 161.5 854.701 0.26666668 5.0 5.0 5.0 5.0 0.0 0.20400001 2 TOUCH_MOVE e
1401704424735 6 4098 161.5 854.451 0.23333335 5.0 5.0 5.0 5.0 0.0 0.17600001 2 TOUCH_MOVE e
1401704424741 6 4098 161.5 854.451 0.23333335 5.0 5.0 5.0 5.0 0.0 0.17600001 1 TOUCH_UP e
1401704425008 6 4098 521.5 1099.4509 0.3 5.0 5.0 5.0 5.0 0.0 0.216 0 TOUCH_DOWN n
1401704425018 6 4098 521.5 1099.4509 0.3 5.0 5.0 5.0 5.0 0.0 0.22000001 2 TOUCH_MOVE n
1401704425079 6 4098 521.5 1099.4509 0.3 5.0 5.0 5.0 5.0 0.0 0.22000001 1 TOUCH_UP n
1401704426149 6 4098 672.5 1202.9509 0.20000002 4.0 4.0 4.0 4.0 0.0 0.15200001 0 TOUCH_DOWN Enter
1401704426161 6 4098 672.5 1202.9509 0.23333335 4.0 4.0 4.0 4.0 0.0 0.14 2 TOUCH_MOVE Enter
1401704426168 6 4098 672.5 1202.9509 0.23333335 4.0 4.0 4.0 4.0 0.0 0.14 1 TOUCH_UP Enter
1401704426784 6 4098 124.0 818.451 0.26666668 4.0 4.0 4.0 4.0 0.0 0.216 0 TOUCH_DOWN W
1401704426818 6 4098 124.53987 818.451 0.26666668 4.0 4.0 4.0 4.0 0.0 0.22000001 2 TOUCH_MOVE W
1401704426902 6 4098 124.5 818.451 0.23333335 5.0 5.0 5.0 5.0 0.0 0.156 2 TOUCH_MOVE W
1401704426905 6 4098 124.5 818.451 0.23333335 5.0 5.0 5.0 5.0 0.0 0.156 1 TOUCH_UP W
1401704427004 6 4098 193.5 839.951 0.3 5.0 5.0 5.0 5.0 0.0 0.224 0 TOUCH_DOWN e
1401704427052 6 4098 192.16844 839.951 0.26666668 4.0 4.0 4.0 4.0 0.0 0.22000001 2 TOUCH_MOVE e
1401704427068 6 4098 184.97995 841.706 0.26666668 4.0 4.0 4.0 4.0 0.0 0.21200001 2 TOUCH_MOVE e
1401704427090 6 4098 170.5 845.951 0.23333335 5.0 5.0 5.0 5.0 0.0 0.18400002 2 TOUCH_MOVE e
1401704427094 6 4098 170.5 845.951 0.23333335 5.0 5.0 5.0 5.0 0.0 0.18400002 1 TOUCH_UP e
1401704427240 6 4098 306.5 1218.9509 0.23333335 4.0 4.0 4.0 4.0 0.0 0.21200001 0 TOUCH_DOWN Space
1401704427272 6 4098 306.5 1218.9509 0.23333335 4.0 4.0 4.0 4.0 0.0 0.22000001 2 TOUCH_MOVE Space
1401704427285 6 4098 306.5 1219.4808 0.23333335 4.0 4.0 4.0 4.0 0.0 0.208 2 TOUCH_MOVE Space
1401704427302 6 4098 307.11502 1220.5659 0.20000002 3.0 3.0 3.0 3.0 0.0 0.18400002 2 TOUCH_MOVE Space
1401704427312 6 4098 307.0 1220.4509 0.16666667 3.0 3.0 3.0 3.0 0.0 0.1 2 TOUCH_MOVE Space
1401704427315 6 4098 307.0 1220.4509 0.16666667 3.0 3.0 3.0 3.0 0.0 0.1 1 TOUCH_UP Space
1401704427385 6 4098 47.0 957.451 0.23333335 4.0 4.0 4.0 4.0 0.0 0.18800001 0 TOUCH_DOWN a
1401704427402 6 4098 47.0 957.451 0.23333335 4.0 4.0 4.0 4.0 0.0 0.192 2 TOUCH_MOVE a
1401704427486 6 4098 47.0 957.451 0.20000002 3.0 3.0 3.0 3.0 0.0 0.14400001 2 TOUCH_MOVE a
1401704427493 6 4098 47.0 957.451 0.20000002 3.0 3.0 3.0 3.0 0.0 0.14400001 1 TOUCH_UP a
1401704427819 6 4098 261.5 827.951 0.33333334 5.0 5.0 5.0 5.0 0.0 0.22000001 0 TOUCH_DOWN r
1401704427852 6 4098 260.61398 827.951 0.3 5.0 5.0 5.0 5.0 0.0 0.22000001 2 TOUCH_MOVE r
1401704427871 6 4098 256.5366 828.3029 0.3 5.0 5.0 5.0 5.0 0.0 0.216 2 TOUCH_MOVE r
1401704427889 6 4098 245.18945 829.7589 0.26666668 5.0 5.0 5.0 5.0 0.0 0.19600001 2 TOUCH_MOVE r
1401704427892 6 4098 242.5 829.951 0.26666668 5.0 5.0 5.0 5.0 0.0 0.17600001 2 TOUCH_MOVE r
1401704427896 6 4098 242.5 829.951 0.26666668 5.0 5.0 5.0 5.0 0.0 0.17600001 1 TOUCH_UP r
1401704428014 6 4098 151.0 829.451 0.33333334 5.0 5.0 5.0 5.0 0.0 0.21200001 0 TOUCH_DOWN e
1401704428020 6 4098 151.0 829.451 0.33333334 5.0 5.0 5.0 5.0 0.0 0.216 2 TOUCH_MOVE e
1401704428052 6 4098 155.25975 831.8309 0.33333334 5.0 5.0 5.0 5.0 0.0 0.22000001 2 TOUCH_MOVE e
1401704428069 6 4098 158.71797 833.357 0.3 5.0 5.0 5.0 5.0 0.0 0.22000001 2 TOUCH_MOVE e
1401704428086 6 4098 160.5 834.201 0.3 5.0 5.0 5.0 5.0 0.0 0.22000001 2 TOUCH_MOVE e
1401704428102 6 4098 161.5 835.2788 0.3 5.0 5.0 5.0 5.0 0.0 0.20400001 2 TOUCH_MOVE e
1401704428109 6 4098 161.5 835.451 0.3 5.0 5.0 5.0 5.0 0.0 0.18800001 2 TOUCH_MOVE e
1401704428112 6 4098 161.5 835.451 0.3 5.0 5.0 5.0 5.0 0.0 0.18800001 1 TOUCH_UP e
1401704428222 6 4098 330.5 1207.4509 0.26666668 5.0 5.0 5.0 5.0 0.0 0.208 0 TOUCH_DOWN Space
1401704428269 6 4098 329.25 1207.4509 0.26666668 5.0 5.0 5.0 5.0 0.0 0.21200001 2 TOUCH_MOVE Space
1401704428287 6 4098 328.64532 1205.1775 0.26666668 5.0 5.0 5.0 5.0 0.0 0.2 2 TOUCH_MOVE Space
1401704428290 6 4098 328.5 1204.4509 0.23333335 5.0 5.0 5.0 5.0 0.0 0.18400002 2 TOUCH_MOVE Space
1401704428293 6 4098 328.5 1204.4509 0.23333335 5.0 5.0 5.0 5.0 0.0 0.18400002 1 TOUCH_UP Space
1401704428441 6 4098 301.0 851.451 0.23333335 4.0 4.0 4.0 4.0 0.0 0.20400001 0 TOUCH_DOWN t
1401704428453 6 4098 301.0 851.451 0.26666668 4.0 4.0 4.0 4.0 0.0 0.21200001 2 TOUCH_MOVE t
1401704428486 6 4098 301.0 850.5617 0.26666668 4.0 4.0 4.0 4.0 0.0 0.22800002 2 TOUCH_MOVE t
1401704428503 6 4098 301.0 849.98645 0.26666668 4.0 4.0 4.0 4.0 0.0 0.22800002 2 TOUCH_MOVE t
1401704428520 6 4098 300.54843 849.951 0.26666668 4.0 4.0 4.0 4.0 0.0 0.224 2 TOUCH_MOVE t
1401704428538 6 4098 299.0 849.951 0.23333335 4.0 4.0 4.0 4.0 0.0 0.20400001 2 TOUCH_MOVE t
1401704428541 6 4098 299.5 849.951 0.20000002 4.0 4.0 4.0 4.0 0.0 0.17600001 2 TOUCH_MOVE t
1401704428544 6 4098 299.5 849.951 0.20000002 4.0 4.0 4.0 4.0 0.0 0.17600001 1 TOUCH_UP t
1401704428564 6 4098 418.5 986.451 0.3 5.0 5.0 5.0 5.0 0.0 0.224 0 TOUCH_DOWN h
1401704428586 6 4098 418.5 986.451 0.3 5.0 5.0 5.0 5.0 0.0 0.22800002 2 TOUCH_MOVE h
1401704428621 6 4098 417.96475 986.451 0.3 5.0 5.0 5.0 5.0 0.0 0.23200001 2 TOUCH_MOVE h
1401704428636 6 4098 417.25 986.451 0.3 5.0 5.0 5.0 5.0 0.0 0.224 2 TOUCH_MOVE h
1401704428651 6 4098 417.25 986.451 0.3 5.0 5.0 5.0 5.0 0.0 0.224 1 TOUCH_UP h
1401704428920 6 4098 163.0 844.451 0.26666668 5.0 5.0 5.0 5.0 0.0 0.18400002 0 TOUCH_DOWN e
1401704428937 6 4098 163.0 844.451 0.23333335 4.0 4.0 4.0 4.0 0.0 0.18400002 2 TOUCH_MOVE e
1401704429036 6 4098 162.5 843.451 0.3 5.0 5.0 5.0 5.0 0.0 0.18 2 TOUCH_MOVE e
1401704429045 6 4098 162.5 843.451 0.26666668 5.0 5.0 5.0 5.0 0.0 0.136 2 TOUCH_MOVE e
1401704429049 6 4098 162.5 843.451 0.26666668 5.0 5.0 5.0 5.0 0.0 0.136 1 TOUCH_UP e
1401704429367 6 4098 314.5 1225.4509 0.23333335 4.0 4.0 4.0 4.0 0.0 0.20400001 0 TOUCH_DOWN Space
1401704429377 6 4098 314.5 1225.4509 0.23333335 4.0 4.0 4.0 4.0 0.0 0.208 2 TOUCH_MOVE Space
1401704429404 6 4098 313.8749 1225.4509 0.23333335 4.0 4.0 4.0 4.0 0.0 0.21200001 2 TOUCH_MOVE Space
1401704429420 6 4098 313.0922 1225.4509 0.23333335 4.0 4.0 4.0 4.0 0.0 0.2 2 TOUCH_MOVE Space
1401704429425 6 4098 313.0 1225.4509 0.20000002 3.0 3.0 3.0 3.0 0.0 0.18400002 2 TOUCH_MOVE Space
1401704429428 6 4098 313.0 1225.4509 0.20000002 3.0 3.0 3.0 3.0 0.0 0.18400002 1 TOUCH_UP Space
1401704429682 6 4098 610.5 845.451 0.26666668 5.0 5.0 5.0 5.0 0.0 0.21200001 0 TOUCH_DOWN o
1401704429690 6 4098 610.5 845.451 0.3 5.0 5.0 5.0 5.0 0.0 0.216 2 TOUCH_MOVE o
1401704429737 6 4098 610.5 844.8537 0.3 5.0 5.0 5.0 5.0 0.0 0.216 2 TOUCH_MOVE o
1401704429754 6 4098 610.5 844.951 0.23333335 5.0 5.0 5.0 5.0 0.0 0.172 2 TOUCH_MOVE o
1401704429758 6 4098 610.5 844.951 0.23333335 5.0 5.0 5.0 5.0 0.0 0.172 1 TOUCH_UP o
1401704429981 6 4098 501.5 1116.9509 0.33333334 5.0 5.0 5.0 5.0 0.0 0.21200001 0 TOUCH_DOWN n
1401704430021 6 4098 502.07202 1116.9509 0.33333334 5.0 5.0 5.0 5.0 0.0 0.22000001 2 TOUCH_MOVE n
1401704430037 6 4098 503.47797 1116.4619 0.33333334 5.0 5.0 5.0 5.0 0.0 0.216 2 TOUCH_MOVE n
1401704430054 6 4098 505.99704 1114.9524 0.3 5.0 5.0 5.0 5.0 0.0 0.192 2 TOUCH_MOVE n
1401704430057 6 4098 506.0 1114.9509 0.16666667 3.0 3.0 3.0 3.0 0.0 0.104 2 TOUCH_MOVE n
1401704430060 6 4098 506.0 1114.9509 0.16666667 3.0 3.0 3.0 3.0 0.0 0.104 1 TOUCH_UP n
1401704430377 6 4098 186.5 845.451 0.26666668 4.0 4.0 4.0 4.0 0.0 0.216 0 TOUCH_DOWN e
1401704430440 6 4098 185.56535 845.8856 0.26666668 4.0 4.0 4.0 4.0 0.0 0.21200001 2 TOUCH_MOVE e
1401704430456 6 4098 183.0 847.951 0.20000002 4.0 4.0 4.0 4.0 0.0 0.148 2 TOUCH_MOVE e
1401704430460 6 4098 183.0 847.951 0.20000002 4.0 4.0 4.0 4.0 0.0 0.148 1 TOUCH_UP e
1401704430898 6 4098 126.5 976.451 0.26666668 4.0 4.0 4.0 4.0 0.0 0.21200001 0 TOUCH_DOWN s
1401704430905 6 4098 126.5 976.451 0.26666668 4.0 4.0 4.0 4.0 0.0 0.216 2 TOUCH_MOVE s
1401704430989 6 4098 125.16667 976.451 0.26666668 4.0 4.0 4.0 4.0 0.0 0.208 2 TOUCH_MOVE s
1401704431001 6 4098 122.5 976.451 0.20000002 4.0 4.0 4.0 4.0 0.0 0.17600001 2 TOUCH_MOVE s
1401704431005 6 4098 122.5 976.451 0.20000002 4.0 4.0 4.0 4.0 0.0 0.17600001 1 TOUCH_UP s
1401704431452 6 4098 327.0 1218.4509 0.26666668 5.0 5.0 5.0 5.0 0.0 0.21200001 0 TOUCH_DOWN Space
1401704431473 6 4098 327.0 1218.4509 0.26666668 5.0 5.0 5.0 5.0 0.0 0.216 2 TOUCH_MOVE Space
1401704431527 6 4098 327.0 1218.4509 0.26666668 5.0 5.0 5.0 5.0 0.0 0.216 1 TOUCH_UP Space
1401704431977 6 4098 119.5 829.951 0.3 5.0 5.0 5.0 5.0 0.0 0.19600001 0 TOUCH_DOWN w
1401704432023 6 4098 118.97565 829.951 0.3 5.0 5.0 5.0 5.0 0.0 0.19600001 2 TOUCH_MOVE w
1401704432039 6 4098 117.90778 829.951 0.3 5.0 5.0 5.0 5.0 0.0 0.18800001 2 TOUCH_MOVE w
1401704432049 6 4098 117.0 830.451 0.33333334 5.0 5.0 5.0 5.0 0.0 0.18 2 TOUCH_MOVE w
1401704432052 6 4098 117.0 830.451 0.33333334 5.0 5.0 5.0 5.0 0.0 0.18 1 TOUCH_UP w
1401704432194 6 4098 422.0 987.451 0.26666668 4.0 4.0 4.0 4.0 0.0 0.22800002 0 TOUCH_DOWN h
1401704432208 6 4098 422.0 987.451 0.26666668 4.0 4.0 4.0 4.0 0.0 0.224 2 TOUCH_MOVE h
1401704432256 6 4098 422.0 986.951 0.23333335 4.0 4.0 4.0 4.0 0.0 0.16800001 2 TOUCH_MOVE h
1401704432261 6 4098 422.0 986.951 0.23333335 4.0 4.0 4.0 4.0 0.0 0.16800001 1 TOUCH_UP h
1401704432432 6 4098 618.5 830.451 0.33333334 5.0 5.0 5.0 5.0 0.0 0.21200001 0 TOUCH_DOWN o
1401704432450 6 4098 618.40326 830.451 0.33333334 5.0 5.0 5.0 5.0 0.0 0.22000001 2 TOUCH_MOVE o
1401704432481 6 4098 616.8762 831.57477 0.33333334 5.0 5.0 5.0 5.0 0.0 0.22800002 2 TOUCH_MOVE o
1401704432497 6 4098 616.5 832.24225 0.33333334 5.0 5.0 5.0 5.0 0.0 0.22800002 2 TOUCH_MOVE o
1401704432506 6 4098 616.5 833.55554 0.3 5.0 5.0 5.0 5.0 0.0 0.19600001 2 TOUCH_MOVE o
1401704432512 6 4098 616.5 833.55554 0.3 5.0 5.0 5.0 5.0 0.0 0.19600001 1 TOUCH_UP o
1401704432804 6 4098 300.5 1234.4509 0.23333335 4.0 4.0 4.0 4.0 0.0 0.20400001 0 TOUCH_DOWN Space
1401704432808 6 4098 300.5 1234.4509 0.23333335 4.0 4.0 4.0 4.0 0.0 0.208 2 TOUCH_MOVE Space
1401704432840 6 4098 300.5 1233.7985 0.23333335 4.0 4.0 4.0 4.0 0.0 0.20400001 2 TOUCH_MOVE Space
1401704432858 6 4098 300.5 1233.7985 0.23333335 4.0 4.0 4.0 4.0 0.0 0.20400001 1 TOUCH_UP Space
1401704433089 6 4098 601.5 1100.4509 0.26666668 4.0 4.0 4.0 4.0 0.0 0.208 0 TOUCH_DOWN m
1401704433110 6 4098 601.2806 1101.1703 0.33333334 5.0 5.0 5.0 5.0 0.0 0.22000001 2 TOUCH_MOVE m
1401704433124 6 4098 599.6427 1102.8082 0.33333334 5.0 5.0 5.0 5.0 0.0 0.224 2 TOUCH_MOVE m
1401704433140 6 4098 598.92554 1104.0999 0.33333334 5.0 5.0 5.0 5.0 0.0 0.224 2 TOUCH_MOVE m
1401704433157 6 4098 596.8029 1106.1481 0.33333334 5.0 5.0 5.0 5.0 0.0 0.216 2 TOUCH_MOVE m
1401704433167 6 4098 595.0 1107.4509 0.3 5.0 5.0 5.0 5.0 0.0 0.192 2 TOUCH_MOVE m
1401704433170 6 4098 595.0 1107.4509 0.3 5.0 5.0 5.0 5.0 0.0 0.192 1 TOUCH_UP m
1401704433307 6 4098 65.5 973.951 0.16666667 3.0 3.0 3.0 3.0 0.0 0.18 0 TOUCH_DOWN a
1401704433339 6 4098 65.5 973.951 0.16666667 3.0 3.0 3.0 3.0 0.0 0.18400002 2 TOUCH_MOVE a
1401704433358 6 4098 64.66799 973.951 0.16666667 3.0 3.0 3.0 3.0 0.0 0.192 2 TOUCH_MOVE a
1401704433374 6 4098 63.86851 973.951 0.16666667 3.0 3.0 3.0 3.0 0.0 0.192 2 TOUCH_MOVE a
1401704433424 6 4098 63.5 973.951 0.16666667 3.0 3.0 3.0 3.0 0.0 0.112 2 TOUCH_MOVE a
1401704433429 6 4098 63.5 973.951 0.16666667 3.0 3.0 3.0 3.0 0.0 0.112 1 TOUCH_UP a
1401704433648 6 4098 607.5 966.451 0.23333335 5.0 5.0 5.0 5.0 0.0 0.208 0 TOUCH_DOWN k
1401704433660 6 4098 607.00726 966.451 0.26666668 5.0 5.0 5.0 5.0 0.0 0.22000001 2 TOUCH_MOVE k
1401704433693 6 4098 602.6619 967.451 0.26666668 5.0 5.0 5.0 5.0 0.0 0.22800002 2 TOUCH_MOVE k
1401704433707 6 4098 601.75 967.451 0.26666668 5.0 5.0 5.0 5.0 0.0 0.224 2 TOUCH_MOVE k
1401704433733 6 4098 601.75 967.451 0.26666668 5.0 5.0 5.0 5.0 0.0 0.224 1 TOUCH_UP k
1401704433950 6 4098 170.5 844.451 0.3 5.0 5.0 5.0 5.0 0.0 0.208 0 TOUCH_DOWN e
1401704433967 6 4098 170.3361 844.2871 0.3 5.0 5.0 5.0 5.0 0.0 0.21200001 2 TOUCH_MOVE e
1401704433985 6 4098 169.70993 843.66095 0.3 5.0 5.0 5.0 5.0 0.0 0.216 2 TOUCH_MOVE e
1401704433991 6 4098 168.7453 842.6963 0.3 5.0 5.0 5.0 5.0 0.0 0.216 2 TOUCH_MOVE e
1401704434009 6 4098 168.5 841.74585 0.3 5.0 5.0 5.0 5.0 0.0 0.216 2 TOUCH_MOVE e
1401704434060 6 4098 168.5 841.951 0.26666668 5.0 5.0 5.0 5.0 0.0 0.14 2 TOUCH_MOVE e
1401704434063 6 4098 168.5 841.951 0.26666668 5.0 5.0 5.0 5.0 0.0 0.14 1 TOUCH_UP e
1401704434775 6 4098 332.5 1234.4509 0.23333335 5.0 5.0 5.0 5.0 0.0 0.192 0 TOUCH_DOWN Space
1401704434813 6 4098 332.5 1233.9979 0.26666668 5.0 5.0 5.0 5.0 0.0 0.19600001 2 TOUCH_MOVE Space
1401704434826 6 4098 332.5 1233.2009 0.26666668 5.0 5.0 5.0 5.0 0.0 0.2 2 TOUCH_MOVE Space
1401704434851 6 4098 332.5 1233.2009 0.26666668 5.0 5.0 5.0 5.0 0.0 0.2 1 TOUCH_UP Space
1401704435539 6 4098 50.0 968.951 0.16666667 3.0 3.0 3.0 3.0 0.0 0.18400002 0 TOUCH_DOWN a
1401704435602 6 4098 49.900364 968.951 0.16666667 3.0 3.0 3.0 3.0 0.0 0.19600001 2 TOUCH_MOVE a
1401704435612 6 4098 49.361 968.951 0.16666667 3.0 3.0 3.0 3.0 0.0 0.192 2 TOUCH_MOVE a
1401704435626 6 4098 47.73905 968.951 0.16666667 3.0 3.0 3.0 3.0 0.0 0.17600001 2 TOUCH_MOVE a
1401704435637 6 4098 47.73905 968.951 0.16666667 3.0 3.0 3.0 3.0 0.0 0.17600001 1 TOUCH_UP a
1401704435814 6 4098 316.0 1224.9509 0.23333335 4.0 4.0 4.0 4.0 0.0 0.2 0 TOUCH_DOWN Space
1401704435910 6 4098 316.0 1224.9509 0.20000002 3.0 3.0 3.0 3.0 0.0 0.148 2 TOUCH_MOVE Space
1401704435915 6 4098 316.0 1224.9509 0.20000002 3.0 3.0 3.0 3.0 0.0 0.148 1 TOUCH_UP Space
1401704436296 6 4098 430.5 1124.4509 0.26666668 4.0 4.0 4.0 4.0 0.0 0.208 0 TOUCH_DOWN b
1401704436299 6 4098 430.5 1124.4509 0.26666668 4.0 4.0 4.0 4.0 0.0 0.21200001 2 TOUCH_MOVE b
1401704436344 6 4098 429.99695 1124.954 0.26666668 4.0 4.0 4.0 4.0 0.0 0.216 2 TOUCH_MOVE b
1401704436360 6 4098 429.00497 1125.9459 0.26666668 4.0 4.0 4.0 4.0 0.0 0.21200001 2 TOUCH_MOVE b
1401704436372 6 4098 428.5 1126.9509 0.20000002 3.0 3.0 3.0 3.0 0.0 0.18800001 2 TOUCH_MOVE b
1401704436377 6 4098 428.5 1126.9509 0.20000002 3.0 3.0 3.0 3.0 0.0 0.18800001 1 TOUCH_UP b
1401704436940 6 4098 238.0 833.451 0.26666668 4.0 4.0 4.0 4.0 0.0 0.20400001 0 TOUCH_DOWN r
1401704436965 6 4098 238.0 833.451 0.3 5.0 5.0 5.0 5.0 0.0 0.208 2 TOUCH_MOVE r
1401704437027 6 4098 236.99268 833.9583 0.26666668 4.0 4.0 4.0 4.0 0.0 0.192 2 TOUCH_MOVE r
1401704437039 6 4098 235.5 835.951 0.23333335 4.0 4.0 4.0 4.0 0.0 0.17600001 2 TOUCH_MOVE r
1401704437043 6 4098 235.5 835.951 0.23333335 4.0 4.0 4.0 4.0 0.0 0.17600001 1 TOUCH_UP r
1401704437159 6 4098 530.5 839.451 0.3 5.0 5.0 5.0 5.0 0.0 0.224 0 TOUCH_DOWN i
1401704437228 6 4098 530.5 839.451 0.3 5.0 5.0 5.0 5.0 0.0 0.224 1 TOUCH_UP i
1401704437555 6 4098 337.0 965.451 0.20000002 4.0 4.0 4.0 4.0 0.0 0.19600001 0 TOUCH_DOWN g
1401704437578 6 4098 337.0 965.451 0.20000002 4.0 4.0 4.0 4.0 0.0 0.20400001 2 TOUCH_MOVE g
1401704437611 6 4098 337.0 964.9083 0.26666668 4.0 4.0 4.0 4.0 0.0 0.20400001 2 TOUCH_MOVE g
1401704437645 6 4098 337.0 965.451 0.23333335 5.0 5.0 5.0 5.0 0.0 0.16000001 2 TOUCH_MOVE g
1401704437648 6 4098 337.0 965.451 0.23333335 5.0 5.0 5.0 5.0 0.0 0.16000001 1 TOUCH_UP g
1401704437770 6 4098 422.0 985.951 0.26666668 4.0 4.0 4.0 4.0 0.0 0.216 0 TOUCH_DOWN h
1401704437778 6 4098 421.58188 985.951 0.3 5.0 5.0 5.0 5.0 0.0 0.224 2 TOUCH_MOVE h
1401704437796 6 4098 420.6968 985.951 0.3 5.0 5.0 5.0 5.0 0.0 0.22800002 2 TOUCH_MOVE h
1401704437811 6 4098 420.0 986.71985 0.3 5.0 5.0 5.0 5.0 0.0 0.22800002 2 TOUCH_MOVE h
1401704437828 6 4098 420.0 987.451 0.26666668 4.0 4.0 4.0 4.0 0.0 0.20400001 2 TOUCH_MOVE h
1401704437836 6 4098 420.0 987.451 0.20000002 4.0 4.0 4.0 4.0 0.0 0.17600001 2 TOUCH_MOVE h
1401704437840 6 4098 420.0 987.451 0.20000002 4.0 4.0 4.0 4.0 0.0 0.17600001 1 TOUCH_UP h
1401704437974 6 4098 323.0 836.451 0.3 5.0 5.0 5.0 5.0 0.0 0.216 0 TOUCH_DOWN t
1401704437996 6 4098 323.0 836.451 0.3 5.0 5.0 5.0 5.0 0.0 0.21200001 2 TOUCH_MOVE t
1401704438054 6 4098 319.27722 840.9354 0.23333335 4.0 4.0 4.0 4.0 0.0 0.19600001 2 TOUCH_MOVE t
1401704438072 6 4098 317.5 841.951 0.13333334 2.0 2.0 2.0 2.0 0.0 0.120000005 2 TOUCH_MOVE t
1401704438075 6 4098 317.5 841.951 0.13333334 2.0 2.0 2.0 2.0 0.0 0.120000005 1 TOUCH_UP t
1401704438241 6 4098 165.5 846.451 0.26666668 5.0 5.0 5.0 5.0 0.0 0.19600001 0 TOUCH_DOWN e
1401704438250 6 4098 165.5 846.451 0.23333335 4.0 4.0 4.0 4.0 0.0 0.2 2 TOUCH_MOVE e
1401704438321 6 4098 165.5 846.451 0.23333335 4.0 4.0 4.0 4.0 0.0 0.2 1 TOUCH_UP e
1401704438486 6 4098 254.5 843.951 0.26666668 4.0 4.0 4.0 4.0 0.0 0.216 0 TOUCH_DOWN r
1401704438529 6 4098 254.5 843.4155 0.26666668 4.0 4.0 4.0 4.0 0.0 0.22000001 2 TOUCH_MOVE r
1401704438562 6 4098 253.39572 843.451 0.26666668 4.0 4.0 4.0 4.0 0.0 0.21200001 2 TOUCH_MOVE r
1401704438579 6 4098 251.37311 843.451 0.26666668 4.0 4.0 4.0 4.0 0.0 0.2 2 TOUCH_MOVE r
1401704438595 6 4098 250.5 843.951 0.13333334 2.0 2.0 2.0 2.0 0.0 0.164 2 TOUCH_MOVE r
1401704438601 6 4098 250.5 843.951 0.13333334 2.0 2.0 2.0 2.0 0.0 0.164 1 TOUCH_UP r
1401704438976 6 4098 325.5 1215.9509 0.26666668 5.0 5.0 5.0 5.0 0.0 0.20400001 0 TOUCH_DOWN Space
1401704439006 6 4098 325.5 1215.9509 0.26666668 5.0 5.0 5.0 5.0 0.0 0.208 2 TOUCH_MOVE Space
1401704439010 6 4098 325.5 1215.9509 0.26666668 5.0 5.0 5.0 5.0 0.0 0.208 1 TOUCH_UP Space
1401704439456 6 4098 218.5 974.451 0.26666668 5.0 5.0 5.0 5.0 0.0 0.20400001 0 TOUCH_DOWN d
1401704439497 6 4098 217.99672 974.451 0.26666668 5.0 5.0 5.0 5.0 0.0 0.2 2 TOUCH_MOVE d
1401704439513 6 4098 214.57176 974.451 0.23333335 5.0 5.0 5.0 5.0 0.0 0.19600001 2 TOUCH_MOVE d
1401704439525 6 4098 214.5 974.451 0.13333334 2.0 2.0 2.0 2.0 0.0 0.108 2 TOUCH_MOVE d
1401704439528 6 4098 214.5 974.451 0.13333334 2.0 2.0 2.0 2.0 0.0 0.108 1 TOUCH_UP d
1401704439744 6 4098 50.5 964.951 0.16666667 3.0 3.0 3.0 3.0 0.0 0.18800001 0 TOUCH_DOWN a
1401704439763 6 4098 50.5 964.951 0.16666667 3.0 3.0 3.0 3.0 0.0 0.192 2 TOUCH_MOVE a
1401704439828 6 4098 50.0 965.451 0.16666667 3.0 3.0 3.0 3.0 0.0 0.18 2 TOUCH_MOVE a
1401704439835 6 4098 50.0 965.451 0.16666667 3.0 3.0 3.0 3.0 0.0 0.18 1 TOUCH_UP a
1401704440010 6 4098 405.0 843.451 0.26666668 4.0 4.0 4.0 4.0 0.0 0.22000001 0 TOUCH_DOWN y
1401704440080 6 4098 405.0 843.951 0.20000002 4.0 4.0 4.0 4.0 0.0 0.18400002 2 TOUCH_MOVE y
1401704440087 6 4098 405.0 843.951 0.20000002 4.0 4.0 4.0 4.0 0.0 0.18400002 1 TOUCH_UP y
1401704441220 6 4098 668.0 1206.9509 0.26666668 5.0 5.0 5.0 5.0 0.0 0.18 0 TOUCH_DOWN Enter
1401704441272 6 4098 668.0 1206.9509 0.26666668 5.0 5.0 5.0 5.0 0.0 0.18 1 TOUCH_UP Enter
1401704441778 6 4098 132.0 974.951 0.13333334 2.0 2.0 2.0 2.0 0.0 0.18400002 0 TOUCH_DOWN S
1401704441816 6 4098 132.0 976.1754 0.16666667 3.0 3.0 3.0 3.0 0.0 0.192 2 TOUCH_MOVE S
1401704441832 6 4098 132.0 977.5708 0.16666667 3.0 3.0 3.0 3.0 0.0 0.192 2 TOUCH_MOVE S
1401704441848 6 4098 132.0 978.74457 0.16666667 3.0 3.0 3.0 3.0 0.0 0.18800001 2 TOUCH_MOVE S
1401704441868 6 4098 132.0 979.96216 0.16666667 3.0 3.0 3.0 3.0 0.0 0.18400002 2 TOUCH_MOVE S
1401704441887 6 4098 132.0 980.951 0.16666667 3.0 3.0 3.0 3.0 0.0 0.1 2 TOUCH_MOVE S
1401704441904 6 4098 132.0 980.951 0.16666667 3.0 3.0 3.0 3.0 0.0 0.1 1 TOUCH_UP S
1401704442081 6 4098 633.0 840.951 0.26666668 4.0 4.0 4.0 4.0 0.0 0.208 0 TOUCH_DOWN o
1401704442105 6 4098 632.6456 840.5966 0.3 5.0 5.0 5.0 5.0 0.0 0.21200001 2 TOUCH_MOVE o
1401704442116 6 4098 630.3691 839.0304 0.3 5.0 5.0 5.0 5.0 0.0 0.224 2 TOUCH_MOVE o
1401704442132 6 4098 628.18665 837.13763 0.3 5.0 5.0 5.0 5.0 0.0 0.224 2 TOUCH_MOVE o
1401704442150 6 4098 627.37866 836.32965 0.3 5.0 5.0 5.0 5.0 0.0 0.216 2 TOUCH_MOVE o
1401704442171 6 4098 627.37866 836.32965 0.3 5.0 5.0 5.0 5.0 0.0 0.216 1 TOUCH_UP o
1401704442429 6 4098 304.5 1243.9509 0.20000002 4.0 4.0 4.0 4.0 0.0 0.192 0 TOUCH_DOWN Space
1401704442459 6 4098 304.5 1243.0016 0.20000002 4.0 4.0 4.0 4.0 0.0 0.19600001 2 TOUCH_MOVE Space
1401704442466 6 4098 304.9126 1240.6257 0.20000002 4.0 4.0 4.0 4.0 0.0 0.2 2 TOUCH_MOVE Space
1401704442482 6 4098 305.8793 1239.5717 0.20000002 4.0 4.0 4.0 4.0 0.0 0.192 2 TOUCH_MOVE Space
1401704442496 6 4098 309.0 1238.9509 0.16666667 4.0 4.0 4.0 4.0 0.0 0.16800001 2 TOUCH_MOVE Space
1401704442499 6 4098 309.0 1238.9509 0.16666667 4.0 4.0 4.0 4.0 0.0 0.16800001 1 TOUCH_UP Space
1401704442782 6 4098 663.0 987.451 0.3 5.0 5.0 5.0 5.0 0.0 0.20400001 0 TOUCH_DOWN l
1401704442807 6 4098 663.0 987.451 0.3 5.0 5.0 5.0 5.0 0.0 0.216 2 TOUCH_MOVE l
1401704442843 6 4098 663.0 987.451 0.26666668 5.0 5.0 5.0 5.0 0.0 0.18800001 2 TOUCH_MOVE l
1401704442846 6 4098 663.0 987.451 0.26666668 5.0 5.0 5.0 5.0 0.0 0.18800001 1 TOUCH_UP l
1401704443079 6 4098 175.5 820.451 0.26666668 4.0 4.0 4.0 4.0 0.0 0.216 0 TOUCH_DOWN e
1401704443090 6 4098 175.5 820.451 0.26666668 4.0 4.0 4.0 4.0 0.0 0.22000001 2 TOUCH_MOVE e
1401704443125 6 4098 176.42755 821.37854 0.3 5.0 5.0 5.0 5.0 0.0 0.224 2 TOUCH_MOVE e
1401704443133 6 4098 177.92685 822.37787 0.3 5.0 5.0 5.0 5.0 0.0 0.224 2 TOUCH_MOVE e
1401704443150 6 4098 179.28156 823.73254 0.3 5.0 5.0 5.0 5.0 0.0 0.216 2 TOUCH_MOVE e
1401704443167 6 4098 180.33806 827.6413 0.26666668 4.0 4.0 4.0 4.0 0.0 0.19600001 2 TOUCH_MOVE e
1401704443172 6 4098 180.5 828.451 0.23333335 4.0 4.0 4.0 4.0 0.0 0.172 2 TOUCH_MOVE e
1401704443175 6 4098 180.5 828.451 0.23333335 4.0 4.0 4.0 4.0 0.0 0.172 1 TOUCH_UP e
1401704443350 6 4098 310.5 825.451 0.3 5.0 5.0 5.0 5.0 0.0 0.22000001 0 TOUCH_DOWN t
1401704443370 6 4098 310.5 825.451 0.33333334 5.0 5.0 5.0 5.0 0.0 0.224 2 TOUCH_MOVE t
1401704443416 6 4098 310.5 826.7471 0.33333334 5.0 5.0 5.0 5.0 0.0 0.224 2 TOUCH_MOVE t
1401704443437 6 4098 309.08127 828.86975 0.3 5.0 5.0 5.0 5.0 0.0 0.216 2 TOUCH_MOVE t
1401704443450 6 4098 305.5 831.951 0.20000002 4.0 4.0 4.0 4.0 0.0 0.19600001 2 TOUCH_MOVE t
1401704443458 6 4098 305.5 831.951 0.13333334 2.0 2.0 2.0 2.0 0.0 0.15200001 2 TOUCH_MOVE t
1401704443462 6 4098 305.5 831.951 0.13333334 2.0 2.0 2.0 2.0 0.0 0.15200001 1 TOUCH_UP t
1401704443919 6 4098 577.5 1213.9509 0.20000002 3.0 3.0 3.0 3.0 0.0 0.2 0 TOUCH_DOWN '
1401704443940 6 4098 577.5 1213.9509 0.23333335 4.0 4.0 4.0 4.0 0.0 0.20400001 2 TOUCH_MOVE '
1401704443970 6 4098 577.5 1215.0227 0.23333335 4.0 4.0 4.0 4.0 0.0 0.2 2 TOUCH_MOVE '
1401704443979 6 4098 577.5 1215.4509 0.20000002 3.0 3.0 3.0 3.0 0.0 0.18 2 TOUCH_MOVE '
1401704443995 6 4098 577.5 1215.4509 0.20000002 3.0 3.0 3.0 3.0 0.0 0.18 1 TOUCH_UP '
1401704444131 6 4098 132.0 976.451 0.23333335 4.0 4.0 4.0 4.0 0.0 0.20400001 0 TOUCH_DOWN s
1401704444184 6 4098 132.0 975.8595 0.26666668 4.0 4.0 4.0 4.0 0.0 0.22000001 2 TOUCH_MOVE s
1401704444234 6 4098 131.03293 975.951 0.23333335 4.0 4.0 4.0 4.0 0.0 0.20400001 2 TOUCH_MOVE s
1401704444246 6 4098 131.0 975.951 0.13333334 2.0 2.0 2.0 2.0 0.0 0.104 2 TOUCH_MOVE s
1401704444261 6 4098 131.0 975.951 0.13333334 2.0 2.0 2.0 2.0 0.0 0.104 1 TOUCH_UP s
1401704444424 6 4098 350.5 1226.4509 0.23333335 4.0 4.0 4.0 4.0 0.0 0.21200001 0 TOUCH_DOWN Space
1401704444436 6 4098 350.5 1226.4509 0.23333335 4.0 4.0 4.0 4.0 0.0 0.208 2 TOUCH_MOVE Space
1401704444468 6 4098 349.5424 1225.4933 0.23333335 4.0 4.0 4.0 4.0 0.0 0.216 2 TOUCH_MOVE Space
1401704444484 6 4098 348.75 1224.7009 0.23333335 4.0 4.0 4.0 4.0 0.0 0.216 2 TOUCH_MOVE Space
1401704444516 6 4098 349.0 1226.4509 0.20000002 3.0 3.0 3.0 3.0 0.0 0.18400002 2 TOUCH_MOVE Space
1401704444520 6 4098 349.0 1226.4509 0.20000002 3.0 3.0 3.0 3.0 0.0 0.18400002 1 TOUCH_UP Space
1401704444866 6 4098 125.5 961.451 0.13333334 2.0 2.0 2.0 2.0 0.0 0.18 0 TOUCH_DOWN s
1401704444892 6 4098 123.97287 960.4239 0.26666668 4.0 4.0 4.0 4.0 0.0 0.2 2 TOUCH_MOVE s
1401704444923 6 4098 123.04185 958.951 0.23333335 4.0 4.0 4.0 4.0 0.0 0.2 2 TOUCH_MOVE s
1401704444936 6 4098 122.75 958.951 0.23333335 4.0 4.0 4.0 4.0 0.0 0.2 2 TOUCH_MOVE s
1401704444957 6 4098 123.0 958.951 0.13333334 2.0 2.0 2.0 2.0 0.0 0.16000001 2 TOUCH_MOVE s
1401704444961 6 4098 123.0 958.951 0.13333334 2.0 2.0 2.0 2.0 0.0 0.16000001 1 TOUCH_UP s
1401704445249 6 4098 321.5 834.451 0.33333334 5.0 5.0 5.0 5.0 0.0 0.224 0 TOUCH_DOWN t
1401704445285 6 4098 321.5 834.98553 0.33333334 5.0 5.0 5.0 5.0 0.0 0.22800002 2 TOUCH_MOVE t
1401704445302 6 4098 319.79367 836.6573 0.26666668 4.0 4.0 4.0 4.0 0.0 0.224 2 TOUCH_MOVE t
1401704445320 6 4098 310.7773 843.47656 0.26666668 4.0 4.0 4.0 4.0 0.0 0.22000001 2 TOUCH_MOVE t
1401704445336 6 4098 301.0 847.451 0.26666668 4.0 4.0 4.0 4.0 0.0 0.208 2 TOUCH_MOVE t
1401704445346 6 4098 295.5 848.451 0.23333335 5.0 5.0 5.0 5.0 0.0 0.148 2 TOUCH_MOVE t
1401704445351 6 4098 295.5 848.451 0.23333335 5.0 5.0 5.0 5.0 0.0 0.148 1 TOUCH_UP t
1401704445563 6 4098 64.0 935.451 0.23333335 4.0 4.0 4.0 4.0 0.0 0.18800001 0 TOUCH_DOWN a
1401704445569 6 4098 64.0 935.451 0.23333335 4.0 4.0 4.0 4.0 0.0 0.192 2 TOUCH_MOVE a
1401704445635 6 4098 63.1603 935.451 0.23333335 4.0 4.0 4.0 4.0 0.0 0.19600001 2 TOUCH_MOVE a
1401704445652 6 4098 62.5 935.451 0.23333335 4.0 4.0 4.0 4.0 0.0 0.18400002 2 TOUCH_MOVE a
1401704445658 6 4098 62.5 935.451 0.20000002 3.0 3.0 3.0 3.0 0.0 0.1 2 TOUCH_MOVE a
1401704445662 6 4098 62.5 935.451 0.20000002 3.0 3.0 3.0 3.0 0.0 0.1 1 TOUCH_UP a
1401704445919 6 4098 232.0 854.951 0.3 5.0 5.0 5.0 5.0 0.0 0.224 0 TOUCH_DOWN r
1401704445969 6 4098 232.0 854.44305 0.3 5.0 5.0 5.0 5.0 0.0 0.22800002 2 TOUCH_MOVE r
1401704445990 6 4098 232.0 853.391 0.26666668 4.0 4.0 4.0 4.0 0.0 0.22000001 2 TOUCH_MOVE r
1401704446031 6 4098 232.0 853.391 0.26666668 4.0 4.0 4.0 4.0 0.0 0.22000001 1 TOUCH_UP r
1401704446197 6 4098 328.5 823.451 0.33333334 5.0 5.0 5.0 5.0 0.0 0.224 0 TOUCH_DOWN t
1401704446253 6 4098 329.07642 823.451 0.33333334 5.0 5.0 5.0 5.0 0.0 0.224 2 TOUCH_MOVE t
1401704446287 6 4098 329.0 824.0353 0.33333334 5.0 5.0 5.0 5.0 0.0 0.21200001 2 TOUCH_MOVE t
1401704446303 6 4098 328.5 825.951 0.33333334 5.0 5.0 5.0 5.0 0.0 0.192 2 TOUCH_MOVE t
1401704446317 6 4098 328.5 825.951 0.26666668 5.0 5.0 5.0 5.0 0.0 0.14 2 TOUCH_MOVE t
1401704446326 6 4098 328.5 825.951 0.26666668 5.0 5.0 5.0 5.0 0.0 0.14 1 TOUCH_UP t
1401704446439 6 4098 329.5 1222.4509 0.26666668 5.0 5.0 5.0 5.0 0.0 0.208 0 TOUCH_DOWN Space
1401704446461 6 4098 329.5 1222.4509 0.26666668 5.0 5.0 5.0 5.0 0.0 0.216 2 TOUCH_MOVE Space
1401704446488 6 4098 329.5 1221.2009 0.26666668 5.0 5.0 5.0 5.0 0.0 0.22000001 2 TOUCH_MOVE Space
1401704446503 6 4098 329.5 1220.2009 0.26666668 5.0 5.0 5.0 5.0 0.0 0.216 2 TOUCH_MOVE Space
1401704446519 6 4098 331.57724 1219.6624 0.26666668 5.0 5.0 5.0 5.0 0.0 0.20400001 2 TOUCH_MOVE Space
1401704446524 6 4098 332.0 1219.4509 0.23333335 4.0 4.0 4.0 4.0 0.0 0.18400002 2 TOUCH_MOVE Space
1401704446528 6 4098 332.0 1219.4509 0.23333335 4.0 4.0 4.0 4.0 0.0 0.18400002 1 TOUCH_UP Space
1401704447084 6 4098 327.5 978.451 0.3 5.0 5.0 5.0 5.0 0.0 0.22000001 0 TOUCH_DOWN g
1401704447103 6 4098 327.5 978.451 0.3 5.0 5.0 5.0 5.0 0.0 0.216 2 TOUCH_MOVE g
1401704447137 6 4098 327.5 977.83563 0.3 5.0 5.0 5.0 5.0 0.0 0.224 2 TOUCH_MOVE g
1401704447171 6 4098 325.6085 977.951 0.3 5.0 5.0 5.0 5.0 0.0 0.21200001 2 TOUCH_MOVE g
1401704447183 6 4098 324.5 978.451 0.23333335 4.0 4.0 4.0 4.0 0.0 0.18800001 2 TOUCH_MOVE g
1401704447186 6 4098 324.5 978.451 0.23333335 4.0 4.0 4.0 4.0 0.0 0.18800001 1 TOUCH_UP g
1401704447313 6 4098 527.5 852.951 0.26666668 5.0 5.0 5.0 5.0 0.0 0.216 0 TOUCH_DOWN i
1401704447338 6 4098 527.5 852.4298 0.3 5.0 5.0 5.0 5.0 0.0 0.22000001 2 TOUCH_MOVE i
1401704447355 6 4098 526.4626 851.4136 0.26666668 5.0 5.0 5.0 5.0 0.0 0.22000001 2 TOUCH_MOVE i
1401704447370 6 4098 526.0 850.4524 0.26666668 5.0 5.0 5.0 5.0 0.0 0.216 2 TOUCH_MOVE i
1401704447383 6 4098 526.0 849.951 0.13333334 2.0 2.0 2.0 2.0 0.0 0.148 2 TOUCH_MOVE i
1401704447390 6 4098 526.0 849.951 0.13333334 2.0 2.0 2.0 2.0 0.0 0.148 1 TOUCH_UP i
1401704447651 6 4098 333.5 1100.4509 0.3 5.0 5.0 5.0 5.0 0.0 0.2 0 TOUCH_DOWN v
1401704447670 6 4098 333.5 1100.4509 0.3 5.0 5.0 5.0 5.0 0.0 0.20400001 2 TOUCH_MOVE v
1401704447771 6 4098 333.5 1100.9509 0.26666668 5.0 5.0 5.0 5.0 0.0 0.16000001 2 TOUCH_MOVE v
1401704447776 6 4098 333.5 1100.9509 0.26666668 5.0 5.0 5.0 5.0 0.0 0.16000001 1 TOUCH_UP v
1401704447874 6 4098 539.5 837.951 0.3 5.0 5.0 5.0 5.0 0.0 0.22000001 0 TOUCH_DOWN i
1401704447904 6 4098 537.5748 837.951 0.3 5.0 5.0 5.0 5.0 0.0 0.224 2 TOUCH_MOVE i
1401704447921 6 4098 534.6946 838.2195 0.3 5.0 5.0 5.0 5.0 0.0 0.22000001 2 TOUCH_MOVE i
1401704447940 6 4098 531.77856 840.6724 0.23333335 4.0 4.0 4.0 4.0 0.0 0.19600001 2 TOUCH_MOVE i
1401704447945 6 4098 531.5 840.951 0.13333334 2.0 2.0 2.0 2.0 0.0 0.108 2 TOUCH_MOVE i
1401704447948 6 4098 531.5 840.951 0.13333334 2.0 2.0 2.0 2.0 0.0 0.108 1 TOUCH_UP i
1401704448199 6 4098 497.5 1126.9509 0.3 5.0 5.0 5.0 5.0 0.0 0.20400001 0 TOUCH_DOWN n
1401704448204 6 4098 497.5 1126.9509 0.3 5.0 5.0 5.0 5.0 0.0 0.21200001 2 TOUCH_MOVE n
1401704448239 6 4098 498.56918 1126.9509 0.3 5.0 5.0 5.0 5.0 0.0 0.22000001 2 TOUCH_MOVE n
1401704448271 6 4098 499.4968 1126.9509 0.3 5.0 5.0 5.0 5.0 0.0 0.20400001 2 TOUCH_MOVE n
1401704448274 6 4098 499.5 1126.9509 0.3 5.0 5.0 5.0 5.0 0.0 0.18400002 2 TOUCH_MOVE n
1401704448279 6 4098 499.5 1126.9509 0.3 5.0 5.0 5.0 5.0 0.0 0.18400002 1 TOUCH_UP n
1401704448490 6 4098 350.5 967.451 0.20000002 4.0 4.0 4.0 4.0 0.0 0.2 0 TOUCH_DOWN g
1401704448507 6 4098 350.5 967.451 0.26666668 4.0 4.0 4.0 4.0 0.0 0.21200001 2 TOUCH_MOVE g
1401704448555 6 4098 351.05826 967.451 0.26666668 4.0 4.0 4.0 4.0 0.0 0.224 2 TOUCH_MOVE g
1401704448640 6 4098 351.05826 967.451 0.26666668 4.0 4.0 4.0 4.0 0.0 0.224 1 TOUCH_UP g
