1401703826461 6 4098 109.5 830.451 0.33333334 5.0 5.0 5.0 5.0 0.0 0.19600001 0 TOUCH_DOWN W
1401703826541 6 4098 108.65863 830.451 0.33333334 5.0 5.0 5.0 5.0 0.0 0.192 2 TOUCH_MOVE W
1401703826549 6 4098 108.5 830.451 0.33333334 5.0 5.0 5.0 5.0 0.0 0.18 2 TOUCH_MOVE W
1401703826553 6 4098 108.5 830.451 0.33333334 5.0 5.0 5.0 5.0 0.0 0.18 1 TOUCH_UP W
1401703826901 6 4098 181.5 822.451 0.26666668 4.0 4.0 4.0 4.0 0.0 0.2 0 TOUCH_DOWN e
1401703826993 6 4098 180.66873 822.7823 0.3 5.0 5.0 5.0 5.0 0.0 0.2 2 TOUCH_MOVE e
1401703826998 6 4098 180.5 822.951 0.3 5.0 5.0 5.0 5.0 0.0 0.18400002 2 TOUCH_MOVE e
1401703827004 6 4098 180.5 822.951 0.3 5.0 5.0 5.0 5.0 0.0 0.18400002 1 TOUCH_UP e
1401703827294 6 4098 356.0 1230.4509 0.23333335 4.0 4.0 4.0 4.0 0.0 0.20400001 0 TOUCH_DOWN Space
1401703827316 6 4098 355.68546 1230.1364 0.23333335 4.0 4.0 4.0 4.0 0.0 0.208 2 TOUCH_MOVE Space
1401703827325 6 4098 354.91052 1229.3615 0.23333335 4.0 4.0 4.0 4.0 0.0 0.21200001 2 TOUCH_MOVE Space
1401703827342 6 4098 353.9451 1228.396 0.23333335 4.0 4.0 4.0 4.0 0.0 0.208 2 TOUCH_MOVE Space
1401703827358 6 4098 353.25 1228.4509 0.23333335 4.0 4.0 4.0 4.0 0.0 0.20400001 2 TOUCH_MOVE Space
1401703827372 6 4098 353.25 1228.4509 0.23333335 4.0 4.0 4.0 4.0 0.0 0.20400001 1 TOUCH_UP Space
1401703828246 6 4098 52.5 937.951 0.26666668 5.0 5.0 5.0 5.0 0.0 0.192 0 TOUCH_DOWN a
1401703828260 6 4098 52.5 937.951 0.26666668 5.0 5.0 5.0 5.0 0.0 0.2 2 TOUCH_MOVE a
1401703828293 6 4098 53.905827 937.951 0.23333335 4.0 4.0 4.0 4.0 0.0 0.20400001 2 TOUCH_MOVE a
1401703828310 6 4098 54.0 937.5067 0.23333335 4.0 4.0 4.0 4.0 0.0 0.2 2 TOUCH_MOVE a
1401703828315 6 4098 54.0 937.451 0.23333335 4.0 4.0 4.0 4.0 0.0 0.18400002 2 TOUCH_MOVE a
1401703828318 6 4098 54.0 937.451 0.23333335 4.0 4.0 4.0 4.0 0.0 0.18400002 1 TOUCH_UP a
1401703828536 6 4098 159.0 847.951 0.26666668 5.0 5.0 5.0 5.0 0.0 0.208 0 TOUCH_DOWN e
1401703828593 6 4098 157.58539 847.951 0.26666668 5.0 5.0 5.0 5.0 0.0 0.21200001 2 TOUCH_MOVE e
1401703828610 6 4098 155.6864 848.6078 0.23333335 4.0 4.0 4.0 4.0 0.0 0.19600001 2 TOUCH_MOVE e
1401703828618 6 4098 155.0 848.951 0.20000002 4.0 4.0 4.0 4.0 0.0 0.18 2 TOUCH_MOVE e
1401703828623 6 4098 155.0 848.951 0.20000002 4.0 4.0 4.0 4.0 0.0 0.18 1 TOUCH_UP e
1401703829317 6 4098 709.0 1089.4509 0.20000002 3.0 3.0 3.0 3.0 0.0 0.18 0 TOUCH_DOWN Back
1401703829329 6 4098 709.0 1089.4509 0.20000002 3.0 3.0 3.0 3.0 0.0 0.18800001 2 TOUCH_MOVE Back
1401703829352 6 4098 708.3466 1090.6044 0.20000002 3.0 3.0 3.0 3.0 0.0 0.19600001 2 TOUCH_MOVE Back
1401703829360 6 4098 706.4053 1092.5457 0.16666667 3.0 3.0 3.0 3.0 0.0 0.19600001 2 TOUCH_MOVE Back
1401703829378 6 4098 704.5028 1094.4481 0.20000002 3.0 3.0 3.0 3.0 0.0 0.2 2 TOUCH_MOVE Back
1401703829394 6 4098 702.5297 1095.9211 0.16666667 3.0 3.0 3.0 3.0 0.0 0.18400002 2 TOUCH_MOVE Back
1401703829398 6 4098 702.5 1095.9509 0.16666667 3.0 3.0 3.0 3.0 0.0 0.108 2 TOUCH_MOVE Back
1401703829402 6 4098 702.5 1095.9509 0.16666667 3.0 3.0 3.0 3.0 0.0 0.108 1 TOUCH_UP Back
1401703829544 6 4098 261.0 847.451 0.26666668 4.0 4.0 4.0 4.0 0.0 0.216 0 TOUCH_DOWN r
1401703829565 6 4098 260.7002 847.451 0.3 5.0 5.0 5.0 5.0 0.0 0.21200001 2 TOUCH_MOVE r
1401703829578 6 4098 259.93787 847.451 0.26666668 4.0 4.0 4.0 4.0 0.0 0.216 2 TOUCH_MOVE r
1401703829594 6 4098 257.16556 846.4924 0.26666668 4.0 4.0 4.0 4.0 0.0 0.216 2 TOUCH_MOVE r
1401703829612 6 4098 250.59647 846.9372 0.26666668 4.0 4.0 4.0 4.0 0.0 0.21200001 2 TOUCH_MOVE r
1401703829627 6 4098 244.13254 848.9068 0.20000002 4.0 4.0 4.0 4.0 0.0 0.18800001 2 TOUCH_MOVE r
1401703829638 6 4098 244.0 848.951 0.16666667 3.0 3.0 3.0 3.0 0.0 0.128 2 TOUCH_MOVE r
1401703829642 6 4098 244.0 848.951 0.16666667 3.0 3.0 3.0 3.0 0.0 0.128 1 TOUCH_UP r
1401703829726 6 4098 162.0 856.451 0.23333335 5.0 5.0 5.0 5.0 0.0 0.20400001 0 TOUCH_DOWN e
1401703829761 6 4098 162.0 856.451 0.26666668 5.0 5.0 5.0 5.0 0.0 0.22000001 2 TOUCH_MOVE e
1401703829777 6 4098 162.0 856.9708 0.3 5.0 5.0 5.0 5.0 0.0 0.224 2 TOUCH_MOVE e
1401703829795 6 4098 162.0 858.0245 0.26666668 5.0 5.0 5.0 5.0 0.0 0.216 2 TOUCH_MOVE e
1401703829811 6 4098 162.0 858.4724 0.26666668 5.0 5.0 5.0 5.0 0.0 0.21200001 2 TOUCH_MOVE e
1401703829827 6 4098 160.99443 858.451 0.23333335 5.0 5.0 5.0 5.0 0.0 0.17600001 2 TOUCH_MOVE e
1401703829841 6 4098 160.99443 858.451 0.23333335 5.0 5.0 5.0 5.0 0.0 0.17600001 1 TOUCH_UP e
1401703831218 6 4098 374.5 1219.4509 0.26666668 5.0 5.0 5.0 5.0 0.0 0.208 0 TOUCH_DOWN Space
1401703831229 6 4098 374.5 1219.4509 0.26666668 5.0 5.0 5.0 5.0 0.0 0.21200001 2 TOUCH_MOVE Space
1401703831295 6 4098 375.2279 1218.4951 0.23333335 4.0 4.0 4.0 4.0 0.0 0.2 2 TOUCH_MOVE Space
1401703831304 6 4098 375.5 1217.9509 0.23333335 4.0 4.0 4.0 4.0 0.0 0.18 2 TOUCH_MOVE Space
1401703831307 6 4098 375.5 1217.9509 0.23333335 4.0 4.0 4.0 4.0 0.0 0.18 1 TOUCH_UP Space
1401703831501 6 4098 297.0 820.951 0.26666668 4.0 4.0 4.0 4.0 0.0 0.216 0 TOUCH_DOWN t
1401703831546 6 4098 297.6157 820.951 0.3 5.0 5.0 5.0 5.0 0.0 0.216 2 TOUCH_MOVE t
1401703831572 6 4098 297.5 820.951 0.26666668 4.0 4.0 4.0 4.0 0.0 0.18 2 TOUCH_MOVE t
1401703831575 6 4098 297.5 820.951 0.26666668 4.0 4.0 4.0 4.0 0.0 0.18 1 TOUCH_UP t
1401703831628 6 4098 450.5 984.451 0.3 5.0 5.0 5.0 5.0 0.0 0.224 0 TOUCH_DOWN h
1401703831646 6 4098 450.5 984.451 0.3 5.0 5.0 5.0 5.0 0.0 0.23200001 2 TOUCH_MOVE h
1401703831662 6 4098 447.85983 984.451 0.3 5.0 5.0 5.0 5.0 0.0 0.23200001 2 TOUCH_MOVE h
1401703831679 6 4098 444.38077 984.451 0.3 5.0 5.0 5.0 5.0 0.0 0.23600002 2 TOUCH_MOVE h
1401703831698 6 4098 441.49545 984.7858 0.3 5.0 5.0 5.0 5.0 0.0 0.216 2 TOUCH_MOVE h
1401703831702 6 4098 441.0 984.951 0.26666668 4.0 4.0 4.0 4.0 0.0 0.18800001 2 TOUCH_MOVE h
1401703831714 6 4098 441.0 984.951 0.26666668 4.0 4.0 4.0 4.0 0.0 0.18800001 1 TOUCH_UP h
1401703831910 6 4098 158.5 843.951 0.3 5.0 5.0 5.0 5.0 0.0 0.216 0 TOUCH_DOWN e
1401703831929 6 4098 158.5 843.951 0.3 5.0 5.0 5.0 5.0 0.0 0.22000001 2 TOUCH_MOVE e
1401703831947 6 4098 159.54901 843.17645 0.3 5.0 5.0 5.0 5.0 0.0 0.224 2 TOUCH_MOVE e
1401703831963 6 4098 161.23158 842.451 0.3 5.0 5.0 5.0 5.0 0.0 0.22800002 2 TOUCH_MOVE e
1401703831984 6 4098 162.21016 842.451 0.3 5.0 5.0 5.0 5.0 0.0 0.22000001 2 TOUCH_MOVE e
1401703832014 6 4098 162.0 842.451 0.23333335 5.0 5.0 5.0 5.0 0.0 0.16800001 2 TOUCH_MOVE e
1401703832017 6 4098 162.0 842.451 0.23333335 5.0 5.0 5.0 5.0 0.0 0.16800001 1 TOUCH_UP e
1401703832054 6 4098 330.0 1210.9509 0.26666668 5.0 5.0 5.0 5.0 0.0 0.216 0 TOUCH_DOWN Space
1401703832063 6 4098 330.0 1210.9509 0.26666668 5.0 5.0 5.0 5.0 0.0 0.22000001 2 TOUCH_MOVE Space
1401703832148 6 4098 330.0 1210.9509 0.26666668 5.0 5.0 5.0 5.0 0.0 0.192 2 TOUCH_MOVE Space
1401703832152 6 4098 330.0 1210.9509 0.16666667 3.0 3.0 3.0 3.0 0.0 0.120000005 2 TOUCH_MOVE Space
1401703832156 6 4098 330.0 1210.9509 0.16666667 3.0 3.0 3.0 3.0 0.0 0.120000005 1 TOUCH_UP Space
1401703832274 6 4098 113.0 855.951 0.20000002 4.0 4.0 4.0 4.0 0.0 0.20400001 0 TOUCH_DOWN w
1401703832331 6 4098 113.56925 855.951 0.26666668 5.0 5.0 5.0 5.0 0.0 0.216 2 TOUCH_MOVE w
1401703832378 6 4098 113.5 855.951 0.23333335 5.0 5.0 5.0 5.0 0.0 0.156 2 TOUCH_MOVE w
1401703832381 6 4098 113.5 855.951 0.23333335 5.0 5.0 5.0 5.0 0.0 0.156 1 TOUCH_UP w
1401703832560 6 4098 620.5 851.951 0.23333335 5.0 5.0 5.0 5.0 0.0 0.20400001 0 TOUCH_DOWN o
1401703832601 6 4098 620.04016 852.4108 0.26666668 5.0 5.0 5.0 5.0 0.0 0.216 2 TOUCH_MOVE o
1401703832613 6 4098 619.25 852.451 0.33333334 6.0 6.0 6.0 6.0 0.0 0.23600002 2 TOUCH_MOVE o
1401703832640 6 4098 619.5 852.451 0.23333335 5.0 5.0 5.0 5.0 0.0 0.2 2 TOUCH_MOVE o
1401703832644 6 4098 619.5 852.451 0.23333335 5.0 5.0 5.0 5.0 0.0 0.2 1 TOUCH_UP o
1401703833080 6 4098 233.0 842.951 0.26666668 4.0 4.0 4.0 4.0 0.0 0.208 0 TOUCH_DOWN r
1401703833147 6 4098 233.0 842.951 0.23333335 4.0 4.0 4.0 4.0 0.0 0.17600001 2 TOUCH_MOVE r
1401703833152 6 4098 233.0 842.951 0.23333335 4.0 4.0 4.0 4.0 0.0 0.17600001 1 TOUCH_UP r
1401703833296 6 4098 643.0 968.951 0.20000002 4.0 4.0 4.0 4.0 0.0 0.20400001 0 TOUCH_DOWN l
1401703833314 6 4098 643.0 968.951 0.23333335 5.0 5.0 5.0 5.0 0.0 0.20400001 2 TOUCH_MOVE l
1401703833381 6 4098 643.0 968.951 0.23333335 5.0 5.0 5.0 5.0 0.0 0.20400001 1 TOUCH_UP l
1401703833733 6 4098 204.0 972.951 0.20000002 4.0 4.0 4.0 4.0 0.0 0.19600001 0 TOUCH_DOWN d
1401703833831 6 4098 204.0 972.951 0.20000002 4.0 4.0 4.0 4.0 0.0 0.19600001 1 TOUCH_UP d
1401703834550 6 4098 449.5 1218.4509 0.26666668 5.0 5.0 5.0 5.0 0.0 0.21200001 0 TOUCH_DOWN ,
1401703834567 6 4098 449.5 1218.4509 0.26666668 5.0 5.0 5.0 5.0 0.0 0.216 2 TOUCH_MOVE ,
1401703834638 6 4098 449.0 1219.4509 0.26666668 5.0 5.0 5.0 5.0 0.0 0.18800001 2 TOUCH_MOVE ,
1401703834642 6 4098 449.0 1219.4509 0.26666668 5.0 5.0 5.0 5.0 0.0 0.18800001 1 TOUCH_UP ,
1401703834809 6 4098 336.5 1228.9509 0.26666668 5.0 5.0 5.0 5.0 0.0 0.20400001 0 TOUCH_DOWN Space
1401703834829 6 4098 336.315 1228.9509 0.26666668 5.0 5.0 5.0 5.0 0.0 0.21200001 2 TOUCH_MOVE Space
1401703834851 6 4098 334.70087 1228.9509 0.26666668 5.0 5.0 5.0 5.0 0.0 0.208 2 TOUCH_MOVE Space
1401703834864 6 4098 334.0 1228.9509 0.26666668 5.0 5.0 5.0 5.0 0.0 0.18800001 2 TOUCH_MOVE Space
1401703834869 6 4098 334.0 1228.9509 0.26666668 5.0 5.0 5.0 5.0 0.0 0.18800001 1 TOUCH_UP Space
1401703835056 6 4098 133.0 827.451 0.3 5.0 5.0 5.0 5.0 0.0 0.21200001 0 TOUCH_DOWN w
1401703835066 6 4098 133.0 827.451 0.3 5.0 5.0 5.0 5.0 0.0 0.216 2 TOUCH_MOVE w
1401703835118 6 4098 132.30792 828.64307 0.3 5.0 5.0 5.0 5.0 0.0 0.216 2 TOUCH_MOVE w
1401703835133 6 4098 129.33914 830.28143 0.3 5.0 5.0 5.0 5.0 0.0 0.208 2 TOUCH_MOVE w
1401703835150 6 4098 122.0 831.451 0.33333334 5.0 5.0 5.0 5.0 0.0 0.18800001 2 TOUCH_MOVE w
1401703835154 6 4098 122.0 831.451 0.33333334 5.0 5.0 5.0 5.0 0.0 0.18800001 1 TOUCH_UP w
1401703835536 6 4098 186.0 837.451 0.3 5.0 5.0 5.0 5.0 0.0 0.22000001 0 TOUCH_DOWN e
1401703835550 6 4098 186.0 837.451 0.33333334 5.0 5.0 5.0 5.0 0.0 0.224 2 TOUCH_MOVE e
1401703835583 6 4098 187.15576 836.7952 0.33333334 5.0 5.0 5.0 5.0 0.0 0.22800002 2 TOUCH_MOVE e
1401703835600 6 4098 187.75 836.201 0.33333334 5.0 5.0 5.0 5.0 0.0 0.22800002 2 TOUCH_MOVE e
1401703835616 6 4098 186.91415 835.3652 0.3 5.0 5.0 5.0 5.0 0.0 0.21200001 2 TOUCH_MOVE e
1401703835634 6 4098 184.5 834.951 0.23333335 4.0 4.0 4.0 4.0 0.0 0.172 2 TOUCH_MOVE e
1401703835637 6 4098 184.5 834.951 0.23333335 4.0 4.0 4.0 4.0 0.0 0.172 1 TOUCH_UP e
1401703835739 6 4098 357.5 1210.9509 0.23333335 4.0 4.0 4.0 4.0 0.0 0.22000001 0 TOUCH_DOWN Space
1401703835750 6 4098 357.5 1210.9509 0.26666668 5.0 5.0 5.0 5.0 0.0 0.224 2 TOUCH_MOVE Space
1401703835784 6 4098 356.2933 1211.6576 0.26666668 5.0 5.0 5.0 5.0 0.0 0.224 2 TOUCH_MOVE Space
1401703835800 6 4098 355.43777 1212.5132 0.23333335 4.0 4.0 4.0 4.0 0.0 0.208 2 TOUCH_MOVE Space
1401703835816 6 4098 354.35098 1213.6 0.13333334 2.0 2.0 2.0 2.0 0.0 0.108 2 TOUCH_MOVE Space
1401703835820 6 4098 354.35098 1213.6 0.13333334 2.0 2.0 2.0 2.0 0.0 0.108 1 TOUCH_UP Space
1401703836041 6 4098 43.0 959.451 0.20000002 3.0 3.0 3.0 3.0 0.0 0.18400002 0 TOUCH_DOWN a
1401703836050 6 4098 43.0 959.451 0.20000002 3.0 3.0 3.0 3.0 0.0 0.18800001 2 TOUCH_MOVE a
1401703836069 6 4098 43.0 958.8729 0.23333335 4.0 4.0 4.0 4.0 0.0 0.192 2 TOUCH_MOVE a
1401703836084 6 4098 43.0 957.90857 0.23333335 4.0 4.0 4.0 4.0 0.0 0.18800001 2 TOUCH_MOVE a
1401703836100 6 4098 43.0 957.00507 0.23333335 4.0 4.0 4.0 4.0 0.0 0.18800001 2 TOUCH_MOVE a
1401703836112 6 4098 42.5 956.451 0.23333335 4.0 4.0 4.0 4.0 0.0 0.18 2 TOUCH_MOVE a
1401703836117 6 4098 42.5 956.451 0.23333335 4.0 4.0 4.0 4.0 0.0 0.18 1 TOUCH_UP a
1401703836694 6 4098 247.0 841.451 0.26666668 4.0 4.0 4.0 4.0 0.0 0.216 0 TOUCH_DOWN r
1401703836734 6 4098 246.48628 841.451 0.26666668 4.0 4.0 4.0 4.0 0.0 0.216 2 TOUCH_MOVE r
1401703836751 6 4098 244.36128 841.451 0.26666668 4.0 4.0 4.0 4.0 0.0 0.216 2 TOUCH_MOVE r
1401703836767 6 4098 235.91832 842.4691 0.23333335 4.0 4.0 4.0 4.0 0.0 0.18800001 2 TOUCH_MOVE r
1401703836779 6 4098 236.0 842.451 0.23333335 5.0 5.0 5.0 5.0 0.0 0.148 2 TOUCH_MOVE r
1401703836784 6 4098 236.0 842.451 0.23333335 5.0 5.0 5.0 5.0 0.0 0.148 1 TOUCH_UP r
1401703836927 6 4098 150.5 855.451 0.20000002 4.0 4.0 4.0 4.0 0.0 0.192 0 TOUCH_DOWN e
1401703836936 6 4098 150.5 855.451 0.23333335 5.0 5.0 5.0 5.0 0.0 0.19600001 2 TOUCH_MOVE e
1401703836953 6 4098 151.2868 855.451 0.23333335 5.0 5.0 5.0 5.0 0.0 0.20400001 2 TOUCH_MOVE e
1401703836967 6 4098 152.9973 855.451 0.23333335 5.0 5.0 5.0 5.0 0.0 0.208 2 TOUCH_MOVE e
1401703836985 6 4098 154.52698 855.451 0.23333335 5.0 5.0 5.0 5.0 0.0 0.208 2 TOUCH_MOVE e
1401703837001 6 4098 155.25 855.451 0.23333335 5.0 5.0 5.0 5.0 0.0 0.20400001 2 TOUCH_MOVE e
1401703837034 6 4098 155.0 855.451 0.20000002 4.0 4.0 4.0 4.0 0.0 0.18 2 TOUCH_MOVE e
1401703837039 6 4098 155.0 855.451 0.16666667 3.0 3.0 3.0 3.0 0.0 0.1 2 TOUCH_MOVE e
1401703837042 6 4098 155.0 855.451 0.16666667 3.0 3.0 3.0 3.0 0.0 0.1 1 TOUCH_UP e
1401703837379 6 4098 369.0 1207.9509 0.23333335 4.0 4.0 4.0 4.0 0.0 0.208 0 TOUCH_DOWN Space
1401703837386 6 4098 369.0 1207.9509 0.23333335 4.0 4.0 4.0 4.0 0.0 0.21200001 2 TOUCH_MOVE Space
1401703837403 6 4098 369.0 1208.4995 0.23333335 4.0 4.0 4.0 4.0 0.0 0.208 2 TOUCH_MOVE Space
1401703837418 6 4098 369.0 1209.5111 0.23333335 4.0 4.0 4.0 4.0 0.0 0.19600001 2 TOUCH_MOVE Space
1401703837431 6 4098 369.0 1209.5111 0.23333335 4.0 4.0 4.0 4.0 0.0 0.19600001 1 TOUCH_UP Space
1401703837734 6 4098 311.5 820.451 0.26666668 4.0 4.0 4.0 4.0 0.0 0.216 0 TOUCH_DOWN t
1401703837819 6 4098 308.98013 820.451 0.20000002 4.0 4.0 4.0 4.0 0.0 0.18800001 2 TOUCH_MOVE t
1401703837829 6 4098 309.5 820.451 0.16666667 3.0 3.0 3.0 3.0 0.0 0.108 2 TOUCH_MOVE t
1401703837833 6 4098 309.5 820.451 0.16666667 3.0 3.0 3.0 3.0 0.0 0.108 1 TOUCH_UP t
1401703837875 6 4098 425.5 986.451 0.26666668 4.0 4.0 4.0 4.0 0.0 0.22000001 0 TOUCH_DOWN h
1401703837902 6 4098 425.01563 986.451 0.3 5.0 5.0 5.0 5.0 0.0 0.224 2 TOUCH_MOVE h
1401703837918 6 4098 424.06305 986.88794 0.3 5.0 5.0 5.0 5.0 0.0 0.224 2 TOUCH_MOVE h
1401703837935 6 4098 423.5 987.8309 0.26666668 4.0 4.0 4.0 4.0 0.0 0.21200001 2 TOUCH_MOVE h
1401703837949 6 4098 423.5 987.951 0.23333335 4.0 4.0 4.0 4.0 0.0 0.172 2 TOUCH_MOVE h
1401703837952 6 4098 423.5 987.951 0.23333335 4.0 4.0 4.0 4.0 0.0 0.172 1 TOUCH_UP h
1401703838374 6 4098 162.5 843.951 0.3 5.0 5.0 5.0 5.0 0.0 0.21200001 0 TOUCH_DOWN e
1401703838484 6 4098 162.5 843.951 0.3 5.0 5.0 5.0 5.0 0.0 0.21200001 1 TOUCH_UP e
1401703838898 6 4098 337.0 1237.9509 0.23333335 5.0 5.0 5.0 5.0 0.0 0.19600001 0 TOUCH_DOWN Space
1401703838922 6 4098 337.0 1237.2494 0.26666668 5.0 5.0 5.0 5.0 0.0 0.2 2 TOUCH_MOVE Space
1401703838938 6 4098 337.0 1235.1193 0.26666668 5.0 5.0 5.0 5.0 0.0 0.20400001 2 TOUCH_MOVE Space
1401703838953 6 4098 337.0 1233.8243 0.26666668 5.0 5.0 5.0 5.0 0.0 0.20400001 2 TOUCH_MOVE Space
1401703838969 6 4098 337.0 1233.2009 0.26666668 5.0 5.0 5.0 5.0 0.0 0.2 2 TOUCH_MOVE Space
1401703839004 6 4098 337.0 1233.2009 0.26666668 5.0 5.0 5.0 5.0 0.0 0.2 1 TOUCH_UP Space
1401703839457 6 4098 263.5 1101.9509 0.26666668 4.0 4.0 4.0 4.0 0.0 0.2 0 TOUCH_DOWN c
1401703839470 6 4098 263.5 1101.9509 0.26666668 4.0 4.0 4.0 4.0 0.0 0.208 2 TOUCH_MOVE c
1401703839537 6 4098 262.5 1101.9509 0.26666668 4.0 4.0 4.0 4.0 0.0 0.18800001 2 TOUCH_MOVE c
1401703839543 6 4098 262.5 1101.9509 0.23333335 4.0 4.0 4.0 4.0 0.0 0.156 2 TOUCH_MOVE c
1401703839546 6 4098 262.5 1101.9509 0.23333335 4.0 4.0 4.0 4.0 0.0 0.156 1 TOUCH_UP c
1401703839757 6 4098 429.0 1001.951 0.3 5.0 5.0 5.0 5.0 0.0 0.208 0 TOUCH_DOWN h
1401703839783 6 4098 429.0 1001.951 0.3 5.0 5.0 5.0 5.0 0.0 0.216 2 TOUCH_MOVE h
1401703839803 6 4098 430.16586 1001.951 0.3 5.0 5.0 5.0 5.0 0.0 0.2 2 TOUCH_MOVE h
1401703839811 6 4098 431.0 1001.951 0.33333334 5.0 5.0 5.0 5.0 0.0 0.18400002 2 TOUCH_MOVE h
1401703839814 6 4098 431.0 1001.951 0.33333334 5.0 5.0 5.0 5.0 0.0 0.18400002 1 TOUCH_UP h
1401703840136 6 4098 539.5 858.451 0.20000002 4.0 4.0 4.0 4.0 0.0 0.20400001 0 TOUCH_DOWN i
1401703840208 6 4098 539.5 858.451 0.20000002 4.0 4.0 4.0 4.0 0.0 0.20400001 1 TOUCH_UP i
1401703840401 6 4098 671.0 975.451 0.26666668 5.0 5.0 5.0 5.0 0.0 0.18800001 0 TOUCH_DOWN l
1401703840421 6 4098 670.57806 975.8729 0.26666668 5.0 5.0 5.0 5.0 0.0 0.19600001 2 TOUCH_MOVE l
1401703840437 6 4098 668.078 976.7583 0.26666668 5.0 5.0 5.0 5.0 0.0 0.208 2 TOUCH_MOVE l
1401703840454 6 4098 665.9571 977.7225 0.26666668 5.0 5.0 5.0 5.0 0.0 0.208 2 TOUCH_MOVE l
1401703840471 6 4098 664.7946 978.6564 0.26666668 5.0 5.0 5.0 5.0 0.0 0.19600001 2 TOUCH_MOVE l
1401703840483 6 4098 664.7946 978.6564 0.26666668 5.0 5.0 5.0 5.0 0.0 0.19600001 1 TOUCH_UP l
1401703840670 6 4098 213.5 965.951 0.26666668 5.0 5.0 5.0 5.0 0.0 0.21200001 0 TOUCH_DOWN d
1401703840721 6 4098 212.32419 965.951 0.26666668 5.0 5.0 5.0 5.0 0.0 0.21200001 2 TOUCH_MOVE d
1401703840738 6 4098 211.37727 965.32825 0.26666668 5.0 5.0 5.0 5.0 0.0 0.208 2 TOUCH_MOVE d
1401703840754 6 4098 209.44353 964.951 0.20000002 4.0 4.0 4.0 4.0 0.0 0.18800001 2 TOUCH_MOVE d
1401703840764 6 4098 209.5 964.951 0.16666667 3.0 3.0 3.0 3.0 0.0 0.124000005 2 TOUCH_MOVE d
1401703840768 6 4098 209.5 964.951 0.16666667 3.0 3.0 3.0 3.0 0.0 0.124000005 1 TOUCH_UP d
1401703841091 6 4098 255.5 840.951 0.3 5.0 5.0 5.0 5.0 0.0 0.22000001 0 TOUCH_DOWN r
1401703841106 6 4098 255.5 840.951 0.26666668 4.0 4.0 4.0 4.0 0.0 0.216 2 TOUCH_MOVE r
1401703841155 6 4098 254.59871 840.951 0.26666668 4.0 4.0 4.0 4.0 0.0 0.22000001 2 TOUCH_MOVE r
1401703841172 6 4098 251.34392 840.951 0.26666668 4.0 4.0 4.0 4.0 0.0 0.208 2 TOUCH_MOVE r
1401703841188 6 4098 240.46376 839.823 0.26666668 4.0 4.0 4.0 4.0 0.0 0.18800001 2 TOUCH_MOVE r
1401703841197 6 4098 240.5 839.951 0.20000002 3.0 3.0 3.0 3.0 0.0 0.120000005 2 TOUCH_MOVE r
1401703841202 6 4098 240.5 839.951 0.20000002 3.0 3.0 3.0 3.0 0.0 0.120000005 1 TOUCH_UP r
1401703841305 6 4098 173.0 836.951 0.26666668 4.0 4.0 4.0 4.0 0.0 0.216 0 TOUCH_DOWN e
1401703841322 6 4098 173.0 836.951 0.3 5.0 5.0 5.0 5.0 0.0 0.22000001 2 TOUCH_MOVE e
1401703841388 6 4098 172.5 837.451 0.23333335 4.0 4.0 4.0 4.0 0.0 0.17600001 2 TOUCH_MOVE e
1401703841392 6 4098 172.5 837.451 0.23333335 4.0 4.0 4.0 4.0 0.0 0.17600001 1 TOUCH_UP e
1401703841587 6 4098 497.5 1129.4509 0.3 5.0 5.0 5.0 5.0 0.0 0.20400001 0 TOUCH_DOWN n
1401703841596 6 4098 497.5 1129.4509 0.3 5.0 5.0 5.0 5.0 0.0 0.21200001 2 TOUCH_MOVE n
1401703841638 6 4098 498.01486 1129.4509 0.3 5.0 5.0 5.0 5.0 0.0 0.20400001 2 TOUCH_MOVE n
1401703841656 6 4098 499.67792 1129.4509 0.23333335 4.0 4.0 4.0 4.0 0.0 0.17600001 2 TOUCH_MOVE n
1401703841660 6 4098 499.67792 1129.4509 0.23333335 4.0 4.0 4.0 4.0 0.0 0.17600001 1 TOUCH_UP n
1401703846465 6 4098 685.5 1225.9509 0.23333335 4.0 4.0 4.0 4.0 0.0 0.18800001 0 TOUCH_DOWN Enter
1401703846512 6 4098 685.5 1226.17 0.23333335 4.0 4.0 4.0 4.0 0.0 0.2 2 TOUCH_MOVE Enter
1401703846526 6 4098 685.5 1226.7009 0.23333335 4.0 4.0 4.0 4.0 0.0 0.19600001 2 TOUCH_MOVE Enter
1401703846558 6 4098 685.5 1226.7009 0.23333335 4.0 4.0 4.0 4.0 0.0 0.19600001 1 TOUCH_UP Enter
1401703847464 6 4098 125.0 848.451 0.23333335 4.0 4.0 4.0 4.0 0.0 0.216 0 TOUCH_DOWN W
1401703847477 6 4098 125.0 848.451 0.23333335 4.0 4.0 4.0 4.0 0.0 0.21200001 2 TOUCH_MOVE W
1401703847527 6 4098 124.04223 846.9932 0.26666668 4.0 4.0 4.0 4.0 0.0 0.208 2 TOUCH_MOVE W
1401703847545 6 4098 122.22795 846.451 0.23333335 4.0 4.0 4.0 4.0 0.0 0.19600001 2 TOUCH_MOVE W
1401703847557 6 4098 122.0 846.451 0.20000002 3.0 3.0 3.0 3.0 0.0 0.116000004 2 TOUCH_MOVE W
1401703847560 6 4098 122.0 846.451 0.20000002 3.0 3.0 3.0 3.0 0.0 0.116000004 1 TOUCH_UP W
1401703847744 6 4098 198.5 848.451 0.3 5.0 5.0 5.0 5.0 0.0 0.22000001 0 TOUCH_DOWN e
1401703847811 6 4098 197.25 847.201 0.3 5.0 5.0 5.0 5.0 0.0 0.224 2 TOUCH_MOVE e
1401703847844 6 4098 196.01537 846.951 0.26666668 4.0 4.0 4.0 4.0 0.0 0.208 2 TOUCH_MOVE e
1401703847862 6 4098 194.5 847.451 0.13333334 2.0 2.0 2.0 2.0 0.0 0.164 2 TOUCH_MOVE e
1401703847866 6 4098 194.5 847.451 0.13333334 2.0 2.0 2.0 2.0 0.0 0.164 1 TOUCH_UP e
1401703848815 6 4098 373.0 1238.4509 0.16666667 4.0 4.0 4.0 4.0 0.0 0.18400002 0 TOUCH_DOWN Space
1401703848834 6 4098 373.0 1238.1787 0.23333335 5.0 5.0 5.0 5.0 0.0 0.192 2 TOUCH_MOVE Space
1401703848847 6 4098 373.0 1236.9325 0.26666668 5.0 5.0 5.0 5.0 0.0 0.2 2 TOUCH_MOVE Space
1401703848862 6 4098 373.0 1235.0033 0.26666668 5.0 5.0 5.0 5.0 0.0 0.2 2 TOUCH_MOVE Space
1401703848879 6 4098 373.0 1234.2009 0.23333335 5.0 5.0 5.0 5.0 0.0 0.19600001 2 TOUCH_MOVE Space
1401703848907 6 4098 373.0 1234.2009 0.23333335 5.0 5.0 5.0 5.0 0.0 0.19600001 1 TOUCH_UP Space
1401703849205 6 4098 74.0 968.951 0.13333334 2.0 2.0 2.0 2.0 0.0 0.192 0 TOUCH_DOWN a
1401703849216 6 4098 74.0 968.951 0.20000002 4.0 4.0 4.0 4.0 0.0 0.2 2 TOUCH_MOVE a
1401703849308 6 4098 73.5 968.951 0.13333334 2.0 2.0 2.0 2.0 0.0 0.18400002 2 TOUCH_MOVE a
1401703849311 6 4098 73.5 968.951 0.13333334 2.0 2.0 2.0 2.0 0.0 0.18400002 1 TOUCH_UP a
1401703849613 6 4098 269.0 836.951 0.3 5.0 5.0 5.0 5.0 0.0 0.216 0 TOUCH_DOWN r
1401703849618 6 4098 269.0 836.951 0.33333334 5.0 5.0 5.0 5.0 0.0 0.22000001 2 TOUCH_MOVE r
1401703849646 6 4098 267.8661 836.0284 0.33333334 5.0 5.0 5.0 5.0 0.0 0.216 2 TOUCH_MOVE r
1401703849663 6 4098 262.25314 833.4166 0.3 5.0 5.0 5.0 5.0 0.0 0.20400001 2 TOUCH_MOVE r
1401703849671 6 4098 256.5 832.451 0.23333335 5.0 5.0 5.0 5.0 0.0 0.18400002 2 TOUCH_MOVE r
1401703849675 6 4098 256.5 832.451 0.23333335 5.0 5.0 5.0 5.0 0.0 0.18400002 1 TOUCH_UP r
1401703849794 6 4098 169.0 831.451 0.3 5.0 5.0 5.0 5.0 0.0 0.216 0 TOUCH_DOWN e
1401703849815 6 4098 169.0 831.451 0.33333334 5.0 5.0 5.0 5.0 0.0 0.22000001 2 TOUCH_MOVE e
1401703849855 6 4098 168.25351 831.451 0.33333334 5.0 5.0 5.0 5.0 0.0 0.22000001 2 TOUCH_MOVE e
1401703849863 6 4098 165.83356 831.451 0.33333334 5.0 5.0 5.0 5.0 0.0 0.216 2 TOUCH_MOVE e
1401703849885 6 4098 162.2953 832.0919 0.33333334 5.0 5.0 5.0 5.0 0.0 0.19600001 2 TOUCH_MOVE e
1401703849888 6 4098 160.5 832.451 0.33333334 5.0 5.0 5.0 5.0 0.0 0.17600001 2 TOUCH_MOVE e
1401703849892 6 4098 160.5 832.451 0.33333334 5.0 5.0 5.0 5.0 0.0 0.17600001 1 TOUCH_UP e
1401703850005 6 4098 348.5 1226.4509 0.23333335 4.0 4.0 4.0 4.0 0.0 0.20400001 0 TOUCH_DOWN Space
1401703850014 6 4098 348.5 1226.4509 0.23333335 4.0 4.0 4.0 4.0 0.0 0.208 2 TOUCH_MOVE Space
1401703850046 6 4098 347.68054 1226.4509 0.23333335 4.0 4.0 4.0 4.0 0.0 0.208 2 TOUCH_MOVE Space
1401703850063 6 4098 346.75488 1226.696 0.23333335 4.0 4.0 4.0 4.0 0.0 0.19600001 2 TOUCH_MOVE Space
1401703850070 6 4098 346.5 1226.9509 0.23333335 4.0 4.0 4.0 4.0 0.0 0.18 2 TOUCH_MOVE Space
1401703850074 6 4098 346.5 1226.9509 0.23333335 4.0 4.0 4.0 4.0 0.0 0.18 1 TOUCH_UP Space
1401703850165 6 4098 289.5 835.951 0.26666668 4.0 4.0 4.0 4.0 0.0 0.22000001 0 TOUCH_DOWN t
1401703850181 6 4098 289.5 835.951 0.3 5.0 5.0 5.0 5.0 0.0 0.22000001 2 TOUCH_MOVE t
1401703850247 6 4098 287.85553 835.1288 0.3 5.0 5.0 5.0 5.0 0.0 0.216 2 TOUCH_MOVE t
1401703850265 6 4098 285.50076 834.451 0.26666668 4.0 4.0 4.0 4.0 0.0 0.2 2 TOUCH_MOVE t
1401703850269 6 4098 285.0 834.451 0.3 5.0 5.0 5.0 5.0 0.0 0.18400002 2 TOUCH_MOVE t
1401703850272 6 4098 285.0 834.451 0.3 5.0 5.0 5.0 5.0 0.0 0.18400002 1 TOUCH_UP t
1401703850722 6 4098 438.0 989.451 0.3 5.0 5.0 5.0 5.0 0.0 0.216 0 TOUCH_DOWN h
1401703850730 6 4098 438.0 989.451 0.33333334 5.0 5.0 5.0 5.0 0.0 0.224 2 TOUCH_MOVE h
1401703850764 6 4098 437.79352 990.451 0.33333334 5.0 5.0 5.0 5.0 0.0 0.23200001 2 TOUCH_MOVE h
1401703850797 6 4098 437.5 991.5147 0.33333334 5.0 5.0 5.0 5.0 0.0 0.224 2 TOUCH_MOVE h
1401703850814 6 4098 436.88968 994.282 0.3 5.0 5.0 5.0 5.0 0.0 0.192 2 TOUCH_MOVE h
1401703850818 6 4098 436.88968 994.282 0.3 5.0 5.0 5.0 5.0 0.0 0.192 1 TOUCH_UP h
1401703851327 6 4098 164.0 854.951 0.23333335 5.0 5.0 5.0 5.0 0.0 0.20400001 0 TOUCH_DOWN e
1401703851350 6 4098 164.44432 854.951 0.23333335 5.0 5.0 5.0 5.0 0.0 0.208 2 TOUCH_MOVE e
1401703851365 6 4098 165.3588 854.59216 0.26666668 5.0 5.0 5.0 5.0 0.0 0.216 2 TOUCH_MOVE e
1401703851385 6 4098 166.33011 853.951 0.26666668 5.0 5.0 5.0 5.0 0.0 0.22000001 2 TOUCH_MOVE e
1401703851398 6 4098 167.0 853.66034 0.26666668 5.0 5.0 5.0 5.0 0.0 0.21200001 2 TOUCH_MOVE e
1401703851414 6 4098 167.0 853.201 0.26666668 5.0 5.0 5.0 5.0 0.0 0.208 2 TOUCH_MOVE e
1401703851437 6 4098 166.4607 853.451 0.23333335 5.0 5.0 5.0 5.0 0.0 0.192 2 TOUCH_MOVE e
1401703851448 6 4098 165.5 853.951 0.23333335 5.0 5.0 5.0 5.0 0.0 0.16000001 2 TOUCH_MOVE e
1401703851451 6 4098 165.5 853.951 0.23333335 5.0 5.0 5.0 5.0 0.0 0.16000001 1 TOUCH_UP e
1401703851842 6 4098 320.0 1244.9509 0.16666667 4.0 4.0 4.0 4.0 0.0 0.17600001 0 TOUCH_DOWN Space
1401703851867 6 4098 320.0 1244.5758 0.16666667 4.0 4.0 4.0 4.0 0.0 0.18 2 TOUCH_MOVE Space
1401703851881 6 4098 320.0 1243.0452 0.16666667 4.0 4.0 4.0 4.0 0.0 0.18800001 2 TOUCH_MOVE Space
1401703851899 6 4098 320.0 1241.1017 0.23333335 5.0 5.0 5.0 5.0 0.0 0.192 2 TOUCH_MOVE Space
1401703851916 6 4098 320.0 1239.3163 0.20000002 4.0 4.0 4.0 4.0 0.0 0.192 2 TOUCH_MOVE Space
1401703851931 6 4098 320.0 1238.7009 0.20000002 4.0 4.0 4.0 4.0 0.0 0.18800001 2 TOUCH_MOVE Space
1401703851953 6 4098 320.0 1238.7009 0.20000002 4.0 4.0 4.0 4.0 0.0 0.18800001 1 TOUCH_UP Space
1401703852273 6 4098 642.0 825.951 0.23333335 5.0 5.0 5.0 5.0 0.0 0.20400001 0 TOUCH_DOWN o
1401703852282 6 4098 642.0 825.951 0.3 5.0 5.0 5.0 5.0 0.0 0.21200001 2 TOUCH_MOVE o
1401703852315 6 4098 636.7906 826.68744 0.33333334 5.0 5.0 5.0 5.0 0.0 0.224 2 TOUCH_MOVE o
1401703852338 6 4098 634.13403 828.49994 0.33333334 5.0 5.0 5.0 5.0 0.0 0.22000001 2 TOUCH_MOVE o
1401703852350 6 4098 630.8556 834.07874 0.26666668 4.0 4.0 4.0 4.0 0.0 0.18800001 2 TOUCH_MOVE o
1401703852355 6 4098 630.8556 834.07874 0.26666668 4.0 4.0 4.0 4.0 0.0 0.18800001 1 TOUCH_UP o
1401703852629 6 4098 497.5 1114.4509 0.33333334 5.0 5.0 5.0 5.0 0.0 0.21200001 0 TOUCH_DOWN n
1401703852637 6 4098 497.5 1114.4509 0.33333334 5.0 5.0 5.0 5.0 0.0 0.216 2 TOUCH_MOVE n
1401703852681 6 4098 497.5 1114.4509 0.33333334 5.0 5.0 5.0 5.0 0.0 0.216 1 TOUCH_UP n
1401703854777 6 4098 190.5 818.951 0.26666668 4.0 4.0 4.0 4.0 0.0 0.22000001 0 TOUCH_DOWN e
1401703854834 6 4098 189.4809 819.4605 0.3 5.0 5.0 5.0 5.0 0.0 0.20400001 2 TOUCH_MOVE e
1401703854851 6 4098 188.0 820.451 0.16666667 3.0 3.0 3.0 3.0 0.0 0.112 2 TOUCH_MOVE e
1401703854856 6 4098 188.0 820.451 0.16666667 3.0 3.0 3.0 3.0 0.0 0.112 1 TOUCH_UP e
1401703855100 6 4098 131.5 985.451 0.20000002 4.0 4.0 4.0 4.0 0.0 0.192 0 TOUCH_DOWN s
1401703855119 6 4098 131.5 985.451 0.23333335 4.0 4.0 4.0 4.0 0.0 0.2 2 TOUCH_MOVE s
1401703855184 6 4098 131.0 985.451 0.23333335 4.0 4.0 4.0 4.0 0.0 0.192 2 TOUCH_MOVE s
1401703855191 6 4098 131.0 985.451 0.20000002 4.0 4.0 4.0 4.0 0.0 0.148 2 TOUCH_MOVE s
1401703855195 6 4098 131.0 985.451 0.20000002 4.0 4.0 4.0 4.0 0.0 0.148 1 TOUCH_UP s
1401703856119 6 4098 360.0 1227.4509 0.16666667 3.0 3.0 3.0 3.0 0.0 0.18800001 0 TOUCH_DOWN Space
1401703856137 6 4098 360.0 1227.4509 0.16666667 3.0 3.0 3.0 3.0 0.0 0.192 2 TOUCH_MOVE Space
1401703856182 6 4098 360.0 1227.4509 0.16666667 3.0 3.0 3.0 3.0 0.0 0.192 1 TOUCH_UP Space
1401703856844 6 4098 105.5 834.451 0.3 5.0 5.0 5.0 5.0 0.0 0.2 0 TOUCH_DOWN w
1401703856936 6 4098 105.5 834.451 0.3 5.0 5.0 5.0 5.0 0.0 0.18 2 TOUCH_MOVE w
1401703856940 6 4098 105.5 834.451 0.3 5.0 5.0 5.0 5.0 0.0 0.18 1 TOUCH_UP w
1401703857055 6 4098 443.5 1000.951 0.33333334 5.0 5.0 5.0 5.0 0.0 0.22000001 0 TOUCH_DOWN h
1401703857071 6 4098 443.5 1000.951 0.33333334 5.0 5.0 5.0 5.0 0.0 0.224 2 TOUCH_MOVE h
1401703857086 6 4098 443.5 1000.4345 0.33333334 5.0 5.0 5.0 5.0 0.0 0.22000001 2 TOUCH_MOVE h
1401703857104 6 4098 444.53232 997.90247 0.3 5.0 5.0 5.0 5.0 0.0 0.192 2 TOUCH_MOVE h
1401703857115 6 4098 444.5 997.951 0.20000002 3.0 3.0 3.0 3.0 0.0 0.104 2 TOUCH_MOVE h
1401703857118 6 4098 444.5 997.951 0.20000002 3.0 3.0 3.0 3.0 0.0 0.104 1 TOUCH_UP h
1401703857305 6 4098 631.5 846.951 0.26666668 5.0 5.0 5.0 5.0 0.0 0.21200001 0 TOUCH_DOWN o
1401703857321 6 4098 631.5 846.951 0.26666668 5.0 5.0 5.0 5.0 0.0 0.22000001 2 TOUCH_MOVE o
1401703857353 6 4098 630.0454 846.951 0.3 5.0 5.0 5.0 5.0 0.0 0.22800002 2 TOUCH_MOVE o
1401703857370 6 4098 629.75 846.951 0.3 5.0 5.0 5.0 5.0 0.0 0.224 2 TOUCH_MOVE o
1401703857397 6 4098 629.75 846.951 0.3 5.0 5.0 5.0 5.0 0.0 0.224 1 TOUCH_UP o
1401703858540 6 4098 336.0 1233.4509 0.26666668 5.0 5.0 5.0 5.0 0.0 0.19600001 0 TOUCH_DOWN Space
1401703858555 6 4098 336.0 1233.4509 0.26666668 5.0 5.0 5.0 5.0 0.0 0.20400001 2 TOUCH_MOVE Space
1401703858571 6 4098 336.0 1231.9894 0.26666668 5.0 5.0 5.0 5.0 0.0 0.20400001 2 TOUCH_MOVE Space
1401703858591 6 4098 336.0 1230.757 0.26666668 5.0 5.0 5.0 5.0 0.0 0.2 2 TOUCH_MOVE Space
1401703858605 6 4098 336.0 1230.2009 0.26666668 5.0 5.0 5.0 5.0 0.0 0.192 2 TOUCH_MOVE Space
1401703858608 6 4098 336.0 1230.2009 0.26666668 5.0 5.0 5.0 5.0 0.0 0.192 1 TOUCH_UP Space
1401703858805 6 4098 610.0 1094.4509 0.3 5.0 5.0 5.0 5.0 0.0 0.2 0 TOUCH_DOWN m
1401703858826 6 4098 610.0 1095.1185 0.3 5.0 5.0 5.0 5.0 0.0 0.21200001 2 TOUCH_MOVE m
1401703858838 6 4098 609.37897 1096.0719 0.3 5.0 5.0 5.0 5.0 0.0 0.216 2 TOUCH_MOVE m
1401703858855 6 4098 608.9064 1097.0446 0.3 5.0 5.0 5.0 5.0 0.0 0.21200001 2 TOUCH_MOVE m
1401703858871 6 4098 608.44336 1098.0076 0.26666668 4.0 4.0 4.0 4.0 0.0 0.18800001 2 TOUCH_MOVE m
1401703858876 6 4098 608.44336 1098.0076 0.26666668 4.0 4.0 4.0 4.0 0.0 0.18800001 1 TOUCH_UP m
1401703859294 6 4098 58.5 977.451 0.16666667 3.0 3.0 3.0 3.0 0.0 0.18 0 TOUCH_DOWN a
1401703859406 6 4098 58.5 977.451 0.16666667 3.0 3.0 3.0 3.0 0.0 0.18 1 TOUCH_UP a
1401703859476 6 4098 567.5 970.451 0.23333335 5.0 5.0 5.0 5.0 0.0 0.21200001 0 TOUCH_DOWN k
1401703859522 6 4098 567.5 970.451 0.26666668 5.0 5.0 5.0 5.0 0.0 0.224 2 TOUCH_MOVE k
1401703859540 6 4098 567.0456 971.4054 0.26666668 5.0 5.0 5.0 5.0 0.0 0.216 2 TOUCH_MOVE k
1401703859555 6 4098 565.4683 972.4668 0.23333335 5.0 5.0 5.0 5.0 0.0 0.172 2 TOUCH_MOVE k
1401703859561 6 4098 565.4683 972.4668 0.23333335 5.0 5.0 5.0 5.0 0.0 0.172 1 TOUCH_UP k
1401703859980 6 4098 178.5 853.951 0.20000002 4.0 4.0 4.0 4.0 0.0 0.2 0 TOUCH_DOWN e
1401703860025 6 4098 178.5 853.951 0.23333335 4.0 4.0 4.0 4.0 0.0 0.208 2 TOUCH_MOVE e
1401703860078 6 4098 177.1352 853.451 0.23333335 4.0 4.0 4.0 4.0 0.0 0.2 2 TOUCH_MOVE e
1401703860098 6 4098 175.0 853.451 0.16666667 3.0 3.0 3.0 3.0 0.0 0.108 2 TOUCH_MOVE e
1401703860109 6 4098 175.0 853.451 0.16666667 3.0 3.0 3.0 3.0 0.0 0.108 1 TOUCH_UP e
1401703861076 6 4098 354.0 1230.9509 0.23333335 4.0 4.0 4.0 4.0 0.0 0.192 0 TOUCH_DOWN Space
1401703861091 6 4098 354.0 1230.9509 0.23333335 4.0 4.0 4.0 4.0 0.0 0.19600001 2 TOUCH_MOVE Space
1401703861123 6 4098 354.0 1230.3357 0.23333335 4.0 4.0 4.0 4.0 0.0 0.19600001 2 TOUCH_MOVE Space
1401703861147 6 4098 354.0 1230.3357 0.23333335 4.0 4.0 4.0 4.0 0.0 0.19600001 1 TOUCH_UP Space
1401703861219 6 4098 69.5 991.951 0.20000002 4.0 4.0 4.0 4.0 0.0 0.18800001 0 TOUCH_DOWN a
1401703861307 6 4098 68.907295 990.8583 0.23333335 4.0 4.0 4.0 4.0 0.0 0.19600001 2 TOUCH_MOVE a
1401703861323 6 4098 68.5 990.451 0.20000002 3.0 3.0 3.0 3.0 0.0 0.116000004 2 TOUCH_MOVE a
1401703861328 6 4098 68.5 990.451 0.20000002 3.0 3.0 3.0 3.0 0.0 0.116000004 1 TOUCH_UP a
1401703861751 6 4098 443.0 1092.4509 0.3 5.0 5.0 5.0 5.0 0.0 0.22000001 0 TOUCH_DOWN b
1401703861774 6 4098 443.0 1092.969 0.3 5.0 5.0 5.0 5.0 0.0 0.22000001 2 TOUCH_MOVE b
1401703861791 6 4098 442.50665 1093.9443 0.3 5.0 5.0 5.0 5.0 0.0 0.22000001 2 TOUCH_MOVE b
1401703861810 6 4098 441.51968 1095.9115 0.3 5.0 5.0 5.0 5.0 0.0 0.21200001 2 TOUCH_MOVE b
1401703861819 6 4098 441.0 1096.9509 0.26666668 4.0 4.0 4.0 4.0 0.0 0.18 2 TOUCH_MOVE b
1401703861826 6 4098 441.0 1096.9509 0.26666668 4.0 4.0 4.0 4.0 0.0 0.18 1 TOUCH_UP b
1401703862209 6 4098 238.5 835.451 0.3 5.0 5.0 5.0 5.0 0.0 0.21200001 0 TOUCH_DOWN r
1401703862227 6 4098 238.5 835.451 0.3 5.0 5.0 5.0 5.0 0.0 0.216 2 TOUCH_MOVE r
1401703862241 6 4098 238.5 834.94855 0.3 5.0 5.0 5.0 5.0 0.0 0.216 2 TOUCH_MOVE r
1401703862259 6 4098 237.52788 834.951 0.3 5.0 5.0 5.0 5.0 0.0 0.22000001 2 TOUCH_MOVE r
1401703862274 6 4098 237.03242 834.951 0.33333334 5.0 5.0 5.0 5.0 0.0 0.216 2 TOUCH_MOVE r
1401703862291 6 4098 236.12465 834.951 0.26666668 4.0 4.0 4.0 4.0 0.0 0.19600001 2 TOUCH_MOVE r
1401703862296 6 4098 236.0 834.951 0.26666668 4.0 4.0 4.0 4.0 0.0 0.18 2 TOUCH_MOVE r
1401703862300 6 4098 236.0 834.951 0.26666668 4.0 4.0 4.0 4.0 0.0 0.18 1 TOUCH_UP r
1401703862492 6 4098 537.5 862.951 0.3 5.0 5.0 5.0 5.0 0.0 0.224 0 TOUCH_DOWN i
1401703862508 6 4098 537.5 862.951 0.3 5.0 5.0 5.0 5.0 0.0 0.22800002 2 TOUCH_MOVE i
1401703862542 6 4098 536.25 862.951 0.3 5.0 5.0 5.0 5.0 0.0 0.22800002 2 TOUCH_MOVE i
1401703862566 6 4098 536.25 862.951 0.3 5.0 5.0 5.0 5.0 0.0 0.22800002 1 TOUCH_UP i
1401703862922 6 4098 341.0 973.451 0.23333335 4.0 4.0 4.0 4.0 0.0 0.208 0 TOUCH_DOWN g
1401703862942 6 4098 341.0 973.451 0.26666668 4.0 4.0 4.0 4.0 0.0 0.208 2 TOUCH_MOVE g
1401703863004 6 4098 339.0 973.451 0.23333335 5.0 5.0 5.0 5.0 0.0 0.128 2 TOUCH_MOVE g
1401703863007 6 4098 339.0 973.451 0.23333335 5.0 5.0 5.0 5.0 0.0 0.128 1 TOUCH_UP g
1401703863155 6 4098 444.0 981.451 0.3 5.0 5.0 5.0 5.0 0.0 0.208 0 TOUCH_DOWN h
1401703863175 6 4098 444.0 981.451 0.3 5.0 5.0 5.0 5.0 0.0 0.21200001 2 TOUCH_MOVE h
1401703863218 6 4098 444.0 981.451 0.3 5.0 5.0 5.0 5.0 0.0 0.21200001 1 TOUCH_UP h
1401703863618 6 4098 319.5 861.951 0.23333335 4.0 4.0 4.0 4.0 0.0 0.19600001 0 TOUCH_DOWN t
1401703863626 6 4098 319.5 861.951 0.23333335 4.0 4.0 4.0 4.0 0.0 0.2 2 TOUCH_MOVE t
1401703863676 6 4098 318.70145 861.951 0.23333335 4.0 4.0 4.0 4.0 0.0 0.20400001 2 TOUCH_MOVE t
1401703863692 6 4098 317.8103 861.7613 0.20000002 4.0 4.0 4.0 4.0 0.0 0.192 2 TOUCH_MOVE t
1401703863700 6 4098 317.5 861.451 0.16666667 3.0 3.0 3.0 3.0 0.0 0.18 2 TOUCH_MOVE t
1401703863703 6 4098 317.5 861.451 0.16666667 3.0 3.0 3.0 3.0 0.0 0.18 1 TOUCH_UP t
1401703863938 6 4098 163.5 842.951 0.26666668 5.0 5.0 5.0 5.0 0.0 0.192 0 TOUCH_DOWN e
1401703863945 6 4098 163.5 842.951 0.26666668 5.0 5.0 5.0 5.0 0.0 0.19600001 2 TOUCH_MOVE e
1401703863976 6 4098 164.63104 842.951 0.23333335 4.0 4.0 4.0 4.0 0.0 0.2 2 TOUCH_MOVE e
1401703863993 6 4098 166.17673 842.951 0.23333335 4.0 4.0 4.0 4.0 0.0 0.192 2 TOUCH_MOVE e
1401703864009 6 4098 167.04156 842.951 0.23333335 4.0 4.0 4.0 4.0 0.0 0.17600001 2 TOUCH_MOVE e
1401703864022 6 4098 167.04156 842.951 0.23333335 4.0 4.0 4.0 4.0 0.0 0.17600001 1 TOUCH_UP e
1401703864230 6 4098 239.0 857.951 0.23333335 4.0 4.0 4.0 4.0 0.0 0.21200001 0 TOUCH_DOWN r
1401703864254 6 4098 239.0 857.951 0.26666668 4.0 4.0 4.0 4.0 0.0 0.216 2 TOUCH_MOVE r
1401703864296 6 4098 237.656 857.951 0.23333335 4.0 4.0 4.0 4.0 0.0 0.2 2 TOUCH_MOVE r
1401703864306 6 4098 237.5 857.951 0.16666667 3.0 3.0 3.0 3.0 0.0 0.128 2 TOUCH_MOVE r
1401703864310 6 4098 237.5 857.951 0.16666667 3.0 3.0 3.0 3.0 0.0 0.128 1 TOUCH_UP r
1401703865308 6 4098 679.0 1094.4509 0.26666668 4.0 4.0 4.0 4.0 0.0 0.19600001 0 TOUCH_DOWN Back
1401703865328 6 4098 679.0 1094.977 0.3 5.0 5.0 5.0 5.0 0.0 0.208 2 TOUCH_MOVE Back
1401703865344 6 4098 676.28705 1096.0219 0.3 5.0 5.0 5.0 5.0 0.0 0.208 2 TOUCH_MOVE Back
1401703865363 6 4098 674.4322 1096.9849 0.3 5.0 5.0 5.0 5.0 0.0 0.21200001 2 TOUCH_MOVE Back
1401703865377 6 4098 673.5202 1097.9308 0.3 5.0 5.0 5.0 5.0 0.0 0.21200001 2 TOUCH_MOVE Back
1401703865395 6 4098 673.5 1098.7579 0.3 5.0 5.0 5.0 5.0 0.0 0.20400001 2 TOUCH_MOVE Back
1401703865406 6 4098 673.5 1099.4509 0.26666668 5.0 5.0 5.0 5.0 0.0 0.14 2 TOUCH_MOVE Back
1401703865411 6 4098 673.5 1099.4509 0.26666668 5.0 5.0 5.0 5.0 0.0 0.14 1 TOUCH_UP Back
1401703865493 6 4098 665.5 1100.9509 0.3 5.0 5.0 5.0 5.0 0.0 0.19600001 0 TOUCH_DOWN Back
1401703865511 6 4098 665.5 1100.9509 0.3 5.0 5.0 5.0 5.0 0.0 0.20400001 2 TOUCH_MOVE Back
1401703865527 6 4098 665.5 1101.6788 0.3 5.0 5.0 5.0 5.0 0.0 0.208 2 TOUCH_MOVE Back
1401703865545 6 4098 665.5 1102.5706 0.3 5.0 5.0 5.0 5.0 0.0 0.208 2 TOUCH_MOVE Back
1401703865575 6 4098 665.5 1102.5706 0.3 5.0 5.0 5.0 5.0 0.0 0.208 1 TOUCH_UP Back
1401703865648 6 4098 664.0 1100.9509 0.3 5.0 5.0 5.0 5.0 0.0 0.19600001 0 TOUCH_DOWN Back
1401703865661 6 4098 664.0 1100.9509 0.3 5.0 5.0 5.0 5.0 0.0 0.20400001 2 TOUCH_MOVE Back
1401703865717 6 4098 664.0 1101.5435 0.3 5.0 5.0 5.0 5.0 0.0 0.208 2 TOUCH_MOVE Back
1401703865751 6 4098 664.0 1101.5435 0.3 5.0 5.0 5.0 5.0 0.0 0.208 1 TOUCH_UP Back
1401703865810 6 4098 671.0 1096.9509 0.3 5.0 5.0 5.0 5.0 0.0 0.192 0 TOUCH_DOWN Back
1401703865845 6 4098 671.0 1097.9017 0.3 5.0 5.0 5.0 5.0 0.0 0.19600001 2 TOUCH_MOVE Back
1401703865861 6 4098 670.25 1098.7009 0.3 5.0 5.0 5.0 5.0 0.0 0.192 2 TOUCH_MOVE Back
1401703865878 6 4098 670.5 1099.1383 0.26666668 5.0 5.0 5.0 5.0 0.0 0.18 2 TOUCH_MOVE Back
1401703865889 6 4098 670.5 1099.1383 0.26666668 5.0 5.0 5.0 5.0 0.0 0.18 1 TOUCH_UP Back
1401703865966 6 4098 672.0 1093.9509 0.26666668 5.0 5.0 5.0 5.0 0.0 0.18800001 0 TOUCH_DOWN Back
1401703865978 6 4098 672.0 1093.9509 0.26666668 5.0 5.0 5.0 5.0 0.0 0.192 2 TOUCH_MOVE Back
1401703866011 6 4098 670.9315 1096.0194 0.3 5.0 5.0 5.0 5.0 0.0 0.19600001 2 TOUCH_MOVE Back
1401703866028 6 4098 671.0 1096.7009 0.3 5.0 5.0 5.0 5.0 0.0 0.19600001 2 TOUCH_MOVE Back
1401703866051 6 4098 671.0 1096.7009 0.3 5.0 5.0 5.0 5.0 0.0 0.19600001 1 TOUCH_UP Back
1401703866132 6 4098 670.0 1093.4509 0.26666668 5.0 5.0 5.0 5.0 0.0 0.18400002 0 TOUCH_DOWN Back
1401703866204 6 4098 670.0 1093.4509 0.26666668 5.0 5.0 5.0 5.0 0.0 0.15200001 2 TOUCH_MOVE Back
1401703866208 6 4098 670.0 1093.4509 0.26666668 5.0 5.0 5.0 5.0 0.0 0.15200001 1 TOUCH_UP Back
1401703866352 6 4098 670.5 1094.4509 0.26666668 5.0 5.0 5.0 5.0 0.0 0.16800001 0 TOUCH_DOWN Back
1401703866380 6 4098 670.5 1094.7057 0.26666668 5.0 5.0 5.0 5.0 0.0 0.17600001 2 TOUCH_MOVE Back
1401703866395 6 4098 670.5 1095.2009 0.26666668 5.0 5.0 5.0 5.0 0.0 0.17600001 2 TOUCH_MOVE Back
1401703866406 6 4098 670.5 1095.2009 0.26666668 5.0 5.0 5.0 5.0 0.0 0.17600001 1 TOUCH_UP Back
1401703866704 6 4098 672.5 1096.9509 0.23333335 4.0 4.0 4.0 4.0 0.0 0.18800001 0 TOUCH_DOWN Back
1401703866779 6 4098 673.3582 1096.9509 0.23333335 4.0 4.0 4.0 4.0 0.0 0.192 2 TOUCH_MOVE Back
1401703866795 6 4098 674.31995 1096.631 0.23333335 4.0 4.0 4.0 4.0 0.0 0.18400002 2 TOUCH_MOVE Back
1401703866802 6 4098 674.5 1096.4509 0.23333335 4.0 4.0 4.0 4.0 0.0 0.17600001 2 TOUCH_MOVE Back
1401703866805 6 4098 674.5 1096.4509 0.23333335 4.0 4.0 4.0 4.0 0.0 0.17600001 1 TOUCH_UP Back
1401703867286 6 4098 304.0 1209.9509 0.23333335 4.0 4.0 4.0 4.0 0.0 0.22000001 0 TOUCH_DOWN Space
1401703867298 6 4098 304.0 1209.9509 0.23333335 4.0 4.0 4.0 4.0 0.0 0.224 2 TOUCH_MOVE Space
1401703867357 6 4098 304.0 1209.9509 0.16666667 3.0 3.0 3.0 3.0 0.0 0.18400002 2 TOUCH_MOVE Space
1401703867361 6 4098 304.0 1209.9509 0.16666667 3.0 3.0 3.0 3.0 0.0 0.18400002 1 TOUCH_UP Space
1401703867834 6 4098 437.0 1104.4509 0.33333334 5.0 5.0 5.0 5.0 0.0 0.22000001 0 TOUCH_DOWN b
1401703867924 6 4098 438.0 1103.9509 0.3 5.0 5.0 5.0 5.0 0.0 0.18400002 2 TOUCH_MOVE b
1401703867930 6 4098 438.0 1103.9509 0.3 5.0 5.0 5.0 5.0 0.0 0.18400002 1 TOUCH_UP b
1401703868510 6 4098 234.5 836.951 0.26666668 4.0 4.0 4.0 4.0 0.0 0.20400001 0 TOUCH_DOWN r
1401703868537 6 4098 234.5 836.951 0.26666668 4.0 4.0 4.0 4.0 0.0 0.208 2 TOUCH_MOVE r
1401703868566 6 4098 233.64127 836.951 0.26666668 4.0 4.0 4.0 4.0 0.0 0.208 2 TOUCH_MOVE r
1401703868580 6 4098 232.34569 837.27814 0.26666668 4.0 4.0 4.0 4.0 0.0 0.19600001 2 TOUCH_MOVE r
1401703868595 6 4098 229.5 838.951 0.26666668 5.0 5.0 5.0 5.0 0.0 0.148 2 TOUCH_MOVE r
1401703868598 6 4098 229.5 838.951 0.26666668 5.0 5.0 5.0 5.0 0.0 0.148 1 TOUCH_UP r
1401703868846 6 4098 539.5 858.451 0.26666668 5.0 5.0 5.0 5.0 0.0 0.22000001 0 TOUCH_DOWN i
1401703868856 6 4098 539.38696 858.451 0.26666668 5.0 5.0 5.0 5.0 0.0 0.224 2 TOUCH_MOVE i
1401703868868 6 4098 538.8095 858.6415 0.33333334 6.0 6.0 6.0 6.0 0.0 0.23200001 2 TOUCH_MOVE i
1401703868881 6 4098 537.8465 859.6045 0.3 5.0 5.0 5.0 5.0 0.0 0.23200001 2 TOUCH_MOVE i
1401703868897 6 4098 537.25 859.451 0.3 5.0 5.0 5.0 5.0 0.0 0.22800002 2 TOUCH_MOVE i
1401703868918 6 4098 537.25 859.451 0.3 5.0 5.0 5.0 5.0 0.0 0.22800002 1 TOUCH_UP i
1401703869228 6 4098 335.0 961.451 0.23333335 4.0 4.0 4.0 4.0 0.0 0.19600001 0 TOUCH_DOWN g
1401703869264 6 4098 337.361 961.738 0.23333335 4.0 4.0 4.0 4.0 0.0 0.20400001 2 TOUCH_MOVE g
1401703869287 6 4098 339.38022 962.6411 0.23333335 4.0 4.0 4.0 4.0 0.0 0.20400001 2 TOUCH_MOVE g
1401703869298 6 4098 340.5 963.6145 0.23333335 4.0 4.0 4.0 4.0 0.0 0.2 2 TOUCH_MOVE g
1401703869315 6 4098 340.5 964.451 0.20000002 4.0 4.0 4.0 4.0 0.0 0.18 2 TOUCH_MOVE g
1401703869319 6 4098 340.5 964.451 0.20000002 4.0 4.0 4.0 4.0 0.0 0.18 1 TOUCH_UP g
1401703869419 6 4098 436.5 984.951 0.3 5.0 5.0 5.0 5.0 0.0 0.216 0 TOUCH_DOWN h
1401703869446 6 4098 436.2817 985.1693 0.3 5.0 5.0 5.0 5.0 0.0 0.224 2 TOUCH_MOVE h
1401703869465 6 4098 433.822 986.79 0.3 5.0 5.0 5.0 5.0 0.0 0.22800002 2 TOUCH_MOVE h
1401703869481 6 4098 432.19257 987.7584 0.33333334 5.0 5.0 5.0 5.0 0.0 0.224 2 TOUCH_MOVE h
1401703869498 6 4098 431.2276 988.7234 0.3 5.0 5.0 5.0 5.0 0.0 0.20400001 2 TOUCH_MOVE h
1401703869505 6 4098 431.0 988.951 0.3 5.0 5.0 5.0 5.0 0.0 0.18400002 2 TOUCH_MOVE h
1401703869508 6 4098 431.0 988.951 0.3 5.0 5.0 5.0 5.0 0.0 0.18400002 1 TOUCH_UP h
1401703869617 6 4098 300.5 846.951 0.26666668 4.0 4.0 4.0 4.0 0.0 0.216 0 TOUCH_DOWN t
1401703869691 6 4098 300.13974 849.392 0.23333335 4.0 4.0 4.0 4.0 0.0 0.21200001 2 TOUCH_MOVE t
1401703869698 6 4098 298.5 851.451 0.16666667 3.0 3.0 3.0 3.0 0.0 0.18800001 2 TOUCH_MOVE t
1401703869704 6 4098 298.5 851.451 0.16666667 3.0 3.0 3.0 3.0 0.0 0.120000005 2 TOUCH_MOVE t
1401703869722 6 4098 298.5 851.451 0.16666667 3.0 3.0 3.0 3.0 0.0 0.120000005 1 TOUCH_UP t
1401703869904 6 4098 184.5 855.951 0.13333334 2.0 2.0 2.0 2.0 0.0 0.17600001 0 TOUCH_DOWN e
1401703869989 6 4098 184.5 855.951 0.13333334 2.0 2.0 2.0 2.0 0.0 0.17600001 1 TOUCH_UP e
1401703870139 6 4098 249.0 855.951 0.23333335 4.0 4.0 4.0 4.0 0.0 0.21200001 0 TOUCH_DOWN r
1401703870149 6 4098 249.0 855.951 0.26666668 5.0 5.0 5.0 5.0 0.0 0.216 2 TOUCH_MOVE r
1401703870165 6 4098 250.0312 855.951 0.3 5.0 5.0 5.0 5.0 0.0 0.22000001 2 TOUCH_MOVE r
1401703870182 6 4098 251.73814 855.951 0.3 5.0 5.0 5.0 5.0 0.0 0.216 2 TOUCH_MOVE r
1401703870198 6 4098 252.70065 855.951 0.23333335 4.0 4.0 4.0 4.0 0.0 0.208 2 TOUCH_MOVE r
1401703870218 6 4098 252.5 855.951 0.16666667 3.0 3.0 3.0 3.0 0.0 0.18400002 2 TOUCH_MOVE r
1401703870225 6 4098 252.5 855.951 0.13333334 2.0 2.0 2.0 2.0 0.0 0.108 2 TOUCH_MOVE r
1401703870228 6 4098 252.5 855.951 0.13333334 2.0 2.0 2.0 2.0 0.0 0.108 1 TOUCH_UP r
1401703870589 6 4098 332.0 1209.9509 0.26666668 5.0 5.0 5.0 5.0 0.0 0.20400001 0 TOUCH_DOWN Space
1401703870681 6 4098 332.0 1209.9509 0.26666668 5.0 5.0 5.0 5.0 0.0 0.20400001 1 TOUCH_UP Space
1401703870835 6 4098 215.0 970.451 0.23333335 5.0 5.0 5.0 5.0 0.0 0.19600001 0 TOUCH_DOWN d
1401703870849 6 4098 215.0 970.451 0.23333335 5.0 5.0 5.0 5.0 0.0 0.2 2 TOUCH_MOVE d
1401703870920 6 4098 211.5 970.951 0.20000002 4.0 4.0 4.0 4.0 0.0 0.19600001 2 TOUCH_MOVE d
1401703870926 6 4098 211.5 970.951 0.13333334 2.0 2.0 2.0 2.0 0.0 0.148 2 TOUCH_MOVE d
1401703870930 6 4098 211.5 970.951 0.13333334 2.0 2.0 2.0 2.0 0.0 0.148 1 TOUCH_UP d
1401703871135 6 4098 58.5 970.451 0.16666667 3.0 3.0 3.0 3.0 0.0 0.18 0 TOUCH_DOWN a
1401703871151 6 4098 58.5 970.451 0.16666667 3.0 3.0 3.0 3.0 0.0 0.18400002 2 TOUCH_MOVE a
1401703871176 6 4098 58.5 969.91986 0.16666667 3.0 3.0 3.0 3.0 0.0 0.192 2 TOUCH_MOVE a
1401703871188 6 4098 59.003845 968.94714 0.16666667 3.0 3.0 3.0 3.0 0.0 0.192 2 TOUCH_MOVE a
1401703871199 6 4098 59.75 968.201 0.16666667 3.0 3.0 3.0 3.0 0.0 0.19600001 2 TOUCH_MOVE a
1401703871245 6 4098 59.75 968.201 0.16666667 3.0 3.0 3.0 3.0 0.0 0.19600001 1 TOUCH_UP a
1401703871540 6 4098 402.5 842.951 0.3 5.0 5.0 5.0 5.0 0.0 0.22000001 0 TOUCH_DOWN y
1401703871550 6 4098 402.5 842.951 0.3 5.0 5.0 5.0 5.0 0.0 0.224 2 TOUCH_MOVE y
1401703871569 6 4098 401.4139 841.8649 0.33333334 5.0 5.0 5.0 5.0 0.0 0.23200001 2 TOUCH_MOVE y
1401703871585 6 4098 400.39407 840.84503 0.33333334 5.0 5.0 5.0 5.0 0.0 0.22800002 2 TOUCH_MOVE y
1401703871600 6 4098 399.44778 839.8988 0.3 5.0 5.0 5.0 5.0 0.0 0.22000001 2 TOUCH_MOVE y
1401703871616 6 4098 398.75 839.951 0.3 5.0 5.0 5.0 5.0 0.0 0.21200001 2 TOUCH_MOVE y
1401703871632 6 4098 398.75 839.951 0.3 5.0 5.0 5.0 5.0 0.0 0.21200001 1 TOUCH_UP y
1401703873964 6 4098 686.5 1084.4509 0.20000002 4.0 4.0 4.0 4.0 0.0 0.192 0 TOUCH_DOWN Back
1401703873983 6 4098 686.5 1084.4509 0.20000002 4.0 4.0 4.0 4.0 0.0 0.19600001 2 TOUCH_MOVE Back
1401703874007 6 4098 685.32446 1084.4509 0.20000002 4.0 4.0 4.0 4.0 0.0 0.19600001 2 TOUCH_MOVE Back
1401703874019 6 4098 684.33856 1084.4509 0.20000002 4.0 4.0 4.0 4.0 0.0 0.19600001 2 TOUCH_MOVE Back
1401703874035 6 4098 683.3805 1084.4509 0.20000002 4.0 4.0 4.0 4.0 0.0 0.17600001 2 TOUCH_MOVE Back
1401703874039 6 4098 683.3805 1084.4509 0.20000002 4.0 4.0 4.0 4.0 0.0 0.17600001 1 TOUCH_UP Back
1401703877024 6 4098 404.0 833.951 0.33333334 5.0 5.0 5.0 5.0 0.0 0.22000001 0 TOUCH_DOWN y
1401703877038 6 4098 404.0 833.951 0.33333334 5.0 5.0 5.0 5.0 0.0 0.22800002 2 TOUCH_MOVE y
1401703877072 6 4098 404.8148 833.951 0.3 5.0 5.0 5.0 5.0 0.0 0.216 2 TOUCH_MOVE y
1401703877091 6 4098 405.0 833.951 0.20000002 4.0 4.0 4.0 4.0 0.0 0.17600001 2 TOUCH_MOVE y
1401703877094 6 4098 405.0 833.951 0.20000002 4.0 4.0 4.0 4.0 0.0 0.17600001 1 TOUCH_UP y
1401703877728 6 4098 686.0 1211.4509 0.23333335 4.0 4.0 4.0 4.0 0.0 0.192 0 TOUCH_DOWN Enter
1401703877739 6 4098 686.0 1211.7698 0.23333335 4.0 4.0 4.0 4.0 0.0 0.19600001 2 TOUCH_MOVE Enter
1401703877756 6 4098 686.0 1212.7196 0.23333335 4.0 4.0 4.0 4.0 0.0 0.2 2 TOUCH_MOVE Enter
1401703877772 6 4098 686.0 1213.7013 0.23333335 4.0 4.0 4.0 4.0 0.0 0.19600001 2 TOUCH_MOVE Enter
1401703877791 6 4098 686.0 1214.6486 0.23333335 4.0 4.0 4.0 4.0 0.0 0.18800001 2 TOUCH_MOVE Enter
1401703877798 6 4098 686.0 1214.9509 0.20000002 3.0 3.0 3.0 3.0 0.0 0.156 2 TOUCH_MOVE Enter
1401703877801 6 4098 686.0 1214.9509 0.20000002 3.0 3.0 3.0 3.0 0.0 0.156 1 TOUCH_UP Enter
1401703878792 6 4098 130.0 994.951 0.23333335 5.0 5.0 5.0 5.0 0.0 0.19600001 0 TOUCH_DOWN S
1401703878858 6 4098 129.68167 995.2693 0.26666668 5.0 5.0 5.0 5.0 0.0 0.18400002 2 TOUCH_MOVE S
1401703878863 6 4098 129.5 995.451 0.26666668 5.0 5.0 5.0 5.0 0.0 0.17600001 2 TOUCH_MOVE S
1401703878867 6 4098 129.5 995.451 0.26666668 5.0 5.0 5.0 5.0 0.0 0.17600001 1 TOUCH_UP S
1401703879063 6 4098 618.5 839.951 0.3 5.0 5.0 5.0 5.0 0.0 0.216 0 TOUCH_DOWN o
1401703879126 6 4098 618.7212 840.8933 0.26666668 5.0 5.0 5.0 5.0 0.0 0.21200001 2 TOUCH_MOVE o
1401703879140 6 4098 619.6596 844.74896 0.23333335 5.0 5.0 5.0 5.0 0.0 0.18800001 2 TOUCH_MOVE o
1401703879149 6 4098 619.5 843.951 0.16666667 3.0 3.0 3.0 3.0 0.0 0.108 2 TOUCH_MOVE o
1401703879152 6 4098 619.5 843.951 0.16666667 3.0 3.0 3.0 3.0 0.0 0.108 1 TOUCH_UP o
1401703879462 6 4098 368.0 1219.4509 0.23333335 4.0 4.0 4.0 4.0 0.0 0.208 0 TOUCH_DOWN Space
1401703879474 6 4098 368.0 1219.4509 0.23333335 4.0 4.0 4.0 4.0 0.0 0.21200001 2 TOUCH_MOVE Space
1401703879513 6 4098 368.0 1219.4509 0.16666667 3.0 3.0 3.0 3.0 0.0 0.18400002 2 TOUCH_MOVE Space
1401703879516 6 4098 368.0 1219.4509 0.16666667 3.0 3.0 3.0 3.0 0.0 0.18400002 1 TOUCH_UP Space
1401703881283 6 4098 669.0 979.451 0.26666668 5.0 5.0 5.0 5.0 0.0 0.19600001 0 TOUCH_DOWN l
1401703881305 6 4098 668.63257 980.3184 0.3 5.0 5.0 5.0 5.0 0.0 0.21200001 2 TOUCH_MOVE l
1401703881339 6 4098 667.5 982.26227 0.3 5.0 5.0 5.0 5.0 0.0 0.21200001 2 TOUCH_MOVE l
1401703881345 6 4098 667.5 983.10187 0.26666668 5.0 5.0 5.0 5.0 0.0 0.208 2 TOUCH_MOVE l
1401703881379 6 4098 667.5 983.10187 0.26666668 5.0 5.0 5.0 5.0 0.0 0.208 1 TOUCH_UP l
1401703881618 6 4098 181.5 853.951 0.20000002 4.0 4.0 4.0 4.0 0.0 0.20400001 0 TOUCH_DOWN e
1401703881626 6 4098 181.5 853.951 0.20000002 4.0 4.0 4.0 4.0 0.0 0.208 2 TOUCH_MOVE e
1401703881643 6 4098 182.01439 853.951 0.20000002 4.0 4.0 4.0 4.0 0.0 0.208 2 TOUCH_MOVE e
1401703881659 6 4098 182.75 853.951 0.20000002 4.0 4.0 4.0 4.0 0.0 0.208 2 TOUCH_MOVE e
1401703881677 6 4098 183.23076 853.951 0.20000002 4.0 4.0 4.0 4.0 0.0 0.19600001 2 TOUCH_MOVE e
1401703881690 6 4098 183.23076 853.951 0.20000002 4.0 4.0 4.0 4.0 0.0 0.19600001 1 TOUCH_UP e
1401703881894 6 4098 305.0 822.451 0.3 5.0 5.0 5.0 5.0 0.0 0.216 0 TOUCH_DOWN t
1401703881899 6 4098 305.0 822.451 0.26666668 4.0 4.0 4.0 4.0 0.0 0.216 2 TOUCH_MOVE t
1401703881927 6 4098 305.9505 822.451 0.33333334 5.0 5.0 5.0 5.0 0.0 0.224 2 TOUCH_MOVE t
1401703881943 6 4098 306.9128 822.451 0.33333334 5.0 5.0 5.0 5.0 0.0 0.224 2 TOUCH_MOVE t
1401703881959 6 4098 307.25 822.451 0.33333334 5.0 5.0 5.0 5.0 0.0 0.22000001 2 TOUCH_MOVE t
1401703881973 6 4098 307.0 822.451 0.23333335 5.0 5.0 5.0 5.0 0.0 0.18800001 2 TOUCH_MOVE t
1401703881978 6 4098 307.0 822.451 0.23333335 5.0 5.0 5.0 5.0 0.0 0.18800001 1 TOUCH_UP t
1401703883350 6 4098 580.0 1220.9509 0.16666667 3.0 3.0 3.0 3.0 0.0 0.18800001 0 TOUCH_DOWN '
1401703883421 6 4098 580.0 1220.9509 0.16666667 3.0 3.0 3.0 3.0 0.0 0.18 2 TOUCH_MOVE '
1401703883424 6 4098 580.0 1220.9509 0.16666667 3.0 3.0 3.0 3.0 0.0 0.18 1 TOUCH_UP '
1401703883643 6 4098 140.0 975.951 0.23333335 4.0 4.0 4.0 4.0 0.0 0.2 0 TOUCH_DOWN s
1401703883665 6 4098 140.0 975.951 0.23333335 4.0 4.0 4.0 4.0 0.0 0.20400001 2 TOUCH_MOVE s
1401703883728 6 4098 139.07744 975.951 0.23333335 4.0 4.0 4.0 4.0 0.0 0.19600001 2 TOUCH_MOVE s
1401703883741 6 4098 139.0 975.951 0.13333334 2.0 2.0 2.0 2.0 0.0 0.116000004 2 TOUCH_MOVE s
1401703883744 6 4098 139.0 975.951 0.13333334 2.0 2.0 2.0 2.0 0.0 0.116000004 1 TOUCH_UP s
1401703884136 6 4098 364.0 1228.9509 0.23333335 4.0 4.0 4.0 4.0 0.0 0.2 0 TOUCH_DOWN Space
1401703884204 6 4098 364.0 1229.4509 0.16666667 3.0 3.0 3.0 3.0 0.0 0.18 2 TOUCH_MOVE Space
1401703884215 6 4098 364.0 1229.4509 0.16666667 3.0 3.0 3.0 3.0 0.0 0.18 1 TOUCH_UP Space
1401703884398 6 4098 119.5 983.951 0.20000002 3.0 3.0 3.0 3.0 0.0 0.156 0 TOUCH_DOWN s
1401703884435 6 4098 117.90338 984.451 0.23333335 4.0 4.0 4.0 4.0 0.0 0.18 2 TOUCH_MOVE s
1401703884445 6 4098 115.70058 984.1845 0.23333335 4.0 4.0 4.0 4.0 0.0 0.18400002 2 TOUCH_MOVE s
1401703884462 6 4098 112.635124 983.1627 0.23333335 4.0 4.0 4.0 4.0 0.0 0.18400002 2 TOUCH_MOVE s
1401703884479 6 4098 109.73321 983.2066 0.26666668 5.0 5.0 5.0 5.0 0.0 0.18 2 TOUCH_MOVE s
1401703884489 6 4098 109.0 983.451 0.26666668 5.0 5.0 5.0 5.0 0.0 0.14 2 TOUCH_MOVE s
1401703884493 6 4098 109.0 983.451 0.26666668 5.0 5.0 5.0 5.0 0.0 0.14 1 TOUCH_UP s
1401703884933 6 4098 334.5 829.451 0.33333334 5.0 5.0 5.0 5.0 0.0 0.21200001 0 TOUCH_DOWN t
1401703884946 6 4098 334.5 829.451 0.33333334 5.0 5.0 5.0 5.0 0.0 0.216 2 TOUCH_MOVE t
1401703884996 6 4098 328.7606 828.09686 0.3 5.0 5.0 5.0 5.0 0.0 0.20400001 2 TOUCH_MOVE t
1401703885012 6 4098 321.0 827.451 0.26666668 5.0 5.0 5.0 5.0 0.0 0.148 2 TOUCH_MOVE t
1401703885019 6 4098 321.0 827.451 0.26666668 5.0 5.0 5.0 5.0 0.0 0.148 1 TOUCH_UP t
1401703885285 6 4098 44.0 949.451 0.23333335 4.0 4.0 4.0 4.0 0.0 0.18 0 TOUCH_DOWN a
1401703885296 6 4098 44.0 949.451 0.23333335 4.0 4.0 4.0 4.0 0.0 0.18400002 2 TOUCH_MOVE a
1401703885368 6 4098 44.0 949.451 0.23333335 4.0 4.0 4.0 4.0 0.0 0.18400002 1 TOUCH_UP a
1401703885718 6 4098 259.0 822.451 0.3 5.0 5.0 5.0 5.0 0.0 0.208 0 TOUCH_DOWN r
1401703885730 6 4098 259.0 822.451 0.3 5.0 5.0 5.0 5.0 0.0 0.21200001 2 TOUCH_MOVE r
1401703885796 6 4098 257.37222 822.451 0.26666668 4.0 4.0 4.0 4.0 0.0 0.20400001 2 TOUCH_MOVE r
1401703885812 6 4098 255.5 822.451 0.23333335 5.0 5.0 5.0 5.0 0.0 0.17600001 2 TOUCH_MOVE r
1401703885817 6 4098 255.5 822.451 0.23333335 5.0 5.0 5.0 5.0 0.0 0.17600001 1 TOUCH_UP r
1401703886250 6 4098 325.0 834.951 0.33333334 5.0 5.0 5.0 5.0 0.0 0.216 0 TOUCH_DOWN t
1401703886314 6 4098 324.33362 834.2846 0.33333334 5.0 5.0 5.0 5.0 0.0 0.22000001 2 TOUCH_MOVE t
1401703886334 6 4098 323.39764 834.451 0.33333334 5.0 5.0 5.0 5.0 0.0 0.21200001 2 TOUCH_MOVE t
1401703886349 6 4098 322.92114 834.451 0.26666668 4.0 4.0 4.0 4.0 0.0 0.2 2 TOUCH_MOVE t
1401703886364 6 4098 322.25 834.451 0.26666668 4.0 4.0 4.0 4.0 0.0 0.18800001 2 TOUCH_MOVE t
1401703886384 6 4098 322.25 834.451 0.26666668 4.0 4.0 4.0 4.0 0.0 0.18800001 1 TOUCH_UP t
1401703888366 6 4098 364.0 1206.4509 0.23333335 4.0 4.0 4.0 4.0 0.0 0.208 0 TOUCH_DOWN Space
1401703888391 6 4098 364.0 1206.4509 0.23333335 4.0 4.0 4.0 4.0 0.0 0.216 2 TOUCH_MOVE Space
1401703888427 6 4098 364.0 1206.4509 0.13333334 2.0 2.0 2.0 2.0 0.0 0.16000001 2 TOUCH_MOVE Space
1401703888432 6 4098 364.0 1206.4509 0.13333334 2.0 2.0 2.0 2.0 0.0 0.16000001 1 TOUCH_UP Space
1401703888708 6 4098 367.5 978.951 0.3 5.0 5.0 5.0 5.0 0.0 0.224 0 TOUCH_DOWN g
1401703888716 6 4098 367.19443 978.951 0.3 5.0 5.0 5.0 5.0 0.0 0.22800002 2 TOUCH_MOVE g
1401703888734 6 4098 363.92877 978.18317 0.33333334 5.0 5.0 5.0 5.0 0.0 0.23600002 2 TOUCH_MOVE g
1401703888753 6 4098 360.30194 977.7183 0.33333334 5.0 5.0 5.0 5.0 0.0 0.23600002 2 TOUCH_MOVE g
1401703888767 6 4098 358.30463 977.451 0.3 5.0 5.0 5.0 5.0 0.0 0.22800002 2 TOUCH_MOVE g
1401703888783 6 4098 357.34183 977.451 0.26666668 4.0 4.0 4.0 4.0 0.0 0.21200001 2 TOUCH_MOVE g
1401703888792 6 4098 357.0 976.951 0.16666667 3.0 3.0 3.0 3.0 0.0 0.18400002 2 TOUCH_MOVE g
1401703888795 6 4098 357.0 976.951 0.16666667 3.0 3.0 3.0 3.0 0.0 0.18400002 1 TOUCH_UP g
1401703888969 6 4098 549.0 829.951 0.33333334 5.0 5.0 5.0 5.0 0.0 0.224 0 TOUCH_DOWN i
1401703888983 6 4098 549.0 829.951 0.33333334 5.0 5.0 5.0 5.0 0.0 0.22800002 2 TOUCH_MOVE i
1401703889051 6 4098 549.0 829.951 0.33333334 5.0 5.0 5.0 5.0 0.0 0.192 2 TOUCH_MOVE i
1401703889055 6 4098 549.0 829.951 0.33333334 5.0 5.0 5.0 5.0 0.0 0.192 1 TOUCH_UP i
1401703889496 6 4098 363.0 1103.4509 0.26666668 4.0 4.0 4.0 4.0 0.0 0.21200001 0 TOUCH_DOWN v
1401703889502 6 4098 363.0 1103.4509 0.26666668 4.0 4.0 4.0 4.0 0.0 0.216 2 TOUCH_MOVE v
1401703889534 6 4098 362.50864 1102.4596 0.3 5.0 5.0 5.0 5.0 0.0 0.22800002 2 TOUCH_MOVE v
1401703889552 6 4098 362.5 1098.6807 0.26666668 4.0 4.0 4.0 4.0 0.0 0.224 2 TOUCH_MOVE v
1401703889568 6 4098 365.94507 1090.9683 0.26666668 4.0 4.0 4.0 4.0 0.0 0.208 2 TOUCH_MOVE v
1401703889594 6 4098 367.0 1088.4509 0.16666667 3.0 3.0 3.0 3.0 0.0 0.116000004 2 TOUCH_MOVE v
1401703889597 6 4098 367.0 1088.4509 0.16666667 3.0 3.0 3.0 3.0 0.0 0.116000004 1 TOUCH_UP v
1401703889780 6 4098 542.5 832.951 0.33333334 5.0 5.0 5.0 5.0 0.0 0.22000001 0 TOUCH_DOWN i
1401703889803 6 4098 542.5 832.951 0.33333334 5.0 5.0 5.0 5.0 0.0 0.224 2 TOUCH_MOVE i
1401703889850 6 4098 542.5 832.951 0.26666668 4.0 4.0 4.0 4.0 0.0 0.192 2 TOUCH_MOVE i
1401703889863 6 4098 542.5 832.951 0.13333334 2.0 2.0 2.0 2.0 0.0 0.116000004 2 TOUCH_MOVE i
1401703889867 6 4098 542.5 832.951 0.13333334 2.0 2.0 2.0 2.0 0.0 0.116000004 1 TOUCH_UP i
1401703890161 6 4098 516.0 1098.9509 0.26666668 4.0 4.0 4.0 4.0 0.0 0.208 0 TOUCH_DOWN n
1401703890180 6 4098 516.0 1098.9509 0.3 5.0 5.0 5.0 5.0 0.0 0.21200001 2 TOUCH_MOVE n
1401703890203 6 4098 513.0295 1101.9214 0.3 5.0 5.0 5.0 5.0 0.0 0.22000001 2 TOUCH_MOVE n
1401703890218 6 4098 512.0297 1102.9211 0.33333334 5.0 5.0 5.0 5.0 0.0 0.21200001 2 TOUCH_MOVE n
1401703890232 6 4098 511.5 1103.4509 0.3 5.0 5.0 5.0 5.0 0.0 0.18 2 TOUCH_MOVE n
1401703890240 6 4098 511.5 1103.4509 0.3 5.0 5.0 5.0 5.0 0.0 0.18 1 TOUCH_UP n
1401703890593 6 4098 380.5 959.451 0.3 5.0 5.0 5.0 5.0 0.0 0.224 0 TOUCH_DOWN g
1401703890601 6 4098 380.5 959.451 0.33333334 5.0 5.0 5.0 5.0 0.0 0.23200001 2 TOUCH_MOVE g
1401703890634 6 4098 379.84634 959.451 0.33333334 5.0 5.0 5.0 5.0 0.0 0.23600002 2 TOUCH_MOVE g
1401703890651 6 4098 380.0 959.451 0.3 5.0 5.0 5.0 5.0 0.0 0.208 2 TOUCH_MOVE g
1401703890662 6 4098 380.0 959.451 0.20000002 4.0 4.0 4.0 4.0 0.0 0.18 2 TOUCH_MOVE g
1401703890666 6 4098 380.0 959.451 0.20000002 4.0 4.0 4.0 4.0 0.0 0.18 1 TOUCH_UP g
