1402551755318 6 4098 546.0 851.951 0.23333335 4.0 4.0 4.0 4.0 0.0 0.208 0 TOUCH_DOWN I
1402551755326 6 4098 545.6676 851.951 0.26666668 5.0 5.0 5.0 5.0 0.0 0.21200001 2 TOUCH_MOVE I
1402551755363 6 4098 541.52844 851.951 0.26666668 5.0 5.0 5.0 5.0 0.0 0.21200001 2 TOUCH_MOVE I
1402551755379 6 4098 543.18427 856.73193 0.20000002 4.0 4.0 4.0 4.0 0.0 0.192 2 TOUCH_MOVE I
1402551755385 6 4098 544.0 859.451 0.23333335 4.0 4.0 4.0 4.0 0.0 0.18 2 TOUCH_MOVE I
1402551755389 6 4098 544.0 859.451 0.23333335 4.0 4.0 4.0 4.0 0.0 0.18 1 TOUCH_UP I
1402551755539 6 4098 503.0 1083.9509 0.23333335 5.0 5.0 5.0 5.0 0.0 0.192 0 TOUCH_DOWN n
1402551755563 6 4098 503.0 1083.9509 0.23333335 5.0 5.0 5.0 5.0 0.0 0.19600001 2 TOUCH_MOVE n
1402551755580 6 4098 502.58636 1084.8645 0.23333335 5.0 5.0 5.0 5.0 0.0 0.19600001 2 TOUCH_MOVE n
1402551755597 6 4098 501.49197 1085.955 0.26666668 5.0 5.0 5.0 5.0 0.0 0.19600001 2 TOUCH_MOVE n
1402551755613 6 4098 500.9772 1086.9738 0.26666668 5.0 5.0 5.0 5.0 0.0 0.2 2 TOUCH_MOVE n
1402551755630 6 4098 501.0 1086.9509 0.20000002 4.0 4.0 4.0 4.0 0.0 0.17600001 2 TOUCH_MOVE n
1402551755634 6 4098 501.0 1086.9509 0.20000002 4.0 4.0 4.0 4.0 0.0 0.17600001 1 TOUCH_UP n
1402551755778 6 4098 549.0 856.951 0.20000002 4.0 4.0 4.0 4.0 0.0 0.20400001 0 TOUCH_DOWN i
1402551755786 6 4098 548.82294 856.951 0.23333335 5.0 5.0 5.0 5.0 0.0 0.208 2 TOUCH_MOVE i
1402551755802 6 4098 545.53766 856.7906 0.26666668 5.0 5.0 5.0 5.0 0.0 0.21200001 2 TOUCH_MOVE i
1402551755813 6 4098 540.7257 855.951 0.26666668 5.0 5.0 5.0 5.0 0.0 0.208 2 TOUCH_MOVE i
1402551755830 6 4098 538.77106 855.951 0.23333335 4.0 4.0 4.0 4.0 0.0 0.2 2 TOUCH_MOVE i
1402551755854 6 4098 538.77106 855.951 0.23333335 4.0 4.0 4.0 4.0 0.0 0.2 1 TOUCH_UP i
1402551756069 6 4098 190.5 1243.9509 0.10000001 2.0 2.0 2.0 2.0 0.0 0.17600001 0 TOUCH_DOWN Space
1402551756113 6 4098 189.99933 1243.9509 0.10000001 2.0 2.0 2.0 2.0 0.0 0.18 2 TOUCH_MOVE Space
1402551756130 6 4098 189.48677 1243.9509 0.10000001 2.0 2.0 2.0 2.0 0.0 0.18 2 TOUCH_MOVE Space
1402551756164 6 4098 189.5 1244.6128 0.10000001 2.0 2.0 2.0 2.0 0.0 0.16000001 2 TOUCH_MOVE Space
1402551756169 6 4098 189.5 1244.6128 0.10000001 2.0 2.0 2.0 2.0 0.0 0.16000001 1 TOUCH_UP Space
1402551756437 6 4098 449.5 1107.4509 0.33333334 5.0 5.0 5.0 5.0 0.0 0.208 0 TOUCH_DOWN b
1402551756447 6 4098 449.5 1107.4509 0.33333334 5.0 5.0 5.0 5.0 0.0 0.216 2 TOUCH_MOVE b
1402551756482 6 4098 448.578 1107.4509 0.33333334 5.0 5.0 5.0 5.0 0.0 0.21200001 2 TOUCH_MOVE b
1402551756497 6 4098 448.25 1107.4509 0.33333334 5.0 5.0 5.0 5.0 0.0 0.21200001 2 TOUCH_MOVE b
1402551756526 6 4098 448.5 1106.9509 0.13333334 2.0 2.0 2.0 2.0 0.0 0.120000005 2 TOUCH_MOVE b
1402551756531 6 4098 448.5 1106.9509 0.13333334 2.0 2.0 2.0 2.0 0.0 0.120000005 1 TOUCH_UP b
1402551756741 6 4098 475.5 871.451 0.3 5.0 5.0 5.0 5.0 0.0 0.224 0 TOUCH_DOWN u
1402551756781 6 4098 474.8528 871.451 0.3 5.0 5.0 5.0 5.0 0.0 0.224 2 TOUCH_MOVE u
1402551756798 6 4098 474.25 871.451 0.33333334 6.0 6.0 6.0 6.0 0.0 0.22000001 2 TOUCH_MOVE u
1402551756831 6 4098 479.0697 874.23584 0.26666668 4.0 4.0 4.0 4.0 0.0 0.19600001 2 TOUCH_MOVE u
1402551756838 6 4098 481.5 875.451 0.33333334 5.0 5.0 5.0 5.0 0.0 0.18400002 2 TOUCH_MOVE u
1402551756842 6 4098 481.5 875.451 0.33333334 5.0 5.0 5.0 5.0 0.0 0.18400002 1 TOUCH_UP u
1402551756895 6 4098 197.5 985.951 0.26666668 4.0 4.0 4.0 4.0 0.0 0.21200001 0 TOUCH_DOWN d
1402551756915 6 4098 197.5 985.951 0.3 5.0 5.0 5.0 5.0 0.0 0.208 2 TOUCH_MOVE d
1402551756993 6 4098 197.5 985.951 0.3 5.0 5.0 5.0 5.0 0.0 0.208 1 TOUCH_UP d
1402551757040 6 4098 552.0 853.951 0.23333335 5.0 5.0 5.0 5.0 0.0 0.208 0 TOUCH_DOWN i
1402551757115 6 4098 552.0 853.951 0.23333335 5.0 5.0 5.0 5.0 0.0 0.192 2 TOUCH_MOVE i
1402551757121 6 4098 552.0 853.951 0.23333335 5.0 5.0 5.0 5.0 0.0 0.192 1 TOUCH_UP i
1402551758232 6 4098 688.0 1207.9509 0.20000002 3.0 3.0 3.0 3.0 0.0 0.156 0 TOUCH_DOWN Enter
1402551758236 6 4098 688.0 1207.9509 0.16666667 3.0 3.0 3.0 3.0 0.0 0.156 2 TOUCH_MOVE Enter
1402551758261 6 4098 688.0 1208.9792 0.20000002 3.0 3.0 3.0 3.0 0.0 0.16000001 2 TOUCH_MOVE Enter
1402551758267 6 4098 688.0 1209.4934 0.16666667 3.0 3.0 3.0 3.0 0.0 0.164 2 TOUCH_MOVE Enter
1402551758282 6 4098 688.0 1210.2009 0.20000002 3.0 3.0 3.0 3.0 0.0 0.16800001 2 TOUCH_MOVE Enter
1402551758317 6 4098 688.5 1209.9509 0.13333334 2.0 2.0 2.0 2.0 0.0 0.124000005 2 TOUCH_MOVE Enter
1402551758321 6 4098 688.5 1209.9509 0.13333334 2.0 2.0 2.0 2.0 0.0 0.124000005 1 TOUCH_UP Enter
1402551758846 6 4098 556.5 849.451 0.26666668 5.0 5.0 5.0 5.0 0.0 0.216 0 TOUCH_DOWN I
1402551758883 6 4098 555.8212 849.2722 0.26666668 5.0 5.0 5.0 5.0 0.0 0.216 2 TOUCH_MOVE I
1402551758901 6 4098 555.1662 848.951 0.23333335 4.0 4.0 4.0 4.0 0.0 0.216 2 TOUCH_MOVE I
1402551758916 6 4098 555.0 849.979 0.26666668 5.0 5.0 5.0 5.0 0.0 0.21200001 2 TOUCH_MOVE I
1402551758932 6 4098 555.0 854.951 0.26666668 5.0 5.0 5.0 5.0 0.0 0.18400002 2 TOUCH_MOVE I
1402551758936 6 4098 555.0 854.951 0.26666668 5.0 5.0 5.0 5.0 0.0 0.18400002 1 TOUCH_UP I
1402551759114 6 4098 505.0 1087.9509 0.23333335 5.0 5.0 5.0 5.0 0.0 0.192 0 TOUCH_DOWN n
1402551759202 6 4098 505.36172 1084.6954 0.20000002 4.0 4.0 4.0 4.0 0.0 0.18800001 2 TOUCH_MOVE n
1402551759204 6 4098 505.5 1083.4509 0.26666668 5.0 5.0 5.0 5.0 0.0 0.172 2 TOUCH_MOVE n
1402551759207 6 4098 505.5 1083.4509 0.26666668 5.0 5.0 5.0 5.0 0.0 0.172 1 TOUCH_UP n
1402551759385 6 4098 559.5 822.451 0.3 5.0 5.0 5.0 5.0 0.0 0.20400001 0 TOUCH_DOWN i
1402551759408 6 4098 559.5 822.451 0.33333334 5.0 5.0 5.0 5.0 0.0 0.20400001 2 TOUCH_MOVE i
1402551759444 6 4098 561.0 824.451 0.33333334 5.0 5.0 5.0 5.0 0.0 0.18 2 TOUCH_MOVE i
1402551759449 6 4098 561.0 824.451 0.33333334 5.0 5.0 5.0 5.0 0.0 0.18 1 TOUCH_UP i
1402551759709 6 4098 191.5 1240.4509 0.10000001 2.0 2.0 2.0 2.0 0.0 0.18 0 TOUCH_DOWN Space
1402551759725 6 4098 191.28836 1240.4509 0.13333334 2.0 2.0 2.0 2.0 0.0 0.18400002 2 TOUCH_MOVE Space
1402551759747 6 4098 190.99606 1239.947 0.13333334 2.0 2.0 2.0 2.0 0.0 0.18400002 2 TOUCH_MOVE Space
1402551759751 6 4098 190.5 1238.9315 0.13333334 2.0 2.0 2.0 2.0 0.0 0.18400002 2 TOUCH_MOVE Space
1402551759767 6 4098 189.4627 1237.9137 0.13333334 2.0 2.0 2.0 2.0 0.0 0.18 2 TOUCH_MOVE Space
1402551759785 6 4098 188.44745 1236.8984 0.13333334 2.0 2.0 2.0 2.0 0.0 0.17600001 2 TOUCH_MOVE Space
1402551759789 6 4098 188.44745 1236.8984 0.13333334 2.0 2.0 2.0 2.0 0.0 0.17600001 1 TOUCH_UP Space
1402551760160 6 4098 549.5 835.451 0.3 5.0 5.0 5.0 5.0 0.0 0.208 0 TOUCH_DOWN i
1402551760169 6 4098 549.5 835.451 0.26666668 4.0 4.0 4.0 4.0 0.0 0.208 2 TOUCH_MOVE i
1402551760203 6 4098 548.64325 835.451 0.3 5.0 5.0 5.0 5.0 0.0 0.21200001 2 TOUCH_MOVE i
1402551760217 6 4098 547.75 835.451 0.26666668 4.0 4.0 4.0 4.0 0.0 0.21200001 2 TOUCH_MOVE i
1402551760251 6 4098 546.5 844.951 0.20000002 4.0 4.0 4.0 4.0 0.0 0.18400002 2 TOUCH_MOVE i
1402551760272 6 4098 546.5 844.951 0.20000002 4.0 4.0 4.0 4.0 0.0 0.18400002 1 TOUCH_UP i
1402551760467 6 4098 438.0 1091.4509 0.3 5.0 5.0 5.0 5.0 0.0 0.2 0 TOUCH_DOWN b
1402551760490 6 4098 438.0 1091.4509 0.23333335 4.0 4.0 4.0 4.0 0.0 0.20400001 2 TOUCH_MOVE b
1402551760501 6 4098 438.0 1092.0273 0.26666668 4.0 4.0 4.0 4.0 0.0 0.208 2 TOUCH_MOVE b
1402551760518 6 4098 438.0 1092.7041 0.26666668 4.0 4.0 4.0 4.0 0.0 0.20400001 2 TOUCH_MOVE b
1402551760535 6 4098 438.0 1093.2009 0.26666668 4.0 4.0 4.0 4.0 0.0 0.208 2 TOUCH_MOVE b
1402551760558 6 4098 438.0 1090.9509 0.26666668 5.0 5.0 5.0 5.0 0.0 0.164 2 TOUCH_MOVE b
1402551760562 6 4098 438.0 1090.9509 0.26666668 5.0 5.0 5.0 5.0 0.0 0.164 1 TOUCH_UP b
1402551760715 6 4098 508.0 837.951 0.3 5.0 5.0 5.0 5.0 0.0 0.22000001 0 TOUCH_DOWN i
1402551760741 6 4098 506.6548 837.951 0.26666668 4.0 4.0 4.0 4.0 0.0 0.22000001 2 TOUCH_MOVE i
1402551760768 6 4098 500.0031 837.951 0.3 5.0 5.0 5.0 5.0 0.0 0.22000001 2 TOUCH_MOVE i
1402551760785 6 4098 499.25 837.951 0.3 5.0 5.0 5.0 5.0 0.0 0.216 2 TOUCH_MOVE i
1402551760806 6 4098 499.5 837.951 0.3 5.0 5.0 5.0 5.0 0.0 0.18800001 2 TOUCH_MOVE i
1402551760810 6 4098 499.5 837.951 0.3 5.0 5.0 5.0 5.0 0.0 0.18800001 1 TOUCH_UP i
1402551761467 6 4098 681.0 1088.9509 0.20000002 4.0 4.0 4.0 4.0 0.0 0.18 0 TOUCH_DOWN Back
1402551761491 6 4098 681.0 1088.9509 0.23333335 5.0 5.0 5.0 5.0 0.0 0.18 2 TOUCH_MOVE Back
1402551761502 6 4098 680.4299 1089.521 0.23333335 5.0 5.0 5.0 5.0 0.0 0.18 2 TOUCH_MOVE Back
1402551761520 6 4098 680.5 1090.0636 0.20000002 4.0 4.0 4.0 4.0 0.0 0.18 2 TOUCH_MOVE Back
1402551761561 6 4098 680.5 1090.0636 0.20000002 4.0 4.0 4.0 4.0 0.0 0.18 1 TOUCH_UP Back
1402551761872 6 4098 478.0 836.451 0.3 5.0 5.0 5.0 5.0 0.0 0.224 0 TOUCH_DOWN u
1402551761893 6 4098 478.0 836.451 0.33333334 5.0 5.0 5.0 5.0 0.0 0.224 2 TOUCH_MOVE u
1402551761953 6 4098 478.0 836.451 0.16666667 3.0 3.0 3.0 3.0 0.0 0.1 2 TOUCH_MOVE u
1402551761956 6 4098 478.0 836.451 0.16666667 3.0 3.0 3.0 3.0 0.0 0.1 1 TOUCH_UP u
1402551762168 6 4098 207.0 1211.4509 0.23333335 4.0 4.0 4.0 4.0 0.0 0.18400002 0 TOUCH_DOWN Space
1402551762195 6 4098 207.0 1212.3066 0.23333335 4.0 4.0 4.0 4.0 0.0 0.18400002 2 TOUCH_MOVE Space
1402551762205 6 4098 207.0 1213.3278 0.23333335 4.0 4.0 4.0 4.0 0.0 0.18800001 2 TOUCH_MOVE Space
1402551762219 6 4098 207.0 1214.3516 0.26666668 5.0 5.0 5.0 5.0 0.0 0.18400002 2 TOUCH_MOVE Space
1402551762224 6 4098 207.0 1214.4509 0.20000002 3.0 3.0 3.0 3.0 0.0 0.128 2 TOUCH_MOVE Space
1402551762228 6 4098 207.0 1214.4509 0.20000002 3.0 3.0 3.0 3.0 0.0 0.128 1 TOUCH_UP Space
1402551762660 6 4098 430.5 1081.4509 0.20000002 4.0 4.0 4.0 4.0 0.0 0.192 0 TOUCH_DOWN b
1402551762670 6 4098 430.5 1081.4509 0.16666667 3.0 3.0 3.0 3.0 0.0 0.192 2 TOUCH_MOVE b
1402551762716 6 4098 431.5 1080.9509 0.20000002 4.0 4.0 4.0 4.0 0.0 0.172 2 TOUCH_MOVE b
1402551762720 6 4098 431.5 1080.9509 0.20000002 4.0 4.0 4.0 4.0 0.0 0.172 1 TOUCH_UP b
1402551762933 6 4098 451.5 851.451 0.26666668 5.0 5.0 5.0 5.0 0.0 0.216 0 TOUCH_DOWN u
1402551762973 6 4098 450.37558 850.82654 0.26666668 5.0 5.0 5.0 5.0 0.0 0.216 2 TOUCH_MOVE u
1402551762988 6 4098 449.92923 850.951 0.26666668 5.0 5.0 5.0 5.0 0.0 0.216 2 TOUCH_MOVE u
1402551763011 6 4098 450.0 850.951 0.20000002 4.0 4.0 4.0 4.0 0.0 0.18 2 TOUCH_MOVE u
1402551763016 6 4098 450.0 850.951 0.20000002 4.0 4.0 4.0 4.0 0.0 0.18 1 TOUCH_UP u
1402551763077 6 4098 215.0 971.451 0.23333335 5.0 5.0 5.0 5.0 0.0 0.2 0 TOUCH_DOWN d
1402551763120 6 4098 213.72914 970.1801 0.23333335 4.0 4.0 4.0 4.0 0.0 0.216 2 TOUCH_MOVE d
1402551763138 6 4098 213.10579 969.55676 0.3 5.0 5.0 5.0 5.0 0.0 0.21200001 2 TOUCH_MOVE d
1402551763154 6 4098 212.34752 968.951 0.23333335 4.0 4.0 4.0 4.0 0.0 0.208 2 TOUCH_MOVE d
1402551763172 6 4098 211.18349 968.451 0.26666668 5.0 5.0 5.0 5.0 0.0 0.2 2 TOUCH_MOVE d
1402551763184 6 4098 210.5 968.951 0.26666668 5.0 5.0 5.0 5.0 0.0 0.17600001 2 TOUCH_MOVE d
1402551763189 6 4098 210.5 968.951 0.26666668 5.0 5.0 5.0 5.0 0.0 0.17600001 1 TOUCH_UP d
1402551763281 6 4098 538.5 847.451 0.26666668 5.0 5.0 5.0 5.0 0.0 0.20400001 0 TOUCH_DOWN i
1402551763304 6 4098 538.02686 847.451 0.23333335 4.0 4.0 4.0 4.0 0.0 0.208 2 TOUCH_MOVE i
1402551763320 6 4098 536.1164 847.451 0.23333335 4.0 4.0 4.0 4.0 0.0 0.20400001 2 TOUCH_MOVE i
1402551763337 6 4098 535.25 847.451 0.23333335 4.0 4.0 4.0 4.0 0.0 0.208 2 TOUCH_MOVE i
1402551763357 6 4098 535.5 847.451 0.23333335 4.0 4.0 4.0 4.0 0.0 0.17600001 2 TOUCH_MOVE i
1402551763361 6 4098 535.5 847.451 0.23333335 4.0 4.0 4.0 4.0 0.0 0.17600001 1 TOUCH_UP i
1402551763980 6 4098 693.5 1217.4509 0.16666667 3.0 3.0 3.0 3.0 0.0 0.18 0 TOUCH_DOWN Enter
1402551764021 6 4098 693.5 1218.0734 0.16666667 3.0 3.0 3.0 3.0 0.0 0.18400002 2 TOUCH_MOVE Enter
1402551764071 6 4098 693.5 1217.4509 0.16666667 3.0 3.0 3.0 3.0 0.0 0.18 2 TOUCH_MOVE Enter
1402551764079 6 4098 693.5 1217.4509 0.16666667 3.0 3.0 3.0 3.0 0.0 0.14 2 TOUCH_MOVE Enter
1402551764082 6 4098 693.5 1217.4509 0.16666667 3.0 3.0 3.0 3.0 0.0 0.14 1 TOUCH_UP Enter
1402551764430 6 4098 556.5 844.951 0.3 5.0 5.0 5.0 5.0 0.0 0.216 0 TOUCH_DOWN I
1402551764487 6 4098 554.4417 844.951 0.3 5.0 5.0 5.0 5.0 0.0 0.216 2 TOUCH_MOVE I
1402551764510 6 4098 555.0 848.951 0.23333335 5.0 5.0 5.0 5.0 0.0 0.18 2 TOUCH_MOVE I
1402551764513 6 4098 555.0 848.951 0.23333335 5.0 5.0 5.0 5.0 0.0 0.18 1 TOUCH_UP I
1402551764711 6 4098 494.0 1087.9509 0.23333335 5.0 5.0 5.0 5.0 0.0 0.18400002 0 TOUCH_DOWN n
1402551764722 6 4098 494.0 1087.9509 0.20000002 4.0 4.0 4.0 4.0 0.0 0.18800001 2 TOUCH_MOVE n
1402551764785 6 4098 495.5 1080.9509 0.26666668 5.0 5.0 5.0 5.0 0.0 0.16800001 2 TOUCH_MOVE n
1402551764789 6 4098 495.5 1080.9509 0.26666668 5.0 5.0 5.0 5.0 0.0 0.16800001 1 TOUCH_UP n
1402551764977 6 4098 559.5 819.951 0.26666668 4.0 4.0 4.0 4.0 0.0 0.21200001 0 TOUCH_DOWN i
1402551764989 6 4098 559.5 819.951 0.3 5.0 5.0 5.0 5.0 0.0 0.208 2 TOUCH_MOVE i
1402551765011 6 4098 557.80975 819.951 0.3 5.0 5.0 5.0 5.0 0.0 0.208 2 TOUCH_MOVE i
1402551765024 6 4098 556.5 819.951 0.3 5.0 5.0 5.0 5.0 0.0 0.208 2 TOUCH_MOVE i
1402551765039 6 4098 557.0 819.951 0.26666668 4.0 4.0 4.0 4.0 0.0 0.18 2 TOUCH_MOVE i
1402551765058 6 4098 557.0 819.951 0.26666668 4.0 4.0 4.0 4.0 0.0 0.18 1 TOUCH_UP i
1402551765376 6 4098 207.5 1228.9509 0.23333335 4.0 4.0 4.0 4.0 0.0 0.18800001 0 TOUCH_DOWN Space
1402551765472 6 4098 207.5 1228.9509 0.23333335 4.0 4.0 4.0 4.0 0.0 0.18800001 1 TOUCH_UP Space
1402551765757 6 4098 51.0 981.451 0.20000002 3.0 3.0 3.0 3.0 0.0 0.17600001 0 TOUCH_DOWN a
1402551765763 6 4098 50.693516 981.451 0.20000002 3.0 3.0 3.0 3.0 0.0 0.18 2 TOUCH_MOVE a
1402551765786 6 4098 50.775513 981.451 0.20000002 3.0 3.0 3.0 3.0 0.0 0.18 2 TOUCH_MOVE a
1402551765795 6 4098 51.118668 981.451 0.20000002 3.0 3.0 3.0 3.0 0.0 0.18800001 2 TOUCH_MOVE a
1402551765808 6 4098 52.271454 981.951 0.20000002 3.0 3.0 3.0 3.0 0.0 0.18800001 2 TOUCH_MOVE a
1402551765823 6 4098 53.25 981.951 0.20000002 3.0 3.0 3.0 3.0 0.0 0.18400002 2 TOUCH_MOVE a
1402551765838 6 4098 53.25 981.951 0.20000002 3.0 3.0 3.0 3.0 0.0 0.18400002 1 TOUCH_UP a
1402551765961 6 4098 411.0 833.951 0.33333334 5.0 5.0 5.0 5.0 0.0 0.216 0 TOUCH_DOWN y
1402551765973 6 4098 411.0 833.951 0.33333334 5.0 5.0 5.0 5.0 0.0 0.224 2 TOUCH_MOVE y
1402551766032 6 4098 409.35635 834.6637 0.33333334 5.0 5.0 5.0 5.0 0.0 0.224 2 TOUCH_MOVE y
1402551766042 6 4098 410.5 838.451 0.23333335 4.0 4.0 4.0 4.0 0.0 0.2 2 TOUCH_MOVE y
1402551766056 6 4098 410.5 838.451 0.13333334 2.0 2.0 2.0 2.0 0.0 0.164 2 TOUCH_MOVE y
1402551766060 6 4098 410.5 838.451 0.13333334 2.0 2.0 2.0 2.0 0.0 0.164 1 TOUCH_UP y
1402551766070 6 4098 46.5 972.951 0.16666667 3.0 3.0 3.0 3.0 0.0 0.18 0 TOUCH_DOWN a
1402551766074 6 4098 48.75 972.951 0.16666667 3.0 3.0 3.0 3.0 0.0 0.18 2 TOUCH_MOVE a
1402551766106 6 4098 48.621815 972.951 0.16666667 3.0 3.0 3.0 3.0 0.0 0.18800001 2 TOUCH_MOVE a
1402551766154 6 4098 48.621815 972.951 0.16666667 3.0 3.0 3.0 3.0 0.0 0.18800001 1 TOUCH_UP a
1402551766321 6 4098 440.5 974.951 0.23333335 4.0 4.0 4.0 4.0 0.0 0.2 0 TOUCH_DOWN h
1402551766342 6 4098 440.5 974.951 0.26666668 5.0 5.0 5.0 5.0 0.0 0.208 2 TOUCH_MOVE h
1402551766390 6 4098 441.40692 975.9045 0.26666668 5.0 5.0 5.0 5.0 0.0 0.2 2 TOUCH_MOVE h
1402551766403 6 4098 441.5 975.951 0.26666668 5.0 5.0 5.0 5.0 0.0 0.136 2 TOUCH_MOVE h
1402551766407 6 4098 441.5 975.951 0.26666668 5.0 5.0 5.0 5.0 0.0 0.136 1 TOUCH_UP h
1402551766725 6 4098 221.5 1242.9509 0.20000002 5.0 5.0 5.0 5.0 0.0 0.18 0 TOUCH_DOWN Space
1402551766757 6 4098 220.22398 1240.3989 0.20000002 5.0 5.0 5.0 5.0 0.0 0.18400002 2 TOUCH_MOVE Space
1402551766776 6 4098 219.19931 1238.3496 0.23333335 5.0 5.0 5.0 5.0 0.0 0.18400002 2 TOUCH_MOVE Space
1402551766790 6 4098 218.1825 1236.6334 0.23333335 5.0 5.0 5.0 5.0 0.0 0.18 2 TOUCH_MOVE Space
1402551766800 6 4098 218.0 1236.4509 0.20000002 5.0 5.0 5.0 5.0 0.0 0.132 2 TOUCH_MOVE Space
1402551766803 6 4098 218.0 1236.4509 0.20000002 5.0 5.0 5.0 5.0 0.0 0.132 1 TOUCH_UP Space
1402551766928 6 4098 441.5 1082.4509 0.23333335 4.0 4.0 4.0 4.0 0.0 0.20400001 0 TOUCH_DOWN b
1402551766940 6 4098 441.5 1082.4509 0.26666668 5.0 5.0 5.0 5.0 0.0 0.20400001 2 TOUCH_MOVE b
1402551766975 6 4098 440.50577 1082.4509 0.26666668 4.0 4.0 4.0 4.0 0.0 0.208 2 TOUCH_MOVE b
1402551766990 6 4098 440.25 1082.4509 0.26666668 4.0 4.0 4.0 4.0 0.0 0.21200001 2 TOUCH_MOVE b
1402551767012 6 4098 440.25 1082.4509 0.26666668 4.0 4.0 4.0 4.0 0.0 0.21200001 1 TOUCH_UP b
1402551767216 6 4098 460.5 875.451 0.3 5.0 5.0 5.0 5.0 0.0 0.216 0 TOUCH_DOWN u
1402551767259 6 4098 458.75 875.451 0.3 5.0 5.0 5.0 5.0 0.0 0.216 2 TOUCH_MOVE u
1402551767289 6 4098 460.0 874.951 0.16666667 3.0 3.0 3.0 3.0 0.0 0.14 2 TOUCH_MOVE u
1402551767294 6 4098 460.0 874.951 0.16666667 3.0 3.0 3.0 3.0 0.0 0.14 1 TOUCH_UP u
1402551767402 6 4098 189.0 967.951 0.23333335 5.0 5.0 5.0 5.0 0.0 0.208 0 TOUCH_DOWN d
1402551767425 6 4098 189.0 967.951 0.23333335 4.0 4.0 4.0 4.0 0.0 0.21200001 2 TOUCH_MOVE d
1402551767508 6 4098 189.0 967.951 0.13333334 2.0 2.0 2.0 2.0 0.0 0.132 2 TOUCH_MOVE d
1402551767513 6 4098 189.0 967.951 0.13333334 2.0 2.0 2.0 2.0 0.0 0.132 1 TOUCH_UP d
1402551767526 6 4098 529.5 848.951 0.26666668 5.0 5.0 5.0 5.0 0.0 0.208 0 TOUCH_DOWN i
1402551767551 6 4098 528.75 848.951 0.26666668 5.0 5.0 5.0 5.0 0.0 0.208 2 TOUCH_MOVE i
1402551767558 6 4098 529.51746 848.951 0.26666668 5.0 5.0 5.0 5.0 0.0 0.20400001 2 TOUCH_MOVE i
1402551767574 6 4098 533.9988 849.5222 0.23333335 5.0 5.0 5.0 5.0 0.0 0.18400002 2 TOUCH_MOVE i
1402551767584 6 4098 534.5 849.951 0.13333334 2.0 2.0 2.0 2.0 0.0 0.1 2 TOUCH_MOVE i
1402551767589 6 4098 534.5 849.951 0.13333334 2.0 2.0 2.0 2.0 0.0 0.1 1 TOUCH_UP i
1402551768254 6 4098 692.0 1221.4509 0.16666667 3.0 3.0 3.0 3.0 0.0 0.18 0 TOUCH_DOWN Enter
1402551768310 6 4098 692.0 1222.0493 0.20000002 3.0 3.0 3.0 3.0 0.0 0.18 2 TOUCH_MOVE Enter
1402551768347 6 4098 692.0 1222.0493 0.20000002 3.0 3.0 3.0 3.0 0.0 0.18 1 TOUCH_UP Enter
1402551769023 6 4098 567.0 845.951 0.23333335 4.0 4.0 4.0 4.0 0.0 0.18800001 0 TOUCH_DOWN I
1402551769042 6 4098 567.0 845.951 0.23333335 4.0 4.0 4.0 4.0 0.0 0.192 2 TOUCH_MOVE I
1402551769100 6 4098 567.0 845.951 0.23333335 4.0 4.0 4.0 4.0 0.0 0.192 1 TOUCH_UP I
1402551769418 6 4098 296.0 836.451 0.33333334 5.0 5.0 5.0 5.0 0.0 0.22000001 0 TOUCH_DOWN t
1402551769431 6 4098 295.57233 836.0233 0.3 5.0 5.0 5.0 5.0 0.0 0.224 2 TOUCH_MOVE t
1402551769455 6 4098 295.0 835.0789 0.33333334 5.0 5.0 5.0 5.0 0.0 0.23200001 2 TOUCH_MOVE t
1402551769460 6 4098 295.0 834.0814 0.33333334 5.0 5.0 5.0 5.0 0.0 0.23200001 2 TOUCH_MOVE t
1402551769476 6 4098 295.0 833.201 0.33333334 5.0 5.0 5.0 5.0 0.0 0.224 2 TOUCH_MOVE t
1402551769499 6 4098 295.0 833.201 0.33333334 5.0 5.0 5.0 5.0 0.0 0.224 1 TOUCH_UP t
1402551769960 6 4098 475.5 850.951 0.26666668 5.0 5.0 5.0 5.0 0.0 0.21200001 0 TOUCH_DOWN u
1402551769978 6 4098 475.5 850.951 0.23333335 4.0 4.0 4.0 4.0 0.0 0.21200001 2 TOUCH_MOVE u
1402551770004 6 4098 474.5974 850.5484 0.3 5.0 5.0 5.0 5.0 0.0 0.22000001 2 TOUCH_MOVE u
1402551770012 6 4098 473.22144 849.951 0.26666668 4.0 4.0 4.0 4.0 0.0 0.22000001 2 TOUCH_MOVE u
1402551770033 6 4098 473.31058 849.6404 0.3 5.0 5.0 5.0 5.0 0.0 0.22000001 2 TOUCH_MOVE u
1402551770058 6 4098 474.0 848.951 0.16666667 3.0 3.0 3.0 3.0 0.0 0.128 2 TOUCH_MOVE u
1402551770062 6 4098 474.0 848.951 0.16666667 3.0 3.0 3.0 3.0 0.0 0.128 1 TOUCH_UP u
1402551770383 6 4098 225.5 1215.4509 0.23333335 4.0 4.0 4.0 4.0 0.0 0.19600001 0 TOUCH_DOWN Space
1402551770473 6 4098 225.5 1214.9509 0.26666668 5.0 5.0 5.0 5.0 0.0 0.156 2 TOUCH_MOVE Space
1402551770477 6 4098 225.5 1214.9509 0.26666668 5.0 5.0 5.0 5.0 0.0 0.156 1 TOUCH_UP Space
1402551770735 6 4098 133.0 961.451 0.13333334 2.0 2.0 2.0 2.0 0.0 0.18 0 TOUCH_DOWN s
1402551770747 6 4098 133.0 961.451 0.16666667 3.0 3.0 3.0 3.0 0.0 0.192 2 TOUCH_MOVE s
1402551770778 6 4098 133.66269 960.2883 0.3 5.0 5.0 5.0 5.0 0.0 0.19600001 2 TOUCH_MOVE s
1402551770796 6 4098 134.70953 959.24146 0.26666668 4.0 4.0 4.0 4.0 0.0 0.192 2 TOUCH_MOVE s
1402551770804 6 4098 135.0 958.951 0.16666667 3.0 3.0 3.0 3.0 0.0 0.17600001 2 TOUCH_MOVE s
1402551770808 6 4098 135.0 958.951 0.16666667 3.0 3.0 3.0 3.0 0.0 0.17600001 1 TOUCH_UP s
1402551770981 6 4098 173.0 829.951 0.33333334 5.0 5.0 5.0 5.0 0.0 0.216 0 TOUCH_DOWN e
1402551770997 6 4098 173.0 829.951 0.3 5.0 5.0 5.0 5.0 0.0 0.22000001 2 TOUCH_MOVE e
1402551771051 6 4098 171.16658 830.7844 0.33333334 5.0 5.0 5.0 5.0 0.0 0.20400001 2 TOUCH_MOVE e
1402551771053 6 4098 171.0 830.951 0.3 5.0 5.0 5.0 5.0 0.0 0.18800001 2 TOUCH_MOVE e
1402551771058 6 4098 171.0 830.951 0.3 5.0 5.0 5.0 5.0 0.0 0.18800001 1 TOUCH_UP e
1402551771166 6 4098 583.0 1092.4509 0.16666667 3.0 3.0 3.0 3.0 0.0 0.18 0 TOUCH_DOWN m
1402551771185 6 4098 582.9512 1092.9998 0.23333335 4.0 4.0 4.0 4.0 0.0 0.192 2 TOUCH_MOVE m
1402551771196 6 4098 581.3734 1094.0142 0.23333335 4.0 4.0 4.0 4.0 0.0 0.18800001 2 TOUCH_MOVE m
1402551771219 6 4098 579.92163 1095.0293 0.16666667 3.0 3.0 3.0 3.0 0.0 0.192 2 TOUCH_MOVE m
1402551771229 6 4098 578.9071 1095.4509 0.16666667 3.0 3.0 3.0 3.0 0.0 0.18800001 2 TOUCH_MOVE m
1402551771251 6 4098 579.0 1094.9509 0.13333334 2.0 2.0 2.0 2.0 0.0 0.124000005 2 TOUCH_MOVE m
1402551771257 6 4098 579.0 1094.9509 0.13333334 2.0 2.0 2.0 2.0 0.0 0.124000005 1 TOUCH_UP m
1402551771474 6 4098 479.0 839.951 0.3 5.0 5.0 5.0 5.0 0.0 0.224 0 TOUCH_DOWN u
1402551771523 6 4098 477.63538 839.951 0.3 5.0 5.0 5.0 5.0 0.0 0.224 2 TOUCH_MOVE u
1402551771531 6 4098 477.25 839.951 0.3 5.0 5.0 5.0 5.0 0.0 0.22000001 2 TOUCH_MOVE u
1402551771547 6 4098 479.192 839.951 0.3 5.0 5.0 5.0 5.0 0.0 0.21200001 2 TOUCH_MOVE u
1402551771558 6 4098 485.0 839.951 0.26666668 5.0 5.0 5.0 5.0 0.0 0.18 2 TOUCH_MOVE u
1402551771561 6 4098 485.0 839.951 0.26666668 5.0 5.0 5.0 5.0 0.0 0.18 1 TOUCH_UP u
1402551771589 6 4098 56.0 954.951 0.20000002 3.0 3.0 3.0 3.0 0.0 0.18 0 TOUCH_DOWN a
1402551771612 6 4098 55.036835 954.951 0.20000002 3.0 3.0 3.0 3.0 0.0 0.18400002 2 TOUCH_MOVE a
1402551771631 6 4098 53.538654 953.97034 0.20000002 3.0 3.0 3.0 3.0 0.0 0.18 2 TOUCH_MOVE a
1402551771645 6 4098 52.499664 952.9506 0.20000002 3.0 3.0 3.0 3.0 0.0 0.17600001 2 TOUCH_MOVE a
1402551771661 6 4098 50.47545 952.451 0.20000002 3.0 3.0 3.0 3.0 0.0 0.172 2 TOUCH_MOVE a
1402551771672 6 4098 49.5 952.951 0.16666667 3.0 3.0 3.0 3.0 0.0 0.136 2 TOUCH_MOVE a
1402551771676 6 4098 49.5 952.951 0.16666667 3.0 3.0 3.0 3.0 0.0 0.136 1 TOUCH_UP a
1402551772198 6 4098 434.5 1217.4509 0.26666668 5.0 5.0 5.0 5.0 0.0 0.2 0 TOUCH_DOWN ,
1402551772224 6 4098 434.5 1217.4509 0.23333335 4.0 4.0 4.0 4.0 0.0 0.20400001 2 TOUCH_MOVE ,
1402551772286 6 4098 434.5 1217.4509 0.23333335 4.0 4.0 4.0 4.0 0.0 0.20400001 1 TOUCH_UP ,
1402551772503 6 4098 234.0 1235.9509 0.23333335 4.0 4.0 4.0 4.0 0.0 0.18800001 0 TOUCH_DOWN Space
1402551772512 6 4098 233.66818 1235.9509 0.23333335 4.0 4.0 4.0 4.0 0.0 0.192 2 TOUCH_MOVE Space
1402551772537 6 4098 232.6521 1235.103 0.23333335 4.0 4.0 4.0 4.0 0.0 0.192 2 TOUCH_MOVE Space
1402551772546 6 4098 231.13124 1234.0822 0.23333335 4.0 4.0 4.0 4.0 0.0 0.19600001 2 TOUCH_MOVE Space
1402551772562 6 4098 230.12141 1233.0724 0.23333335 4.0 4.0 4.0 4.0 0.0 0.192 2 TOUCH_MOVE Space
1402551772577 6 4098 229.0 1232.4509 0.23333335 4.0 4.0 4.0 4.0 0.0 0.18400002 2 TOUCH_MOVE Space
1402551772580 6 4098 229.0 1232.4509 0.23333335 4.0 4.0 4.0 4.0 0.0 0.18400002 1 TOUCH_UP Space
1402551772737 6 4098 573.0 977.451 0.23333335 4.0 4.0 4.0 4.0 0.0 0.20400001 0 TOUCH_DOWN k
1402551772746 6 4098 573.0 977.451 0.23333335 4.0 4.0 4.0 4.0 0.0 0.2 2 TOUCH_MOVE k
1402551772797 6 4098 573.5158 977.451 0.23333335 4.0 4.0 4.0 4.0 0.0 0.2 2 TOUCH_MOVE k
1402551772812 6 4098 574.0 977.951 0.13333334 2.0 2.0 2.0 2.0 0.0 0.16800001 2 TOUCH_MOVE k
1402551772818 6 4098 574.0 977.951 0.13333334 2.0 2.0 2.0 2.0 0.0 0.16800001 1 TOUCH_UP k
1402551772964 6 4098 172.0 829.451 0.3 5.0 5.0 5.0 5.0 0.0 0.224 0 TOUCH_DOWN e
1402551773002 6 4098 172.7483 829.451 0.33333334 5.0 5.0 5.0 5.0 0.0 0.23200001 2 TOUCH_MOVE e
1402551773021 6 4098 174.30786 829.451 0.33333334 5.0 5.0 5.0 5.0 0.0 0.23200001 2 TOUCH_MOVE e
1402551773029 6 4098 175.25 829.451 0.33333334 5.0 5.0 5.0 5.0 0.0 0.22800002 2 TOUCH_MOVE e
1402551773060 6 4098 175.0 829.451 0.16666667 3.0 3.0 3.0 3.0 0.0 0.112 2 TOUCH_MOVE e
1402551773063 6 4098 175.0 829.451 0.16666667 3.0 3.0 3.0 3.0 0.0 0.112 1 TOUCH_UP e
1402551773143 6 4098 660.0 967.951 0.20000002 4.0 4.0 4.0 4.0 0.0 0.18800001 0 TOUCH_DOWN l
1402551773164 6 4098 660.0 967.951 0.20000002 4.0 4.0 4.0 4.0 0.0 0.192 2 TOUCH_MOVE l
1402551773196 6 4098 658.50366 967.951 0.20000002 4.0 4.0 4.0 4.0 0.0 0.19600001 2 TOUCH_MOVE l
1402551773213 6 4098 658.25 967.951 0.16666667 3.0 3.0 3.0 3.0 0.0 0.18800001 2 TOUCH_MOVE l
1402551773223 6 4098 658.25 967.951 0.16666667 3.0 3.0 3.0 3.0 0.0 0.18800001 1 TOUCH_UP l
1402551773462 6 4098 486.5 860.451 0.3 5.0 5.0 5.0 5.0 0.0 0.224 0 TOUCH_DOWN u
1402551773500 6 4098 484.7419 860.451 0.33333334 6.0 6.0 6.0 6.0 0.0 0.224 2 TOUCH_MOVE u
1402551773513 6 4098 483.2083 859.951 0.3 5.0 5.0 5.0 5.0 0.0 0.22000001 2 TOUCH_MOVE u
1402551773530 6 4098 482.75 859.951 0.26666668 5.0 5.0 5.0 5.0 0.0 0.216 2 TOUCH_MOVE u
1402551773551 6 4098 484.25952 859.951 0.23333335 4.0 4.0 4.0 4.0 0.0 0.19600001 2 TOUCH_MOVE u
1402551773553 6 4098 484.0 859.951 0.23333335 5.0 5.0 5.0 5.0 0.0 0.16800001 2 TOUCH_MOVE u
1402551773556 6 4098 484.0 859.951 0.23333335 5.0 5.0 5.0 5.0 0.0 0.16800001 1 TOUCH_UP u
1402551773623 6 4098 71.0 957.451 0.16666667 3.0 3.0 3.0 3.0 0.0 0.172 0 TOUCH_DOWN a
1402551773680 6 4098 71.0 957.451 0.13333334 2.0 2.0 2.0 2.0 0.0 0.16800001 2 TOUCH_MOVE a
1402551773697 6 4098 71.0 958.189 0.13333334 2.0 2.0 2.0 2.0 0.0 0.156 2 TOUCH_MOVE a
1402551773706 6 4098 71.0 958.189 0.13333334 2.0 2.0 2.0 2.0 0.0 0.156 1 TOUCH_UP a
1402551773959 6 4098 251.5 825.451 0.33333334 5.0 5.0 5.0 5.0 0.0 0.224 0 TOUCH_DOWN r
1402551773966 6 4098 251.5 825.451 0.33333334 5.0 5.0 5.0 5.0 0.0 0.22800002 2 TOUCH_MOVE r
1402551774030 6 4098 251.2094 827.404 0.33333334 5.0 5.0 5.0 5.0 0.0 0.216 2 TOUCH_MOVE r
1402551774047 6 4098 251.0 828.451 0.13333334 2.0 2.0 2.0 2.0 0.0 0.128 2 TOUCH_MOVE r
1402551774051 6 4098 251.0 828.451 0.13333334 2.0 2.0 2.0 2.0 0.0 0.128 1 TOUCH_UP r
1402551774267 6 4098 341.5 974.951 0.3 5.0 5.0 5.0 5.0 0.0 0.216 0 TOUCH_DOWN g
1402551774298 6 4098 341.5 974.951 0.33333334 5.0 5.0 5.0 5.0 0.0 0.23200001 2 TOUCH_MOVE g
1402551774330 6 4098 337.5587 974.36273 0.3 5.0 5.0 5.0 5.0 0.0 0.21200001 2 TOUCH_MOVE g
1402551774353 6 4098 327.0 970.951 0.20000002 4.0 4.0 4.0 4.0 0.0 0.17600001 2 TOUCH_MOVE g
1402551774357 6 4098 327.0 970.951 0.20000002 4.0 4.0 4.0 4.0 0.0 0.17600001 1 TOUCH_UP g
1402551774563 6 4098 47.5 972.951 0.16666667 3.0 3.0 3.0 3.0 0.0 0.164 0 TOUCH_DOWN a
1402551774568 6 4098 46.75 972.951 0.16666667 3.0 3.0 3.0 3.0 0.0 0.164 2 TOUCH_MOVE a
1402551774598 6 4098 46.079468 972.951 0.16666667 3.0 3.0 3.0 3.0 0.0 0.16800001 2 TOUCH_MOVE a
1402551774614 6 4098 46.0 972.951 0.16666667 3.0 3.0 3.0 3.0 0.0 0.16800001 2 TOUCH_MOVE a
1402551774619 6 4098 46.0 972.951 0.16666667 3.0 3.0 3.0 3.0 0.0 0.14400001 2 TOUCH_MOVE a
1402551774622 6 4098 46.0 972.951 0.16666667 3.0 3.0 3.0 3.0 0.0 0.14400001 1 TOUCH_UP a
1402551775023 6 4098 237.0 1215.4509 0.16666667 3.0 3.0 3.0 3.0 0.0 0.18800001 0 TOUCH_DOWN Space
1402551775033 6 4098 237.0 1215.4509 0.20000002 3.0 3.0 3.0 3.0 0.0 0.192 2 TOUCH_MOVE Space
1402551775087 6 4098 237.0 1215.9509 0.20000002 3.0 3.0 3.0 3.0 0.0 0.172 2 TOUCH_MOVE Space
1402551775090 6 4098 237.0 1215.9509 0.20000002 3.0 3.0 3.0 3.0 0.0 0.172 1 TOUCH_UP Space
1402551775255 6 4098 449.5 1103.4509 0.26666668 4.0 4.0 4.0 4.0 0.0 0.21200001 0 TOUCH_DOWN b
1402551775265 6 4098 449.5 1103.4509 0.3 5.0 5.0 5.0 5.0 0.0 0.21200001 2 TOUCH_MOVE b
1402551775342 6 4098 449.5 1103.4509 0.3 5.0 5.0 5.0 5.0 0.0 0.21200001 1 TOUCH_UP b
1402551775589 6 4098 459.0 871.451 0.33333334 5.0 5.0 5.0 5.0 0.0 0.224 0 TOUCH_DOWN u
1402551775599 6 4098 459.0 871.451 0.3 5.0 5.0 5.0 5.0 0.0 0.224 2 TOUCH_MOVE u
1402551775632 6 4098 455.66818 873.2828 0.3 5.0 5.0 5.0 5.0 0.0 0.22800002 2 TOUCH_MOVE u
1402551775648 6 4098 454.75 874.201 0.3 5.0 5.0 5.0 5.0 0.0 0.224 2 TOUCH_MOVE u
1402551775679 6 4098 455.5 873.951 0.23333335 4.0 4.0 4.0 4.0 0.0 0.164 2 TOUCH_MOVE u
1402551775682 6 4098 455.5 873.951 0.23333335 4.0 4.0 4.0 4.0 0.0 0.164 1 TOUCH_UP u
1402551775778 6 4098 201.0 948.451 0.33333334 5.0 5.0 5.0 5.0 0.0 0.216 0 TOUCH_DOWN d
1402551775802 6 4098 201.0 948.451 0.3 5.0 5.0 5.0 5.0 0.0 0.21200001 2 TOUCH_MOVE d
1402551775853 6 4098 201.0 948.451 0.3 5.0 5.0 5.0 5.0 0.0 0.21200001 1 TOUCH_UP d
1402551775926 6 4098 533.5 843.451 0.26666668 4.0 4.0 4.0 4.0 0.0 0.216 0 TOUCH_DOWN i
1402551775932 6 4098 533.5 843.451 0.3 5.0 5.0 5.0 5.0 0.0 0.21200001 2 TOUCH_MOVE i
1402551775995 6 4098 533.5 843.451 0.16666667 3.0 3.0 3.0 3.0 0.0 0.104 2 TOUCH_MOVE i
1402551776002 6 4098 533.5 843.451 0.16666667 3.0 3.0 3.0 3.0 0.0 0.104 1 TOUCH_UP i
