1402551406386 6 4098 562.0 831.951 0.33333334 5.0 5.0 5.0 5.0 0.0 0.216 0 TOUCH_DOWN I
1402551406398 6 4098 561.9504 831.951 0.33333334 5.0 5.0 5.0 5.0 0.0 0.22000001 2 TOUCH_MOVE I
1402551406413 6 4098 559.6439 831.37976 0.33333334 5.0 5.0 5.0 5.0 0.0 0.224 2 TOUCH_MOVE I
1402551406421 6 4098 556.0676 830.951 0.33333334 5.0 5.0 5.0 5.0 0.0 0.22800002 2 TOUCH_MOVE I
1402551406437 6 4098 554.5 830.951 0.33333334 5.0 5.0 5.0 5.0 0.0 0.224 2 TOUCH_MOVE I
1402551406473 6 4098 556.0 832.951 0.23333335 4.0 4.0 4.0 4.0 0.0 0.17600001 2 TOUCH_MOVE I
1402551406476 6 4098 556.0 832.951 0.23333335 4.0 4.0 4.0 4.0 0.0 0.17600001 1 TOUCH_UP I
1402551406723 6 4098 492.0 1100.9509 0.26666668 4.0 4.0 4.0 4.0 0.0 0.18400002 0 TOUCH_DOWN n
1402551406754 6 4098 492.0 1100.9509 0.26666668 4.0 4.0 4.0 4.0 0.0 0.192 2 TOUCH_MOVE n
1402551406771 6 4098 492.6013 1100.9509 0.3 5.0 5.0 5.0 5.0 0.0 0.192 2 TOUCH_MOVE n
1402551406800 6 4098 492.5 1100.4509 0.23333335 4.0 4.0 4.0 4.0 0.0 0.132 2 TOUCH_MOVE n
1402551406805 6 4098 492.5 1100.4509 0.23333335 4.0 4.0 4.0 4.0 0.0 0.132 1 TOUCH_UP n
1402551406974 6 4098 545.5 856.951 0.23333335 5.0 5.0 5.0 5.0 0.0 0.21200001 0 TOUCH_DOWN i
1402551406988 6 4098 545.5 856.951 0.26666668 5.0 5.0 5.0 5.0 0.0 0.216 2 TOUCH_MOVE i
1402551407007 6 4098 545.3803 856.3313 0.26666668 5.0 5.0 5.0 5.0 0.0 0.216 2 TOUCH_MOVE i
1402551407021 6 4098 545.0 855.32196 0.26666668 5.0 5.0 5.0 5.0 0.0 0.216 2 TOUCH_MOVE i
1402551407038 6 4098 545.5779 855.451 0.26666668 5.0 5.0 5.0 5.0 0.0 0.208 2 TOUCH_MOVE i
1402551407055 6 4098 551.597 856.1077 0.23333335 5.0 5.0 5.0 5.0 0.0 0.192 2 TOUCH_MOVE i
1402551407063 6 4098 554.0 857.451 0.23333335 4.0 4.0 4.0 4.0 0.0 0.17600001 2 TOUCH_MOVE i
1402551407067 6 4098 554.0 857.451 0.23333335 4.0 4.0 4.0 4.0 0.0 0.17600001 1 TOUCH_UP i
1402551408266 6 4098 216.5 1219.9509 0.26666668 5.0 5.0 5.0 5.0 0.0 0.18800001 0 TOUCH_DOWN Space
1402551408298 6 4098 216.5 1219.9509 0.26666668 5.0 5.0 5.0 5.0 0.0 0.18800001 1 TOUCH_UP Space
1402551408632 6 4098 439.5 1088.9509 0.26666668 5.0 5.0 5.0 5.0 0.0 0.2 0 TOUCH_DOWN b
1402551408673 6 4098 438.30365 1089.4509 0.26666668 5.0 5.0 5.0 5.0 0.0 0.2 2 TOUCH_MOVE b
1402551408690 6 4098 436.12762 1089.9509 0.23333335 4.0 4.0 4.0 4.0 0.0 0.2 2 TOUCH_MOVE b
1402551408703 6 4098 435.5 1089.9509 0.20000002 4.0 4.0 4.0 4.0 0.0 0.18400002 2 TOUCH_MOVE b
1402551408707 6 4098 435.5 1089.9509 0.20000002 4.0 4.0 4.0 4.0 0.0 0.18400002 1 TOUCH_UP b
1402551408956 6 4098 478.5 857.451 0.23333335 4.0 4.0 4.0 4.0 0.0 0.22000001 0 TOUCH_DOWN u
1402551408974 6 4098 478.5 857.451 0.26666668 5.0 5.0 5.0 5.0 0.0 0.22000001 2 TOUCH_MOVE u
1402551408990 6 4098 476.656 857.003 0.3 6.0 6.0 6.0 6.0 0.0 0.22000001 2 TOUCH_MOVE u
1402551409006 6 4098 474.52087 856.451 0.26666668 5.0 5.0 5.0 5.0 0.0 0.22000001 2 TOUCH_MOVE u
1402551409023 6 4098 474.96698 856.451 0.23333335 4.0 4.0 4.0 4.0 0.0 0.22000001 2 TOUCH_MOVE u
1402551409041 6 4098 478.0 855.451 0.16666667 3.0 3.0 3.0 3.0 0.0 0.112 2 TOUCH_MOVE u
1402551409047 6 4098 478.0 855.451 0.16666667 3.0 3.0 3.0 3.0 0.0 0.112 1 TOUCH_UP u
1402551409372 6 4098 218.0 974.451 0.26666668 5.0 5.0 5.0 5.0 0.0 0.2 0 TOUCH_DOWN d
1402551409407 6 4098 215.79897 974.451 0.26666668 5.0 5.0 5.0 5.0 0.0 0.20400001 2 TOUCH_MOVE d
1402551409425 6 4098 214.75 974.451 0.26666668 5.0 5.0 5.0 5.0 0.0 0.208 2 TOUCH_MOVE d
1402551409448 6 4098 214.75 974.451 0.26666668 5.0 5.0 5.0 5.0 0.0 0.208 1 TOUCH_UP d
1402551409579 6 4098 549.0 855.451 0.23333335 5.0 5.0 5.0 5.0 0.0 0.20400001 0 TOUCH_DOWN i
1402551409590 6 4098 549.0 855.451 0.23333335 5.0 5.0 5.0 5.0 0.0 0.21200001 2 TOUCH_MOVE i
1402551409610 6 4098 547.4501 855.451 0.26666668 5.0 5.0 5.0 5.0 0.0 0.21200001 2 TOUCH_MOVE i
1402551409625 6 4098 545.94934 855.451 0.26666668 5.0 5.0 5.0 5.0 0.0 0.21200001 2 TOUCH_MOVE i
1402551409657 6 4098 550.5294 854.86273 0.23333335 5.0 5.0 5.0 5.0 0.0 0.17600001 2 TOUCH_MOVE i
1402551409661 6 4098 550.5294 854.86273 0.23333335 5.0 5.0 5.0 5.0 0.0 0.17600001 1 TOUCH_UP i
1402551412161 6 4098 668.0 1222.9509 0.26666668 5.0 5.0 5.0 5.0 0.0 0.17600001 0 TOUCH_DOWN Enter
1402551412243 6 4098 668.54596 1222.9509 0.23333335 4.0 4.0 4.0 4.0 0.0 0.18 2 TOUCH_MOVE Enter
1402551412248 6 4098 668.54596 1222.9509 0.23333335 4.0 4.0 4.0 4.0 0.0 0.18 1 TOUCH_UP Enter
1402551412645 6 4098 552.5 858.451 0.23333335 5.0 5.0 5.0 5.0 0.0 0.208 0 TOUCH_DOWN I
1402551412668 6 4098 552.21295 858.451 0.23333335 5.0 5.0 5.0 5.0 0.0 0.21200001 2 TOUCH_MOVE I
1402551412677 6 4098 551.6252 858.451 0.23333335 5.0 5.0 5.0 5.0 0.0 0.216 2 TOUCH_MOVE I
1402551412694 6 4098 551.25 858.451 0.23333335 5.0 5.0 5.0 5.0 0.0 0.216 2 TOUCH_MOVE I
1402551412710 6 4098 550.62427 858.451 0.23333335 5.0 5.0 5.0 5.0 0.0 0.21200001 2 TOUCH_MOVE I
1402551412727 6 4098 550.9604 859.3717 0.23333335 5.0 5.0 5.0 5.0 0.0 0.208 2 TOUCH_MOVE I
1402551412739 6 4098 551.5 862.951 0.26666668 5.0 5.0 5.0 5.0 0.0 0.17600001 2 TOUCH_MOVE I
1402551412741 6 4098 551.5 862.951 0.26666668 5.0 5.0 5.0 5.0 0.0 0.17600001 1 TOUCH_UP I
1402551412951 6 4098 514.0 1110.9509 0.33333334 5.0 5.0 5.0 5.0 0.0 0.18400002 0 TOUCH_DOWN n
1402551412961 6 4098 514.0 1110.9509 0.33333334 5.0 5.0 5.0 5.0 0.0 0.18800001 2 TOUCH_MOVE n
1402551412978 6 4098 512.8381 1112.1129 0.3 5.0 5.0 5.0 5.0 0.0 0.18800001 2 TOUCH_MOVE n
1402551412994 6 4098 513.0 1111.3676 0.26666668 4.0 4.0 4.0 4.0 0.0 0.18400002 2 TOUCH_MOVE n
1402551413019 6 4098 513.0 1108.9509 0.16666667 3.0 3.0 3.0 3.0 0.0 0.15200001 2 TOUCH_MOVE n
1402551413024 6 4098 513.0 1108.9509 0.16666667 3.0 3.0 3.0 3.0 0.0 0.15200001 1 TOUCH_UP n
1402551413203 6 4098 542.5 845.451 0.26666668 5.0 5.0 5.0 5.0 0.0 0.21200001 0 TOUCH_DOWN i
1402551413244 6 4098 538.2901 845.451 0.3 5.0 5.0 5.0 5.0 0.0 0.216 2 TOUCH_MOVE i
1402551413260 6 4098 536.60913 845.451 0.3 5.0 5.0 5.0 5.0 0.0 0.216 2 TOUCH_MOVE i
1402551413278 6 4098 536.9666 845.451 0.26666668 5.0 5.0 5.0 5.0 0.0 0.21200001 2 TOUCH_MOVE i
1402551413291 6 4098 538.0 846.451 0.20000002 4.0 4.0 4.0 4.0 0.0 0.18400002 2 TOUCH_MOVE i
1402551413295 6 4098 538.0 846.451 0.20000002 4.0 4.0 4.0 4.0 0.0 0.18400002 1 TOUCH_UP i
1402551413893 6 4098 207.0 1214.9509 0.23333335 4.0 4.0 4.0 4.0 0.0 0.19600001 0 TOUCH_DOWN Space
1402551413911 6 4098 207.0 1214.9509 0.23333335 4.0 4.0 4.0 4.0 0.0 0.2 2 TOUCH_MOVE Space
1402551413971 6 4098 206.5 1214.9509 0.20000002 3.0 3.0 3.0 3.0 0.0 0.18 2 TOUCH_MOVE Space
1402551413975 6 4098 206.5 1214.9509 0.20000002 3.0 3.0 3.0 3.0 0.0 0.18 1 TOUCH_UP Space
1402551414226 6 4098 527.5 846.451 0.26666668 5.0 5.0 5.0 5.0 0.0 0.208 0 TOUCH_DOWN i
1402551414249 6 4098 527.5 846.451 0.3 5.0 5.0 5.0 5.0 0.0 0.21200001 2 TOUCH_MOVE i
1402551414298 6 4098 529.0 851.451 0.20000002 4.0 4.0 4.0 4.0 0.0 0.19600001 2 TOUCH_MOVE i
1402551414300 6 4098 529.0 851.451 0.16666667 3.0 3.0 3.0 3.0 0.0 0.172 2 TOUCH_MOVE i
1402551414307 6 4098 529.0 851.451 0.16666667 3.0 3.0 3.0 3.0 0.0 0.172 1 TOUCH_UP i
1402551414514 6 4098 444.0 1106.9509 0.33333334 5.0 5.0 5.0 5.0 0.0 0.18800001 0 TOUCH_DOWN b
1402551414528 6 4098 444.0 1106.9509 0.33333334 5.0 5.0 5.0 5.0 0.0 0.192 2 TOUCH_MOVE b
1402551414547 6 4098 443.4222 1107.4509 0.33333334 5.0 5.0 5.0 5.0 0.0 0.19600001 2 TOUCH_MOVE b
1402551414562 6 4098 441.71353 1106.1644 0.23333335 4.0 4.0 4.0 4.0 0.0 0.18400002 2 TOUCH_MOVE b
1402551414571 6 4098 442.0 1106.4509 0.23333335 4.0 4.0 4.0 4.0 0.0 0.132 2 TOUCH_MOVE b
1402551414574 6 4098 442.0 1106.4509 0.23333335 4.0 4.0 4.0 4.0 0.0 0.132 1 TOUCH_UP b
1402551414771 6 4098 448.0 854.951 0.23333335 5.0 5.0 5.0 5.0 0.0 0.208 0 TOUCH_DOWN u
1402551414780 6 4098 447.67188 854.951 0.23333335 5.0 5.0 5.0 5.0 0.0 0.21200001 2 TOUCH_MOVE u
1402551414817 6 4098 444.75 854.951 0.23333335 5.0 5.0 5.0 5.0 0.0 0.21200001 2 TOUCH_MOVE u
1402551414841 6 4098 450.5 856.951 0.20000002 4.0 4.0 4.0 4.0 0.0 0.18 2 TOUCH_MOVE u
1402551414847 6 4098 450.5 856.951 0.20000002 4.0 4.0 4.0 4.0 0.0 0.18 1 TOUCH_UP u
1402551415154 6 4098 193.0 1218.4509 0.20000002 3.0 3.0 3.0 3.0 0.0 0.18800001 0 TOUCH_DOWN Space
1402551415164 6 4098 193.0 1218.6196 0.20000002 3.0 3.0 3.0 3.0 0.0 0.192 2 TOUCH_MOVE Space
1402551415182 6 4098 193.87521 1219.1385 0.20000002 3.0 3.0 3.0 3.0 0.0 0.19600001 2 TOUCH_MOVE Space
1402551415199 6 4098 195.92656 1219.4509 0.23333335 4.0 4.0 4.0 4.0 0.0 0.19600001 2 TOUCH_MOVE Space
1402551415212 6 4098 196.71198 1219.9509 0.23333335 4.0 4.0 4.0 4.0 0.0 0.19600001 2 TOUCH_MOVE Space
1402551415252 6 4098 196.71198 1219.9509 0.23333335 4.0 4.0 4.0 4.0 0.0 0.19600001 1 TOUCH_UP Space
1402551415507 6 4098 423.5 1108.4509 0.26666668 5.0 5.0 5.0 5.0 0.0 0.18400002 0 TOUCH_DOWN b
1402551415530 6 4098 424.0077 1108.4509 0.3 5.0 5.0 5.0 5.0 0.0 0.192 2 TOUCH_MOVE b
1402551415547 6 4098 427.65 1107.9135 0.26666668 4.0 4.0 4.0 4.0 0.0 0.18800001 2 TOUCH_MOVE b
1402551415563 6 4098 430.6052 1106.8983 0.26666668 4.0 4.0 4.0 4.0 0.0 0.16000001 2 TOUCH_MOVE b
1402551415568 6 4098 430.6052 1106.8983 0.26666668 4.0 4.0 4.0 4.0 0.0 0.16000001 1 TOUCH_UP b
1402551415820 6 4098 467.0 857.951 0.23333335 4.0 4.0 4.0 4.0 0.0 0.21200001 0 TOUCH_DOWN u
1402551415829 6 4098 467.0 857.951 0.26666668 5.0 5.0 5.0 5.0 0.0 0.216 2 TOUCH_MOVE u
1402551415880 6 4098 465.65768 857.951 0.26666668 5.0 5.0 5.0 5.0 0.0 0.21200001 2 TOUCH_MOVE u
1402551415898 6 4098 465.25 857.951 0.26666668 5.0 5.0 5.0 5.0 0.0 0.21200001 2 TOUCH_MOVE u
1402551415909 6 4098 465.5 857.951 0.13333334 2.0 2.0 2.0 2.0 0.0 0.15200001 2 TOUCH_MOVE u
1402551415913 6 4098 465.5 857.951 0.13333334 2.0 2.0 2.0 2.0 0.0 0.15200001 1 TOUCH_UP u
1402551416040 6 4098 219.0 975.451 0.3 5.0 5.0 5.0 5.0 0.0 0.21200001 0 TOUCH_DOWN d
1402551416131 6 4098 217.9189 976.0321 0.26666668 5.0 5.0 5.0 5.0 0.0 0.18400002 2 TOUCH_MOVE d
1402551416134 6 4098 217.9189 976.0321 0.26666668 5.0 5.0 5.0 5.0 0.0 0.18400002 1 TOUCH_UP d
1402551416222 6 4098 544.5 844.951 0.26666668 5.0 5.0 5.0 5.0 0.0 0.2 0 TOUCH_DOWN i
1402551416236 6 4098 544.5 844.951 0.23333335 4.0 4.0 4.0 4.0 0.0 0.20400001 2 TOUCH_MOVE i
1402551416280 6 4098 545.6373 845.16345 0.26666668 5.0 5.0 5.0 5.0 0.0 0.20400001 2 TOUCH_MOVE i
1402551416297 6 4098 549.5 846.451 0.23333335 5.0 5.0 5.0 5.0 0.0 0.18 2 TOUCH_MOVE i
1402551416304 6 4098 549.5 846.451 0.16666667 3.0 3.0 3.0 3.0 0.0 0.1 2 TOUCH_MOVE i
1402551416307 6 4098 549.5 846.451 0.16666667 3.0 3.0 3.0 3.0 0.0 0.1 1 TOUCH_UP i
1402551417065 6 4098 668.0 1224.4509 0.26666668 5.0 5.0 5.0 5.0 0.0 0.18 0 TOUCH_DOWN Enter
1402551417114 6 4098 665.5146 1224.4509 0.23333335 4.0 4.0 4.0 4.0 0.0 0.18 2 TOUCH_MOVE Enter
1402551417131 6 4098 664.00507 1224.4509 0.23333335 4.0 4.0 4.0 4.0 0.0 0.18400002 2 TOUCH_MOVE Enter
1402551417148 6 4098 663.5 1224.9753 0.23333335 4.0 4.0 4.0 4.0 0.0 0.18 2 TOUCH_MOVE Enter
1402551417158 6 4098 663.5 1225.4509 0.26666668 5.0 5.0 5.0 5.0 0.0 0.164 2 TOUCH_MOVE Enter
1402551417163 6 4098 663.5 1225.4509 0.26666668 5.0 5.0 5.0 5.0 0.0 0.164 1 TOUCH_UP Enter
1402551417856 6 4098 547.0 822.451 0.3 5.0 5.0 5.0 5.0 0.0 0.216 0 TOUCH_DOWN I
1402551417884 6 4098 546.09045 822.451 0.3 5.0 5.0 5.0 5.0 0.0 0.216 2 TOUCH_MOVE I
1402551417898 6 4098 544.0628 822.451 0.3 5.0 5.0 5.0 5.0 0.0 0.216 2 TOUCH_MOVE I
1402551417915 6 4098 542.2646 822.6864 0.3 5.0 5.0 5.0 5.0 0.0 0.21200001 2 TOUCH_MOVE I
1402551417931 6 4098 540.5086 828.63635 0.26666668 4.0 4.0 4.0 4.0 0.0 0.2 2 TOUCH_MOVE I
1402551417938 6 4098 540.0 832.451 0.23333335 4.0 4.0 4.0 4.0 0.0 0.17600001 2 TOUCH_MOVE I
1402551417942 6 4098 540.0 832.451 0.23333335 4.0 4.0 4.0 4.0 0.0 0.17600001 1 TOUCH_UP I
1402551418167 6 4098 494.5 1099.4509 0.3 5.0 5.0 5.0 5.0 0.0 0.18400002 0 TOUCH_DOWN n
1402551418193 6 4098 496.453 1099.4509 0.3 5.0 5.0 5.0 5.0 0.0 0.192 2 TOUCH_MOVE n
1402551418199 6 4098 498.98438 1095.9769 0.26666668 5.0 5.0 5.0 5.0 0.0 0.18400002 2 TOUCH_MOVE n
1402551418209 6 4098 501.5 1091.4509 0.20000002 4.0 4.0 4.0 4.0 0.0 0.148 2 TOUCH_MOVE n
1402551418213 6 4098 501.5 1091.4509 0.20000002 4.0 4.0 4.0 4.0 0.0 0.148 1 TOUCH_UP n
1402551418406 6 4098 535.5 832.451 0.33333334 5.0 5.0 5.0 5.0 0.0 0.21200001 0 TOUCH_DOWN i
1402551418417 6 4098 535.5 832.451 0.33333334 5.0 5.0 5.0 5.0 0.0 0.216 2 TOUCH_MOVE i
1402551418468 6 4098 537.7342 833.19574 0.3 5.0 5.0 5.0 5.0 0.0 0.208 2 TOUCH_MOVE i
1402551418482 6 4098 541.0 834.451 0.3 5.0 5.0 5.0 5.0 0.0 0.18800001 2 TOUCH_MOVE i
1402551418488 6 4098 541.0 834.451 0.16666667 3.0 3.0 3.0 3.0 0.0 0.116000004 2 TOUCH_MOVE i
1402551418492 6 4098 541.0 834.451 0.16666667 3.0 3.0 3.0 3.0 0.0 0.116000004 1 TOUCH_UP i
1402551420193 6 4098 189.0 1205.9509 0.13333334 2.0 2.0 2.0 2.0 0.0 0.15200001 0 TOUCH_DOWN Space
1402551420219 6 4098 189.0 1205.9509 0.13333334 2.0 2.0 2.0 2.0 0.0 0.17600001 2 TOUCH_MOVE Space
1402551420334 6 4098 189.0 1205.9509 0.13333334 2.0 2.0 2.0 2.0 0.0 0.17600001 1 TOUCH_UP Space
1402551420665 6 4098 62.0 979.451 0.20000002 3.0 3.0 3.0 3.0 0.0 0.18 0 TOUCH_DOWN a
1402551420718 6 4098 62.0 978.89355 0.20000002 3.0 3.0 3.0 3.0 0.0 0.18400002 2 TOUCH_MOVE a
1402551420743 6 4098 62.0 978.89355 0.20000002 3.0 3.0 3.0 3.0 0.0 0.18400002 1 TOUCH_UP a
1402551420975 6 4098 406.5 854.951 0.26666668 5.0 5.0 5.0 5.0 0.0 0.216 0 TOUCH_DOWN y
1402551420985 6 4098 406.5 854.951 0.26666668 5.0 5.0 5.0 5.0 0.0 0.22000001 2 TOUCH_MOVE y
1402551421018 6 4098 405.3723 854.951 0.33333334 6.0 6.0 6.0 6.0 0.0 0.224 2 TOUCH_MOVE y
1402551421034 6 4098 404.93143 854.38245 0.26666668 5.0 5.0 5.0 5.0 0.0 0.22000001 2 TOUCH_MOVE y
1402551421051 6 4098 405.5721 854.451 0.23333335 4.0 4.0 4.0 4.0 0.0 0.21200001 2 TOUCH_MOVE y
1402551421068 6 4098 406.6729 855.0375 0.23333335 5.0 5.0 5.0 5.0 0.0 0.19600001 2 TOUCH_MOVE y
1402551421076 6 4098 406.5 854.951 0.13333334 2.0 2.0 2.0 2.0 0.0 0.136 2 TOUCH_MOVE y
1402551421079 6 4098 406.5 854.951 0.13333334 2.0 2.0 2.0 2.0 0.0 0.136 1 TOUCH_UP y
1402551421113 6 4098 45.0 983.451 0.20000002 3.0 3.0 3.0 3.0 0.0 0.164 0 TOUCH_DOWN a
1402551421135 6 4098 45.0 983.451 0.20000002 3.0 3.0 3.0 3.0 0.0 0.18 2 TOUCH_MOVE a
1402551421186 6 4098 45.0 984.0319 0.20000002 3.0 3.0 3.0 3.0 0.0 0.17600001 2 TOUCH_MOVE a
1402551421193 6 4098 45.0 984.0319 0.20000002 3.0 3.0 3.0 3.0 0.0 0.17600001 1 TOUCH_UP a
1402551421387 6 4098 439.0 974.451 0.23333335 5.0 5.0 5.0 5.0 0.0 0.18800001 0 TOUCH_DOWN h
1402551421436 6 4098 440.54202 974.972 0.26666668 5.0 5.0 5.0 5.0 0.0 0.18400002 2 TOUCH_MOVE h
1402551421452 6 4098 440.5 975.451 0.23333335 4.0 4.0 4.0 4.0 0.0 0.17600001 2 TOUCH_MOVE h
1402551421456 6 4098 440.5 975.451 0.23333335 4.0 4.0 4.0 4.0 0.0 0.17600001 1 TOUCH_UP h
1402551421993 6 4098 196.0 1226.4509 0.20000002 3.0 3.0 3.0 3.0 0.0 0.192 0 TOUCH_DOWN Space
1402551422075 6 4098 196.0 1226.4509 0.20000002 3.0 3.0 3.0 3.0 0.0 0.192 1 TOUCH_UP Space
1402551422308 6 4098 442.0 1086.4509 0.23333335 5.0 5.0 5.0 5.0 0.0 0.18800001 0 TOUCH_DOWN b
1402551422353 6 4098 442.0 1086.4509 0.20000002 4.0 4.0 4.0 4.0 0.0 0.17600001 2 TOUCH_MOVE b
1402551422358 6 4098 442.0 1086.4509 0.20000002 4.0 4.0 4.0 4.0 0.0 0.17600001 1 TOUCH_UP b
1402551422572 6 4098 453.5 835.951 0.3 5.0 5.0 5.0 5.0 0.0 0.21200001 0 TOUCH_DOWN u
1402551422619 6 4098 453.5 836.4724 0.26666668 4.0 4.0 4.0 4.0 0.0 0.21200001 2 TOUCH_MOVE u
1402551422636 6 4098 455.93433 838.8853 0.23333335 4.0 4.0 4.0 4.0 0.0 0.19600001 2 TOUCH_MOVE u
1402551422648 6 4098 455.5 838.451 0.13333334 2.0 2.0 2.0 2.0 0.0 0.136 2 TOUCH_MOVE u
1402551422652 6 4098 455.5 838.451 0.13333334 2.0 2.0 2.0 2.0 0.0 0.136 1 TOUCH_UP u
1402551422808 6 4098 199.0 973.451 0.26666668 5.0 5.0 5.0 5.0 0.0 0.208 0 TOUCH_DOWN d
1402551422819 6 4098 199.0 973.451 0.23333335 4.0 4.0 4.0 4.0 0.0 0.21200001 2 TOUCH_MOVE d
1402551422857 6 4098 198.5 975.2928 0.26666668 4.0 4.0 4.0 4.0 0.0 0.21200001 2 TOUCH_MOVE d
1402551422870 6 4098 198.0 976.3151 0.23333335 4.0 4.0 4.0 4.0 0.0 0.20400001 2 TOUCH_MOVE d
1402551422882 6 4098 198.0 976.951 0.13333334 2.0 2.0 2.0 2.0 0.0 0.14400001 2 TOUCH_MOVE d
1402551422887 6 4098 198.0 976.951 0.13333334 2.0 2.0 2.0 2.0 0.0 0.14400001 1 TOUCH_UP d
1402551422964 6 4098 535.0 842.951 0.26666668 4.0 4.0 4.0 4.0 0.0 0.208 0 TOUCH_DOWN i
1402551422987 6 4098 535.0 842.951 0.3 5.0 5.0 5.0 5.0 0.0 0.208 2 TOUCH_MOVE i
1402551423038 6 4098 535.5024 842.951 0.3 5.0 5.0 5.0 5.0 0.0 0.208 2 TOUCH_MOVE i
1402551423055 6 4098 537.43884 843.4204 0.26666668 5.0 5.0 5.0 5.0 0.0 0.2 2 TOUCH_MOVE i
1402551423063 6 4098 537.5 843.451 0.23333335 5.0 5.0 5.0 5.0 0.0 0.16000001 2 TOUCH_MOVE i
1402551423067 6 4098 537.5 843.451 0.23333335 5.0 5.0 5.0 5.0 0.0 0.16000001 1 TOUCH_UP i
1402551423968 6 4098 698.0 1212.4509 0.16666667 3.0 3.0 3.0 3.0 0.0 0.156 0 TOUCH_DOWN Enter
1402551423987 6 4098 698.0 1212.4509 0.16666667 3.0 3.0 3.0 3.0 0.0 0.148 2 TOUCH_MOVE Enter
1402551424035 6 4098 698.0 1212.4509 0.16666667 3.0 3.0 3.0 3.0 0.0 0.148 1 TOUCH_UP Enter
1402551424699 6 4098 559.0 858.951 0.23333335 5.0 5.0 5.0 5.0 0.0 0.20400001 0 TOUCH_DOWN I
1402551424729 6 4098 558.27466 858.951 0.23333335 5.0 5.0 5.0 5.0 0.0 0.20400001 2 TOUCH_MOVE I
1402551424738 6 4098 556.2447 858.32336 0.23333335 5.0 5.0 5.0 5.0 0.0 0.20400001 2 TOUCH_MOVE I
1402551424755 6 4098 553.7046 857.951 0.23333335 5.0 5.0 5.0 5.0 0.0 0.20400001 2 TOUCH_MOVE I
1402551424772 6 4098 552.6796 857.951 0.23333335 5.0 5.0 5.0 5.0 0.0 0.192 2 TOUCH_MOVE I
1402551424787 6 4098 552.0 857.951 0.20000002 4.0 4.0 4.0 4.0 0.0 0.18400002 2 TOUCH_MOVE I
1402551424792 6 4098 552.0 857.951 0.20000002 4.0 4.0 4.0 4.0 0.0 0.18400002 1 TOUCH_UP I
1402551425000 6 4098 310.5 834.951 0.33333334 5.0 5.0 5.0 5.0 0.0 0.22800002 0 TOUCH_DOWN t
1402551425006 6 4098 310.5 834.951 0.33333334 5.0 5.0 5.0 5.0 0.0 0.23200001 2 TOUCH_MOVE t
1402551425086 6 4098 310.5 834.951 0.33333334 5.0 5.0 5.0 5.0 0.0 0.23200001 1 TOUCH_UP t
1402551425196 6 4098 490.5 835.951 0.3 5.0 5.0 5.0 5.0 0.0 0.216 0 TOUCH_DOWN u
1402551425272 6 4098 490.5 835.951 0.23333335 4.0 4.0 4.0 4.0 0.0 0.16800001 2 TOUCH_MOVE u
1402551425276 6 4098 490.5 835.951 0.23333335 4.0 4.0 4.0 4.0 0.0 0.16800001 1 TOUCH_UP u
1402551425744 6 4098 238.0 1192.4509 0.20000002 4.0 4.0 4.0 4.0 0.0 0.192 0 TOUCH_DOWN Space
1402551425756 6 4098 238.0 1192.4509 0.20000002 4.0 4.0 4.0 4.0 0.0 0.19600001 2 TOUCH_MOVE Space
1402551425789 6 4098 236.87607 1192.4509 0.16666667 3.0 3.0 3.0 3.0 0.0 0.19600001 2 TOUCH_MOVE Space
1402551425806 6 4098 236.25 1192.4509 0.16666667 3.0 3.0 3.0 3.0 0.0 0.19600001 2 TOUCH_MOVE Space
1402551425822 6 4098 233.5 1192.4509 0.20000002 4.0 4.0 4.0 4.0 0.0 0.17600001 2 TOUCH_MOVE Space
1402551425826 6 4098 233.5 1192.4509 0.20000002 4.0 4.0 4.0 4.0 0.0 0.17600001 1 TOUCH_UP Space
1402551426087 6 4098 136.5 957.951 0.20000002 3.0 3.0 3.0 3.0 0.0 0.19600001 0 TOUCH_DOWN s
1402551426108 6 4098 136.5 957.951 0.26666668 4.0 4.0 4.0 4.0 0.0 0.19600001 2 TOUCH_MOVE s
1402551426172 6 4098 137.75 957.951 0.23333335 4.0 4.0 4.0 4.0 0.0 0.18400002 2 TOUCH_MOVE s
1402551426179 6 4098 137.75 957.951 0.23333335 4.0 4.0 4.0 4.0 0.0 0.18400002 1 TOUCH_UP s
1402551426332 6 4098 175.0 834.451 0.33333334 5.0 5.0 5.0 5.0 0.0 0.224 0 TOUCH_DOWN e
1402551426340 6 4098 175.0 834.451 0.33333334 5.0 5.0 5.0 5.0 0.0 0.22800002 2 TOUCH_MOVE e
1402551426405 6 4098 174.5 834.451 0.33333334 5.0 5.0 5.0 5.0 0.0 0.18400002 2 TOUCH_MOVE e
1402551426409 6 4098 174.5 834.451 0.33333334 5.0 5.0 5.0 5.0 0.0 0.18400002 1 TOUCH_UP e
1402551426561 6 4098 601.5 1084.4509 0.20000002 4.0 4.0 4.0 4.0 0.0 0.18800001 0 TOUCH_DOWN m
1402551426626 6 4098 599.75 1084.4509 0.20000002 4.0 4.0 4.0 4.0 0.0 0.18400002 2 TOUCH_MOVE m
1402551426635 6 4098 600.0 1084.4509 0.13333334 2.0 2.0 2.0 2.0 0.0 0.156 2 TOUCH_MOVE m
1402551426638 6 4098 600.0 1084.4509 0.13333334 2.0 2.0 2.0 2.0 0.0 0.156 1 TOUCH_UP m
1402551426879 6 4098 491.0 854.451 0.23333335 5.0 5.0 5.0 5.0 0.0 0.216 0 TOUCH_DOWN u
1402551426892 6 4098 491.0 854.451 0.26666668 5.0 5.0 5.0 5.0 0.0 0.216 2 TOUCH_MOVE u
1402551426925 6 4098 489.75 853.951 0.26666668 5.0 5.0 5.0 5.0 0.0 0.216 2 TOUCH_MOVE u
1402551426952 6 4098 490.0 853.951 0.23333335 5.0 5.0 5.0 5.0 0.0 0.18 2 TOUCH_MOVE u
1402551426956 6 4098 490.0 853.951 0.23333335 5.0 5.0 5.0 5.0 0.0 0.18 1 TOUCH_UP u
1402551426992 6 4098 55.0 967.951 0.16666667 3.0 3.0 3.0 3.0 0.0 0.17600001 0 TOUCH_DOWN a
1402551427007 6 4098 55.0 967.951 0.16666667 3.0 3.0 3.0 3.0 0.0 0.18 2 TOUCH_MOVE a
1402551427023 6 4098 55.792156 967.951 0.16666667 3.0 3.0 3.0 3.0 0.0 0.18400002 2 TOUCH_MOVE a
1402551427040 6 4098 56.25 967.951 0.16666667 3.0 3.0 3.0 3.0 0.0 0.18400002 2 TOUCH_MOVE a
1402551427057 6 4098 56.822838 967.951 0.16666667 3.0 3.0 3.0 3.0 0.0 0.18400002 2 TOUCH_MOVE a
1402551427073 6 4098 56.58039 967.951 0.16666667 3.0 3.0 3.0 3.0 0.0 0.18400002 2 TOUCH_MOVE a
1402551427087 6 4098 56.5 967.951 0.16666667 3.0 3.0 3.0 3.0 0.0 0.156 2 TOUCH_MOVE a
1402551427090 6 4098 56.5 967.951 0.16666667 3.0 3.0 3.0 3.0 0.0 0.156 1 TOUCH_UP a
1402551428197 6 4098 441.0 1223.4509 0.26666668 5.0 5.0 5.0 5.0 0.0 0.192 0 TOUCH_DOWN ,
1402551428213 6 4098 441.0 1223.4509 0.26666668 5.0 5.0 5.0 5.0 0.0 0.19600001 2 TOUCH_MOVE ,
1402551428254 6 4098 441.5 1223.4509 0.26666668 5.0 5.0 5.0 5.0 0.0 0.18800001 2 TOUCH_MOVE ,
1402551428257 6 4098 441.5 1223.4509 0.26666668 5.0 5.0 5.0 5.0 0.0 0.18800001 1 TOUCH_UP ,
1402551429609 6 4098 222.0 1190.4509 0.23333335 5.0 5.0 5.0 5.0 0.0 0.18800001 0 TOUCH_DOWN Space
1402551429613 6 4098 222.0 1190.4509 0.26666668 5.0 5.0 5.0 5.0 0.0 0.19600001 2 TOUCH_MOVE Space
1402551429628 6 4098 221.24687 1190.4509 0.3 5.0 5.0 5.0 5.0 0.0 0.2 2 TOUCH_MOVE Space
1402551429644 6 4098 220.22914 1190.4509 0.3 5.0 5.0 5.0 5.0 0.0 0.208 2 TOUCH_MOVE Space
1402551429659 6 4098 219.21234 1190.4509 0.3 5.0 5.0 5.0 5.0 0.0 0.208 2 TOUCH_MOVE Space
1402551429676 6 4098 218.19597 1190.4509 0.3 5.0 5.0 5.0 5.0 0.0 0.208 2 TOUCH_MOVE Space
1402551429693 6 4098 217.18184 1190.4509 0.26666668 5.0 5.0 5.0 5.0 0.0 0.19600001 2 TOUCH_MOVE Space
1402551429698 6 4098 217.0 1190.4509 0.23333335 5.0 5.0 5.0 5.0 0.0 0.17600001 2 TOUCH_MOVE Space
1402551429701 6 4098 217.0 1190.4509 0.23333335 5.0 5.0 5.0 5.0 0.0 0.17600001 1 TOUCH_UP Space
1402551430094 6 4098 578.0 987.451 0.26666668 4.0 4.0 4.0 4.0 0.0 0.2 0 TOUCH_DOWN k
1402551430177 6 4098 581.0 987.451 0.3 5.0 5.0 5.0 5.0 0.0 0.18800001 2 TOUCH_MOVE k
1402551430182 6 4098 581.0 987.451 0.16666667 3.0 3.0 3.0 3.0 0.0 0.124000005 2 TOUCH_MOVE k
1402551430187 6 4098 581.0 987.451 0.16666667 3.0 3.0 3.0 3.0 0.0 0.124000005 1 TOUCH_UP k
1402551430882 6 4098 165.5 839.451 0.3 5.0 5.0 5.0 5.0 0.0 0.216 0 TOUCH_DOWN e
1402551430895 6 4098 165.5 839.451 0.3 5.0 5.0 5.0 5.0 0.0 0.22000001 2 TOUCH_MOVE e
1402551430945 6 4098 164.90291 839.451 0.3 5.0 5.0 5.0 5.0 0.0 0.22000001 2 TOUCH_MOVE e
1402551430960 6 4098 165.0 839.451 0.23333335 4.0 4.0 4.0 4.0 0.0 0.16000001 2 TOUCH_MOVE e
1402551430965 6 4098 165.0 839.451 0.23333335 4.0 4.0 4.0 4.0 0.0 0.16000001 1 TOUCH_UP e
1402551431102 6 4098 661.5 967.451 0.23333335 5.0 5.0 5.0 5.0 0.0 0.18800001 0 TOUCH_DOWN l
1402551431160 6 4098 660.75 967.451 0.20000002 4.0 4.0 4.0 4.0 0.0 0.18800001 2 TOUCH_MOVE l
1402551431207 6 4098 660.75 967.451 0.20000002 4.0 4.0 4.0 4.0 0.0 0.18800001 1 TOUCH_UP l
1402551431443 6 4098 485.5 836.451 0.3 5.0 5.0 5.0 5.0 0.0 0.22000001 0 TOUCH_DOWN u
1402551431478 6 4098 484.8754 836.451 0.3 5.0 5.0 5.0 5.0 0.0 0.22000001 2 TOUCH_MOVE u
1402551431495 6 4098 484.48502 836.451 0.3 5.0 5.0 5.0 5.0 0.0 0.216 2 TOUCH_MOVE u
1402551431529 6 4098 485.5 836.451 0.23333335 4.0 4.0 4.0 4.0 0.0 0.16800001 2 TOUCH_MOVE u
1402551431532 6 4098 485.5 836.451 0.23333335 4.0 4.0 4.0 4.0 0.0 0.16800001 1 TOUCH_UP u
1402551431589 6 4098 64.5 959.951 0.16666667 3.0 3.0 3.0 3.0 0.0 0.16800001 0 TOUCH_DOWN a
1402551431595 6 4098 64.5 959.951 0.20000002 3.0 3.0 3.0 3.0 0.0 0.16800001 2 TOUCH_MOVE a
1402551431613 6 4098 62.378063 959.32904 0.23333335 4.0 4.0 4.0 4.0 0.0 0.18800001 2 TOUCH_MOVE a
1402551431628 6 4098 62.0 957.65027 0.23333335 4.0 4.0 4.0 4.0 0.0 0.18800001 2 TOUCH_MOVE a
1402551431645 6 4098 62.0 956.2666 0.23333335 4.0 4.0 4.0 4.0 0.0 0.18800001 2 TOUCH_MOVE a
1402551431661 6 4098 61.5 955.2146 0.23333335 4.0 4.0 4.0 4.0 0.0 0.18400002 2 TOUCH_MOVE a
1402551431681 6 4098 61.5 955.2146 0.23333335 4.0 4.0 4.0 4.0 0.0 0.18400002 1 TOUCH_UP a
1402551431901 6 4098 260.5 829.951 0.33333334 5.0 5.0 5.0 5.0 0.0 0.22800002 0 TOUCH_DOWN r
1402551431928 6 4098 260.93454 829.951 0.33333334 5.0 5.0 5.0 5.0 0.0 0.23200001 2 TOUCH_MOVE r
1402551431945 6 4098 261.25 829.951 0.33333334 5.0 5.0 5.0 5.0 0.0 0.23200001 2 TOUCH_MOVE r
1402551431962 6 4098 261.0 831.8466 0.33333334 5.0 5.0 5.0 5.0 0.0 0.216 2 TOUCH_MOVE r
1402551431973 6 4098 261.0 831.951 0.16666667 3.0 3.0 3.0 3.0 0.0 0.112 2 TOUCH_MOVE r
1402551431977 6 4098 261.0 831.951 0.16666667 3.0 3.0 3.0 3.0 0.0 0.112 1 TOUCH_UP r
1402551433066 6 4098 335.5 955.451 0.33333334 5.0 5.0 5.0 5.0 0.0 0.22000001 0 TOUCH_DOWN g
1402551433079 6 4098 335.5 955.451 0.3 5.0 5.0 5.0 5.0 0.0 0.224 2 TOUCH_MOVE g
1402551433097 6 4098 334.75684 955.451 0.33333334 5.0 5.0 5.0 5.0 0.0 0.22800002 2 TOUCH_MOVE g
1402551433130 6 4098 333.92197 956.52905 0.3 5.0 5.0 5.0 5.0 0.0 0.21200001 2 TOUCH_MOVE g
1402551433146 6 4098 332.5 956.951 0.16666667 3.0 3.0 3.0 3.0 0.0 0.124000005 2 TOUCH_MOVE g
1402551433156 6 4098 332.5 956.951 0.16666667 3.0 3.0 3.0 3.0 0.0 0.124000005 1 TOUCH_UP g
1402551433354 6 4098 46.5 967.451 0.16666667 3.0 3.0 3.0 3.0 0.0 0.17600001 0 TOUCH_DOWN a
1402551433363 6 4098 46.5 967.451 0.16666667 3.0 3.0 3.0 3.0 0.0 0.18 2 TOUCH_MOVE a
1402551433414 6 4098 48.25 967.451 0.16666667 3.0 3.0 3.0 3.0 0.0 0.18 2 TOUCH_MOVE a
1402551433437 6 4098 48.25 967.451 0.16666667 3.0 3.0 3.0 3.0 0.0 0.18 1 TOUCH_UP a
1402551433895 6 4098 260.5 1199.4509 0.23333335 4.0 4.0 4.0 4.0 0.0 0.19600001 0 TOUCH_DOWN Space
1402551433914 6 4098 260.5 1200.2659 0.23333335 4.0 4.0 4.0 4.0 0.0 0.2 2 TOUCH_MOVE Space
1402551433930 6 4098 260.5 1201.2803 0.23333335 4.0 4.0 4.0 4.0 0.0 0.2 2 TOUCH_MOVE Space
1402551433947 6 4098 260.5 1202.2009 0.23333335 4.0 4.0 4.0 4.0 0.0 0.2 2 TOUCH_MOVE Space
1402551433960 6 4098 257.5 1202.4509 0.13333334 2.0 2.0 2.0 2.0 0.0 0.17600001 2 TOUCH_MOVE Space
1402551433963 6 4098 257.5 1202.4509 0.13333334 2.0 2.0 2.0 2.0 0.0 0.17600001 1 TOUCH_UP Space
1402551434138 6 4098 449.5 1083.9509 0.23333335 5.0 5.0 5.0 5.0 0.0 0.19600001 0 TOUCH_DOWN b
1402551434165 6 4098 449.5 1084.5731 0.23333335 5.0 5.0 5.0 5.0 0.0 0.2 2 TOUCH_MOVE b
1402551434180 6 4098 448.75995 1084.4509 0.23333335 5.0 5.0 5.0 5.0 0.0 0.2 2 TOUCH_MOVE b
1402551434212 6 4098 448.75995 1084.4509 0.23333335 5.0 5.0 5.0 5.0 0.0 0.2 1 TOUCH_UP b
1402551434416 6 4098 464.0 855.451 0.26666668 5.0 5.0 5.0 5.0 0.0 0.22000001 0 TOUCH_DOWN u
1402551434500 6 4098 466.93512 854.5922 0.26666668 5.0 5.0 5.0 5.0 0.0 0.216 2 TOUCH_MOVE u
1402551434514 6 4098 475.5 854.451 0.20000002 4.0 4.0 4.0 4.0 0.0 0.192 2 TOUCH_MOVE u
1402551434519 6 4098 475.5 854.451 0.23333335 5.0 5.0 5.0 5.0 0.0 0.132 2 TOUCH_MOVE u
1402551434522 6 4098 475.5 854.451 0.23333335 5.0 5.0 5.0 5.0 0.0 0.132 1 TOUCH_UP u
1402551434807 6 4098 221.0 978.951 0.3 5.0 5.0 5.0 5.0 0.0 0.22000001 0 TOUCH_DOWN d
1402551434890 6 4098 221.0 978.951 0.3 5.0 5.0 5.0 5.0 0.0 0.22000001 1 TOUCH_UP d
1402551434958 6 4098 560.5 846.951 0.26666668 5.0 5.0 5.0 5.0 0.0 0.20400001 0 TOUCH_DOWN i
1402551434981 6 4098 560.5 846.951 0.23333335 4.0 4.0 4.0 4.0 0.0 0.20400001 2 TOUCH_MOVE i
1402551435014 6 4098 559.25 846.951 0.26666668 5.0 5.0 5.0 5.0 0.0 0.20400001 2 TOUCH_MOVE i
1402551435036 6 4098 559.5 846.951 0.23333335 4.0 4.0 4.0 4.0 0.0 0.18 2 TOUCH_MOVE i
1402551435039 6 4098 559.5 846.951 0.23333335 4.0 4.0 4.0 4.0 0.0 0.18 1 TOUCH_UP i
