1400749275836 6 4098 125.5 869.451 0.26666668 4.0 4.0 4.0 4.0 0.0 0.2 0 TOUCH_DOWN W
1400749275856 6 4098 125.5 869.451 0.26666668 4.0 4.0 4.0 4.0 0.0 0.216 2 TOUCH_MOVE W
1400749275872 6 4098 125.5 869.9666 0.26666668 4.0 4.0 4.0 4.0 0.0 0.23600002 2 TOUCH_MOVE W
1400749275888 6 4098 125.5 870.701 0.26666668 4.0 4.0 4.0 4.0 0.0 0.23600002 2 TOUCH_MOVE W
1400749275905 6 4098 125.5 871.08954 0.26666668 4.0 4.0 4.0 4.0 0.0 0.23600002 2 TOUCH_MOVE W
1400749275942 6 4098 125.5 870.951 0.26666668 4.0 4.0 4.0 4.0 0.0 0.21200001 2 TOUCH_MOVE W
1400749275946 6 4098 125.5 870.951 0.26666668 4.0 4.0 4.0 4.0 0.0 0.21200001 1 TOUCH_UP W
1400749276046 6 4098 196.5 852.451 0.26666668 5.0 5.0 5.0 5.0 0.0 0.23200001 0 TOUCH_DOWN e
1400749276057 6 4098 196.67052 852.451 0.26666668 5.0 5.0 5.0 5.0 0.0 0.24000001 2 TOUCH_MOVE e
1400749276072 6 4098 198.89574 852.451 0.26666668 5.0 5.0 5.0 5.0 0.0 0.24800001 2 TOUCH_MOVE e
1400749276088 6 4098 202.91321 852.451 0.26666668 5.0 5.0 5.0 5.0 0.0 0.24800001 2 TOUCH_MOVE e
1400749276105 6 4098 206.19768 853.0169 0.26666668 5.0 5.0 5.0 5.0 0.0 0.23600002 2 TOUCH_MOVE e
1400749276122 6 4098 208.0618 853.9819 0.23333335 5.0 5.0 5.0 5.0 0.0 0.19600001 2 TOUCH_MOVE e
1400749276141 6 4098 208.5 854.451 0.23333335 5.0 5.0 5.0 5.0 0.0 0.148 2 TOUCH_MOVE e
1400749276146 6 4098 208.5 854.451 0.23333335 5.0 5.0 5.0 5.0 0.0 0.148 1 TOUCH_UP e
1400749276743 6 4098 264.0 1188.4509 0.23333335 4.0 4.0 4.0 4.0 0.0 0.21200001 0 TOUCH_DOWN Space
1400749276756 6 4098 264.0 1188.4509 0.26666668 5.0 5.0 5.0 5.0 0.0 0.224 2 TOUCH_MOVE Space
1400749276772 6 4098 264.55322 1188.4509 0.26666668 5.0 5.0 5.0 5.0 0.0 0.23600002 2 TOUCH_MOVE Space
1400749276789 6 4098 265.62262 1188.4509 0.26666668 5.0 5.0 5.0 5.0 0.0 0.23600002 2 TOUCH_MOVE Space
1400749276818 6 4098 266.5 1188.367 0.26666668 5.0 5.0 5.0 5.0 0.0 0.23200001 2 TOUCH_MOVE Space
1400749276824 6 4098 266.5 1187.9509 0.26666668 5.0 5.0 5.0 5.0 0.0 0.2 2 TOUCH_MOVE Space
1400749276845 6 4098 266.5 1187.9509 0.26666668 5.0 5.0 5.0 5.0 0.0 0.2 1 TOUCH_UP Space
1400749277024 6 4098 72.5 999.451 0.23333335 5.0 5.0 5.0 5.0 0.0 0.2 0 TOUCH_DOWN a
1400749277046 6 4098 72.5 999.451 0.23333335 5.0 5.0 5.0 5.0 0.0 0.208 2 TOUCH_MOVE a
1400749277073 6 4098 72.5 998.4445 0.23333335 4.0 4.0 4.0 4.0 0.0 0.21200001 2 TOUCH_MOVE a
1400749277089 6 4098 71.52766 994.03394 0.23333335 4.0 4.0 4.0 4.0 0.0 0.208 2 TOUCH_MOVE a
1400749277106 6 4098 71.5 993.951 0.13333334 2.0 2.0 2.0 2.0 0.0 0.104 2 TOUCH_MOVE a
1400749277115 6 4098 71.5 993.951 0.13333334 2.0 2.0 2.0 2.0 0.0 0.104 1 TOUCH_UP a
1400749277367 6 4098 247.5 852.451 0.23333335 4.0 4.0 4.0 4.0 0.0 0.216 0 TOUCH_DOWN r
1400749277386 6 4098 247.5 852.451 0.26666668 5.0 5.0 5.0 5.0 0.0 0.23600002 2 TOUCH_MOVE r
1400749277412 6 4098 249.12607 851.63794 0.3 5.0 5.0 5.0 5.0 0.0 0.256 2 TOUCH_MOVE r
1400749277424 6 4098 250.27574 851.451 0.26666668 5.0 5.0 5.0 5.0 0.0 0.252 2 TOUCH_MOVE r
1400749277439 6 4098 250.5 851.451 0.23333335 4.0 4.0 4.0 4.0 0.0 0.22000001 2 TOUCH_MOVE r
1400749277450 6 4098 250.5 851.451 0.20000002 4.0 4.0 4.0 4.0 0.0 0.17600001 2 TOUCH_MOVE r
1400749277456 6 4098 250.5 851.451 0.20000002 4.0 4.0 4.0 4.0 0.0 0.17600001 1 TOUCH_UP r
1400749277574 6 4098 189.0 835.451 0.33333334 5.0 5.0 5.0 5.0 0.0 0.252 0 TOUCH_DOWN e
1400749277594 6 4098 189.0 835.451 0.33333334 5.0 5.0 5.0 5.0 0.0 0.256 2 TOUCH_MOVE e
1400749277646 6 4098 189.0 835.451 0.33333334 5.0 5.0 5.0 5.0 0.0 0.256 1 TOUCH_UP e
1400749277876 6 4098 294.5 1180.4509 0.26666668 4.0 4.0 4.0 4.0 0.0 0.224 0 TOUCH_DOWN Space
1400749277890 6 4098 294.5 1180.4509 0.26666668 4.0 4.0 4.0 4.0 0.0 0.23200001 2 TOUCH_MOVE Space
1400749277940 6 4098 294.5 1180.4509 0.26666668 5.0 5.0 5.0 5.0 0.0 0.17600001 2 TOUCH_MOVE Space
1400749277948 6 4098 294.5 1180.4509 0.26666668 5.0 5.0 5.0 5.0 0.0 0.17600001 1 TOUCH_UP Space
1400749278221 6 4098 316.5 867.951 0.3 5.0 5.0 5.0 5.0 0.0 0.252 0 TOUCH_DOWN t
1400749278225 6 4098 316.5 867.951 0.3 5.0 5.0 5.0 5.0 0.0 0.26000002 2 TOUCH_MOVE t
1400749278292 6 4098 316.5 867.951 0.26666668 4.0 4.0 4.0 4.0 0.0 0.216 2 TOUCH_MOVE t
1400749278298 6 4098 316.5 867.951 0.20000002 3.0 3.0 3.0 3.0 0.0 0.1 2 TOUCH_MOVE t
1400749278301 6 4098 316.5 867.951 0.20000002 3.0 3.0 3.0 3.0 0.0 0.1 1 TOUCH_UP t
1400749278431 6 4098 417.0 960.451 0.16666667 3.0 3.0 3.0 3.0 0.0 0.2 0 TOUCH_DOWN h
1400749278440 6 4098 417.0 960.451 0.20000002 4.0 4.0 4.0 4.0 0.0 0.208 2 TOUCH_MOVE h
1400749278457 6 4098 417.0 959.9206 0.23333335 4.0 4.0 4.0 4.0 0.0 0.22000001 2 TOUCH_MOVE h
1400749278491 6 4098 417.0 959.951 0.16666667 3.0 3.0 3.0 3.0 0.0 0.112 2 TOUCH_MOVE h
1400749278500 6 4098 417.0 959.951 0.16666667 3.0 3.0 3.0 3.0 0.0 0.112 1 TOUCH_UP h
1400749278645 6 4098 179.0 845.451 0.23333335 4.0 4.0 4.0 4.0 0.0 0.23200001 0 TOUCH_DOWN e
1400749278658 6 4098 179.0 845.451 0.3 5.0 5.0 5.0 5.0 0.0 0.24000001 2 TOUCH_MOVE e
1400749278729 6 4098 179.0 845.451 0.3 5.0 5.0 5.0 5.0 0.0 0.24000001 1 TOUCH_UP e
1400749279289 6 4098 119.5 863.951 0.23333335 4.0 4.0 4.0 4.0 0.0 0.224 0 TOUCH_DOWN w
1400749279308 6 4098 119.5 863.951 0.26666668 5.0 5.0 5.0 5.0 0.0 0.23600002 2 TOUCH_MOVE w
1400749279360 6 4098 119.5 864.951 0.23333335 4.0 4.0 4.0 4.0 0.0 0.216 2 TOUCH_MOVE w
1400749279370 6 4098 119.5 864.951 0.13333334 2.0 2.0 2.0 2.0 0.0 0.132 2 TOUCH_MOVE w
1400749279373 6 4098 119.5 864.951 0.13333334 2.0 2.0 2.0 2.0 0.0 0.132 1 TOUCH_UP w
1400749279413 6 4098 601.0 850.951 0.26666668 5.0 5.0 5.0 5.0 0.0 0.20400001 0 TOUCH_DOWN o
1400749279426 6 4098 601.5227 850.951 0.26666668 5.0 5.0 5.0 5.0 0.0 0.21200001 2 TOUCH_MOVE o
1400749279442 6 4098 602.49506 849.95593 0.26666668 5.0 5.0 5.0 5.0 0.0 0.21200001 2 TOUCH_MOVE o
1400749279460 6 4098 603.47736 849.451 0.26666668 5.0 5.0 5.0 5.0 0.0 0.208 2 TOUCH_MOVE o
1400749279475 6 4098 604.0 849.451 0.26666668 5.0 5.0 5.0 5.0 0.0 0.16000001 2 TOUCH_MOVE o
1400749279487 6 4098 604.0 849.451 0.26666668 5.0 5.0 5.0 5.0 0.0 0.16000001 1 TOUCH_UP o
1400749279735 6 4098 259.0 866.951 0.3 5.0 5.0 5.0 5.0 0.0 0.252 0 TOUCH_DOWN r
1400749279753 6 4098 259.0 866.951 0.3 5.0 5.0 5.0 5.0 0.0 0.264 2 TOUCH_MOVE r
1400749279808 6 4098 259.0 867.6797 0.3 5.0 5.0 5.0 5.0 0.0 0.272 2 TOUCH_MOVE r
1400749279825 6 4098 259.0 867.951 0.23333335 4.0 4.0 4.0 4.0 0.0 0.21200001 2 TOUCH_MOVE r
1400749279843 6 4098 259.0 867.951 0.23333335 4.0 4.0 4.0 4.0 0.0 0.21200001 1 TOUCH_UP r
1400749280258 6 4098 671.0 1062.9509 0.3 5.0 5.0 5.0 5.0 0.0 0.19600001 0 TOUCH_DOWN Back
1400749280278 6 4098 671.0 1062.9509 0.3 5.0 5.0 5.0 5.0 0.0 0.2 2 TOUCH_MOVE Back
1400749280326 6 4098 671.0 1062.9509 0.3 5.0 5.0 5.0 5.0 0.0 0.2 1 TOUCH_UP Back
1400749280421 6 4098 670.5 1069.9509 0.26666668 5.0 5.0 5.0 5.0 0.0 0.192 0 TOUCH_DOWN Back
1400749280480 6 4098 670.5 1069.9509 0.26666668 5.0 5.0 5.0 5.0 0.0 0.192 1 TOUCH_UP Back
1400749280542 6 4098 669.0 1070.9509 0.26666668 5.0 5.0 5.0 5.0 0.0 0.19600001 0 TOUCH_DOWN Back
1400749280560 6 4098 669.0 1070.9509 0.26666668 5.0 5.0 5.0 5.0 0.0 0.2 2 TOUCH_MOVE Back
1400749280642 6 4098 669.0 1071.9178 0.26666668 5.0 5.0 5.0 5.0 0.0 0.18400002 2 TOUCH_MOVE Back
1400749280650 6 4098 669.0 1071.9509 0.26666668 5.0 5.0 5.0 5.0 0.0 0.164 2 TOUCH_MOVE Back
1400749280668 6 4098 669.0 1071.9509 0.26666668 5.0 5.0 5.0 5.0 0.0 0.164 1 TOUCH_UP Back
1400749280722 6 4098 654.0 1078.9509 0.20000002 4.0 4.0 4.0 4.0 0.0 0.18400002 0 TOUCH_DOWN Back
1400749280751 6 4098 654.75995 1078.9509 0.20000002 4.0 4.0 4.0 4.0 0.0 0.18400002 2 TOUCH_MOVE Back
1400749280759 6 4098 655.0 1078.9509 0.16666667 3.0 3.0 3.0 3.0 0.0 0.112 2 TOUCH_MOVE Back
1400749280766 6 4098 655.0 1078.9509 0.16666667 3.0 3.0 3.0 3.0 0.0 0.112 1 TOUCH_UP Back
1400749281060 6 4098 258.0 1188.9509 0.23333335 4.0 4.0 4.0 4.0 0.0 0.216 0 TOUCH_DOWN Space
1400749281086 6 4098 258.0 1188.9509 0.23333335 4.0 4.0 4.0 4.0 0.0 0.22000001 2 TOUCH_MOVE Space
1400749281138 6 4098 258.0 1188.9509 0.23333335 4.0 4.0 4.0 4.0 0.0 0.22000001 1 TOUCH_UP Space
1400749281487 6 4098 666.5 1078.9509 0.23333335 5.0 5.0 5.0 5.0 0.0 0.19600001 0 TOUCH_DOWN Back
1400749281495 6 4098 666.5 1078.9509 0.26666668 5.0 5.0 5.0 5.0 0.0 0.20400001 2 TOUCH_MOVE Back
1400749281563 6 4098 667.00446 1078.9509 0.23333335 5.0 5.0 5.0 5.0 0.0 0.18800001 2 TOUCH_MOVE Back
1400749281576 6 4098 667.0 1078.9509 0.23333335 5.0 5.0 5.0 5.0 0.0 0.148 2 TOUCH_MOVE Back
1400749281581 6 4098 667.0 1078.9509 0.23333335 5.0 5.0 5.0 5.0 0.0 0.148 1 TOUCH_UP Back
1400749281982 6 4098 170.0 858.451 0.20000002 4.0 4.0 4.0 4.0 0.0 0.22000001 0 TOUCH_DOWN e
1400749281997 6 4098 170.0 858.451 0.26666668 5.0 5.0 5.0 5.0 0.0 0.23600002 2 TOUCH_MOVE e
1400749282045 6 4098 170.0 858.451 0.26666668 5.0 5.0 5.0 5.0 0.0 0.23600002 1 TOUCH_UP e
1400749282245 6 4098 283.0 1186.9509 0.23333335 4.0 4.0 4.0 4.0 0.0 0.208 0 TOUCH_DOWN Space
1400749282266 6 4098 283.0 1186.9509 0.23333335 4.0 4.0 4.0 4.0 0.0 0.216 2 TOUCH_MOVE Space
1400749282328 6 4098 283.0 1186.9509 0.23333335 4.0 4.0 4.0 4.0 0.0 0.216 1 TOUCH_UP Space
1400749282551 6 4098 129.5 865.951 0.23333335 4.0 4.0 4.0 4.0 0.0 0.21200001 0 TOUCH_DOWN w
1400749282604 6 4098 129.5 865.951 0.23333335 4.0 4.0 4.0 4.0 0.0 0.192 2 TOUCH_MOVE w
1400749282608 6 4098 129.5 865.951 0.23333335 4.0 4.0 4.0 4.0 0.0 0.192 1 TOUCH_UP w
1400749282749 6 4098 598.0 862.951 0.20000002 4.0 4.0 4.0 4.0 0.0 0.192 0 TOUCH_DOWN o
1400749282762 6 4098 598.0 862.951 0.20000002 4.0 4.0 4.0 4.0 0.0 0.19600001 2 TOUCH_MOVE o
1400749282795 6 4098 598.5983 862.951 0.20000002 4.0 4.0 4.0 4.0 0.0 0.18400002 2 TOUCH_MOVE o
1400749282816 6 4098 598.5983 862.951 0.20000002 4.0 4.0 4.0 4.0 0.0 0.18400002 1 TOUCH_UP o
1400749283188 6 4098 260.0 866.951 0.26666668 5.0 5.0 5.0 5.0 0.0 0.24400002 0 TOUCH_DOWN r
1400749283195 6 4098 260.0 866.951 0.3 5.0 5.0 5.0 5.0 0.0 0.26000002 2 TOUCH_MOVE r
1400749283228 6 4098 260.0 866.951 0.23333335 4.0 4.0 4.0 4.0 0.0 0.20400001 2 TOUCH_MOVE r
1400749283238 6 4098 260.0 866.951 0.23333335 4.0 4.0 4.0 4.0 0.0 0.20400001 1 TOUCH_UP r
1400749283421 6 4098 647.5 979.451 0.20000002 3.0 3.0 3.0 3.0 0.0 0.19600001 0 TOUCH_DOWN l
1400749283431 6 4098 647.5 979.451 0.20000002 3.0 3.0 3.0 3.0 0.0 0.192 2 TOUCH_MOVE l
1400749283463 6 4098 649.5371 979.451 0.23333335 4.0 4.0 4.0 4.0 0.0 0.17600001 2 TOUCH_MOVE l
1400749283471 6 4098 649.5371 979.451 0.23333335 4.0 4.0 4.0 4.0 0.0 0.17600001 1 TOUCH_UP l
1400749283754 6 4098 228.0 983.951 0.26666668 4.0 4.0 4.0 4.0 0.0 0.20400001 0 TOUCH_DOWN d
1400749283763 6 4098 228.0 983.951 0.26666668 4.0 4.0 4.0 4.0 0.0 0.208 2 TOUCH_MOVE d
1400749283796 6 4098 228.0 984.951 0.26666668 5.0 5.0 5.0 5.0 0.0 0.172 2 TOUCH_MOVE d
1400749283800 6 4098 228.0 984.951 0.26666668 5.0 5.0 5.0 5.0 0.0 0.172 1 TOUCH_UP d
1400749284533 6 4098 460.5 1235.9509 0.13333334 3.0 3.0 3.0 3.0 0.0 0.148 0 TOUCH_DOWN ,
1400749284537 6 4098 460.24503 1235.9509 0.16666667 4.0 4.0 4.0 4.0 0.0 0.17600001 2 TOUCH_MOVE ,
1400749284548 6 4098 458.08322 1235.7217 0.16666667 4.0 4.0 4.0 4.0 0.0 0.17600001 2 TOUCH_MOVE ,
1400749284563 6 4098 455.1107 1234.7562 0.16666667 4.0 4.0 4.0 4.0 0.0 0.172 2 TOUCH_MOVE ,
1400749284580 6 4098 453.85263 1233.8036 0.16666667 4.0 4.0 4.0 4.0 0.0 0.164 2 TOUCH_MOVE ,
1400749284596 6 4098 453.25 1233.2009 0.16666667 4.0 4.0 4.0 4.0 0.0 0.17600001 2 TOUCH_MOVE ,
1400749284613 6 4098 453.5 1233.4509 0.13333334 3.0 3.0 3.0 3.0 0.0 0.132 2 TOUCH_MOVE ,
1400749284626 6 4098 453.5 1233.4509 0.13333334 3.0 3.0 3.0 3.0 0.0 0.104 2 TOUCH_MOVE ,
1400749284631 6 4098 453.5 1233.4509 0.13333334 3.0 3.0 3.0 3.0 0.0 0.104 1 TOUCH_UP ,
1400749284772 6 4098 252.5 1253.9509 0.13333334 3.0 3.0 3.0 3.0 0.0 0.18 0 TOUCH_DOWN Space
1400749284780 6 4098 252.5 1253.9509 0.13333334 3.0 3.0 3.0 3.0 0.0 0.18400002 2 TOUCH_MOVE Space
1400749284851 6 4098 252.5 1253.9509 0.13333334 3.0 3.0 3.0 3.0 0.0 0.18400002 1 TOUCH_UP Space
1400749285272 6 4098 85.5 865.951 0.20000002 3.0 3.0 3.0 3.0 0.0 0.19600001 0 TOUCH_DOWN w
1400749285281 6 4098 85.833496 866.2845 0.23333335 4.0 4.0 4.0 4.0 0.0 0.20400001 2 TOUCH_MOVE w
1400749285314 6 4098 90.0 868.951 0.26666668 4.0 4.0 4.0 4.0 0.0 0.18 2 TOUCH_MOVE w
1400749285323 6 4098 90.0 868.951 0.26666668 4.0 4.0 4.0 4.0 0.0 0.18 1 TOUCH_UP w
1400749285492 6 4098 170.0 846.951 0.26666668 5.0 5.0 5.0 5.0 0.0 0.224 0 TOUCH_DOWN e
1400749285497 6 4098 170.0 846.951 0.26666668 5.0 5.0 5.0 5.0 0.0 0.23200001 2 TOUCH_MOVE e
1400749285547 6 4098 170.0 846.951 0.13333334 2.0 2.0 2.0 2.0 0.0 0.104 2 TOUCH_MOVE e
1400749285567 6 4098 170.0 846.951 0.13333334 2.0 2.0 2.0 2.0 0.0 0.104 1 TOUCH_UP e
1400749285807 6 4098 295.0 1200.4509 0.23333335 4.0 4.0 4.0 4.0 0.0 0.22000001 0 TOUCH_DOWN Space
1400749285814 6 4098 295.0 1200.9878 0.23333335 4.0 4.0 4.0 4.0 0.0 0.224 2 TOUCH_MOVE Space
1400749285868 6 4098 295.0 1201.4509 0.23333335 4.0 4.0 4.0 4.0 0.0 0.224 2 TOUCH_MOVE Space
1400749285873 6 4098 295.0 1201.4509 0.23333335 4.0 4.0 4.0 4.0 0.0 0.224 1 TOUCH_UP Space
1400749286175 6 4098 66.0 978.951 0.20000002 3.0 3.0 3.0 3.0 0.0 0.2 0 TOUCH_DOWN a
1400749286232 6 4098 66.66699 980.118 0.16666667 3.0 3.0 3.0 3.0 0.0 0.192 2 TOUCH_MOVE a
1400749286246 6 4098 66.5 979.951 0.13333334 2.0 2.0 2.0 2.0 0.0 0.156 2 TOUCH_MOVE a
1400749286250 6 4098 66.5 979.951 0.13333334 2.0 2.0 2.0 2.0 0.0 0.156 1 TOUCH_UP a
1400749286560 6 4098 243.5 873.951 0.3 5.0 5.0 5.0 5.0 0.0 0.24800001 0 TOUCH_DOWN r
1400749286582 6 4098 243.5 873.951 0.3 5.0 5.0 5.0 5.0 0.0 0.26000002 2 TOUCH_MOVE r
1400749286631 6 4098 243.0 873.951 0.3 5.0 5.0 5.0 5.0 0.0 0.24000001 2 TOUCH_MOVE r
1400749286641 6 4098 243.0 873.951 0.26666668 4.0 4.0 4.0 4.0 0.0 0.19600001 2 TOUCH_MOVE r
1400749286645 6 4098 243.0 873.951 0.26666668 4.0 4.0 4.0 4.0 0.0 0.19600001 1 TOUCH_UP r
1400749286758 6 4098 175.5 850.951 0.26666668 5.0 5.0 5.0 5.0 0.0 0.24000001 0 TOUCH_DOWN e
1400749286765 6 4098 175.5 850.951 0.26666668 5.0 5.0 5.0 5.0 0.0 0.24800001 2 TOUCH_MOVE e
1400749286819 6 4098 176.11609 850.951 0.3 5.0 5.0 5.0 5.0 0.0 0.256 2 TOUCH_MOVE e
1400749286840 6 4098 176.0 850.951 0.20000002 4.0 4.0 4.0 4.0 0.0 0.18 2 TOUCH_MOVE e
1400749286844 6 4098 176.0 850.951 0.20000002 4.0 4.0 4.0 4.0 0.0 0.18 1 TOUCH_UP e
1400749287052 6 4098 290.5 1186.4509 0.23333335 4.0 4.0 4.0 4.0 0.0 0.224 0 TOUCH_DOWN Space
1400749287088 6 4098 291.83398 1186.9509 0.23333335 4.0 4.0 4.0 4.0 0.0 0.23600002 2 TOUCH_MOVE Space
1400749287100 6 4098 292.5 1187.7775 0.23333335 4.0 4.0 4.0 4.0 0.0 0.23200001 2 TOUCH_MOVE Space
1400749287115 6 4098 292.5 1188.4509 0.23333335 4.0 4.0 4.0 4.0 0.0 0.208 2 TOUCH_MOVE Space
1400749287125 6 4098 292.5 1188.4509 0.13333334 2.0 2.0 2.0 2.0 0.0 0.120000005 2 TOUCH_MOVE Space
1400749287129 6 4098 292.5 1188.4509 0.13333334 2.0 2.0 2.0 2.0 0.0 0.120000005 1 TOUCH_UP Space
1400749287369 6 4098 305.0 860.951 0.26666668 5.0 5.0 5.0 5.0 0.0 0.24400002 0 TOUCH_DOWN t
1400749287389 6 4098 305.0 860.951 0.3 5.0 5.0 5.0 5.0 0.0 0.264 2 TOUCH_MOVE t
1400749287434 6 4098 305.0 862.5732 0.3 5.0 5.0 5.0 5.0 0.0 0.256 2 TOUCH_MOVE t
1400749287458 6 4098 305.0 862.5732 0.3 5.0 5.0 5.0 5.0 0.0 0.256 1 TOUCH_UP t
1400749287567 6 4098 441.0 939.951 0.33333334 5.0 5.0 5.0 5.0 0.0 0.21200001 0 TOUCH_DOWN h
1400749287634 6 4098 441.0 939.951 0.33333334 5.0 5.0 5.0 5.0 0.0 0.192 2 TOUCH_MOVE h
1400749287639 6 4098 441.0 939.951 0.33333334 5.0 5.0 5.0 5.0 0.0 0.192 1 TOUCH_UP h
1400749287759 6 4098 146.5 839.451 0.3 5.0 5.0 5.0 5.0 0.0 0.22000001 0 TOUCH_DOWN e
1400749287766 6 4098 146.5 839.451 0.33333334 5.0 5.0 5.0 5.0 0.0 0.23200001 2 TOUCH_MOVE e
1400749287784 6 4098 147.76573 838.18524 0.33333334 5.0 5.0 5.0 5.0 0.0 0.24000001 2 TOUCH_MOVE e
1400749287799 6 4098 149.3454 837.1056 0.33333334 5.0 5.0 5.0 5.0 0.0 0.23600002 2 TOUCH_MOVE e
1400749287818 6 4098 150.3117 837.2627 0.3 5.0 5.0 5.0 5.0 0.0 0.216 2 TOUCH_MOVE e
1400749287826 6 4098 150.5 837.451 0.23333335 4.0 4.0 4.0 4.0 0.0 0.17600001 2 TOUCH_MOVE e
1400749287830 6 4098 150.5 837.451 0.23333335 4.0 4.0 4.0 4.0 0.0 0.17600001 1 TOUCH_UP e
1400749288121 6 4098 276.0 1210.9509 0.26666668 5.0 5.0 5.0 5.0 0.0 0.21200001 0 TOUCH_DOWN Space
1400749288133 6 4098 276.0 1210.9509 0.26666668 5.0 5.0 5.0 5.0 0.0 0.22000001 2 TOUCH_MOVE Space
1400749288155 6 4098 276.0 1212.0604 0.26666668 5.0 5.0 5.0 5.0 0.0 0.224 2 TOUCH_MOVE Space
1400749288167 6 4098 276.0 1212.9026 0.26666668 5.0 5.0 5.0 5.0 0.0 0.224 2 TOUCH_MOVE Space
1400749288183 6 4098 276.0 1213.2009 0.26666668 5.0 5.0 5.0 5.0 0.0 0.224 2 TOUCH_MOVE Space
1400749288202 6 4098 276.0 1213.2009 0.26666668 5.0 5.0 5.0 5.0 0.0 0.224 1 TOUCH_UP Space
1400749288406 6 4098 281.0 1108.9509 0.33333334 5.0 5.0 5.0 5.0 0.0 0.22000001 0 TOUCH_DOWN c
1400749288417 6 4098 281.0 1108.9509 0.33333334 5.0 5.0 5.0 5.0 0.0 0.22800002 2 TOUCH_MOVE c
1400749288469 6 4098 281.0 1109.9509 0.3 5.0 5.0 5.0 5.0 0.0 0.216 2 TOUCH_MOVE c
1400749288475 6 4098 281.0 1109.9509 0.26666668 4.0 4.0 4.0 4.0 0.0 0.18800001 2 TOUCH_MOVE c
1400749288479 6 4098 281.0 1109.9509 0.26666668 4.0 4.0 4.0 4.0 0.0 0.18800001 1 TOUCH_UP c
1400749288548 6 4098 415.0 964.951 0.20000002 3.0 3.0 3.0 3.0 0.0 0.22000001 0 TOUCH_DOWN h
1400749288595 6 4098 415.0 964.951 0.16666667 3.0 3.0 3.0 3.0 0.0 0.192 2 TOUCH_MOVE h
1400749288599 6 4098 415.0 964.951 0.16666667 3.0 3.0 3.0 3.0 0.0 0.192 1 TOUCH_UP h
1400749288788 6 4098 550.5 828.451 0.33333334 5.0 5.0 5.0 5.0 0.0 0.22000001 0 TOUCH_DOWN i
1400749288840 6 4098 551.5 828.951 0.26666668 5.0 5.0 5.0 5.0 0.0 0.14400001 2 TOUCH_MOVE i
1400749288846 6 4098 551.5 828.951 0.26666668 5.0 5.0 5.0 5.0 0.0 0.14400001 1 TOUCH_UP i
1400749289304 6 4098 651.5 969.451 0.16666667 3.0 3.0 3.0 3.0 0.0 0.18800001 0 TOUCH_DOWN l
1400749289349 6 4098 651.5 969.451 0.13333334 2.0 2.0 2.0 2.0 0.0 0.148 2 TOUCH_MOVE l
1400749289353 6 4098 651.5 969.451 0.13333334 2.0 2.0 2.0 2.0 0.0 0.148 1 TOUCH_UP l
1400749289676 6 4098 213.5 969.951 0.23333335 5.0 5.0 5.0 5.0 0.0 0.20400001 0 TOUCH_DOWN d
1400749289684 6 4098 213.5 969.951 0.23333335 5.0 5.0 5.0 5.0 0.0 0.21200001 2 TOUCH_MOVE d
1400749289749 6 4098 213.5 969.951 0.23333335 5.0 5.0 5.0 5.0 0.0 0.21200001 1 TOUCH_UP d
1400749290060 6 4098 240.5 852.951 0.26666668 5.0 5.0 5.0 5.0 0.0 0.23600002 0 TOUCH_DOWN r
1400749290082 6 4098 240.5 852.951 0.26666668 5.0 5.0 5.0 5.0 0.0 0.24800001 2 TOUCH_MOVE r
1400749290118 6 4098 240.5 852.35126 0.3 5.0 5.0 5.0 5.0 0.0 0.26000002 2 TOUCH_MOVE r
1400749290135 6 4098 240.5 852.451 0.20000002 4.0 4.0 4.0 4.0 0.0 0.18400002 2 TOUCH_MOVE r
1400749290139 6 4098 240.5 852.451 0.20000002 4.0 4.0 4.0 4.0 0.0 0.18400002 1 TOUCH_UP r
1400749290243 6 4098 195.5 833.451 0.33333334 5.0 5.0 5.0 5.0 0.0 0.252 0 TOUCH_DOWN e
1400749290251 6 4098 195.5 833.451 0.33333334 5.0 5.0 5.0 5.0 0.0 0.26000002 2 TOUCH_MOVE e
1400749290329 6 4098 195.5 833.451 0.20000002 4.0 4.0 4.0 4.0 0.0 0.18 2 TOUCH_MOVE e
1400749290334 6 4098 195.5 833.451 0.20000002 4.0 4.0 4.0 4.0 0.0 0.18 1 TOUCH_UP e
1400749290482 6 4098 486.5 1096.4509 0.26666668 4.0 4.0 4.0 4.0 0.0 0.20400001 0 TOUCH_DOWN n
1400749290488 6 4098 486.5 1096.4509 0.26666668 4.0 4.0 4.0 4.0 0.0 0.2 2 TOUCH_MOVE n
1400749290526 6 4098 486.5 1096.4509 0.26666668 4.0 4.0 4.0 4.0 0.0 0.2 1 TOUCH_UP n
1400749291153 6 4098 676.0 1196.4509 0.20000002 4.0 4.0 4.0 4.0 0.0 0.192 0 TOUCH_DOWN Enter
1400749291186 6 4098 676.0 1196.9985 0.20000002 4.0 4.0 4.0 4.0 0.0 0.19600001 2 TOUCH_MOVE Enter
1400749291202 6 4098 676.0 1197.7009 0.20000002 4.0 4.0 4.0 4.0 0.0 0.192 2 TOUCH_MOVE Enter
1400749291222 6 4098 676.0 1197.7009 0.20000002 4.0 4.0 4.0 4.0 0.0 0.192 1 TOUCH_UP Enter
1400749291613 6 4098 117.5 864.951 0.23333335 4.0 4.0 4.0 4.0 0.0 0.208 0 TOUCH_DOWN W
1400749291620 6 4098 117.5 864.951 0.23333335 4.0 4.0 4.0 4.0 0.0 0.21200001 2 TOUCH_MOVE W
1400749291665 6 4098 117.5 865.451 0.16666667 3.0 3.0 3.0 3.0 0.0 0.132 2 TOUCH_MOVE W
1400749291668 6 4098 117.5 865.451 0.16666667 3.0 3.0 3.0 3.0 0.0 0.132 1 TOUCH_UP W
1400749291841 6 4098 203.5 866.451 0.23333335 4.0 4.0 4.0 4.0 0.0 0.22000001 0 TOUCH_DOWN e
1400749291889 6 4098 202.93933 866.2641 0.23333335 4.0 4.0 4.0 4.0 0.0 0.224 2 TOUCH_MOVE e
1400749291908 6 4098 202.0 865.951 0.13333334 2.0 2.0 2.0 2.0 0.0 0.14 2 TOUCH_MOVE e
1400749291914 6 4098 202.0 865.951 0.13333334 2.0 2.0 2.0 2.0 0.0 0.14 1 TOUCH_UP e
1400749292479 6 4098 262.5 1200.4509 0.20000002 4.0 4.0 4.0 4.0 0.0 0.20400001 0 TOUCH_DOWN Space
1400749292487 6 4098 262.5 1200.4509 0.20000002 4.0 4.0 4.0 4.0 0.0 0.208 2 TOUCH_MOVE Space
1400749292510 6 4098 262.5 1201.3555 0.23333335 4.0 4.0 4.0 4.0 0.0 0.21200001 2 TOUCH_MOVE Space
1400749292521 6 4098 263.18115 1202.1321 0.23333335 4.0 4.0 4.0 4.0 0.0 0.216 2 TOUCH_MOVE Space
1400749292558 6 4098 263.18115 1202.1321 0.23333335 4.0 4.0 4.0 4.0 0.0 0.216 1 TOUCH_UP Space
1400749292855 6 4098 69.5 969.451 0.16666667 3.0 3.0 3.0 3.0 0.0 0.18800001 0 TOUCH_DOWN a
1400749292890 6 4098 69.5 969.451 0.13333334 2.0 2.0 2.0 2.0 0.0 0.18 2 TOUCH_MOVE a
1400749292904 6 4098 69.5 969.451 0.13333334 2.0 2.0 2.0 2.0 0.0 0.18 1 TOUCH_UP a
1400749293157 6 4098 241.0 845.951 0.26666668 4.0 4.0 4.0 4.0 0.0 0.224 0 TOUCH_DOWN r
1400749293164 6 4098 241.0 845.951 0.3 5.0 5.0 5.0 5.0 0.0 0.24400002 2 TOUCH_MOVE r
1400749293188 6 4098 243.41101 844.4955 0.3 5.0 5.0 5.0 5.0 0.0 0.264 2 TOUCH_MOVE r
1400749293204 6 4098 245.29852 843.951 0.3 5.0 5.0 5.0 5.0 0.0 0.256 2 TOUCH_MOVE r
1400749293221 6 4098 246.8888 844.8398 0.23333335 4.0 4.0 4.0 4.0 0.0 0.22000001 2 TOUCH_MOVE r
1400749293229 6 4098 247.0 844.951 0.13333334 2.0 2.0 2.0 2.0 0.0 0.14 2 TOUCH_MOVE r
1400749293235 6 4098 247.0 844.951 0.13333334 2.0 2.0 2.0 2.0 0.0 0.14 1 TOUCH_UP r
1400749293361 6 4098 183.5 846.951 0.3 5.0 5.0 5.0 5.0 0.0 0.24800001 0 TOUCH_DOWN e
1400749293380 6 4098 183.5 846.951 0.3 5.0 5.0 5.0 5.0 0.0 0.252 2 TOUCH_MOVE e
1400749293437 6 4098 183.5 847.451 0.20000002 4.0 4.0 4.0 4.0 0.0 0.20400001 2 TOUCH_MOVE e
1400749293442 6 4098 183.5 847.451 0.20000002 4.0 4.0 4.0 4.0 0.0 0.20400001 1 TOUCH_UP e
1400749293729 6 4098 298.0 1186.9509 0.23333335 4.0 4.0 4.0 4.0 0.0 0.22000001 0 TOUCH_DOWN Space
1400749293771 6 4098 298.0 1187.1729 0.23333335 4.0 4.0 4.0 4.0 0.0 0.22800002 2 TOUCH_MOVE Space
1400749293788 6 4098 298.0 1187.7009 0.23333335 4.0 4.0 4.0 4.0 0.0 0.21200001 2 TOUCH_MOVE Space
1400749293794 6 4098 298.0 1187.7009 0.23333335 4.0 4.0 4.0 4.0 0.0 0.21200001 1 TOUCH_UP Space
1400749294029 6 4098 292.5 847.951 0.3 5.0 5.0 5.0 5.0 0.0 0.26000002 0 TOUCH_DOWN t
1400749294055 6 4098 292.81876 847.6322 0.3 5.0 5.0 5.0 5.0 0.0 0.272 2 TOUCH_MOVE t
1400749294089 6 4098 297.0 846.50104 0.26666668 5.0 5.0 5.0 5.0 0.0 0.24800001 2 TOUCH_MOVE t
1400749294103 6 4098 297.0 846.451 0.23333335 4.0 4.0 4.0 4.0 0.0 0.208 2 TOUCH_MOVE t
1400749294112 6 4098 297.0 846.451 0.23333335 4.0 4.0 4.0 4.0 0.0 0.208 1 TOUCH_UP t
1400749294199 6 4098 434.0 950.451 0.26666668 4.0 4.0 4.0 4.0 0.0 0.208 0 TOUCH_DOWN h
1400749294205 6 4098 434.0 950.451 0.26666668 4.0 4.0 4.0 4.0 0.0 0.21200001 2 TOUCH_MOVE h
1400749294267 6 4098 434.0 950.451 0.26666668 4.0 4.0 4.0 4.0 0.0 0.21200001 1 TOUCH_UP h
1400749294391 6 4098 188.0 844.451 0.26666668 4.0 4.0 4.0 4.0 0.0 0.24000001 0 TOUCH_DOWN e
1400749294412 6 4098 188.29008 844.451 0.3 5.0 5.0 5.0 5.0 0.0 0.252 2 TOUCH_MOVE e
1400749294424 6 4098 188.84483 844.451 0.3 5.0 5.0 5.0 5.0 0.0 0.256 2 TOUCH_MOVE e
1400749294439 6 4098 189.25 844.451 0.3 5.0 5.0 5.0 5.0 0.0 0.252 2 TOUCH_MOVE e
1400749294474 6 4098 189.25 844.451 0.3 5.0 5.0 5.0 5.0 0.0 0.252 1 TOUCH_UP e
1400749294701 6 4098 301.0 1177.4509 0.26666668 4.0 4.0 4.0 4.0 0.0 0.22000001 0 TOUCH_DOWN Space
1400749294707 6 4098 301.0 1177.4509 0.26666668 4.0 4.0 4.0 4.0 0.0 0.224 2 TOUCH_MOVE Space
1400749294773 6 4098 301.0 1177.9509 0.26666668 4.0 4.0 4.0 4.0 0.0 0.18400002 2 TOUCH_MOVE Space
1400749294780 6 4098 301.0 1177.9509 0.26666668 4.0 4.0 4.0 4.0 0.0 0.18400002 1 TOUCH_UP Space
1400749294919 6 4098 596.5 820.451 0.26666668 4.0 4.0 4.0 4.0 0.0 0.21200001 0 TOUCH_DOWN o
1400749294924 6 4098 596.5 820.73627 0.3 5.0 5.0 5.0 5.0 0.0 0.21200001 2 TOUCH_MOVE o
1400749294951 6 4098 596.5 822.451 0.16666667 3.0 3.0 3.0 3.0 0.0 0.124000005 2 TOUCH_MOVE o
1400749294956 6 4098 596.5 822.451 0.16666667 3.0 3.0 3.0 3.0 0.0 0.124000005 1 TOUCH_UP o
1400749295236 6 4098 486.5 1106.9509 0.3 5.0 5.0 5.0 5.0 0.0 0.2 0 TOUCH_DOWN n
1400749295270 6 4098 486.7902 1107.2411 0.3 5.0 5.0 5.0 5.0 0.0 0.20400001 2 TOUCH_MOVE n
1400749295276 6 4098 487.0 1107.4509 0.33333334 5.0 5.0 5.0 5.0 0.0 0.156 2 TOUCH_MOVE n
1400749295286 6 4098 487.0 1107.4509 0.33333334 5.0 5.0 5.0 5.0 0.0 0.156 1 TOUCH_UP n
1400749295519 6 4098 210.5 870.951 0.3 5.0 5.0 5.0 5.0 0.0 0.2 0 TOUCH_DOWN e
1400749295559 6 4098 210.5 870.951 0.3 5.0 5.0 5.0 5.0 0.0 0.2 1 TOUCH_UP e
1400749296720 6 4098 146.5 968.451 0.20000002 4.0 4.0 4.0 4.0 0.0 0.192 0 TOUCH_DOWN s
1400749296760 6 4098 146.5 968.451 0.20000002 4.0 4.0 4.0 4.0 0.0 0.192 1 TOUCH_UP s
1400749297668 6 4098 276.0 1194.4509 0.20000002 4.0 4.0 4.0 4.0 0.0 0.208 0 TOUCH_DOWN Space
1400749297675 6 4098 276.0 1194.4509 0.23333335 5.0 5.0 5.0 5.0 0.0 0.21200001 2 TOUCH_MOVE Space
1400749297734 6 4098 276.0 1194.4509 0.23333335 5.0 5.0 5.0 5.0 0.0 0.18 2 TOUCH_MOVE Space
1400749297738 6 4098 276.0 1194.4509 0.23333335 5.0 5.0 5.0 5.0 0.0 0.18 1 TOUCH_UP Space
1400749298042 6 4098 126.0 847.451 0.23333335 4.0 4.0 4.0 4.0 0.0 0.20400001 0 TOUCH_DOWN w
1400749298076 6 4098 129.21803 848.5382 0.16666667 3.0 3.0 3.0 3.0 0.0 0.18800001 2 TOUCH_MOVE w
1400749298091 6 4098 129.0 848.451 0.13333334 2.0 2.0 2.0 2.0 0.0 0.120000005 2 TOUCH_MOVE w
1400749298094 6 4098 129.0 848.451 0.13333334 2.0 2.0 2.0 2.0 0.0 0.120000005 1 TOUCH_UP w
1400749298201 6 4098 420.5 950.451 0.20000002 4.0 4.0 4.0 4.0 0.0 0.20400001 0 TOUCH_DOWN h
1400749298246 6 4098 420.5 950.451 0.20000002 4.0 4.0 4.0 4.0 0.0 0.20400001 1 TOUCH_UP h
1400749298426 6 4098 576.0 848.451 0.23333335 4.0 4.0 4.0 4.0 0.0 0.216 0 TOUCH_DOWN o
1400749298465 6 4098 578.52936 847.33923 0.23333335 4.0 4.0 4.0 4.0 0.0 0.216 2 TOUCH_MOVE o
1400749298476 6 4098 579.5 846.951 0.23333335 4.0 4.0 4.0 4.0 0.0 0.18400002 2 TOUCH_MOVE o
1400749298482 6 4098 579.5 846.951 0.23333335 4.0 4.0 4.0 4.0 0.0 0.18400002 1 TOUCH_UP o
1400749298774 6 4098 281.0 1197.4509 0.23333335 5.0 5.0 5.0 5.0 0.0 0.208 0 TOUCH_DOWN Space
1400749298779 6 4098 281.0 1197.4509 0.23333335 5.0 5.0 5.0 5.0 0.0 0.216 2 TOUCH_MOVE Space
1400749298810 6 4098 281.0 1198.1077 0.23333335 5.0 5.0 5.0 5.0 0.0 0.224 2 TOUCH_MOVE Space
1400749298856 6 4098 281.0 1198.1077 0.23333335 5.0 5.0 5.0 5.0 0.0 0.224 1 TOUCH_UP Space
1400749299482 6 4098 572.5 1096.9509 0.20000002 3.0 3.0 3.0 3.0 0.0 0.19600001 0 TOUCH_DOWN m
1400749299485 6 4098 572.5 1096.9509 0.26666668 4.0 4.0 4.0 4.0 0.0 0.2 2 TOUCH_MOVE m
1400749299535 6 4098 572.5 1096.9509 0.26666668 4.0 4.0 4.0 4.0 0.0 0.2 1 TOUCH_UP m
1400749299822 6 4098 71.0 938.451 0.23333335 5.0 5.0 5.0 5.0 0.0 0.2 0 TOUCH_DOWN a
1400749299911 6 4098 71.0 938.451 0.23333335 5.0 5.0 5.0 5.0 0.0 0.2 1 TOUCH_UP a
1400749300007 6 4098 579.5 950.451 0.23333335 4.0 4.0 4.0 4.0 0.0 0.2 0 TOUCH_DOWN k
1400749300062 6 4098 579.5 950.951 0.16666667 3.0 3.0 3.0 3.0 0.0 0.128 2 TOUCH_MOVE k
1400749300066 6 4098 579.5 950.951 0.16666667 3.0 3.0 3.0 3.0 0.0 0.128 1 TOUCH_UP k
1400749300487 6 4098 182.5 849.451 0.26666668 5.0 5.0 5.0 5.0 0.0 0.24000001 0 TOUCH_DOWN e
1400749300495 6 4098 182.5 849.451 0.3 5.0 5.0 5.0 5.0 0.0 0.256 2 TOUCH_MOVE e
1400749300511 6 4098 184.44408 848.47894 0.33333334 6.0 6.0 6.0 6.0 0.0 0.264 2 TOUCH_MOVE e
1400749300528 6 4098 186.0 848.451 0.3 5.0 5.0 5.0 5.0 0.0 0.264 2 TOUCH_MOVE e
1400749300561 6 4098 185.5 848.451 0.23333335 4.0 4.0 4.0 4.0 0.0 0.2 2 TOUCH_MOVE e
1400749300569 6 4098 185.5 848.451 0.23333335 4.0 4.0 4.0 4.0 0.0 0.2 1 TOUCH_UP e
1400749300795 6 4098 303.5 1178.9509 0.26666668 4.0 4.0 4.0 4.0 0.0 0.208 0 TOUCH_DOWN Space
1400749300845 6 4098 303.5 1178.9509 0.16666667 3.0 3.0 3.0 3.0 0.0 0.18 2 TOUCH_MOVE Space
1400749300851 6 4098 303.5 1178.9509 0.16666667 3.0 3.0 3.0 3.0 0.0 0.18 1 TOUCH_UP Space
1400749301428 6 4098 62.0 965.451 0.16666667 3.0 3.0 3.0 3.0 0.0 0.19600001 0 TOUCH_DOWN a
1400749301438 6 4098 62.0 965.451 0.20000002 3.0 3.0 3.0 3.0 0.0 0.20400001 2 TOUCH_MOVE a
1400749301462 6 4098 62.0 964.486 0.20000002 3.0 3.0 3.0 3.0 0.0 0.208 2 TOUCH_MOVE a
1400749301488 6 4098 62.464886 964.451 0.20000002 3.0 3.0 3.0 3.0 0.0 0.20400001 2 TOUCH_MOVE a
1400749301495 6 4098 63.25 965.201 0.16666667 3.0 3.0 3.0 3.0 0.0 0.18 2 TOUCH_MOVE a
1400749301500 6 4098 63.25 965.201 0.16666667 3.0 3.0 3.0 3.0 0.0 0.18 1 TOUCH_UP a
1400749301760 6 4098 292.5 1200.9509 0.23333335 4.0 4.0 4.0 4.0 0.0 0.22000001 0 TOUCH_DOWN Space
1400749301766 6 4098 292.5 1201.2098 0.23333335 4.0 4.0 4.0 4.0 0.0 0.224 2 TOUCH_MOVE Space
1400749301798 6 4098 293.25 1202.7009 0.23333335 4.0 4.0 4.0 4.0 0.0 0.22800002 2 TOUCH_MOVE Space
1400749301824 6 4098 293.0 1202.4509 0.20000002 4.0 4.0 4.0 4.0 0.0 0.17600001 2 TOUCH_MOVE Space
1400749301828 6 4098 293.0 1202.4509 0.20000002 4.0 4.0 4.0 4.0 0.0 0.17600001 1 TOUCH_UP Space
1400749302526 6 4098 413.5 1084.4509 0.26666668 5.0 5.0 5.0 5.0 0.0 0.23200001 0 TOUCH_DOWN b
1400749302532 6 4098 413.5 1084.4509 0.26666668 5.0 5.0 5.0 5.0 0.0 0.24000001 2 TOUCH_MOVE b
1400749302596 6 4098 413.5 1084.4509 0.20000002 4.0 4.0 4.0 4.0 0.0 0.18400002 2 TOUCH_MOVE b
1400749302605 6 4098 413.5 1084.4509 0.20000002 4.0 4.0 4.0 4.0 0.0 0.18400002 1 TOUCH_UP b
1400749302954 6 4098 250.0 847.951 0.26666668 4.0 4.0 4.0 4.0 0.0 0.23600002 0 TOUCH_DOWN r
1400749302964 6 4098 250.0 847.951 0.3 5.0 5.0 5.0 5.0 0.0 0.24800001 2 TOUCH_MOVE r
1400749302981 6 4098 250.74106 847.2099 0.3 5.0 5.0 5.0 5.0 0.0 0.256 2 TOUCH_MOVE r
1400749302997 6 4098 251.71262 846.23834 0.3 5.0 5.0 5.0 5.0 0.0 0.24000001 2 TOUCH_MOVE r
1400749303023 6 4098 251.71262 846.23834 0.3 5.0 5.0 5.0 5.0 0.0 0.24000001 1 TOUCH_UP r
1400749303297 6 4098 535.0 828.951 0.26666668 5.0 5.0 5.0 5.0 0.0 0.18800001 0 TOUCH_DOWN i
1400749303302 6 4098 535.0 828.951 0.26666668 5.0 5.0 5.0 5.0 0.0 0.192 2 TOUCH_MOVE i
1400749303341 6 4098 535.0 830.3441 0.20000002 4.0 4.0 4.0 4.0 0.0 0.192 2 TOUCH_MOVE i
1400749303348 6 4098 535.0 830.451 0.16666667 3.0 3.0 3.0 3.0 0.0 0.132 2 TOUCH_MOVE i
1400749303352 6 4098 535.0 830.451 0.16666667 3.0 3.0 3.0 3.0 0.0 0.132 1 TOUCH_UP i
1400749303890 6 4098 346.5 976.951 0.23333335 4.0 4.0 4.0 4.0 0.0 0.224 0 TOUCH_DOWN g
1400749303899 6 4098 346.81036 976.951 0.26666668 5.0 5.0 5.0 5.0 0.0 0.23200001 2 TOUCH_MOVE g
1400749303917 6 4098 348.32776 977.7269 0.26666668 5.0 5.0 5.0 5.0 0.0 0.24000001 2 TOUCH_MOVE g
1400749303932 6 4098 350.9636 978.6828 0.26666668 5.0 5.0 5.0 5.0 0.0 0.24400002 2 TOUCH_MOVE g
1400749303947 6 4098 352.7098 979.6608 0.23333335 4.0 4.0 4.0 4.0 0.0 0.22800002 2 TOUCH_MOVE g
1400749303974 6 4098 353.5 980.451 0.16666667 3.0 3.0 3.0 3.0 0.0 0.108 2 TOUCH_MOVE g
1400749303979 6 4098 353.5 980.451 0.16666667 3.0 3.0 3.0 3.0 0.0 0.108 1 TOUCH_UP g
1400749304248 6 4098 452.5 945.951 0.3 5.0 5.0 5.0 5.0 0.0 0.20400001 0 TOUCH_DOWN h
1400749304273 6 4098 452.5 945.951 0.26666668 4.0 4.0 4.0 4.0 0.0 0.20400001 2 TOUCH_MOVE h
1400749304286 6 4098 452.5 945.951 0.26666668 4.0 4.0 4.0 4.0 0.0 0.17600001 2 TOUCH_MOVE h
1400749304295 6 4098 452.5 945.951 0.26666668 4.0 4.0 4.0 4.0 0.0 0.17600001 1 TOUCH_UP h
1400749304546 6 4098 322.0 857.951 0.26666668 5.0 5.0 5.0 5.0 0.0 0.24800001 0 TOUCH_DOWN t
1400749304598 6 4098 320.99905 857.2837 0.33333334 6.0 6.0 6.0 6.0 0.0 0.28 2 TOUCH_MOVE t
1400749304617 6 4098 317.0 855.451 0.26666668 5.0 5.0 5.0 5.0 0.0 0.256 2 TOUCH_MOVE t
1400749304632 6 4098 317.0 855.451 0.20000002 4.0 4.0 4.0 4.0 0.0 0.18 2 TOUCH_MOVE t
1400749304637 6 4098 317.0 855.451 0.20000002 4.0 4.0 4.0 4.0 0.0 0.18 1 TOUCH_UP t
1400749304853 6 4098 178.0 847.951 0.23333335 4.0 4.0 4.0 4.0 0.0 0.19600001 0 TOUCH_DOWN e
1400749304887 6 4098 175.545 846.7122 0.26666668 4.0 4.0 4.0 4.0 0.0 0.192 2 TOUCH_MOVE e
1400749304893 6 4098 174.5 846.451 0.23333335 4.0 4.0 4.0 4.0 0.0 0.17600001 2 TOUCH_MOVE e
1400749304899 6 4098 174.5 846.451 0.23333335 4.0 4.0 4.0 4.0 0.0 0.17600001 1 TOUCH_UP e
1400749305059 6 4098 268.0 880.451 0.33333334 5.0 5.0 5.0 5.0 0.0 0.224 0 TOUCH_DOWN r
1400749305122 6 4098 268.0 880.451 0.33333334 5.0 5.0 5.0 5.0 0.0 0.22000001 2 TOUCH_MOVE r
1400749305137 6 4098 268.0 880.451 0.33333334 5.0 5.0 5.0 5.0 0.0 0.18400002 2 TOUCH_MOVE r
1400749305141 6 4098 268.0 880.451 0.33333334 5.0 5.0 5.0 5.0 0.0 0.18400002 1 TOUCH_UP r
1400749305431 6 4098 289.5 1207.9509 0.23333335 4.0 4.0 4.0 4.0 0.0 0.216 0 TOUCH_DOWN Space
1400749305449 6 4098 289.5 1208.47 0.23333335 4.0 4.0 4.0 4.0 0.0 0.22800002 2 TOUCH_MOVE Space
1400749305492 6 4098 290.5 1209.4509 0.23333335 4.0 4.0 4.0 4.0 0.0 0.22800002 2 TOUCH_MOVE Space
1400749305498 6 4098 290.5 1209.4509 0.20000002 4.0 4.0 4.0 4.0 0.0 0.16800001 2 TOUCH_MOVE Space
1400749305503 6 4098 290.5 1209.4509 0.20000002 4.0 4.0 4.0 4.0 0.0 0.16800001 1 TOUCH_UP Space
1400749307993 6 4098 207.0 960.951 0.26666668 5.0 5.0 5.0 5.0 0.0 0.216 0 TOUCH_DOWN d
1400749308001 6 4098 207.0 960.951 0.26666668 5.0 5.0 5.0 5.0 0.0 0.22800002 2 TOUCH_MOVE d
1400749308019 6 4098 208.1024 960.3998 0.3 5.0 5.0 5.0 5.0 0.0 0.23600002 2 TOUCH_MOVE d
1400749308035 6 4098 210.11397 958.894 0.3 5.0 5.0 5.0 5.0 0.0 0.24000001 2 TOUCH_MOVE d
1400749308051 6 4098 211.53929 957.9117 0.3 5.0 5.0 5.0 5.0 0.0 0.23600002 2 TOUCH_MOVE d
1400749308086 6 4098 211.53929 957.9117 0.3 5.0 5.0 5.0 5.0 0.0 0.23600002 1 TOUCH_UP d
1400749308297 6 4098 65.5 928.951 0.23333335 4.0 4.0 4.0 4.0 0.0 0.18800001 0 TOUCH_DOWN a
1400749308320 6 4098 65.5 928.951 0.23333335 4.0 4.0 4.0 4.0 0.0 0.18800001 1 TOUCH_UP a
1400749308404 6 4098 396.5 852.951 0.20000002 4.0 4.0 4.0 4.0 0.0 0.19600001 0 TOUCH_DOWN y
1400749308445 6 4098 396.5 852.951 0.20000002 4.0 4.0 4.0 4.0 0.0 0.19600001 1 TOUCH_UP y
1400749309066 6 4098 679.5 1217.4509 0.23333335 4.0 4.0 4.0 4.0 0.0 0.18400002 0 TOUCH_DOWN Enter
1400749309086 6 4098 679.5 1217.4509 0.23333335 4.0 4.0 4.0 4.0 0.0 0.18800001 2 TOUCH_MOVE Enter
1400749309124 6 4098 679.5 1217.4509 0.23333335 4.0 4.0 4.0 4.0 0.0 0.18800001 1 TOUCH_UP Enter
1400749310285 6 4098 136.0 951.451 0.26666668 4.0 4.0 4.0 4.0 0.0 0.20400001 0 TOUCH_DOWN S
1400749310304 6 4098 136.0 951.451 0.26666668 4.0 4.0 4.0 4.0 0.0 0.21200001 2 TOUCH_MOVE S
1400749310373 6 4098 136.0 951.451 0.26666668 4.0 4.0 4.0 4.0 0.0 0.21200001 1 TOUCH_UP S
1400749310487 6 4098 608.5 807.451 0.26666668 5.0 5.0 5.0 5.0 0.0 0.208 0 TOUCH_DOWN o
1400749310522 6 4098 608.5 807.451 0.23333335 4.0 4.0 4.0 4.0 0.0 0.18400002 2 TOUCH_MOVE o
1400749310526 6 4098 608.5 807.451 0.23333335 4.0 4.0 4.0 4.0 0.0 0.18400002 1 TOUCH_UP o
1400749311219 6 4098 584.0 1204.4509 0.16666667 3.0 3.0 3.0 3.0 0.0 0.18800001 0 TOUCH_DOWN '
1400749311254 6 4098 584.0 1205.0846 0.16666667 3.0 3.0 3.0 3.0 0.0 0.18 2 TOUCH_MOVE '
1400749311259 6 4098 584.0 1205.0846 0.16666667 3.0 3.0 3.0 3.0 0.0 0.18 1 TOUCH_UP '
1400749312122 6 4098 673.5 1133.9509 0.20000002 4.0 4.0 4.0 4.0 0.0 0.18400002 0 TOUCH_DOWN Back
1400749312145 6 4098 673.79926 1133.6516 0.23333335 4.0 4.0 4.0 4.0 0.0 0.192 2 TOUCH_MOVE Back
1400749312155 6 4098 674.0 1133.0867 0.23333335 4.0 4.0 4.0 4.0 0.0 0.19600001 2 TOUCH_MOVE Back
1400749312172 6 4098 674.3266 1132.4509 0.23333335 4.0 4.0 4.0 4.0 0.0 0.19600001 2 TOUCH_MOVE Back
1400749312191 6 4098 674.75 1132.4509 0.23333335 4.0 4.0 4.0 4.0 0.0 0.19600001 2 TOUCH_MOVE Back
1400749312212 6 4098 674.75 1132.4509 0.23333335 4.0 4.0 4.0 4.0 0.0 0.19600001 1 TOUCH_UP Back
1400749312728 6 4098 234.0 1215.4509 0.20000002 3.0 3.0 3.0 3.0 0.0 0.2 0 TOUCH_DOWN Space
1400749312740 6 4098 234.0 1216.025 0.23333335 4.0 4.0 4.0 4.0 0.0 0.208 2 TOUCH_MOVE Space
1400749312768 6 4098 235.7717 1217.0415 0.23333335 4.0 4.0 4.0 4.0 0.0 0.216 2 TOUCH_MOVE Space
1400749312782 6 4098 238.11371 1218.0078 0.23333335 4.0 4.0 4.0 4.0 0.0 0.216 2 TOUCH_MOVE Space
1400749312789 6 4098 239.52141 1218.9723 0.23333335 4.0 4.0 4.0 4.0 0.0 0.21200001 2 TOUCH_MOVE Space
1400749312826 6 4098 239.5 1219.4509 0.20000002 3.0 3.0 3.0 3.0 0.0 0.2 2 TOUCH_MOVE Space
1400749312829 6 4098 239.5 1219.4509 0.20000002 3.0 3.0 3.0 3.0 0.0 0.2 1 TOUCH_UP Space
1400749313023 6 4098 626.5 975.451 0.23333335 4.0 4.0 4.0 4.0 0.0 0.19600001 0 TOUCH_DOWN l
1400749313028 6 4098 626.5 975.451 0.20000002 4.0 4.0 4.0 4.0 0.0 0.19600001 2 TOUCH_MOVE l
1400749313072 6 4098 627.5 975.451 0.13333334 2.0 2.0 2.0 2.0 0.0 0.104 2 TOUCH_MOVE l
1400749313078 6 4098 627.5 975.451 0.13333334 2.0 2.0 2.0 2.0 0.0 0.104 1 TOUCH_UP l
1400749313298 6 4098 154.0 857.951 0.23333335 5.0 5.0 5.0 5.0 0.0 0.21200001 0 TOUCH_DOWN e
1400749313306 6 4098 154.0 857.951 0.26666668 5.0 5.0 5.0 5.0 0.0 0.224 2 TOUCH_MOVE e
1400749313340 6 4098 154.0 858.80927 0.26666668 5.0 5.0 5.0 5.0 0.0 0.224 2 TOUCH_MOVE e
1400749313360 6 4098 154.0 859.451 0.26666668 5.0 5.0 5.0 5.0 0.0 0.19600001 2 TOUCH_MOVE e
1400749313369 6 4098 154.0 859.451 0.26666668 5.0 5.0 5.0 5.0 0.0 0.14400001 2 TOUCH_MOVE e
1400749313373 6 4098 154.0 859.451 0.26666668 5.0 5.0 5.0 5.0 0.0 0.14400001 1 TOUCH_UP e
1400749313609 6 4098 263.5 852.951 0.23333335 5.0 5.0 5.0 5.0 0.0 0.22000001 0 TOUCH_DOWN r
1400749313628 6 4098 263.5 852.951 0.23333335 4.0 4.0 4.0 4.0 0.0 0.22800002 2 TOUCH_MOVE r
1400749313641 6 4098 264.64685 852.23535 0.26666668 5.0 5.0 5.0 5.0 0.0 0.23200001 2 TOUCH_MOVE r
1400749313658 6 4098 268.36743 852.298 0.26666668 5.0 5.0 5.0 5.0 0.0 0.22000001 2 TOUCH_MOVE r
1400749313674 6 4098 272.81375 854.60785 0.23333335 5.0 5.0 5.0 5.0 0.0 0.18800001 2 TOUCH_MOVE r
1400749313686 6 4098 273.5 854.951 0.16666667 3.0 3.0 3.0 3.0 0.0 0.1 2 TOUCH_MOVE r
1400749313691 6 4098 273.5 854.951 0.16666667 3.0 3.0 3.0 3.0 0.0 0.1 1 TOUCH_UP r
1400749314380 6 4098 679.5 1049.9509 0.3 5.0 5.0 5.0 5.0 0.0 0.18 0 TOUCH_DOWN Back
1400749314391 6 4098 679.5 1051.0604 0.3 5.0 5.0 5.0 5.0 0.0 0.18 2 TOUCH_MOVE Back
1400749314414 6 4098 679.5 1051.9509 0.3 5.0 5.0 5.0 5.0 0.0 0.164 2 TOUCH_MOVE Back
1400749314419 6 4098 679.5 1051.9509 0.3 5.0 5.0 5.0 5.0 0.0 0.164 1 TOUCH_UP Back
1400749314615 6 4098 321.0 865.951 0.26666668 5.0 5.0 5.0 5.0 0.0 0.23600002 0 TOUCH_DOWN t
1400749314625 6 4098 321.0 865.951 0.26666668 5.0 5.0 5.0 5.0 0.0 0.24000001 2 TOUCH_MOVE t
1400749314642 6 4098 322.0936 865.951 0.26666668 5.0 5.0 5.0 5.0 0.0 0.256 2 TOUCH_MOVE t
1400749314668 6 4098 322.78638 865.951 0.26666668 5.0 5.0 5.0 5.0 0.0 0.252 2 TOUCH_MOVE t
1400749314675 6 4098 323.23157 865.951 0.26666668 5.0 5.0 5.0 5.0 0.0 0.23600002 2 TOUCH_MOVE t
1400749314693 6 4098 323.23157 865.951 0.26666668 5.0 5.0 5.0 5.0 0.0 0.23600002 1 TOUCH_UP t
1400749316525 6 4098 588.0 1202.4509 0.16666667 3.0 3.0 3.0 3.0 0.0 0.18 0 TOUCH_DOWN '
1400749316528 6 4098 588.0 1202.4509 0.16666667 3.0 3.0 3.0 3.0 0.0 0.18400002 2 TOUCH_MOVE '
1400749316561 6 4098 588.0 1203.1069 0.16666667 3.0 3.0 3.0 3.0 0.0 0.18400002 2 TOUCH_MOVE '
1400749316576 6 4098 588.0 1203.6519 0.16666667 3.0 3.0 3.0 3.0 0.0 0.18 2 TOUCH_MOVE '
1400749316594 6 4098 588.0 1203.6519 0.16666667 3.0 3.0 3.0 3.0 0.0 0.18 1 TOUCH_UP '
1400749316824 6 4098 134.0 968.951 0.20000002 4.0 4.0 4.0 4.0 0.0 0.21200001 0 TOUCH_DOWN s
1400749316848 6 4098 134.0 968.951 0.20000002 4.0 4.0 4.0 4.0 0.0 0.22000001 2 TOUCH_MOVE s
1400749316910 6 4098 134.0 968.951 0.20000002 4.0 4.0 4.0 4.0 0.0 0.22000001 1 TOUCH_UP s
1400749317103 6 4098 272.5 1196.4509 0.23333335 5.0 5.0 5.0 5.0 0.0 0.208 0 TOUCH_DOWN Space
1400749317110 6 4098 272.5 1196.8401 0.23333335 5.0 5.0 5.0 5.0 0.0 0.216 2 TOUCH_MOVE Space
1400749317129 6 4098 272.5 1197.8093 0.23333335 5.0 5.0 5.0 5.0 0.0 0.22000001 2 TOUCH_MOVE Space
1400749317144 6 4098 272.5 1198.7723 0.23333335 5.0 5.0 5.0 5.0 0.0 0.216 2 TOUCH_MOVE Space
1400749317160 6 4098 272.5 1199.2009 0.23333335 5.0 5.0 5.0 5.0 0.0 0.21200001 2 TOUCH_MOVE Space
1400749317172 6 4098 272.5 1199.2009 0.23333335 5.0 5.0 5.0 5.0 0.0 0.21200001 1 TOUCH_UP Space
1400749317649 6 4098 140.0 976.951 0.23333335 4.0 4.0 4.0 4.0 0.0 0.21200001 0 TOUCH_DOWN s
1400749317661 6 4098 140.0 976.951 0.23333335 4.0 4.0 4.0 4.0 0.0 0.224 2 TOUCH_MOVE s
1400749317696 6 4098 141.09744 976.951 0.26666668 5.0 5.0 5.0 5.0 0.0 0.23600002 2 TOUCH_MOVE s
1400749317710 6 4098 142.1244 977.5754 0.26666668 5.0 5.0 5.0 5.0 0.0 0.23600002 2 TOUCH_MOVE s
1400749317729 6 4098 142.5 978.0185 0.26666668 5.0 5.0 5.0 5.0 0.0 0.22800002 2 TOUCH_MOVE s
1400749317744 6 4098 142.5 978.451 0.23333335 4.0 4.0 4.0 4.0 0.0 0.16000001 2 TOUCH_MOVE s
1400749317753 6 4098 142.5 978.451 0.23333335 4.0 4.0 4.0 4.0 0.0 0.16000001 1 TOUCH_UP s
1400749318024 6 4098 330.0 871.951 0.3 5.0 5.0 5.0 5.0 0.0 0.256 0 TOUCH_DOWN t
1400749318044 6 4098 330.45526 871.951 0.33333334 6.0 6.0 6.0 6.0 0.0 0.268 2 TOUCH_MOVE t
1400749318063 6 4098 332.24628 871.0779 0.33333334 6.0 6.0 6.0 6.0 0.0 0.28 2 TOUCH_MOVE t
1400749318078 6 4098 333.34717 870.1038 0.33333334 6.0 6.0 6.0 6.0 0.0 0.27600002 2 TOUCH_MOVE t
1400749318094 6 4098 333.5 869.451 0.26666668 5.0 5.0 5.0 5.0 0.0 0.252 2 TOUCH_MOVE t
1400749318112 6 4098 333.5 869.451 0.26666668 5.0 5.0 5.0 5.0 0.0 0.172 2 TOUCH_MOVE t
1400749318116 6 4098 333.5 869.451 0.26666668 5.0 5.0 5.0 5.0 0.0 0.172 1 TOUCH_UP t
1400749318347 6 4098 62.5 967.451 0.16666667 3.0 3.0 3.0 3.0 0.0 0.192 0 TOUCH_DOWN a
1400749318394 6 4098 62.5 967.451 0.16666667 3.0 3.0 3.0 3.0 0.0 0.18 2 TOUCH_MOVE a
1400749318401 6 4098 62.5 967.451 0.16666667 3.0 3.0 3.0 3.0 0.0 0.18 1 TOUCH_UP a
1400749318606 6 4098 276.5 842.951 0.3 5.0 5.0 5.0 5.0 0.0 0.268 0 TOUCH_DOWN r
1400749318612 6 4098 276.5 842.951 0.33333334 6.0 6.0 6.0 6.0 0.0 0.28 2 TOUCH_MOVE r
1400749318662 6 4098 274.7725 842.951 0.33333334 6.0 6.0 6.0 6.0 0.0 0.28 2 TOUCH_MOVE r
1400749318678 6 4098 270.5979 841.87054 0.3 5.0 5.0 5.0 5.0 0.0 0.24800001 2 TOUCH_MOVE r
1400749318694 6 4098 271.0 841.951 0.26666668 4.0 4.0 4.0 4.0 0.0 0.20400001 2 TOUCH_MOVE r
1400749318697 6 4098 271.0 841.951 0.26666668 4.0 4.0 4.0 4.0 0.0 0.20400001 1 TOUCH_UP r
1400749319031 6 4098 325.5 829.951 0.36666667 6.0 6.0 6.0 6.0 0.0 0.27600002 0 TOUCH_DOWN t
1400749319045 6 4098 325.5 829.951 0.36666667 6.0 6.0 6.0 6.0 0.0 0.28800002 2 TOUCH_MOVE t
1400749319112 6 4098 325.5 829.951 0.26666668 4.0 4.0 4.0 4.0 0.0 0.18400002 2 TOUCH_MOVE t
1400749319121 6 4098 325.5 829.951 0.26666668 4.0 4.0 4.0 4.0 0.0 0.18400002 1 TOUCH_UP t
1400749319411 6 4098 318.0 1176.9509 0.26666668 4.0 4.0 4.0 4.0 0.0 0.22000001 0 TOUCH_DOWN Space
1400749319417 6 4098 318.0 1176.9509 0.3 5.0 5.0 5.0 5.0 0.0 0.22800002 2 TOUCH_MOVE Space
1400749319470 6 4098 318.0 1176.9509 0.3 5.0 5.0 5.0 5.0 0.0 0.18 2 TOUCH_MOVE Space
1400749319473 6 4098 318.0 1176.9509 0.3 5.0 5.0 5.0 5.0 0.0 0.18 1 TOUCH_UP Space
1400749319900 6 4098 355.0 976.451 0.26666668 5.0 5.0 5.0 5.0 0.0 0.24400002 0 TOUCH_DOWN g
1400749319913 6 4098 355.0 976.451 0.26666668 5.0 5.0 5.0 5.0 0.0 0.252 2 TOUCH_MOVE g
1400749319972 6 4098 355.0 976.451 0.26666668 5.0 5.0 5.0 5.0 0.0 0.252 1 TOUCH_UP g
1400749320141 6 4098 514.0 819.951 0.33333334 5.0 5.0 5.0 5.0 0.0 0.20400001 0 TOUCH_DOWN i
1400749320163 6 4098 513.5562 820.8948 0.33333334 5.0 5.0 5.0 5.0 0.0 0.2 2 TOUCH_MOVE i
1400749320180 6 4098 513.0 821.951 0.3 5.0 5.0 5.0 5.0 0.0 0.18800001 2 TOUCH_MOVE i
1400749320188 6 4098 513.0 821.951 0.26666668 5.0 5.0 5.0 5.0 0.0 0.156 2 TOUCH_MOVE i
1400749320193 6 4098 513.0 821.951 0.26666668 5.0 5.0 5.0 5.0 0.0 0.156 1 TOUCH_UP i
1400749320788 6 4098 360.5 1124.9509 0.26666668 4.0 4.0 4.0 4.0 0.0 0.224 0 TOUCH_DOWN v
1400749320798 6 4098 360.5 1124.9509 0.3 5.0 5.0 5.0 5.0 0.0 0.23200001 2 TOUCH_MOVE v
1400749320813 6 4098 361.56125 1123.8896 0.3 5.0 5.0 5.0 5.0 0.0 0.24400002 2 TOUCH_MOVE v
1400749320830 6 4098 362.53186 1122.9191 0.3 5.0 5.0 5.0 5.0 0.0 0.23600002 2 TOUCH_MOVE v
1400749320847 6 4098 363.25 1122.2009 0.26666668 4.0 4.0 4.0 4.0 0.0 0.22800002 2 TOUCH_MOVE v
1400749320862 6 4098 363.0 1122.4509 0.20000002 4.0 4.0 4.0 4.0 0.0 0.18400002 2 TOUCH_MOVE v
1400749320866 6 4098 363.0 1122.4509 0.20000002 4.0 4.0 4.0 4.0 0.0 0.18400002 1 TOUCH_UP v
1400749320935 6 4098 539.5 841.451 0.26666668 4.0 4.0 4.0 4.0 0.0 0.2 0 TOUCH_DOWN i
1400749320976 6 4098 540.75 840.201 0.26666668 4.0 4.0 4.0 4.0 0.0 0.2 2 TOUCH_MOVE i
1400749320997 6 4098 538.1416 843.3094 0.13333334 2.0 2.0 2.0 2.0 0.0 0.17600001 2 TOUCH_MOVE i
1400749321017 6 4098 538.5 842.951 0.13333334 2.0 2.0 2.0 2.0 0.0 0.14 2 TOUCH_MOVE i
1400749321021 6 4098 538.5 842.951 0.13333334 2.0 2.0 2.0 2.0 0.0 0.14 1 TOUCH_UP i
1400749321245 6 4098 491.0 1109.4509 0.3 5.0 5.0 5.0 5.0 0.0 0.18400002 0 TOUCH_DOWN n
1400749321269 6 4098 491.7339 1110.8018 0.3 5.0 5.0 5.0 5.0 0.0 0.18400002 2 TOUCH_MOVE n
1400749321277 6 4098 492.5 1111.9509 0.3 5.0 5.0 5.0 5.0 0.0 0.17600001 2 TOUCH_MOVE n
1400749321281 6 4098 492.5 1111.9509 0.3 5.0 5.0 5.0 5.0 0.0 0.17600001 1 TOUCH_UP n
1400749321805 6 4098 318.5 967.451 0.20000002 4.0 4.0 4.0 4.0 0.0 0.19600001 0 TOUCH_DOWN f
1400749321873 6 4098 318.5 967.451 0.20000002 4.0 4.0 4.0 4.0 0.0 0.19600001 1 TOUCH_UP f
1400749322481 6 4098 665.0 1050.4509 0.33333334 5.0 5.0 5.0 5.0 0.0 0.19600001 0 TOUCH_DOWN Back
1400749322486 6 4098 665.0 1050.4509 0.33333334 5.0 5.0 5.0 5.0 0.0 0.20400001 2 TOUCH_MOVE Back
1400749322509 6 4098 665.0 1050.9601 0.33333334 5.0 5.0 5.0 5.0 0.0 0.208 2 TOUCH_MOVE Back
1400749322533 6 4098 663.57983 1053.3711 0.3 5.0 5.0 5.0 5.0 0.0 0.208 2 TOUCH_MOVE Back
1400749322548 6 4098 662.59686 1055.2572 0.3 5.0 5.0 5.0 5.0 0.0 0.2 2 TOUCH_MOVE Back
1400749322569 6 4098 662.5 1055.4509 0.23333335 4.0 4.0 4.0 4.0 0.0 0.15200001 2 TOUCH_MOVE Back
1400749322573 6 4098 662.5 1055.4509 0.23333335 4.0 4.0 4.0 4.0 0.0 0.15200001 1 TOUCH_UP Back
1400749322693 6 4098 354.5 960.951 0.23333335 4.0 4.0 4.0 4.0 0.0 0.224 0 TOUCH_DOWN g
1400749322700 6 4098 354.5 960.951 0.26666668 4.0 4.0 4.0 4.0 0.0 0.23200001 2 TOUCH_MOVE g
1400749322732 6 4098 355.0 961.4638 0.23333335 4.0 4.0 4.0 4.0 0.0 0.208 2 TOUCH_MOVE g
1400749322746 6 4098 355.0 961.451 0.16666667 3.0 3.0 3.0 3.0 0.0 0.18400002 2 TOUCH_MOVE g
1400749322751 6 4098 355.0 961.451 0.16666667 3.0 3.0 3.0 3.0 0.0 0.18400002 1 TOUCH_UP g
