1401956914938 6 4098 711.0 1102.9509 0.23333335 4.0 4.0 4.0 4.0 0.0 0.18400002 0 TOUCH_DOWN Back
1401956914958 6 4098 711.0 1102.9509 0.20000002 3.0 3.0 3.0 3.0 0.0 0.18400002 2 TOUCH_MOVE Back
1401956914984 6 4098 711.0 1102.4509 0.20000002 3.0 3.0 3.0 3.0 0.0 0.18 2 TOUCH_MOVE Back
1401956914989 6 4098 711.0 1102.4509 0.20000002 3.0 3.0 3.0 3.0 0.0 0.18 1 TOUCH_UP Back
1401956915983 6 4098 80.5 1061.4509 0.20000002 4.0 4.0 4.0 4.0 0.0 0.18400002 0 TOUCH_DOWN Change
1401956916000 6 4098 80.5 1061.4509 0.20000002 4.0 4.0 4.0 4.0 0.0 0.18 2 TOUCH_MOVE Change
1401956916010 6 4098 80.5 1061.4509 0.20000002 4.0 4.0 4.0 4.0 0.0 0.18 1 TOUCH_UP Change
1401956916463 6 4098 109.5 817.951 0.3 5.0 5.0 5.0 5.0 0.0 0.20400001 0 TOUCH_DOWN W
1401956916517 6 4098 109.5 817.951 0.3 5.0 5.0 5.0 5.0 0.0 0.20400001 1 TOUCH_UP W
1401956916649 6 4098 180.0 824.451 0.3 5.0 5.0 5.0 5.0 0.0 0.2 0 TOUCH_DOWN e
1401956916710 6 4098 180.0 825.9466 0.26666668 5.0 5.0 5.0 5.0 0.0 0.20400001 2 TOUCH_MOVE e
1401956916721 6 4098 180.0 825.951 0.13333334 2.0 2.0 2.0 2.0 0.0 0.15200001 2 TOUCH_MOVE e
1401956916725 6 4098 180.0 825.951 0.13333334 2.0 2.0 2.0 2.0 0.0 0.15200001 1 TOUCH_UP e
1401956917068 6 4098 330.0 1226.9509 0.26666668 5.0 5.0 5.0 5.0 0.0 0.18800001 0 TOUCH_DOWN Space
1401956917077 6 4098 330.0 1226.9509 0.26666668 5.0 5.0 5.0 5.0 0.0 0.192 2 TOUCH_MOVE Space
1401956917110 6 4098 328.92828 1226.9509 0.26666668 5.0 5.0 5.0 5.0 0.0 0.18400002 2 TOUCH_MOVE Space
1401956917123 6 4098 328.92828 1226.9509 0.26666668 5.0 5.0 5.0 5.0 0.0 0.18400002 1 TOUCH_UP Space
1401956917476 6 4098 68.5 951.451 0.23333335 4.0 4.0 4.0 4.0 0.0 0.19600001 0 TOUCH_DOWN a
1401956917510 6 4098 68.76031 951.1907 0.23333335 4.0 4.0 4.0 4.0 0.0 0.2 2 TOUCH_MOVE a
1401956917517 6 4098 69.0 950.951 0.20000002 4.0 4.0 4.0 4.0 0.0 0.156 2 TOUCH_MOVE a
1401956917521 6 4098 69.0 950.951 0.20000002 4.0 4.0 4.0 4.0 0.0 0.156 1 TOUCH_UP a
1401956917732 6 4098 294.5 812.951 0.26666668 4.0 4.0 4.0 4.0 0.0 0.2 0 TOUCH_DOWN t
1401956917744 6 4098 294.5 812.951 0.26666668 4.0 4.0 4.0 4.0 0.0 0.20400001 2 TOUCH_MOVE t
1401956917777 6 4098 291.8925 814.1535 0.26666668 4.0 4.0 4.0 4.0 0.0 0.192 2 TOUCH_MOVE t
1401956917785 6 4098 289.0 814.951 0.26666668 4.0 4.0 4.0 4.0 0.0 0.17600001 2 TOUCH_MOVE t
1401956917789 6 4098 289.0 814.951 0.26666668 4.0 4.0 4.0 4.0 0.0 0.17600001 1 TOUCH_UP t
1401956917933 6 4098 178.0 834.951 0.26666668 4.0 4.0 4.0 4.0 0.0 0.20400001 0 TOUCH_DOWN e
1401956917976 6 4098 178.0 834.951 0.13333334 2.0 2.0 2.0 2.0 0.0 0.15200001 2 TOUCH_MOVE e
1401956917980 6 4098 178.0 834.951 0.13333334 2.0 2.0 2.0 2.0 0.0 0.15200001 1 TOUCH_UP e
1401956918644 6 4098 667.5 1098.4509 0.26666668 5.0 5.0 5.0 5.0 0.0 0.18400002 0 TOUCH_DOWN Back
1401956918663 6 4098 667.5 1098.4509 0.26666668 5.0 5.0 5.0 5.0 0.0 0.18800001 2 TOUCH_MOVE Back
1401956918680 6 4098 667.5 1098.4509 0.26666668 5.0 5.0 5.0 5.0 0.0 0.18800001 1 TOUCH_UP Back
1401956918835 6 4098 676.5 1086.4509 0.20000002 4.0 4.0 4.0 4.0 0.0 0.18400002 0 TOUCH_DOWN Back
1401956918845 6 4098 676.5 1086.4509 0.20000002 4.0 4.0 4.0 4.0 0.0 0.18800001 2 TOUCH_MOVE Back
1401956918873 6 4098 676.5 1086.4509 0.20000002 4.0 4.0 4.0 4.0 0.0 0.18800001 1 TOUCH_UP Back
1401956919770 6 4098 254.5 845.451 0.23333335 4.0 4.0 4.0 4.0 0.0 0.2 0 TOUCH_DOWN r
1401956919792 6 4098 254.5 845.451 0.23333335 4.0 4.0 4.0 4.0 0.0 0.20400001 2 TOUCH_MOVE r
1401956919828 6 4098 254.5 845.451 0.16666667 3.0 3.0 3.0 3.0 0.0 0.17600001 2 TOUCH_MOVE r
1401956919832 6 4098 254.5 845.451 0.16666667 3.0 3.0 3.0 3.0 0.0 0.17600001 1 TOUCH_UP r
1401956919985 6 4098 185.0 848.451 0.20000002 3.0 3.0 3.0 3.0 0.0 0.192 0 TOUCH_DOWN e
1401956919997 6 4098 185.0 848.451 0.23333335 4.0 4.0 4.0 4.0 0.0 0.2 2 TOUCH_MOVE e
1401956920029 6 4098 181.84435 846.62317 0.23333335 4.0 4.0 4.0 4.0 0.0 0.20400001 2 TOUCH_MOVE e
1401956920047 6 4098 179.58055 849.0964 0.20000002 4.0 4.0 4.0 4.0 0.0 0.192 2 TOUCH_MOVE e
1401956920053 6 4098 179.0 850.451 0.16666667 3.0 3.0 3.0 3.0 0.0 0.17600001 2 TOUCH_MOVE e
1401956920057 6 4098 179.0 850.451 0.16666667 3.0 3.0 3.0 3.0 0.0 0.17600001 1 TOUCH_UP e
1401956920356 6 4098 358.5 1234.4509 0.13333334 2.0 2.0 2.0 2.0 0.0 0.18800001 0 TOUCH_DOWN Space
1401956920363 6 4098 358.5 1234.4509 0.13333334 2.0 2.0 2.0 2.0 0.0 0.192 2 TOUCH_MOVE Space
1401956920401 6 4098 358.5 1234.9509 0.13333334 2.0 2.0 2.0 2.0 0.0 0.18 2 TOUCH_MOVE Space
1401956920407 6 4098 358.5 1234.9509 0.10000001 2.0 2.0 2.0 2.0 0.0 0.14400001 2 TOUCH_MOVE Space
1401956920412 6 4098 358.5 1234.9509 0.10000001 2.0 2.0 2.0 2.0 0.0 0.14400001 1 TOUCH_UP Space
1401956920750 6 4098 332.0 830.951 0.33333334 5.0 5.0 5.0 5.0 0.0 0.208 0 TOUCH_DOWN t
1401956920798 6 4098 333.5 833.951 0.23333335 4.0 4.0 4.0 4.0 0.0 0.18400002 2 TOUCH_MOVE t
1401956920805 6 4098 333.5 833.951 0.16666667 3.0 3.0 3.0 3.0 0.0 0.1 2 TOUCH_MOVE t
1401956920810 6 4098 333.5 833.951 0.16666667 3.0 3.0 3.0 3.0 0.0 0.1 1 TOUCH_UP t
1401956920960 6 4098 422.0 940.451 0.26666668 5.0 5.0 5.0 5.0 0.0 0.19600001 0 TOUCH_DOWN h
1401956920980 6 4098 422.0 940.0564 0.23333335 5.0 5.0 5.0 5.0 0.0 0.19600001 2 TOUCH_MOVE h
1401956920997 6 4098 420.98163 938.1734 0.23333335 4.0 4.0 4.0 4.0 0.0 0.19600001 2 TOUCH_MOVE h
1401956921014 6 4098 420.5 937.451 0.16666667 3.0 3.0 3.0 3.0 0.0 0.120000005 2 TOUCH_MOVE h
1401956921017 6 4098 420.5 937.451 0.16666667 3.0 3.0 3.0 3.0 0.0 0.120000005 1 TOUCH_UP h
1401956921271 6 4098 163.5 797.951 0.23333335 5.0 5.0 5.0 5.0 0.0 0.20400001 0 TOUCH_DOWN e
1401956921317 6 4098 163.5 801.451 0.23333335 4.0 4.0 4.0 4.0 0.0 0.18 2 TOUCH_MOVE e
1401956921321 6 4098 163.5 801.451 0.23333335 4.0 4.0 4.0 4.0 0.0 0.18 1 TOUCH_UP e
1401956921603 6 4098 341.5 1192.9509 0.20000002 4.0 4.0 4.0 4.0 0.0 0.19600001 0 TOUCH_DOWN Space
1401956921645 6 4098 340.0 1192.9509 0.20000002 4.0 4.0 4.0 4.0 0.0 0.18 2 TOUCH_MOVE Space
1401956921652 6 4098 340.0 1192.9509 0.20000002 4.0 4.0 4.0 4.0 0.0 0.18 1 TOUCH_UP Space
1401956921919 6 4098 129.0 826.951 0.3 5.0 5.0 5.0 5.0 0.0 0.21200001 0 TOUCH_DOWN w
1401956921933 6 4098 129.0 826.951 0.3 5.0 5.0 5.0 5.0 0.0 0.216 2 TOUCH_MOVE w
1401956921968 6 4098 128.5 827.5387 0.26666668 5.0 5.0 5.0 5.0 0.0 0.20400001 2 TOUCH_MOVE w
1401956921982 6 4098 129.5 828.951 0.16666667 3.0 3.0 3.0 3.0 0.0 0.1 2 TOUCH_MOVE w
1401956921986 6 4098 129.5 828.951 0.16666667 3.0 3.0 3.0 3.0 0.0 0.1 1 TOUCH_UP w
1401956922385 6 4098 620.5 818.951 0.33333334 5.0 5.0 5.0 5.0 0.0 0.192 0 TOUCH_DOWN o
1401956922398 6 4098 620.1363 819.3147 0.3 5.0 5.0 5.0 5.0 0.0 0.192 2 TOUCH_MOVE o
1401956922416 6 4098 620.0 819.451 0.33333334 5.0 5.0 5.0 5.0 0.0 0.164 2 TOUCH_MOVE o
1401956922420 6 4098 620.0 819.451 0.33333334 5.0 5.0 5.0 5.0 0.0 0.164 1 TOUCH_UP o
1401956922807 6 4098 271.0 835.451 0.3 5.0 5.0 5.0 5.0 0.0 0.20400001 0 TOUCH_DOWN r
1401956922818 6 4098 271.0 835.451 0.3 5.0 5.0 5.0 5.0 0.0 0.208 2 TOUCH_MOVE r
1401956922847 6 4098 273.0 836.451 0.23333335 4.0 4.0 4.0 4.0 0.0 0.17600001 2 TOUCH_MOVE r
1401956922852 6 4098 273.0 836.451 0.23333335 4.0 4.0 4.0 4.0 0.0 0.17600001 1 TOUCH_UP r
1401956923424 6 4098 659.5 971.951 0.20000002 4.0 4.0 4.0 4.0 0.0 0.18800001 0 TOUCH_DOWN l
1401956923433 6 4098 659.5 971.951 0.20000002 4.0 4.0 4.0 4.0 0.0 0.192 2 TOUCH_MOVE l
1401956923466 6 4098 658.57135 971.951 0.20000002 4.0 4.0 4.0 4.0 0.0 0.192 2 TOUCH_MOVE l
1401956923479 6 4098 657.0 972.451 0.16666667 3.0 3.0 3.0 3.0 0.0 0.17600001 2 TOUCH_MOVE l
1401956923512 6 4098 657.0 972.451 0.16666667 3.0 3.0 3.0 3.0 0.0 0.17600001 1 TOUCH_UP l
1401956923793 6 4098 233.0 955.451 0.26666668 4.0 4.0 4.0 4.0 0.0 0.2 0 TOUCH_DOWN d
1401956923801 6 4098 233.0 955.451 0.26666668 4.0 4.0 4.0 4.0 0.0 0.20400001 2 TOUCH_MOVE d
1401956923824 6 4098 232.40845 955.451 0.26666668 4.0 4.0 4.0 4.0 0.0 0.2 2 TOUCH_MOVE d
1401956923846 6 4098 232.40845 955.451 0.26666668 4.0 4.0 4.0 4.0 0.0 0.2 1 TOUCH_UP d
1401956924642 6 4098 449.0 1244.9509 0.20000002 5.0 5.0 5.0 5.0 0.0 0.18 0 TOUCH_DOWN ,
1401956924667 6 4098 448.15997 1244.1108 0.20000002 5.0 5.0 5.0 5.0 0.0 0.18 2 TOUCH_MOVE ,
1401956924684 6 4098 447.25 1243.2009 0.20000002 5.0 5.0 5.0 5.0 0.0 0.17600001 2 TOUCH_MOVE ,
1401956924694 6 4098 447.25 1243.2009 0.20000002 5.0 5.0 5.0 5.0 0.0 0.17600001 1 TOUCH_UP ,
1401956924978 6 4098 308.0 1215.4509 0.16666667 3.0 3.0 3.0 3.0 0.0 0.192 0 TOUCH_DOWN Space
1401956925020 6 4098 305.0 1213.9509 0.16666667 3.0 3.0 3.0 3.0 0.0 0.18400002 2 TOUCH_MOVE Space
1401956925028 6 4098 305.0 1213.9509 0.16666667 3.0 3.0 3.0 3.0 0.0 0.132 2 TOUCH_MOVE Space
1401956925032 6 4098 305.0 1213.9509 0.16666667 3.0 3.0 3.0 3.0 0.0 0.132 1 TOUCH_UP Space
1401956925872 6 4098 129.5 812.451 0.26666668 4.0 4.0 4.0 4.0 0.0 0.20400001 0 TOUCH_DOWN w
1401956925885 6 4098 129.5 812.451 0.26666668 4.0 4.0 4.0 4.0 0.0 0.208 2 TOUCH_MOVE w
1401956925902 6 4098 128.82365 812.6273 0.26666668 4.0 4.0 4.0 4.0 0.0 0.208 2 TOUCH_MOVE w
1401956925919 6 4098 127.86284 813.58813 0.26666668 4.0 4.0 4.0 4.0 0.0 0.20400001 2 TOUCH_MOVE w
1401956925935 6 4098 127.5 815.14197 0.20000002 4.0 4.0 4.0 4.0 0.0 0.18800001 2 TOUCH_MOVE w
1401956925945 6 4098 128.5 817.451 0.23333335 5.0 5.0 5.0 5.0 0.0 0.172 2 TOUCH_MOVE w
1401956925949 6 4098 128.5 817.451 0.23333335 5.0 5.0 5.0 5.0 0.0 0.172 1 TOUCH_UP w
1401956926092 6 4098 194.5 820.951 0.26666668 4.0 4.0 4.0 4.0 0.0 0.208 0 TOUCH_DOWN e
1401956926152 6 4098 193.85712 822.73676 0.23333335 5.0 5.0 5.0 5.0 0.0 0.192 2 TOUCH_MOVE e
1401956926168 6 4098 192.5 828.451 0.20000002 4.0 4.0 4.0 4.0 0.0 0.17600001 2 TOUCH_MOVE e
1401956926183 6 4098 192.5 828.451 0.20000002 4.0 4.0 4.0 4.0 0.0 0.17600001 1 TOUCH_UP e
1401956926478 6 4098 332.5 1196.9509 0.23333335 5.0 5.0 5.0 5.0 0.0 0.192 0 TOUCH_DOWN Space
1401956926544 6 4098 332.0 1196.9509 0.23333335 5.0 5.0 5.0 5.0 0.0 0.17600001 2 TOUCH_MOVE Space
1401956926548 6 4098 332.0 1196.9509 0.23333335 5.0 5.0 5.0 5.0 0.0 0.17600001 1 TOUCH_UP Space
1401956926845 6 4098 76.5 953.451 0.20000002 4.0 4.0 4.0 4.0 0.0 0.20400001 0 TOUCH_DOWN a
1401956926874 6 4098 75.5 953.36206 0.20000002 4.0 4.0 4.0 4.0 0.0 0.2 2 TOUCH_MOVE a
1401956926889 6 4098 75.5 952.951 0.20000002 4.0 4.0 4.0 4.0 0.0 0.18800001 2 TOUCH_MOVE a
1401956926893 6 4098 75.5 952.951 0.20000002 4.0 4.0 4.0 4.0 0.0 0.18800001 1 TOUCH_UP a
1401956927099 6 4098 282.5 825.451 0.3 5.0 5.0 5.0 5.0 0.0 0.20400001 0 TOUCH_DOWN r
1401956927142 6 4098 282.5 825.451 0.3 5.0 5.0 5.0 5.0 0.0 0.20400001 1 TOUCH_UP r
1401956927298 6 4098 170.5 832.951 0.3 5.0 5.0 5.0 5.0 0.0 0.208 0 TOUCH_DOWN e
1401956927336 6 4098 170.5 833.46686 0.26666668 4.0 4.0 4.0 4.0 0.0 0.19600001 2 TOUCH_MOVE e
1401956927353 6 4098 170.5 834.951 0.16666667 3.0 3.0 3.0 3.0 0.0 0.104 2 TOUCH_MOVE e
1401956927359 6 4098 170.5 834.951 0.16666667 3.0 3.0 3.0 3.0 0.0 0.104 1 TOUCH_UP e
1401956927660 6 4098 334.0 1205.9509 0.26666668 5.0 5.0 5.0 5.0 0.0 0.192 0 TOUCH_DOWN Space
1401956927721 6 4098 334.0 1205.9509 0.26666668 5.0 5.0 5.0 5.0 0.0 0.192 1 TOUCH_UP Space
1401956929529 6 4098 354.5 813.951 0.26666668 4.0 4.0 4.0 4.0 0.0 0.208 0 TOUCH_DOWN t
1401956929559 6 4098 353.74054 814.21045 0.26666668 4.0 4.0 4.0 4.0 0.0 0.208 2 TOUCH_MOVE t
1401956929572 6 4098 352.74527 815.2057 0.26666668 4.0 4.0 4.0 4.0 0.0 0.208 2 TOUCH_MOVE t
1401956929589 6 4098 352.5 817.52026 0.26666668 5.0 5.0 5.0 5.0 0.0 0.19600001 2 TOUCH_MOVE t
1401956929596 6 4098 352.5 818.951 0.23333335 5.0 5.0 5.0 5.0 0.0 0.18 2 TOUCH_MOVE t
1401956929602 6 4098 352.5 818.951 0.23333335 5.0 5.0 5.0 5.0 0.0 0.18 1 TOUCH_UP t
1401956929776 6 4098 438.5 940.451 0.33333334 5.0 5.0 5.0 5.0 0.0 0.19600001 0 TOUCH_DOWN h
1401956929790 6 4098 438.5 940.451 0.3 5.0 5.0 5.0 5.0 0.0 0.2 2 TOUCH_MOVE h
1401956929832 6 4098 438.5 940.451 0.3 5.0 5.0 5.0 5.0 0.0 0.2 1 TOUCH_UP h
1401956930097 6 4098 177.0 807.951 0.23333335 4.0 4.0 4.0 4.0 0.0 0.208 0 TOUCH_DOWN e
1401956930139 6 4098 176.5 807.951 0.23333335 4.0 4.0 4.0 4.0 0.0 0.18 2 TOUCH_MOVE e
1401956930145 6 4098 176.5 807.951 0.23333335 4.0 4.0 4.0 4.0 0.0 0.18 1 TOUCH_UP e
1401956930427 6 4098 318.5 1192.9509 0.20000002 4.0 4.0 4.0 4.0 0.0 0.192 0 TOUCH_DOWN Space
1401956930440 6 4098 318.5 1192.9509 0.20000002 4.0 4.0 4.0 4.0 0.0 0.19600001 2 TOUCH_MOVE Space
1401956930472 6 4098 317.5 1192.9509 0.16666667 3.0 3.0 3.0 3.0 0.0 0.17600001 2 TOUCH_MOVE Space
1401956930476 6 4098 317.5 1192.9509 0.16666667 3.0 3.0 3.0 3.0 0.0 0.17600001 1 TOUCH_UP Space
1401956931252 6 4098 281.0 1072.9509 0.26666668 5.0 5.0 5.0 5.0 0.0 0.18800001 0 TOUCH_DOWN c
1401956931262 6 4098 281.0 1072.9509 0.26666668 5.0 5.0 5.0 5.0 0.0 0.192 2 TOUCH_MOVE c
1401956931288 6 4098 281.0 1072.9509 0.26666668 5.0 5.0 5.0 5.0 0.0 0.192 1 TOUCH_UP c
1401956931491 6 4098 438.0 955.451 0.3 5.0 5.0 5.0 5.0 0.0 0.19600001 0 TOUCH_DOWN h
1401956931541 6 4098 438.0 955.451 0.3 5.0 5.0 5.0 5.0 0.0 0.19600001 1 TOUCH_UP h
1401956931717 6 4098 541.5 826.451 0.3 5.0 5.0 5.0 5.0 0.0 0.2 0 TOUCH_DOWN i
1401956931724 6 4098 541.5 826.451 0.26666668 4.0 4.0 4.0 4.0 0.0 0.2 2 TOUCH_MOVE i
1401956931770 6 4098 541.5 826.451 0.23333335 4.0 4.0 4.0 4.0 0.0 0.156 2 TOUCH_MOVE i
1401956931774 6 4098 541.5 826.451 0.23333335 4.0 4.0 4.0 4.0 0.0 0.156 1 TOUCH_UP i
1401956932671 6 4098 669.5 968.451 0.23333335 5.0 5.0 5.0 5.0 0.0 0.18800001 0 TOUCH_DOWN l
1401956932714 6 4098 668.5 968.451 0.16666667 3.0 3.0 3.0 3.0 0.0 0.104 2 TOUCH_MOVE l
1401956932719 6 4098 668.5 968.451 0.16666667 3.0 3.0 3.0 3.0 0.0 0.104 1 TOUCH_UP l
1401956933127 6 4098 215.0 933.451 0.3 5.0 5.0 5.0 5.0 0.0 0.2 0 TOUCH_DOWN d
1401956933145 6 4098 215.0 933.451 0.3 5.0 5.0 5.0 5.0 0.0 0.20400001 2 TOUCH_MOVE d
1401956933194 6 4098 215.0 933.451 0.3 5.0 5.0 5.0 5.0 0.0 0.20400001 1 TOUCH_UP d
1401956933336 6 4098 276.0 833.951 0.33333334 5.0 5.0 5.0 5.0 0.0 0.20400001 0 TOUCH_DOWN r
1401956933375 6 4098 274.43222 832.9171 0.33333334 5.0 5.0 5.0 5.0 0.0 0.18800001 2 TOUCH_MOVE r
1401956933386 6 4098 274.5 832.951 0.20000002 3.0 3.0 3.0 3.0 0.0 0.120000005 2 TOUCH_MOVE r
1401956933390 6 4098 274.5 832.951 0.20000002 3.0 3.0 3.0 3.0 0.0 0.120000005 1 TOUCH_UP r
1401956933534 6 4098 174.5 824.951 0.3 5.0 5.0 5.0 5.0 0.0 0.20400001 0 TOUCH_DOWN e
1401956933586 6 4098 175.0 825.451 0.16666667 3.0 3.0 3.0 3.0 0.0 0.108 2 TOUCH_MOVE e
1401956933604 6 4098 175.0 825.451 0.16666667 3.0 3.0 3.0 3.0 0.0 0.108 1 TOUCH_UP e
1401956934183 6 4098 526.0 1099.9509 0.20000002 4.0 4.0 4.0 4.0 0.0 0.192 0 TOUCH_DOWN n
1401956934193 6 4098 526.0 1099.9509 0.26666668 4.0 4.0 4.0 4.0 0.0 0.19600001 2 TOUCH_MOVE n
1401956934234 6 4098 526.0 1100.4509 0.20000002 4.0 4.0 4.0 4.0 0.0 0.18 2 TOUCH_MOVE n
1401956934242 6 4098 526.0 1100.4509 0.20000002 4.0 4.0 4.0 4.0 0.0 0.18 1 TOUCH_UP n
1401956934885 6 4098 697.5 1220.9509 0.16666667 3.0 3.0 3.0 3.0 0.0 0.17600001 0 TOUCH_DOWN Enter
1401956934907 6 4098 697.5 1220.9509 0.16666667 3.0 3.0 3.0 3.0 0.0 0.17600001 1 TOUCH_UP Enter
1401956936060 6 4098 71.0 1071.4509 0.20000002 3.0 3.0 3.0 3.0 0.0 0.192 0 TOUCH_DOWN Change
1401956936094 6 4098 69.83539 1071.4509 0.20000002 3.0 3.0 3.0 3.0 0.0 0.192 2 TOUCH_MOVE Change
1401956936103 6 4098 69.5 1071.4509 0.20000002 3.0 3.0 3.0 3.0 0.0 0.18 2 TOUCH_MOVE Change
1401956936107 6 4098 69.5 1071.4509 0.20000002 3.0 3.0 3.0 3.0 0.0 0.18 1 TOUCH_UP Change
1401956936424 6 4098 111.0 813.451 0.23333335 4.0 4.0 4.0 4.0 0.0 0.2 0 TOUCH_DOWN W
1401956936468 6 4098 111.0 813.451 0.26666668 4.0 4.0 4.0 4.0 0.0 0.18 2 TOUCH_MOVE W
1401956936472 6 4098 111.0 813.451 0.26666668 4.0 4.0 4.0 4.0 0.0 0.18 1 TOUCH_UP W
1401956936923 6 4098 193.5 816.951 0.23333335 4.0 4.0 4.0 4.0 0.0 0.2 0 TOUCH_DOWN E
1401956936946 6 4098 193.5 816.951 0.26666668 4.0 4.0 4.0 4.0 0.0 0.2 2 TOUCH_MOVE E
1401956936969 6 4098 193.5 817.451 0.20000002 4.0 4.0 4.0 4.0 0.0 0.18 2 TOUCH_MOVE E
1401956936972 6 4098 193.5 817.451 0.20000002 4.0 4.0 4.0 4.0 0.0 0.18 1 TOUCH_UP E
1401956937793 6 4098 711.0 1092.9509 0.20000002 3.0 3.0 3.0 3.0 0.0 0.18400002 0 TOUCH_DOWN Back
1401956937816 6 4098 711.0 1092.9509 0.20000002 3.0 3.0 3.0 3.0 0.0 0.18800001 2 TOUCH_MOVE Back
1401956937829 6 4098 710.5 1093.4509 0.20000002 3.0 3.0 3.0 3.0 0.0 0.18 2 TOUCH_MOVE Back
1401956937846 6 4098 710.5 1093.4509 0.13333334 2.0 2.0 2.0 2.0 0.0 0.15200001 2 TOUCH_MOVE Back
1401956937851 6 4098 710.5 1093.4509 0.13333334 2.0 2.0 2.0 2.0 0.0 0.15200001 1 TOUCH_UP Back
1401956938422 6 4098 59.0 1084.4509 0.16666667 3.0 3.0 3.0 3.0 0.0 0.192 0 TOUCH_DOWN Change
1401956938447 6 4098 57.923687 1084.4509 0.16666667 3.0 3.0 3.0 3.0 0.0 0.192 2 TOUCH_MOVE Change
1401956938463 6 4098 56.98389 1084.4509 0.16666667 3.0 3.0 3.0 3.0 0.0 0.172 2 TOUCH_MOVE Change
1401956938475 6 4098 56.98389 1084.4509 0.16666667 3.0 3.0 3.0 3.0 0.0 0.172 1 TOUCH_UP Change
1401956939172 6 4098 166.0 821.951 0.3 5.0 5.0 5.0 5.0 0.0 0.2 0 TOUCH_DOWN e
1401956939201 6 4098 166.0 821.951 0.3 5.0 5.0 5.0 5.0 0.0 0.20400001 2 TOUCH_MOVE e
1401956939224 6 4098 166.0 822.451 0.3 5.0 5.0 5.0 5.0 0.0 0.18800001 2 TOUCH_MOVE e
1401956939235 6 4098 166.0 822.451 0.3 5.0 5.0 5.0 5.0 0.0 0.18800001 1 TOUCH_UP e
1401956939589 6 4098 317.5 1213.9509 0.23333335 4.0 4.0 4.0 4.0 0.0 0.18800001 0 TOUCH_DOWN Space
1401956939602 6 4098 317.5 1213.9509 0.23333335 4.0 4.0 4.0 4.0 0.0 0.192 2 TOUCH_MOVE Space
1401956939640 6 4098 317.5 1213.9509 0.23333335 4.0 4.0 4.0 4.0 0.0 0.192 1 TOUCH_UP Space
1401956940610 6 4098 78.5 962.951 0.23333335 4.0 4.0 4.0 4.0 0.0 0.20400001 0 TOUCH_DOWN a
1401956940617 6 4098 78.1739 962.951 0.20000002 3.0 3.0 3.0 3.0 0.0 0.20400001 2 TOUCH_MOVE a
1401956940633 6 4098 77.194824 962.951 0.23333335 4.0 4.0 4.0 4.0 0.0 0.20400001 2 TOUCH_MOVE a
1401956940649 6 4098 76.25 962.951 0.20000002 3.0 3.0 3.0 3.0 0.0 0.19600001 2 TOUCH_MOVE a
1401956940666 6 4098 76.25 962.951 0.20000002 3.0 3.0 3.0 3.0 0.0 0.19600001 1 TOUCH_UP a
1401956940868 6 4098 266.0 823.951 0.3 5.0 5.0 5.0 5.0 0.0 0.20400001 0 TOUCH_DOWN r
1401956940888 6 4098 266.0 823.951 0.26666668 4.0 4.0 4.0 4.0 0.0 0.20400001 2 TOUCH_MOVE r
1401956940912 6 4098 266.0 823.951 0.26666668 4.0 4.0 4.0 4.0 0.0 0.20400001 1 TOUCH_UP r
1401956941061 6 4098 187.0 816.951 0.26666668 4.0 4.0 4.0 4.0 0.0 0.20400001 0 TOUCH_DOWN e
1401956941082 6 4098 187.0 816.951 0.26666668 4.0 4.0 4.0 4.0 0.0 0.208 2 TOUCH_MOVE e
1401956941099 6 4098 186.178 818.095 0.26666668 4.0 4.0 4.0 4.0 0.0 0.20400001 2 TOUCH_MOVE e
1401956941116 6 4098 185.5 820.951 0.23333335 5.0 5.0 5.0 5.0 0.0 0.192 2 TOUCH_MOVE e
1401956941122 6 4098 185.5 820.951 0.16666667 3.0 3.0 3.0 3.0 0.0 0.15200001 2 TOUCH_MOVE e
1401956941128 6 4098 185.5 820.951 0.16666667 3.0 3.0 3.0 3.0 0.0 0.15200001 1 TOUCH_UP e
1401956941522 6 4098 329.5 1241.9509 0.20000002 5.0 5.0 5.0 5.0 0.0 0.18400002 0 TOUCH_DOWN Space
1401956941568 6 4098 329.5 1241.9509 0.20000002 5.0 5.0 5.0 5.0 0.0 0.18400002 1 TOUCH_UP Space
1401956944539 6 4098 321.0 828.951 0.3 5.0 5.0 5.0 5.0 0.0 0.2 0 TOUCH_DOWN t
1401956944554 6 4098 321.0 828.951 0.3 5.0 5.0 5.0 5.0 0.0 0.20400001 2 TOUCH_MOVE t
1401956944575 6 4098 321.0 829.451 0.3 5.0 5.0 5.0 5.0 0.0 0.18400002 2 TOUCH_MOVE t
1401956944579 6 4098 321.0 829.451 0.3 5.0 5.0 5.0 5.0 0.0 0.18400002 1 TOUCH_UP t
1401956944744 6 4098 450.5 932.451 0.33333334 5.0 5.0 5.0 5.0 0.0 0.192 0 TOUCH_DOWN h
1401956944769 6 4098 450.5 932.451 0.3 5.0 5.0 5.0 5.0 0.0 0.19600001 2 TOUCH_MOVE h
1401956944801 6 4098 450.0 932.451 0.3 5.0 5.0 5.0 5.0 0.0 0.18800001 2 TOUCH_MOVE h
1401956944805 6 4098 450.0 932.451 0.3 5.0 5.0 5.0 5.0 0.0 0.18800001 1 TOUCH_UP h
1401956945054 6 4098 176.0 803.451 0.23333335 4.0 4.0 4.0 4.0 0.0 0.20400001 0 TOUCH_DOWN e
1401956945086 6 4098 174.80534 804.1456 0.23333335 4.0 4.0 4.0 4.0 0.0 0.2 2 TOUCH_MOVE e
1401956945103 6 4098 173.5 807.451 0.26666668 4.0 4.0 4.0 4.0 0.0 0.18 2 TOUCH_MOVE e
1401956945108 6 4098 173.5 807.451 0.26666668 4.0 4.0 4.0 4.0 0.0 0.18 1 TOUCH_UP e
1401956945396 6 4098 316.0 1188.4509 0.20000002 4.0 4.0 4.0 4.0 0.0 0.18400002 0 TOUCH_DOWN Space
1401956945427 6 4098 316.0 1189.1892 0.20000002 4.0 4.0 4.0 4.0 0.0 0.18400002 2 TOUCH_MOVE Space
1401956945451 6 4098 316.0 1189.1892 0.20000002 4.0 4.0 4.0 4.0 0.0 0.18400002 1 TOUCH_UP Space
1401956945769 6 4098 625.5 810.451 0.23333335 4.0 4.0 4.0 4.0 0.0 0.192 0 TOUCH_DOWN o
1401956945803 6 4098 620.6393 816.5986 0.33333334 5.0 5.0 5.0 5.0 0.0 0.18 2 TOUCH_MOVE o
1401956945810 6 4098 620.6393 816.5986 0.33333334 5.0 5.0 5.0 5.0 0.0 0.18 1 TOUCH_UP o
1401956946026 6 4098 512.5 1095.9509 0.26666668 4.0 4.0 4.0 4.0 0.0 0.192 0 TOUCH_DOWN n
1401956946051 6 4098 512.3649 1096.5859 0.26666668 4.0 4.0 4.0 4.0 0.0 0.192 2 TOUCH_MOVE n
1401956946057 6 4098 511.3997 1097.5513 0.26666668 4.0 4.0 4.0 4.0 0.0 0.192 2 TOUCH_MOVE n
1401956946070 6 4098 509.8703 1097.9509 0.23333335 4.0 4.0 4.0 4.0 0.0 0.18800001 2 TOUCH_MOVE n
1401956946081 6 4098 509.0 1097.9509 0.23333335 4.0 4.0 4.0 4.0 0.0 0.18 2 TOUCH_MOVE n
1401956946084 6 4098 509.0 1097.9509 0.23333335 4.0 4.0 4.0 4.0 0.0 0.18 1 TOUCH_UP n
1401956946436 6 4098 182.5 805.951 0.23333335 4.0 4.0 4.0 4.0 0.0 0.20400001 0 TOUCH_DOWN e
1401956946488 6 4098 182.5 805.951 0.20000002 3.0 3.0 3.0 3.0 0.0 0.18800001 2 TOUCH_MOVE e
1401956946496 6 4098 182.5 805.951 0.20000002 4.0 4.0 4.0 4.0 0.0 0.16000001 2 TOUCH_MOVE e
1401956946500 6 4098 182.5 805.951 0.20000002 4.0 4.0 4.0 4.0 0.0 0.16000001 1 TOUCH_UP e
1401956946671 6 4098 150.5 920.451 0.23333335 4.0 4.0 4.0 4.0 0.0 0.192 0 TOUCH_DOWN s
1401956946691 6 4098 150.5 920.451 0.23333335 4.0 4.0 4.0 4.0 0.0 0.19600001 2 TOUCH_MOVE s
1401956946717 6 4098 150.5 920.951 0.23333335 4.0 4.0 4.0 4.0 0.0 0.17600001 2 TOUCH_MOVE s
1401956946721 6 4098 150.5 920.951 0.23333335 4.0 4.0 4.0 4.0 0.0 0.17600001 1 TOUCH_UP s
1401956947598 6 4098 347.5 1192.4509 0.20000002 4.0 4.0 4.0 4.0 0.0 0.18800001 0 TOUCH_DOWN Space
1401956947606 6 4098 347.5 1192.4509 0.20000002 4.0 4.0 4.0 4.0 0.0 0.192 2 TOUCH_MOVE Space
1401956947641 6 4098 347.5 1192.4509 0.20000002 4.0 4.0 4.0 4.0 0.0 0.192 1 TOUCH_UP Space
1401956950756 6 4098 122.0 817.451 0.26666668 4.0 4.0 4.0 4.0 0.0 0.19600001 0 TOUCH_DOWN w
1401956950789 6 4098 122.0 817.951 0.23333335 5.0 5.0 5.0 5.0 0.0 0.164 2 TOUCH_MOVE w
1401956950796 6 4098 122.0 817.951 0.23333335 5.0 5.0 5.0 5.0 0.0 0.164 1 TOUCH_UP w
1401956951343 6 4098 447.0 956.951 0.26666668 5.0 5.0 5.0 5.0 0.0 0.18800001 0 TOUCH_DOWN h
1401956951353 6 4098 446.85757 956.87976 0.3 5.0 5.0 5.0 5.0 0.0 0.19600001 2 TOUCH_MOVE h
1401956951372 6 4098 445.7937 956.2447 0.3 5.0 5.0 5.0 5.0 0.0 0.192 2 TOUCH_MOVE h
1401956951378 6 4098 443.37827 954.3698 0.3 5.0 5.0 5.0 5.0 0.0 0.19600001 2 TOUCH_MOVE h
1401956951407 6 4098 441.48584 953.451 0.3 5.0 5.0 5.0 5.0 0.0 0.192 2 TOUCH_MOVE h
1401956951421 6 4098 441.0 953.451 0.26666668 5.0 5.0 5.0 5.0 0.0 0.14400001 2 TOUCH_MOVE h
1401956951434 6 4098 441.0 953.451 0.26666668 5.0 5.0 5.0 5.0 0.0 0.14400001 1 TOUCH_UP h
1401956951595 6 4098 607.5 826.951 0.33333334 5.0 5.0 5.0 5.0 0.0 0.19600001 0 TOUCH_DOWN o
1401956951620 6 4098 607.5 826.951 0.3 5.0 5.0 5.0 5.0 0.0 0.19600001 2 TOUCH_MOVE o
1401956951655 6 4098 607.0 829.951 0.23333335 4.0 4.0 4.0 4.0 0.0 0.17600001 2 TOUCH_MOVE o
1401956951660 6 4098 607.0 829.951 0.23333335 4.0 4.0 4.0 4.0 0.0 0.17600001 1 TOUCH_UP o
1401956951985 6 4098 297.0 1195.9509 0.16666667 3.0 3.0 3.0 3.0 0.0 0.18400002 0 TOUCH_DOWN Space
1401956952027 6 4098 297.0 1195.9509 0.16666667 3.0 3.0 3.0 3.0 0.0 0.18400002 1 TOUCH_UP Space
1401956954149 6 4098 570.5 1087.9509 0.16666667 3.0 3.0 3.0 3.0 0.0 0.18400002 0 TOUCH_DOWN m
1401956954179 6 4098 570.5 1087.9509 0.20000002 4.0 4.0 4.0 4.0 0.0 0.18400002 2 TOUCH_MOVE m
1401956954188 6 4098 570.5 1087.9509 0.20000002 4.0 4.0 4.0 4.0 0.0 0.18400002 1 TOUCH_UP m
1401956954475 6 4098 71.5 938.451 0.26666668 5.0 5.0 5.0 5.0 0.0 0.20400001 0 TOUCH_DOWN a
1401956954512 6 4098 70.77495 939.7758 0.26666668 5.0 5.0 5.0 5.0 0.0 0.208 2 TOUCH_MOVE a
1401956954529 6 4098 73.5 944.451 0.20000002 3.0 3.0 3.0 3.0 0.0 0.18800001 2 TOUCH_MOVE a
1401956954536 6 4098 73.5 944.451 0.16666667 3.0 3.0 3.0 3.0 0.0 0.112 2 TOUCH_MOVE a
1401956954541 6 4098 73.5 944.451 0.16666667 3.0 3.0 3.0 3.0 0.0 0.112 1 TOUCH_UP a
1401956955030 6 4098 594.5 952.451 0.26666668 4.0 4.0 4.0 4.0 0.0 0.19600001 0 TOUCH_DOWN k
1401956955066 6 4098 594.5 952.451 0.26666668 4.0 4.0 4.0 4.0 0.0 0.19600001 1 TOUCH_UP k
1401956955356 6 4098 169.5 825.951 0.33333334 5.0 5.0 5.0 5.0 0.0 0.21200001 0 TOUCH_DOWN e
1401956955362 6 4098 169.5 825.951 0.33333334 5.0 5.0 5.0 5.0 0.0 0.208 2 TOUCH_MOVE e
1401956955396 6 4098 171.96371 827.76013 0.3 5.0 5.0 5.0 5.0 0.0 0.2 2 TOUCH_MOVE e
1401956955423 6 4098 173.0 828.451 0.13333334 2.0 2.0 2.0 2.0 0.0 0.112 2 TOUCH_MOVE e
1401956955437 6 4098 173.0 828.451 0.13333334 2.0 2.0 2.0 2.0 0.0 0.112 1 TOUCH_UP e
1401956955835 6 4098 325.5 1182.9509 0.26666668 5.0 5.0 5.0 5.0 0.0 0.192 0 TOUCH_DOWN Space
1401956955880 6 4098 325.5 1182.9509 0.26666668 5.0 5.0 5.0 5.0 0.0 0.192 1 TOUCH_UP Space
1401956956163 6 4098 96.0 971.951 0.20000002 4.0 4.0 4.0 4.0 0.0 0.2 0 TOUCH_DOWN a
1401956956197 6 4098 94.411064 971.951 0.20000002 4.0 4.0 4.0 4.0 0.0 0.2 2 TOUCH_MOVE a
1401956956214 6 4098 93.417206 973.1166 0.23333335 4.0 4.0 4.0 4.0 0.0 0.192 2 TOUCH_MOVE a
1401956956224 6 4098 93.5 976.951 0.26666668 4.0 4.0 4.0 4.0 0.0 0.17600001 2 TOUCH_MOVE a
1401956956227 6 4098 93.5 976.951 0.26666668 4.0 4.0 4.0 4.0 0.0 0.17600001 1 TOUCH_UP a
1401956956475 6 4098 341.5 1196.4509 0.20000002 4.0 4.0 4.0 4.0 0.0 0.192 0 TOUCH_DOWN Space
1401956956517 6 4098 340.06503 1196.4509 0.20000002 4.0 4.0 4.0 4.0 0.0 0.18800001 2 TOUCH_MOVE Space
1401956956526 6 4098 340.0 1196.4509 0.20000002 4.0 4.0 4.0 4.0 0.0 0.15200001 2 TOUCH_MOVE Space
1401956956530 6 4098 340.0 1196.4509 0.20000002 4.0 4.0 4.0 4.0 0.0 0.15200001 1 TOUCH_UP Space
1401956956820 6 4098 433.0 1084.4509 0.20000002 4.0 4.0 4.0 4.0 0.0 0.18400002 0 TOUCH_DOWN b
1401956956851 6 4098 433.0 1084.4509 0.20000002 4.0 4.0 4.0 4.0 0.0 0.18400002 1 TOUCH_UP b
1401956957425 6 4098 277.5 815.451 0.3 5.0 5.0 5.0 5.0 0.0 0.20400001 0 TOUCH_DOWN r
1401956957464 6 4098 276.62912 817.19275 0.3 5.0 5.0 5.0 5.0 0.0 0.20400001 2 TOUCH_MOVE r
1401956957482 6 4098 276.8325 821.7784 0.33333334 5.0 5.0 5.0 5.0 0.0 0.19600001 2 TOUCH_MOVE r
1401956957487 6 4098 277.0 822.951 0.26666668 4.0 4.0 4.0 4.0 0.0 0.18 2 TOUCH_MOVE r
1401956957490 6 4098 277.0 822.951 0.26666668 4.0 4.0 4.0 4.0 0.0 0.18 1 TOUCH_UP r
1401956957734 6 4098 544.0 846.951 0.23333335 4.0 4.0 4.0 4.0 0.0 0.192 0 TOUCH_DOWN i
1401956957764 6 4098 543.5 847.451 0.16666667 3.0 3.0 3.0 3.0 0.0 0.18 2 TOUCH_MOVE i
1401956957767 6 4098 543.5 847.451 0.16666667 3.0 3.0 3.0 3.0 0.0 0.18 1 TOUCH_UP i
1401956960677 6 4098 360.5 944.451 0.23333335 5.0 5.0 5.0 5.0 0.0 0.19600001 0 TOUCH_DOWN g
1401956960733 6 4098 360.5 944.451 0.20000002 4.0 4.0 4.0 4.0 0.0 0.16000001 2 TOUCH_MOVE g
1401956960737 6 4098 360.5 944.451 0.20000002 4.0 4.0 4.0 4.0 0.0 0.16000001 1 TOUCH_UP g
1401956960902 6 4098 437.0 958.951 0.26666668 5.0 5.0 5.0 5.0 0.0 0.19600001 0 TOUCH_DOWN h
1401956960920 6 4098 437.0 958.951 0.26666668 5.0 5.0 5.0 5.0 0.0 0.192 2 TOUCH_MOVE h
1401956960952 6 4098 437.0 958.951 0.26666668 5.0 5.0 5.0 5.0 0.0 0.192 1 TOUCH_UP h
1401956961331 6 4098 332.5 815.451 0.3 5.0 5.0 5.0 5.0 0.0 0.2 0 TOUCH_DOWN t
1401956961364 6 4098 332.5 815.451 0.3 5.0 5.0 5.0 5.0 0.0 0.20400001 2 TOUCH_MOVE t
1401956961385 6 4098 331.5 816.451 0.33333334 5.0 5.0 5.0 5.0 0.0 0.18800001 2 TOUCH_MOVE t
1401956961390 6 4098 331.5 816.451 0.26666668 5.0 5.0 5.0 5.0 0.0 0.14 2 TOUCH_MOVE t
1401956961394 6 4098 331.5 816.451 0.26666668 5.0 5.0 5.0 5.0 0.0 0.14 1 TOUCH_UP t
1401956961581 6 4098 175.5 839.451 0.26666668 4.0 4.0 4.0 4.0 0.0 0.20400001 0 TOUCH_DOWN e
1401956961601 6 4098 175.5 839.451 0.26666668 4.0 4.0 4.0 4.0 0.0 0.208 2 TOUCH_MOVE e
1401956961632 6 4098 175.5 839.451 0.16666667 3.0 3.0 3.0 3.0 0.0 0.17600001 2 TOUCH_MOVE e
1401956961652 6 4098 175.5 839.451 0.16666667 3.0 3.0 3.0 3.0 0.0 0.17600001 1 TOUCH_UP e
1401956961763 6 4098 245.0 826.451 0.23333335 5.0 5.0 5.0 5.0 0.0 0.19600001 0 TOUCH_DOWN r
1401956961770 6 4098 245.0 826.451 0.23333335 5.0 5.0 5.0 5.0 0.0 0.2 2 TOUCH_MOVE r
1401956961818 6 4098 245.0 827.451 0.20000002 4.0 4.0 4.0 4.0 0.0 0.18400002 2 TOUCH_MOVE r
1401956961823 6 4098 245.0 827.451 0.16666667 3.0 3.0 3.0 3.0 0.0 0.120000005 2 TOUCH_MOVE r
1401956961827 6 4098 245.0 827.451 0.16666667 3.0 3.0 3.0 3.0 0.0 0.120000005 1 TOUCH_UP r
1401956962378 6 4098 325.5 1221.4509 0.26666668 5.0 5.0 5.0 5.0 0.0 0.18800001 0 TOUCH_DOWN Space
1401956962385 6 4098 325.5 1221.4509 0.23333335 4.0 4.0 4.0 4.0 0.0 0.192 2 TOUCH_MOVE Space
1401956962420 6 4098 324.97046 1221.4509 0.23333335 4.0 4.0 4.0 4.0 0.0 0.18800001 2 TOUCH_MOVE Space
1401956962440 6 4098 324.97046 1221.4509 0.23333335 4.0 4.0 4.0 4.0 0.0 0.18800001 1 TOUCH_UP Space
1401956964127 6 4098 240.5 950.951 0.26666668 4.0 4.0 4.0 4.0 0.0 0.2 0 TOUCH_DOWN d
1401956964154 6 4098 239.64812 950.951 0.26666668 4.0 4.0 4.0 4.0 0.0 0.208 2 TOUCH_MOVE d
1401956964171 6 4098 238.68408 951.2669 0.26666668 4.0 4.0 4.0 4.0 0.0 0.192 2 TOUCH_MOVE d
1401956964177 6 4098 238.5 951.451 0.20000002 3.0 3.0 3.0 3.0 0.0 0.18 2 TOUCH_MOVE d
1401956964180 6 4098 238.5 951.451 0.20000002 3.0 3.0 3.0 3.0 0.0 0.18 1 TOUCH_UP d
1401956964402 6 4098 70.0 967.451 0.16666667 3.0 3.0 3.0 3.0 0.0 0.192 0 TOUCH_DOWN a
1401956964424 6 4098 70.0 967.451 0.16666667 3.0 3.0 3.0 3.0 0.0 0.19600001 2 TOUCH_MOVE a
1401956964450 6 4098 70.0 967.451 0.16666667 3.0 3.0 3.0 3.0 0.0 0.19600001 1 TOUCH_UP a
1401956964744 6 4098 403.5 830.451 0.3 5.0 5.0 5.0 5.0 0.0 0.2 0 TOUCH_DOWN y
1401956964755 6 4098 403.5 830.451 0.3 5.0 5.0 5.0 5.0 0.0 0.20400001 2 TOUCH_MOVE y
1401956964788 6 4098 402.04608 830.928 0.3 5.0 5.0 5.0 5.0 0.0 0.2 2 TOUCH_MOVE y
1401956964800 6 4098 401.0 831.951 0.26666668 4.0 4.0 4.0 4.0 0.0 0.17600001 2 TOUCH_MOVE y
1401956964804 6 4098 401.0 831.951 0.26666668 4.0 4.0 4.0 4.0 0.0 0.17600001 1 TOUCH_UP y
1401956965747 6 4098 707.5 1197.4509 0.16666667 3.0 3.0 3.0 3.0 0.0 0.18 0 TOUCH_DOWN Enter
1401956965799 6 4098 707.5 1197.4509 0.16666667 3.0 3.0 3.0 3.0 0.0 0.18 1 TOUCH_UP Enter
1401956968708 6 4098 150.5 973.951 0.23333335 4.0 4.0 4.0 4.0 0.0 0.208 0 TOUCH_DOWN S
1401956968734 6 4098 149.1448 973.09576 0.23333335 4.0 4.0 4.0 4.0 0.0 0.21200001 2 TOUCH_MOVE S
1401956968761 6 4098 146.0 969.5956 0.23333335 4.0 4.0 4.0 4.0 0.0 0.20400001 2 TOUCH_MOVE S
1401956968780 6 4098 146.5 969.451 0.20000002 4.0 4.0 4.0 4.0 0.0 0.17600001 2 TOUCH_MOVE S
1401956968787 6 4098 146.5 969.451 0.20000002 4.0 4.0 4.0 4.0 0.0 0.17600001 1 TOUCH_UP S
1401956969088 6 4098 577.5 826.451 0.3 5.0 5.0 5.0 5.0 0.0 0.2 0 TOUCH_DOWN o
1401956969118 6 4098 574.9681 826.4616 0.3 5.0 5.0 5.0 5.0 0.0 0.20400001 2 TOUCH_MOVE o
1401956969125 6 4098 571.82574 828.62524 0.26666668 4.0 4.0 4.0 4.0 0.0 0.192 2 TOUCH_MOVE o
1401956969136 6 4098 569.0 832.951 0.23333335 4.0 4.0 4.0 4.0 0.0 0.17600001 2 TOUCH_MOVE o
1401956969139 6 4098 569.0 832.951 0.23333335 4.0 4.0 4.0 4.0 0.0 0.17600001 1 TOUCH_UP o
1401956969465 6 4098 271.0 1199.9509 0.23333335 5.0 5.0 5.0 5.0 0.0 0.192 0 TOUCH_DOWN Space
1401956969515 6 4098 271.0 1199.9509 0.23333335 5.0 5.0 5.0 5.0 0.0 0.192 1 TOUCH_UP Space
1401956969802 6 4098 650.0 955.951 0.23333335 4.0 4.0 4.0 4.0 0.0 0.19600001 0 TOUCH_DOWN l
1401956969811 6 4098 650.0 955.951 0.26666668 4.0 4.0 4.0 4.0 0.0 0.19600001 2 TOUCH_MOVE l
1401956969849 6 4098 650.0 955.951 0.26666668 4.0 4.0 4.0 4.0 0.0 0.19600001 1 TOUCH_UP l
1401956970253 6 4098 172.0 833.951 0.3 5.0 5.0 5.0 5.0 0.0 0.208 0 TOUCH_DOWN e
1401956970260 6 4098 172.0 833.951 0.3 5.0 5.0 5.0 5.0 0.0 0.21200001 2 TOUCH_MOVE e
1401956970304 6 4098 172.0 833.951 0.23333335 4.0 4.0 4.0 4.0 0.0 0.18 2 TOUCH_MOVE e
1401956970308 6 4098 172.0 833.951 0.23333335 4.0 4.0 4.0 4.0 0.0 0.18 1 TOUCH_UP e
1401956970460 6 4098 315.0 827.951 0.3 5.0 5.0 5.0 5.0 0.0 0.208 0 TOUCH_DOWN t
1401956970514 6 4098 315.50836 828.45935 0.3 5.0 5.0 5.0 5.0 0.0 0.19600001 2 TOUCH_MOVE t
1401956970521 6 4098 316.0 830.951 0.26666668 4.0 4.0 4.0 4.0 0.0 0.17600001 2 TOUCH_MOVE t
1401956970524 6 4098 316.0 830.951 0.26666668 4.0 4.0 4.0 4.0 0.0 0.17600001 1 TOUCH_UP t
1401956971262 6 4098 567.0 1234.4509 0.23333335 4.0 4.0 4.0 4.0 0.0 0.18 0 TOUCH_DOWN '
1401956971286 6 4098 566.0 1234.4509 0.20000002 4.0 4.0 4.0 4.0 0.0 0.17600001 2 TOUCH_MOVE '
1401956971290 6 4098 566.0 1234.4509 0.20000002 4.0 4.0 4.0 4.0 0.0 0.17600001 1 TOUCH_UP '
1401956971651 6 4098 159.0 981.451 0.26666668 5.0 5.0 5.0 5.0 0.0 0.208 0 TOUCH_DOWN s
1401956971662 6 4098 159.0 981.451 0.26666668 5.0 5.0 5.0 5.0 0.0 0.21200001 2 TOUCH_MOVE s
1401956971694 6 4098 157.52765 982.3957 0.26666668 5.0 5.0 5.0 5.0 0.0 0.208 2 TOUCH_MOVE s
1401956971711 6 4098 157.5 985.951 0.33333334 5.0 5.0 5.0 5.0 0.0 0.19600001 2 TOUCH_MOVE s
1401956971715 6 4098 157.5 985.951 0.26666668 5.0 5.0 5.0 5.0 0.0 0.172 2 TOUCH_MOVE s
1401956971719 6 4098 157.5 985.951 0.26666668 5.0 5.0 5.0 5.0 0.0 0.172 1 TOUCH_UP s
1401956971928 6 4098 294.5 1252.9509 0.16666667 4.0 4.0 4.0 4.0 0.0 0.18 0 TOUCH_DOWN Space
1401956971983 6 4098 294.5 1252.9509 0.16666667 4.0 4.0 4.0 4.0 0.0 0.18 1 TOUCH_UP Space
1401956972305 6 4098 139.0 965.951 0.20000002 4.0 4.0 4.0 4.0 0.0 0.20400001 0 TOUCH_DOWN s
1401956972312 6 4098 139.0 965.951 0.23333335 4.0 4.0 4.0 4.0 0.0 0.208 2 TOUCH_MOVE s
1401956972337 6 4098 137.88728 965.951 0.23333335 4.0 4.0 4.0 4.0 0.0 0.208 2 TOUCH_MOVE s
1401956972346 6 4098 136.93486 965.951 0.23333335 4.0 4.0 4.0 4.0 0.0 0.2 2 TOUCH_MOVE s
1401956972361 6 4098 137.0 966.451 0.13333334 2.0 2.0 2.0 2.0 0.0 0.16000001 2 TOUCH_MOVE s
1401956972369 6 4098 137.0 966.451 0.13333334 2.0 2.0 2.0 2.0 0.0 0.16000001 1 TOUCH_UP s
1401956972578 6 4098 67.5 965.951 0.16666667 3.0 3.0 3.0 3.0 0.0 0.192 0 TOUCH_DOWN a
1401956972602 6 4098 67.5 965.951 0.20000002 3.0 3.0 3.0 3.0 0.0 0.2 2 TOUCH_MOVE a
1401956972633 6 4098 67.5 965.951 0.13333334 2.0 2.0 2.0 2.0 0.0 0.16800001 2 TOUCH_MOVE a
1401956972637 6 4098 67.5 965.951 0.13333334 2.0 2.0 2.0 2.0 0.0 0.16800001 1 TOUCH_UP a
1401956972908 6 4098 349.0 837.951 0.26666668 4.0 4.0 4.0 4.0 0.0 0.2 0 TOUCH_DOWN t
1401956972930 6 4098 349.0 837.951 0.26666668 4.0 4.0 4.0 4.0 0.0 0.20400001 2 TOUCH_MOVE t
1401956972945 6 4098 347.98514 837.451 0.26666668 4.0 4.0 4.0 4.0 0.0 0.2 2 TOUCH_MOVE t
1401956972966 6 4098 346.0 838.451 0.23333335 4.0 4.0 4.0 4.0 0.0 0.18400002 2 TOUCH_MOVE t
1401956972970 6 4098 346.0 838.451 0.23333335 5.0 5.0 5.0 5.0 0.0 0.156 2 TOUCH_MOVE t
1401956972975 6 4098 346.0 838.451 0.23333335 5.0 5.0 5.0 5.0 0.0 0.156 1 TOUCH_UP t
1401956973203 6 4098 265.0 835.951 0.26666668 4.0 4.0 4.0 4.0 0.0 0.2 0 TOUCH_DOWN r
1401956973214 6 4098 265.0 835.951 0.26666668 4.0 4.0 4.0 4.0 0.0 0.20400001 2 TOUCH_MOVE r
1401956973255 6 4098 265.0 835.951 0.26666668 4.0 4.0 4.0 4.0 0.0 0.20400001 1 TOUCH_UP r
1401956973717 6 4098 698.5 1114.9509 0.20000002 4.0 4.0 4.0 4.0 0.0 0.18400002 0 TOUCH_DOWN Back
1401956973739 6 4098 698.5 1115.2202 0.20000002 4.0 4.0 4.0 4.0 0.0 0.18800001 2 TOUCH_MOVE Back
1401956973747 6 4098 698.5 1115.9741 0.20000002 4.0 4.0 4.0 4.0 0.0 0.18800001 2 TOUCH_MOVE Back
1401956973764 6 4098 698.5 1116.9336 0.20000002 4.0 4.0 4.0 4.0 0.0 0.18800001 2 TOUCH_MOVE Back
1401956973792 6 4098 698.5 1117.9509 0.20000002 4.0 4.0 4.0 4.0 0.0 0.18 2 TOUCH_MOVE Back
1401956973798 6 4098 698.5 1117.9509 0.20000002 4.0 4.0 4.0 4.0 0.0 0.18 1 TOUCH_UP Back
1401956973923 6 4098 703.5 1099.4509 0.23333335 4.0 4.0 4.0 4.0 0.0 0.18400002 0 TOUCH_DOWN Back
1401956973950 6 4098 703.5833 1099.5343 0.23333335 4.0 4.0 4.0 4.0 0.0 0.18 2 TOUCH_MOVE Back
1401956973957 6 4098 704.0 1099.9509 0.23333335 4.0 4.0 4.0 4.0 0.0 0.16800001 2 TOUCH_MOVE Back
1401956973961 6 4098 704.0 1099.9509 0.23333335 4.0 4.0 4.0 4.0 0.0 0.16800001 1 TOUCH_UP Back
1401956974123 6 4098 705.0 1103.4509 0.23333335 4.0 4.0 4.0 4.0 0.0 0.17600001 0 TOUCH_DOWN Back
1401956974146 6 4098 705.0 1103.4509 0.23333335 4.0 4.0 4.0 4.0 0.0 0.17600001 1 TOUCH_UP Back
1401956975027 6 4098 322.0 837.951 0.26666668 4.0 4.0 4.0 4.0 0.0 0.208 0 TOUCH_DOWN t
1401956975085 6 4098 322.0 837.951 0.23333335 4.0 4.0 4.0 4.0 0.0 0.17600001 2 TOUCH_MOVE t
1401956975090 6 4098 322.0 837.951 0.23333335 4.0 4.0 4.0 4.0 0.0 0.17600001 1 TOUCH_UP t
1401956975339 6 4098 53.5 988.451 0.23333335 4.0 4.0 4.0 4.0 0.0 0.192 0 TOUCH_DOWN a
1401956975352 6 4098 52.962326 988.451 0.23333335 4.0 4.0 4.0 4.0 0.0 0.19600001 2 TOUCH_MOVE a
1401956975387 6 4098 52.0 988.451 0.23333335 4.0 4.0 4.0 4.0 0.0 0.192 2 TOUCH_MOVE a
1401956975397 6 4098 52.0 988.451 0.23333335 4.0 4.0 4.0 4.0 0.0 0.192 1 TOUCH_UP a
1401956975552 6 4098 232.5 838.451 0.26666668 4.0 4.0 4.0 4.0 0.0 0.20400001 0 TOUCH_DOWN r
1401956975616 6 4098 236.0 838.951 0.20000002 3.0 3.0 3.0 3.0 0.0 0.18800001 2 TOUCH_MOVE r
1401956975618 6 4098 236.0 838.951 0.13333334 2.0 2.0 2.0 2.0 0.0 0.15200001 2 TOUCH_MOVE r
1401956975622 6 4098 236.0 838.951 0.13333334 2.0 2.0 2.0 2.0 0.0 0.15200001 1 TOUCH_UP r
1401956975750 6 4098 323.0 836.451 0.26666668 4.0 4.0 4.0 4.0 0.0 0.2 0 TOUCH_DOWN t
1401956975770 6 4098 323.0 836.451 0.3 5.0 5.0 5.0 5.0 0.0 0.2 2 TOUCH_MOVE t
1401956975799 6 4098 323.0 836.95575 0.23333335 4.0 4.0 4.0 4.0 0.0 0.192 2 TOUCH_MOVE t
1401956975810 6 4098 323.0 836.951 0.23333335 4.0 4.0 4.0 4.0 0.0 0.14400001 2 TOUCH_MOVE t
1401956975814 6 4098 323.0 836.951 0.23333335 4.0 4.0 4.0 4.0 0.0 0.14400001 1 TOUCH_UP t
1401956976174 6 4098 332.0 1223.9509 0.26666668 5.0 5.0 5.0 5.0 0.0 0.18800001 0 TOUCH_DOWN Space
1401956976182 6 4098 332.0 1223.9509 0.26666668 5.0 5.0 5.0 5.0 0.0 0.192 2 TOUCH_MOVE Space
1401956976207 6 4098 331.5 1223.4509 0.26666668 5.0 5.0 5.0 5.0 0.0 0.192 2 TOUCH_MOVE Space
1401956976212 6 4098 331.5 1223.4509 0.26666668 5.0 5.0 5.0 5.0 0.0 0.192 1 TOUCH_UP Space
1401956977180 6 4098 362.5 966.951 0.20000002 4.0 4.0 4.0 4.0 0.0 0.208 0 TOUCH_DOWN g
1401956977187 6 4098 362.5 966.951 0.23333335 4.0 4.0 4.0 4.0 0.0 0.208 2 TOUCH_MOVE g
1401956977216 6 4098 365.74014 964.58093 0.23333335 4.0 4.0 4.0 4.0 0.0 0.2 2 TOUCH_MOVE g
1401956977229 6 4098 371.5 962.951 0.26666668 5.0 5.0 5.0 5.0 0.0 0.172 2 TOUCH_MOVE g
1401956977232 6 4098 371.5 962.951 0.26666668 5.0 5.0 5.0 5.0 0.0 0.172 1 TOUCH_UP g
1401956977393 6 4098 532.0 824.951 0.23333335 5.0 5.0 5.0 5.0 0.0 0.2 0 TOUCH_DOWN i
1401956977401 6 4098 532.0 824.951 0.26666668 4.0 4.0 4.0 4.0 0.0 0.2 2 TOUCH_MOVE i
1401956977450 6 4098 530.5685 828.79114 0.23333335 5.0 5.0 5.0 5.0 0.0 0.19600001 2 TOUCH_MOVE i
1401956977466 6 4098 530.5 828.951 0.13333334 2.0 2.0 2.0 2.0 0.0 0.148 2 TOUCH_MOVE i
1401956977470 6 4098 530.5 828.951 0.13333334 2.0 2.0 2.0 2.0 0.0 0.148 1 TOUCH_UP i
1401956977812 6 4098 351.5 1081.4509 0.20000002 4.0 4.0 4.0 4.0 0.0 0.2 0 TOUCH_DOWN v
1401956977817 6 4098 351.5 1081.4509 0.20000002 4.0 4.0 4.0 4.0 0.0 0.192 2 TOUCH_MOVE v
1401956977862 6 4098 352.5 1081.4509 0.13333334 2.0 2.0 2.0 2.0 0.0 0.17600001 2 TOUCH_MOVE v
1401956977868 6 4098 352.5 1081.4509 0.13333334 2.0 2.0 2.0 2.0 0.0 0.17600001 1 TOUCH_UP v
1401956978077 6 4098 548.5 823.951 0.3 5.0 5.0 5.0 5.0 0.0 0.2 0 TOUCH_DOWN i
1401956978117 6 4098 545.38104 831.7483 0.23333335 4.0 4.0 4.0 4.0 0.0 0.18800001 2 TOUCH_MOVE i
1401956978139 6 4098 545.5 831.451 0.13333334 2.0 2.0 2.0 2.0 0.0 0.128 2 TOUCH_MOVE i
1401956978143 6 4098 545.5 831.451 0.13333334 2.0 2.0 2.0 2.0 0.0 0.128 1 TOUCH_UP i
1401956978346 6 4098 494.0 1086.4509 0.20000002 4.0 4.0 4.0 4.0 0.0 0.18800001 0 TOUCH_DOWN n
1401956978384 6 4098 493.5 1086.4509 0.20000002 4.0 4.0 4.0 4.0 0.0 0.18 2 TOUCH_MOVE n
1401956978388 6 4098 493.5 1086.4509 0.20000002 4.0 4.0 4.0 4.0 0.0 0.148 2 TOUCH_MOVE n
1401956978392 6 4098 493.5 1086.4509 0.20000002 4.0 4.0 4.0 4.0 0.0 0.148 1 TOUCH_UP n
1401956978570 6 4098 383.0 959.451 0.26666668 5.0 5.0 5.0 5.0 0.0 0.20400001 0 TOUCH_DOWN g
1401956978591 6 4098 382.47113 958.9221 0.26666668 4.0 4.0 4.0 4.0 0.0 0.208 2 TOUCH_MOVE g
1401956978601 6 4098 379.62546 956.0764 0.26666668 4.0 4.0 4.0 4.0 0.0 0.208 2 TOUCH_MOVE g
1401956978619 6 4098 376.8088 952.7598 0.26666668 4.0 4.0 4.0 4.0 0.0 0.192 2 TOUCH_MOVE g
1401956978621 6 4098 376.5 952.451 0.23333335 4.0 4.0 4.0 4.0 0.0 0.17600001 2 TOUCH_MOVE g
1401956978626 6 4098 376.5 952.451 0.23333335 4.0 4.0 4.0 4.0 0.0 0.17600001 1 TOUCH_UP g
