1401955943688 6 4098 677.5 1095.9509 0.3 5.0 5.0 5.0 5.0 0.0 0.19600001 0 TOUCH_DOWN Back
1401955943714 6 4098 677.5 1096.9016 0.33333334 5.0 5.0 5.0 5.0 0.0 0.208 2 TOUCH_MOVE Back
1401955943721 6 4098 676.5944 1098.7621 0.33333334 5.0 5.0 5.0 5.0 0.0 0.216 2 TOUCH_MOVE Back
1401955943736 6 4098 675.63336 1099.8175 0.33333334 5.0 5.0 5.0 5.0 0.0 0.216 2 TOUCH_MOVE Back
1401955943754 6 4098 675.0 1100.7834 0.33333334 5.0 5.0 5.0 5.0 0.0 0.20400001 2 TOUCH_MOVE Back
1401955943767 6 4098 675.0 1101.4509 0.20000002 3.0 3.0 3.0 3.0 0.0 0.124000005 2 TOUCH_MOVE Back
1401955943773 6 4098 675.0 1101.4509 0.20000002 3.0 3.0 3.0 3.0 0.0 0.124000005 1 TOUCH_UP Back
1401955944644 6 4098 38.5 1125.4509 0.23333335 4.0 4.0 4.0 4.0 0.0 0.18800001 0 TOUCH_DOWN Change
1401955944654 6 4098 38.5 1125.4509 0.26666668 5.0 5.0 5.0 5.0 0.0 0.192 2 TOUCH_MOVE Change
1401955944682 6 4098 39.513824 1123.1664 0.26666668 5.0 5.0 5.0 5.0 0.0 0.19600001 2 TOUCH_MOVE Change
1401955944687 6 4098 41.28979 1118.2917 0.26666668 5.0 5.0 5.0 5.0 0.0 0.19600001 2 TOUCH_MOVE Change
1401955944704 6 4098 41.5 1114.9532 0.26666668 5.0 5.0 5.0 5.0 0.0 0.192 2 TOUCH_MOVE Change
1401955944720 6 4098 41.0 1111.4509 0.20000002 4.0 4.0 4.0 4.0 0.0 0.17600001 2 TOUCH_MOVE Change
1401955944724 6 4098 41.0 1111.4509 0.20000002 4.0 4.0 4.0 4.0 0.0 0.17600001 1 TOUCH_UP Change
1401955945057 6 4098 68.5 845.451 0.23333335 4.0 4.0 4.0 4.0 0.0 0.20400001 0 TOUCH_DOWN Q
1401955945071 6 4098 68.5 845.451 0.23333335 4.0 4.0 4.0 4.0 0.0 0.208 2 TOUCH_MOVE Q
1401955945116 6 4098 68.5 845.451 0.23333335 4.0 4.0 4.0 4.0 0.0 0.208 1 TOUCH_UP Q
1401955945829 6 4098 690.0 1107.9509 0.26666668 5.0 5.0 5.0 5.0 0.0 0.20400001 0 TOUCH_DOWN Back
1401955945838 6 4098 690.0 1107.9509 0.3 5.0 5.0 5.0 5.0 0.0 0.208 2 TOUCH_MOVE Back
1401955945856 6 4098 690.0 1108.6738 0.3 5.0 5.0 5.0 5.0 0.0 0.21200001 2 TOUCH_MOVE Back
1401955945872 6 4098 689.31964 1109.6313 0.3 5.0 5.0 5.0 5.0 0.0 0.21200001 2 TOUCH_MOVE Back
1401955945905 6 4098 688.25 1110.7009 0.3 5.0 5.0 5.0 5.0 0.0 0.20400001 2 TOUCH_MOVE Back
1401955945918 6 4098 688.25 1110.7009 0.3 5.0 5.0 5.0 5.0 0.0 0.20400001 1 TOUCH_UP Back
1401955946466 6 4098 33.0 1090.9509 0.16666667 3.0 3.0 3.0 3.0 0.0 0.18400002 0 TOUCH_DOWN Change
1401955946474 6 4098 33.43061 1090.9509 0.16666667 3.0 3.0 3.0 3.0 0.0 0.18800001 2 TOUCH_MOVE Change
1401955946489 6 4098 35.169655 1090.1161 0.20000002 3.0 3.0 3.0 3.0 0.0 0.192 2 TOUCH_MOVE Change
1401955946505 6 4098 36.299587 1089.9509 0.20000002 3.0 3.0 3.0 3.0 0.0 0.18800001 2 TOUCH_MOVE Change
1401955946522 6 4098 36.75 1089.9509 0.16666667 3.0 3.0 3.0 3.0 0.0 0.18800001 2 TOUCH_MOVE Change
1401955946541 6 4098 36.75 1089.9509 0.16666667 3.0 3.0 3.0 3.0 0.0 0.18800001 1 TOUCH_UP Change
1401955947163 6 4098 110.0 817.951 0.3 5.0 5.0 5.0 5.0 0.0 0.21200001 0 TOUCH_DOWN W
1401955947189 6 4098 110.0 817.951 0.3 5.0 5.0 5.0 5.0 0.0 0.216 2 TOUCH_MOVE W
1401955947205 6 4098 110.0 817.951 0.3 5.0 5.0 5.0 5.0 0.0 0.18800001 2 TOUCH_MOVE W
1401955947209 6 4098 110.0 817.951 0.3 5.0 5.0 5.0 5.0 0.0 0.18800001 1 TOUCH_UP W
1401955947521 6 4098 171.0 830.451 0.33333334 5.0 5.0 5.0 5.0 0.0 0.21200001 0 TOUCH_DOWN e
1401955947548 6 4098 171.0 830.451 0.3 5.0 5.0 5.0 5.0 0.0 0.21200001 2 TOUCH_MOVE e
1401955947566 6 4098 171.0 830.451 0.3 5.0 5.0 5.0 5.0 0.0 0.21200001 1 TOUCH_UP e
1401955947828 6 4098 356.0 1238.4509 0.23333335 5.0 5.0 5.0 5.0 0.0 0.19600001 0 TOUCH_DOWN Space
1401955947862 6 4098 353.52817 1237.627 0.23333335 5.0 5.0 5.0 5.0 0.0 0.19600001 2 TOUCH_MOVE Space
1401955947873 6 4098 350.91785 1236.6599 0.23333335 5.0 5.0 5.0 5.0 0.0 0.19600001 2 TOUCH_MOVE Space
1401955947891 6 4098 349.7523 1236.4509 0.23333335 5.0 5.0 5.0 5.0 0.0 0.18800001 2 TOUCH_MOVE Space
1401955947908 6 4098 349.7523 1236.4509 0.23333335 5.0 5.0 5.0 5.0 0.0 0.18800001 1 TOUCH_UP Space
1401955948153 6 4098 51.0 981.951 0.23333335 4.0 4.0 4.0 4.0 0.0 0.192 0 TOUCH_DOWN a
1401955948191 6 4098 51.0 981.951 0.23333335 4.0 4.0 4.0 4.0 0.0 0.19600001 2 TOUCH_MOVE a
1401955948250 6 4098 51.0 981.951 0.23333335 4.0 4.0 4.0 4.0 0.0 0.19600001 1 TOUCH_UP a
1401955948680 6 4098 249.5 847.951 0.13333334 2.0 2.0 2.0 2.0 0.0 0.17600001 0 TOUCH_DOWN r
1401955948691 6 4098 249.5 847.4418 0.20000002 4.0 4.0 4.0 4.0 0.0 0.17600001 2 TOUCH_MOVE r
1401955948706 6 4098 249.5 847.4418 0.20000002 4.0 4.0 4.0 4.0 0.0 0.17600001 1 TOUCH_UP r
1401955948854 6 4098 163.0 810.451 0.3 5.0 5.0 5.0 5.0 0.0 0.20400001 0 TOUCH_DOWN e
1401955948880 6 4098 162.70003 810.751 0.3 5.0 5.0 5.0 5.0 0.0 0.208 2 TOUCH_MOVE e
1401955948891 6 4098 161.9288 811.52216 0.3 5.0 5.0 5.0 5.0 0.0 0.216 2 TOUCH_MOVE e
1401955948907 6 4098 160.43578 813.0152 0.3 5.0 5.0 5.0 5.0 0.0 0.21200001 2 TOUCH_MOVE e
1401955948924 6 4098 156.52675 814.9403 0.26666668 4.0 4.0 4.0 4.0 0.0 0.2 2 TOUCH_MOVE e
1401955948927 6 4098 156.5 814.951 0.26666668 4.0 4.0 4.0 4.0 0.0 0.18400002 2 TOUCH_MOVE e
1401955948932 6 4098 156.5 814.951 0.26666668 4.0 4.0 4.0 4.0 0.0 0.18400002 1 TOUCH_UP e
1401955949270 6 4098 347.0 1230.4509 0.23333335 4.0 4.0 4.0 4.0 0.0 0.192 0 TOUCH_DOWN Space
1401955949309 6 4098 346.0 1229.9509 0.23333335 4.0 4.0 4.0 4.0 0.0 0.18 2 TOUCH_MOVE Space
1401955949314 6 4098 346.0 1229.9509 0.23333335 4.0 4.0 4.0 4.0 0.0 0.18 1 TOUCH_UP Space
1401955949647 6 4098 321.5 856.951 0.33333334 5.0 5.0 5.0 5.0 0.0 0.23600002 0 TOUCH_DOWN t
1401955949659 6 4098 321.5 856.951 0.36666667 6.0 6.0 6.0 6.0 0.0 0.24000001 2 TOUCH_MOVE t
1401955949706 6 4098 321.5 856.951 0.20000002 4.0 4.0 4.0 4.0 0.0 0.17600001 2 TOUCH_MOVE t
1401955949711 6 4098 321.5 856.951 0.20000002 4.0 4.0 4.0 4.0 0.0 0.17600001 1 TOUCH_UP t
1401955949847 6 4098 427.5 988.951 0.3 5.0 5.0 5.0 5.0 0.0 0.22000001 0 TOUCH_DOWN h
1401955949859 6 4098 427.5 988.951 0.26666668 4.0 4.0 4.0 4.0 0.0 0.216 2 TOUCH_MOVE h
1401955949876 6 4098 426.5898 987.6306 0.26666668 4.0 4.0 4.0 4.0 0.0 0.22000001 2 TOUCH_MOVE h
1401955949893 6 4098 425.5 984.0942 0.23333335 4.0 4.0 4.0 4.0 0.0 0.2 2 TOUCH_MOVE h
1401955949898 6 4098 425.5 983.451 0.16666667 3.0 3.0 3.0 3.0 0.0 0.18400002 2 TOUCH_MOVE h
1401955949902 6 4098 425.5 983.451 0.16666667 3.0 3.0 3.0 3.0 0.0 0.18400002 1 TOUCH_UP h
1401955949945 6 4098 163.5 822.451 0.33333334 5.0 5.0 5.0 5.0 0.0 0.224 0 TOUCH_DOWN e
1401955949959 6 4098 163.5 822.451 0.33333334 5.0 5.0 5.0 5.0 0.0 0.22800002 2 TOUCH_MOVE e
1401955949992 6 4098 163.5 822.9901 0.33333334 5.0 5.0 5.0 5.0 0.0 0.21200001 2 TOUCH_MOVE e
1401955950001 6 4098 163.5 822.951 0.33333334 5.0 5.0 5.0 5.0 0.0 0.18800001 2 TOUCH_MOVE e
1401955950005 6 4098 163.5 822.951 0.33333334 5.0 5.0 5.0 5.0 0.0 0.18800001 1 TOUCH_UP e
1401955950270 6 4098 331.5 1200.9509 0.26666668 5.0 5.0 5.0 5.0 0.0 0.20400001 0 TOUCH_DOWN Space
1401955950330 6 4098 331.5 1200.9509 0.23333335 5.0 5.0 5.0 5.0 0.0 0.18 2 TOUCH_MOVE Space
1401955950333 6 4098 331.5 1200.9509 0.23333335 5.0 5.0 5.0 5.0 0.0 0.18 1 TOUCH_UP Space
1401955950671 6 4098 115.5 835.451 0.33333334 5.0 5.0 5.0 5.0 0.0 0.216 0 TOUCH_DOWN w
1401955950726 6 4098 113.94365 835.9792 0.3 5.0 5.0 5.0 5.0 0.0 0.18400002 2 TOUCH_MOVE w
1401955950731 6 4098 113.94365 835.9792 0.3 5.0 5.0 5.0 5.0 0.0 0.18400002 1 TOUCH_UP w
1401955950885 6 4098 643.5 834.451 0.33333334 5.0 5.0 5.0 5.0 0.0 0.224 0 TOUCH_DOWN o
1401955950930 6 4098 635.1884 834.951 0.33333334 5.0 5.0 5.0 5.0 0.0 0.224 2 TOUCH_MOVE o
1401955950944 6 4098 632.26385 834.951 0.33333334 5.0 5.0 5.0 5.0 0.0 0.21200001 2 TOUCH_MOVE o
1401955950960 6 4098 631.75 834.951 0.3 5.0 5.0 5.0 5.0 0.0 0.2 2 TOUCH_MOVE o
1401955950973 6 4098 631.75 834.951 0.3 5.0 5.0 5.0 5.0 0.0 0.2 1 TOUCH_UP o
1401955951389 6 4098 247.5 829.951 0.3 5.0 5.0 5.0 5.0 0.0 0.21200001 0 TOUCH_DOWN r
1401955951393 6 4098 247.5 829.951 0.33333334 5.0 5.0 5.0 5.0 0.0 0.21200001 2 TOUCH_MOVE r
1401955951436 6 4098 247.5 829.951 0.33333334 5.0 5.0 5.0 5.0 0.0 0.21200001 1 TOUCH_UP r
1401955951554 6 4098 596.0 965.451 0.20000002 4.0 4.0 4.0 4.0 0.0 0.2 0 TOUCH_DOWN k
1401955951589 6 4098 596.0 965.451 0.20000002 4.0 4.0 4.0 4.0 0.0 0.2 1 TOUCH_UP k
1401955951825 6 4098 172.0 963.451 0.23333335 5.0 5.0 5.0 5.0 0.0 0.18800001 0 TOUCH_DOWN s
1401955951829 6 4098 172.0 963.451 0.23333335 5.0 5.0 5.0 5.0 0.0 0.192 2 TOUCH_MOVE s
1401955951856 6 4098 172.0 963.451 0.23333335 5.0 5.0 5.0 5.0 0.0 0.192 1 TOUCH_UP s
1401955952237 6 4098 663.0 1099.4509 0.3 5.0 5.0 5.0 5.0 0.0 0.208 0 TOUCH_DOWN Back
1401955952278 6 4098 663.0 1099.9758 0.26666668 4.0 4.0 4.0 4.0 0.0 0.20400001 2 TOUCH_MOVE Back
1401955952298 6 4098 663.0 1099.9758 0.26666668 4.0 4.0 4.0 4.0 0.0 0.20400001 1 TOUCH_UP Back
1401955952391 6 4098 666.5 1097.4509 0.3 5.0 5.0 5.0 5.0 0.0 0.20400001 0 TOUCH_DOWN Back
1401955952411 6 4098 666.5 1097.8833 0.3 5.0 5.0 5.0 5.0 0.0 0.208 2 TOUCH_MOVE Back
1401955952428 6 4098 666.5 1098.1816 0.3 5.0 5.0 5.0 5.0 0.0 0.208 2 TOUCH_MOVE Back
1401955952451 6 4098 666.5 1097.9509 0.26666668 5.0 5.0 5.0 5.0 0.0 0.15200001 2 TOUCH_MOVE Back
1401955952457 6 4098 666.5 1097.9509 0.26666668 5.0 5.0 5.0 5.0 0.0 0.15200001 1 TOUCH_UP Back
1401955952851 6 4098 665.0 975.451 0.3 5.0 5.0 5.0 5.0 0.0 0.22000001 0 TOUCH_DOWN l
1401955952920 6 4098 665.0 975.451 0.23333335 5.0 5.0 5.0 5.0 0.0 0.18400002 2 TOUCH_MOVE l
1401955952924 6 4098 665.0 975.451 0.23333335 5.0 5.0 5.0 5.0 0.0 0.18400002 1 TOUCH_UP l
1401955952985 6 4098 208.0 962.451 0.26666668 5.0 5.0 5.0 5.0 0.0 0.21200001 0 TOUCH_DOWN d
1401955953037 6 4098 208.0 962.451 0.26666668 5.0 5.0 5.0 5.0 0.0 0.21200001 1 TOUCH_UP d
1401955954481 6 4098 437.5 1228.9509 0.23333335 4.0 4.0 4.0 4.0 0.0 0.18800001 0 TOUCH_DOWN ,
1401955954500 6 4098 437.5 1229.7009 0.23333335 4.0 4.0 4.0 4.0 0.0 0.192 2 TOUCH_MOVE ,
1401955954518 6 4098 436.68655 1229.4509 0.23333335 4.0 4.0 4.0 4.0 0.0 0.192 2 TOUCH_MOVE ,
1401955954532 6 4098 435.787 1229.664 0.20000002 4.0 4.0 4.0 4.0 0.0 0.192 2 TOUCH_MOVE ,
1401955954537 6 4098 435.5 1229.9509 0.20000002 4.0 4.0 4.0 4.0 0.0 0.18 2 TOUCH_MOVE ,
1401955954542 6 4098 435.5 1229.9509 0.20000002 4.0 4.0 4.0 4.0 0.0 0.18 1 TOUCH_UP ,
1401955954750 6 4098 295.0 1249.4509 0.16666667 4.0 4.0 4.0 4.0 0.0 0.18 0 TOUCH_DOWN Space
1401955954767 6 4098 295.0 1249.4509 0.16666667 4.0 4.0 4.0 4.0 0.0 0.18400002 2 TOUCH_MOVE Space
1401955954791 6 4098 292.67606 1248.4509 0.16666667 4.0 4.0 4.0 4.0 0.0 0.18 2 TOUCH_MOVE Space
1401955954796 6 4098 292.0 1248.4509 0.16666667 4.0 4.0 4.0 4.0 0.0 0.14 2 TOUCH_MOVE Space
1401955954801 6 4098 292.0 1248.4509 0.16666667 4.0 4.0 4.0 4.0 0.0 0.14 1 TOUCH_UP Space
1401955956808 6 4098 111.5 836.951 0.33333334 5.0 5.0 5.0 5.0 0.0 0.22000001 0 TOUCH_DOWN w
1401955956828 6 4098 111.805115 836.951 0.33333334 5.0 5.0 5.0 5.0 0.0 0.224 2 TOUCH_MOVE w
1401955956860 6 4098 112.0 836.951 0.3 5.0 5.0 5.0 5.0 0.0 0.216 2 TOUCH_MOVE w
1401955956867 6 4098 112.0 836.951 0.3 5.0 5.0 5.0 5.0 0.0 0.216 1 TOUCH_UP w
1401955957002 6 4098 183.0 820.451 0.33333334 5.0 5.0 5.0 5.0 0.0 0.22000001 0 TOUCH_DOWN e
1401955957030 6 4098 183.0 820.451 0.33333334 5.0 5.0 5.0 5.0 0.0 0.224 2 TOUCH_MOVE e
1401955957048 6 4098 183.0 820.451 0.26666668 4.0 4.0 4.0 4.0 0.0 0.2 2 TOUCH_MOVE e
1401955957054 6 4098 183.0 820.451 0.26666668 4.0 4.0 4.0 4.0 0.0 0.2 1 TOUCH_UP e
1401955957297 6 4098 334.5 1228.4509 0.26666668 5.0 5.0 5.0 5.0 0.0 0.19600001 0 TOUCH_DOWN Space
1401955957336 6 4098 331.90604 1229.0449 0.23333335 5.0 5.0 5.0 5.0 0.0 0.18800001 2 TOUCH_MOVE Space
1401955957343 6 4098 331.5 1229.4509 0.23333335 5.0 5.0 5.0 5.0 0.0 0.18 2 TOUCH_MOVE Space
1401955957347 6 4098 331.5 1229.4509 0.23333335 5.0 5.0 5.0 5.0 0.0 0.18 1 TOUCH_UP Space
1401955957444 6 4098 71.0 991.951 0.3 5.0 5.0 5.0 5.0 0.0 0.21200001 0 TOUCH_DOWN a
1401955957469 6 4098 71.398575 991.951 0.3 5.0 5.0 5.0 5.0 0.0 0.216 2 TOUCH_MOVE a
1401955957482 6 4098 73.03418 991.951 0.3 5.0 5.0 5.0 5.0 0.0 0.216 2 TOUCH_MOVE a
1401955957500 6 4098 74.187996 991.951 0.26666668 4.0 4.0 4.0 4.0 0.0 0.21200001 2 TOUCH_MOVE a
1401955957526 6 4098 74.187996 991.951 0.26666668 4.0 4.0 4.0 4.0 0.0 0.21200001 1 TOUCH_UP a
1401955958084 6 4098 258.0 843.451 0.3 5.0 5.0 5.0 5.0 0.0 0.224 0 TOUCH_DOWN r
1401955958086 6 4098 251.0 842.451 0.26666668 4.0 4.0 4.0 4.0 0.0 0.192 2 TOUCH_MOVE r
1401955958091 6 4098 251.0 842.451 0.26666668 4.0 4.0 4.0 4.0 0.0 0.192 1 TOUCH_UP r
1401955958179 6 4098 168.0 827.451 0.33333334 5.0 5.0 5.0 5.0 0.0 0.224 0 TOUCH_DOWN e
1401955958200 6 4098 168.0 827.451 0.33333334 5.0 5.0 5.0 5.0 0.0 0.22000001 2 TOUCH_MOVE e
1401955958219 6 4098 168.65622 827.6072 0.33333334 5.0 5.0 5.0 5.0 0.0 0.224 2 TOUCH_MOVE e
1401955958236 6 4098 169.25 828.201 0.33333334 5.0 5.0 5.0 5.0 0.0 0.224 2 TOUCH_MOVE e
1401955958250 6 4098 168.39668 829.0543 0.33333334 5.0 5.0 5.0 5.0 0.0 0.208 2 TOUCH_MOVE e
1401955958270 6 4098 168.5 828.951 0.33333334 5.0 5.0 5.0 5.0 0.0 0.18400002 2 TOUCH_MOVE e
1401955958273 6 4098 168.5 828.951 0.33333334 5.0 5.0 5.0 5.0 0.0 0.18400002 1 TOUCH_UP e
1401955958942 6 4098 335.5 1216.4509 0.26666668 5.0 5.0 5.0 5.0 0.0 0.19600001 0 TOUCH_DOWN Space
1401955958970 6 4098 335.5 1216.4509 0.26666668 5.0 5.0 5.0 5.0 0.0 0.2 2 TOUCH_MOVE Space
1401955959004 6 4098 335.5 1216.4509 0.26666668 5.0 5.0 5.0 5.0 0.0 0.2 1 TOUCH_UP Space
1401955960434 6 4098 330.5 854.951 0.23333335 5.0 5.0 5.0 5.0 0.0 0.192 0 TOUCH_DOWN t
1401955960454 6 4098 330.5 854.5978 0.23333335 5.0 5.0 5.0 5.0 0.0 0.19600001 2 TOUCH_MOVE t
1401955960468 6 4098 329.7862 853.0234 0.3 5.0 5.0 5.0 5.0 0.0 0.20400001 2 TOUCH_MOVE t
1401955960485 6 4098 328.8102 851.76117 0.26666668 5.0 5.0 5.0 5.0 0.0 0.18800001 2 TOUCH_MOVE t
1401955960494 6 4098 328.5 851.451 0.16666667 3.0 3.0 3.0 3.0 0.0 0.1 2 TOUCH_MOVE t
1401955960497 6 4098 328.5 851.451 0.16666667 3.0 3.0 3.0 3.0 0.0 0.1 1 TOUCH_UP t
1401955960867 6 4098 174.0 840.451 0.26666668 4.0 4.0 4.0 4.0 0.0 0.19600001 0 TOUCH_DOWN e
1401955960880 6 4098 174.0 840.451 0.26666668 4.0 4.0 4.0 4.0 0.0 0.18800001 2 TOUCH_MOVE e
1401955960891 6 4098 174.0 840.451 0.26666668 4.0 4.0 4.0 4.0 0.0 0.18800001 1 TOUCH_UP e
1401955961437 6 4098 662.0 1095.9509 0.3 5.0 5.0 5.0 5.0 0.0 0.21200001 0 TOUCH_DOWN Back
1401955961460 6 4098 662.0 1096.5131 0.3 5.0 5.0 5.0 5.0 0.0 0.216 2 TOUCH_MOVE Back
1401955961481 6 4098 661.96436 1097.5222 0.3 5.0 5.0 5.0 5.0 0.0 0.22000001 2 TOUCH_MOVE Back
1401955961487 6 4098 661.5 1099.4515 0.33333334 5.0 5.0 5.0 5.0 0.0 0.216 2 TOUCH_MOVE Back
1401955961503 6 4098 661.5 1101.2236 0.33333334 5.0 5.0 5.0 5.0 0.0 0.21200001 2 TOUCH_MOVE Back
1401955961518 6 4098 661.5 1102.4509 0.3 5.0 5.0 5.0 5.0 0.0 0.18800001 2 TOUCH_MOVE Back
1401955961522 6 4098 661.5 1102.4509 0.3 5.0 5.0 5.0 5.0 0.0 0.18800001 1 TOUCH_UP Back
1401955961761 6 4098 426.5 979.951 0.33333334 5.0 5.0 5.0 5.0 0.0 0.224 0 TOUCH_DOWN h
1401955961779 6 4098 426.5 979.951 0.33333334 5.0 5.0 5.0 5.0 0.0 0.22800002 2 TOUCH_MOVE h
1401955961817 6 4098 425.9247 979.951 0.3 5.0 5.0 5.0 5.0 0.0 0.216 2 TOUCH_MOVE h
1401955961834 6 4098 425.9247 979.951 0.3 5.0 5.0 5.0 5.0 0.0 0.216 1 TOUCH_UP h
1401955961867 6 4098 178.5 843.451 0.36666667 6.0 6.0 6.0 6.0 0.0 0.23200001 0 TOUCH_DOWN e
1401955961886 6 4098 179.11743 843.451 0.33333334 6.0 6.0 6.0 6.0 0.0 0.23200001 2 TOUCH_MOVE e
1401955961903 6 4098 182.34058 843.451 0.33333334 6.0 6.0 6.0 6.0 0.0 0.22800002 2 TOUCH_MOVE e
1401955961920 6 4098 183.5 843.451 0.3 5.0 5.0 5.0 5.0 0.0 0.21200001 2 TOUCH_MOVE e
1401955961937 6 4098 183.5 843.451 0.3 5.0 5.0 5.0 5.0 0.0 0.21200001 1 TOUCH_UP e
1401955962132 6 4098 343.5 1220.9509 0.23333335 4.0 4.0 4.0 4.0 0.0 0.20400001 0 TOUCH_DOWN Space
1401955962137 6 4098 343.5 1220.9509 0.26666668 5.0 5.0 5.0 5.0 0.0 0.208 2 TOUCH_MOVE Space
1401955962187 6 4098 343.5 1222.2009 0.23333335 4.0 4.0 4.0 4.0 0.0 0.19600001 2 TOUCH_MOVE Space
1401955962194 6 4098 343.5 1222.2009 0.23333335 4.0 4.0 4.0 4.0 0.0 0.19600001 1 TOUCH_UP Space
1401955962516 6 4098 275.5 1097.9509 0.3 5.0 5.0 5.0 5.0 0.0 0.22800002 0 TOUCH_DOWN c
1401955962587 6 4098 275.5 1097.9509 0.3 5.0 5.0 5.0 5.0 0.0 0.22800002 1 TOUCH_UP c
1401955962724 6 4098 434.5 993.451 0.3 5.0 5.0 5.0 5.0 0.0 0.22000001 0 TOUCH_DOWN h
1401955962737 6 4098 434.5 993.451 0.3 5.0 5.0 5.0 5.0 0.0 0.224 2 TOUCH_MOVE h
1401955962789 6 4098 434.5 993.451 0.23333335 5.0 5.0 5.0 5.0 0.0 0.15200001 2 TOUCH_MOVE h
1401955962794 6 4098 434.5 993.451 0.23333335 5.0 5.0 5.0 5.0 0.0 0.15200001 1 TOUCH_UP h
1401955962953 6 4098 546.5 851.951 0.33333334 5.0 5.0 5.0 5.0 0.0 0.22800002 0 TOUCH_DOWN i
1401955962989 6 4098 543.3876 853.15515 0.33333334 5.0 5.0 5.0 5.0 0.0 0.23200001 2 TOUCH_MOVE i
1401955963005 6 4098 541.15894 854.1215 0.26666668 4.0 4.0 4.0 4.0 0.0 0.216 2 TOUCH_MOVE i
1401955963021 6 4098 540.5 854.451 0.26666668 4.0 4.0 4.0 4.0 0.0 0.20400001 2 TOUCH_MOVE i
1401955963025 6 4098 540.5 854.451 0.26666668 4.0 4.0 4.0 4.0 0.0 0.20400001 1 TOUCH_UP i
1401955963346 6 4098 647.5 1007.451 0.3 5.0 5.0 5.0 5.0 0.0 0.216 0 TOUCH_DOWN l
1401955963358 6 4098 647.5 1007.451 0.3 5.0 5.0 5.0 5.0 0.0 0.208 2 TOUCH_MOVE l
1401955963388 6 4098 647.5 1007.451 0.3 5.0 5.0 5.0 5.0 0.0 0.208 1 TOUCH_UP l
1401955963945 6 4098 233.5 954.951 0.3 5.0 5.0 5.0 5.0 0.0 0.224 0 TOUCH_DOWN d
1401955963957 6 4098 233.5 954.951 0.3 5.0 5.0 5.0 5.0 0.0 0.22000001 2 TOUCH_MOVE d
1401955964022 6 4098 232.0 953.951 0.3 5.0 5.0 5.0 5.0 0.0 0.19600001 2 TOUCH_MOVE d
1401955964027 6 4098 232.0 953.951 0.20000002 3.0 3.0 3.0 3.0 0.0 0.104 2 TOUCH_MOVE d
1401955964031 6 4098 232.0 953.951 0.20000002 3.0 3.0 3.0 3.0 0.0 0.104 1 TOUCH_UP d
1401955964223 6 4098 237.0 835.451 0.33333334 5.0 5.0 5.0 5.0 0.0 0.22800002 0 TOUCH_DOWN r
1401955964247 6 4098 237.0 835.451 0.36666667 6.0 6.0 6.0 6.0 0.0 0.23200001 2 TOUCH_MOVE r
1401955964272 6 4098 235.92737 832.37836 0.33333334 5.0 5.0 5.0 5.0 0.0 0.216 2 TOUCH_MOVE r
1401955964291 6 4098 235.5 831.951 0.26666668 5.0 5.0 5.0 5.0 0.0 0.172 2 TOUCH_MOVE r
1401955964296 6 4098 235.5 831.951 0.26666668 5.0 5.0 5.0 5.0 0.0 0.172 1 TOUCH_UP r
1401955964395 6 4098 163.5 817.951 0.3 5.0 5.0 5.0 5.0 0.0 0.224 0 TOUCH_DOWN e
1401955964441 6 4098 162.99573 817.951 0.3 5.0 5.0 5.0 5.0 0.0 0.208 2 TOUCH_MOVE e
1401955964450 6 4098 161.5 817.951 0.26666668 4.0 4.0 4.0 4.0 0.0 0.18800001 2 TOUCH_MOVE e
1401955964454 6 4098 161.5 817.951 0.26666668 4.0 4.0 4.0 4.0 0.0 0.18800001 1 TOUCH_UP e
1401955964630 6 4098 471.0 1129.9509 0.20000002 4.0 4.0 4.0 4.0 0.0 0.20400001 0 TOUCH_DOWN n
1401955964639 6 4098 471.0 1129.9509 0.23333335 4.0 4.0 4.0 4.0 0.0 0.20400001 2 TOUCH_MOVE n
1401955964672 6 4098 469.4836 1129.4346 0.23333335 4.0 4.0 4.0 4.0 0.0 0.2 2 TOUCH_MOVE n
1401955964689 6 4098 468.51724 1129.4509 0.16666667 3.0 3.0 3.0 3.0 0.0 0.18400002 2 TOUCH_MOVE n
1401955964692 6 4098 468.5 1129.4509 0.16666667 3.0 3.0 3.0 3.0 0.0 0.104 2 TOUCH_MOVE n
1401955964697 6 4098 468.5 1129.4509 0.16666667 3.0 3.0 3.0 3.0 0.0 0.104 1 TOUCH_UP n
1401955966407 6 4098 694.0 1108.4509 0.23333335 5.0 5.0 5.0 5.0 0.0 0.2 0 TOUCH_DOWN Back
1401955966425 6 4098 694.0 1108.4509 0.23333335 5.0 5.0 5.0 5.0 0.0 0.19600001 2 TOUCH_MOVE Back
1401955966445 6 4098 694.0 1108.4509 0.23333335 5.0 5.0 5.0 5.0 0.0 0.19600001 1 TOUCH_UP Back
1401955967929 6 4098 489.0 1111.4509 0.3 5.0 5.0 5.0 5.0 0.0 0.208 0 TOUCH_DOWN n
1401955967957 6 4098 489.0 1111.4509 0.3 5.0 5.0 5.0 5.0 0.0 0.208 1 TOUCH_UP n
1401955968433 6 4098 671.0 1212.4509 0.26666668 5.0 5.0 5.0 5.0 0.0 0.192 0 TOUCH_DOWN Enter
1401955968442 6 4098 671.0 1212.4509 0.26666668 5.0 5.0 5.0 5.0 0.0 0.18800001 2 TOUCH_MOVE Enter
1401955968480 6 4098 671.0 1212.4509 0.26666668 5.0 5.0 5.0 5.0 0.0 0.18800001 1 TOUCH_UP Enter
1401955970671 6 4098 98.5 848.451 0.3 5.0 5.0 5.0 5.0 0.0 0.208 0 TOUCH_DOWN W
1401955970697 6 4098 101.409515 845.2383 0.3 5.0 5.0 5.0 5.0 0.0 0.208 2 TOUCH_MOVE W
1401955970717 6 4098 103.5 841.451 0.3 5.0 5.0 5.0 5.0 0.0 0.20400001 2 TOUCH_MOVE W
1401955970728 6 4098 102.0 838.451 0.3 5.0 5.0 5.0 5.0 0.0 0.17600001 2 TOUCH_MOVE W
1401955970733 6 4098 102.0 838.451 0.3 5.0 5.0 5.0 5.0 0.0 0.17600001 1 TOUCH_UP W
1401955970900 6 4098 163.0 841.951 0.3 5.0 5.0 5.0 5.0 0.0 0.21200001 0 TOUCH_DOWN e
1401955970924 6 4098 163.65558 841.951 0.3 5.0 5.0 5.0 5.0 0.0 0.22000001 2 TOUCH_MOVE e
1401955970954 6 4098 174.68736 840.451 0.3 5.0 5.0 5.0 5.0 0.0 0.22000001 2 TOUCH_MOVE e
1401955970962 6 4098 175.5 840.451 0.26666668 4.0 4.0 4.0 4.0 0.0 0.208 2 TOUCH_MOVE e
1401955970970 6 4098 175.5 840.451 0.26666668 4.0 4.0 4.0 4.0 0.0 0.208 1 TOUCH_UP e
1401955972457 6 4098 367.5 1223.9509 0.23333335 4.0 4.0 4.0 4.0 0.0 0.19600001 0 TOUCH_DOWN Space
1401955972482 6 4098 367.05728 1223.9509 0.23333335 4.0 4.0 4.0 4.0 0.0 0.2 2 TOUCH_MOVE Space
1401955972498 6 4098 365.29617 1223.599 0.23333335 4.0 4.0 4.0 4.0 0.0 0.20400001 2 TOUCH_MOVE Space
1401955972513 6 4098 363.3713 1223.1366 0.23333335 4.0 4.0 4.0 4.0 0.0 0.2 2 TOUCH_MOVE Space
1401955972530 6 4098 362.22415 1222.9509 0.16666667 3.0 3.0 3.0 3.0 0.0 0.18400002 2 TOUCH_MOVE Space
1401955972537 6 4098 362.0 1222.9509 0.16666667 3.0 3.0 3.0 3.0 0.0 0.1 2 TOUCH_MOVE Space
1401955972541 6 4098 362.0 1222.9509 0.16666667 3.0 3.0 3.0 3.0 0.0 0.1 1 TOUCH_UP Space
1401955973309 6 4098 278.5 852.451 0.20000002 4.0 4.0 4.0 4.0 0.0 0.16000001 0 TOUCH_DOWN r
1401955973313 6 4098 278.5 852.451 0.20000002 4.0 4.0 4.0 4.0 0.0 0.16000001 1 TOUCH_UP r
1401955973649 6 4098 272.5 857.451 0.3 5.0 5.0 5.0 5.0 0.0 0.20400001 0 TOUCH_DOWN r
1401955973684 6 4098 272.5 857.451 0.3 5.0 5.0 5.0 5.0 0.0 0.20400001 1 TOUCH_UP r
1401955974180 6 4098 675.5 1112.9509 0.33333334 5.0 5.0 5.0 5.0 0.0 0.22000001 0 TOUCH_DOWN Back
1401955974215 6 4098 675.5 1114.0343 0.33333334 5.0 5.0 5.0 5.0 0.0 0.216 2 TOUCH_MOVE Back
1401955974231 6 4098 676.5446 1114.9956 0.3 5.0 5.0 5.0 5.0 0.0 0.2 2 TOUCH_MOVE Back
1401955974242 6 4098 677.0 1115.4509 0.3 5.0 5.0 5.0 5.0 0.0 0.18 2 TOUCH_MOVE Back
1401955974245 6 4098 677.0 1115.4509 0.3 5.0 5.0 5.0 5.0 0.0 0.18 1 TOUCH_UP Back
1401955974329 6 4098 693.5 1113.9509 0.3 5.0 5.0 5.0 5.0 0.0 0.22000001 0 TOUCH_DOWN Back
1401955974365 6 4098 693.2506 1114.7003 0.33333334 5.0 5.0 5.0 5.0 0.0 0.224 2 TOUCH_MOVE Back
1401955974383 6 4098 692.75 1115.2009 0.3 5.0 5.0 5.0 5.0 0.0 0.22000001 2 TOUCH_MOVE Back
1401955974401 6 4098 693.41907 1114.5319 0.23333335 5.0 5.0 5.0 5.0 0.0 0.19600001 2 TOUCH_MOVE Back
1401955974407 6 4098 694.5 1113.4509 0.23333335 5.0 5.0 5.0 5.0 0.0 0.18 2 TOUCH_MOVE Back
1401955974414 6 4098 694.5 1113.4509 0.23333335 5.0 5.0 5.0 5.0 0.0 0.18 1 TOUCH_UP Back
1401955974599 6 4098 52.0 989.951 0.23333335 4.0 4.0 4.0 4.0 0.0 0.192 0 TOUCH_DOWN a
1401955974648 6 4098 52.0 989.951 0.23333335 4.0 4.0 4.0 4.0 0.0 0.18800001 2 TOUCH_MOVE a
1401955974658 6 4098 51.5 989.951 0.23333335 4.0 4.0 4.0 4.0 0.0 0.18 2 TOUCH_MOVE a
1401955974675 6 4098 51.5 989.951 0.23333335 4.0 4.0 4.0 4.0 0.0 0.18 1 TOUCH_UP a
1401955975305 6 4098 234.5 842.451 0.3 5.0 5.0 5.0 5.0 0.0 0.22000001 0 TOUCH_DOWN r
1401955975326 6 4098 234.5 842.2318 0.33333334 5.0 5.0 5.0 5.0 0.0 0.22800002 2 TOUCH_MOVE r
1401955975352 6 4098 234.0 841.451 0.26666668 5.0 5.0 5.0 5.0 0.0 0.164 2 TOUCH_MOVE r
1401955975366 6 4098 234.0 841.451 0.26666668 5.0 5.0 5.0 5.0 0.0 0.164 1 TOUCH_UP r
1401955975459 6 4098 151.5 821.951 0.33333334 5.0 5.0 5.0 5.0 0.0 0.22800002 0 TOUCH_DOWN e
1401955975499 6 4098 152.05733 821.951 0.33333334 5.0 5.0 5.0 5.0 0.0 0.22800002 2 TOUCH_MOVE e
1401955975517 6 4098 151.56427 822.6689 0.33333334 5.0 5.0 5.0 5.0 0.0 0.22000001 2 TOUCH_MOVE e
1401955975532 6 4098 147.0 822.951 0.26666668 5.0 5.0 5.0 5.0 0.0 0.18800001 2 TOUCH_MOVE e
1401955975539 6 4098 147.0 822.951 0.26666668 5.0 5.0 5.0 5.0 0.0 0.18800001 1 TOUCH_UP e
1401955977561 6 4098 305.0 846.951 0.3 5.0 5.0 5.0 5.0 0.0 0.216 0 TOUCH_DOWN t
1401955977575 6 4098 305.0 846.951 0.33333334 5.0 5.0 5.0 5.0 0.0 0.224 2 TOUCH_MOVE t
1401955977612 6 4098 308.00842 845.451 0.33333334 5.0 5.0 5.0 5.0 0.0 0.22800002 2 TOUCH_MOVE t
1401955977618 6 4098 311.4434 845.451 0.3 5.0 5.0 5.0 5.0 0.0 0.224 2 TOUCH_MOVE t
1401955977635 6 4098 313.5715 845.451 0.13333334 2.0 2.0 2.0 2.0 0.0 0.112 2 TOUCH_MOVE t
1401955977639 6 4098 313.5715 845.451 0.13333334 2.0 2.0 2.0 2.0 0.0 0.112 1 TOUCH_UP t
1401955977759 6 4098 452.0 992.951 0.33333334 5.0 5.0 5.0 5.0 0.0 0.224 0 TOUCH_DOWN h
1401955977768 6 4098 452.0 992.951 0.33333334 5.0 5.0 5.0 5.0 0.0 0.22000001 2 TOUCH_MOVE h
1401955977802 6 4098 451.3565 992.451 0.33333334 5.0 5.0 5.0 5.0 0.0 0.216 2 TOUCH_MOVE h
1401955977820 6 4098 451.0 991.8406 0.26666668 4.0 4.0 4.0 4.0 0.0 0.20400001 2 TOUCH_MOVE h
1401955977836 6 4098 451.0 990.951 0.16666667 3.0 3.0 3.0 3.0 0.0 0.112 2 TOUCH_MOVE h
1401955977840 6 4098 451.0 990.951 0.16666667 3.0 3.0 3.0 3.0 0.0 0.112 1 TOUCH_UP h
1401955977895 6 4098 173.5 827.951 0.3 5.0 5.0 5.0 5.0 0.0 0.2 0 TOUCH_DOWN e
1401955977898 6 4098 173.5 828.451 0.33333334 5.0 5.0 5.0 5.0 0.0 0.18400002 2 TOUCH_MOVE e
1401955977902 6 4098 173.5 828.451 0.33333334 5.0 5.0 5.0 5.0 0.0 0.18400002 1 TOUCH_UP e
1401955978444 6 4098 694.0 1094.9509 0.26666668 4.0 4.0 4.0 4.0 0.0 0.21200001 0 TOUCH_DOWN Back
1401955978466 6 4098 694.0 1094.9509 0.26666668 4.0 4.0 4.0 4.0 0.0 0.216 2 TOUCH_MOVE Back
1401955978510 6 4098 694.0 1094.9509 0.26666668 4.0 4.0 4.0 4.0 0.0 0.216 1 TOUCH_UP Back
1401955978589 6 4098 689.5 1091.4509 0.26666668 4.0 4.0 4.0 4.0 0.0 0.22000001 0 TOUCH_DOWN Back
1401955978635 6 4098 688.9276 1091.4509 0.26666668 4.0 4.0 4.0 4.0 0.0 0.22000001 2 TOUCH_MOVE Back
1401955978672 6 4098 688.9276 1091.4509 0.26666668 4.0 4.0 4.0 4.0 0.0 0.22000001 1 TOUCH_UP Back
1401955978919 6 4098 691.0 1075.9509 0.26666668 4.0 4.0 4.0 4.0 0.0 0.2 0 TOUCH_DOWN Back
1401955978937 6 4098 691.0 1075.9509 0.26666668 4.0 4.0 4.0 4.0 0.0 0.20400001 2 TOUCH_MOVE Back
1401955978952 6 4098 690.453 1076.4979 0.23333335 4.0 4.0 4.0 4.0 0.0 0.2 2 TOUCH_MOVE Back
1401955978970 6 4098 690.0 1076.4509 0.16666667 3.0 3.0 3.0 3.0 0.0 0.124000005 2 TOUCH_MOVE Back
1401955978974 6 4098 690.0 1076.4509 0.16666667 3.0 3.0 3.0 3.0 0.0 0.124000005 1 TOUCH_UP Back
1401955979369 6 4098 370.5 1216.4509 0.26666668 5.0 5.0 5.0 5.0 0.0 0.216 0 TOUCH_DOWN Space
1401955979389 6 4098 369.57135 1216.4509 0.23333335 4.0 4.0 4.0 4.0 0.0 0.216 2 TOUCH_MOVE Space
1401955979426 6 4098 363.3637 1216.4509 0.20000002 3.0 3.0 3.0 3.0 0.0 0.192 2 TOUCH_MOVE Space
1401955979429 6 4098 363.0 1216.4509 0.16666667 3.0 3.0 3.0 3.0 0.0 0.16000001 2 TOUCH_MOVE Space
1401955979433 6 4098 363.0 1216.4509 0.16666667 3.0 3.0 3.0 3.0 0.0 0.16000001 1 TOUCH_UP Space
1401955980308 6 4098 329.5 833.951 0.33333334 5.0 5.0 5.0 5.0 0.0 0.22800002 0 TOUCH_DOWN t
1401955980375 6 4098 329.5 833.951 0.33333334 5.0 5.0 5.0 5.0 0.0 0.22800002 1 TOUCH_UP t
1401955980517 6 4098 419.0 985.951 0.3 5.0 5.0 5.0 5.0 0.0 0.22000001 0 TOUCH_DOWN h
1401955980540 6 4098 419.0 985.951 0.3 5.0 5.0 5.0 5.0 0.0 0.216 2 TOUCH_MOVE h
1401955980555 6 4098 417.85532 984.1616 0.26666668 4.0 4.0 4.0 4.0 0.0 0.21200001 2 TOUCH_MOVE h
1401955980571 6 4098 417.5 982.83685 0.16666667 3.0 3.0 3.0 3.0 0.0 0.18400002 2 TOUCH_MOVE h
1401955980580 6 4098 417.5 982.451 0.13333334 2.0 2.0 2.0 2.0 0.0 0.108 2 TOUCH_MOVE h
1401955980584 6 4098 417.5 982.451 0.13333334 2.0 2.0 2.0 2.0 0.0 0.108 1 TOUCH_UP h
1401955980630 6 4098 172.5 826.951 0.33333334 5.0 5.0 5.0 5.0 0.0 0.21200001 0 TOUCH_DOWN e
1401955980662 6 4098 172.5 826.951 0.33333334 5.0 5.0 5.0 5.0 0.0 0.21200001 1 TOUCH_UP e
1401955981078 6 4098 353.5 1216.9509 0.23333335 4.0 4.0 4.0 4.0 0.0 0.20400001 0 TOUCH_DOWN Space
1401955981088 6 4098 353.5 1216.9509 0.23333335 4.0 4.0 4.0 4.0 0.0 0.2 2 TOUCH_MOVE Space
1401955981123 6 4098 353.5 1216.9509 0.23333335 4.0 4.0 4.0 4.0 0.0 0.2 1 TOUCH_UP Space
1401955982217 6 4098 641.5 837.451 0.33333334 5.0 5.0 5.0 5.0 0.0 0.224 0 TOUCH_DOWN o
1401955982255 6 4098 637.9646 837.451 0.33333334 5.0 5.0 5.0 5.0 0.0 0.22800002 2 TOUCH_MOVE o
1401955982302 6 4098 632.50793 839.77374 0.3 5.0 5.0 5.0 5.0 0.0 0.22000001 2 TOUCH_MOVE o
1401955982306 6 4098 629.0 844.951 0.20000002 4.0 4.0 4.0 4.0 0.0 0.18400002 2 TOUCH_MOVE o
1401955982310 6 4098 629.0 844.951 0.20000002 4.0 4.0 4.0 4.0 0.0 0.18400002 1 TOUCH_UP o
1401955982512 6 4098 519.5 1106.9509 0.3 5.0 5.0 5.0 5.0 0.0 0.208 0 TOUCH_DOWN n
1401955982522 6 4098 519.5 1106.9509 0.3 5.0 5.0 5.0 5.0 0.0 0.21200001 2 TOUCH_MOVE n
1401955982542 6 4098 518.443 1107.7294 0.3 5.0 5.0 5.0 5.0 0.0 0.216 2 TOUCH_MOVE n
1401955982567 6 4098 516.5219 1108.19 0.3 5.0 5.0 5.0 5.0 0.0 0.21200001 2 TOUCH_MOVE n
1401955982573 6 4098 515.5 1108.4509 0.3 5.0 5.0 5.0 5.0 0.0 0.18400002 2 TOUCH_MOVE n
1401955982577 6 4098 515.5 1108.4509 0.3 5.0 5.0 5.0 5.0 0.0 0.18400002 1 TOUCH_UP n
1401955982712 6 4098 192.5 808.951 0.3 5.0 5.0 5.0 5.0 0.0 0.216 0 TOUCH_DOWN e
1401955982722 6 4098 192.5 808.951 0.26666668 4.0 4.0 4.0 4.0 0.0 0.216 2 TOUCH_MOVE e
1401955982767 6 4098 192.5 808.951 0.13333334 2.0 2.0 2.0 2.0 0.0 0.16000001 2 TOUCH_MOVE e
1401955982771 6 4098 192.5 808.951 0.13333334 2.0 2.0 2.0 2.0 0.0 0.16000001 1 TOUCH_UP e
1401955982989 6 4098 142.0 948.451 0.3 5.0 5.0 5.0 5.0 0.0 0.19600001 0 TOUCH_DOWN s
1401955983006 6 4098 142.37581 948.451 0.3 5.0 5.0 5.0 5.0 0.0 0.2 2 TOUCH_MOVE s
1401955983023 6 4098 143.0 947.73694 0.3 5.0 5.0 5.0 5.0 0.0 0.208 2 TOUCH_MOVE s
1401955983039 6 4098 143.0 947.201 0.3 5.0 5.0 5.0 5.0 0.0 0.2 2 TOUCH_MOVE s
1401955983048 6 4098 143.0 947.451 0.26666668 5.0 5.0 5.0 5.0 0.0 0.156 2 TOUCH_MOVE s
1401955983052 6 4098 143.0 947.451 0.26666668 5.0 5.0 5.0 5.0 0.0 0.156 1 TOUCH_UP s
1401955985448 6 4098 107.0 827.951 0.33333334 5.0 5.0 5.0 5.0 0.0 0.216 0 TOUCH_DOWN w
1401955985459 6 4098 107.0 827.951 0.33333334 5.0 5.0 5.0 5.0 0.0 0.22000001 2 TOUCH_MOVE w
1401955985492 6 4098 107.557976 827.951 0.33333334 5.0 5.0 5.0 5.0 0.0 0.224 2 TOUCH_MOVE w
1401955985525 6 4098 106.797134 829.1539 0.33333334 5.0 5.0 5.0 5.0 0.0 0.20400001 2 TOUCH_MOVE w
1401955985542 6 4098 104.47612 831.47485 0.3 5.0 5.0 5.0 5.0 0.0 0.18 2 TOUCH_MOVE w
1401955985548 6 4098 104.47612 831.47485 0.3 5.0 5.0 5.0 5.0 0.0 0.18 1 TOUCH_UP w
1401955985654 6 4098 437.0 979.951 0.26666668 4.0 4.0 4.0 4.0 0.0 0.216 0 TOUCH_DOWN h
1401955985676 6 4098 437.0 979.951 0.26666668 4.0 4.0 4.0 4.0 0.0 0.21200001 2 TOUCH_MOVE h
1401955985693 6 4098 437.0 979.451 0.26666668 4.0 4.0 4.0 4.0 0.0 0.2 2 TOUCH_MOVE h
1401955985698 6 4098 437.0 979.451 0.23333335 5.0 5.0 5.0 5.0 0.0 0.17600001 2 TOUCH_MOVE h
1401955985702 6 4098 437.0 979.451 0.23333335 5.0 5.0 5.0 5.0 0.0 0.17600001 1 TOUCH_UP h
1401955986399 6 4098 706.0 1101.9509 0.23333335 4.0 4.0 4.0 4.0 0.0 0.208 0 TOUCH_DOWN Back
1401955986429 6 4098 706.22986 1101.9509 0.23333335 4.0 4.0 4.0 4.0 0.0 0.21200001 2 TOUCH_MOVE Back
1401955986443 6 4098 707.17126 1101.9509 0.23333335 4.0 4.0 4.0 4.0 0.0 0.21200001 2 TOUCH_MOVE Back
1401955986465 6 4098 708.1652 1101.9509 0.23333335 4.0 4.0 4.0 4.0 0.0 0.192 2 TOUCH_MOVE Back
1401955986468 6 4098 708.5 1101.9509 0.23333335 4.0 4.0 4.0 4.0 0.0 0.17600001 2 TOUCH_MOVE Back
1401955986475 6 4098 708.5 1101.9509 0.23333335 4.0 4.0 4.0 4.0 0.0 0.17600001 1 TOUCH_UP Back
1401955986571 6 4098 708.0 1096.4509 0.23333335 4.0 4.0 4.0 4.0 0.0 0.216 0 TOUCH_DOWN Back
1401955986593 6 4098 708.0 1096.4509 0.23333335 4.0 4.0 4.0 4.0 0.0 0.21200001 2 TOUCH_MOVE Back
1401955986610 6 4098 707.1747 1096.9509 0.26666668 4.0 4.0 4.0 4.0 0.0 0.216 2 TOUCH_MOVE Back
1401955986639 6 4098 706.25 1096.9509 0.26666668 4.0 4.0 4.0 4.0 0.0 0.208 2 TOUCH_MOVE Back
1401955986645 6 4098 706.25 1096.9509 0.26666668 4.0 4.0 4.0 4.0 0.0 0.208 1 TOUCH_UP Back
1401955987153 6 4098 347.0 1237.4509 0.23333335 5.0 5.0 5.0 5.0 0.0 0.19600001 0 TOUCH_DOWN Space
1401955987163 6 4098 347.0 1237.4509 0.23333335 5.0 5.0 5.0 5.0 0.0 0.2 2 TOUCH_MOVE Space
1401955987193 6 4098 340.85684 1234.9152 0.23333335 5.0 5.0 5.0 5.0 0.0 0.18800001 2 TOUCH_MOVE Space
1401955987211 6 4098 339.49258 1235.4509 0.13333334 3.0 3.0 3.0 3.0 0.0 0.116000004 2 TOUCH_MOVE Space
1401955987220 6 4098 339.49258 1235.4509 0.13333334 3.0 3.0 3.0 3.0 0.0 0.116000004 1 TOUCH_UP Space
1401955987628 6 4098 93.0 825.451 0.3 5.0 5.0 5.0 5.0 0.0 0.2 0 TOUCH_DOWN w
1401955987677 6 4098 92.52256 825.9284 0.3 5.0 5.0 5.0 5.0 0.0 0.19600001 2 TOUCH_MOVE w
1401955987694 6 4098 92.5 825.951 0.26666668 5.0 5.0 5.0 5.0 0.0 0.136 2 TOUCH_MOVE w
1401955987698 6 4098 92.5 825.951 0.26666668 5.0 5.0 5.0 5.0 0.0 0.136 1 TOUCH_UP w
1401955987863 6 4098 432.5 983.451 0.3 5.0 5.0 5.0 5.0 0.0 0.22000001 0 TOUCH_DOWN h
1401955987877 6 4098 432.5 983.451 0.26666668 4.0 4.0 4.0 4.0 0.0 0.216 2 TOUCH_MOVE h
1401955987906 6 4098 432.5 983.451 0.20000002 4.0 4.0 4.0 4.0 0.0 0.18 2 TOUCH_MOVE h
1401955987911 6 4098 432.5 983.451 0.20000002 4.0 4.0 4.0 4.0 0.0 0.18 1 TOUCH_UP h
1401955988079 6 4098 635.0 818.451 0.26666668 4.0 4.0 4.0 4.0 0.0 0.21200001 0 TOUCH_DOWN o
1401955988127 6 4098 633.5242 819.4389 0.26666668 4.0 4.0 4.0 4.0 0.0 0.2 2 TOUCH_MOVE o
1401955988131 6 4098 633.5 819.451 0.3 5.0 5.0 5.0 5.0 0.0 0.18400002 2 TOUCH_MOVE o
1401955988135 6 4098 633.5 819.451 0.3 5.0 5.0 5.0 5.0 0.0 0.18400002 1 TOUCH_UP o
1401955988784 6 4098 367.0 1217.4509 0.23333335 4.0 4.0 4.0 4.0 0.0 0.20400001 0 TOUCH_DOWN Space
1401955988844 6 4098 367.0 1217.4509 0.23333335 4.0 4.0 4.0 4.0 0.0 0.20400001 1 TOUCH_UP Space
1401955989415 6 4098 601.5 1091.4509 0.23333335 4.0 4.0 4.0 4.0 0.0 0.18800001 0 TOUCH_DOWN m
1401955989431 6 4098 601.8126 1091.7635 0.23333335 4.0 4.0 4.0 4.0 0.0 0.18400002 2 TOUCH_MOVE m
1401955989455 6 4098 602.0 1091.9509 0.23333335 4.0 4.0 4.0 4.0 0.0 0.172 2 TOUCH_MOVE m
1401955989458 6 4098 602.0 1091.9509 0.23333335 4.0 4.0 4.0 4.0 0.0 0.172 1 TOUCH_UP m
1401955989556 6 4098 80.0 960.951 0.23333335 4.0 4.0 4.0 4.0 0.0 0.2 0 TOUCH_DOWN a
1401955989581 6 4098 80.79284 960.951 0.26666668 4.0 4.0 4.0 4.0 0.0 0.20400001 2 TOUCH_MOVE a
1401955989598 6 4098 83.00581 960.451 0.26666668 4.0 4.0 4.0 4.0 0.0 0.208 2 TOUCH_MOVE a
1401955989615 6 4098 84.986336 959.7078 0.26666668 4.0 4.0 4.0 4.0 0.0 0.208 2 TOUCH_MOVE a
1401955989629 6 4098 85.25 959.951 0.23333335 4.0 4.0 4.0 4.0 0.0 0.20400001 2 TOUCH_MOVE a
1401955989638 6 4098 85.0 959.951 0.13333334 2.0 2.0 2.0 2.0 0.0 0.17600001 2 TOUCH_MOVE a
1401955989641 6 4098 85.0 959.951 0.13333334 2.0 2.0 2.0 2.0 0.0 0.17600001 1 TOUCH_UP a
1401955989747 6 4098 593.5 1004.951 0.3 5.0 5.0 5.0 5.0 0.0 0.22000001 0 TOUCH_DOWN k
1401955989753 6 4098 593.28796 1004.73895 0.3 5.0 5.0 5.0 5.0 0.0 0.216 2 TOUCH_MOVE k
1401955989769 6 4098 592.6302 1003.7114 0.3 5.0 5.0 5.0 5.0 0.0 0.216 2 TOUCH_MOVE k
1401955989780 6 4098 590.86505 1001.81604 0.23333335 5.0 5.0 5.0 5.0 0.0 0.19600001 2 TOUCH_MOVE k
1401955989794 6 4098 590.0 999.951 0.26666668 5.0 5.0 5.0 5.0 0.0 0.15200001 2 TOUCH_MOVE k
1401955989798 6 4098 590.0 999.951 0.26666668 5.0 5.0 5.0 5.0 0.0 0.15200001 1 TOUCH_UP k
1401955989933 6 4098 167.5 833.951 0.33333334 5.0 5.0 5.0 5.0 0.0 0.216 0 TOUCH_DOWN e
1401955989946 6 4098 167.5 833.951 0.33333334 5.0 5.0 5.0 5.0 0.0 0.22000001 2 TOUCH_MOVE e
1401955989968 6 4098 168.68512 833.10846 0.33333334 5.0 5.0 5.0 5.0 0.0 0.224 2 TOUCH_MOVE e
1401955989984 6 4098 171.72778 831.54175 0.33333334 5.0 5.0 5.0 5.0 0.0 0.21200001 2 TOUCH_MOVE e
1401955989992 6 4098 174.0 830.951 0.26666668 5.0 5.0 5.0 5.0 0.0 0.156 2 TOUCH_MOVE e
1401955989996 6 4098 174.0 830.951 0.26666668 5.0 5.0 5.0 5.0 0.0 0.156 1 TOUCH_UP e
1401955990417 6 4098 312.5 1214.4509 0.23333335 4.0 4.0 4.0 4.0 0.0 0.2 0 TOUCH_DOWN Space
1401955990469 6 4098 312.5 1214.4509 0.23333335 4.0 4.0 4.0 4.0 0.0 0.2 1 TOUCH_UP Space
1401955991553 6 4098 50.5 957.951 0.23333335 4.0 4.0 4.0 4.0 0.0 0.192 0 TOUCH_DOWN a
1401955991572 6 4098 50.5 957.951 0.23333335 4.0 4.0 4.0 4.0 0.0 0.19600001 2 TOUCH_MOVE a
1401955991597 6 4098 51.851185 957.951 0.23333335 4.0 4.0 4.0 4.0 0.0 0.2 2 TOUCH_MOVE a
1401955991614 6 4098 52.75 957.951 0.23333335 4.0 4.0 4.0 4.0 0.0 0.2 2 TOUCH_MOVE a
1401955991646 6 4098 52.5 957.951 0.16666667 3.0 3.0 3.0 3.0 0.0 0.172 2 TOUCH_MOVE a
1401955991650 6 4098 52.5 957.951 0.16666667 3.0 3.0 3.0 3.0 0.0 0.172 1 TOUCH_UP a
1401955991899 6 4098 334.0 1223.4509 0.26666668 5.0 5.0 5.0 5.0 0.0 0.2 0 TOUCH_DOWN Space
1401955991925 6 4098 333.67294 1223.4509 0.26666668 5.0 5.0 5.0 5.0 0.0 0.20400001 2 TOUCH_MOVE Space
1401955991933 6 4098 332.88803 1223.4509 0.26666668 5.0 5.0 5.0 5.0 0.0 0.208 2 TOUCH_MOVE Space
1401955991948 6 4098 331.92462 1223.4509 0.26666668 5.0 5.0 5.0 5.0 0.0 0.20400001 2 TOUCH_MOVE Space
1401955991978 6 4098 331.92462 1223.4509 0.26666668 5.0 5.0 5.0 5.0 0.0 0.20400001 1 TOUCH_UP Space
1401955992314 6 4098 415.5 1124.9509 0.3 5.0 5.0 5.0 5.0 0.0 0.21200001 0 TOUCH_DOWN b
1401955992348 6 4098 414.8004 1123.8522 0.20000002 4.0 4.0 4.0 4.0 0.0 0.19600001 2 TOUCH_MOVE b
1401955992356 6 4098 414.5 1122.9509 0.23333335 5.0 5.0 5.0 5.0 0.0 0.17600001 2 TOUCH_MOVE b
1401955992360 6 4098 414.5 1122.9509 0.23333335 5.0 5.0 5.0 5.0 0.0 0.17600001 1 TOUCH_UP b
1401955992921 6 4098 253.5 835.451 0.33333334 5.0 5.0 5.0 5.0 0.0 0.224 0 TOUCH_DOWN r
1401955992975 6 4098 253.5 835.451 0.33333334 5.0 5.0 5.0 5.0 0.0 0.224 1 TOUCH_UP r
1401955993317 6 4098 558.0 864.951 0.3 5.0 5.0 5.0 5.0 0.0 0.21200001 0 TOUCH_DOWN i
1401955993369 6 4098 558.0 864.951 0.3 5.0 5.0 5.0 5.0 0.0 0.21200001 1 TOUCH_UP i
1401955994102 6 4098 367.0 975.951 0.3 5.0 5.0 5.0 5.0 0.0 0.216 0 TOUCH_DOWN g
1401955994117 6 4098 367.0 975.951 0.26666668 4.0 4.0 4.0 4.0 0.0 0.216 2 TOUCH_MOVE g
1401955994143 6 4098 367.0 975.951 0.26666668 4.0 4.0 4.0 4.0 0.0 0.216 1 TOUCH_UP g
1401955994314 6 4098 446.0 977.451 0.33333334 5.0 5.0 5.0 5.0 0.0 0.21200001 0 TOUCH_DOWN h
1401955994334 6 4098 446.0 977.451 0.3 5.0 5.0 5.0 5.0 0.0 0.21200001 2 TOUCH_MOVE h
1401955994368 6 4098 446.0 978.451 0.3 5.0 5.0 5.0 5.0 0.0 0.18 2 TOUCH_MOVE h
1401955994374 6 4098 446.0 978.451 0.3 5.0 5.0 5.0 5.0 0.0 0.18 1 TOUCH_UP h
1401955995006 6 4098 340.0 837.451 0.33333334 5.0 5.0 5.0 5.0 0.0 0.224 0 TOUCH_DOWN t
1401955995050 6 4098 340.0 837.451 0.26666668 5.0 5.0 5.0 5.0 0.0 0.156 2 TOUCH_MOVE t
1401955995057 6 4098 340.0 837.451 0.26666668 5.0 5.0 5.0 5.0 0.0 0.156 1 TOUCH_UP t
1401955995230 6 4098 144.5 809.951 0.26666668 4.0 4.0 4.0 4.0 0.0 0.208 0 TOUCH_DOWN e
1401955995258 6 4098 144.5 809.951 0.26666668 4.0 4.0 4.0 4.0 0.0 0.21200001 2 TOUCH_MOVE e
1401955995268 6 4098 144.77594 810.451 0.26666668 4.0 4.0 4.0 4.0 0.0 0.20400001 2 TOUCH_MOVE e
1401955995283 6 4098 145.0 810.451 0.23333335 4.0 4.0 4.0 4.0 0.0 0.148 2 TOUCH_MOVE e
1401955995292 6 4098 145.0 810.451 0.23333335 4.0 4.0 4.0 4.0 0.0 0.148 1 TOUCH_UP e
1401955995411 6 4098 246.5 829.451 0.33333334 5.0 5.0 5.0 5.0 0.0 0.224 0 TOUCH_DOWN r
1401955995460 6 4098 246.5 829.451 0.3 5.0 5.0 5.0 5.0 0.0 0.192 2 TOUCH_MOVE r
1401955995480 6 4098 246.5 829.451 0.3 5.0 5.0 5.0 5.0 0.0 0.192 1 TOUCH_UP r
1401955995823 6 4098 337.5 1212.9509 0.26666668 5.0 5.0 5.0 5.0 0.0 0.19600001 0 TOUCH_DOWN Space
1401955995864 6 4098 337.5 1212.9509 0.23333335 4.0 4.0 4.0 4.0 0.0 0.15200001 2 TOUCH_MOVE Space
1401955995869 6 4098 337.5 1212.9509 0.23333335 4.0 4.0 4.0 4.0 0.0 0.15200001 1 TOUCH_UP Space
1401955996107 6 4098 220.5 963.451 0.3 5.0 5.0 5.0 5.0 0.0 0.22800002 0 TOUCH_DOWN d
1401955996169 6 4098 220.0 963.451 0.20000002 4.0 4.0 4.0 4.0 0.0 0.18400002 2 TOUCH_MOVE d
1401955996174 6 4098 220.0 963.451 0.20000002 4.0 4.0 4.0 4.0 0.0 0.18400002 1 TOUCH_UP d
1401955996728 6 4098 39.5 958.451 0.23333335 4.0 4.0 4.0 4.0 0.0 0.18800001 0 TOUCH_DOWN a
1401955996756 6 4098 40.5 957.451 0.10000001 2.0 2.0 2.0 2.0 0.0 0.128 2 TOUCH_MOVE a
1401955996761 6 4098 40.5 957.451 0.10000001 2.0 2.0 2.0 2.0 0.0 0.128 1 TOUCH_UP a
1401955996820 6 4098 393.0 846.951 0.3 5.0 5.0 5.0 5.0 0.0 0.2 0 TOUCH_DOWN y
1401955996867 6 4098 393.0 846.951 0.3 5.0 5.0 5.0 5.0 0.0 0.2 1 TOUCH_UP y
1401955998552 6 4098 685.0 1104.9509 0.3 5.0 5.0 5.0 5.0 0.0 0.208 0 TOUCH_DOWN Back
1401955998571 6 4098 685.0 1104.9509 0.3 5.0 5.0 5.0 5.0 0.0 0.20400001 2 TOUCH_MOVE Back
1401955998619 6 4098 685.0 1104.9509 0.3 5.0 5.0 5.0 5.0 0.0 0.20400001 1 TOUCH_UP Back
1401955999815 6 4098 400.0 842.451 0.3 5.0 5.0 5.0 5.0 0.0 0.224 0 TOUCH_DOWN y
1401955999828 6 4098 400.0 842.451 0.3 5.0 5.0 5.0 5.0 0.0 0.22000001 2 TOUCH_MOVE y
1401955999855 6 4098 400.0 842.451 0.20000002 4.0 4.0 4.0 4.0 0.0 0.18 2 TOUCH_MOVE y
1401955999860 6 4098 400.0 842.451 0.20000002 4.0 4.0 4.0 4.0 0.0 0.18 1 TOUCH_UP y
1401956000185 6 4098 660.5 1236.4509 0.20000002 5.0 5.0 5.0 5.0 0.0 0.18800001 0 TOUCH_DOWN Enter
1401956000222 6 4098 660.5 1237.0468 0.20000002 5.0 5.0 5.0 5.0 0.0 0.18800001 2 TOUCH_MOVE Enter
1401956000239 6 4098 660.84534 1237.7963 0.20000002 5.0 5.0 5.0 5.0 0.0 0.18400002 2 TOUCH_MOVE Enter
1401956000255 6 4098 663.8463 1239.0664 0.20000002 5.0 5.0 5.0 5.0 0.0 0.18 2 TOUCH_MOVE Enter
1401956000262 6 4098 665.0 1239.4509 0.16666667 4.0 4.0 4.0 4.0 0.0 0.17600001 2 TOUCH_MOVE Enter
1401956000266 6 4098 665.0 1239.4509 0.16666667 4.0 4.0 4.0 4.0 0.0 0.17600001 1 TOUCH_UP Enter
1401956001799 6 4098 138.0 958.451 0.3 5.0 5.0 5.0 5.0 0.0 0.21200001 0 TOUCH_DOWN S
1401956001826 6 4098 138.0 958.451 0.3 5.0 5.0 5.0 5.0 0.0 0.216 2 TOUCH_MOVE S
1401956001857 6 4098 138.0 958.451 0.16666667 3.0 3.0 3.0 3.0 0.0 0.18400002 2 TOUCH_MOVE S
1401956001864 6 4098 138.0 958.451 0.13333334 2.0 2.0 2.0 2.0 0.0 0.104 2 TOUCH_MOVE S
1401956001868 6 4098 138.0 958.451 0.13333334 2.0 2.0 2.0 2.0 0.0 0.104 1 TOUCH_UP S
1401956001947 6 4098 622.5 845.451 0.33333334 5.0 5.0 5.0 5.0 0.0 0.22000001 0 TOUCH_DOWN o
1401956001957 6 4098 622.5 845.451 0.33333334 5.0 5.0 5.0 5.0 0.0 0.216 2 TOUCH_MOVE o
1401956001975 6 4098 620.97 844.941 0.33333334 5.0 5.0 5.0 5.0 0.0 0.21200001 2 TOUCH_MOVE o
1401956001991 6 4098 617.53613 843.963 0.33333334 5.0 5.0 5.0 5.0 0.0 0.216 2 TOUCH_MOVE o
1401956002020 6 4098 614.8222 843.0584 0.3 5.0 5.0 5.0 5.0 0.0 0.208 2 TOUCH_MOVE o
1401956002027 6 4098 613.1051 843.8459 0.26666668 5.0 5.0 5.0 5.0 0.0 0.18400002 2 TOUCH_MOVE o
1401956002029 6 4098 613.0 843.951 0.16666667 3.0 3.0 3.0 3.0 0.0 0.108 2 TOUCH_MOVE o
1401956002033 6 4098 613.0 843.951 0.16666667 3.0 3.0 3.0 3.0 0.0 0.108 1 TOUCH_UP o
1401956002369 6 4098 357.5 1208.9509 0.16666667 3.0 3.0 3.0 3.0 0.0 0.19600001 0 TOUCH_DOWN Space
1401956002396 6 4098 357.5 1208.9509 0.23333335 4.0 4.0 4.0 4.0 0.0 0.2 2 TOUCH_MOVE Space
1401956002418 6 4098 357.5 1208.9509 0.23333335 4.0 4.0 4.0 4.0 0.0 0.2 1 TOUCH_UP Space
1401956002731 6 4098 663.5 975.451 0.3 5.0 5.0 5.0 5.0 0.0 0.216 0 TOUCH_DOWN l
1401956002741 6 4098 663.5 975.451 0.3 5.0 5.0 5.0 5.0 0.0 0.21200001 2 TOUCH_MOVE l
1401956002789 6 4098 663.5 975.451 0.3 5.0 5.0 5.0 5.0 0.0 0.21200001 1 TOUCH_UP l
1401956003017 6 4098 165.0 828.451 0.33333334 5.0 5.0 5.0 5.0 0.0 0.22800002 0 TOUCH_DOWN e
1401956003094 6 4098 162.5 827.951 0.3 5.0 5.0 5.0 5.0 0.0 0.18 2 TOUCH_MOVE e
1401956003099 6 4098 162.5 827.951 0.3 5.0 5.0 5.0 5.0 0.0 0.18 1 TOUCH_UP e
1401956003380 6 4098 357.5 846.951 0.20000002 4.0 4.0 4.0 4.0 0.0 0.192 0 TOUCH_DOWN t
1401956003392 6 4098 357.5 846.951 0.16666667 3.0 3.0 3.0 3.0 0.0 0.18800001 2 TOUCH_MOVE t
1401956003411 6 4098 357.5 846.951 0.16666667 3.0 3.0 3.0 3.0 0.0 0.18800001 1 TOUCH_UP t
1401956004917 6 4098 577.5 1224.4509 0.20000002 3.0 3.0 3.0 3.0 0.0 0.18800001 0 TOUCH_DOWN '
1401956004974 6 4098 577.5 1225.9509 0.20000002 3.0 3.0 3.0 3.0 0.0 0.18 2 TOUCH_MOVE '
1401956004995 6 4098 577.5 1225.9509 0.20000002 3.0 3.0 3.0 3.0 0.0 0.18 1 TOUCH_UP '
1401956005075 6 4098 150.5 956.951 0.3 5.0 5.0 5.0 5.0 0.0 0.22000001 0 TOUCH_DOWN s
1401956005100 6 4098 150.82964 956.951 0.3 5.0 5.0 5.0 5.0 0.0 0.224 2 TOUCH_MOVE s
1401956005110 6 4098 152.24706 956.32745 0.3 5.0 5.0 5.0 5.0 0.0 0.224 2 TOUCH_MOVE s
1401956005129 6 4098 153.58685 956.451 0.3 5.0 5.0 5.0 5.0 0.0 0.216 2 TOUCH_MOVE s
1401956005146 6 4098 153.5 956.451 0.26666668 4.0 4.0 4.0 4.0 0.0 0.18 2 TOUCH_MOVE s
1401956005152 6 4098 153.5 956.451 0.26666668 4.0 4.0 4.0 4.0 0.0 0.18 1 TOUCH_UP s
1401956006841 6 4098 366.5 1213.4509 0.23333335 4.0 4.0 4.0 4.0 0.0 0.208 0 TOUCH_DOWN Space
1401956006880 6 4098 364.7838 1213.4509 0.23333335 4.0 4.0 4.0 4.0 0.0 0.21200001 2 TOUCH_MOVE Space
1401956006895 6 4098 363.30685 1213.4509 0.23333335 4.0 4.0 4.0 4.0 0.0 0.2 2 TOUCH_MOVE Space
1401956006912 6 4098 362.33713 1213.4509 0.13333334 2.0 2.0 2.0 2.0 0.0 0.104 2 TOUCH_MOVE Space
1401956006917 6 4098 362.33713 1213.4509 0.13333334 2.0 2.0 2.0 2.0 0.0 0.104 1 TOUCH_UP Space
1401956007137 6 4098 146.5 938.451 0.33333334 5.0 5.0 5.0 5.0 0.0 0.216 0 TOUCH_DOWN s
1401956007179 6 4098 146.5 939.5187 0.33333334 5.0 5.0 5.0 5.0 0.0 0.22000001 2 TOUCH_MOVE s
1401956007195 6 4098 145.96935 940.4816 0.33333334 5.0 5.0 5.0 5.0 0.0 0.216 2 TOUCH_MOVE s
1401956007212 6 4098 144.47592 941.463 0.3 5.0 5.0 5.0 5.0 0.0 0.18800001 2 TOUCH_MOVE s
1401956007224 6 4098 144.5 941.451 0.16666667 3.0 3.0 3.0 3.0 0.0 0.1 2 TOUCH_MOVE s
1401956007227 6 4098 144.5 941.451 0.16666667 3.0 3.0 3.0 3.0 0.0 0.1 1 TOUCH_UP s
1401956007538 6 4098 342.5 850.951 0.33333334 5.0 5.0 5.0 5.0 0.0 0.22800002 0 TOUCH_DOWN t
1401956007557 6 4098 338.94067 846.89166 0.33333334 5.0 5.0 5.0 5.0 0.0 0.224 2 TOUCH_MOVE t
1401956007565 6 4098 331.0 840.951 0.3 5.0 5.0 5.0 5.0 0.0 0.19600001 2 TOUCH_MOVE t
1401956007583 6 4098 331.0 840.951 0.3 5.0 5.0 5.0 5.0 0.0 0.19600001 1 TOUCH_UP t
1401956008506 6 4098 53.5 968.451 0.16666667 3.0 3.0 3.0 3.0 0.0 0.192 0 TOUCH_DOWN a
1401956008514 6 4098 53.5 968.451 0.20000002 3.0 3.0 3.0 3.0 0.0 0.19600001 2 TOUCH_MOVE a
1401956008547 6 4098 54.787926 967.557 0.23333335 4.0 4.0 4.0 4.0 0.0 0.2 2 TOUCH_MOVE a
1401956008563 6 4098 57.0254 965.4256 0.20000002 3.0 3.0 3.0 3.0 0.0 0.18800001 2 TOUCH_MOVE a
1401956008575 6 4098 57.5 964.951 0.16666667 3.0 3.0 3.0 3.0 0.0 0.15200001 2 TOUCH_MOVE a
1401956008591 6 4098 57.5 964.951 0.16666667 3.0 3.0 3.0 3.0 0.0 0.15200001 1 TOUCH_UP a
1401956008840 6 4098 276.5 837.951 0.3 5.0 5.0 5.0 5.0 0.0 0.22000001 0 TOUCH_DOWN r
1401956008875 6 4098 275.9347 837.951 0.3 5.0 5.0 5.0 5.0 0.0 0.224 2 TOUCH_MOVE r
1401956008882 6 4098 273.32745 837.33026 0.3 5.0 5.0 5.0 5.0 0.0 0.21200001 2 TOUCH_MOVE r
1401956008895 6 4098 272.0 836.951 0.23333335 5.0 5.0 5.0 5.0 0.0 0.16000001 2 TOUCH_MOVE r
1401956008900 6 4098 272.0 836.951 0.23333335 5.0 5.0 5.0 5.0 0.0 0.16000001 1 TOUCH_UP r
1401956009061 6 4098 317.5 823.951 0.33333334 5.0 5.0 5.0 5.0 0.0 0.22000001 0 TOUCH_DOWN t
1401956009095 6 4098 318.5 823.451 0.3 5.0 5.0 5.0 5.0 0.0 0.18 2 TOUCH_MOVE t
1401956009100 6 4098 318.5 823.451 0.3 5.0 5.0 5.0 5.0 0.0 0.18 1 TOUCH_UP t
1401956009544 6 4098 366.0 1215.4509 0.23333335 4.0 4.0 4.0 4.0 0.0 0.2 0 TOUCH_DOWN Space
1401956009608 6 4098 366.0 1215.4509 0.23333335 4.0 4.0 4.0 4.0 0.0 0.2 1 TOUCH_UP Space
1401956010040 6 4098 377.5 966.451 0.3 5.0 5.0 5.0 5.0 0.0 0.216 0 TOUCH_DOWN g
1401956010049 6 4098 377.5 966.451 0.3 5.0 5.0 5.0 5.0 0.0 0.22000001 2 TOUCH_MOVE g
1401956010082 6 4098 378.04395 966.99493 0.3 5.0 5.0 5.0 5.0 0.0 0.208 2 TOUCH_MOVE g
1401956010090 6 4098 378.5 967.451 0.23333335 5.0 5.0 5.0 5.0 0.0 0.18800001 2 TOUCH_MOVE g
1401956010093 6 4098 378.5 967.451 0.23333335 5.0 5.0 5.0 5.0 0.0 0.18800001 1 TOUCH_UP g
1401956010238 6 4098 555.5 862.451 0.3 5.0 5.0 5.0 5.0 0.0 0.216 0 TOUCH_DOWN i
1401956010284 6 4098 555.5 862.451 0.3 5.0 5.0 5.0 5.0 0.0 0.216 1 TOUCH_UP i
1401956010921 6 4098 365.0 1112.9509 0.3 5.0 5.0 5.0 5.0 0.0 0.216 0 TOUCH_DOWN v
1401956010967 6 4098 364.0 1112.7582 0.3 5.0 5.0 5.0 5.0 0.0 0.216 2 TOUCH_MOVE v
1401956010982 6 4098 365.0 1110.9509 0.26666668 4.0 4.0 4.0 4.0 0.0 0.18800001 2 TOUCH_MOVE v
1401956010988 6 4098 365.0 1110.9509 0.26666668 4.0 4.0 4.0 4.0 0.0 0.18800001 1 TOUCH_UP v
1401956011145 6 4098 553.0 858.951 0.33333334 5.0 5.0 5.0 5.0 0.0 0.22800002 0 TOUCH_DOWN i
1401956011182 6 4098 551.50653 859.69775 0.33333334 5.0 5.0 5.0 5.0 0.0 0.22800002 2 TOUCH_MOVE i
1401956011200 6 4098 549.5913 860.8597 0.3 5.0 5.0 5.0 5.0 0.0 0.216 2 TOUCH_MOVE i
1401956011216 6 4098 547.5 863.451 0.26666668 4.0 4.0 4.0 4.0 0.0 0.18 2 TOUCH_MOVE i
1401956011221 6 4098 547.5 863.451 0.26666668 4.0 4.0 4.0 4.0 0.0 0.18 1 TOUCH_UP i
1401956011398 6 4098 517.5 1098.4509 0.26666668 4.0 4.0 4.0 4.0 0.0 0.208 0 TOUCH_DOWN n
1401956011446 6 4098 517.5 1098.4509 0.20000002 4.0 4.0 4.0 4.0 0.0 0.17600001 2 TOUCH_MOVE n
1401956011452 6 4098 517.5 1098.4509 0.20000002 4.0 4.0 4.0 4.0 0.0 0.17600001 1 TOUCH_UP n
1401956011571 6 4098 358.5 965.451 0.33333334 5.0 5.0 5.0 5.0 0.0 0.224 0 TOUCH_DOWN g
1401956011583 6 4098 358.5 965.451 0.3 5.0 5.0 5.0 5.0 0.0 0.22800002 2 TOUCH_MOVE g
1401956011616 6 4098 359.5 965.451 0.26666668 4.0 4.0 4.0 4.0 0.0 0.21200001 2 TOUCH_MOVE g
1401956011623 6 4098 359.5 965.451 0.16666667 3.0 3.0 3.0 3.0 0.0 0.18800001 2 TOUCH_MOVE g
1401956011626 6 4098 359.5 965.451 0.16666667 3.0 3.0 3.0 3.0 0.0 0.18800001 1 TOUCH_UP g
