1401622831504 6 4098 510.0 1104.4509 0.3 5.0 5.0 5.0 5.0 0.0 0.216 0 TOUCH_DOWN N
1401622831507 6 4098 510.0 1104.4509 0.3 5.0 5.0 5.0 5.0 0.0 0.224 2 TOUCH_MOVE N
1401622831590 6 4098 510.0 1104.4509 0.23333335 4.0 4.0 4.0 4.0 0.0 0.18 2 TOUCH_MOVE N
1401622831594 6 4098 510.0 1104.4509 0.23333335 4.0 4.0 4.0 4.0 0.0 0.18 1 TOUCH_UP N
1401622831886 6 4098 165.0 854.951 0.23333335 5.0 5.0 5.0 5.0 0.0 0.20400001 0 TOUCH_DOWN e
1401622831892 6 4098 165.0 854.951 0.20000002 4.0 4.0 4.0 4.0 0.0 0.20400001 2 TOUCH_MOVE e
1401622831963 6 4098 165.0 854.951 0.20000002 4.0 4.0 4.0 4.0 0.0 0.20400001 1 TOUCH_UP e
1401622832257 6 4098 506.5 857.451 0.23333335 5.0 5.0 5.0 5.0 0.0 0.19600001 0 TOUCH_DOWN i
1401622832279 6 4098 505.56982 857.88116 0.23333335 5.0 5.0 5.0 5.0 0.0 0.208 2 TOUCH_MOVE i
1401622832291 6 4098 502.4373 861.0137 0.26666668 5.0 5.0 5.0 5.0 0.0 0.216 2 TOUCH_MOVE i
1401622832308 6 4098 497.3415 867.6888 0.26666668 4.0 4.0 4.0 4.0 0.0 0.20400001 2 TOUCH_MOVE i
1401622832325 6 4098 495.0 871.201 0.26666668 5.0 5.0 5.0 5.0 0.0 0.14 2 TOUCH_MOVE i
1401622832329 6 4098 495.0 871.201 0.26666668 5.0 5.0 5.0 5.0 0.0 0.14 1 TOUCH_UP i
1401622832643 6 4098 395.0 1224.4509 0.26666668 5.0 5.0 5.0 5.0 0.0 0.224 0 TOUCH_DOWN ,
1401622832647 6 4098 395.0 1224.4509 0.26666668 5.0 5.0 5.0 5.0 0.0 0.22800002 2 TOUCH_MOVE ,
1401622832708 6 4098 395.0 1223.2009 0.26666668 5.0 5.0 5.0 5.0 0.0 0.22800002 2 TOUCH_MOVE ,
1401622832723 6 4098 395.0 1223.4509 0.23333335 4.0 4.0 4.0 4.0 0.0 0.18 2 TOUCH_MOVE ,
1401622832728 6 4098 395.0 1223.4509 0.23333335 4.0 4.0 4.0 4.0 0.0 0.18 1 TOUCH_UP ,
1401622833358 6 4098 675.5 1098.9509 0.3 5.0 5.0 5.0 5.0 0.0 0.208 0 TOUCH_DOWN Back
1401622833364 6 4098 675.5 1098.9509 0.3 5.0 5.0 5.0 5.0 0.0 0.216 2 TOUCH_MOVE Back
1401622833410 6 4098 675.0262 1099.4509 0.3 5.0 5.0 5.0 5.0 0.0 0.216 2 TOUCH_MOVE Back
1401622833434 6 4098 675.0 1099.4509 0.26666668 5.0 5.0 5.0 5.0 0.0 0.17600001 2 TOUCH_MOVE Back
1401622833442 6 4098 675.0 1099.4509 0.26666668 5.0 5.0 5.0 5.0 0.0 0.17600001 1 TOUCH_UP Back
1401622833494 6 4098 668.0 1115.9509 0.33333334 5.0 5.0 5.0 5.0 0.0 0.216 0 TOUCH_DOWN Back
1401622833526 6 4098 667.6265 1115.9509 0.33333334 5.0 5.0 5.0 5.0 0.0 0.224 2 TOUCH_MOVE Back
1401622833580 6 4098 665.5 1115.9509 0.33333334 5.0 5.0 5.0 5.0 0.0 0.22000001 2 TOUCH_MOVE Back
1401622833587 6 4098 665.5 1115.9509 0.33333334 5.0 5.0 5.0 5.0 0.0 0.22000001 1 TOUCH_UP Back
1401622834320 6 4098 456.0 858.451 0.20000002 4.0 4.0 4.0 4.0 0.0 0.21200001 0 TOUCH_DOWN u
1401622834328 6 4098 456.0 858.451 0.20000002 4.0 4.0 4.0 4.0 0.0 0.216 2 TOUCH_MOVE u
1401622834360 6 4098 455.093 858.451 0.23333335 5.0 5.0 5.0 5.0 0.0 0.208 2 TOUCH_MOVE u
1401622834388 6 4098 455.0 858.451 0.20000002 4.0 4.0 4.0 4.0 0.0 0.172 2 TOUCH_MOVE u
1401622834392 6 4098 455.0 858.451 0.20000002 4.0 4.0 4.0 4.0 0.0 0.172 1 TOUCH_UP u
1401622834723 6 4098 354.0 1214.9509 0.26666668 5.0 5.0 5.0 5.0 0.0 0.24000001 0 TOUCH_DOWN Space
1401622834727 6 4098 354.0 1214.9509 0.26666668 5.0 5.0 5.0 5.0 0.0 0.23600002 2 TOUCH_MOVE Space
1401622834799 6 4098 354.0 1214.9509 0.20000002 3.0 3.0 3.0 3.0 0.0 0.2 2 TOUCH_MOVE Space
1401622834801 6 4098 354.0 1214.9509 0.16666667 3.0 3.0 3.0 3.0 0.0 0.156 2 TOUCH_MOVE Space
1401622834805 6 4098 354.0 1214.9509 0.16666667 3.0 3.0 3.0 3.0 0.0 0.156 1 TOUCH_UP Space
1401622835758 6 4098 652.0 984.951 0.26666668 4.0 4.0 4.0 4.0 0.0 0.19600001 0 TOUCH_DOWN l
1401622835774 6 4098 652.3605 984.951 0.26666668 4.0 4.0 4.0 4.0 0.0 0.2 2 TOUCH_MOVE l
1401622835790 6 4098 653.33307 985.78406 0.3 5.0 5.0 5.0 5.0 0.0 0.216 2 TOUCH_MOVE l
1401622835796 6 4098 654.2968 986.7478 0.3 5.0 5.0 5.0 5.0 0.0 0.21200001 2 TOUCH_MOVE l
1401622835811 6 4098 655.26215 986.951 0.3 5.0 5.0 5.0 5.0 0.0 0.18800001 2 TOUCH_MOVE l
1401622835823 6 4098 655.5 986.951 0.20000002 3.0 3.0 3.0 3.0 0.0 0.116000004 2 TOUCH_MOVE l
1401622835828 6 4098 655.5 986.951 0.20000002 3.0 3.0 3.0 3.0 0.0 0.116000004 1 TOUCH_UP l
1401622836014 6 4098 44.0 978.451 0.20000002 3.0 3.0 3.0 3.0 0.0 0.18800001 0 TOUCH_DOWN a
1401622836066 6 4098 45.94477 978.2286 0.16666667 3.0 3.0 3.0 3.0 0.0 0.18400002 2 TOUCH_MOVE a
1401622836085 6 4098 47.171402 977.951 0.20000002 3.0 3.0 3.0 3.0 0.0 0.18 2 TOUCH_MOVE a
1401622836095 6 4098 48.222332 977.951 0.20000002 3.0 3.0 3.0 3.0 0.0 0.16000001 2 TOUCH_MOVE a
1401622836102 6 4098 48.222332 977.951 0.20000002 3.0 3.0 3.0 3.0 0.0 0.16000001 1 TOUCH_UP a
1401622836795 6 4098 277.5 1119.9509 0.26666668 4.0 4.0 4.0 4.0 0.0 0.192 0 TOUCH_DOWN c
1401622836812 6 4098 277.5 1119.9509 0.26666668 4.0 4.0 4.0 4.0 0.0 0.2 2 TOUCH_MOVE c
1401622836858 6 4098 277.5 1119.9509 0.26666668 4.0 4.0 4.0 4.0 0.0 0.2 1 TOUCH_UP c
1401622837103 6 4098 440.5 968.451 0.26666668 5.0 5.0 5.0 5.0 0.0 0.23200001 0 TOUCH_DOWN h
1401622837112 6 4098 440.5 968.451 0.3 5.0 5.0 5.0 5.0 0.0 0.23600002 2 TOUCH_MOVE h
1401622837162 6 4098 441.0 968.451 0.20000002 4.0 4.0 4.0 4.0 0.0 0.18800001 2 TOUCH_MOVE h
1401622837168 6 4098 441.0 968.451 0.20000002 4.0 4.0 4.0 4.0 0.0 0.18800001 1 TOUCH_UP h
1401622837334 6 4098 561.0 855.451 0.20000002 4.0 4.0 4.0 4.0 0.0 0.20400001 0 TOUCH_DOWN i
1401622837396 6 4098 561.0 856.27814 0.26666668 5.0 5.0 5.0 5.0 0.0 0.22000001 2 TOUCH_MOVE i
1401622837412 6 4098 561.0 856.701 0.26666668 5.0 5.0 5.0 5.0 0.0 0.216 2 TOUCH_MOVE i
1401622837427 6 4098 561.0 856.701 0.26666668 5.0 5.0 5.0 5.0 0.0 0.216 1 TOUCH_UP i
1401622838004 6 4098 679.5 1121.9509 0.26666668 4.0 4.0 4.0 4.0 0.0 0.21200001 0 TOUCH_DOWN Back
1401622838013 6 4098 679.5 1121.9509 0.26666668 4.0 4.0 4.0 4.0 0.0 0.216 2 TOUCH_MOVE Back
1401622838081 6 4098 679.5 1121.4509 0.26666668 4.0 4.0 4.0 4.0 0.0 0.18800001 2 TOUCH_MOVE Back
1401622838091 6 4098 679.5 1121.4509 0.26666668 4.0 4.0 4.0 4.0 0.0 0.18800001 1 TOUCH_UP Back
1401622838164 6 4098 669.0 1116.4509 0.3 5.0 5.0 5.0 5.0 0.0 0.21200001 0 TOUCH_DOWN Back
1401622838180 6 4098 669.0 1116.4509 0.33333334 5.0 5.0 5.0 5.0 0.0 0.22000001 2 TOUCH_MOVE Back
1401622838217 6 4098 669.5447 1116.4509 0.33333334 5.0 5.0 5.0 5.0 0.0 0.216 2 TOUCH_MOVE Back
1401622838232 6 4098 670.25 1116.4509 0.33333334 5.0 5.0 5.0 5.0 0.0 0.208 2 TOUCH_MOVE Back
1401622838240 6 4098 670.25 1116.4509 0.33333334 5.0 5.0 5.0 5.0 0.0 0.208 1 TOUCH_UP Back
1401622838322 6 4098 668.5 1120.4509 0.3 5.0 5.0 5.0 5.0 0.0 0.20400001 0 TOUCH_DOWN Back
1401622838380 6 4098 668.5 1120.4509 0.3 5.0 5.0 5.0 5.0 0.0 0.20400001 1 TOUCH_UP Back
1401622838826 6 4098 436.0 1235.4509 0.23333335 5.0 5.0 5.0 5.0 0.0 0.20400001 0 TOUCH_DOWN ,
1401622838840 6 4098 435.28543 1234.2363 0.23333335 5.0 5.0 5.0 5.0 0.0 0.21200001 2 TOUCH_MOVE ,
1401622838887 6 4098 435.0 1233.9509 0.23333335 5.0 5.0 5.0 5.0 0.0 0.208 2 TOUCH_MOVE ,
1401622838896 6 4098 435.0 1233.9509 0.23333335 5.0 5.0 5.0 5.0 0.0 0.208 1 TOUCH_UP ,
1401622839587 6 4098 299.0 1115.9509 0.26666668 5.0 5.0 5.0 5.0 0.0 0.216 0 TOUCH_DOWN c
1401622839605 6 4098 299.0 1115.9509 0.3 5.0 5.0 5.0 5.0 0.0 0.22000001 2 TOUCH_MOVE c
1401622839614 6 4098 298.49557 1115.9509 0.3 5.0 5.0 5.0 5.0 0.0 0.24000001 2 TOUCH_MOVE c
1401622839631 6 4098 297.07397 1116.414 0.3 5.0 5.0 5.0 5.0 0.0 0.224 2 TOUCH_MOVE c
1401622839648 6 4098 297.0 1116.4509 0.23333335 4.0 4.0 4.0 4.0 0.0 0.192 2 TOUCH_MOVE c
1401622839652 6 4098 297.0 1116.4509 0.23333335 4.0 4.0 4.0 4.0 0.0 0.192 1 TOUCH_UP c
1401622839891 6 4098 409.5 984.951 0.3 5.0 5.0 5.0 5.0 0.0 0.22000001 0 TOUCH_DOWN h
1401622839901 6 4098 409.5 984.951 0.3 5.0 5.0 5.0 5.0 0.0 0.224 2 TOUCH_MOVE h
1401622839916 6 4098 409.72858 981.76526 0.23333335 4.0 4.0 4.0 4.0 0.0 0.23200001 2 TOUCH_MOVE h
1401622839931 6 4098 410.0 980.951 0.20000002 4.0 4.0 4.0 4.0 0.0 0.192 2 TOUCH_MOVE h
1401622839936 6 4098 410.0 980.951 0.20000002 4.0 4.0 4.0 4.0 0.0 0.192 1 TOUCH_UP h
1401622840078 6 4098 514.0 853.451 0.20000002 4.0 4.0 4.0 4.0 0.0 0.208 0 TOUCH_DOWN i
1401622840099 6 4098 514.0 853.451 0.23333335 4.0 4.0 4.0 4.0 0.0 0.21200001 2 TOUCH_MOVE i
1401622840122 6 4098 514.2158 852.951 0.23333335 4.0 4.0 4.0 4.0 0.0 0.21200001 2 TOUCH_MOVE i
1401622840135 6 4098 514.8888 852.951 0.20000002 3.0 3.0 3.0 3.0 0.0 0.19600001 2 TOUCH_MOVE i
1401622840141 6 4098 515.0 852.951 0.16666667 3.0 3.0 3.0 3.0 0.0 0.18400002 2 TOUCH_MOVE i
1401622840159 6 4098 515.0 852.951 0.16666667 3.0 3.0 3.0 3.0 0.0 0.18400002 1 TOUCH_UP i
1401622840760 6 4098 692.0 1114.4509 0.3 5.0 5.0 5.0 5.0 0.0 0.20400001 0 TOUCH_DOWN Back
1401622840766 6 4098 692.0 1114.4509 0.3 5.0 5.0 5.0 5.0 0.0 0.208 2 TOUCH_MOVE Back
1401622840799 6 4098 691.0493 1114.4509 0.3 5.0 5.0 5.0 5.0 0.0 0.22000001 2 TOUCH_MOVE Back
1401622840818 6 4098 690.1458 1114.4509 0.3 5.0 5.0 5.0 5.0 0.0 0.216 2 TOUCH_MOVE Back
1401622840833 6 4098 689.75 1114.4509 0.3 5.0 5.0 5.0 5.0 0.0 0.21200001 2 TOUCH_MOVE Back
1401622840848 6 4098 689.75 1114.4509 0.3 5.0 5.0 5.0 5.0 0.0 0.21200001 1 TOUCH_UP Back
1401622840923 6 4098 675.5 1112.4509 0.33333334 5.0 5.0 5.0 5.0 0.0 0.208 0 TOUCH_DOWN Back
1401622840935 6 4098 675.5 1112.4509 0.33333334 5.0 5.0 5.0 5.0 0.0 0.216 2 TOUCH_MOVE Back
1401622841012 6 4098 675.5 1112.4509 0.33333334 5.0 5.0 5.0 5.0 0.0 0.216 1 TOUCH_UP Back
1401622841089 6 4098 660.5 1118.4509 0.26666668 4.0 4.0 4.0 4.0 0.0 0.20400001 0 TOUCH_DOWN Back
1401622841099 6 4098 660.5 1118.4509 0.26666668 4.0 4.0 4.0 4.0 0.0 0.216 2 TOUCH_MOVE Back
1401622841149 6 4098 661.6925 1118.4509 0.33333334 5.0 5.0 5.0 5.0 0.0 0.20400001 2 TOUCH_MOVE Back
1401622841164 6 4098 661.6925 1118.4509 0.33333334 5.0 5.0 5.0 5.0 0.0 0.20400001 1 TOUCH_UP Back
1401622841466 6 4098 652.0 1101.4509 0.26666668 4.0 4.0 4.0 4.0 0.0 0.208 0 TOUCH_DOWN Back
1401622841489 6 4098 652.0 1101.9065 0.26666668 4.0 4.0 4.0 4.0 0.0 0.22000001 2 TOUCH_MOVE Back
1401622841501 6 4098 652.0 1102.4146 0.26666668 4.0 4.0 4.0 4.0 0.0 0.224 2 TOUCH_MOVE Back
1401622841518 6 4098 652.89606 1103.3469 0.26666668 4.0 4.0 4.0 4.0 0.0 0.22800002 2 TOUCH_MOVE Back
1401622841533 6 4098 653.25 1103.7009 0.26666668 4.0 4.0 4.0 4.0 0.0 0.224 2 TOUCH_MOVE Back
1401622841550 6 4098 653.0 1104.2355 0.3 5.0 5.0 5.0 5.0 0.0 0.20400001 2 TOUCH_MOVE Back
1401622841561 6 4098 653.0 1104.4509 0.26666668 5.0 5.0 5.0 5.0 0.0 0.172 2 TOUCH_MOVE Back
1401622841565 6 4098 653.0 1104.4509 0.26666668 5.0 5.0 5.0 5.0 0.0 0.172 1 TOUCH_UP Back
1401622842051 6 4098 403.5 1223.4509 0.23333335 4.0 4.0 4.0 4.0 0.0 0.208 0 TOUCH_DOWN ,
1401622842073 6 4098 403.5 1223.4509 0.23333335 4.0 4.0 4.0 4.0 0.0 0.21200001 2 TOUCH_MOVE ,
1401622842101 6 4098 403.5 1223.4509 0.20000002 3.0 3.0 3.0 3.0 0.0 0.18800001 2 TOUCH_MOVE ,
1401622842114 6 4098 403.5 1223.4509 0.20000002 3.0 3.0 3.0 3.0 0.0 0.18800001 1 TOUCH_UP ,
1401622843769 6 4098 687.0 1096.4509 0.26666668 4.0 4.0 4.0 4.0 0.0 0.208 0 TOUCH_DOWN Back
1401622843800 6 4098 686.51605 1096.9349 0.26666668 4.0 4.0 4.0 4.0 0.0 0.22000001 2 TOUCH_MOVE Back
1401622843818 6 4098 683.74347 1098.8292 0.3 5.0 5.0 5.0 5.0 0.0 0.23200001 2 TOUCH_MOVE Back
1401622843837 6 4098 681.7715 1099.8152 0.26666668 4.0 4.0 4.0 4.0 0.0 0.22800002 2 TOUCH_MOVE Back
1401622843852 6 4098 679.4092 1101.7235 0.26666668 4.0 4.0 4.0 4.0 0.0 0.21200001 2 TOUCH_MOVE Back
1401622843862 6 4098 678.5 1102.4509 0.33333334 5.0 5.0 5.0 5.0 0.0 0.18800001 2 TOUCH_MOVE Back
1401622843866 6 4098 678.5 1102.4509 0.33333334 5.0 5.0 5.0 5.0 0.0 0.18800001 1 TOUCH_UP Back
1401622844142 6 4098 332.0 1240.4509 0.20000002 5.0 5.0 5.0 5.0 0.0 0.19600001 0 TOUCH_DOWN Space
1401622844152 6 4098 332.0 1240.4509 0.23333335 5.0 5.0 5.0 5.0 0.0 0.208 2 TOUCH_MOVE Space
1401622844171 6 4098 331.85883 1238.6686 0.23333335 5.0 5.0 5.0 5.0 0.0 0.208 2 TOUCH_MOVE Space
1401622844185 6 4098 330.9335 1237.3844 0.23333335 5.0 5.0 5.0 5.0 0.0 0.21200001 2 TOUCH_MOVE Space
1401622844202 6 4098 330.25 1236.7009 0.23333335 5.0 5.0 5.0 5.0 0.0 0.19600001 2 TOUCH_MOVE Space
1401622844210 6 4098 330.25 1236.7009 0.23333335 5.0 5.0 5.0 5.0 0.0 0.19600001 1 TOUCH_UP Space
1401622845806 6 4098 278.5 1120.4509 0.26666668 4.0 4.0 4.0 4.0 0.0 0.19600001 0 TOUCH_DOWN c
1401622845820 6 4098 278.5 1120.4509 0.3 5.0 5.0 5.0 5.0 0.0 0.208 2 TOUCH_MOVE c
1401622845854 6 4098 279.4203 1119.5306 0.3 5.0 5.0 5.0 5.0 0.0 0.21200001 2 TOUCH_MOVE c
1401622845872 6 4098 280.44855 1118.9509 0.3 5.0 5.0 5.0 5.0 0.0 0.208 2 TOUCH_MOVE c
1401622845889 6 4098 280.5 1118.9509 0.3 5.0 5.0 5.0 5.0 0.0 0.2 2 TOUCH_MOVE c
1401622845893 6 4098 280.5 1118.9509 0.3 5.0 5.0 5.0 5.0 0.0 0.2 1 TOUCH_UP c
1401622846130 6 4098 430.0 964.451 0.23333335 4.0 4.0 4.0 4.0 0.0 0.216 0 TOUCH_DOWN h
1401622846137 6 4098 430.0 964.451 0.23333335 4.0 4.0 4.0 4.0 0.0 0.22000001 2 TOUCH_MOVE h
1401622846172 6 4098 431.07474 959.72675 0.26666668 4.0 4.0 4.0 4.0 0.0 0.20400001 2 TOUCH_MOVE h
1401622846187 6 4098 437.5 946.451 0.3 5.0 5.0 5.0 5.0 0.0 0.18800001 2 TOUCH_MOVE h
1401622846193 6 4098 437.5 946.451 0.3 5.0 5.0 5.0 5.0 0.0 0.18800001 1 TOUCH_UP h
1401622846346 6 4098 557.0 831.451 0.33333334 5.0 5.0 5.0 5.0 0.0 0.2 0 TOUCH_DOWN i
1401622846355 6 4098 557.0 831.451 0.33333334 5.0 5.0 5.0 5.0 0.0 0.21200001 2 TOUCH_MOVE i
1401622846404 6 4098 557.29034 833.40283 0.3 5.0 5.0 5.0 5.0 0.0 0.192 2 TOUCH_MOVE i
1401622846415 6 4098 557.5 834.451 0.23333335 4.0 4.0 4.0 4.0 0.0 0.172 2 TOUCH_MOVE i
1401622846419 6 4098 557.5 834.451 0.23333335 4.0 4.0 4.0 4.0 0.0 0.172 1 TOUCH_UP i
1401622846749 6 4098 592.5 1101.9509 0.26666668 5.0 5.0 5.0 5.0 0.0 0.19600001 0 TOUCH_DOWN m
1401622846755 6 4098 592.5 1101.9509 0.23333335 4.0 4.0 4.0 4.0 0.0 0.20400001 2 TOUCH_MOVE m
1401622846788 6 4098 592.9271 1103.378 0.3 5.0 5.0 5.0 5.0 0.0 0.20400001 2 TOUCH_MOVE m
1401622846805 6 4098 593.0 1104.8057 0.26666668 5.0 5.0 5.0 5.0 0.0 0.2 2 TOUCH_MOVE m
1401622846813 6 4098 593.0 1104.9509 0.23333335 5.0 5.0 5.0 5.0 0.0 0.18 2 TOUCH_MOVE m
1401622846816 6 4098 593.0 1104.9509 0.23333335 5.0 5.0 5.0 5.0 0.0 0.18 1 TOUCH_UP m
1401622847119 6 4098 350.0 1228.4509 0.23333335 4.0 4.0 4.0 4.0 0.0 0.19600001 0 TOUCH_DOWN Space
1401622847124 6 4098 350.0 1228.4509 0.23333335 4.0 4.0 4.0 4.0 0.0 0.2 2 TOUCH_MOVE Space
1401622847167 6 4098 350.0 1228.4509 0.16666667 3.0 3.0 3.0 3.0 0.0 0.16800001 2 TOUCH_MOVE Space
1401622847171 6 4098 350.0 1228.4509 0.16666667 3.0 3.0 3.0 3.0 0.0 0.16800001 1 TOUCH_UP Space
1401622847857 6 4098 317.5 871.451 0.3 5.0 5.0 5.0 5.0 0.0 0.21200001 0 TOUCH_DOWN t
1401622847876 6 4098 317.8532 871.451 0.3 5.0 5.0 5.0 5.0 0.0 0.22800002 2 TOUCH_MOVE t
1401622847889 6 4098 318.49118 871.9422 0.3 5.0 5.0 5.0 5.0 0.0 0.24000001 2 TOUCH_MOVE t
1401622847907 6 4098 319.5174 871.951 0.3 5.0 5.0 5.0 5.0 0.0 0.22800002 2 TOUCH_MOVE t
1401622847953 6 4098 319.5174 871.951 0.3 5.0 5.0 5.0 5.0 0.0 0.22800002 1 TOUCH_UP t
1401622848151 6 4098 610.0 853.951 0.23333335 5.0 5.0 5.0 5.0 0.0 0.21200001 0 TOUCH_DOWN o
1401622848158 6 4098 610.0 853.951 0.26666668 5.0 5.0 5.0 5.0 0.0 0.216 2 TOUCH_MOVE o
1401622848190 6 4098 607.61456 852.56555 0.26666668 5.0 5.0 5.0 5.0 0.0 0.23200001 2 TOUCH_MOVE o
1401622848236 6 4098 605.0 850.951 0.20000002 4.0 4.0 4.0 4.0 0.0 0.18 2 TOUCH_MOVE o
1401622848249 6 4098 605.0 850.951 0.20000002 4.0 4.0 4.0 4.0 0.0 0.18 1 TOUCH_UP o
1401622848334 6 4098 547.0 858.951 0.20000002 4.0 4.0 4.0 4.0 0.0 0.2 0 TOUCH_DOWN i
1401622848405 6 4098 547.0 858.951 0.23333335 4.0 4.0 4.0 4.0 0.0 0.16800001 2 TOUCH_MOVE i
1401622848408 6 4098 547.0 858.951 0.23333335 4.0 4.0 4.0 4.0 0.0 0.16800001 1 TOUCH_UP i
1401622848792 6 4098 364.0 1228.9509 0.20000002 3.0 3.0 3.0 3.0 0.0 0.19600001 0 TOUCH_DOWN Space
1401622848840 6 4098 364.0 1228.9509 0.20000002 3.0 3.0 3.0 3.0 0.0 0.19600001 1 TOUCH_UP Space
1401622849173 6 4098 136.0 941.451 0.3 5.0 5.0 5.0 5.0 0.0 0.216 0 TOUCH_DOWN s
1401622849185 6 4098 136.0 941.451 0.3 5.0 5.0 5.0 5.0 0.0 0.23200001 2 TOUCH_MOVE s
1401622849223 6 4098 136.0 941.9804 0.3 5.0 5.0 5.0 5.0 0.0 0.224 2 TOUCH_MOVE s
1401622849243 6 4098 136.0 941.9804 0.3 5.0 5.0 5.0 5.0 0.0 0.224 1 TOUCH_UP s
1401622849375 6 4098 149.5 868.451 0.26666668 4.0 4.0 4.0 4.0 0.0 0.22000001 0 TOUCH_DOWN e
1401622849383 6 4098 149.53201 868.451 0.3 5.0 5.0 5.0 5.0 0.0 0.224 2 TOUCH_MOVE e
1401622849396 6 4098 151.75919 868.7658 0.3 5.0 5.0 5.0 5.0 0.0 0.23200001 2 TOUCH_MOVE e
1401622849407 6 4098 156.39732 869.451 0.3 5.0 5.0 5.0 5.0 0.0 0.23600002 2 TOUCH_MOVE e
1401622849443 6 4098 164.39899 868.951 0.23333335 4.0 4.0 4.0 4.0 0.0 0.192 2 TOUCH_MOVE e
1401622849458 6 4098 165.0 868.951 0.16666667 3.0 3.0 3.0 3.0 0.0 0.132 2 TOUCH_MOVE e
1401622849463 6 4098 165.0 868.951 0.16666667 3.0 3.0 3.0 3.0 0.0 0.132 1 TOUCH_UP e
1401622849619 6 4098 403.0 1218.9509 0.23333335 4.0 4.0 4.0 4.0 0.0 0.2 0 TOUCH_DOWN ,
1401622849625 6 4098 403.0 1218.9509 0.23333335 4.0 4.0 4.0 4.0 0.0 0.21200001 2 TOUCH_MOVE ,
1401622849690 6 4098 403.0 1218.9509 0.20000002 3.0 3.0 3.0 3.0 0.0 0.172 2 TOUCH_MOVE ,
1401622849697 6 4098 403.0 1218.9509 0.20000002 3.0 3.0 3.0 3.0 0.0 0.172 1 TOUCH_UP ,
1401622850684 6 4098 705.0 1087.4509 0.16666667 3.0 3.0 3.0 3.0 0.0 0.192 0 TOUCH_DOWN Back
1401622850692 6 4098 705.0 1087.9323 0.20000002 3.0 3.0 3.0 3.0 0.0 0.21200001 2 TOUCH_MOVE Back
1401622850715 6 4098 704.55334 1089.3442 0.26666668 4.0 4.0 4.0 4.0 0.0 0.224 2 TOUCH_MOVE Back
1401622850732 6 4098 703.16077 1091.2902 0.26666668 4.0 4.0 4.0 4.0 0.0 0.224 2 TOUCH_MOVE Back
1401622850742 6 4098 701.63226 1092.8186 0.26666668 4.0 4.0 4.0 4.0 0.0 0.22000001 2 TOUCH_MOVE Back
1401622850758 6 4098 701.0 1093.8036 0.26666668 4.0 4.0 4.0 4.0 0.0 0.216 2 TOUCH_MOVE Back
1401622850775 6 4098 701.0 1094.7009 0.16666667 3.0 3.0 3.0 3.0 0.0 0.120000005 2 TOUCH_MOVE Back
1401622850786 6 4098 701.0 1094.7009 0.16666667 3.0 3.0 3.0 3.0 0.0 0.120000005 1 TOUCH_UP Back
1401622852603 6 4098 333.5 1228.4509 0.26666668 5.0 5.0 5.0 5.0 0.0 0.208 0 TOUCH_DOWN Space
1401622852610 6 4098 333.5 1228.4509 0.26666668 5.0 5.0 5.0 5.0 0.0 0.20400001 2 TOUCH_MOVE Space
1401622852643 6 4098 332.25 1228.4509 0.26666668 5.0 5.0 5.0 5.0 0.0 0.18 2 TOUCH_MOVE Space
1401622852648 6 4098 332.25 1228.4509 0.26666668 5.0 5.0 5.0 5.0 0.0 0.18 1 TOUCH_UP Space
1401622853187 6 4098 672.0 965.951 0.23333335 5.0 5.0 5.0 5.0 0.0 0.20400001 0 TOUCH_DOWN l
1401622853194 6 4098 672.0 965.951 0.23333335 5.0 5.0 5.0 5.0 0.0 0.21200001 2 TOUCH_MOVE l
1401622853227 6 4098 670.9979 965.951 0.26666668 5.0 5.0 5.0 5.0 0.0 0.22800002 2 TOUCH_MOVE l
1401622853244 6 4098 670.25 965.951 0.26666668 5.0 5.0 5.0 5.0 0.0 0.23200001 2 TOUCH_MOVE l
1401622853282 6 4098 670.25 965.951 0.26666668 5.0 5.0 5.0 5.0 0.0 0.23200001 1 TOUCH_UP l
1401622853973 6 4098 55.0 964.451 0.16666667 3.0 3.0 3.0 3.0 0.0 0.192 0 TOUCH_DOWN a
1401622854036 6 4098 54.5 964.451 0.16666667 3.0 3.0 3.0 3.0 0.0 0.18400002 2 TOUCH_MOVE a
1401622854040 6 4098 54.5 964.451 0.16666667 3.0 3.0 3.0 3.0 0.0 0.18400002 1 TOUCH_UP a
1401622854713 6 4098 679.5 1091.9509 0.26666668 5.0 5.0 5.0 5.0 0.0 0.21200001 0 TOUCH_DOWN Back
1401622854742 6 4098 676.7656 1094.6853 0.3 5.0 5.0 5.0 5.0 0.0 0.22000001 2 TOUCH_MOVE Back
1401622854775 6 4098 676.0 1094.9509 0.23333335 4.0 4.0 4.0 4.0 0.0 0.20400001 2 TOUCH_MOVE Back
1401622854787 6 4098 676.0 1094.9509 0.23333335 4.0 4.0 4.0 4.0 0.0 0.20400001 1 TOUCH_UP Back
1401622855036 6 4098 634.0 872.951 0.26666668 4.0 4.0 4.0 4.0 0.0 0.208 0 TOUCH_DOWN o
1401622855045 6 4098 634.0 872.951 0.26666668 4.0 4.0 4.0 4.0 0.0 0.22000001 2 TOUCH_MOVE o
1401622855110 6 4098 634.0 872.951 0.26666668 4.0 4.0 4.0 4.0 0.0 0.22000001 1 TOUCH_UP o
1401622855153 6 4098 55.0 961.951 0.20000002 3.0 3.0 3.0 3.0 0.0 0.19600001 0 TOUCH_DOWN a
1401622855162 6 4098 55.0 961.951 0.20000002 3.0 3.0 3.0 3.0 0.0 0.208 2 TOUCH_MOVE a
1401622855197 6 4098 56.234463 961.21655 0.23333335 4.0 4.0 4.0 4.0 0.0 0.21200001 2 TOUCH_MOVE a
1401622855212 6 4098 57.89999 960.951 0.20000002 3.0 3.0 3.0 3.0 0.0 0.21200001 2 TOUCH_MOVE a
1401622855246 6 4098 57.5 962.09686 0.16666667 3.0 3.0 3.0 3.0 0.0 0.18 2 TOUCH_MOVE a
1401622855255 6 4098 57.5 962.09686 0.16666667 3.0 3.0 3.0 3.0 0.0 0.18 1 TOUCH_UP a
1401622855321 6 4098 559.0 828.451 0.33333334 5.0 5.0 5.0 5.0 0.0 0.22800002 0 TOUCH_DOWN i
1401622855338 6 4098 559.0 828.451 0.33333334 5.0 5.0 5.0 5.0 0.0 0.23200001 2 TOUCH_MOVE i
1401622855365 6 4098 559.36035 827.09064 0.33333334 5.0 5.0 5.0 5.0 0.0 0.23200001 2 TOUCH_MOVE i
1401622855381 6 4098 560.5473 826.1773 0.3 5.0 5.0 5.0 5.0 0.0 0.224 2 TOUCH_MOVE i
1401622855397 6 4098 564.46796 824.6574 0.26666668 4.0 4.0 4.0 4.0 0.0 0.19600001 2 TOUCH_MOVE i
1401622855406 6 4098 565.5 824.451 0.26666668 5.0 5.0 5.0 5.0 0.0 0.156 2 TOUCH_MOVE i
1401622855410 6 4098 565.5 824.451 0.26666668 5.0 5.0 5.0 5.0 0.0 0.156 1 TOUCH_UP i
1401622857185 6 4098 689.0 1097.9509 0.26666668 4.0 4.0 4.0 4.0 0.0 0.216 0 TOUCH_DOWN Back
1401622857214 6 4098 688.6423 1098.8087 0.26666668 4.0 4.0 4.0 4.0 0.0 0.22800002 2 TOUCH_MOVE Back
1401622857231 6 4098 687.68335 1099.7676 0.26666668 4.0 4.0 4.0 4.0 0.0 0.22800002 2 TOUCH_MOVE Back
1401622857249 6 4098 686.21344 1100.7374 0.26666668 4.0 4.0 4.0 4.0 0.0 0.224 2 TOUCH_MOVE Back
1401622857264 6 4098 685.25 1101.7009 0.23333335 4.0 4.0 4.0 4.0 0.0 0.172 2 TOUCH_MOVE Back
1401622857270 6 4098 685.25 1101.7009 0.23333335 4.0 4.0 4.0 4.0 0.0 0.172 1 TOUCH_UP Back
1401622857345 6 4098 679.5 1113.4509 0.33333334 5.0 5.0 5.0 5.0 0.0 0.21200001 0 TOUCH_DOWN Back
1401622857353 6 4098 679.5 1113.4509 0.33333334 5.0 5.0 5.0 5.0 0.0 0.216 2 TOUCH_MOVE Back
1401622857426 6 4098 679.5 1113.4509 0.33333334 5.0 5.0 5.0 5.0 0.0 0.216 1 TOUCH_UP Back
1401622857774 6 4098 686.5 1112.9509 0.3 5.0 5.0 5.0 5.0 0.0 0.216 0 TOUCH_DOWN Back
1401622857848 6 4098 686.5 1113.4509 0.3 5.0 5.0 5.0 5.0 0.0 0.22800002 2 TOUCH_MOVE Back
1401622857864 6 4098 686.5 1113.4509 0.20000002 3.0 3.0 3.0 3.0 0.0 0.104 2 TOUCH_MOVE Back
1401622857868 6 4098 686.5 1113.4509 0.20000002 3.0 3.0 3.0 3.0 0.0 0.104 1 TOUCH_UP Back
1401622858381 6 4098 68.0 943.951 0.26666668 5.0 5.0 5.0 5.0 0.0 0.21200001 0 TOUCH_DOWN a
1401622858400 6 4098 68.0 943.951 0.23333335 5.0 5.0 5.0 5.0 0.0 0.216 2 TOUCH_MOVE a
1401622858416 6 4098 68.74661 943.951 0.3 5.0 5.0 5.0 5.0 0.0 0.224 2 TOUCH_MOVE a
1401622858435 6 4098 69.71808 943.951 0.3 5.0 5.0 5.0 5.0 0.0 0.22800002 2 TOUCH_MOVE a
1401622858449 6 4098 70.25 943.951 0.3 5.0 5.0 5.0 5.0 0.0 0.224 2 TOUCH_MOVE a
1401622858464 6 4098 70.25 943.951 0.3 5.0 5.0 5.0 5.0 0.0 0.224 1 TOUCH_UP a
1401622858678 6 4098 369.0 1252.9509 0.16666667 4.0 4.0 4.0 4.0 0.0 0.18 0 TOUCH_DOWN Space
1401622858687 6 4098 369.0 1252.9509 0.16666667 4.0 4.0 4.0 4.0 0.0 0.18400002 2 TOUCH_MOVE Space
1401622858716 6 4098 369.0 1251.8411 0.13333334 3.0 3.0 3.0 3.0 0.0 0.16000001 2 TOUCH_MOVE Space
1401622858729 6 4098 369.0 1251.8411 0.13333334 3.0 3.0 3.0 3.0 0.0 0.16000001 1 TOUCH_UP Space
1401622859278 6 4098 673.0 979.951 0.26666668 5.0 5.0 5.0 5.0 0.0 0.19600001 0 TOUCH_DOWN l
1401622859285 6 4098 673.0 979.951 0.3 5.0 5.0 5.0 5.0 0.0 0.2 2 TOUCH_MOVE l
1401622859300 6 4098 672.65753 980.79346 0.3 5.0 5.0 5.0 5.0 0.0 0.216 2 TOUCH_MOVE l
1401622859316 6 4098 671.38586 981.75806 0.3 5.0 5.0 5.0 5.0 0.0 0.208 2 TOUCH_MOVE l
1401622859336 6 4098 670.5 982.451 0.3 5.0 5.0 5.0 5.0 0.0 0.18800001 2 TOUCH_MOVE l
1401622859340 6 4098 670.5 982.451 0.3 5.0 5.0 5.0 5.0 0.0 0.18800001 1 TOUCH_UP l
1401622859890 6 4098 612.0 859.951 0.23333335 5.0 5.0 5.0 5.0 0.0 0.20400001 0 TOUCH_DOWN o
1401622859900 6 4098 612.0 860.46356 0.26666668 5.0 5.0 5.0 5.0 0.0 0.22000001 2 TOUCH_MOVE o
1401622859917 6 4098 612.75 861.201 0.26666668 5.0 5.0 5.0 5.0 0.0 0.216 2 TOUCH_MOVE o
1401622859935 6 4098 612.75 861.201 0.26666668 5.0 5.0 5.0 5.0 0.0 0.216 1 TOUCH_UP o
1401622859997 6 4098 52.5 964.951 0.20000002 3.0 3.0 3.0 3.0 0.0 0.20400001 0 TOUCH_DOWN a
1401622860018 6 4098 52.5 964.951 0.20000002 3.0 3.0 3.0 3.0 0.0 0.21200001 2 TOUCH_MOVE a
1401622860050 6 4098 53.934807 963.951 0.20000002 3.0 3.0 3.0 3.0 0.0 0.22000001 2 TOUCH_MOVE a
1401622860070 6 4098 55.18104 963.951 0.20000002 3.0 3.0 3.0 3.0 0.0 0.208 2 TOUCH_MOVE a
1401622860083 6 4098 55.0 963.951 0.16666667 3.0 3.0 3.0 3.0 0.0 0.17600001 2 TOUCH_MOVE a
1401622860092 6 4098 55.0 963.951 0.16666667 3.0 3.0 3.0 3.0 0.0 0.17600001 1 TOUCH_UP a
1401622860199 6 4098 564.0 846.951 0.23333335 4.0 4.0 4.0 4.0 0.0 0.21200001 0 TOUCH_DOWN i
1401622860204 6 4098 564.0 846.951 0.3 5.0 5.0 5.0 5.0 0.0 0.22800002 2 TOUCH_MOVE i
1401622860234 6 4098 563.18054 846.451 0.3 5.0 5.0 5.0 5.0 0.0 0.24000001 2 TOUCH_MOVE i
1401622860252 6 4098 562.6088 846.451 0.3 5.0 5.0 5.0 5.0 0.0 0.23200001 2 TOUCH_MOVE i
1401622860267 6 4098 562.5 846.451 0.23333335 4.0 4.0 4.0 4.0 0.0 0.224 2 TOUCH_MOVE i
1401622860285 6 4098 562.5 846.451 0.20000002 4.0 4.0 4.0 4.0 0.0 0.18400002 2 TOUCH_MOVE i
1401622860291 6 4098 562.5 846.451 0.20000002 4.0 4.0 4.0 4.0 0.0 0.18400002 1 TOUCH_UP i
1401622860655 6 4098 362.5 1229.9509 0.23333335 4.0 4.0 4.0 4.0 0.0 0.224 0 TOUCH_DOWN Space
1401622860667 6 4098 362.5 1229.9509 0.23333335 4.0 4.0 4.0 4.0 0.0 0.22800002 2 TOUCH_MOVE Space
1401622860701 6 4098 360.70676 1228.4509 0.26666668 5.0 5.0 5.0 5.0 0.0 0.22000001 2 TOUCH_MOVE Space
1401622860717 6 4098 360.0 1228.7252 0.20000002 3.0 3.0 3.0 3.0 0.0 0.19600001 2 TOUCH_MOVE Space
1401622860738 6 4098 360.0 1228.9509 0.13333334 2.0 2.0 2.0 2.0 0.0 0.18 2 TOUCH_MOVE Space
1401622860742 6 4098 360.0 1228.9509 0.13333334 2.0 2.0 2.0 2.0 0.0 0.18 1 TOUCH_UP Space
1401622862153 6 4098 425.5 1129.9509 0.23333335 4.0 4.0 4.0 4.0 0.0 0.21200001 0 TOUCH_DOWN b
1401622862158 6 4098 425.5 1129.9509 0.26666668 4.0 4.0 4.0 4.0 0.0 0.224 2 TOUCH_MOVE b
1401622862219 6 4098 425.5 1129.9509 0.20000002 4.0 4.0 4.0 4.0 0.0 0.17600001 2 TOUCH_MOVE b
1401622862232 6 4098 425.5 1129.9509 0.20000002 4.0 4.0 4.0 4.0 0.0 0.17600001 1 TOUCH_UP b
1401622862457 6 4098 615.0 856.951 0.23333335 5.0 5.0 5.0 5.0 0.0 0.208 0 TOUCH_DOWN o
1401622862471 6 4098 615.0 856.951 0.23333335 5.0 5.0 5.0 5.0 0.0 0.21200001 2 TOUCH_MOVE o
1401622862502 6 4098 613.6149 856.951 0.23333335 5.0 5.0 5.0 5.0 0.0 0.216 2 TOUCH_MOVE o
1401622862519 6 4098 612.75 856.951 0.23333335 5.0 5.0 5.0 5.0 0.0 0.192 2 TOUCH_MOVE o
1401622862531 6 4098 612.75 856.951 0.23333335 5.0 5.0 5.0 5.0 0.0 0.192 1 TOUCH_UP o
1401622862910 6 4098 332.5 1236.9509 0.23333335 5.0 5.0 5.0 5.0 0.0 0.2 0 TOUCH_DOWN Space
1401622862919 6 4098 332.5 1236.9509 0.23333335 5.0 5.0 5.0 5.0 0.0 0.208 2 TOUCH_MOVE Space
1401622862956 6 4098 331.2634 1236.9509 0.23333335 5.0 5.0 5.0 5.0 0.0 0.20400001 2 TOUCH_MOVE Space
1401622862973 6 4098 331.2634 1236.9509 0.23333335 5.0 5.0 5.0 5.0 0.0 0.20400001 1 TOUCH_UP Space
1401622863558 6 4098 297.0 1105.4509 0.26666668 5.0 5.0 5.0 5.0 0.0 0.21200001 0 TOUCH_DOWN c
1401622863570 6 4098 297.0 1105.4509 0.3 5.0 5.0 5.0 5.0 0.0 0.224 2 TOUCH_MOVE c
1401622863603 6 4098 293.89526 1105.9509 0.26666668 4.0 4.0 4.0 4.0 0.0 0.22800002 2 TOUCH_MOVE c
1401622863620 6 4098 290.0 1105.9509 0.3 5.0 5.0 5.0 5.0 0.0 0.22800002 2 TOUCH_MOVE c
1401622863638 6 4098 286.5 1104.9509 0.3 5.0 5.0 5.0 5.0 0.0 0.18 2 TOUCH_MOVE c
1401622863643 6 4098 286.5 1104.9509 0.3 5.0 5.0 5.0 5.0 0.0 0.18 1 TOUCH_UP c
1401622863866 6 4098 106.5 999.951 0.33333334 5.0 5.0 5.0 5.0 0.0 0.216 0 TOUCH_DOWN s
1401622863878 6 4098 106.5 999.951 0.3 5.0 5.0 5.0 5.0 0.0 0.22000001 2 TOUCH_MOVE s
1401622863935 6 4098 106.5 999.951 0.3 5.0 5.0 5.0 5.0 0.0 0.19600001 2 TOUCH_MOVE s
1401622863938 6 4098 106.5 999.951 0.3 5.0 5.0 5.0 5.0 0.0 0.19600001 1 TOUCH_UP s
1401622864323 6 4098 484.0 861.951 0.23333335 4.0 4.0 4.0 4.0 0.0 0.208 0 TOUCH_DOWN u
1401622864357 6 4098 482.75 862.701 0.26666668 5.0 5.0 5.0 5.0 0.0 0.23600002 2 TOUCH_MOVE u
1401622864390 6 4098 482.75 862.701 0.26666668 5.0 5.0 5.0 5.0 0.0 0.23600002 1 TOUCH_UP u
1401622865095 6 4098 711.5 1091.9509 0.20000002 3.0 3.0 3.0 3.0 0.0 0.2 0 TOUCH_DOWN Back
1401622865107 6 4098 711.5 1092.3018 0.20000002 3.0 3.0 3.0 3.0 0.0 0.208 2 TOUCH_MOVE Back
1401622865122 6 4098 710.7594 1093.1915 0.23333335 4.0 4.0 4.0 4.0 0.0 0.216 2 TOUCH_MOVE Back
1401622865138 6 4098 709.8264 1093.9509 0.23333335 4.0 4.0 4.0 4.0 0.0 0.21200001 2 TOUCH_MOVE Back
1401622865155 6 4098 709.25 1093.9509 0.20000002 3.0 3.0 3.0 3.0 0.0 0.21200001 2 TOUCH_MOVE Back
1401622865172 6 4098 709.25 1093.9509 0.20000002 3.0 3.0 3.0 3.0 0.0 0.21200001 1 TOUCH_UP Back
1401622865579 6 4098 700.0 1085.9509 0.20000002 3.0 3.0 3.0 3.0 0.0 0.208 0 TOUCH_DOWN Back
1401622865602 6 4098 699.2726 1087.1783 0.23333335 4.0 4.0 4.0 4.0 0.0 0.22000001 2 TOUCH_MOVE Back
1401622865626 6 4098 698.5 1089.107 0.26666668 4.0 4.0 4.0 4.0 0.0 0.22000001 2 TOUCH_MOVE Back
1401622865639 6 4098 698.5 1090.0696 0.20000002 3.0 3.0 3.0 3.0 0.0 0.19600001 2 TOUCH_MOVE Back
1401622865655 6 4098 698.5 1090.4509 0.13333334 2.0 2.0 2.0 2.0 0.0 0.108 2 TOUCH_MOVE Back
1401622865659 6 4098 698.5 1090.4509 0.13333334 2.0 2.0 2.0 2.0 0.0 0.108 1 TOUCH_UP Back
1401622866223 6 4098 51.0 954.451 0.23333335 4.0 4.0 4.0 4.0 0.0 0.192 0 TOUCH_DOWN a
1401622866240 6 4098 52.642967 954.451 0.23333335 4.0 4.0 4.0 4.0 0.0 0.21200001 2 TOUCH_MOVE a
1401622866258 6 4098 55.07658 954.451 0.23333335 4.0 4.0 4.0 4.0 0.0 0.22000001 2 TOUCH_MOVE a
1401622866275 6 4098 56.25 954.451 0.23333335 4.0 4.0 4.0 4.0 0.0 0.22000001 2 TOUCH_MOVE a
1401622866289 6 4098 56.0 955.1596 0.23333335 4.0 4.0 4.0 4.0 0.0 0.216 2 TOUCH_MOVE a
1401622866306 6 4098 56.0 956.13086 0.20000002 3.0 3.0 3.0 3.0 0.0 0.20400001 2 TOUCH_MOVE a
1401622866323 6 4098 54.215237 959.5205 0.16666667 3.0 3.0 3.0 3.0 0.0 0.18 2 TOUCH_MOVE a
1401622866337 6 4098 54.215237 959.5205 0.16666667 3.0 3.0 3.0 3.0 0.0 0.18 1 TOUCH_UP a
1401622866606 6 4098 469.0 867.451 0.20000002 4.0 4.0 4.0 4.0 0.0 0.192 0 TOUCH_DOWN u
1401622866609 6 4098 469.0 867.451 0.26666668 4.0 4.0 4.0 4.0 0.0 0.2 2 TOUCH_MOVE u
1401622866640 6 4098 467.62393 868.451 0.26666668 4.0 4.0 4.0 4.0 0.0 0.2 2 TOUCH_MOVE u
1401622866658 6 4098 466.75 868.451 0.20000002 3.0 3.0 3.0 3.0 0.0 0.18 2 TOUCH_MOVE u
1401622866668 6 4098 466.75 868.451 0.20000002 3.0 3.0 3.0 3.0 0.0 0.18 1 TOUCH_UP u
1401622867043 6 4098 347.5 1211.4509 0.23333335 4.0 4.0 4.0 4.0 0.0 0.208 0 TOUCH_DOWN Space
1401622867060 6 4098 347.5 1211.4509 0.23333335 4.0 4.0 4.0 4.0 0.0 0.216 2 TOUCH_MOVE Space
1401622867123 6 4098 347.5 1211.4509 0.26666668 5.0 5.0 5.0 5.0 0.0 0.18 2 TOUCH_MOVE Space
1401622867132 6 4098 347.5 1211.4509 0.16666667 3.0 3.0 3.0 3.0 0.0 0.1 2 TOUCH_MOVE Space
1401622867135 6 4098 347.5 1211.4509 0.16666667 3.0 3.0 3.0 3.0 0.0 0.1 1 TOUCH_UP Space
1401622867848 6 4098 330.0 871.951 0.3 5.0 5.0 5.0 5.0 0.0 0.20400001 0 TOUCH_DOWN t
1401622867874 6 4098 330.0 872.2203 0.3 5.0 5.0 5.0 5.0 0.0 0.24400002 2 TOUCH_MOVE t
1401622867891 6 4098 330.0 873.19696 0.3 5.0 5.0 5.0 5.0 0.0 0.23600002 2 TOUCH_MOVE t
1401622867907 6 4098 329.5 872.951 0.26666668 5.0 5.0 5.0 5.0 0.0 0.22000001 2 TOUCH_MOVE t
1401622867925 6 4098 329.5 872.951 0.13333334 2.0 2.0 2.0 2.0 0.0 0.120000005 2 TOUCH_MOVE t
1401622867939 6 4098 329.5 872.951 0.13333334 2.0 2.0 2.0 2.0 0.0 0.120000005 1 TOUCH_UP t
1401622868034 6 4098 227.5 820.451 0.26666668 4.0 4.0 4.0 4.0 0.0 0.22000001 0 TOUCH_DOWN r
1401622868075 6 4098 228.0 821.30023 0.3 5.0 5.0 5.0 5.0 0.0 0.22000001 2 TOUCH_MOVE r
1401622868091 6 4098 228.5 822.451 0.3 5.0 5.0 5.0 5.0 0.0 0.20400001 2 TOUCH_MOVE r
1401622868101 6 4098 228.5 822.451 0.3 5.0 5.0 5.0 5.0 0.0 0.18 2 TOUCH_MOVE r
1401622868105 6 4098 228.5 822.451 0.3 5.0 5.0 5.0 5.0 0.0 0.18 1 TOUCH_UP r
1401622868755 6 4098 59.0 970.451 0.16666667 3.0 3.0 3.0 3.0 0.0 0.18800001 0 TOUCH_DOWN a
1401622868810 6 4098 58.459858 970.451 0.16666667 3.0 3.0 3.0 3.0 0.0 0.18400002 2 TOUCH_MOVE a
1401622868843 6 4098 58.0 970.451 0.16666667 3.0 3.0 3.0 3.0 0.0 0.16800001 2 TOUCH_MOVE a
1401622868848 6 4098 58.0 970.451 0.16666667 3.0 3.0 3.0 3.0 0.0 0.16800001 1 TOUCH_UP a
1401622869307 6 4098 503.5 1114.9509 0.33333334 5.0 5.0 5.0 5.0 0.0 0.2 0 TOUCH_DOWN n
1401622869371 6 4098 503.5 1115.9509 0.26666668 4.0 4.0 4.0 4.0 0.0 0.18 2 TOUCH_MOVE n
1401622869384 6 4098 503.5 1115.9509 0.26666668 4.0 4.0 4.0 4.0 0.0 0.18 1 TOUCH_UP n
1401622869694 6 4098 379.5 966.451 0.23333335 5.0 5.0 5.0 5.0 0.0 0.208 0 TOUCH_DOWN g
1401622869713 6 4098 379.5 966.451 0.26666668 5.0 5.0 5.0 5.0 0.0 0.21200001 2 TOUCH_MOVE g
1401622869727 6 4098 378.7765 966.451 0.23333335 4.0 4.0 4.0 4.0 0.0 0.21200001 2 TOUCH_MOVE g
1401622869742 6 4098 377.51547 967.19324 0.20000002 4.0 4.0 4.0 4.0 0.0 0.192 2 TOUCH_MOVE g
1401622869753 6 4098 377.0 967.451 0.20000002 4.0 4.0 4.0 4.0 0.0 0.18 2 TOUCH_MOVE g
1401622869758 6 4098 377.0 967.451 0.20000002 4.0 4.0 4.0 4.0 0.0 0.18 1 TOUCH_UP g
1401622870794 6 4098 689.5 1218.4509 0.23333335 4.0 4.0 4.0 4.0 0.0 0.20400001 0 TOUCH_DOWN Enter
1401622870829 6 4098 689.15717 1218.4509 0.23333335 4.0 4.0 4.0 4.0 0.0 0.21200001 2 TOUCH_MOVE Enter
1401622870848 6 4098 688.75 1218.4509 0.23333335 4.0 4.0 4.0 4.0 0.0 0.208 2 TOUCH_MOVE Enter
1401622870870 6 4098 689.0 1218.4509 0.16666667 3.0 3.0 3.0 3.0 0.0 0.148 2 TOUCH_MOVE Enter
1401622870876 6 4098 689.0 1218.4509 0.16666667 3.0 3.0 3.0 3.0 0.0 0.148 1 TOUCH_UP Enter
1401622872186 6 4098 511.0 1084.4509 0.20000002 4.0 4.0 4.0 4.0 0.0 0.18800001 0 TOUCH_DOWN N
1401622872229 6 4098 511.0 1084.4509 0.16666667 3.0 3.0 3.0 3.0 0.0 0.112 2 TOUCH_MOVE N
1401622872236 6 4098 511.0 1084.4509 0.16666667 3.0 3.0 3.0 3.0 0.0 0.112 1 TOUCH_UP N
1401622872610 6 4098 144.5 845.951 0.23333335 4.0 4.0 4.0 4.0 0.0 0.20400001 0 TOUCH_DOWN e
1401622872612 6 4098 144.5 845.951 0.23333335 4.0 4.0 4.0 4.0 0.0 0.208 2 TOUCH_MOVE e
1401622872680 6 4098 144.5 845.951 0.20000002 4.0 4.0 4.0 4.0 0.0 0.17600001 2 TOUCH_MOVE e
1401622872683 6 4098 144.5 845.951 0.20000002 4.0 4.0 4.0 4.0 0.0 0.17600001 1 TOUCH_UP e
1401622872943 6 4098 491.0 862.951 0.26666668 5.0 5.0 5.0 5.0 0.0 0.216 0 TOUCH_DOWN u
1401622872949 6 4098 491.0 862.951 0.23333335 4.0 4.0 4.0 4.0 0.0 0.22000001 2 TOUCH_MOVE u
1401622872984 6 4098 491.0 863.5175 0.26666668 5.0 5.0 5.0 5.0 0.0 0.23200001 2 TOUCH_MOVE u
1401622872995 6 4098 491.0 864.701 0.23333335 4.0 4.0 4.0 4.0 0.0 0.21200001 2 TOUCH_MOVE u
1401622873011 6 4098 491.0 864.701 0.23333335 4.0 4.0 4.0 4.0 0.0 0.21200001 1 TOUCH_UP u
1401622873359 6 4098 334.5 1218.4509 0.26666668 5.0 5.0 5.0 5.0 0.0 0.20400001 0 TOUCH_DOWN Space
1401622873396 6 4098 333.57117 1218.9509 0.26666668 5.0 5.0 5.0 5.0 0.0 0.22000001 2 TOUCH_MOVE Space
1401622873433 6 4098 332.5 1219.9509 0.26666668 5.0 5.0 5.0 5.0 0.0 0.18 2 TOUCH_MOVE Space
1401622873439 6 4098 332.5 1219.9509 0.26666668 5.0 5.0 5.0 5.0 0.0 0.18 1 TOUCH_UP Space
1401622874035 6 4098 665.5 967.951 0.23333335 5.0 5.0 5.0 5.0 0.0 0.19600001 0 TOUCH_DOWN l
1401622874053 6 4098 665.5 967.951 0.20000002 4.0 4.0 4.0 4.0 0.0 0.20400001 2 TOUCH_MOVE l
1401622874081 6 4098 665.2522 968.94653 0.23333335 5.0 5.0 5.0 5.0 0.0 0.19600001 2 TOUCH_MOVE l
1401622874089 6 4098 665.0 969.451 0.20000002 4.0 4.0 4.0 4.0 0.0 0.18 2 TOUCH_MOVE l
1401622874093 6 4098 665.0 969.451 0.20000002 4.0 4.0 4.0 4.0 0.0 0.18 1 TOUCH_UP l
1401622874960 6 4098 74.0 985.451 0.20000002 4.0 4.0 4.0 4.0 0.0 0.19600001 0 TOUCH_DOWN a
1401622874968 6 4098 74.0 985.451 0.20000002 4.0 4.0 4.0 4.0 0.0 0.208 2 TOUCH_MOVE a
1401622875002 6 4098 73.345436 985.451 0.26666668 4.0 4.0 4.0 4.0 0.0 0.216 2 TOUCH_MOVE a
1401622875021 6 4098 72.317245 984.26825 0.23333335 4.0 4.0 4.0 4.0 0.0 0.208 2 TOUCH_MOVE a
1401622875031 6 4098 72.0 983.951 0.16666667 3.0 3.0 3.0 3.0 0.0 0.17600001 2 TOUCH_MOVE a
1401622875037 6 4098 72.0 983.951 0.16666667 3.0 3.0 3.0 3.0 0.0 0.17600001 1 TOUCH_UP a
1401622875270 6 4098 374.5 1228.9509 0.23333335 4.0 4.0 4.0 4.0 0.0 0.18400002 0 TOUCH_DOWN Space
1401622875281 6 4098 374.5 1228.9509 0.23333335 4.0 4.0 4.0 4.0 0.0 0.18800001 2 TOUCH_MOVE Space
1401622875305 6 4098 374.5 1228.9509 0.23333335 4.0 4.0 4.0 4.0 0.0 0.18800001 1 TOUCH_UP Space
1401622875915 6 4098 438.5 978.951 0.26666668 5.0 5.0 5.0 5.0 0.0 0.20400001 0 TOUCH_DOWN h
1401622875932 6 4098 438.5 978.951 0.26666668 5.0 5.0 5.0 5.0 0.0 0.21200001 2 TOUCH_MOVE h
1401622875965 6 4098 438.5 978.951 0.23333335 5.0 5.0 5.0 5.0 0.0 0.132 2 TOUCH_MOVE h
1401622875969 6 4098 438.5 978.951 0.23333335 5.0 5.0 5.0 5.0 0.0 0.132 1 TOUCH_UP h
1401622876292 6 4098 602.0 856.951 0.20000002 4.0 4.0 4.0 4.0 0.0 0.18800001 0 TOUCH_DOWN o
1401622876299 6 4098 602.0 856.951 0.20000002 4.0 4.0 4.0 4.0 0.0 0.19600001 2 TOUCH_MOVE o
1401622876359 6 4098 602.0 856.951 0.20000002 4.0 4.0 4.0 4.0 0.0 0.19600001 1 TOUCH_UP o
1401622876769 6 4098 360.5 1224.4509 0.16666667 3.0 3.0 3.0 3.0 0.0 0.2 0 TOUCH_DOWN Space
1401622876782 6 4098 360.5 1224.4509 0.23333335 4.0 4.0 4.0 4.0 0.0 0.208 2 TOUCH_MOVE Space
1401622876849 6 4098 360.5 1224.4509 0.23333335 4.0 4.0 4.0 4.0 0.0 0.208 1 TOUCH_UP Space
1401622877572 6 4098 698.5 1108.4509 0.23333335 5.0 5.0 5.0 5.0 0.0 0.2 0 TOUCH_DOWN Back
1401622877584 6 4098 698.5 1108.4509 0.23333335 5.0 5.0 5.0 5.0 0.0 0.208 2 TOUCH_MOVE Back
1401622877617 6 4098 698.5 1109.3533 0.3 5.0 5.0 5.0 5.0 0.0 0.216 2 TOUCH_MOVE Back
1401622877637 6 4098 698.5 1109.4509 0.26666668 5.0 5.0 5.0 5.0 0.0 0.20400001 2 TOUCH_MOVE Back
1401622877642 6 4098 698.5 1109.4509 0.26666668 5.0 5.0 5.0 5.0 0.0 0.20400001 1 TOUCH_UP Back
1401622878159 6 4098 394.5 1233.4509 0.23333335 5.0 5.0 5.0 5.0 0.0 0.19600001 0 TOUCH_DOWN ,
1401622878191 6 4098 394.5 1232.9558 0.26666668 5.0 5.0 5.0 5.0 0.0 0.2 2 TOUCH_MOVE ,
1401622878221 6 4098 394.5 1232.9509 0.23333335 4.0 4.0 4.0 4.0 0.0 0.2 2 TOUCH_MOVE ,
1401622878231 6 4098 394.5 1232.9509 0.23333335 4.0 4.0 4.0 4.0 0.0 0.2 1 TOUCH_UP ,
1401622878958 6 4098 663.5 1086.9509 0.26666668 5.0 5.0 5.0 5.0 0.0 0.21200001 0 TOUCH_DOWN Back
1401622878968 6 4098 663.5 1087.2339 0.26666668 5.0 5.0 5.0 5.0 0.0 0.224 2 TOUCH_MOVE Back
1401622878988 6 4098 663.5 1088.2003 0.3 5.0 5.0 5.0 5.0 0.0 0.23200001 2 TOUCH_MOVE Back
1401622879003 6 4098 662.79034 1089.3702 0.3 5.0 5.0 5.0 5.0 0.0 0.23600002 2 TOUCH_MOVE Back
1401622879019 6 4098 662.5 1091.1296 0.3 5.0 5.0 5.0 5.0 0.0 0.23200001 2 TOUCH_MOVE Back
1401622879035 6 4098 662.5 1092.0872 0.3 5.0 5.0 5.0 5.0 0.0 0.216 2 TOUCH_MOVE Back
1401622879047 6 4098 662.5 1092.4509 0.26666668 5.0 5.0 5.0 5.0 0.0 0.19600001 2 TOUCH_MOVE Back
1401622879053 6 4098 662.5 1092.4509 0.26666668 5.0 5.0 5.0 5.0 0.0 0.19600001 1 TOUCH_UP Back
1401622879239 6 4098 65.0 990.951 0.23333335 4.0 4.0 4.0 4.0 0.0 0.20400001 0 TOUCH_DOWN a
1401622879252 6 4098 65.0 990.951 0.23333335 4.0 4.0 4.0 4.0 0.0 0.21200001 2 TOUCH_MOVE a
1401622879273 6 4098 66.62776 990.451 0.26666668 4.0 4.0 4.0 4.0 0.0 0.23200001 2 TOUCH_MOVE a
1401622879286 6 4098 67.44376 990.451 0.26666668 4.0 4.0 4.0 4.0 0.0 0.23200001 2 TOUCH_MOVE a
1401622879301 6 4098 68.56389 989.951 0.26666668 4.0 4.0 4.0 4.0 0.0 0.23200001 2 TOUCH_MOVE a
1401622879318 6 4098 70.0 989.201 0.26666668 4.0 4.0 4.0 4.0 0.0 0.23200001 2 TOUCH_MOVE a
1401622879351 6 4098 68.58473 989.9086 0.23333335 4.0 4.0 4.0 4.0 0.0 0.19600001 2 TOUCH_MOVE a
1401622879359 6 4098 68.5 989.951 0.26666668 5.0 5.0 5.0 5.0 0.0 0.18 2 TOUCH_MOVE a
1401622879364 6 4098 68.5 989.951 0.26666668 5.0 5.0 5.0 5.0 0.0 0.18 1 TOUCH_UP a
1401622879754 6 4098 364.5 1230.9509 0.23333335 4.0 4.0 4.0 4.0 0.0 0.208 0 TOUCH_DOWN Space
1401622879813 6 4098 364.5 1230.9509 0.23333335 4.0 4.0 4.0 4.0 0.0 0.208 1 TOUCH_UP Space
1401622880471 6 4098 325.0 868.451 0.26666668 5.0 5.0 5.0 5.0 0.0 0.20400001 0 TOUCH_DOWN t
1401622880486 6 4098 325.0 868.451 0.3 5.0 5.0 5.0 5.0 0.0 0.21200001 2 TOUCH_MOVE t
1401622880519 6 4098 326.43143 868.451 0.26666668 5.0 5.0 5.0 5.0 0.0 0.21200001 2 TOUCH_MOVE t
1401622880536 6 4098 326.75 868.451 0.26666668 5.0 5.0 5.0 5.0 0.0 0.2 2 TOUCH_MOVE t
1401622880548 6 4098 326.75 868.451 0.26666668 5.0 5.0 5.0 5.0 0.0 0.2 1 TOUCH_UP t
1401622880753 6 4098 611.5 839.451 0.3 5.0 5.0 5.0 5.0 0.0 0.21200001 0 TOUCH_DOWN o
1401622880770 6 4098 611.5 839.451 0.3 5.0 5.0 5.0 5.0 0.0 0.22000001 2 TOUCH_MOVE o
1401622880786 6 4098 610.3084 839.1052 0.3 5.0 5.0 5.0 5.0 0.0 0.224 2 TOUCH_MOVE o
1401622880803 6 4098 608.36334 838.451 0.3 5.0 5.0 5.0 5.0 0.0 0.216 2 TOUCH_MOVE o
1401622880819 6 4098 601.25 837.701 0.23333335 4.0 4.0 4.0 4.0 0.0 0.17600001 2 TOUCH_MOVE o
1401622880824 6 4098 601.25 837.701 0.23333335 4.0 4.0 4.0 4.0 0.0 0.17600001 1 TOUCH_UP o
1401622880926 6 4098 553.5 842.951 0.3 5.0 5.0 5.0 5.0 0.0 0.216 0 TOUCH_DOWN i
1401622880986 6 4098 553.5 842.951 0.26666668 5.0 5.0 5.0 5.0 0.0 0.216 2 TOUCH_MOVE i
1401622880996 6 4098 553.5 842.951 0.23333335 5.0 5.0 5.0 5.0 0.0 0.18 2 TOUCH_MOVE i
1401622881000 6 4098 553.5 842.951 0.23333335 5.0 5.0 5.0 5.0 0.0 0.18 1 TOUCH_UP i
1401622881315 6 4098 359.5 1220.4509 0.23333335 4.0 4.0 4.0 4.0 0.0 0.21200001 0 TOUCH_DOWN Space
1401622881321 6 4098 359.5 1220.4509 0.23333335 4.0 4.0 4.0 4.0 0.0 0.22800002 2 TOUCH_MOVE Space
1401622881371 6 4098 358.9075 1220.4509 0.23333335 4.0 4.0 4.0 4.0 0.0 0.22800002 2 TOUCH_MOVE Space
1401622881387 6 4098 359.0 1219.7197 0.23333335 4.0 4.0 4.0 4.0 0.0 0.21200001 2 TOUCH_MOVE Space
1401622881400 6 4098 359.0 1219.7197 0.23333335 4.0 4.0 4.0 4.0 0.0 0.21200001 1 TOUCH_UP Space
1401622881816 6 4098 116.0 980.951 0.23333335 4.0 4.0 4.0 4.0 0.0 0.20400001 0 TOUCH_DOWN s
1401622881824 6 4098 118.5 978.8481 0.23333335 4.0 4.0 4.0 4.0 0.0 0.22800002 2 TOUCH_MOVE s
1401622881844 6 4098 118.5 977.451 0.20000002 4.0 4.0 4.0 4.0 0.0 0.18400002 2 TOUCH_MOVE s
1401622881848 6 4098 118.5 977.451 0.20000002 4.0 4.0 4.0 4.0 0.0 0.18400002 1 TOUCH_UP s
1401622882016 6 4098 147.0 825.451 0.3 5.0 5.0 5.0 5.0 0.0 0.22000001 0 TOUCH_DOWN e
1401622882021 6 4098 147.0 825.451 0.3 5.0 5.0 5.0 5.0 0.0 0.224 2 TOUCH_MOVE e
1401622882054 6 4098 148.61876 826.56976 0.3 5.0 5.0 5.0 5.0 0.0 0.22800002 2 TOUCH_MOVE e
1401622882070 6 4098 150.14905 828.10004 0.33333334 5.0 5.0 5.0 5.0 0.0 0.21200001 2 TOUCH_MOVE e
1401622882090 6 4098 153.14162 833.1988 0.26666668 5.0 5.0 5.0 5.0 0.0 0.172 2 TOUCH_MOVE e
1401622882096 6 4098 153.14162 833.1988 0.26666668 5.0 5.0 5.0 5.0 0.0 0.172 1 TOUCH_UP e
1401622882777 6 4098 666.0 988.951 0.3 5.0 5.0 5.0 5.0 0.0 0.192 0 TOUCH_DOWN l
1401622882789 6 4098 666.0 988.951 0.3 5.0 5.0 5.0 5.0 0.0 0.20400001 2 TOUCH_MOVE l
1401622882821 6 4098 665.5 990.4034 0.33333334 5.0 5.0 5.0 5.0 0.0 0.216 2 TOUCH_MOVE l
1401622882848 6 4098 665.5 991.451 0.33333334 5.0 5.0 5.0 5.0 0.0 0.18400002 2 TOUCH_MOVE l
1401622882852 6 4098 665.5 991.451 0.33333334 5.0 5.0 5.0 5.0 0.0 0.18400002 1 TOUCH_UP l
1401622883019 6 4098 49.0 945.951 0.23333335 4.0 4.0 4.0 4.0 0.0 0.192 0 TOUCH_DOWN a
1401622883023 6 4098 49.0 945.951 0.23333335 4.0 4.0 4.0 4.0 0.0 0.19600001 2 TOUCH_MOVE a
1401622883055 6 4098 49.954468 945.951 0.23333335 4.0 4.0 4.0 4.0 0.0 0.19600001 2 TOUCH_MOVE a
1401622883073 6 4098 50.408394 946.8594 0.23333335 4.0 4.0 4.0 4.0 0.0 0.192 2 TOUCH_MOVE a
1401622883088 6 4098 51.0 947.451 0.23333335 4.0 4.0 4.0 4.0 0.0 0.18400002 2 TOUCH_MOVE a
1401622883106 6 4098 51.0 947.451 0.20000002 3.0 3.0 3.0 3.0 0.0 0.1 2 TOUCH_MOVE a
1401622883112 6 4098 51.0 947.451 0.20000002 3.0 3.0 3.0 3.0 0.0 0.1 1 TOUCH_UP a
1401622884007 6 4098 686.0 1079.9509 0.20000002 4.0 4.0 4.0 4.0 0.0 0.192 0 TOUCH_DOWN Back
1401622884039 6 4098 685.2429 1080.708 0.20000002 4.0 4.0 4.0 4.0 0.0 0.19600001 2 TOUCH_MOVE Back
1401622884059 6 4098 684.21674 1081.7341 0.20000002 4.0 4.0 4.0 4.0 0.0 0.19600001 2 TOUCH_MOVE Back
1401622884074 6 4098 683.26697 1082.684 0.23333335 5.0 5.0 5.0 5.0 0.0 0.124000005 2 TOUCH_MOVE Back
1401622884082 6 4098 683.26697 1082.684 0.23333335 5.0 5.0 5.0 5.0 0.0 0.124000005 1 TOUCH_UP Back
1401622884150 6 4098 671.5 1085.9509 0.23333335 5.0 5.0 5.0 5.0 0.0 0.20400001 0 TOUCH_DOWN Back
1401622884156 6 4098 671.5 1085.9509 0.23333335 5.0 5.0 5.0 5.0 0.0 0.21200001 2 TOUCH_MOVE Back
1401622884223 6 4098 671.5 1086.5103 0.26666668 5.0 5.0 5.0 5.0 0.0 0.208 2 TOUCH_MOVE Back
1401622884234 6 4098 671.5 1086.5103 0.26666668 5.0 5.0 5.0 5.0 0.0 0.208 1 TOUCH_UP Back
1401622884651 6 4098 408.5 1239.9509 0.20000002 4.0 4.0 4.0 4.0 0.0 0.19600001 0 TOUCH_DOWN ,
1401622884691 6 4098 408.0 1236.6271 0.23333335 4.0 4.0 4.0 4.0 0.0 0.208 2 TOUCH_MOVE ,
1401622884709 6 4098 408.0 1234.9509 0.20000002 4.0 4.0 4.0 4.0 0.0 0.2 2 TOUCH_MOVE ,
1401622884724 6 4098 408.0 1235.4509 0.16666667 4.0 4.0 4.0 4.0 0.0 0.156 2 TOUCH_MOVE ,
1401622884730 6 4098 408.0 1235.4509 0.16666667 4.0 4.0 4.0 4.0 0.0 0.156 1 TOUCH_UP ,
1401622885452 6 4098 682.0 1081.9509 0.20000002 4.0 4.0 4.0 4.0 0.0 0.19600001 0 TOUCH_DOWN Back
1401622885457 6 4098 682.0 1081.9509 0.20000002 4.0 4.0 4.0 4.0 0.0 0.208 2 TOUCH_MOVE Back
1401622885524 6 4098 682.0 1081.9509 0.20000002 4.0 4.0 4.0 4.0 0.0 0.18 2 TOUCH_MOVE Back
1401622885540 6 4098 682.0 1081.9509 0.20000002 4.0 4.0 4.0 4.0 0.0 0.18 1 TOUCH_UP Back
1401622885922 6 4098 383.5 1243.9509 0.20000002 5.0 5.0 5.0 5.0 0.0 0.18800001 0 TOUCH_DOWN Space
1401622885986 6 4098 383.5 1244.4509 0.20000002 5.0 5.0 5.0 5.0 0.0 0.17600001 2 TOUCH_MOVE Space
1401622885991 6 4098 383.5 1244.4509 0.20000002 5.0 5.0 5.0 5.0 0.0 0.17600001 1 TOUCH_UP Space
1401622886561 6 4098 663.0 978.451 0.26666668 5.0 5.0 5.0 5.0 0.0 0.192 0 TOUCH_DOWN l
1401622886580 6 4098 663.0 978.451 0.26666668 5.0 5.0 5.0 5.0 0.0 0.20400001 2 TOUCH_MOVE l
1401622886591 6 4098 663.0 979.0528 0.26666668 5.0 5.0 5.0 5.0 0.0 0.208 2 TOUCH_MOVE l
1401622886648 6 4098 663.0 979.0528 0.26666668 5.0 5.0 5.0 5.0 0.0 0.208 1 TOUCH_UP l
1401622886838 6 4098 83.5 977.451 0.20000002 3.0 3.0 3.0 3.0 0.0 0.208 0 TOUCH_DOWN a
1401622886842 6 4098 83.5 977.451 0.20000002 3.0 3.0 3.0 3.0 0.0 0.2 2 TOUCH_MOVE a
1401622886861 6 4098 82.889114 977.451 0.20000002 3.0 3.0 3.0 3.0 0.0 0.208 2 TOUCH_MOVE a
1401622886875 6 4098 82.40708 977.451 0.20000002 3.0 3.0 3.0 3.0 0.0 0.20400001 2 TOUCH_MOVE a
1401622886900 6 4098 81.0 977.451 0.13333334 2.0 2.0 2.0 2.0 0.0 0.17600001 2 TOUCH_MOVE a
1401622886903 6 4098 81.0 977.451 0.13333334 2.0 2.0 2.0 2.0 0.0 0.17600001 1 TOUCH_UP a
1401622887126 6 4098 412.0 1241.4509 0.13333334 3.0 3.0 3.0 3.0 0.0 0.18800001 0 TOUCH_DOWN ,
1401622887130 6 4098 412.0 1241.4509 0.20000002 4.0 4.0 4.0 4.0 0.0 0.192 2 TOUCH_MOVE ,
1401622887160 6 4098 412.0 1240.7916 0.20000002 4.0 4.0 4.0 4.0 0.0 0.19600001 2 TOUCH_MOVE ,
1401622887186 6 4098 411.5 1240.9509 0.13333334 3.0 3.0 3.0 3.0 0.0 0.18 2 TOUCH_MOVE ,
1401622887191 6 4098 411.5 1240.9509 0.10000001 2.0 2.0 2.0 2.0 0.0 0.136 2 TOUCH_MOVE ,
1401622887194 6 4098 411.5 1240.9509 0.10000001 2.0 2.0 2.0 2.0 0.0 0.136 1 TOUCH_UP ,
1401622888699 6 4098 321.0 1242.4509 0.20000002 5.0 5.0 5.0 5.0 0.0 0.19600001 0 TOUCH_DOWN Space
1401622888711 6 4098 321.0 1242.4509 0.23333335 5.0 5.0 5.0 5.0 0.0 0.2 2 TOUCH_MOVE Space
1401622888752 6 4098 321.0 1242.4509 0.23333335 5.0 5.0 5.0 5.0 0.0 0.2 1 TOUCH_UP Space
1401622889922 6 4098 674.5 1092.9509 0.26666668 5.0 5.0 5.0 5.0 0.0 0.2 0 TOUCH_DOWN Back
1401622889928 6 4098 674.5 1092.9509 0.26666668 5.0 5.0 5.0 5.0 0.0 0.208 2 TOUCH_MOVE Back
1401622889945 6 4098 674.0107 1093.9403 0.26666668 5.0 5.0 5.0 5.0 0.0 0.208 2 TOUCH_MOVE Back
1401622889962 6 4098 672.9849 1094.9661 0.26666668 5.0 5.0 5.0 5.0 0.0 0.21200001 2 TOUCH_MOVE Back
1401622889980 6 4098 672.02264 1095.9282 0.26666668 5.0 5.0 5.0 5.0 0.0 0.20400001 2 TOUCH_MOVE Back
1401622889993 6 4098 672.0 1096.4509 0.3 5.0 5.0 5.0 5.0 0.0 0.18400002 2 TOUCH_MOVE Back
1401622889999 6 4098 672.0 1096.4509 0.3 5.0 5.0 5.0 5.0 0.0 0.18400002 1 TOUCH_UP Back
1401622890460 6 4098 270.5 1242.9509 0.20000002 5.0 5.0 5.0 5.0 0.0 0.2 0 TOUCH_DOWN Space
1401622890469 6 4098 270.5 1242.5264 0.23333335 5.0 5.0 5.0 5.0 0.0 0.20400001 2 TOUCH_MOVE Space
1401622890509 6 4098 270.5 1239.5966 0.23333335 5.0 5.0 5.0 5.0 0.0 0.20400001 2 TOUCH_MOVE Space
1401622890515 6 4098 270.5 1239.4509 0.23333335 5.0 5.0 5.0 5.0 0.0 0.20400001 2 TOUCH_MOVE Space
1401622890524 6 4098 270.5 1239.4509 0.20000002 5.0 5.0 5.0 5.0 0.0 0.16000001 2 TOUCH_MOVE Space
1401622890530 6 4098 270.5 1239.4509 0.20000002 5.0 5.0 5.0 5.0 0.0 0.16000001 1 TOUCH_UP Space
1401622891299 6 4098 683.0 1082.4509 0.20000002 4.0 4.0 4.0 4.0 0.0 0.19600001 0 TOUCH_DOWN Back
1401622891312 6 4098 683.0 1082.4509 0.20000002 4.0 4.0 4.0 4.0 0.0 0.20400001 2 TOUCH_MOVE Back
1401622891331 6 4098 683.0 1083.5115 0.20000002 4.0 4.0 4.0 4.0 0.0 0.208 2 TOUCH_MOVE Back
1401622891346 6 4098 683.0 1084.2009 0.20000002 4.0 4.0 4.0 4.0 0.0 0.20400001 2 TOUCH_MOVE Back
1401622891364 6 4098 683.0 1084.2009 0.20000002 4.0 4.0 4.0 4.0 0.0 0.20400001 1 TOUCH_UP Back
1401622891464 6 4098 662.5 1096.9509 0.26666668 4.0 4.0 4.0 4.0 0.0 0.2 0 TOUCH_DOWN Back
1401622891474 6 4098 662.5 1097.3257 0.3 5.0 5.0 5.0 5.0 0.0 0.21200001 2 TOUCH_MOVE Back
1401622891499 6 4098 662.5 1098.7947 0.3 5.0 5.0 5.0 5.0 0.0 0.216 2 TOUCH_MOVE Back
1401622891513 6 4098 662.5 1099.2009 0.3 5.0 5.0 5.0 5.0 0.0 0.208 2 TOUCH_MOVE Back
1401622891532 6 4098 662.5 1099.2009 0.3 5.0 5.0 5.0 5.0 0.0 0.208 1 TOUCH_UP Back
1401622892223 6 4098 291.0 1220.9509 0.26666668 5.0 5.0 5.0 5.0 0.0 0.224 0 TOUCH_DOWN Space
1401622892247 6 4098 290.47296 1220.9509 0.26666668 5.0 5.0 5.0 5.0 0.0 0.224 2 TOUCH_MOVE Space
1401622892263 6 4098 288.42477 1220.9509 0.26666668 5.0 5.0 5.0 5.0 0.0 0.216 2 TOUCH_MOVE Space
1401622892280 6 4098 288.0 1220.9509 0.23333335 4.0 4.0 4.0 4.0 0.0 0.2 2 TOUCH_MOVE Space
1401622892283 6 4098 288.0 1220.9509 0.23333335 4.0 4.0 4.0 4.0 0.0 0.2 1 TOUCH_UP Space
1401622892921 6 4098 603.0 1095.9509 0.26666668 4.0 4.0 4.0 4.0 0.0 0.19600001 0 TOUCH_DOWN m
1401622892931 6 4098 603.0 1095.9509 0.26666668 4.0 4.0 4.0 4.0 0.0 0.20400001 2 TOUCH_MOVE m
1401622892986 6 4098 602.5 1095.9509 0.23333335 4.0 4.0 4.0 4.0 0.0 0.208 2 TOUCH_MOVE m
1401622892989 6 4098 602.5 1095.9509 0.20000002 3.0 3.0 3.0 3.0 0.0 0.18400002 2 TOUCH_MOVE m
1401622892993 6 4098 602.5 1095.9509 0.20000002 3.0 3.0 3.0 3.0 0.0 0.18400002 1 TOUCH_UP m
1401622893268 6 4098 618.5 870.951 0.3 5.0 5.0 5.0 5.0 0.0 0.208 0 TOUCH_DOWN o
1401622893283 6 4098 618.08575 870.951 0.26666668 4.0 4.0 4.0 4.0 0.0 0.216 2 TOUCH_MOVE o
1401622893305 6 4098 617.25 870.951 0.3 5.0 5.0 5.0 5.0 0.0 0.21200001 2 TOUCH_MOVE o
1401622893334 6 4098 617.25 870.951 0.3 5.0 5.0 5.0 5.0 0.0 0.21200001 1 TOUCH_UP o
1401622893686 6 4098 366.0 828.951 0.3 5.0 5.0 5.0 5.0 0.0 0.208 0 TOUCH_DOWN y
1401622893698 6 4098 366.0 828.951 0.3 5.0 5.0 5.0 5.0 0.0 0.20400001 2 TOUCH_MOVE y
1401622893731 6 4098 363.96375 832.6781 0.26666668 4.0 4.0 4.0 4.0 0.0 0.2 2 TOUCH_MOVE y
1401622893749 6 4098 360.3386 837.1124 0.16666667 3.0 3.0 3.0 3.0 0.0 0.18400002 2 TOUCH_MOVE y
1401622893758 6 4098 360.0 837.451 0.16666667 3.0 3.0 3.0 3.0 0.0 0.128 2 TOUCH_MOVE y
1401622893762 6 4098 360.0 837.451 0.16666667 3.0 3.0 3.0 3.0 0.0 0.128 1 TOUCH_UP y
1401622894100 6 4098 327.5 1233.4509 0.23333335 5.0 5.0 5.0 5.0 0.0 0.2 0 TOUCH_DOWN Space
1401622894103 6 4098 327.5 1233.4509 0.26666668 5.0 5.0 5.0 5.0 0.0 0.20400001 2 TOUCH_MOVE Space
1401622894137 6 4098 327.8623 1232.5886 0.26666668 5.0 5.0 5.0 5.0 0.0 0.208 2 TOUCH_MOVE Space
1401622894149 6 4098 329.0 1229.9509 0.26666668 5.0 5.0 5.0 5.0 0.0 0.18800001 2 TOUCH_MOVE Space
1401622894153 6 4098 329.0 1229.9509 0.26666668 5.0 5.0 5.0 5.0 0.0 0.18800001 1 TOUCH_UP Space
1401622894667 6 4098 705.5 1094.4509 0.16666667 3.0 3.0 3.0 3.0 0.0 0.17600001 0 TOUCH_DOWN Back
1401622894688 6 4098 705.5 1094.8474 0.20000002 3.0 3.0 3.0 3.0 0.0 0.18800001 2 TOUCH_MOVE Back
1401622894699 6 4098 705.5 1095.3339 0.20000002 3.0 3.0 3.0 3.0 0.0 0.18800001 2 TOUCH_MOVE Back
1401622894716 6 4098 705.5 1095.4509 0.16666667 3.0 3.0 3.0 3.0 0.0 0.124000005 2 TOUCH_MOVE Back
1401622894720 6 4098 705.5 1095.4509 0.16666667 3.0 3.0 3.0 3.0 0.0 0.124000005 1 TOUCH_UP Back
1401622894796 6 4098 692.0 1114.4509 0.20000002 4.0 4.0 4.0 4.0 0.0 0.2 0 TOUCH_DOWN Back
1401622894817 6 4098 691.4913 1114.9597 0.3 5.0 5.0 5.0 5.0 0.0 0.21200001 2 TOUCH_MOVE Back
1401622894833 6 4098 690.52167 1114.9509 0.3 5.0 5.0 5.0 5.0 0.0 0.208 2 TOUCH_MOVE Back
1401622894855 6 4098 689.78644 1115.1646 0.3 5.0 5.0 5.0 5.0 0.0 0.208 2 TOUCH_MOVE Back
1401622894866 6 4098 689.5 1115.4509 0.26666668 4.0 4.0 4.0 4.0 0.0 0.18400002 2 TOUCH_MOVE Back
1401622894873 6 4098 689.5 1115.4509 0.26666668 4.0 4.0 4.0 4.0 0.0 0.18400002 1 TOUCH_UP Back
1401622895593 6 4098 329.0 854.951 0.23333335 5.0 5.0 5.0 5.0 0.0 0.208 0 TOUCH_DOWN t
1401622895600 6 4098 329.0 854.951 0.23333335 5.0 5.0 5.0 5.0 0.0 0.21200001 2 TOUCH_MOVE t
1401622895666 6 4098 329.0 854.951 0.20000002 4.0 4.0 4.0 4.0 0.0 0.16800001 2 TOUCH_MOVE t
1401622895673 6 4098 329.0 854.951 0.20000002 4.0 4.0 4.0 4.0 0.0 0.16800001 1 TOUCH_UP t
1401622895876 6 4098 359.5 1215.4509 0.16666667 3.0 3.0 3.0 3.0 0.0 0.19600001 0 TOUCH_DOWN Space
1401622895930 6 4098 359.5 1215.4509 0.16666667 3.0 3.0 3.0 3.0 0.0 0.19600001 1 TOUCH_UP Space
1401622896595 6 4098 208.5 974.451 0.20000002 4.0 4.0 4.0 4.0 0.0 0.192 0 TOUCH_DOWN d
1401622896663 6 4098 208.5 974.451 0.20000002 4.0 4.0 4.0 4.0 0.0 0.192 1 TOUCH_UP d
1401622896908 6 4098 617.5 859.451 0.23333335 5.0 5.0 5.0 5.0 0.0 0.2 0 TOUCH_DOWN o
1401622896934 6 4098 617.06836 860.3826 0.26666668 5.0 5.0 5.0 5.0 0.0 0.208 2 TOUCH_MOVE o
1401622896951 6 4098 616.1007 861.3503 0.26666668 5.0 5.0 5.0 5.0 0.0 0.20400001 2 TOUCH_MOVE o
1401622896970 6 4098 615.0 862.451 0.26666668 5.0 5.0 5.0 5.0 0.0 0.18 2 TOUCH_MOVE o
1401622896973 6 4098 615.0 862.451 0.26666668 5.0 5.0 5.0 5.0 0.0 0.18 1 TOUCH_UP o
1401622897441 6 4098 51.5 974.451 0.16666667 3.0 3.0 3.0 3.0 0.0 0.18 0 TOUCH_DOWN a
1401622897485 6 4098 50.761646 974.451 0.16666667 3.0 3.0 3.0 3.0 0.0 0.18 2 TOUCH_MOVE a
1401622897503 6 4098 50.5 974.451 0.20000002 3.0 3.0 3.0 3.0 0.0 0.116000004 2 TOUCH_MOVE a
1401622897508 6 4098 50.5 974.451 0.20000002 3.0 3.0 3.0 3.0 0.0 0.116000004 1 TOUCH_UP a
1401622897800 6 4098 339.0 1225.9509 0.26666668 5.0 5.0 5.0 5.0 0.0 0.19600001 0 TOUCH_DOWN Space
1401622897810 6 4098 339.0 1225.9509 0.26666668 5.0 5.0 5.0 5.0 0.0 0.20400001 2 TOUCH_MOVE Space
1401622897854 6 4098 339.0 1225.9509 0.26666668 5.0 5.0 5.0 5.0 0.0 0.20400001 1 TOUCH_UP Space
1401622898743 6 4098 427.5 987.451 0.26666668 4.0 4.0 4.0 4.0 0.0 0.216 0 TOUCH_DOWN h
1401622898797 6 4098 427.5 987.451 0.26666668 4.0 4.0 4.0 4.0 0.0 0.21200001 2 TOUCH_MOVE h
1401622898806 6 4098 427.5 987.451 0.23333335 4.0 4.0 4.0 4.0 0.0 0.18800001 2 TOUCH_MOVE h
1401622898812 6 4098 427.5 987.451 0.16666667 3.0 3.0 3.0 3.0 0.0 0.112 2 TOUCH_MOVE h
1401622898815 6 4098 427.5 987.451 0.16666667 3.0 3.0 3.0 3.0 0.0 0.112 1 TOUCH_UP h
1401622899054 6 4098 492.0 843.451 0.26666668 4.0 4.0 4.0 4.0 0.0 0.20400001 0 TOUCH_DOWN u
1401622899060 6 4098 492.0 843.34735 0.26666668 4.0 4.0 4.0 4.0 0.0 0.216 2 TOUCH_MOVE u
1401622899084 6 4098 492.0 842.3201 0.3 5.0 5.0 5.0 5.0 0.0 0.224 2 TOUCH_MOVE u
1401622899090 6 4098 492.0 840.39056 0.3 5.0 5.0 5.0 5.0 0.0 0.216 2 TOUCH_MOVE u
1401622899103 6 4098 492.0 839.2103 0.3 5.0 5.0 5.0 5.0 0.0 0.18400002 2 TOUCH_MOVE u
1401622899110 6 4098 492.0 839.2103 0.3 5.0 5.0 5.0 5.0 0.0 0.18400002 1 TOUCH_UP u
1401622899274 6 4098 635.0 848.451 0.20000002 3.0 3.0 3.0 3.0 0.0 0.20400001 0 TOUCH_DOWN o
1401622899287 6 4098 634.213 848.451 0.23333335 4.0 4.0 4.0 4.0 0.0 0.20400001 2 TOUCH_MOVE o
1401622899305 6 4098 631.57556 848.451 0.23333335 4.0 4.0 4.0 4.0 0.0 0.21200001 2 TOUCH_MOVE o
1401622899323 6 4098 628.9536 848.451 0.23333335 4.0 4.0 4.0 4.0 0.0 0.20400001 2 TOUCH_MOVE o
1401622899338 6 4098 627.03265 849.18463 0.20000002 4.0 4.0 4.0 4.0 0.0 0.17600001 2 TOUCH_MOVE o
1401622899346 6 4098 627.03265 849.18463 0.20000002 4.0 4.0 4.0 4.0 0.0 0.17600001 1 TOUCH_UP o
1401622899738 6 4098 504.0 1098.4509 0.3 5.0 5.0 5.0 5.0 0.0 0.19600001 0 TOUCH_DOWN n
1401622899756 6 4098 504.0 1098.4509 0.3 5.0 5.0 5.0 5.0 0.0 0.2 2 TOUCH_MOVE n
1401622899789 6 4098 503.5 1099.7101 0.3 5.0 5.0 5.0 5.0 0.0 0.2 2 TOUCH_MOVE n
1401622899804 6 4098 503.5 1100.6774 0.3 5.0 5.0 5.0 5.0 0.0 0.19600001 2 TOUCH_MOVE n
1401622899820 6 4098 503.5 1103.0243 0.33333334 5.0 5.0 5.0 5.0 0.0 0.192 2 TOUCH_MOVE n
1401622899838 6 4098 501.74948 1108.8278 0.3 5.0 5.0 5.0 5.0 0.0 0.18400002 2 TOUCH_MOVE n
1401622899850 6 4098 500.0 1113.4509 0.26666668 5.0 5.0 5.0 5.0 0.0 0.17600001 2 TOUCH_MOVE n
1401622899854 6 4098 500.0 1113.4509 0.26666668 5.0 5.0 5.0 5.0 0.0 0.17600001 1 TOUCH_UP n
1401622900042 6 4098 359.0 978.451 0.16666667 3.0 3.0 3.0 3.0 0.0 0.19600001 0 TOUCH_DOWN g
1401622900054 6 4098 359.0 978.451 0.16666667 3.0 3.0 3.0 3.0 0.0 0.192 2 TOUCH_MOVE g
1401622900076 6 4098 360.15155 979.10254 0.23333335 4.0 4.0 4.0 4.0 0.0 0.20400001 2 TOUCH_MOVE g
1401622900101 6 4098 360.15155 979.10254 0.23333335 4.0 4.0 4.0 4.0 0.0 0.20400001 1 TOUCH_UP g
1401622900363 6 4098 359.0 1215.4509 0.23333335 4.0 4.0 4.0 4.0 0.0 0.21200001 0 TOUCH_DOWN Space
1401622900373 6 4098 359.0 1215.4509 0.23333335 4.0 4.0 4.0 4.0 0.0 0.208 2 TOUCH_MOVE Space
1401622900422 6 4098 359.0 1215.4509 0.23333335 4.0 4.0 4.0 4.0 0.0 0.18400002 2 TOUCH_MOVE Space
1401622900426 6 4098 359.0 1215.4509 0.23333335 4.0 4.0 4.0 4.0 0.0 0.18400002 1 TOUCH_UP Space
1401622900946 6 4098 243.5 986.451 0.23333335 4.0 4.0 4.0 4.0 0.0 0.20400001 0 TOUCH_DOWN d
1401622900957 6 4098 243.5 986.451 0.23333335 4.0 4.0 4.0 4.0 0.0 0.2 2 TOUCH_MOVE d
1401622901022 6 4098 244.0662 986.451 0.20000002 4.0 4.0 4.0 4.0 0.0 0.18800001 2 TOUCH_MOVE d
1401622901038 6 4098 244.0662 986.451 0.20000002 4.0 4.0 4.0 4.0 0.0 0.18800001 1 TOUCH_UP d
1401622901327 6 4098 494.0 845.951 0.3 5.0 5.0 5.0 5.0 0.0 0.21200001 0 TOUCH_DOWN u
1401622901339 6 4098 494.0 845.951 0.3 5.0 5.0 5.0 5.0 0.0 0.216 2 TOUCH_MOVE u
1401622901372 6 4098 494.0 844.701 0.3 5.0 5.0 5.0 5.0 0.0 0.19600001 2 TOUCH_MOVE u
1401622901385 6 4098 494.0 844.701 0.3 5.0 5.0 5.0 5.0 0.0 0.19600001 1 TOUCH_UP u
1401622901948 6 4098 631.0 852.951 0.16666667 3.0 3.0 3.0 3.0 0.0 0.18400002 0 TOUCH_DOWN o
1401622901990 6 4098 631.0 852.951 0.16666667 3.0 3.0 3.0 3.0 0.0 0.18400002 1 TOUCH_UP o
1401622902466 6 4098 512.0 1117.9509 0.26666668 4.0 4.0 4.0 4.0 0.0 0.19600001 0 TOUCH_DOWN n
1401622902516 6 4098 511.12027 1118.8307 0.26666668 4.0 4.0 4.0 4.0 0.0 0.2 2 TOUCH_MOVE n
1401622902527 6 4098 510.65814 1120.1346 0.26666668 4.0 4.0 4.0 4.0 0.0 0.18800001 2 TOUCH_MOVE n
1401622902533 6 4098 510.5 1120.4509 0.23333335 4.0 4.0 4.0 4.0 0.0 0.18 2 TOUCH_MOVE n
1401622902537 6 4098 510.5 1120.4509 0.23333335 4.0 4.0 4.0 4.0 0.0 0.18 1 TOUCH_UP n
1401622903010 6 4098 335.5 982.451 0.26666668 5.0 5.0 5.0 5.0 0.0 0.18400002 0 TOUCH_DOWN g
1401622903023 6 4098 335.5 982.451 0.23333335 4.0 4.0 4.0 4.0 0.0 0.18800001 2 TOUCH_MOVE g
1401622903065 6 4098 335.5 983.451 0.3 5.0 5.0 5.0 5.0 0.0 0.18 2 TOUCH_MOVE g
1401622903073 6 4098 335.5 983.451 0.20000002 3.0 3.0 3.0 3.0 0.0 0.104 2 TOUCH_MOVE g
1401622903078 6 4098 335.5 983.451 0.20000002 3.0 3.0 3.0 3.0 0.0 0.104 1 TOUCH_UP g
1401622904231 6 4098 692.0 1200.4509 0.13333334 2.0 2.0 2.0 2.0 0.0 0.17600001 0 TOUCH_DOWN Enter
1401622904246 6 4098 692.0 1201.081 0.13333334 2.0 2.0 2.0 2.0 0.0 0.18 2 TOUCH_MOVE Enter
1401622904259 6 4098 692.0 1201.7009 0.13333334 2.0 2.0 2.0 2.0 0.0 0.18 2 TOUCH_MOVE Enter
1401622904275 6 4098 692.0 1201.7009 0.13333334 2.0 2.0 2.0 2.0 0.0 0.18 1 TOUCH_UP Enter
1401622905057 6 4098 668.0 973.451 0.23333335 5.0 5.0 5.0 5.0 0.0 0.192 0 TOUCH_DOWN L
1401622905060 6 4098 668.0 973.451 0.23333335 5.0 5.0 5.0 5.0 0.0 0.2 2 TOUCH_MOVE L
1401622905107 6 4098 668.0 973.451 0.23333335 5.0 5.0 5.0 5.0 0.0 0.2 1 TOUCH_UP L
1401622905258 6 4098 61.5 967.451 0.16666667 3.0 3.0 3.0 3.0 0.0 0.19600001 0 TOUCH_DOWN a
1401622905283 6 4098 61.066967 967.451 0.16666667 3.0 3.0 3.0 3.0 0.0 0.2 2 TOUCH_MOVE a
1401622905292 6 4098 61.0 967.026 0.20000002 3.0 3.0 3.0 3.0 0.0 0.20400001 2 TOUCH_MOVE a
1401622905309 6 4098 61.0 966.201 0.20000002 3.0 3.0 3.0 3.0 0.0 0.19600001 2 TOUCH_MOVE a
1401622905337 6 4098 60.5 966.451 0.16666667 3.0 3.0 3.0 3.0 0.0 0.17600001 2 TOUCH_MOVE a
1401622905340 6 4098 60.5 966.451 0.16666667 3.0 3.0 3.0 3.0 0.0 0.17600001 1 TOUCH_UP a
1401622905702 6 4098 319.5 1219.4509 0.23333335 4.0 4.0 4.0 4.0 0.0 0.21200001 0 TOUCH_DOWN Space
1401622905721 6 4098 319.5 1219.4509 0.26666668 5.0 5.0 5.0 5.0 0.0 0.18 2 TOUCH_MOVE Space
1401622905732 6 4098 319.5 1219.4509 0.26666668 5.0 5.0 5.0 5.0 0.0 0.18 1 TOUCH_UP Space
1401622906346 6 4098 499.0 1091.9509 0.26666668 5.0 5.0 5.0 5.0 0.0 0.192 0 TOUCH_DOWN n
1401622906362 6 4098 499.0 1092.4395 0.26666668 5.0 5.0 5.0 5.0 0.0 0.19600001 2 TOUCH_MOVE n
1401622906402 6 4098 495.5 1095.4509 0.20000002 3.0 3.0 3.0 3.0 0.0 0.1 2 TOUCH_MOVE n
1401622906407 6 4098 495.5 1095.4509 0.20000002 3.0 3.0 3.0 3.0 0.0 0.1 1 TOUCH_UP n
1401622906691 6 4098 341.5 1012.951 0.23333335 4.0 4.0 4.0 4.0 0.0 0.20400001 0 TOUCH_DOWN g
1401622906696 6 4098 341.5 1012.951 0.26666668 4.0 4.0 4.0 4.0 0.0 0.20400001 2 TOUCH_MOVE g
1401622906728 6 4098 343.73444 1009.9821 0.26666668 4.0 4.0 4.0 4.0 0.0 0.216 2 TOUCH_MOVE g
1401622906743 6 4098 344.0 1008.7214 0.26666668 4.0 4.0 4.0 4.0 0.0 0.208 2 TOUCH_MOVE g
1401622906772 6 4098 344.0 1008.951 0.23333335 4.0 4.0 4.0 4.0 0.0 0.18 2 TOUCH_MOVE g
1401622906779 6 4098 344.0 1008.951 0.23333335 4.0 4.0 4.0 4.0 0.0 0.18 1 TOUCH_UP g
1401622907050 6 4098 494.5 850.951 0.23333335 4.0 4.0 4.0 4.0 0.0 0.192 0 TOUCH_DOWN u
1401622907061 6 4098 494.5 850.951 0.26666668 5.0 5.0 5.0 5.0 0.0 0.19600001 2 TOUCH_MOVE u
1401622907078 6 4098 494.5 849.9542 0.26666668 5.0 5.0 5.0 5.0 0.0 0.19600001 2 TOUCH_MOVE u
1401622907093 6 4098 494.5 848.951 0.26666668 5.0 5.0 5.0 5.0 0.0 0.18 2 TOUCH_MOVE u
1401622907096 6 4098 494.5 848.951 0.26666668 5.0 5.0 5.0 5.0 0.0 0.18 1 TOUCH_UP u
1401622907297 6 4098 598.0 859.951 0.20000002 4.0 4.0 4.0 4.0 0.0 0.19600001 0 TOUCH_DOWN o
1401622907316 6 4098 598.0 859.951 0.20000002 4.0 4.0 4.0 4.0 0.0 0.2 2 TOUCH_MOVE o
1401622907344 6 4098 596.617 859.951 0.20000002 4.0 4.0 4.0 4.0 0.0 0.216 2 TOUCH_MOVE o
1401622907362 6 4098 595.75 859.951 0.20000002 4.0 4.0 4.0 4.0 0.0 0.19600001 2 TOUCH_MOVE o
1401622907379 6 4098 596.0 859.2762 0.20000002 4.0 4.0 4.0 4.0 0.0 0.17600001 2 TOUCH_MOVE o
1401622907385 6 4098 596.0 859.2762 0.20000002 4.0 4.0 4.0 4.0 0.0 0.17600001 1 TOUCH_UP o
1401622907473 6 4098 544.5 860.451 0.20000002 4.0 4.0 4.0 4.0 0.0 0.19600001 0 TOUCH_DOWN i
1401622907478 6 4098 544.5 860.451 0.20000002 4.0 4.0 4.0 4.0 0.0 0.20400001 2 TOUCH_MOVE i
1401622907512 6 4098 544.5 860.9643 0.23333335 4.0 4.0 4.0 4.0 0.0 0.21200001 2 TOUCH_MOVE i
1401622907544 6 4098 544.5 861.6034 0.23333335 4.0 4.0 4.0 4.0 0.0 0.19600001 2 TOUCH_MOVE i
1401622907557 6 4098 544.5 861.6034 0.23333335 4.0 4.0 4.0 4.0 0.0 0.19600001 1 TOUCH_UP i
1401622907929 6 4098 321.5 1212.9509 0.23333335 4.0 4.0 4.0 4.0 0.0 0.21200001 0 TOUCH_DOWN Space
1401622907995 6 4098 321.5 1213.5138 0.23333335 4.0 4.0 4.0 4.0 0.0 0.20400001 2 TOUCH_MOVE Space
1401622908021 6 4098 321.5 1213.5138 0.23333335 4.0 4.0 4.0 4.0 0.0 0.20400001 1 TOUCH_UP Space
1401622908865 6 4098 302.0 841.451 0.16666667 3.0 3.0 3.0 3.0 0.0 0.19600001 0 TOUCH_DOWN t
1401622908923 6 4098 302.0 841.451 0.13333334 2.0 2.0 2.0 2.0 0.0 0.16800001 2 TOUCH_MOVE t
1401622908942 6 4098 302.0 841.451 0.13333334 2.0 2.0 2.0 2.0 0.0 0.120000005 2 TOUCH_MOVE t
1401622908949 6 4098 302.0 841.451 0.13333334 2.0 2.0 2.0 2.0 0.0 0.120000005 1 TOUCH_UP t
1401622909160 6 4098 624.0 854.951 0.20000002 4.0 4.0 4.0 4.0 0.0 0.2 0 TOUCH_DOWN o
1401622909183 6 4098 623.5328 854.951 0.20000002 4.0 4.0 4.0 4.0 0.0 0.20400001 2 TOUCH_MOVE o
1401622909206 6 4098 621.8523 854.62714 0.23333335 5.0 5.0 5.0 5.0 0.0 0.208 2 TOUCH_MOVE o
1401622909214 6 4098 619.7813 854.451 0.23333335 5.0 5.0 5.0 5.0 0.0 0.19600001 2 TOUCH_MOVE o
1401622909221 6 4098 619.5 854.451 0.23333335 5.0 5.0 5.0 5.0 0.0 0.17600001 2 TOUCH_MOVE o
1401622909225 6 4098 619.5 854.451 0.23333335 5.0 5.0 5.0 5.0 0.0 0.17600001 1 TOUCH_UP o
1401622909338 6 4098 552.0 864.451 0.23333335 4.0 4.0 4.0 4.0 0.0 0.22000001 0 TOUCH_DOWN i
1401622909347 6 4098 552.0 864.451 0.26666668 5.0 5.0 5.0 5.0 0.0 0.216 2 TOUCH_MOVE i
1401622909410 6 4098 552.0 864.451 0.26666668 5.0 5.0 5.0 5.0 0.0 0.216 1 TOUCH_UP i
1401622909790 6 4098 313.5 1211.4509 0.23333335 4.0 4.0 4.0 4.0 0.0 0.21200001 0 TOUCH_DOWN Space
1401622909799 6 4098 313.5 1211.4509 0.23333335 4.0 4.0 4.0 4.0 0.0 0.22800002 2 TOUCH_MOVE Space
1401622909846 6 4098 312.49078 1211.4509 0.23333335 4.0 4.0 4.0 4.0 0.0 0.192 2 TOUCH_MOVE Space
1401622909865 6 4098 312.49078 1211.4509 0.23333335 4.0 4.0 4.0 4.0 0.0 0.192 1 TOUCH_UP Space
1401622910400 6 4098 115.5 966.451 0.23333335 4.0 4.0 4.0 4.0 0.0 0.208 0 TOUCH_DOWN s
1401622910408 6 4098 115.81535 966.29333 0.26666668 5.0 5.0 5.0 5.0 0.0 0.216 2 TOUCH_MOVE s
1401622910423 6 4098 117.343666 965.66974 0.23333335 4.0 4.0 4.0 4.0 0.0 0.224 2 TOUCH_MOVE s
1401622910431 6 4098 120.697495 963.98596 0.23333335 4.0 4.0 4.0 4.0 0.0 0.224 2 TOUCH_MOVE s
1401622910447 6 4098 123.62937 962.03143 0.23333335 4.0 4.0 4.0 4.0 0.0 0.224 2 TOUCH_MOVE s
1401622910466 6 4098 125.17774 960.951 0.23333335 4.0 4.0 4.0 4.0 0.0 0.2 2 TOUCH_MOVE s
1401622910476 6 4098 125.5 960.951 0.13333334 2.0 2.0 2.0 2.0 0.0 0.136 2 TOUCH_MOVE s
1401622910480 6 4098 125.5 960.951 0.13333334 2.0 2.0 2.0 2.0 0.0 0.136 1 TOUCH_UP s
1401622910620 6 4098 146.0 857.451 0.20000002 4.0 4.0 4.0 4.0 0.0 0.20400001 0 TOUCH_DOWN e
1401622910665 6 4098 150.12054 856.951 0.23333335 5.0 5.0 5.0 5.0 0.0 0.216 2 TOUCH_MOVE e
1401622910681 6 4098 152.20879 856.951 0.23333335 5.0 5.0 5.0 5.0 0.0 0.21200001 2 TOUCH_MOVE e
1401622910697 6 4098 153.14555 856.951 0.23333335 5.0 5.0 5.0 5.0 0.0 0.208 2 TOUCH_MOVE e
1401622910741 6 4098 153.14555 856.951 0.23333335 5.0 5.0 5.0 5.0 0.0 0.208 1 TOUCH_UP e
1401622910896 6 4098 383.0 1224.9509 0.26666668 5.0 5.0 5.0 5.0 0.0 0.208 0 TOUCH_DOWN Space
1401622910949 6 4098 383.0 1225.5222 0.26666668 5.0 5.0 5.0 5.0 0.0 0.208 2 TOUCH_MOVE Space
1401622910964 6 4098 381.9036 1225.9509 0.23333335 4.0 4.0 4.0 4.0 0.0 0.18800001 2 TOUCH_MOVE Space
1401622910979 6 4098 382.0 1225.9509 0.20000002 3.0 3.0 3.0 3.0 0.0 0.164 2 TOUCH_MOVE Space
1401622910983 6 4098 382.0 1225.9509 0.20000002 3.0 3.0 3.0 3.0 0.0 0.164 1 TOUCH_UP Space
1401622911501 6 4098 275.0 1141.4509 0.23333335 5.0 5.0 5.0 5.0 0.0 0.192 0 TOUCH_DOWN c
1401622911562 6 4098 275.0 1141.4509 0.23333335 5.0 5.0 5.0 5.0 0.0 0.192 1 TOUCH_UP c
1401622911759 6 4098 439.5 969.951 0.23333335 5.0 5.0 5.0 5.0 0.0 0.20400001 0 TOUCH_DOWN h
1401622911808 6 4098 439.5 969.951 0.23333335 5.0 5.0 5.0 5.0 0.0 0.20400001 1 TOUCH_UP h
1401622912157 6 4098 173.5 866.451 0.23333335 4.0 4.0 4.0 4.0 0.0 0.18400002 0 TOUCH_DOWN e
1401622912165 6 4098 173.5 866.451 0.26666668 5.0 5.0 5.0 5.0 0.0 0.18800001 2 TOUCH_MOVE e
1401622912199 6 4098 171.0 866.451 0.26666668 5.0 5.0 5.0 5.0 0.0 0.16000001 2 TOUCH_MOVE e
1401622912202 6 4098 171.0 866.451 0.26666668 5.0 5.0 5.0 5.0 0.0 0.16000001 1 TOUCH_UP e
1401622912494 6 4098 329.0 860.451 0.23333335 5.0 5.0 5.0 5.0 0.0 0.2 0 TOUCH_DOWN t
1401622912517 6 4098 329.99698 861.448 0.26666668 5.0 5.0 5.0 5.0 0.0 0.20400001 2 TOUCH_MOVE t
1401622912535 6 4098 332.63852 864.08954 0.23333335 4.0 4.0 4.0 4.0 0.0 0.2 2 TOUCH_MOVE t
1401622912549 6 4098 335.5473 867.6807 0.26666668 4.0 4.0 4.0 4.0 0.0 0.18800001 2 TOUCH_MOVE t
1401622912561 6 4098 335.5 867.951 0.23333335 4.0 4.0 4.0 4.0 0.0 0.156 2 TOUCH_MOVE t
1401622912565 6 4098 335.5 867.951 0.23333335 4.0 4.0 4.0 4.0 0.0 0.156 1 TOUCH_UP t
1401622913376 6 4098 284.0 1092.9509 0.23333335 4.0 4.0 4.0 4.0 0.0 0.20400001 0 TOUCH_DOWN c
1401622913384 6 4098 284.3811 1092.9509 0.26666668 4.0 4.0 4.0 4.0 0.0 0.21200001 2 TOUCH_MOVE c
1401622913400 6 4098 286.03986 1092.9509 0.26666668 4.0 4.0 4.0 4.0 0.0 0.224 2 TOUCH_MOVE c
1401622913416 6 4098 288.31058 1092.9509 0.26666668 4.0 4.0 4.0 4.0 0.0 0.22000001 2 TOUCH_MOVE c
1401622913434 6 4098 288.75 1092.9509 0.26666668 4.0 4.0 4.0 4.0 0.0 0.216 2 TOUCH_MOVE c
1401622913468 6 4098 288.75 1092.9509 0.26666668 4.0 4.0 4.0 4.0 0.0 0.216 1 TOUCH_UP c
1401622913667 6 4098 426.5 974.451 0.23333335 4.0 4.0 4.0 4.0 0.0 0.208 0 TOUCH_DOWN h
1401622913692 6 4098 426.5 974.451 0.23333335 4.0 4.0 4.0 4.0 0.0 0.21200001 2 TOUCH_MOVE h
1401622913735 6 4098 426.5 974.451 0.20000002 4.0 4.0 4.0 4.0 0.0 0.17600001 2 TOUCH_MOVE h
1401622913739 6 4098 426.5 974.451 0.20000002 4.0 4.0 4.0 4.0 0.0 0.17600001 1 TOUCH_UP h
1401622914579 6 4098 688.0 1083.9509 0.16666667 3.0 3.0 3.0 3.0 0.0 0.2 0 TOUCH_DOWN Back
1401622914605 6 4098 687.0 1083.9509 0.16666667 3.0 3.0 3.0 3.0 0.0 0.18400002 2 TOUCH_MOVE Back
1401622914610 6 4098 687.0 1083.9509 0.16666667 3.0 3.0 3.0 3.0 0.0 0.18400002 1 TOUCH_UP Back
1401622914706 6 4098 680.0 1085.4509 0.20000002 4.0 4.0 4.0 4.0 0.0 0.192 0 TOUCH_DOWN Back
1401622914718 6 4098 680.0 1085.4509 0.20000002 4.0 4.0 4.0 4.0 0.0 0.2 2 TOUCH_MOVE Back
1401622914767 6 4098 680.0 1085.9509 0.20000002 4.0 4.0 4.0 4.0 0.0 0.18 2 TOUCH_MOVE Back
1401622914771 6 4098 680.0 1085.9509 0.20000002 4.0 4.0 4.0 4.0 0.0 0.18 1 TOUCH_UP Back
1401622915397 6 4098 353.5 1237.4509 0.20000002 4.0 4.0 4.0 4.0 0.0 0.2 0 TOUCH_DOWN Space
1401622915405 6 4098 353.5 1237.1821 0.20000002 4.0 4.0 4.0 4.0 0.0 0.20400001 2 TOUCH_MOVE Space
1401622915419 6 4098 352.98898 1235.4178 0.23333335 4.0 4.0 4.0 4.0 0.0 0.216 2 TOUCH_MOVE Space
1401622915435 6 4098 353.0 1233.5162 0.23333335 4.0 4.0 4.0 4.0 0.0 0.216 2 TOUCH_MOVE Space
1401622915452 6 4098 352.5 1232.5093 0.23333335 4.0 4.0 4.0 4.0 0.0 0.20400001 2 TOUCH_MOVE Space
1401622915468 6 4098 352.5 1231.9509 0.16666667 3.0 3.0 3.0 3.0 0.0 0.136 2 TOUCH_MOVE Space
1401622915477 6 4098 352.5 1231.9509 0.16666667 3.0 3.0 3.0 3.0 0.0 0.136 1 TOUCH_UP Space
1401622915693 6 4098 259.0 1099.4509 0.26666668 4.0 4.0 4.0 4.0 0.0 0.208 0 TOUCH_DOWN c
1401622915702 6 4098 259.0 1099.4509 0.26666668 4.0 4.0 4.0 4.0 0.0 0.21200001 2 TOUCH_MOVE c
1401622915791 6 4098 259.0 1099.4509 0.26666668 4.0 4.0 4.0 4.0 0.0 0.21200001 1 TOUCH_UP c
1401622916555 6 4098 447.5 955.951 0.26666668 4.0 4.0 4.0 4.0 0.0 0.192 0 TOUCH_DOWN h
1401622916570 6 4098 447.5 955.951 0.3 5.0 5.0 5.0 5.0 0.0 0.20400001 2 TOUCH_MOVE h
1401622916587 6 4098 447.5 955.4497 0.3 5.0 5.0 5.0 5.0 0.0 0.20400001 2 TOUCH_MOVE h
1401622916603 6 4098 447.5 954.5014 0.3 5.0 5.0 5.0 5.0 0.0 0.2 2 TOUCH_MOVE h
1401622916619 6 4098 448.89508 954.451 0.3 5.0 5.0 5.0 5.0 0.0 0.2 2 TOUCH_MOVE h
1401622916636 6 4098 449.0 954.451 0.16666667 3.0 3.0 3.0 3.0 0.0 0.1 2 TOUCH_MOVE h
1401622916640 6 4098 449.0 954.451 0.16666667 3.0 3.0 3.0 3.0 0.0 0.1 1 TOUCH_UP h
1401622917415 6 4098 591.5 877.951 0.3 5.0 5.0 5.0 5.0 0.0 0.20400001 0 TOUCH_DOWN o
1401622917421 6 4098 591.5 878.1044 0.3 5.0 5.0 5.0 5.0 0.0 0.21200001 2 TOUCH_MOVE o
1401622917437 6 4098 591.5 879.13995 0.3 5.0 5.0 5.0 5.0 0.0 0.216 2 TOUCH_MOVE o
1401622917454 6 4098 592.1331 880.71716 0.3 5.0 5.0 5.0 5.0 0.0 0.216 2 TOUCH_MOVE o
1401622917470 6 4098 592.0 882.6734 0.26666668 5.0 5.0 5.0 5.0 0.0 0.19600001 2 TOUCH_MOVE o
1401622917484 6 4098 590.5 883.951 0.20000002 4.0 4.0 4.0 4.0 0.0 0.164 2 TOUCH_MOVE o
1401622917487 6 4098 590.5 883.951 0.20000002 4.0 4.0 4.0 4.0 0.0 0.164 1 TOUCH_UP o
1401622917849 6 4098 332.0 1232.9509 0.23333335 5.0 5.0 5.0 5.0 0.0 0.20400001 0 TOUCH_DOWN Space
1401622917856 6 4098 332.0 1232.9509 0.23333335 5.0 5.0 5.0 5.0 0.0 0.21200001 2 TOUCH_MOVE Space
1401622917906 6 4098 332.52075 1232.4302 0.26666668 5.0 5.0 5.0 5.0 0.0 0.216 2 TOUCH_MOVE Space
1401622917958 6 4098 332.52075 1232.4302 0.26666668 5.0 5.0 5.0 5.0 0.0 0.216 1 TOUCH_UP Space
1401622918290 6 4098 47.0 833.951 0.23333335 4.0 4.0 4.0 4.0 0.0 0.192 0 TOUCH_DOWN q
1401622918311 6 4098 47.0 833.951 0.26666668 5.0 5.0 5.0 5.0 0.0 0.19600001 2 TOUCH_MOVE q
1401622918355 6 4098 46.0 833.951 0.23333335 4.0 4.0 4.0 4.0 0.0 0.18400002 2 TOUCH_MOVE q
1401622918366 6 4098 46.0 833.951 0.20000002 3.0 3.0 3.0 3.0 0.0 0.156 2 TOUCH_MOVE q
1401622918369 6 4098 46.0 833.951 0.20000002 3.0 3.0 3.0 3.0 0.0 0.156 1 TOUCH_UP q
1401622921349 6 4098 555.5 879.951 0.33333334 5.0 5.0 5.0 5.0 0.0 0.2 0 TOUCH_DOWN i
1401622921391 6 4098 555.2794 880.6716 0.33333334 5.0 5.0 5.0 5.0 0.0 0.2 2 TOUCH_MOVE i
1401622921410 6 4098 555.0 880.951 0.26666668 5.0 5.0 5.0 5.0 0.0 0.148 2 TOUCH_MOVE i
1401622921416 6 4098 555.0 880.951 0.26666668 5.0 5.0 5.0 5.0 0.0 0.148 1 TOUCH_UP i
1401622922278 6 4098 688.5 1106.4509 0.26666668 5.0 5.0 5.0 5.0 0.0 0.19600001 0 TOUCH_DOWN Back
1401622922291 6 4098 688.5 1106.4509 0.23333335 4.0 4.0 4.0 4.0 0.0 0.20400001 2 TOUCH_MOVE Back
1401622922311 6 4098 687.7363 1106.4509 0.3 5.0 5.0 5.0 5.0 0.0 0.21200001 2 TOUCH_MOVE Back
1401622922327 6 4098 686.76904 1106.4509 0.3 5.0 5.0 5.0 5.0 0.0 0.21200001 2 TOUCH_MOVE Back
1401622922341 6 4098 686.25 1106.4509 0.26666668 4.0 4.0 4.0 4.0 0.0 0.2 2 TOUCH_MOVE Back
1401622922349 6 4098 686.25 1106.4509 0.26666668 4.0 4.0 4.0 4.0 0.0 0.2 1 TOUCH_UP Back
1401622922880 6 4098 477.0 867.951 0.23333335 4.0 4.0 4.0 4.0 0.0 0.216 0 TOUCH_DOWN u
1401622922927 6 4098 477.0 867.951 0.23333335 4.0 4.0 4.0 4.0 0.0 0.208 2 TOUCH_MOVE u
1401622922935 6 4098 477.0 867.951 0.20000002 4.0 4.0 4.0 4.0 0.0 0.18400002 2 TOUCH_MOVE u
1401622922940 6 4098 477.0 867.951 0.20000002 4.0 4.0 4.0 4.0 0.0 0.18400002 1 TOUCH_UP u
1401622923343 6 4098 164.5 857.951 0.23333335 5.0 5.0 5.0 5.0 0.0 0.20400001 0 TOUCH_DOWN e
1401622923369 6 4098 164.5 857.951 0.23333335 5.0 5.0 5.0 5.0 0.0 0.2 2 TOUCH_MOVE e
1401622923427 6 4098 164.0 857.951 0.23333335 5.0 5.0 5.0 5.0 0.0 0.18 2 TOUCH_MOVE e
1401622923434 6 4098 164.0 857.951 0.23333335 5.0 5.0 5.0 5.0 0.0 0.18 1 TOUCH_UP e
1401622923669 6 4098 361.0 1223.4509 0.16666667 3.0 3.0 3.0 3.0 0.0 0.19600001 0 TOUCH_DOWN Space
1401622923681 6 4098 361.0 1223.4509 0.16666667 3.0 3.0 3.0 3.0 0.0 0.2 2 TOUCH_MOVE Space
1401622923726 6 4098 361.0 1224.0394 0.20000002 3.0 3.0 3.0 3.0 0.0 0.2 2 TOUCH_MOVE Space
1401622923742 6 4098 361.0 1223.9509 0.16666667 3.0 3.0 3.0 3.0 0.0 0.15200001 2 TOUCH_MOVE Space
1401622923750 6 4098 361.0 1223.9509 0.16666667 3.0 3.0 3.0 3.0 0.0 0.15200001 1 TOUCH_UP Space
1401622924870 6 4098 447.0 978.951 0.26666668 5.0 5.0 5.0 5.0 0.0 0.18400002 0 TOUCH_DOWN h
1401622924877 6 4098 447.0 978.951 0.23333335 5.0 5.0 5.0 5.0 0.0 0.18800001 2 TOUCH_MOVE h
1401622924894 6 4098 447.0 978.451 0.20000002 4.0 4.0 4.0 4.0 0.0 0.18 2 TOUCH_MOVE h
1401622924906 6 4098 447.0 978.451 0.20000002 4.0 4.0 4.0 4.0 0.0 0.14 2 TOUCH_MOVE h
1401622924911 6 4098 447.0 978.451 0.20000002 4.0 4.0 4.0 4.0 0.0 0.14 1 TOUCH_UP h
1401622925147 6 4098 479.0 843.451 0.26666668 4.0 4.0 4.0 4.0 0.0 0.18800001 0 TOUCH_DOWN u
1401622925161 6 4098 479.0 843.451 0.23333335 4.0 4.0 4.0 4.0 0.0 0.18 2 TOUCH_MOVE u
1401622925177 6 4098 479.0 843.451 0.23333335 4.0 4.0 4.0 4.0 0.0 0.18 1 TOUCH_UP u
1401622925597 6 4098 618.0 857.451 0.20000002 4.0 4.0 4.0 4.0 0.0 0.18800001 0 TOUCH_DOWN o
1401622925634 6 4098 618.0 857.451 0.20000002 4.0 4.0 4.0 4.0 0.0 0.18800001 1 TOUCH_UP o
1401622925985 6 4098 504.0 1089.9509 0.23333335 4.0 4.0 4.0 4.0 0.0 0.192 0 TOUCH_DOWN n
1401622926039 6 4098 504.1668 1090.1178 0.26666668 5.0 5.0 5.0 5.0 0.0 0.192 2 TOUCH_MOVE n
1401622926046 6 4098 504.6492 1090.6001 0.23333335 4.0 4.0 4.0 4.0 0.0 0.18400002 2 TOUCH_MOVE n
1401622926060 6 4098 504.6492 1090.6001 0.23333335 4.0 4.0 4.0 4.0 0.0 0.18400002 1 TOUCH_UP n
1401622926226 6 4098 355.5 979.951 0.20000002 3.0 3.0 3.0 3.0 0.0 0.20400001 0 TOUCH_DOWN g
1401622926230 6 4098 355.5 979.951 0.23333335 4.0 4.0 4.0 4.0 0.0 0.208 2 TOUCH_MOVE g
1401622926289 6 4098 355.5 979.951 0.16666667 3.0 3.0 3.0 3.0 0.0 0.18 2 TOUCH_MOVE g
1401622926293 6 4098 355.5 979.951 0.16666667 3.0 3.0 3.0 3.0 0.0 0.18 1 TOUCH_UP g
1401622926740 6 4098 345.0 1221.9509 0.23333335 4.0 4.0 4.0 4.0 0.0 0.2 0 TOUCH_DOWN Space
1401622926782 6 4098 345.0 1221.9509 0.23333335 4.0 4.0 4.0 4.0 0.0 0.21200001 2 TOUCH_MOVE Space
1401622926822 6 4098 345.0 1221.9509 0.23333335 4.0 4.0 4.0 4.0 0.0 0.21200001 1 TOUCH_UP Space
1401622927621 6 4098 315.5 862.451 0.23333335 4.0 4.0 4.0 4.0 0.0 0.19600001 0 TOUCH_DOWN t
1401622927630 6 4098 315.5 862.451 0.20000002 4.0 4.0 4.0 4.0 0.0 0.192 2 TOUCH_MOVE t
1401622927665 6 4098 316.85596 861.09503 0.20000002 4.0 4.0 4.0 4.0 0.0 0.20400001 2 TOUCH_MOVE t
1401622927680 6 4098 317.5 860.1414 0.20000002 4.0 4.0 4.0 4.0 0.0 0.20400001 2 TOUCH_MOVE t
1401622927696 6 4098 317.5 859.701 0.20000002 4.0 4.0 4.0 4.0 0.0 0.20400001 2 TOUCH_MOVE t
1401622927736 6 4098 317.5 859.701 0.20000002 4.0 4.0 4.0 4.0 0.0 0.20400001 1 TOUCH_UP t
1401622927950 6 4098 611.5 862.951 0.26666668 5.0 5.0 5.0 5.0 0.0 0.2 0 TOUCH_DOWN o
1401622927984 6 4098 611.32074 863.63025 0.26666668 5.0 5.0 5.0 5.0 0.0 0.216 2 TOUCH_MOVE o
1401622927997 6 4098 610.36554 864.58545 0.26666668 5.0 5.0 5.0 5.0 0.0 0.20400001 2 TOUCH_MOVE o
1401622928013 6 4098 609.40106 863.85205 0.20000002 4.0 4.0 4.0 4.0 0.0 0.17600001 2 TOUCH_MOVE o
1401622928020 6 4098 609.40106 863.85205 0.20000002 4.0 4.0 4.0 4.0 0.0 0.17600001 1 TOUCH_UP o
1401622928098 6 4098 566.5 859.451 0.20000002 4.0 4.0 4.0 4.0 0.0 0.2 0 TOUCH_DOWN i
1401622928113 6 4098 566.5 859.451 0.23333335 4.0 4.0 4.0 4.0 0.0 0.21200001 2 TOUCH_MOVE i
1401622928194 6 4098 566.5 859.451 0.23333335 4.0 4.0 4.0 4.0 0.0 0.21200001 1 TOUCH_UP i
