1401622300727 6 4098 507.0 1116.9509 0.3 5.0 5.0 5.0 5.0 0.0 0.22000001 0 TOUCH_DOWN N
1401622300732 6 4098 507.0 1116.9509 0.33333334 5.0 5.0 5.0 5.0 0.0 0.22800002 2 TOUCH_MOVE N
1401622300819 6 4098 507.0 1116.9509 0.33333334 5.0 5.0 5.0 5.0 0.0 0.22800002 1 TOUCH_UP N
1401622301665 6 4098 187.5 814.451 0.26666668 4.0 4.0 4.0 4.0 0.0 0.22000001 0 TOUCH_DOWN e
1401622301681 6 4098 187.5 814.451 0.26666668 4.0 4.0 4.0 4.0 0.0 0.21200001 2 TOUCH_MOVE e
1401622301698 6 4098 188.02249 814.97345 0.3 5.0 5.0 5.0 5.0 0.0 0.22800002 2 TOUCH_MOVE e
1401622301747 6 4098 187.5 815.451 0.20000002 4.0 4.0 4.0 4.0 0.0 0.18800001 2 TOUCH_MOVE e
1401622301751 6 4098 187.5 815.451 0.20000002 4.0 4.0 4.0 4.0 0.0 0.18800001 1 TOUCH_UP e
1401622301939 6 4098 481.0 875.951 0.26666668 4.0 4.0 4.0 4.0 0.0 0.22800002 0 TOUCH_DOWN u
1401622301948 6 4098 481.0 875.951 0.3 5.0 5.0 5.0 5.0 0.0 0.23200001 2 TOUCH_MOVE u
1401622302003 6 4098 481.0 875.951 0.3 5.0 5.0 5.0 5.0 0.0 0.23200001 1 TOUCH_UP u
1401622302824 6 4098 679.5 969.451 0.20000002 4.0 4.0 4.0 4.0 0.0 0.208 0 TOUCH_DOWN l
1401622302833 6 4098 679.5 969.451 0.20000002 4.0 4.0 4.0 4.0 0.0 0.21200001 2 TOUCH_MOVE l
1401622302849 6 4098 678.9715 969.9795 0.26666668 5.0 5.0 5.0 5.0 0.0 0.22000001 2 TOUCH_MOVE l
1401622302866 6 4098 677.4042 972.14264 0.26666668 5.0 5.0 5.0 5.0 0.0 0.224 2 TOUCH_MOVE l
1401622302882 6 4098 675.9898 974.4815 0.26666668 5.0 5.0 5.0 5.0 0.0 0.22000001 2 TOUCH_MOVE l
1401622302899 6 4098 674.4818 977.4783 0.26666668 5.0 5.0 5.0 5.0 0.0 0.208 2 TOUCH_MOVE l
1401622302915 6 4098 673.75 979.701 0.26666668 5.0 5.0 5.0 5.0 0.0 0.164 2 TOUCH_MOVE l
1401622302919 6 4098 673.75 979.701 0.26666668 5.0 5.0 5.0 5.0 0.0 0.164 1 TOUCH_UP l
1401622302997 6 4098 60.5 968.951 0.16666667 3.0 3.0 3.0 3.0 0.0 0.208 0 TOUCH_DOWN a
1401622303004 6 4098 60.5 968.951 0.20000002 3.0 3.0 3.0 3.0 0.0 0.216 2 TOUCH_MOVE a
1401622303040 6 4098 62.218857 967.951 0.23333335 4.0 4.0 4.0 4.0 0.0 0.22800002 2 TOUCH_MOVE a
1401622303049 6 4098 62.75 967.951 0.23333335 4.0 4.0 4.0 4.0 0.0 0.224 2 TOUCH_MOVE a
1401622303068 6 4098 61.94983 967.951 0.20000002 3.0 3.0 3.0 3.0 0.0 0.208 2 TOUCH_MOVE a
1401622303100 6 4098 61.0 967.951 0.16666667 3.0 3.0 3.0 3.0 0.0 0.18800001 2 TOUCH_MOVE a
1401622303104 6 4098 61.0 967.951 0.16666667 3.0 3.0 3.0 3.0 0.0 0.18800001 1 TOUCH_UP a
1401622303297 6 4098 409.0 1210.9509 0.26666668 5.0 5.0 5.0 5.0 0.0 0.22800002 0 TOUCH_DOWN ,
1401622303306 6 4098 409.0 1210.9509 0.26666668 5.0 5.0 5.0 5.0 0.0 0.23200001 2 TOUCH_MOVE ,
1401622303349 6 4098 409.0 1210.9509 0.16666667 3.0 3.0 3.0 3.0 0.0 0.18400002 2 TOUCH_MOVE ,
1401622303358 6 4098 409.0 1210.9509 0.16666667 3.0 3.0 3.0 3.0 0.0 0.18400002 1 TOUCH_UP ,
1401622303919 6 4098 690.0 1093.9509 0.23333335 4.0 4.0 4.0 4.0 0.0 0.21200001 0 TOUCH_DOWN Back
1401622303935 6 4098 689.6252 1094.3258 0.23333335 4.0 4.0 4.0 4.0 0.0 0.216 2 TOUCH_MOVE Back
1401622303960 6 4098 687.31573 1095.179 0.26666668 4.0 4.0 4.0 4.0 0.0 0.22000001 2 TOUCH_MOVE Back
1401622303967 6 4098 685.12646 1096.1377 0.3 5.0 5.0 5.0 5.0 0.0 0.224 2 TOUCH_MOVE Back
1401622303983 6 4098 685.0 1097.0651 0.26666668 4.0 4.0 4.0 4.0 0.0 0.22000001 2 TOUCH_MOVE Back
1401622304002 6 4098 685.0 1097.7009 0.26666668 4.0 4.0 4.0 4.0 0.0 0.208 2 TOUCH_MOVE Back
1401622304008 6 4098 685.0 1097.7009 0.26666668 4.0 4.0 4.0 4.0 0.0 0.208 1 TOUCH_UP Back
1401622304092 6 4098 675.5 1107.4509 0.33333334 5.0 5.0 5.0 5.0 0.0 0.21200001 0 TOUCH_DOWN Back
1401622304103 6 4098 675.5 1107.4509 0.33333334 5.0 5.0 5.0 5.0 0.0 0.216 2 TOUCH_MOVE Back
1401622304134 6 4098 675.5 1108.7009 0.33333334 5.0 5.0 5.0 5.0 0.0 0.216 2 TOUCH_MOVE Back
1401622304150 6 4098 676.0654 1108.4509 0.3 5.0 5.0 5.0 5.0 0.0 0.19600001 2 TOUCH_MOVE Back
1401622304155 6 4098 676.0654 1108.4509 0.3 5.0 5.0 5.0 5.0 0.0 0.19600001 1 TOUCH_UP Back
1401622304240 6 4098 677.0 1109.9509 0.3 5.0 5.0 5.0 5.0 0.0 0.192 0 TOUCH_DOWN Back
1401622304251 6 4098 677.0 1109.9509 0.3 5.0 5.0 5.0 5.0 0.0 0.19600001 2 TOUCH_MOVE Back
1401622304267 6 4098 677.0 1110.4628 0.33333334 5.0 5.0 5.0 5.0 0.0 0.192 2 TOUCH_MOVE Back
1401622304284 6 4098 676.5 1110.4509 0.3 5.0 5.0 5.0 5.0 0.0 0.18400002 2 TOUCH_MOVE Back
1401622304290 6 4098 676.5 1110.4509 0.3 5.0 5.0 5.0 5.0 0.0 0.18400002 1 TOUCH_UP Back
1401622304740 6 4098 379.5 1233.9509 0.20000002 4.0 4.0 4.0 4.0 0.0 0.21200001 0 TOUCH_DOWN Space
1401622304750 6 4098 379.00864 1233.9509 0.26666668 5.0 5.0 5.0 5.0 0.0 0.216 2 TOUCH_MOVE Space
1401622304770 6 4098 378.0516 1233.5026 0.26666668 5.0 5.0 5.0 5.0 0.0 0.24000001 2 TOUCH_MOVE Space
1401622304784 6 4098 377.89398 1232.5569 0.26666668 5.0 5.0 5.0 5.0 0.0 0.22800002 2 TOUCH_MOVE Space
1401622304800 6 4098 378.88727 1232.4509 0.23333335 5.0 5.0 5.0 5.0 0.0 0.21200001 2 TOUCH_MOVE Space
1401622304815 6 4098 379.0 1232.4509 0.23333335 5.0 5.0 5.0 5.0 0.0 0.19600001 2 TOUCH_MOVE Space
1401622304818 6 4098 379.0 1232.4509 0.23333335 5.0 5.0 5.0 5.0 0.0 0.19600001 1 TOUCH_UP Space
1401622305123 6 4098 673.0 1002.451 0.3 5.0 5.0 5.0 5.0 0.0 0.22000001 0 TOUCH_DOWN l
1401622305170 6 4098 673.0 1002.51636 0.3 5.0 5.0 5.0 5.0 0.0 0.22000001 2 TOUCH_MOVE l
1401622305184 6 4098 672.44867 1004.0537 0.3 5.0 5.0 5.0 5.0 0.0 0.216 2 TOUCH_MOVE l
1401622305201 6 4098 671.0 1005.951 0.23333335 5.0 5.0 5.0 5.0 0.0 0.18400002 2 TOUCH_MOVE l
1401622305211 6 4098 671.0 1005.951 0.23333335 5.0 5.0 5.0 5.0 0.0 0.18400002 1 TOUCH_UP l
1401622305346 6 4098 68.5 958.451 0.23333335 4.0 4.0 4.0 4.0 0.0 0.21200001 0 TOUCH_DOWN a
1401622305353 6 4098 68.5 958.451 0.23333335 4.0 4.0 4.0 4.0 0.0 0.21200001 2 TOUCH_MOVE a
1401622305385 6 4098 68.5 959.47626 0.23333335 4.0 4.0 4.0 4.0 0.0 0.216 2 TOUCH_MOVE a
1401622305401 6 4098 68.5 960.5311 0.23333335 4.0 4.0 4.0 4.0 0.0 0.208 2 TOUCH_MOVE a
1401622305419 6 4098 68.0 960.951 0.16666667 3.0 3.0 3.0 3.0 0.0 0.17600001 2 TOUCH_MOVE a
1401622305427 6 4098 68.0 960.951 0.16666667 3.0 3.0 3.0 3.0 0.0 0.17600001 1 TOUCH_UP a
1401622306164 6 4098 311.5 1125.9509 0.26666668 4.0 4.0 4.0 4.0 0.0 0.216 0 TOUCH_DOWN c
1401622306219 6 4098 309.7903 1127.3582 0.26666668 4.0 4.0 4.0 4.0 0.0 0.208 2 TOUCH_MOVE c
1401622306235 6 4098 309.0 1127.9509 0.13333334 2.0 2.0 2.0 2.0 0.0 0.116000004 2 TOUCH_MOVE c
1401622306242 6 4098 309.0 1127.9509 0.13333334 2.0 2.0 2.0 2.0 0.0 0.116000004 1 TOUCH_UP c
1401622306468 6 4098 423.5 972.451 0.26666668 5.0 5.0 5.0 5.0 0.0 0.23600002 0 TOUCH_DOWN h
1401622306472 6 4098 423.5 972.451 0.3 5.0 5.0 5.0 5.0 0.0 0.24400002 2 TOUCH_MOVE h
1401622306522 6 4098 423.5 972.451 0.26666668 5.0 5.0 5.0 5.0 0.0 0.19600001 2 TOUCH_MOVE h
1401622306537 6 4098 423.5 972.451 0.20000002 3.0 3.0 3.0 3.0 0.0 0.108 2 TOUCH_MOVE h
1401622306541 6 4098 423.5 972.451 0.20000002 3.0 3.0 3.0 3.0 0.0 0.108 1 TOUCH_UP h
1401622306682 6 4098 562.0 845.951 0.26666668 4.0 4.0 4.0 4.0 0.0 0.22000001 0 TOUCH_DOWN i
1401622306686 6 4098 562.0 845.951 0.3 5.0 5.0 5.0 5.0 0.0 0.224 2 TOUCH_MOVE i
1401622306705 6 4098 562.6318 845.951 0.3 5.0 5.0 5.0 5.0 0.0 0.224 2 TOUCH_MOVE i
1401622306736 6 4098 563.5028 845.951 0.23333335 4.0 4.0 4.0 4.0 0.0 0.216 2 TOUCH_MOVE i
1401622306752 6 4098 564.0 847.25305 0.20000002 4.0 4.0 4.0 4.0 0.0 0.18 2 TOUCH_MOVE i
1401622306760 6 4098 564.0 847.25305 0.20000002 4.0 4.0 4.0 4.0 0.0 0.18 1 TOUCH_UP i
1401622307522 6 4098 681.5 1094.4509 0.23333335 4.0 4.0 4.0 4.0 0.0 0.216 0 TOUCH_DOWN Back
1401622307550 6 4098 681.5 1094.7605 0.23333335 4.0 4.0 4.0 4.0 0.0 0.21200001 2 TOUCH_MOVE Back
1401622307555 6 4098 681.5 1095.0924 0.23333335 4.0 4.0 4.0 4.0 0.0 0.22000001 2 TOUCH_MOVE Back
1401622307572 6 4098 680.75 1095.7009 0.26666668 5.0 5.0 5.0 5.0 0.0 0.22000001 2 TOUCH_MOVE Back
1401622307584 6 4098 680.75 1095.7009 0.26666668 5.0 5.0 5.0 5.0 0.0 0.22000001 1 TOUCH_UP Back
1401622307661 6 4098 676.0 1097.9509 0.3 5.0 5.0 5.0 5.0 0.0 0.21200001 0 TOUCH_DOWN Back
1401622307670 6 4098 676.0 1097.9509 0.3 5.0 5.0 5.0 5.0 0.0 0.224 2 TOUCH_MOVE Back
1401622307688 6 4098 675.44086 1097.9509 0.3 5.0 5.0 5.0 5.0 0.0 0.224 2 TOUCH_MOVE Back
1401622307703 6 4098 673.82263 1098.4509 0.3 5.0 5.0 5.0 5.0 0.0 0.23200001 2 TOUCH_MOVE Back
1401622307720 6 4098 672.5 1098.4509 0.3 5.0 5.0 5.0 5.0 0.0 0.22800002 2 TOUCH_MOVE Back
1401622307750 6 4098 672.5 1098.4509 0.3 5.0 5.0 5.0 5.0 0.0 0.22800002 1 TOUCH_UP Back
1401622307830 6 4098 664.5 1099.4509 0.26666668 5.0 5.0 5.0 5.0 0.0 0.18 0 TOUCH_DOWN Back
1401622307844 6 4098 664.5 1099.4509 0.26666668 5.0 5.0 5.0 5.0 0.0 0.16000001 2 TOUCH_MOVE Back
1401622307848 6 4098 664.5 1099.4509 0.26666668 5.0 5.0 5.0 5.0 0.0 0.16000001 1 TOUCH_UP Back
1401622308455 6 4098 363.5 1227.9509 0.23333335 4.0 4.0 4.0 4.0 0.0 0.22000001 0 TOUCH_DOWN Space
1401622308472 6 4098 363.5 1227.9509 0.26666668 5.0 5.0 5.0 5.0 0.0 0.224 2 TOUCH_MOVE Space
1401622308522 6 4098 364.0 1227.9509 0.16666667 3.0 3.0 3.0 3.0 0.0 0.18 2 TOUCH_MOVE Space
1401622308527 6 4098 364.0 1227.9509 0.16666667 3.0 3.0 3.0 3.0 0.0 0.18 1 TOUCH_UP Space
1401622308746 6 4098 283.5 1133.9509 0.23333335 4.0 4.0 4.0 4.0 0.0 0.216 0 TOUCH_DOWN c
1401622308756 6 4098 283.5 1133.9509 0.23333335 4.0 4.0 4.0 4.0 0.0 0.22000001 2 TOUCH_MOVE c
1401622308790 6 4098 282.0294 1133.9509 0.3 5.0 5.0 5.0 5.0 0.0 0.22800002 2 TOUCH_MOVE c
1401622308806 6 4098 281.5 1133.9509 0.23333335 5.0 5.0 5.0 5.0 0.0 0.19600001 2 TOUCH_MOVE c
1401622308817 6 4098 281.5 1133.9509 0.23333335 5.0 5.0 5.0 5.0 0.0 0.16800001 2 TOUCH_MOVE c
1401622308821 6 4098 281.5 1133.9509 0.23333335 5.0 5.0 5.0 5.0 0.0 0.16800001 1 TOUCH_UP c
1401622309029 6 4098 425.0 956.951 0.3 5.0 5.0 5.0 5.0 0.0 0.22800002 0 TOUCH_DOWN h
1401622309040 6 4098 425.0 956.951 0.26666668 4.0 4.0 4.0 4.0 0.0 0.23200001 2 TOUCH_MOVE h
1401622309080 6 4098 423.8742 956.951 0.26666668 4.0 4.0 4.0 4.0 0.0 0.216 2 TOUCH_MOVE h
1401622309092 6 4098 423.8742 956.951 0.26666668 4.0 4.0 4.0 4.0 0.0 0.216 1 TOUCH_UP h
1401622309296 6 4098 559.0 859.451 0.23333335 5.0 5.0 5.0 5.0 0.0 0.2 0 TOUCH_DOWN i
1401622309339 6 4098 559.0 859.9579 0.26666668 5.0 5.0 5.0 5.0 0.0 0.18800001 2 TOUCH_MOVE i
1401622309353 6 4098 558.0 861.951 0.26666668 5.0 5.0 5.0 5.0 0.0 0.172 2 TOUCH_MOVE i
1401622309357 6 4098 558.0 861.951 0.26666668 5.0 5.0 5.0 5.0 0.0 0.172 1 TOUCH_UP i
1401622309644 6 4098 596.5 1114.9509 0.3 5.0 5.0 5.0 5.0 0.0 0.20400001 0 TOUCH_DOWN m
1401622309655 6 4098 596.5 1114.9509 0.3 5.0 5.0 5.0 5.0 0.0 0.216 2 TOUCH_MOVE m
1401622309691 6 4098 596.5 1115.9509 0.20000002 4.0 4.0 4.0 4.0 0.0 0.17600001 2 TOUCH_MOVE m
1401622309700 6 4098 596.5 1115.9509 0.20000002 4.0 4.0 4.0 4.0 0.0 0.17600001 1 TOUCH_UP m
1401622313161 6 4098 290.0 1232.9509 0.20000002 4.0 4.0 4.0 4.0 0.0 0.216 0 TOUCH_DOWN Space
1401622313179 6 4098 290.0 1232.9509 0.26666668 5.0 5.0 5.0 5.0 0.0 0.22000001 2 TOUCH_MOVE Space
1401622313221 6 4098 290.5 1232.9509 0.16666667 4.0 4.0 4.0 4.0 0.0 0.17600001 2 TOUCH_MOVE Space
1401622313227 6 4098 290.5 1232.9509 0.16666667 4.0 4.0 4.0 4.0 0.0 0.17600001 1 TOUCH_UP Space
1401622314747 6 4098 325.0 845.451 0.3 5.0 5.0 5.0 5.0 0.0 0.19600001 0 TOUCH_DOWN t
1401622314765 6 4098 325.0 845.451 0.3 5.0 5.0 5.0 5.0 0.0 0.2 2 TOUCH_MOVE t
1401622314793 6 4098 325.0 844.8458 0.3 5.0 5.0 5.0 5.0 0.0 0.2 2 TOUCH_MOVE t
1401622314807 6 4098 325.0 844.8458 0.3 5.0 5.0 5.0 5.0 0.0 0.2 1 TOUCH_UP t
1401622315047 6 4098 609.5 855.451 0.23333335 5.0 5.0 5.0 5.0 0.0 0.19600001 0 TOUCH_DOWN o
1401622315060 6 4098 609.5 855.451 0.23333335 5.0 5.0 5.0 5.0 0.0 0.2 2 TOUCH_MOVE o
1401622315122 6 4098 609.5 855.451 0.23333335 5.0 5.0 5.0 5.0 0.0 0.2 1 TOUCH_UP o
1401622315190 6 4098 534.5 853.451 0.20000002 4.0 4.0 4.0 4.0 0.0 0.21200001 0 TOUCH_DOWN i
1401622315211 6 4098 534.5 853.451 0.23333335 5.0 5.0 5.0 5.0 0.0 0.216 2 TOUCH_MOVE i
1401622315242 6 4098 534.0 853.7467 0.23333335 4.0 4.0 4.0 4.0 0.0 0.23200001 2 TOUCH_MOVE i
1401622315264 6 4098 534.0 855.951 0.16666667 3.0 3.0 3.0 3.0 0.0 0.18800001 2 TOUCH_MOVE i
1401622315267 6 4098 534.0 855.951 0.16666667 3.0 3.0 3.0 3.0 0.0 0.18800001 1 TOUCH_UP i
1401622315688 6 4098 338.0 1218.4509 0.26666668 5.0 5.0 5.0 5.0 0.0 0.224 0 TOUCH_DOWN Space
1401622315694 6 4098 338.0 1218.4509 0.26666668 5.0 5.0 5.0 5.0 0.0 0.22000001 2 TOUCH_MOVE Space
1401622315773 6 4098 338.0 1218.4509 0.23333335 4.0 4.0 4.0 4.0 0.0 0.18800001 2 TOUCH_MOVE Space
1401622315778 6 4098 338.0 1218.4509 0.23333335 4.0 4.0 4.0 4.0 0.0 0.18800001 1 TOUCH_UP Space
1401622316013 6 4098 138.0 943.951 0.3 5.0 5.0 5.0 5.0 0.0 0.20400001 0 TOUCH_DOWN s
1401622316036 6 4098 138.30034 943.951 0.3 5.0 5.0 5.0 5.0 0.0 0.22000001 2 TOUCH_MOVE s
1401622316047 6 4098 140.1098 943.951 0.33333334 5.0 5.0 5.0 5.0 0.0 0.224 2 TOUCH_MOVE s
1401622316061 6 4098 141.51616 943.951 0.33333334 5.0 5.0 5.0 5.0 0.0 0.22800002 2 TOUCH_MOVE s
1401622316079 6 4098 140.9946 943.44556 0.3 5.0 5.0 5.0 5.0 0.0 0.22000001 2 TOUCH_MOVE s
1401622316094 6 4098 140.0 942.451 0.26666668 4.0 4.0 4.0 4.0 0.0 0.21200001 2 TOUCH_MOVE s
1401622316102 6 4098 140.0 942.451 0.20000002 4.0 4.0 4.0 4.0 0.0 0.18 2 TOUCH_MOVE s
1401622316107 6 4098 140.0 942.451 0.20000002 4.0 4.0 4.0 4.0 0.0 0.18 1 TOUCH_UP s
1401622316234 6 4098 176.0 833.451 0.3 5.0 5.0 5.0 5.0 0.0 0.22000001 0 TOUCH_DOWN e
1401622316295 6 4098 176.0 833.451 0.26666668 4.0 4.0 4.0 4.0 0.0 0.2 2 TOUCH_MOVE e
1401622316310 6 4098 175.5 834.451 0.26666668 4.0 4.0 4.0 4.0 0.0 0.18 2 TOUCH_MOVE e
1401622316313 6 4098 175.5 834.451 0.26666668 4.0 4.0 4.0 4.0 0.0 0.18 1 TOUCH_UP e
1401622316424 6 4098 361.0 1199.4509 0.23333335 4.0 4.0 4.0 4.0 0.0 0.22000001 0 TOUCH_DOWN Space
1401622316431 6 4098 361.0 1199.6512 0.26666668 4.0 4.0 4.0 4.0 0.0 0.23200001 2 TOUCH_MOVE Space
1401622316448 6 4098 361.0 1200.6381 0.3 5.0 5.0 5.0 5.0 0.0 0.23600002 2 TOUCH_MOVE Space
1401622316466 6 4098 361.0 1201.7495 0.26666668 4.0 4.0 4.0 4.0 0.0 0.23600002 2 TOUCH_MOVE Space
1401622316479 6 4098 360.38953 1203.6719 0.23333335 4.0 4.0 4.0 4.0 0.0 0.21200001 2 TOUCH_MOVE Space
1401622316492 6 4098 360.5 1203.4509 0.16666667 3.0 3.0 3.0 3.0 0.0 0.17600001 2 TOUCH_MOVE Space
1401622316496 6 4098 360.5 1203.4509 0.16666667 3.0 3.0 3.0 3.0 0.0 0.17600001 1 TOUCH_UP Space
1401622317007 6 4098 667.5 974.451 0.23333335 5.0 5.0 5.0 5.0 0.0 0.20400001 0 TOUCH_DOWN l
1401622317033 6 4098 666.6313 974.8854 0.23333335 5.0 5.0 5.0 5.0 0.0 0.208 2 TOUCH_MOVE l
1401622317045 6 4098 664.6018 975.8492 0.26666668 5.0 5.0 5.0 5.0 0.0 0.224 2 TOUCH_MOVE l
1401622317062 6 4098 662.8519 976.775 0.26666668 5.0 5.0 5.0 5.0 0.0 0.23200001 2 TOUCH_MOVE l
1401622317080 6 4098 661.0 977.701 0.26666668 5.0 5.0 5.0 5.0 0.0 0.216 2 TOUCH_MOVE l
1401622317096 6 4098 661.5 977.951 0.23333335 4.0 4.0 4.0 4.0 0.0 0.18 2 TOUCH_MOVE l
1401622317115 6 4098 661.5 977.951 0.23333335 4.0 4.0 4.0 4.0 0.0 0.18 1 TOUCH_UP l
1401622317347 6 4098 617.5 867.451 0.3 5.0 5.0 5.0 5.0 0.0 0.22000001 0 TOUCH_DOWN o
1401622317365 6 4098 616.8189 868.1321 0.3 5.0 5.0 5.0 5.0 0.0 0.22800002 2 TOUCH_MOVE o
1401622317379 6 4098 615.8187 869.13226 0.3 5.0 5.0 5.0 5.0 0.0 0.23200001 2 TOUCH_MOVE o
1401622317399 6 4098 616.0 869.59314 0.3 5.0 5.0 5.0 5.0 0.0 0.216 2 TOUCH_MOVE o
1401622317409 6 4098 616.0 869.951 0.3 5.0 5.0 5.0 5.0 0.0 0.19600001 2 TOUCH_MOVE o
1401622317428 6 4098 616.0 869.951 0.3 5.0 5.0 5.0 5.0 0.0 0.19600001 1 TOUCH_UP o
1401622317599 6 4098 55.0 957.951 0.20000002 3.0 3.0 3.0 3.0 0.0 0.2 0 TOUCH_DOWN a
1401622317601 6 4098 55.0 961.451 0.16666667 3.0 3.0 3.0 3.0 0.0 0.164 2 TOUCH_MOVE a
1401622317608 6 4098 55.0 961.451 0.16666667 3.0 3.0 3.0 3.0 0.0 0.164 1 TOUCH_UP a
1401622317628 6 4098 527.5 858.451 0.26666668 5.0 5.0 5.0 5.0 0.0 0.23200001 0 TOUCH_DOWN i
1401622317631 6 4098 527.5 858.451 0.3 5.0 5.0 5.0 5.0 0.0 0.23600002 2 TOUCH_MOVE i
1401622317687 6 4098 529.0 859.451 0.13333334 2.0 2.0 2.0 2.0 0.0 0.1 2 TOUCH_MOVE i
1401622317692 6 4098 529.0 859.451 0.13333334 2.0 2.0 2.0 2.0 0.0 0.1 1 TOUCH_UP i
1401622319738 6 4098 674.5 1093.4509 0.26666668 5.0 5.0 5.0 5.0 0.0 0.208 0 TOUCH_DOWN Back
1401622319743 6 4098 674.3639 1093.587 0.26666668 5.0 5.0 5.0 5.0 0.0 0.22000001 2 TOUCH_MOVE Back
1401622319792 6 4098 673.0 1095.4509 0.26666668 5.0 5.0 5.0 5.0 0.0 0.216 2 TOUCH_MOVE Back
1401622319800 6 4098 673.0 1095.4509 0.26666668 5.0 5.0 5.0 5.0 0.0 0.216 1 TOUCH_UP Back
1401622319882 6 4098 665.0 1100.9509 0.3 5.0 5.0 5.0 5.0 0.0 0.21200001 0 TOUCH_DOWN Back
1401622319898 6 4098 665.0 1100.9509 0.26666668 4.0 4.0 4.0 4.0 0.0 0.22000001 2 TOUCH_MOVE Back
1401622319948 6 4098 665.5 1100.9509 0.26666668 5.0 5.0 5.0 5.0 0.0 0.18 2 TOUCH_MOVE Back
1401622319956 6 4098 665.5 1100.9509 0.26666668 5.0 5.0 5.0 5.0 0.0 0.18 1 TOUCH_UP Back
1401622320330 6 4098 688.0 1101.9509 0.23333335 4.0 4.0 4.0 4.0 0.0 0.21200001 0 TOUCH_DOWN Back
1401622320335 6 4098 688.0 1101.9509 0.26666668 4.0 4.0 4.0 4.0 0.0 0.224 2 TOUCH_MOVE Back
1401622320365 6 4098 686.03076 1103.6855 0.3 5.0 5.0 5.0 5.0 0.0 0.23200001 2 TOUCH_MOVE Back
1401622320382 6 4098 684.5887 1104.6566 0.33333334 5.0 5.0 5.0 5.0 0.0 0.22800002 2 TOUCH_MOVE Back
1401622320398 6 4098 682.6448 1105.6285 0.3 5.0 5.0 5.0 5.0 0.0 0.224 2 TOUCH_MOVE Back
1401622320410 6 4098 682.0 1106.4509 0.3 5.0 5.0 5.0 5.0 0.0 0.20400001 2 TOUCH_MOVE Back
1401622320416 6 4098 682.0 1106.4509 0.3 5.0 5.0 5.0 5.0 0.0 0.20400001 1 TOUCH_UP Back
1401622320821 6 4098 59.0 957.451 0.23333335 4.0 4.0 4.0 4.0 0.0 0.208 0 TOUCH_DOWN a
1401622320832 6 4098 59.0 957.451 0.23333335 4.0 4.0 4.0 4.0 0.0 0.21200001 2 TOUCH_MOVE a
1401622320865 6 4098 59.617344 957.451 0.23333335 4.0 4.0 4.0 4.0 0.0 0.21200001 2 TOUCH_MOVE a
1401622320903 6 4098 59.617344 957.451 0.23333335 4.0 4.0 4.0 4.0 0.0 0.21200001 1 TOUCH_UP a
1401622321010 6 4098 383.5 1239.4509 0.20000002 5.0 5.0 5.0 5.0 0.0 0.19600001 0 TOUCH_DOWN Space
1401622321016 6 4098 383.5 1239.4509 0.20000002 4.0 4.0 4.0 4.0 0.0 0.20400001 2 TOUCH_MOVE Space
1401622321052 6 4098 383.5 1237.7134 0.23333335 5.0 5.0 5.0 5.0 0.0 0.21200001 2 TOUCH_MOVE Space
1401622321066 6 4098 383.5 1236.7311 0.23333335 5.0 5.0 5.0 5.0 0.0 0.20400001 2 TOUCH_MOVE Space
1401622321081 6 4098 383.5 1236.7311 0.23333335 5.0 5.0 5.0 5.0 0.0 0.20400001 1 TOUCH_UP Space
1401622321575 6 4098 665.0 979.451 0.26666668 5.0 5.0 5.0 5.0 0.0 0.216 0 TOUCH_DOWN l
1401622321606 6 4098 662.7881 980.5216 0.3 5.0 5.0 5.0 5.0 0.0 0.22800002 2 TOUCH_MOVE l
1401622321641 6 4098 659.0 982.3506 0.3 5.0 5.0 5.0 5.0 0.0 0.22800002 2 TOUCH_MOVE l
1401622321648 6 4098 658.5 982.951 0.3 5.0 5.0 5.0 5.0 0.0 0.18 2 TOUCH_MOVE l
1401622321652 6 4098 658.5 982.951 0.3 5.0 5.0 5.0 5.0 0.0 0.18 1 TOUCH_UP l
1401622321740 6 4098 63.0 970.451 0.16666667 3.0 3.0 3.0 3.0 0.0 0.20400001 0 TOUCH_DOWN a
1401622321750 6 4098 63.0 970.451 0.16666667 3.0 3.0 3.0 3.0 0.0 0.2 2 TOUCH_MOVE a
1401622321812 6 4098 63.0 970.451 0.16666667 3.0 3.0 3.0 3.0 0.0 0.17600001 2 TOUCH_MOVE a
1401622321816 6 4098 63.0 970.451 0.16666667 3.0 3.0 3.0 3.0 0.0 0.17600001 1 TOUCH_UP a
1401622322655 6 4098 675.5 1079.4509 0.23333335 5.0 5.0 5.0 5.0 0.0 0.216 0 TOUCH_DOWN Back
1401622322667 6 4098 675.5 1079.4509 0.23333335 5.0 5.0 5.0 5.0 0.0 0.21200001 2 TOUCH_MOVE Back
1401622322685 6 4098 674.7444 1078.6953 0.26666668 5.0 5.0 5.0 5.0 0.0 0.22800002 2 TOUCH_MOVE Back
1401622322700 6 4098 674.5 1077.729 0.23333335 4.0 4.0 4.0 4.0 0.0 0.224 2 TOUCH_MOVE Back
1401622322723 6 4098 674.5 1077.729 0.23333335 4.0 4.0 4.0 4.0 0.0 0.224 1 TOUCH_UP Back
1401622323055 6 4098 634.5 867.951 0.3 5.0 5.0 5.0 5.0 0.0 0.23200001 0 TOUCH_DOWN o
1401622323084 6 4098 632.3312 868.3406 0.3 5.0 5.0 5.0 5.0 0.0 0.24400002 2 TOUCH_MOVE o
1401622323115 6 4098 629.1017 869.30054 0.3 5.0 5.0 5.0 5.0 0.0 0.24400002 2 TOUCH_MOVE o
1401622323134 6 4098 626.0 870.951 0.3 5.0 5.0 5.0 5.0 0.0 0.18400002 2 TOUCH_MOVE o
1401622323138 6 4098 626.0 870.951 0.3 5.0 5.0 5.0 5.0 0.0 0.18400002 1 TOUCH_UP o
1401622323177 6 4098 41.0 944.951 0.26666668 5.0 5.0 5.0 5.0 0.0 0.19600001 0 TOUCH_DOWN a
1401622323202 6 4098 41.0 945.50397 0.23333335 4.0 4.0 4.0 4.0 0.0 0.208 2 TOUCH_MOVE a
1401622323218 6 4098 42.116985 947.18494 0.23333335 4.0 4.0 4.0 4.0 0.0 0.2 2 TOUCH_MOVE a
1401622323237 6 4098 42.925632 949.2279 0.23333335 4.0 4.0 4.0 4.0 0.0 0.20400001 2 TOUCH_MOVE a
1401622323251 6 4098 42.48257 953.0207 0.16666667 3.0 3.0 3.0 3.0 0.0 0.18400002 2 TOUCH_MOVE a
1401622323266 6 4098 42.5 952.951 0.10000001 2.0 2.0 2.0 2.0 0.0 0.124000005 2 TOUCH_MOVE a
1401622323270 6 4098 42.5 952.951 0.10000001 2.0 2.0 2.0 2.0 0.0 0.124000005 1 TOUCH_UP a
1401622323310 6 4098 555.5 851.451 0.26666668 5.0 5.0 5.0 5.0 0.0 0.21200001 0 TOUCH_DOWN i
1401622323318 6 4098 555.5 851.451 0.26666668 5.0 5.0 5.0 5.0 0.0 0.22000001 2 TOUCH_MOVE i
1401622323371 6 4098 555.5 851.451 0.23333335 5.0 5.0 5.0 5.0 0.0 0.17600001 2 TOUCH_MOVE i
1401622323377 6 4098 555.5 851.451 0.23333335 5.0 5.0 5.0 5.0 0.0 0.17600001 1 TOUCH_UP i
1401622323745 6 4098 368.5 1229.4509 0.23333335 4.0 4.0 4.0 4.0 0.0 0.21200001 0 TOUCH_DOWN Space
1401622323752 6 4098 368.5 1229.4509 0.26666668 5.0 5.0 5.0 5.0 0.0 0.22000001 2 TOUCH_MOVE Space
1401622323785 6 4098 369.09686 1229.4509 0.26666668 5.0 5.0 5.0 5.0 0.0 0.22800002 2 TOUCH_MOVE Space
1401622323819 6 4098 369.0 1229.4509 0.20000002 4.0 4.0 4.0 4.0 0.0 0.18800001 2 TOUCH_MOVE Space
1401622323824 6 4098 369.0 1229.4509 0.20000002 4.0 4.0 4.0 4.0 0.0 0.18800001 1 TOUCH_UP Space
1401622324913 6 4098 420.5 1113.9509 0.3 5.0 5.0 5.0 5.0 0.0 0.19600001 0 TOUCH_DOWN b
1401622324919 6 4098 420.5 1113.9509 0.3 5.0 5.0 5.0 5.0 0.0 0.21200001 2 TOUCH_MOVE b
1401622324953 6 4098 420.56268 1114.3883 0.3 5.0 5.0 5.0 5.0 0.0 0.216 2 TOUCH_MOVE b
1401622324982 6 4098 416.5 1115.4509 0.20000002 4.0 4.0 4.0 4.0 0.0 0.17600001 2 TOUCH_MOVE b
1401622324987 6 4098 416.5 1115.4509 0.20000002 4.0 4.0 4.0 4.0 0.0 0.17600001 1 TOUCH_UP b
1401622325215 6 4098 607.5 865.451 0.26666668 5.0 5.0 5.0 5.0 0.0 0.19600001 0 TOUCH_DOWN o
1401622325221 6 4098 607.5 865.451 0.23333335 4.0 4.0 4.0 4.0 0.0 0.208 2 TOUCH_MOVE o
1401622325238 6 4098 607.5 866.2093 0.3 5.0 5.0 5.0 5.0 0.0 0.216 2 TOUCH_MOVE o
1401622325253 6 4098 607.27435 867.17664 0.26666668 5.0 5.0 5.0 5.0 0.0 0.208 2 TOUCH_MOVE o
1401622325271 6 4098 604.9194 869.5316 0.23333335 4.0 4.0 4.0 4.0 0.0 0.17600001 2 TOUCH_MOVE o
1401622325278 6 4098 604.9194 869.5316 0.23333335 4.0 4.0 4.0 4.0 0.0 0.17600001 1 TOUCH_UP o
1401622325551 6 4098 364.0 1243.4509 0.20000002 4.0 4.0 4.0 4.0 0.0 0.2 0 TOUCH_DOWN Space
1401622325566 6 4098 364.17523 1243.2758 0.20000002 4.0 4.0 4.0 4.0 0.0 0.20400001 2 TOUCH_MOVE Space
1401622325592 6 4098 365.0 1241.2009 0.20000002 4.0 4.0 4.0 4.0 0.0 0.2 2 TOUCH_MOVE Space
1401622325604 6 4098 365.0 1241.2009 0.20000002 4.0 4.0 4.0 4.0 0.0 0.2 1 TOUCH_UP Space
1401622326065 6 4098 291.5 1126.4509 0.26666668 4.0 4.0 4.0 4.0 0.0 0.20400001 0 TOUCH_DOWN c
1401622326070 6 4098 291.5 1126.4509 0.23333335 4.0 4.0 4.0 4.0 0.0 0.216 2 TOUCH_MOVE c
1401622326087 6 4098 290.5915 1125.1339 0.26666668 4.0 4.0 4.0 4.0 0.0 0.224 2 TOUCH_MOVE c
1401622326104 6 4098 289.61035 1123.5613 0.26666668 4.0 4.0 4.0 4.0 0.0 0.22800002 2 TOUCH_MOVE c
1401622326120 6 4098 287.06412 1122.233 0.26666668 4.0 4.0 4.0 4.0 0.0 0.208 2 TOUCH_MOVE c
1401622326137 6 4098 285.0 1121.2009 0.20000002 3.0 3.0 3.0 3.0 0.0 0.104 2 TOUCH_MOVE c
1401622326141 6 4098 285.0 1121.2009 0.20000002 3.0 3.0 3.0 3.0 0.0 0.104 1 TOUCH_UP c
1401622326329 6 4098 95.5 973.451 0.20000002 4.0 4.0 4.0 4.0 0.0 0.20400001 0 TOUCH_DOWN a
1401622326339 6 4098 95.5 973.451 0.23333335 4.0 4.0 4.0 4.0 0.0 0.22000001 2 TOUCH_MOVE a
1401622326355 6 4098 95.14579 974.6594 0.23333335 4.0 4.0 4.0 4.0 0.0 0.22000001 2 TOUCH_MOVE a
1401622326371 6 4098 95.319 976.90796 0.23333335 4.0 4.0 4.0 4.0 0.0 0.224 2 TOUCH_MOVE a
1401622326387 6 4098 96.0 979.7714 0.26666668 4.0 4.0 4.0 4.0 0.0 0.216 2 TOUCH_MOVE a
1401622326404 6 4098 95.25 982.701 0.26666668 4.0 4.0 4.0 4.0 0.0 0.18800001 2 TOUCH_MOVE a
1401622326409 6 4098 95.25 982.701 0.26666668 4.0 4.0 4.0 4.0 0.0 0.18800001 1 TOUCH_UP a
1401622326608 6 4098 461.5 843.451 0.26666668 4.0 4.0 4.0 4.0 0.0 0.224 0 TOUCH_DOWN u
1401622326621 6 4098 461.5 843.451 0.3 5.0 5.0 5.0 5.0 0.0 0.23200001 2 TOUCH_MOVE u
1401622326654 6 4098 461.5 843.951 0.20000002 4.0 4.0 4.0 4.0 0.0 0.192 2 TOUCH_MOVE u
1401622326666 6 4098 461.5 843.951 0.16666667 3.0 3.0 3.0 3.0 0.0 0.108 2 TOUCH_MOVE u
1401622326670 6 4098 461.5 843.951 0.16666667 3.0 3.0 3.0 3.0 0.0 0.108 1 TOUCH_UP u
1401622326868 6 4098 381.5 1189.9509 0.26666668 4.0 4.0 4.0 4.0 0.0 0.24000001 0 TOUCH_DOWN Space
1401622326873 6 4098 381.5 1189.9509 0.3 5.0 5.0 5.0 5.0 0.0 0.252 2 TOUCH_MOVE Space
1401622326909 6 4098 381.5 1191.1196 0.33333334 5.0 5.0 5.0 5.0 0.0 0.256 2 TOUCH_MOVE Space
1401622326923 6 4098 381.63107 1192.082 0.33333334 5.0 5.0 5.0 5.0 0.0 0.268 2 TOUCH_MOVE Space
1401622326938 6 4098 383.18243 1193.0421 0.36666667 6.0 6.0 6.0 6.0 0.0 0.264 2 TOUCH_MOVE Space
1401622326954 6 4098 383.5 1192.9509 0.3 5.0 5.0 5.0 5.0 0.0 0.224 2 TOUCH_MOVE Space
1401622326964 6 4098 383.5 1192.9509 0.3 5.0 5.0 5.0 5.0 0.0 0.224 1 TOUCH_UP Space
1401622327843 6 4098 294.5 862.451 0.20000002 3.0 3.0 3.0 3.0 0.0 0.192 0 TOUCH_DOWN t
1401622327855 6 4098 295.123 862.451 0.23333335 4.0 4.0 4.0 4.0 0.0 0.21200001 2 TOUCH_MOVE t
1401622327872 6 4098 299.76996 860.861 0.26666668 4.0 4.0 4.0 4.0 0.0 0.23600002 2 TOUCH_MOVE t
1401622327890 6 4098 302.58865 859.9067 0.26666668 4.0 4.0 4.0 4.0 0.0 0.24800001 2 TOUCH_MOVE t
1401622327905 6 4098 303.51093 859.951 0.3 5.0 5.0 5.0 5.0 0.0 0.24800001 2 TOUCH_MOVE t
1401622327955 6 4098 303.5 859.951 0.13333334 2.0 2.0 2.0 2.0 0.0 0.108 2 TOUCH_MOVE t
1401622327958 6 4098 303.5 859.951 0.13333334 2.0 2.0 2.0 2.0 0.0 0.108 1 TOUCH_UP t
1401622328067 6 4098 238.5 833.951 0.3 5.0 5.0 5.0 5.0 0.0 0.23200001 0 TOUCH_DOWN r
1401622328089 6 4098 238.5 834.4839 0.33333334 5.0 5.0 5.0 5.0 0.0 0.24000001 2 TOUCH_MOVE r
1401622328120 6 4098 238.43094 835.6582 0.26666668 4.0 4.0 4.0 4.0 0.0 0.216 2 TOUCH_MOVE r
1401622328122 6 4098 238.0 836.951 0.26666668 4.0 4.0 4.0 4.0 0.0 0.19600001 2 TOUCH_MOVE r
1401622328132 6 4098 238.0 836.951 0.26666668 4.0 4.0 4.0 4.0 0.0 0.19600001 1 TOUCH_UP r
1401622328664 6 4098 82.5 955.451 0.26666668 4.0 4.0 4.0 4.0 0.0 0.22000001 0 TOUCH_DOWN a
1401622328667 6 4098 82.5 955.451 0.26666668 4.0 4.0 4.0 4.0 0.0 0.22800002 2 TOUCH_MOVE a
1401622328706 6 4098 82.60655 955.8444 0.26666668 4.0 4.0 4.0 4.0 0.0 0.224 2 TOUCH_MOVE a
1401622328724 6 4098 82.5 955.951 0.13333334 2.0 2.0 2.0 2.0 0.0 0.17600001 2 TOUCH_MOVE a
1401622328738 6 4098 82.5 955.951 0.13333334 2.0 2.0 2.0 2.0 0.0 0.17600001 1 TOUCH_UP a
1401622328958 6 4098 501.5 1123.4509 0.3 5.0 5.0 5.0 5.0 0.0 0.208 0 TOUCH_DOWN n
1401622328992 6 4098 497.52945 1124.9215 0.23333335 4.0 4.0 4.0 4.0 0.0 0.2 2 TOUCH_MOVE n
1401622329012 6 4098 495.5 1126.9509 0.16666667 3.0 3.0 3.0 3.0 0.0 0.108 2 TOUCH_MOVE n
1401622329016 6 4098 495.5 1126.9509 0.16666667 3.0 3.0 3.0 3.0 0.0 0.108 1 TOUCH_UP n
1401622329316 6 4098 348.0 987.451 0.26666668 4.0 4.0 4.0 4.0 0.0 0.20400001 0 TOUCH_DOWN g
1401622329324 6 4098 348.0 987.451 0.26666668 4.0 4.0 4.0 4.0 0.0 0.208 2 TOUCH_MOVE g
1401622329342 6 4098 348.91727 987.451 0.23333335 4.0 4.0 4.0 4.0 0.0 0.208 2 TOUCH_MOVE g
1401622329359 6 4098 349.8868 987.451 0.23333335 4.0 4.0 4.0 4.0 0.0 0.2 2 TOUCH_MOVE g
1401622329373 6 4098 350.25 987.451 0.23333335 4.0 4.0 4.0 4.0 0.0 0.192 2 TOUCH_MOVE g
1401622329380 6 4098 350.25 987.451 0.23333335 4.0 4.0 4.0 4.0 0.0 0.192 1 TOUCH_UP g
1401622329566 6 4098 377.0 1210.9509 0.23333335 4.0 4.0 4.0 4.0 0.0 0.216 0 TOUCH_DOWN Space
1401622329612 6 4098 377.0 1212.1277 0.26666668 5.0 5.0 5.0 5.0 0.0 0.21200001 2 TOUCH_MOVE Space
1401622329630 6 4098 377.0 1212.1277 0.26666668 5.0 5.0 5.0 5.0 0.0 0.21200001 1 TOUCH_UP Space
1401622332574 6 4098 670.5 1085.4509 0.23333335 5.0 5.0 5.0 5.0 0.0 0.216 0 TOUCH_DOWN Back
1401622332600 6 4098 670.5 1085.8699 0.26666668 5.0 5.0 5.0 5.0 0.0 0.22000001 2 TOUCH_MOVE Back
1401622332614 6 4098 670.5 1086.4509 0.26666668 5.0 5.0 5.0 5.0 0.0 0.216 2 TOUCH_MOVE Back
1401622332619 6 4098 670.5 1086.4509 0.26666668 5.0 5.0 5.0 5.0 0.0 0.192 2 TOUCH_MOVE Back
1401622332623 6 4098 670.5 1086.4509 0.26666668 5.0 5.0 5.0 5.0 0.0 0.192 1 TOUCH_UP Back
1401622333627 6 4098 668.0 1206.9509 0.26666668 5.0 5.0 5.0 5.0 0.0 0.20400001 0 TOUCH_DOWN Enter
1401622333661 6 4098 668.0 1208.0791 0.26666668 5.0 5.0 5.0 5.0 0.0 0.208 2 TOUCH_MOVE Enter
1401622333678 6 4098 668.0 1209.0378 0.26666668 5.0 5.0 5.0 5.0 0.0 0.192 2 TOUCH_MOVE Enter
1401622333691 6 4098 668.0 1209.0378 0.26666668 5.0 5.0 5.0 5.0 0.0 0.192 1 TOUCH_UP Enter
1401622335697 6 4098 501.0 1118.4509 0.3 5.0 5.0 5.0 5.0 0.0 0.21200001 0 TOUCH_DOWN N
1401622335727 6 4098 501.0 1118.4509 0.3 5.0 5.0 5.0 5.0 0.0 0.216 2 TOUCH_MOVE N
1401622335754 6 4098 501.0 1118.4509 0.3 5.0 5.0 5.0 5.0 0.0 0.216 1 TOUCH_UP N
1401622336018 6 4098 182.5 867.451 0.26666668 4.0 4.0 4.0 4.0 0.0 0.21200001 0 TOUCH_DOWN e
1401622336036 6 4098 182.24414 867.451 0.23333335 4.0 4.0 4.0 4.0 0.0 0.208 2 TOUCH_MOVE e
1401622336075 6 4098 180.20844 867.451 0.20000002 3.0 3.0 3.0 3.0 0.0 0.192 2 TOUCH_MOVE e
1401622336090 6 4098 176.5 867.451 0.20000002 3.0 3.0 3.0 3.0 0.0 0.1 2 TOUCH_MOVE e
1401622336097 6 4098 176.5 867.451 0.20000002 3.0 3.0 3.0 3.0 0.0 0.1 1 TOUCH_UP e
1401622336365 6 4098 455.5 866.951 0.23333335 4.0 4.0 4.0 4.0 0.0 0.21200001 0 TOUCH_DOWN u
1401622336397 6 4098 456.22565 868.1279 0.26666668 4.0 4.0 4.0 4.0 0.0 0.20400001 2 TOUCH_MOVE u
1401622336413 6 4098 456.5 868.951 0.16666667 3.0 3.0 3.0 3.0 0.0 0.120000005 2 TOUCH_MOVE u
1401622336419 6 4098 456.5 868.951 0.16666667 3.0 3.0 3.0 3.0 0.0 0.120000005 1 TOUCH_UP u
1401622336722 6 4098 330.0 1227.4509 0.26666668 5.0 5.0 5.0 5.0 0.0 0.216 0 TOUCH_DOWN Space
1401622336732 6 4098 330.0 1227.4509 0.26666668 5.0 5.0 5.0 5.0 0.0 0.22000001 2 TOUCH_MOVE Space
1401622336797 6 4098 330.0 1227.4509 0.26666668 5.0 5.0 5.0 5.0 0.0 0.18 2 TOUCH_MOVE Space
1401622336802 6 4098 330.0 1227.4509 0.26666668 5.0 5.0 5.0 5.0 0.0 0.18 1 TOUCH_UP Space
1401622337291 6 4098 662.0 967.451 0.20000002 4.0 4.0 4.0 4.0 0.0 0.2 0 TOUCH_DOWN l
1401622337307 6 4098 661.69037 967.451 0.23333335 5.0 5.0 5.0 5.0 0.0 0.21200001 2 TOUCH_MOVE l
1401622337328 6 4098 658.8403 967.6709 0.26666668 5.0 5.0 5.0 5.0 0.0 0.224 2 TOUCH_MOVE l
1401622337344 6 4098 657.5 967.951 0.26666668 5.0 5.0 5.0 5.0 0.0 0.22000001 2 TOUCH_MOVE l
1401622337350 6 4098 657.5 967.951 0.20000002 4.0 4.0 4.0 4.0 0.0 0.19600001 2 TOUCH_MOVE l
1401622337360 6 4098 657.5 967.951 0.13333334 2.0 2.0 2.0 2.0 0.0 0.112 2 TOUCH_MOVE l
1401622337363 6 4098 657.5 967.951 0.13333334 2.0 2.0 2.0 2.0 0.0 0.112 1 TOUCH_UP l
1401622337485 6 4098 60.5 963.951 0.16666667 3.0 3.0 3.0 3.0 0.0 0.18 0 TOUCH_DOWN a
1401622337499 6 4098 59.676292 963.951 0.16666667 3.0 3.0 3.0 3.0 0.0 0.17600001 2 TOUCH_MOVE a
1401622337517 6 4098 58.391766 963.951 0.16666667 3.0 3.0 3.0 3.0 0.0 0.17600001 2 TOUCH_MOVE a
1401622337538 6 4098 58.0 963.951 0.16666667 3.0 3.0 3.0 3.0 0.0 0.16800001 2 TOUCH_MOVE a
1401622337543 6 4098 58.0 963.951 0.16666667 3.0 3.0 3.0 3.0 0.0 0.16800001 1 TOUCH_UP a
1401622338350 6 4098 434.0 971.451 0.20000002 4.0 4.0 4.0 4.0 0.0 0.208 0 TOUCH_DOWN h
1401622338354 6 4098 434.0 971.451 0.23333335 4.0 4.0 4.0 4.0 0.0 0.216 2 TOUCH_MOVE h
1401622338389 6 4098 434.0 971.451 0.23333335 5.0 5.0 5.0 5.0 0.0 0.18400002 2 TOUCH_MOVE h
1401622338394 6 4098 434.0 971.451 0.23333335 5.0 5.0 5.0 5.0 0.0 0.18400002 1 TOUCH_UP h
1401622338689 6 4098 607.5 852.951 0.20000002 4.0 4.0 4.0 4.0 0.0 0.20400001 0 TOUCH_DOWN o
1401622338699 6 4098 607.5 852.951 0.23333335 5.0 5.0 5.0 5.0 0.0 0.20400001 2 TOUCH_MOVE o
1401622338736 6 4098 607.5 854.0831 0.20000002 4.0 4.0 4.0 4.0 0.0 0.18400002 2 TOUCH_MOVE o
1401622338757 6 4098 607.5 853.951 0.16666667 3.0 3.0 3.0 3.0 0.0 0.1 2 TOUCH_MOVE o
1401622338761 6 4098 607.5 853.951 0.16666667 3.0 3.0 3.0 3.0 0.0 0.1 1 TOUCH_UP o
1401622338804 6 4098 34.5 959.951 0.16666667 3.0 3.0 3.0 3.0 0.0 0.18 0 TOUCH_DOWN a
1401622338807 6 4098 35.026863 959.97784 0.20000002 3.0 3.0 3.0 3.0 0.0 0.17600001 2 TOUCH_MOVE a
1401622338841 6 4098 35.5 961.451 0.13333334 2.0 2.0 2.0 2.0 0.0 0.164 2 TOUCH_MOVE a
1401622338846 6 4098 35.5 961.451 0.13333334 2.0 2.0 2.0 2.0 0.0 0.164 1 TOUCH_UP a
1401622339639 6 4098 663.5 1086.4509 0.20000002 4.0 4.0 4.0 4.0 0.0 0.192 0 TOUCH_DOWN Back
1401622339691 6 4098 663.5 1086.4509 0.20000002 4.0 4.0 4.0 4.0 0.0 0.192 1 TOUCH_UP Back
1401622339792 6 4098 659.0 1089.4509 0.23333335 4.0 4.0 4.0 4.0 0.0 0.19600001 0 TOUCH_DOWN Back
1401622339835 6 4098 659.0 1090.022 0.23333335 4.0 4.0 4.0 4.0 0.0 0.19600001 2 TOUCH_MOVE Back
1401622339857 6 4098 659.0 1090.022 0.23333335 4.0 4.0 4.0 4.0 0.0 0.19600001 1 TOUCH_UP Back
1401622339939 6 4098 655.0 1092.4509 0.23333335 4.0 4.0 4.0 4.0 0.0 0.2 0 TOUCH_DOWN Back
1401622339951 6 4098 655.0 1092.4509 0.23333335 4.0 4.0 4.0 4.0 0.0 0.19600001 2 TOUCH_MOVE Back
1401622339967 6 4098 655.0 1092.9557 0.23333335 4.0 4.0 4.0 4.0 0.0 0.19600001 2 TOUCH_MOVE Back
1401622339988 6 4098 655.0 1092.9557 0.23333335 4.0 4.0 4.0 4.0 0.0 0.19600001 1 TOUCH_UP Back
1401622340492 6 4098 365.0 1251.9509 0.16666667 4.0 4.0 4.0 4.0 0.0 0.18800001 0 TOUCH_DOWN Space
1401622340500 6 4098 365.0 1251.5725 0.20000002 5.0 5.0 5.0 5.0 0.0 0.192 2 TOUCH_MOVE Space
1401622340522 6 4098 365.0 1249.012 0.20000002 5.0 5.0 5.0 5.0 0.0 0.2 2 TOUCH_MOVE Space
1401622340534 6 4098 365.5 1247.163 0.20000002 5.0 5.0 5.0 5.0 0.0 0.2 2 TOUCH_MOVE Space
1401622340550 6 4098 366.26492 1246.9509 0.16666667 4.0 4.0 4.0 4.0 0.0 0.192 2 TOUCH_MOVE Space
1401622340561 6 4098 366.5 1246.9509 0.16666667 4.0 4.0 4.0 4.0 0.0 0.17600001 2 TOUCH_MOVE Space
1401622340565 6 4098 366.5 1246.9509 0.16666667 4.0 4.0 4.0 4.0 0.0 0.17600001 1 TOUCH_UP Space
1401622340946 6 4098 444.5 972.951 0.23333335 5.0 5.0 5.0 5.0 0.0 0.20400001 0 TOUCH_DOWN h
1401622340982 6 4098 444.5 972.951 0.23333335 5.0 5.0 5.0 5.0 0.0 0.20400001 1 TOUCH_UP h
1401622341198 6 4098 595.0 861.451 0.20000002 4.0 4.0 4.0 4.0 0.0 0.19600001 0 TOUCH_DOWN o
1401622341204 6 4098 595.0 861.451 0.23333335 4.0 4.0 4.0 4.0 0.0 0.20400001 2 TOUCH_MOVE o
1401622341219 6 4098 594.6795 862.2715 0.20000002 3.0 3.0 3.0 3.0 0.0 0.2 2 TOUCH_MOVE o
1401622341234 6 4098 594.2061 863.2449 0.23333335 4.0 4.0 4.0 4.0 0.0 0.19600001 2 TOUCH_MOVE o
1401622341251 6 4098 594.0 864.1851 0.16666667 3.0 3.0 3.0 3.0 0.0 0.108 2 TOUCH_MOVE o
1401622341263 6 4098 594.0 864.1851 0.16666667 3.0 3.0 3.0 3.0 0.0 0.108 1 TOUCH_UP o
1401622341665 6 4098 351.5 1230.9509 0.20000002 4.0 4.0 4.0 4.0 0.0 0.2 0 TOUCH_DOWN Space
1401622341688 6 4098 351.5 1230.9509 0.20000002 4.0 4.0 4.0 4.0 0.0 0.208 2 TOUCH_MOVE Space
1401622341718 6 4098 351.5 1231.703 0.20000002 4.0 4.0 4.0 4.0 0.0 0.19600001 2 TOUCH_MOVE Space
1401622341735 6 4098 351.5 1233.3265 0.13333334 3.0 3.0 3.0 3.0 0.0 0.17600001 2 TOUCH_MOVE Space
1401622341741 6 4098 351.5 1233.3265 0.13333334 3.0 3.0 3.0 3.0 0.0 0.17600001 1 TOUCH_UP Space
1401622342490 6 4098 672.5 1116.4509 0.33333334 5.0 5.0 5.0 5.0 0.0 0.19600001 0 TOUCH_DOWN Back
1401622342502 6 4098 672.5 1116.4509 0.33333334 5.0 5.0 5.0 5.0 0.0 0.192 2 TOUCH_MOVE Back
1401622342556 6 4098 672.5 1116.9509 0.23333335 4.0 4.0 4.0 4.0 0.0 0.14400001 2 TOUCH_MOVE Back
1401622342565 6 4098 672.5 1116.9509 0.23333335 4.0 4.0 4.0 4.0 0.0 0.14400001 1 TOUCH_UP Back
1401622342745 6 4098 46.5 985.951 0.23333335 4.0 4.0 4.0 4.0 0.0 0.208 0 TOUCH_DOWN a
1401622342755 6 4098 47.011066 985.951 0.23333335 4.0 4.0 4.0 4.0 0.0 0.22000001 2 TOUCH_MOVE a
1401622342774 6 4098 47.987934 985.951 0.23333335 4.0 4.0 4.0 4.0 0.0 0.216 2 TOUCH_MOVE a
1401622342786 6 4098 47.527855 985.951 0.23333335 4.0 4.0 4.0 4.0 0.0 0.216 2 TOUCH_MOVE a
1401622342802 6 4098 44.43431 985.53784 0.23333335 4.0 4.0 4.0 4.0 0.0 0.208 2 TOUCH_MOVE a
1401622342819 6 4098 34.57537 984.57214 0.16666667 3.0 3.0 3.0 3.0 0.0 0.192 2 TOUCH_MOVE a
1401622342838 6 4098 33.0 984.451 0.16666667 3.0 3.0 3.0 3.0 0.0 0.18 2 TOUCH_MOVE a
1401622342843 6 4098 33.0 984.451 0.16666667 3.0 3.0 3.0 3.0 0.0 0.18 1 TOUCH_UP a
1401622342959 6 4098 369.0 1235.9509 0.23333335 5.0 5.0 5.0 5.0 0.0 0.20400001 0 TOUCH_DOWN Space
1401622342969 6 4098 369.0 1235.9509 0.20000002 4.0 4.0 4.0 4.0 0.0 0.208 2 TOUCH_MOVE Space
1401622343037 6 4098 369.0 1235.9509 0.16666667 4.0 4.0 4.0 4.0 0.0 0.18400002 2 TOUCH_MOVE Space
1401622343045 6 4098 369.0 1235.9509 0.13333334 3.0 3.0 3.0 3.0 0.0 0.120000005 2 TOUCH_MOVE Space
1401622343048 6 4098 369.0 1235.9509 0.13333334 3.0 3.0 3.0 3.0 0.0 0.120000005 1 TOUCH_UP Space
1401622343869 6 4098 330.5 866.951 0.26666668 5.0 5.0 5.0 5.0 0.0 0.216 0 TOUCH_DOWN t
1401622343936 6 4098 329.5 867.451 0.26666668 4.0 4.0 4.0 4.0 0.0 0.18400002 2 TOUCH_MOVE t
1401622343942 6 4098 329.5 867.451 0.26666668 4.0 4.0 4.0 4.0 0.0 0.18400002 1 TOUCH_UP t
1401622344134 6 4098 618.5 870.451 0.3 5.0 5.0 5.0 5.0 0.0 0.208 0 TOUCH_DOWN o
1401622344138 6 4098 618.5 870.451 0.26666668 5.0 5.0 5.0 5.0 0.0 0.216 2 TOUCH_MOVE o
1401622344155 6 4098 617.5051 870.451 0.26666668 5.0 5.0 5.0 5.0 0.0 0.224 2 TOUCH_MOVE o
1401622344172 6 4098 616.5397 869.99066 0.26666668 5.0 5.0 5.0 5.0 0.0 0.22000001 2 TOUCH_MOVE o
1401622344187 6 4098 615.5786 868.6082 0.26666668 5.0 5.0 5.0 5.0 0.0 0.208 2 TOUCH_MOVE o
1401622344205 6 4098 614.5 865.451 0.23333335 5.0 5.0 5.0 5.0 0.0 0.18400002 2 TOUCH_MOVE o
1401622344209 6 4098 614.5 865.451 0.23333335 5.0 5.0 5.0 5.0 0.0 0.18400002 1 TOUCH_UP o
1401622344294 6 4098 543.0 859.451 0.26666668 5.0 5.0 5.0 5.0 0.0 0.224 0 TOUCH_DOWN i
1401622344306 6 4098 542.66974 859.78125 0.23333335 4.0 4.0 4.0 4.0 0.0 0.23200001 2 TOUCH_MOVE i
1401622344323 6 4098 542.5 860.5857 0.3 5.0 5.0 5.0 5.0 0.0 0.24800001 2 TOUCH_MOVE i
1401622344337 6 4098 542.5 860.9929 0.3 5.0 5.0 5.0 5.0 0.0 0.23600002 2 TOUCH_MOVE i
1401622344355 6 4098 543.06415 863.14343 0.3 5.0 5.0 5.0 5.0 0.0 0.224 2 TOUCH_MOVE i
1401622344374 6 4098 543.5 869.548 0.16666667 3.0 3.0 3.0 3.0 0.0 0.108 2 TOUCH_MOVE i
1401622344391 6 4098 543.5 869.548 0.16666667 3.0 3.0 3.0 3.0 0.0 0.108 1 TOUCH_UP i
1401622344647 6 4098 378.5 1228.4509 0.23333335 4.0 4.0 4.0 4.0 0.0 0.208 0 TOUCH_DOWN Space
1401622344666 6 4098 378.5 1228.4509 0.23333335 4.0 4.0 4.0 4.0 0.0 0.21200001 2 TOUCH_MOVE Space
1401622344756 6 4098 378.5 1228.4509 0.23333335 4.0 4.0 4.0 4.0 0.0 0.21200001 1 TOUCH_UP Space
1401622345320 6 4098 119.0 966.951 0.20000002 4.0 4.0 4.0 4.0 0.0 0.208 0 TOUCH_DOWN s
1401622345332 6 4098 119.48655 966.951 0.23333335 4.0 4.0 4.0 4.0 0.0 0.216 2 TOUCH_MOVE s
1401622345343 6 4098 121.367775 966.951 0.23333335 4.0 4.0 4.0 4.0 0.0 0.22000001 2 TOUCH_MOVE s
1401622345355 6 4098 122.385056 966.951 0.23333335 4.0 4.0 4.0 4.0 0.0 0.21200001 2 TOUCH_MOVE s
1401622345373 6 4098 123.306694 966.1443 0.23333335 4.0 4.0 4.0 4.0 0.0 0.18800001 2 TOUCH_MOVE s
1401622345385 6 4098 123.5 965.951 0.13333334 2.0 2.0 2.0 2.0 0.0 0.108 2 TOUCH_MOVE s
1401622345389 6 4098 123.5 965.951 0.13333334 2.0 2.0 2.0 2.0 0.0 0.108 1 TOUCH_UP s
1401622345513 6 4098 198.5 852.451 0.23333335 4.0 4.0 4.0 4.0 0.0 0.22000001 0 TOUCH_DOWN e
1401622345532 6 4098 198.24982 852.451 0.23333335 4.0 4.0 4.0 4.0 0.0 0.216 2 TOUCH_MOVE e
1401622345566 6 4098 190.94226 853.2625 0.23333335 4.0 4.0 4.0 4.0 0.0 0.208 2 TOUCH_MOVE e
1401622345576 6 4098 184.18721 855.3886 0.16666667 3.0 3.0 3.0 3.0 0.0 0.18800001 2 TOUCH_MOVE e
1401622345580 6 4098 184.0 855.451 0.16666667 3.0 3.0 3.0 3.0 0.0 0.132 2 TOUCH_MOVE e
1401622345584 6 4098 184.0 855.451 0.16666667 3.0 3.0 3.0 3.0 0.0 0.132 1 TOUCH_UP e
1401622346245 6 4098 681.5 987.951 0.26666668 4.0 4.0 4.0 4.0 0.0 0.2 0 TOUCH_DOWN l
1401622346258 6 4098 681.5 988.4105 0.26666668 4.0 4.0 4.0 4.0 0.0 0.20400001 2 TOUCH_MOVE l
1401622346272 6 4098 679.2225 990.7285 0.33333334 5.0 5.0 5.0 5.0 0.0 0.20400001 2 TOUCH_MOVE l
1401622346289 6 4098 676.3342 993.61676 0.33333334 5.0 5.0 5.0 5.0 0.0 0.21200001 2 TOUCH_MOVE l
1401622346306 6 4098 671.7316 996.8657 0.33333334 5.0 5.0 5.0 5.0 0.0 0.20400001 2 TOUCH_MOVE l
1401622346318 6 4098 671.0 997.451 0.3 5.0 5.0 5.0 5.0 0.0 0.18 2 TOUCH_MOVE l
1401622346321 6 4098 671.0 997.451 0.3 5.0 5.0 5.0 5.0 0.0 0.18 1 TOUCH_UP l
1401622346373 6 4098 64.5 961.451 0.20000002 3.0 3.0 3.0 3.0 0.0 0.208 0 TOUCH_DOWN a
1401622346390 6 4098 63.823563 962.12744 0.20000002 3.0 3.0 3.0 3.0 0.0 0.20400001 2 TOUCH_MOVE a
1401622346422 6 4098 63.22277 963.7282 0.16666667 3.0 3.0 3.0 3.0 0.0 0.20400001 2 TOUCH_MOVE a
1401622346438 6 4098 61.80503 965.64594 0.16666667 3.0 3.0 3.0 3.0 0.0 0.20400001 2 TOUCH_MOVE a
1401622346455 6 4098 57.5 967.951 0.16666667 3.0 3.0 3.0 3.0 0.0 0.18 2 TOUCH_MOVE a
1401622346462 6 4098 57.5 967.951 0.16666667 3.0 3.0 3.0 3.0 0.0 0.18 1 TOUCH_UP a
1401622346637 6 4098 375.0 1225.4509 0.23333335 4.0 4.0 4.0 4.0 0.0 0.21200001 0 TOUCH_DOWN Space
1401622346703 6 4098 375.0 1225.4509 0.23333335 4.0 4.0 4.0 4.0 0.0 0.21200001 1 TOUCH_UP Space
1401622347249 6 4098 683.5 1097.9509 0.26666668 4.0 4.0 4.0 4.0 0.0 0.2 0 TOUCH_DOWN Back
1401622347257 6 4098 683.5 1098.2498 0.26666668 4.0 4.0 4.0 4.0 0.0 0.208 2 TOUCH_MOVE Back
1401622347273 6 4098 683.2721 1099.1788 0.3 5.0 5.0 5.0 5.0 0.0 0.21200001 2 TOUCH_MOVE Back
1401622347290 6 4098 682.77783 1100.1731 0.26666668 4.0 4.0 4.0 4.0 0.0 0.20400001 2 TOUCH_MOVE Back
1401622347307 6 4098 681.8004 1101.1505 0.20000002 3.0 3.0 3.0 3.0 0.0 0.108 2 TOUCH_MOVE Back
1401622347313 6 4098 681.8004 1101.1505 0.20000002 3.0 3.0 3.0 3.0 0.0 0.108 1 TOUCH_UP Back
1401622347403 6 4098 675.5 1084.9509 0.20000002 4.0 4.0 4.0 4.0 0.0 0.2 0 TOUCH_DOWN Back
1401622347427 6 4098 675.5 1084.9509 0.20000002 4.0 4.0 4.0 4.0 0.0 0.20400001 2 TOUCH_MOVE Back
1401622347457 6 4098 675.5 1085.5562 0.23333335 5.0 5.0 5.0 5.0 0.0 0.20400001 2 TOUCH_MOVE Back
1401622347471 6 4098 675.5 1085.5562 0.23333335 5.0 5.0 5.0 5.0 0.0 0.20400001 1 TOUCH_UP Back
1401622347554 6 4098 666.5 1090.9509 0.26666668 5.0 5.0 5.0 5.0 0.0 0.2 0 TOUCH_DOWN Back
1401622347558 6 4098 666.5 1091.1002 0.26666668 5.0 5.0 5.0 5.0 0.0 0.21200001 2 TOUCH_MOVE Back
1401622347577 6 4098 666.5 1092.055 0.26666668 5.0 5.0 5.0 5.0 0.0 0.22000001 2 TOUCH_MOVE Back
1401622347591 6 4098 666.5 1093.0184 0.26666668 5.0 5.0 5.0 5.0 0.0 0.216 2 TOUCH_MOVE Back
1401622347607 6 4098 666.5 1093.9916 0.26666668 5.0 5.0 5.0 5.0 0.0 0.208 2 TOUCH_MOVE Back
1401622347628 6 4098 666.0 1094.4509 0.26666668 5.0 5.0 5.0 5.0 0.0 0.18 2 TOUCH_MOVE Back
1401622347632 6 4098 666.0 1094.4509 0.26666668 5.0 5.0 5.0 5.0 0.0 0.18 1 TOUCH_UP Back
1401622347978 6 4098 363.5 1230.4509 0.26666668 5.0 5.0 5.0 5.0 0.0 0.21200001 0 TOUCH_DOWN Space
1401622347991 6 4098 363.5 1230.4509 0.26666668 5.0 5.0 5.0 5.0 0.0 0.22000001 2 TOUCH_MOVE Space
1401622348024 6 4098 365.94653 1230.4509 0.23333335 4.0 4.0 4.0 4.0 0.0 0.19600001 2 TOUCH_MOVE Space
1401622348040 6 4098 365.94653 1230.4509 0.23333335 4.0 4.0 4.0 4.0 0.0 0.19600001 1 TOUCH_UP Space
1401622348272 6 4098 657.5 977.951 0.23333335 4.0 4.0 4.0 4.0 0.0 0.21200001 0 TOUCH_DOWN l
1401622348277 6 4098 657.5 978.0369 0.26666668 5.0 5.0 5.0 5.0 0.0 0.22000001 2 TOUCH_MOVE l
1401622348298 6 4098 656.36554 979.0182 0.3 5.0 5.0 5.0 5.0 0.0 0.24000001 2 TOUCH_MOVE l
1401622348308 6 4098 654.43585 980.51514 0.3 5.0 5.0 5.0 5.0 0.0 0.23200001 2 TOUCH_MOVE l
1401622348324 6 4098 652.52606 981.9249 0.3 5.0 5.0 5.0 5.0 0.0 0.23200001 2 TOUCH_MOVE l
1401622348341 6 4098 652.5 982.575 0.3 5.0 5.0 5.0 5.0 0.0 0.224 2 TOUCH_MOVE l
1401622348361 6 4098 652.5 982.575 0.3 5.0 5.0 5.0 5.0 0.0 0.224 1 TOUCH_UP l
1401622348437 6 4098 35.5 930.951 0.26666668 5.0 5.0 5.0 5.0 0.0 0.2 0 TOUCH_DOWN a
1401622348443 6 4098 35.5 931.16034 0.26666668 5.0 5.0 5.0 5.0 0.0 0.20400001 2 TOUCH_MOVE a
1401622348458 6 4098 36.21436 932.16534 0.26666668 5.0 5.0 5.0 5.0 0.0 0.20400001 2 TOUCH_MOVE a
1401622348485 6 4098 38.350433 935.4766 0.26666668 5.0 5.0 5.0 5.0 0.0 0.2 2 TOUCH_MOVE a
1401622348493 6 4098 39.639404 938.3692 0.26666668 5.0 5.0 5.0 5.0 0.0 0.2 2 TOUCH_MOVE a
1401622348509 6 4098 40.0 941.1918 0.23333335 5.0 5.0 5.0 5.0 0.0 0.18 2 TOUCH_MOVE a
1401622348522 6 4098 40.0 941.951 0.16666667 4.0 4.0 4.0 4.0 0.0 0.136 2 TOUCH_MOVE a
1401622348528 6 4098 40.0 941.951 0.16666667 4.0 4.0 4.0 4.0 0.0 0.136 1 TOUCH_UP a
1401622348774 6 4098 367.0 1246.4509 0.16666667 4.0 4.0 4.0 4.0 0.0 0.18800001 0 TOUCH_DOWN Space
1401622348793 6 4098 367.0 1246.4509 0.16666667 4.0 4.0 4.0 4.0 0.0 0.192 2 TOUCH_MOVE Space
1401622348824 6 4098 367.0 1245.8079 0.16666667 4.0 4.0 4.0 4.0 0.0 0.192 2 TOUCH_MOVE Space
1401622348830 6 4098 367.0 1245.8079 0.16666667 4.0 4.0 4.0 4.0 0.0 0.192 1 TOUCH_UP Space
1401622349305 6 4098 501.0 1131.9509 0.26666668 5.0 5.0 5.0 5.0 0.0 0.2 0 TOUCH_DOWN n
1401622349325 6 4098 501.0 1131.9509 0.26666668 5.0 5.0 5.0 5.0 0.0 0.20400001 2 TOUCH_MOVE n
1401622349342 6 4098 501.79 1132.241 0.23333335 4.0 4.0 4.0 4.0 0.0 0.192 2 TOUCH_MOVE n
1401622349352 6 4098 502.0 1132.4509 0.20000002 4.0 4.0 4.0 4.0 0.0 0.17600001 2 TOUCH_MOVE n
1401622349355 6 4098 502.0 1132.4509 0.20000002 4.0 4.0 4.0 4.0 0.0 0.17600001 1 TOUCH_UP n
1401622349803 6 4098 686.5 1080.9509 0.20000002 4.0 4.0 4.0 4.0 0.0 0.2 0 TOUCH_DOWN Back
1401622349809 6 4098 686.2086 1081.2423 0.20000002 4.0 4.0 4.0 4.0 0.0 0.208 2 TOUCH_MOVE Back
1401622349832 6 4098 682.9663 1082.2065 0.26666668 5.0 5.0 5.0 5.0 0.0 0.216 2 TOUCH_MOVE Back
1401622349845 6 4098 679.58136 1083.8696 0.26666668 5.0 5.0 5.0 5.0 0.0 0.224 2 TOUCH_MOVE Back
1401622349859 6 4098 677.6165 1085.1427 0.26666668 5.0 5.0 5.0 5.0 0.0 0.22000001 2 TOUCH_MOVE Back
1401622349876 6 4098 673.7449 1087.904 0.26666668 5.0 5.0 5.0 5.0 0.0 0.16000001 2 TOUCH_MOVE Back
1401622349894 6 4098 673.7449 1087.904 0.26666668 5.0 5.0 5.0 5.0 0.0 0.16000001 1 TOUCH_UP Back
1401622350027 6 4098 562.0 1115.4509 0.33333334 5.0 5.0 5.0 5.0 0.0 0.216 0 TOUCH_DOWN m
1401622350034 6 4098 562.0 1115.4509 0.33333334 5.0 5.0 5.0 5.0 0.0 0.224 2 TOUCH_MOVE m
1401622350086 6 4098 562.5 1114.4509 0.3 5.0 5.0 5.0 5.0 0.0 0.208 2 TOUCH_MOVE m
1401622350089 6 4098 562.5 1114.4509 0.20000002 3.0 3.0 3.0 3.0 0.0 0.104 2 TOUCH_MOVE m
1401622350092 6 4098 562.5 1114.4509 0.20000002 3.0 3.0 3.0 3.0 0.0 0.104 1 TOUCH_UP m
1401622350392 6 4098 619.0 866.451 0.26666668 5.0 5.0 5.0 5.0 0.0 0.21200001 0 TOUCH_DOWN o
1401622350443 6 4098 619.0 866.451 0.26666668 4.0 4.0 4.0 4.0 0.0 0.18 2 TOUCH_MOVE o
1401622350447 6 4098 619.0 866.451 0.26666668 4.0 4.0 4.0 4.0 0.0 0.18 1 TOUCH_UP o
1401622350889 6 4098 325.5 843.951 0.3 5.0 5.0 5.0 5.0 0.0 0.208 0 TOUCH_DOWN t
1401622350894 6 4098 325.5 843.951 0.3 5.0 5.0 5.0 5.0 0.0 0.21200001 2 TOUCH_MOVE t
1401622350912 6 4098 325.9149 843.03613 0.3 5.0 5.0 5.0 5.0 0.0 0.224 2 TOUCH_MOVE t
1401622350936 6 4098 326.5 842.0624 0.3 5.0 5.0 5.0 5.0 0.0 0.224 2 TOUCH_MOVE t
1401622350943 6 4098 326.5 841.201 0.3 5.0 5.0 5.0 5.0 0.0 0.22000001 2 TOUCH_MOVE t
1401622350962 6 4098 326.5 841.451 0.3 5.0 5.0 5.0 5.0 0.0 0.19600001 2 TOUCH_MOVE t
1401622350972 6 4098 326.5 841.451 0.26666668 5.0 5.0 5.0 5.0 0.0 0.172 2 TOUCH_MOVE t
1401622350977 6 4098 326.5 841.451 0.26666668 5.0 5.0 5.0 5.0 0.0 0.172 1 TOUCH_UP t
1401622351304 6 4098 348.0 1237.4509 0.23333335 5.0 5.0 5.0 5.0 0.0 0.208 0 TOUCH_DOWN Space
1401622351346 6 4098 349.47858 1237.4509 0.23333335 5.0 5.0 5.0 5.0 0.0 0.21200001 2 TOUCH_MOVE Space
1401622351361 6 4098 350.9409 1236.51 0.23333335 5.0 5.0 5.0 5.0 0.0 0.216 2 TOUCH_MOVE Space
1401622351380 6 4098 353.31885 1235.5114 0.20000002 4.0 4.0 4.0 4.0 0.0 0.2 2 TOUCH_MOVE Space
1401622351389 6 4098 353.5 1235.4509 0.13333334 2.0 2.0 2.0 2.0 0.0 0.18 2 TOUCH_MOVE Space
1401622351394 6 4098 353.5 1235.4509 0.13333334 2.0 2.0 2.0 2.0 0.0 0.18 1 TOUCH_UP Space
1401622351659 6 4098 214.0 977.951 0.26666668 5.0 5.0 5.0 5.0 0.0 0.22000001 0 TOUCH_DOWN d
1401622351696 6 4098 215.22255 977.951 0.3 5.0 5.0 5.0 5.0 0.0 0.224 2 TOUCH_MOVE d
1401622351711 6 4098 216.19383 977.951 0.3 5.0 5.0 5.0 5.0 0.0 0.23200001 2 TOUCH_MOVE d
1401622351751 6 4098 216.19383 977.951 0.3 5.0 5.0 5.0 5.0 0.0 0.23200001 1 TOUCH_UP d
1401622351946 6 4098 607.0 864.451 0.26666668 5.0 5.0 5.0 5.0 0.0 0.208 0 TOUCH_DOWN o
1401622351965 6 4098 607.0 864.451 0.26666668 5.0 5.0 5.0 5.0 0.0 0.224 2 TOUCH_MOVE o
1401622351981 6 4098 606.4037 864.451 0.23333335 4.0 4.0 4.0 4.0 0.0 0.23200001 2 TOUCH_MOVE o
1401622351994 6 4098 605.75 864.451 0.26666668 5.0 5.0 5.0 5.0 0.0 0.22000001 2 TOUCH_MOVE o
1401622352011 6 4098 606.0 865.49194 0.26666668 5.0 5.0 5.0 5.0 0.0 0.2 2 TOUCH_MOVE o
1401622352026 6 4098 606.0 865.451 0.26666668 5.0 5.0 5.0 5.0 0.0 0.156 2 TOUCH_MOVE o
1401622352030 6 4098 606.0 865.451 0.26666668 5.0 5.0 5.0 5.0 0.0 0.156 1 TOUCH_UP o
1401622352142 6 4098 50.5 969.951 0.16666667 3.0 3.0 3.0 3.0 0.0 0.192 0 TOUCH_DOWN a
1401622352214 6 4098 50.5 969.951 0.16666667 3.0 3.0 3.0 3.0 0.0 0.192 1 TOUCH_UP a
1401622352419 6 4098 360.0 1239.4509 0.20000002 4.0 4.0 4.0 4.0 0.0 0.2 0 TOUCH_DOWN Space
1401622352429 6 4098 360.0 1239.4509 0.20000002 4.0 4.0 4.0 4.0 0.0 0.20400001 2 TOUCH_MOVE Space
1401622352487 6 4098 360.0 1238.9509 0.20000002 4.0 4.0 4.0 4.0 0.0 0.20400001 2 TOUCH_MOVE Space
1401622352491 6 4098 360.0 1238.9509 0.20000002 4.0 4.0 4.0 4.0 0.0 0.20400001 1 TOUCH_UP Space
1401622353265 6 4098 431.0 958.951 0.23333335 4.0 4.0 4.0 4.0 0.0 0.22000001 0 TOUCH_DOWN h
1401622353279 6 4098 430.5979 958.951 0.3 5.0 5.0 5.0 5.0 0.0 0.23200001 2 TOUCH_MOVE h
1401622353296 6 4098 430.11826 959.3327 0.3 5.0 5.0 5.0 5.0 0.0 0.23600002 2 TOUCH_MOVE h
1401622353312 6 4098 430.0 959.451 0.26666668 5.0 5.0 5.0 5.0 0.0 0.224 2 TOUCH_MOVE h
1401622353324 6 4098 430.0 959.451 0.20000002 4.0 4.0 4.0 4.0 0.0 0.18 2 TOUCH_MOVE h
1401622353330 6 4098 430.0 959.451 0.20000002 4.0 4.0 4.0 4.0 0.0 0.18 1 TOUCH_UP h
1401622353568 6 4098 503.5 847.951 0.3 5.0 5.0 5.0 5.0 0.0 0.21200001 0 TOUCH_DOWN u
1401622353579 6 4098 502.84528 847.29626 0.3 5.0 5.0 5.0 5.0 0.0 0.224 2 TOUCH_MOVE u
1401622353597 6 4098 498.504 845.203 0.3 5.0 5.0 5.0 5.0 0.0 0.22800002 2 TOUCH_MOVE u
1401622353613 6 4098 498.25 844.701 0.3 5.0 5.0 5.0 5.0 0.0 0.22000001 2 TOUCH_MOVE u
1401622353631 6 4098 498.5 844.951 0.23333335 5.0 5.0 5.0 5.0 0.0 0.172 2 TOUCH_MOVE u
1401622353642 6 4098 498.5 844.951 0.23333335 5.0 5.0 5.0 5.0 0.0 0.172 1 TOUCH_UP u
1401622353792 6 4098 625.5 869.451 0.26666668 4.0 4.0 4.0 4.0 0.0 0.208 0 TOUCH_DOWN o
1401622353797 6 4098 625.5 869.451 0.3 5.0 5.0 5.0 5.0 0.0 0.216 2 TOUCH_MOVE o
1401622353816 6 4098 625.3855 870.0655 0.3 5.0 5.0 5.0 5.0 0.0 0.22800002 2 TOUCH_MOVE o
1401622353830 6 4098 624.3672 871.0838 0.3 5.0 5.0 5.0 5.0 0.0 0.224 2 TOUCH_MOVE o
1401622353846 6 4098 623.4166 872.03436 0.3 5.0 5.0 5.0 5.0 0.0 0.224 2 TOUCH_MOVE o
1401622353863 6 4098 623.0 872.9992 0.26666668 4.0 4.0 4.0 4.0 0.0 0.18 2 TOUCH_MOVE o
1401622353873 6 4098 623.0 872.9992 0.26666668 4.0 4.0 4.0 4.0 0.0 0.18 1 TOUCH_UP o
1401622354151 6 4098 495.0 1085.4509 0.23333335 5.0 5.0 5.0 5.0 0.0 0.208 0 TOUCH_DOWN n
1401622354163 6 4098 495.0 1085.4509 0.26666668 5.0 5.0 5.0 5.0 0.0 0.22000001 2 TOUCH_MOVE n
1401622354180 6 4098 495.0 1086.2987 0.26666668 5.0 5.0 5.0 5.0 0.0 0.22800002 2 TOUCH_MOVE n
1401622354196 6 4098 495.0 1088.1064 0.26666668 5.0 5.0 5.0 5.0 0.0 0.22800002 2 TOUCH_MOVE n
1401622354213 6 4098 495.0 1089.9509 0.3 5.0 5.0 5.0 5.0 0.0 0.22800002 2 TOUCH_MOVE n
1401622354233 6 4098 494.25 1092.7009 0.26666668 4.0 4.0 4.0 4.0 0.0 0.2 2 TOUCH_MOVE n
1401622354241 6 4098 494.5 1092.9509 0.20000002 3.0 3.0 3.0 3.0 0.0 0.1 2 TOUCH_MOVE n
1401622354245 6 4098 494.5 1092.9509 0.20000002 3.0 3.0 3.0 3.0 0.0 0.1 1 TOUCH_UP n
1401622354818 6 4098 358.5 968.451 0.13333334 2.0 2.0 2.0 2.0 0.0 0.18800001 0 TOUCH_DOWN g
1401622354830 6 4098 358.5 968.451 0.16666667 3.0 3.0 3.0 3.0 0.0 0.19600001 2 TOUCH_MOVE g
1401622354847 6 4098 359.4241 968.451 0.16666667 3.0 3.0 3.0 3.0 0.0 0.192 2 TOUCH_MOVE g
1401622354864 6 4098 359.75 968.451 0.16666667 3.0 3.0 3.0 3.0 0.0 0.19600001 2 TOUCH_MOVE g
1401622354880 6 4098 358.0 968.951 0.13333334 2.0 2.0 2.0 2.0 0.0 0.18 2 TOUCH_MOVE g
1401622354890 6 4098 358.0 968.951 0.13333334 2.0 2.0 2.0 2.0 0.0 0.132 2 TOUCH_MOVE g
1401622354894 6 4098 358.0 968.951 0.13333334 2.0 2.0 2.0 2.0 0.0 0.132 1 TOUCH_UP g
1401622355084 6 4098 404.5 1196.4509 0.20000002 4.0 4.0 4.0 4.0 0.0 0.2 0 TOUCH_DOWN ,
1401622355100 6 4098 404.5 1196.4509 0.20000002 4.0 4.0 4.0 4.0 0.0 0.208 2 TOUCH_MOVE ,
1401622355114 6 4098 404.83136 1196.9509 0.20000002 4.0 4.0 4.0 4.0 0.0 0.208 2 TOUCH_MOVE ,
1401622355134 6 4098 405.75 1196.9509 0.20000002 4.0 4.0 4.0 4.0 0.0 0.2 2 TOUCH_MOVE ,
1401622355143 6 4098 405.5 1196.9509 0.13333334 2.0 2.0 2.0 2.0 0.0 0.17600001 2 TOUCH_MOVE ,
1401622355148 6 4098 405.5 1196.9509 0.13333334 2.0 2.0 2.0 2.0 0.0 0.17600001 1 TOUCH_UP ,
1401622355605 6 4098 207.0 974.951 0.23333335 4.0 4.0 4.0 4.0 0.0 0.216 0 TOUCH_DOWN d
1401622355614 6 4098 207.0 974.951 0.26666668 5.0 5.0 5.0 5.0 0.0 0.216 2 TOUCH_MOVE d
1401622355698 6 4098 207.0 974.951 0.26666668 5.0 5.0 5.0 5.0 0.0 0.216 1 TOUCH_UP d
1401622355982 6 4098 511.5 840.451 0.26666668 4.0 4.0 4.0 4.0 0.0 0.216 0 TOUCH_DOWN i
1401622356001 6 4098 511.5 840.451 0.3 5.0 5.0 5.0 5.0 0.0 0.216 2 TOUCH_MOVE i
1401622356028 6 4098 511.5 840.451 0.3 5.0 5.0 5.0 5.0 0.0 0.216 1 TOUCH_UP i
1401622356898 6 4098 678.0 1094.9509 0.26666668 5.0 5.0 5.0 5.0 0.0 0.20400001 0 TOUCH_DOWN Back
1401622356916 6 4098 677.5973 1095.8536 0.3 5.0 5.0 5.0 5.0 0.0 0.216 2 TOUCH_MOVE Back
1401622356934 6 4098 676.5788 1096.8721 0.26666668 4.0 4.0 4.0 4.0 0.0 0.216 2 TOUCH_MOVE Back
1401622356949 6 4098 676.25 1097.2009 0.3 5.0 5.0 5.0 5.0 0.0 0.21200001 2 TOUCH_MOVE Back
1401622356961 6 4098 676.25 1097.2009 0.3 5.0 5.0 5.0 5.0 0.0 0.21200001 1 TOUCH_UP Back
1401622357064 6 4098 670.0 1096.4509 0.3 5.0 5.0 5.0 5.0 0.0 0.216 0 TOUCH_DOWN Back
1401622357085 6 4098 670.0 1096.9843 0.3 5.0 5.0 5.0 5.0 0.0 0.22000001 2 TOUCH_MOVE Back
1401622357104 6 4098 670.0 1098.0149 0.3 5.0 5.0 5.0 5.0 0.0 0.216 2 TOUCH_MOVE Back
1401622357141 6 4098 670.0 1098.0149 0.3 5.0 5.0 5.0 5.0 0.0 0.216 1 TOUCH_UP Back
1401622357411 6 4098 683.0 1082.9509 0.20000002 4.0 4.0 4.0 4.0 0.0 0.20400001 0 TOUCH_DOWN Back
1401622357439 6 4098 682.15857 1083.7924 0.26666668 5.0 5.0 5.0 5.0 0.0 0.22000001 2 TOUCH_MOVE Back
1401622357467 6 4098 679.72815 1085.7228 0.26666668 5.0 5.0 5.0 5.0 0.0 0.216 2 TOUCH_MOVE Back
1401622357483 6 4098 678.8239 1086.627 0.23333335 5.0 5.0 5.0 5.0 0.0 0.19600001 2 TOUCH_MOVE Back
1401622357499 6 4098 678.8239 1086.627 0.23333335 5.0 5.0 5.0 5.0 0.0 0.19600001 1 TOUCH_UP Back
1401622357863 6 4098 352.5 1231.4509 0.23333335 4.0 4.0 4.0 4.0 0.0 0.20400001 0 TOUCH_DOWN Space
1401622357869 6 4098 352.5 1231.4509 0.20000002 4.0 4.0 4.0 4.0 0.0 0.208 2 TOUCH_MOVE Space
1401622357918 6 4098 352.5 1232.0018 0.16666667 3.0 3.0 3.0 3.0 0.0 0.18800001 2 TOUCH_MOVE Space
1401622357922 6 4098 352.5 1232.0018 0.16666667 3.0 3.0 3.0 3.0 0.0 0.18800001 1 TOUCH_UP Space
1401622358712 6 4098 202.0 962.451 0.23333335 4.0 4.0 4.0 4.0 0.0 0.2 0 TOUCH_DOWN d
1401622358720 6 4098 202.0 962.451 0.23333335 4.0 4.0 4.0 4.0 0.0 0.20400001 2 TOUCH_MOVE d
1401622358751 6 4098 202.98997 962.451 0.23333335 4.0 4.0 4.0 4.0 0.0 0.208 2 TOUCH_MOVE d
1401622358767 6 4098 203.25 962.451 0.23333335 4.0 4.0 4.0 4.0 0.0 0.208 2 TOUCH_MOVE d
1401622358801 6 4098 203.0 962.451 0.20000002 4.0 4.0 4.0 4.0 0.0 0.18 2 TOUCH_MOVE d
1401622358809 6 4098 203.0 962.451 0.16666667 3.0 3.0 3.0 3.0 0.0 0.1 2 TOUCH_MOVE d
1401622358813 6 4098 203.0 962.451 0.16666667 3.0 3.0 3.0 3.0 0.0 0.1 1 TOUCH_UP d
1401622359079 6 4098 504.5 847.451 0.23333335 4.0 4.0 4.0 4.0 0.0 0.19600001 0 TOUCH_DOWN i
1401622359084 6 4098 504.5 847.451 0.26666668 4.0 4.0 4.0 4.0 0.0 0.19600001 2 TOUCH_MOVE i
1401622359118 6 4098 504.5 846.2376 0.3 5.0 5.0 5.0 5.0 0.0 0.22000001 2 TOUCH_MOVE i
1401622359135 6 4098 504.5 845.57135 0.26666668 4.0 4.0 4.0 4.0 0.0 0.224 2 TOUCH_MOVE i
1401622359151 6 4098 504.5 844.3063 0.3 5.0 5.0 5.0 5.0 0.0 0.224 2 TOUCH_MOVE i
1401622359185 6 4098 504.5 844.3063 0.3 5.0 5.0 5.0 5.0 0.0 0.224 1 TOUCH_UP i
1401622359343 6 4098 618.5 859.451 0.23333335 5.0 5.0 5.0 5.0 0.0 0.208 0 TOUCH_DOWN o
1401622359351 6 4098 618.5 859.451 0.26666668 5.0 5.0 5.0 5.0 0.0 0.216 2 TOUCH_MOVE o
1401622359385 6 4098 619.6438 860.5948 0.26666668 5.0 5.0 5.0 5.0 0.0 0.216 2 TOUCH_MOVE o
1401622359401 6 4098 620.601 861.552 0.23333335 4.0 4.0 4.0 4.0 0.0 0.208 2 TOUCH_MOVE o
1401622359418 6 4098 621.5538 862.50476 0.26666668 5.0 5.0 5.0 5.0 0.0 0.136 2 TOUCH_MOVE o
1401622359428 6 4098 621.5538 862.50476 0.26666668 5.0 5.0 5.0 5.0 0.0 0.136 1 TOUCH_UP o
1401622359745 6 4098 522.5 1086.4509 0.23333335 4.0 4.0 4.0 4.0 0.0 0.208 0 TOUCH_DOWN n
1401622359754 6 4098 522.5 1086.4509 0.23333335 4.0 4.0 4.0 4.0 0.0 0.21200001 2 TOUCH_MOVE n
1401622359785 6 4098 520.7286 1089.4938 0.3 5.0 5.0 5.0 5.0 0.0 0.23200001 2 TOUCH_MOVE n
1401622359802 6 4098 519.3305 1091.6205 0.3 5.0 5.0 5.0 5.0 0.0 0.22800002 2 TOUCH_MOVE n
1401622359818 6 4098 516.44763 1094.5033 0.26666668 4.0 4.0 4.0 4.0 0.0 0.18400002 2 TOUCH_MOVE n
1401622359824 6 4098 516.44763 1094.5033 0.26666668 4.0 4.0 4.0 4.0 0.0 0.18400002 1 TOUCH_UP n
1401622360059 6 4098 346.0 978.451 0.23333335 4.0 4.0 4.0 4.0 0.0 0.2 0 TOUCH_DOWN g
1401622360089 6 4098 346.0 978.97705 0.26666668 4.0 4.0 4.0 4.0 0.0 0.208 2 TOUCH_MOVE g
1401622360102 6 4098 345.4549 979.4961 0.23333335 4.0 4.0 4.0 4.0 0.0 0.192 2 TOUCH_MOVE g
1401622360119 6 4098 343.57605 980.42566 0.23333335 4.0 4.0 4.0 4.0 0.0 0.192 2 TOUCH_MOVE g
1401622360140 6 4098 343.5 980.451 0.20000002 3.0 3.0 3.0 3.0 0.0 0.104 2 TOUCH_MOVE g
1401622360144 6 4098 343.5 980.451 0.20000002 3.0 3.0 3.0 3.0 0.0 0.104 1 TOUCH_UP g
1401622360767 6 4098 672.0 1109.4509 0.3 5.0 5.0 5.0 5.0 0.0 0.21200001 0 TOUCH_DOWN Back
1401622360770 6 4098 672.0 1109.4509 0.3 5.0 5.0 5.0 5.0 0.0 0.216 2 TOUCH_MOVE Back
1401622360828 6 4098 672.0 1109.4509 0.3 5.0 5.0 5.0 5.0 0.0 0.216 1 TOUCH_UP Back
1401622360921 6 4098 664.0 1113.9509 0.33333334 5.0 5.0 5.0 5.0 0.0 0.21200001 0 TOUCH_DOWN Back
1401622361000 6 4098 664.0 1113.9509 0.33333334 5.0 5.0 5.0 5.0 0.0 0.18800001 2 TOUCH_MOVE Back
1401622361003 6 4098 664.0 1113.9509 0.33333334 5.0 5.0 5.0 5.0 0.0 0.18800001 1 TOUCH_UP Back
1401622361068 6 4098 661.0 1118.4509 0.26666668 4.0 4.0 4.0 4.0 0.0 0.21200001 0 TOUCH_DOWN Back
1401622361086 6 4098 661.0 1118.4509 0.3 5.0 5.0 5.0 5.0 0.0 0.22000001 2 TOUCH_MOVE Back
1401622361108 6 4098 660.081 1118.4509 0.3 5.0 5.0 5.0 5.0 0.0 0.224 2 TOUCH_MOVE Back
1401622361122 6 4098 659.25 1118.4509 0.3 5.0 5.0 5.0 5.0 0.0 0.22000001 2 TOUCH_MOVE Back
1401622361145 6 4098 659.25 1118.4509 0.3 5.0 5.0 5.0 5.0 0.0 0.22000001 1 TOUCH_UP Back
1401622361211 6 4098 661.5 1114.4509 0.33333334 5.0 5.0 5.0 5.0 0.0 0.216 0 TOUCH_DOWN Back
1401622361221 6 4098 661.5 1114.4509 0.3 5.0 5.0 5.0 5.0 0.0 0.22800002 2 TOUCH_MOVE Back
1401622361253 6 4098 661.5 1114.976 0.33333334 5.0 5.0 5.0 5.0 0.0 0.23200001 2 TOUCH_MOVE Back
1401622361300 6 4098 661.5 1114.976 0.33333334 5.0 5.0 5.0 5.0 0.0 0.23200001 1 TOUCH_UP Back
1401622362108 6 4098 501.5 852.451 0.26666668 5.0 5.0 5.0 5.0 0.0 0.216 0 TOUCH_DOWN u
1401622362120 6 4098 501.5 852.0855 0.26666668 5.0 5.0 5.0 5.0 0.0 0.224 2 TOUCH_MOVE u
1401622362138 6 4098 500.809 850.75995 0.26666668 5.0 5.0 5.0 5.0 0.0 0.24000001 2 TOUCH_MOVE u
1401622362154 6 4098 499.82755 849.77856 0.26666668 5.0 5.0 5.0 5.0 0.0 0.22000001 2 TOUCH_MOVE u
1401622362170 6 4098 500.63107 848.81995 0.23333335 4.0 4.0 4.0 4.0 0.0 0.192 2 TOUCH_MOVE u
1401622362184 6 4098 500.5 848.951 0.16666667 3.0 3.0 3.0 3.0 0.0 0.1 2 TOUCH_MOVE u
1401622362188 6 4098 500.5 848.951 0.16666667 3.0 3.0 3.0 3.0 0.0 0.1 1 TOUCH_UP u
1401622362313 6 4098 628.5 874.951 0.26666668 4.0 4.0 4.0 4.0 0.0 0.20400001 0 TOUCH_DOWN o
1401622362324 6 4098 628.5 874.951 0.26666668 4.0 4.0 4.0 4.0 0.0 0.216 2 TOUCH_MOVE o
1401622362354 6 4098 628.5 876.1845 0.26666668 4.0 4.0 4.0 4.0 0.0 0.216 2 TOUCH_MOVE o
1401622362372 6 4098 628.5 877.6405 0.3 5.0 5.0 5.0 5.0 0.0 0.21200001 2 TOUCH_MOVE o
1401622362390 6 4098 628.5 879.1456 0.3 5.0 5.0 5.0 5.0 0.0 0.18800001 2 TOUCH_MOVE o
1401622362397 6 4098 628.5 879.1456 0.3 5.0 5.0 5.0 5.0 0.0 0.18800001 1 TOUCH_UP o
1401622362840 6 4098 516.0 1081.4509 0.23333335 4.0 4.0 4.0 4.0 0.0 0.22000001 0 TOUCH_DOWN n
1401622362863 6 4098 516.0 1082.0885 0.26666668 5.0 5.0 5.0 5.0 0.0 0.22800002 2 TOUCH_MOVE n
1401622362872 6 4098 516.0 1083.0768 0.26666668 5.0 5.0 5.0 5.0 0.0 0.22800002 2 TOUCH_MOVE n
1401622362888 6 4098 515.4455 1084.0055 0.26666668 5.0 5.0 5.0 5.0 0.0 0.22000001 2 TOUCH_MOVE n
1401622362910 6 4098 515.0 1084.4509 0.20000002 4.0 4.0 4.0 4.0 0.0 0.18800001 2 TOUCH_MOVE n
1401622362915 6 4098 515.0 1084.4509 0.20000002 4.0 4.0 4.0 4.0 0.0 0.18800001 1 TOUCH_UP n
1401622363427 6 4098 330.5 976.451 0.26666668 5.0 5.0 5.0 5.0 0.0 0.19600001 0 TOUCH_DOWN g
1401622363456 6 4098 329.6418 977.66736 0.3 5.0 5.0 5.0 5.0 0.0 0.20400001 2 TOUCH_MOVE g
1401622363472 6 4098 328.6837 979.26733 0.26666668 5.0 5.0 5.0 5.0 0.0 0.2 2 TOUCH_MOVE g
1401622363488 6 4098 327.2127 980.2383 0.26666668 5.0 5.0 5.0 5.0 0.0 0.192 2 TOUCH_MOVE g
1401622363499 6 4098 327.0 980.451 0.26666668 5.0 5.0 5.0 5.0 0.0 0.17600001 2 TOUCH_MOVE g
1401622363503 6 4098 327.0 980.451 0.26666668 5.0 5.0 5.0 5.0 0.0 0.17600001 1 TOUCH_UP g
1401622365250 6 4098 690.5 1097.4509 0.23333335 4.0 4.0 4.0 4.0 0.0 0.2 0 TOUCH_DOWN Back
1401622365268 6 4098 690.5 1097.4509 0.20000002 3.0 3.0 3.0 3.0 0.0 0.208 2 TOUCH_MOVE Back
1401622365293 6 4098 690.11395 1098.337 0.23333335 4.0 4.0 4.0 4.0 0.0 0.19600001 2 TOUCH_MOVE Back
1401622365309 6 4098 690.0 1098.4509 0.26666668 4.0 4.0 4.0 4.0 0.0 0.18400002 2 TOUCH_MOVE Back
1401622365313 6 4098 690.0 1098.4509 0.26666668 4.0 4.0 4.0 4.0 0.0 0.18400002 1 TOUCH_UP Back
1401622366782 6 4098 360.5 980.451 0.26666668 4.0 4.0 4.0 4.0 0.0 0.20400001 0 TOUCH_DOWN g
1401622366791 6 4098 360.5 980.451 0.26666668 4.0 4.0 4.0 4.0 0.0 0.22000001 2 TOUCH_MOVE g
1401622366808 6 4098 361.55652 981.5075 0.3 5.0 5.0 5.0 5.0 0.0 0.23200001 2 TOUCH_MOVE g
1401622366825 6 4098 362.59534 982.5463 0.3 5.0 5.0 5.0 5.0 0.0 0.23600002 2 TOUCH_MOVE g
1401622366893 6 4098 362.5 982.451 0.13333334 2.0 2.0 2.0 2.0 0.0 0.120000005 2 TOUCH_MOVE g
1401622366897 6 4098 362.5 982.451 0.13333334 2.0 2.0 2.0 2.0 0.0 0.120000005 1 TOUCH_UP g
1401622367231 6 4098 681.0 1196.9509 0.20000002 4.0 4.0 4.0 4.0 0.0 0.2 0 TOUCH_DOWN Enter
1401622367242 6 4098 679.93195 1197.8296 0.26666668 5.0 5.0 5.0 5.0 0.0 0.21200001 2 TOUCH_MOVE Enter
1401622367264 6 4098 677.02203 1199.7695 0.26666668 5.0 5.0 5.0 5.0 0.0 0.21200001 2 TOUCH_MOVE Enter
1401622367275 6 4098 674.7485 1201.7024 0.26666668 5.0 5.0 5.0 5.0 0.0 0.21200001 2 TOUCH_MOVE Enter
1401622367292 6 4098 673.91425 1202.5366 0.26666668 5.0 5.0 5.0 5.0 0.0 0.18800001 2 TOUCH_MOVE Enter
1401622367299 6 4098 673.91425 1202.5366 0.26666668 5.0 5.0 5.0 5.0 0.0 0.18800001 1 TOUCH_UP Enter
1401622368255 6 4098 643.0 973.451 0.23333335 4.0 4.0 4.0 4.0 0.0 0.208 0 TOUCH_DOWN L
1401622368288 6 4098 643.0 973.451 0.23333335 4.0 4.0 4.0 4.0 0.0 0.21200001 2 TOUCH_MOVE L
1401622368304 6 4098 643.0 973.451 0.23333335 4.0 4.0 4.0 4.0 0.0 0.21200001 1 TOUCH_UP L
1401622368420 6 4098 49.5 967.951 0.16666667 3.0 3.0 3.0 3.0 0.0 0.2 0 TOUCH_DOWN a
1401622368426 6 4098 49.5 967.951 0.16666667 3.0 3.0 3.0 3.0 0.0 0.208 2 TOUCH_MOVE a
1401622368445 6 4098 50.57416 967.4139 0.20000002 3.0 3.0 3.0 3.0 0.0 0.21200001 2 TOUCH_MOVE a
1401622368460 6 4098 52.09125 966.951 0.20000002 3.0 3.0 3.0 3.0 0.0 0.22000001 2 TOUCH_MOVE a
1401622368476 6 4098 53.506966 966.951 0.20000002 3.0 3.0 3.0 3.0 0.0 0.20400001 2 TOUCH_MOVE a
1401622368494 6 4098 54.0 967.95483 0.16666667 3.0 3.0 3.0 3.0 0.0 0.18 2 TOUCH_MOVE a
1401622368502 6 4098 54.0 967.95483 0.16666667 3.0 3.0 3.0 3.0 0.0 0.18 1 TOUCH_UP a
1401622368790 6 4098 357.0 1220.4509 0.23333335 4.0 4.0 4.0 4.0 0.0 0.22000001 0 TOUCH_DOWN Space
1401622368796 6 4098 357.0 1220.4509 0.23333335 4.0 4.0 4.0 4.0 0.0 0.224 2 TOUCH_MOVE Space
1401622368837 6 4098 357.0 1221.2164 0.23333335 4.0 4.0 4.0 4.0 0.0 0.22000001 2 TOUCH_MOVE Space
1401622368845 6 4098 357.0 1222.7146 0.16666667 3.0 3.0 3.0 3.0 0.0 0.192 2 TOUCH_MOVE Space
1401622368852 6 4098 357.0 1222.7146 0.16666667 3.0 3.0 3.0 3.0 0.0 0.192 1 TOUCH_UP Space
1401622369616 6 4098 498.5 1099.4509 0.3 5.0 5.0 5.0 5.0 0.0 0.20400001 0 TOUCH_DOWN n
1401622369628 6 4098 498.5 1099.4509 0.26666668 4.0 4.0 4.0 4.0 0.0 0.208 2 TOUCH_MOVE n
1401622369662 6 4098 498.0 1099.9335 0.26666668 4.0 4.0 4.0 4.0 0.0 0.21200001 2 TOUCH_MOVE n
1401622369677 6 4098 496.60538 1101.7928 0.26666668 4.0 4.0 4.0 4.0 0.0 0.2 2 TOUCH_MOVE n
1401622369686 6 4098 496.5 1101.9509 0.3 5.0 5.0 5.0 5.0 0.0 0.18400002 2 TOUCH_MOVE n
1401622369691 6 4098 496.5 1101.9509 0.3 5.0 5.0 5.0 5.0 0.0 0.18400002 1 TOUCH_UP n
1401622369934 6 4098 337.5 998.451 0.33333334 5.0 5.0 5.0 5.0 0.0 0.22000001 0 TOUCH_DOWN g
1401622370035 6 4098 337.5 998.451 0.33333334 5.0 5.0 5.0 5.0 0.0 0.22000001 1 TOUCH_UP g
1401622370272 6 4098 498.0 848.951 0.26666668 5.0 5.0 5.0 5.0 0.0 0.21200001 0 TOUCH_DOWN u
1401622370278 6 4098 498.0 848.951 0.26666668 5.0 5.0 5.0 5.0 0.0 0.216 2 TOUCH_MOVE u
1401622370298 6 4098 497.42123 848.3722 0.3 5.0 5.0 5.0 5.0 0.0 0.22800002 2 TOUCH_MOVE u
1401622370311 6 4098 496.4949 847.4459 0.3 5.0 5.0 5.0 5.0 0.0 0.22800002 2 TOUCH_MOVE u
1401622370328 6 4098 495.75 846.701 0.3 5.0 5.0 5.0 5.0 0.0 0.22800002 2 TOUCH_MOVE u
1401622370346 6 4098 496.0 846.951 0.23333335 5.0 5.0 5.0 5.0 0.0 0.192 2 TOUCH_MOVE u
1401622370363 6 4098 496.0 846.951 0.23333335 5.0 5.0 5.0 5.0 0.0 0.192 1 TOUCH_UP u
1401622370550 6 4098 602.5 859.451 0.20000002 4.0 4.0 4.0 4.0 0.0 0.20400001 0 TOUCH_DOWN o
1401622370578 6 4098 601.99927 859.451 0.20000002 4.0 4.0 4.0 4.0 0.0 0.2 2 TOUCH_MOVE o
1401622370594 6 4098 602.0 859.451 0.20000002 4.0 4.0 4.0 4.0 0.0 0.17600001 2 TOUCH_MOVE o
1401622370601 6 4098 602.0 859.451 0.20000002 4.0 4.0 4.0 4.0 0.0 0.17600001 1 TOUCH_UP o
1401622370691 6 4098 559.5 854.451 0.23333335 5.0 5.0 5.0 5.0 0.0 0.20400001 0 TOUCH_DOWN i
1401622370695 6 4098 559.5 854.451 0.23333335 5.0 5.0 5.0 5.0 0.0 0.208 2 TOUCH_MOVE i
1401622370762 6 4098 559.5 855.01715 0.23333335 5.0 5.0 5.0 5.0 0.0 0.192 2 TOUCH_MOVE i
1401622370770 6 4098 559.5 855.01715 0.23333335 5.0 5.0 5.0 5.0 0.0 0.192 1 TOUCH_UP i
1401622371123 6 4098 356.0 1203.9509 0.23333335 4.0 4.0 4.0 4.0 0.0 0.22000001 0 TOUCH_DOWN Space
1401622371130 6 4098 356.0 1203.9509 0.23333335 4.0 4.0 4.0 4.0 0.0 0.224 2 TOUCH_MOVE Space
1401622371162 6 4098 356.0 1205.1898 0.23333335 4.0 4.0 4.0 4.0 0.0 0.224 2 TOUCH_MOVE Space
1401622371185 6 4098 356.0 1205.1898 0.23333335 4.0 4.0 4.0 4.0 0.0 0.224 1 TOUCH_UP Space
1401622371648 6 4098 305.0 851.951 0.23333335 4.0 4.0 4.0 4.0 0.0 0.2 0 TOUCH_DOWN t
1401622371650 6 4098 305.0 851.951 0.23333335 4.0 4.0 4.0 4.0 0.0 0.20400001 2 TOUCH_MOVE t
1401622371680 6 4098 306.76486 851.451 0.23333335 4.0 4.0 4.0 4.0 0.0 0.216 2 TOUCH_MOVE t
1401622371713 6 4098 306.5 851.451 0.16666667 3.0 3.0 3.0 3.0 0.0 0.18800001 2 TOUCH_MOVE t
1401622371734 6 4098 306.5 851.451 0.13333334 2.0 2.0 2.0 2.0 0.0 0.124000005 2 TOUCH_MOVE t
1401622371738 6 4098 306.5 851.451 0.13333334 2.0 2.0 2.0 2.0 0.0 0.124000005 1 TOUCH_UP t
1401622371972 6 4098 613.0 848.951 0.26666668 5.0 5.0 5.0 5.0 0.0 0.20400001 0 TOUCH_DOWN o
1401622371980 6 4098 613.0 848.951 0.26666668 5.0 5.0 5.0 5.0 0.0 0.21200001 2 TOUCH_MOVE o
1401622371999 6 4098 612.05304 848.504 0.26666668 5.0 5.0 5.0 5.0 0.0 0.22000001 2 TOUCH_MOVE o
1401622372013 6 4098 611.09393 848.451 0.26666668 5.0 5.0 5.0 5.0 0.0 0.22000001 2 TOUCH_MOVE o
1401622372047 6 4098 608.5 847.451 0.23333335 4.0 4.0 4.0 4.0 0.0 0.18400002 2 TOUCH_MOVE o
1401622372051 6 4098 608.5 847.451 0.23333335 4.0 4.0 4.0 4.0 0.0 0.18400002 1 TOUCH_UP o
1401622372124 6 4098 543.5 850.451 0.26666668 5.0 5.0 5.0 5.0 0.0 0.22800002 0 TOUCH_DOWN i
1401622372164 6 4098 542.98334 850.451 0.26666668 5.0 5.0 5.0 5.0 0.0 0.23600002 2 TOUCH_MOVE i
1401622372186 6 4098 541.9502 850.451 0.26666668 5.0 5.0 5.0 5.0 0.0 0.22800002 2 TOUCH_MOVE i
1401622372197 6 4098 541.5 851.4478 0.26666668 5.0 5.0 5.0 5.0 0.0 0.22000001 2 TOUCH_MOVE i
1401622372212 6 4098 541.5 851.451 0.23333335 4.0 4.0 4.0 4.0 0.0 0.18 2 TOUCH_MOVE i
1401622372216 6 4098 541.5 851.451 0.23333335 4.0 4.0 4.0 4.0 0.0 0.18 1 TOUCH_UP i
1401622372605 6 4098 348.5 1216.9509 0.23333335 4.0 4.0 4.0 4.0 0.0 0.21200001 0 TOUCH_DOWN Space
1401622372647 6 4098 348.5 1216.9509 0.23333335 4.0 4.0 4.0 4.0 0.0 0.22000001 2 TOUCH_MOVE Space
1401622372666 6 4098 348.5 1216.9509 0.23333335 4.0 4.0 4.0 4.0 0.0 0.22000001 1 TOUCH_UP Space
1401622372941 6 4098 151.5 960.951 0.26666668 5.0 5.0 5.0 5.0 0.0 0.224 0 TOUCH_DOWN s
1401622372951 6 4098 151.5 960.951 0.3 5.0 5.0 5.0 5.0 0.0 0.224 2 TOUCH_MOVE s
1401622372981 6 4098 152.31491 960.951 0.26666668 5.0 5.0 5.0 5.0 0.0 0.22000001 2 TOUCH_MOVE s
1401622372997 6 4098 152.75 960.951 0.26666668 5.0 5.0 5.0 5.0 0.0 0.21200001 2 TOUCH_MOVE s
1401622373012 6 4098 152.75 960.951 0.26666668 5.0 5.0 5.0 5.0 0.0 0.21200001 1 TOUCH_UP s
1401622373140 6 4098 173.0 862.451 0.26666668 5.0 5.0 5.0 5.0 0.0 0.22800002 0 TOUCH_DOWN e
1401622373167 6 4098 173.91992 862.451 0.26666668 5.0 5.0 5.0 5.0 0.0 0.22800002 2 TOUCH_MOVE e
1401622373186 6 4098 174.0 861.701 0.23333335 4.0 4.0 4.0 4.0 0.0 0.216 2 TOUCH_MOVE e
1401622373197 6 4098 173.28505 861.0935 0.20000002 4.0 4.0 4.0 4.0 0.0 0.19600001 2 TOUCH_MOVE e
1401622373218 6 4098 173.0 860.951 0.23333335 5.0 5.0 5.0 5.0 0.0 0.136 2 TOUCH_MOVE e
1401622373221 6 4098 173.0 860.951 0.23333335 5.0 5.0 5.0 5.0 0.0 0.136 1 TOUCH_UP e
1401622373381 6 4098 376.5 1217.9509 0.23333335 4.0 4.0 4.0 4.0 0.0 0.224 0 TOUCH_DOWN Space
1401622373434 6 4098 376.5 1219.2323 0.26666668 5.0 5.0 5.0 5.0 0.0 0.216 2 TOUCH_MOVE Space
1401622373451 6 4098 377.0 1221.4509 0.23333335 4.0 4.0 4.0 4.0 0.0 0.192 2 TOUCH_MOVE Space
1401622373455 6 4098 377.0 1221.4509 0.23333335 4.0 4.0 4.0 4.0 0.0 0.192 1 TOUCH_UP Space
1401622374063 6 4098 290.0 1138.4509 0.20000002 4.0 4.0 4.0 4.0 0.0 0.20400001 0 TOUCH_DOWN c
1401622374082 6 4098 290.0 1138.4509 0.20000002 4.0 4.0 4.0 4.0 0.0 0.208 2 TOUCH_MOVE c
1401622374137 6 4098 288.49353 1139.622 0.20000002 4.0 4.0 4.0 4.0 0.0 0.192 2 TOUCH_MOVE c
1401622374141 6 4098 288.0 1139.9509 0.20000002 4.0 4.0 4.0 4.0 0.0 0.17600001 2 TOUCH_MOVE c
1401622374145 6 4098 288.0 1139.9509 0.20000002 4.0 4.0 4.0 4.0 0.0 0.17600001 1 TOUCH_UP c
1401622374273 6 4098 429.5 995.951 0.3 5.0 5.0 5.0 5.0 0.0 0.216 0 TOUCH_DOWN h
1401622374331 6 4098 429.5 995.951 0.3 5.0 5.0 5.0 5.0 0.0 0.216 1 TOUCH_UP h
1401622374780 6 4098 182.0 853.451 0.23333335 4.0 4.0 4.0 4.0 0.0 0.22000001 0 TOUCH_DOWN e
1401622374794 6 4098 182.0 853.451 0.23333335 4.0 4.0 4.0 4.0 0.0 0.216 2 TOUCH_MOVE e
1401622374818 6 4098 182.5 853.451 0.23333335 4.0 4.0 4.0 4.0 0.0 0.21200001 2 TOUCH_MOVE e
1401622374833 6 4098 182.5 853.451 0.13333334 2.0 2.0 2.0 2.0 0.0 0.112 2 TOUCH_MOVE e
1401622374839 6 4098 182.5 853.451 0.13333334 2.0 2.0 2.0 2.0 0.0 0.112 1 TOUCH_UP e
1401622375043 6 4098 345.0 854.951 0.23333335 4.0 4.0 4.0 4.0 0.0 0.22000001 0 TOUCH_DOWN t
1401622375050 6 4098 345.0 854.951 0.3 5.0 5.0 5.0 5.0 0.0 0.23200001 2 TOUCH_MOVE t
1401622375084 6 4098 346.25 854.951 0.26666668 4.0 4.0 4.0 4.0 0.0 0.23600002 2 TOUCH_MOVE t
1401622375116 6 4098 346.0 854.951 0.20000002 4.0 4.0 4.0 4.0 0.0 0.19600001 2 TOUCH_MOVE t
1401622375122 6 4098 346.0 854.951 0.20000002 4.0 4.0 4.0 4.0 0.0 0.19600001 1 TOUCH_UP t
1401622375799 6 4098 278.0 1139.4509 0.23333335 4.0 4.0 4.0 4.0 0.0 0.21200001 0 TOUCH_DOWN c
1401622375817 6 4098 278.35464 1139.4509 0.3 5.0 5.0 5.0 5.0 0.0 0.22000001 2 TOUCH_MOVE c
1401622375834 6 4098 279.1105 1139.4509 0.26666668 4.0 4.0 4.0 4.0 0.0 0.23600002 2 TOUCH_MOVE c
1401622375867 6 4098 279.0 1139.4509 0.23333335 4.0 4.0 4.0 4.0 0.0 0.208 2 TOUCH_MOVE c
1401622375889 6 4098 279.0 1139.4509 0.20000002 4.0 4.0 4.0 4.0 0.0 0.18 2 TOUCH_MOVE c
1401622375894 6 4098 279.0 1139.4509 0.20000002 4.0 4.0 4.0 4.0 0.0 0.18 1 TOUCH_UP c
1401622376081 6 4098 427.5 980.951 0.23333335 4.0 4.0 4.0 4.0 0.0 0.21200001 0 TOUCH_DOWN h
1401622376117 6 4098 427.5 980.951 0.23333335 5.0 5.0 5.0 5.0 0.0 0.156 2 TOUCH_MOVE h
1401622376126 6 4098 427.5 980.951 0.23333335 5.0 5.0 5.0 5.0 0.0 0.156 1 TOUCH_UP h
1401622376983 6 4098 680.5 1088.9509 0.23333335 4.0 4.0 4.0 4.0 0.0 0.19600001 0 TOUCH_DOWN Back
1401622377008 6 4098 677.9117 1092.3922 0.3 5.0 5.0 5.0 5.0 0.0 0.22000001 2 TOUCH_MOVE Back
1401622377041 6 4098 672.5 1095.9867 0.26666668 5.0 5.0 5.0 5.0 0.0 0.2 2 TOUCH_MOVE Back
1401622377049 6 4098 672.5 1096.4509 0.26666668 5.0 5.0 5.0 5.0 0.0 0.148 2 TOUCH_MOVE Back
1401622377054 6 4098 672.5 1096.4509 0.26666668 5.0 5.0 5.0 5.0 0.0 0.148 1 TOUCH_UP Back
1401622377124 6 4098 674.5 1095.4509 0.26666668 4.0 4.0 4.0 4.0 0.0 0.208 0 TOUCH_DOWN Back
1401622377137 6 4098 674.5 1095.4509 0.3 5.0 5.0 5.0 5.0 0.0 0.21200001 2 TOUCH_MOVE Back
1401622377151 6 4098 674.1657 1096.2852 0.3 5.0 5.0 5.0 5.0 0.0 0.216 2 TOUCH_MOVE Back
1401622377168 6 4098 673.7004 1097.2505 0.3 5.0 5.0 5.0 5.0 0.0 0.22000001 2 TOUCH_MOVE Back
1401622377185 6 4098 673.25 1097.7009 0.3 5.0 5.0 5.0 5.0 0.0 0.22000001 2 TOUCH_MOVE Back
1401622377210 6 4098 673.25 1097.7009 0.3 5.0 5.0 5.0 5.0 0.0 0.22000001 1 TOUCH_UP Back
1401622377281 6 4098 664.5 1099.4509 0.3 5.0 5.0 5.0 5.0 0.0 0.19600001 0 TOUCH_DOWN Back
1401622377286 6 4098 664.5 1099.4509 0.3 5.0 5.0 5.0 5.0 0.0 0.2 2 TOUCH_MOVE Back
1401622377301 6 4098 664.5 1099.9554 0.3 5.0 5.0 5.0 5.0 0.0 0.20400001 2 TOUCH_MOVE Back
1401622377319 6 4098 664.5 1100.8518 0.3 5.0 5.0 5.0 5.0 0.0 0.20400001 2 TOUCH_MOVE Back
1401622377339 6 4098 664.5 1100.9509 0.3 5.0 5.0 5.0 5.0 0.0 0.192 2 TOUCH_MOVE Back
1401622377343 6 4098 664.5 1100.9509 0.3 5.0 5.0 5.0 5.0 0.0 0.192 1 TOUCH_UP Back
1401622378371 6 4098 317.5 844.451 0.26666668 4.0 4.0 4.0 4.0 0.0 0.208 0 TOUCH_DOWN t
1401622378404 6 4098 317.5 842.8018 0.26666668 4.0 4.0 4.0 4.0 0.0 0.22000001 2 TOUCH_MOVE t
1401622378436 6 4098 317.5 843.46783 0.23333335 4.0 4.0 4.0 4.0 0.0 0.20400001 2 TOUCH_MOVE t
1401622378451 6 4098 317.0 845.451 0.20000002 4.0 4.0 4.0 4.0 0.0 0.18400002 2 TOUCH_MOVE t
1401622378455 6 4098 317.0 845.451 0.20000002 4.0 4.0 4.0 4.0 0.0 0.18400002 1 TOUCH_UP t
1401622378577 6 4098 394.5 1212.9509 0.26666668 5.0 5.0 5.0 5.0 0.0 0.21200001 0 TOUCH_DOWN ,
1401622378587 6 4098 394.5 1213.1846 0.26666668 5.0 5.0 5.0 5.0 0.0 0.22000001 2 TOUCH_MOVE ,
1401622378605 6 4098 394.3237 1214.1272 0.26666668 5.0 5.0 5.0 5.0 0.0 0.22000001 2 TOUCH_MOVE ,
1401622378620 6 4098 394.0 1215.6105 0.26666668 5.0 5.0 5.0 5.0 0.0 0.21200001 2 TOUCH_MOVE ,
1401622378636 6 4098 394.0 1216.5858 0.23333335 4.0 4.0 4.0 4.0 0.0 0.18400002 2 TOUCH_MOVE ,
1401622378645 6 4098 394.0 1216.5858 0.23333335 4.0 4.0 4.0 4.0 0.0 0.18400002 1 TOUCH_UP ,
1401622378840 6 4098 281.0 1133.4509 0.26666668 5.0 5.0 5.0 5.0 0.0 0.19600001 0 TOUCH_DOWN c
1401622378853 6 4098 281.0 1133.4509 0.23333335 4.0 4.0 4.0 4.0 0.0 0.19600001 2 TOUCH_MOVE c
1401622378883 6 4098 279.8717 1131.6943 0.26666668 4.0 4.0 4.0 4.0 0.0 0.216 2 TOUCH_MOVE c
1401622378903 6 4098 278.43896 1129.4509 0.26666668 5.0 5.0 5.0 5.0 0.0 0.2 2 TOUCH_MOVE c
1401622378936 6 4098 278.43896 1129.4509 0.26666668 5.0 5.0 5.0 5.0 0.0 0.2 1 TOUCH_UP c
1401622379092 6 4098 452.0 976.451 0.26666668 5.0 5.0 5.0 5.0 0.0 0.2 0 TOUCH_DOWN h
1401622379103 6 4098 452.0 976.451 0.26666668 5.0 5.0 5.0 5.0 0.0 0.20400001 2 TOUCH_MOVE h
1401622379120 6 4098 450.91022 976.451 0.26666668 5.0 5.0 5.0 5.0 0.0 0.20400001 2 TOUCH_MOVE h
1401622379137 6 4098 449.95862 976.451 0.23333335 5.0 5.0 5.0 5.0 0.0 0.2 2 TOUCH_MOVE h
1401622379153 6 4098 450.51184 976.451 0.20000002 4.0 4.0 4.0 4.0 0.0 0.18 2 TOUCH_MOVE h
1401622379162 6 4098 450.51184 976.451 0.20000002 4.0 4.0 4.0 4.0 0.0 0.18 1 TOUCH_UP h
1401622379957 6 4098 686.0 1081.4509 0.20000002 4.0 4.0 4.0 4.0 0.0 0.2 0 TOUCH_DOWN Back
1401622379984 6 4098 685.3187 1081.4509 0.20000002 4.0 4.0 4.0 4.0 0.0 0.20400001 2 TOUCH_MOVE Back
1401622380014 6 4098 680.81305 1083.1378 0.26666668 5.0 5.0 5.0 5.0 0.0 0.21200001 2 TOUCH_MOVE Back
1401622380022 6 4098 680.5 1083.9906 0.23333335 4.0 4.0 4.0 4.0 0.0 0.208 2 TOUCH_MOVE Back
1401622380043 6 4098 680.5 1083.9906 0.23333335 4.0 4.0 4.0 4.0 0.0 0.208 1 TOUCH_UP Back
1401622380125 6 4098 676.0 1088.4509 0.23333335 4.0 4.0 4.0 4.0 0.0 0.208 0 TOUCH_DOWN Back
1401622380137 6 4098 676.0 1088.4509 0.23333335 4.0 4.0 4.0 4.0 0.0 0.21200001 2 TOUCH_MOVE Back
1401622380155 6 4098 676.0 1089.3118 0.26666668 5.0 5.0 5.0 5.0 0.0 0.22000001 2 TOUCH_MOVE Back
1401622380171 6 4098 676.0 1090.278 0.26666668 5.0 5.0 5.0 5.0 0.0 0.216 2 TOUCH_MOVE Back
1401622380187 6 4098 676.0 1090.7009 0.26666668 5.0 5.0 5.0 5.0 0.0 0.216 2 TOUCH_MOVE Back
1401622380205 6 4098 676.0 1090.7009 0.26666668 5.0 5.0 5.0 5.0 0.0 0.216 1 TOUCH_UP Back
1401622380280 6 4098 678.5 1085.9509 0.20000002 4.0 4.0 4.0 4.0 0.0 0.20400001 0 TOUCH_DOWN Back
1401622380296 6 4098 678.5 1086.3066 0.23333335 4.0 4.0 4.0 4.0 0.0 0.21200001 2 TOUCH_MOVE Back
1401622380310 6 4098 678.5 1086.6042 0.26666668 5.0 5.0 5.0 5.0 0.0 0.22000001 2 TOUCH_MOVE Back
1401622380346 6 4098 678.5 1086.4509 0.20000002 4.0 4.0 4.0 4.0 0.0 0.156 2 TOUCH_MOVE Back
1401622380349 6 4098 678.5 1086.4509 0.20000002 4.0 4.0 4.0 4.0 0.0 0.156 1 TOUCH_UP Back
1401622380838 6 4098 383.5 1207.4509 0.26666668 5.0 5.0 5.0 5.0 0.0 0.2 0 TOUCH_DOWN Space
1401622380890 6 4098 383.0 1207.9509 0.26666668 5.0 5.0 5.0 5.0 0.0 0.156 2 TOUCH_MOVE Space
1401622380906 6 4098 383.0 1207.9509 0.26666668 5.0 5.0 5.0 5.0 0.0 0.156 1 TOUCH_UP Space
1401622381142 6 4098 272.5 1110.9509 0.33333334 5.0 5.0 5.0 5.0 0.0 0.2 0 TOUCH_DOWN c
1401622381172 6 4098 272.5 1111.6179 0.33333334 5.0 5.0 5.0 5.0 0.0 0.19600001 2 TOUCH_MOVE c
1401622381189 6 4098 271.89938 1113.1522 0.3 5.0 5.0 5.0 5.0 0.0 0.192 2 TOUCH_MOVE c
1401622381212 6 4098 271.5 1116.3436 0.26666668 4.0 4.0 4.0 4.0 0.0 0.17600001 2 TOUCH_MOVE c
1401622381218 6 4098 271.5 1117.9509 0.26666668 5.0 5.0 5.0 5.0 0.0 0.14400001 2 TOUCH_MOVE c
1401622381223 6 4098 271.5 1117.9509 0.26666668 5.0 5.0 5.0 5.0 0.0 0.14400001 1 TOUCH_UP c
1401622381398 6 4098 447.5 953.951 0.3 5.0 5.0 5.0 5.0 0.0 0.22000001 0 TOUCH_DOWN h
1401622381407 6 4098 447.5 953.951 0.3 5.0 5.0 5.0 5.0 0.0 0.23200001 2 TOUCH_MOVE h
1401622381453 6 4098 447.5 953.951 0.26666668 5.0 5.0 5.0 5.0 0.0 0.18400002 2 TOUCH_MOVE h
1401622381468 6 4098 447.5 953.951 0.26666668 5.0 5.0 5.0 5.0 0.0 0.18400002 1 TOUCH_UP h
1401622381654 6 4098 582.0 863.951 0.13333334 2.0 2.0 2.0 2.0 0.0 0.18400002 0 TOUCH_DOWN o
1401622381658 6 4098 582.0 863.951 0.16666667 3.0 3.0 3.0 3.0 0.0 0.19600001 2 TOUCH_MOVE o
1401622381672 6 4098 582.0 864.5032 0.16666667 3.0 3.0 3.0 3.0 0.0 0.2 2 TOUCH_MOVE o
1401622381689 6 4098 583.0584 865.5094 0.16666667 3.0 3.0 3.0 3.0 0.0 0.18800001 2 TOUCH_MOVE o
1401622381707 6 4098 583.5 866.47705 0.16666667 3.0 3.0 3.0 3.0 0.0 0.112 2 TOUCH_MOVE o
1401622381714 6 4098 583.5 866.47705 0.16666667 3.0 3.0 3.0 3.0 0.0 0.112 1 TOUCH_UP o
1401622382025 6 4098 354.0 1233.9509 0.23333335 4.0 4.0 4.0 4.0 0.0 0.20400001 0 TOUCH_DOWN Space
1401622382048 6 4098 354.0 1233.5585 0.23333335 4.0 4.0 4.0 4.0 0.0 0.208 2 TOUCH_MOVE Space
1401622382056 6 4098 354.0 1232.6901 0.23333335 4.0 4.0 4.0 4.0 0.0 0.224 2 TOUCH_MOVE Space
1401622382072 6 4098 354.0 1231.7268 0.23333335 4.0 4.0 4.0 4.0 0.0 0.216 2 TOUCH_MOVE Space
1401622382090 6 4098 354.0 1230.7603 0.20000002 3.0 3.0 3.0 3.0 0.0 0.18800001 2 TOUCH_MOVE Space
1401622382095 6 4098 354.0 1230.7603 0.20000002 3.0 3.0 3.0 3.0 0.0 0.18800001 1 TOUCH_UP Space
1401622382473 6 4098 31.0 840.451 0.16666667 4.0 4.0 4.0 4.0 0.0 0.18400002 0 TOUCH_DOWN q
1401622382495 6 4098 31.407574 840.0434 0.16666667 4.0 4.0 4.0 4.0 0.0 0.18800001 2 TOUCH_MOVE q
1401622382506 6 4098 32.590733 839.15564 0.20000002 4.0 4.0 4.0 4.0 0.0 0.192 2 TOUCH_MOVE q
1401622382523 6 4098 34.523582 838.951 0.20000002 4.0 4.0 4.0 4.0 0.0 0.18800001 2 TOUCH_MOVE q
1401622382541 6 4098 35.096825 839.74146 0.20000002 4.0 4.0 4.0 4.0 0.0 0.18 2 TOUCH_MOVE q
1401622382556 6 4098 35.5 840.951 0.10000001 2.0 2.0 2.0 2.0 0.0 0.104 2 TOUCH_MOVE q
1401622382562 6 4098 35.5 840.951 0.10000001 2.0 2.0 2.0 2.0 0.0 0.104 1 TOUCH_UP q
1401622382756 6 4098 489.5 870.451 0.26666668 4.0 4.0 4.0 4.0 0.0 0.216 0 TOUCH_DOWN u
1401622382774 6 4098 489.5 870.451 0.26666668 4.0 4.0 4.0 4.0 0.0 0.22000001 2 TOUCH_MOVE u
1401622382806 6 4098 488.852 871.599 0.26666668 4.0 4.0 4.0 4.0 0.0 0.22800002 2 TOUCH_MOVE u
1401622382823 6 4098 489.0 872.56006 0.26666668 4.0 4.0 4.0 4.0 0.0 0.19600001 2 TOUCH_MOVE u
1401622382840 6 4098 489.0 872.951 0.26666668 5.0 5.0 5.0 5.0 0.0 0.14400001 2 TOUCH_MOVE u
1401622382844 6 4098 489.0 872.951 0.26666668 5.0 5.0 5.0 5.0 0.0 0.14400001 1 TOUCH_UP u
1401622383085 6 4098 182.5 852.451 0.23333335 4.0 4.0 4.0 4.0 0.0 0.216 0 TOUCH_DOWN e
1401622383090 6 4098 182.5 852.451 0.23333335 4.0 4.0 4.0 4.0 0.0 0.208 2 TOUCH_MOVE e
1401622383158 6 4098 181.60681 851.451 0.23333335 4.0 4.0 4.0 4.0 0.0 0.192 2 TOUCH_MOVE e
1401622383173 6 4098 181.5 851.451 0.16666667 3.0 3.0 3.0 3.0 0.0 0.1 2 TOUCH_MOVE e
1401622383180 6 4098 181.5 851.451 0.16666667 3.0 3.0 3.0 3.0 0.0 0.1 1 TOUCH_UP e
1401622384001 6 4098 426.0 988.951 0.26666668 4.0 4.0 4.0 4.0 0.0 0.21200001 0 TOUCH_DOWN h
1401622384029 6 4098 427.02185 988.951 0.33333334 5.0 5.0 5.0 5.0 0.0 0.23200001 2 TOUCH_MOVE h
1401622384050 6 4098 427.96945 988.951 0.33333334 5.0 5.0 5.0 5.0 0.0 0.23600002 2 TOUCH_MOVE h
1401622384058 6 4098 428.75 988.951 0.3 5.0 5.0 5.0 5.0 0.0 0.23200001 2 TOUCH_MOVE h
1401622384089 6 4098 428.5 988.951 0.26666668 4.0 4.0 4.0 4.0 0.0 0.192 2 TOUCH_MOVE h
1401622384093 6 4098 428.5 988.951 0.26666668 4.0 4.0 4.0 4.0 0.0 0.192 1 TOUCH_UP h
1401622384336 6 4098 493.0 858.451 0.23333335 5.0 5.0 5.0 5.0 0.0 0.21200001 0 TOUCH_DOWN u
1401622384345 6 4098 493.0 858.03357 0.20000002 4.0 4.0 4.0 4.0 0.0 0.216 2 TOUCH_MOVE u
1401622384365 6 4098 494.10486 856.8461 0.26666668 5.0 5.0 5.0 5.0 0.0 0.216 2 TOUCH_MOVE u
1401622384375 6 4098 501.46017 853.8863 0.20000002 4.0 4.0 4.0 4.0 0.0 0.20400001 2 TOUCH_MOVE u
1401622384390 6 4098 504.5 852.951 0.16666667 3.0 3.0 3.0 3.0 0.0 0.18800001 2 TOUCH_MOVE u
1401622384393 6 4098 504.5 852.951 0.16666667 3.0 3.0 3.0 3.0 0.0 0.18800001 1 TOUCH_UP u
1401622384542 6 4098 601.5 863.951 0.23333335 4.0 4.0 4.0 4.0 0.0 0.2 0 TOUCH_DOWN o
1401622384560 6 4098 601.5 863.951 0.23333335 4.0 4.0 4.0 4.0 0.0 0.208 2 TOUCH_MOVE o
1401622384592 6 4098 601.5 865.201 0.23333335 4.0 4.0 4.0 4.0 0.0 0.18800001 2 TOUCH_MOVE o
1401622384604 6 4098 601.5 865.201 0.23333335 4.0 4.0 4.0 4.0 0.0 0.18800001 1 TOUCH_UP o
1401622385296 6 4098 681.0 1082.4509 0.20000002 4.0 4.0 4.0 4.0 0.0 0.208 0 TOUCH_DOWN Back
1401622385309 6 4098 680.6353 1082.8156 0.23333335 5.0 5.0 5.0 5.0 0.0 0.216 2 TOUCH_MOVE Back
1401622385326 6 4098 679.65515 1083.6233 0.26666668 5.0 5.0 5.0 5.0 0.0 0.22000001 2 TOUCH_MOVE Back
1401622385342 6 4098 678.3243 1084.6267 0.23333335 4.0 4.0 4.0 4.0 0.0 0.216 2 TOUCH_MOVE Back
1401622385359 6 4098 677.9302 1084.4509 0.20000002 4.0 4.0 4.0 4.0 0.0 0.18800001 2 TOUCH_MOVE Back
1401622385366 6 4098 677.9302 1084.4509 0.20000002 4.0 4.0 4.0 4.0 0.0 0.18800001 1 TOUCH_UP Back
1401622385459 6 4098 658.5 1093.4509 0.23333335 4.0 4.0 4.0 4.0 0.0 0.208 0 TOUCH_DOWN Back
1401622385477 6 4098 658.11194 1094.339 0.3 5.0 5.0 5.0 5.0 0.0 0.22800002 2 TOUCH_MOVE Back
1401622385492 6 4098 658.0 1094.8673 0.3 5.0 5.0 5.0 5.0 0.0 0.224 2 TOUCH_MOVE Back
1401622385514 6 4098 658.0 1095.1772 0.3 5.0 5.0 5.0 5.0 0.0 0.224 2 TOUCH_MOVE Back
1401622385522 6 4098 658.0 1095.1772 0.3 5.0 5.0 5.0 5.0 0.0 0.224 1 TOUCH_UP Back
1401622385585 6 4098 658.5 1095.9509 0.3 5.0 5.0 5.0 5.0 0.0 0.216 0 TOUCH_DOWN Back
1401622385594 6 4098 658.5 1096.0878 0.3 5.0 5.0 5.0 5.0 0.0 0.224 2 TOUCH_MOVE Back
1401622385610 6 4098 657.89545 1097.0554 0.3 5.0 5.0 5.0 5.0 0.0 0.23600002 2 TOUCH_MOVE Back
1401622385628 6 4098 657.5 1098.0225 0.3 5.0 5.0 5.0 5.0 0.0 0.24000001 2 TOUCH_MOVE Back
1401622385643 6 4098 657.5 1098.9927 0.3 5.0 5.0 5.0 5.0 0.0 0.23200001 2 TOUCH_MOVE Back
1401622385668 6 4098 657.5 1098.9927 0.3 5.0 5.0 5.0 5.0 0.0 0.23200001 1 TOUCH_UP Back
1401622386581 6 4098 421.0 987.451 0.26666668 4.0 4.0 4.0 4.0 0.0 0.2 0 TOUCH_DOWN h
1401622386596 6 4098 421.0 987.451 0.26666668 4.0 4.0 4.0 4.0 0.0 0.21200001 2 TOUCH_MOVE h
1401622386610 6 4098 421.94415 987.89514 0.26666668 4.0 4.0 4.0 4.0 0.0 0.224 2 TOUCH_MOVE h
1401622386635 6 4098 422.5 988.3806 0.26666668 4.0 4.0 4.0 4.0 0.0 0.208 2 TOUCH_MOVE h
1401622386643 6 4098 422.1752 989.6006 0.3 5.0 5.0 5.0 5.0 0.0 0.2 2 TOUCH_MOVE h
1401622386653 6 4098 422.0 989.951 0.23333335 5.0 5.0 5.0 5.0 0.0 0.18 2 TOUCH_MOVE h
1401622386656 6 4098 422.0 989.951 0.23333335 5.0 5.0 5.0 5.0 0.0 0.18 1 TOUCH_UP h
1401622386912 6 4098 493.0 844.451 0.26666668 5.0 5.0 5.0 5.0 0.0 0.21200001 0 TOUCH_DOWN u
1401622386931 6 4098 493.0 844.451 0.3 5.0 5.0 5.0 5.0 0.0 0.216 2 TOUCH_MOVE u
1401622386961 6 4098 493.0 844.451 0.26666668 5.0 5.0 5.0 5.0 0.0 0.18400002 2 TOUCH_MOVE u
1401622386968 6 4098 493.0 844.451 0.26666668 5.0 5.0 5.0 5.0 0.0 0.18400002 1 TOUCH_UP u
1401622387691 6 4098 681.5 1099.4509 0.26666668 4.0 4.0 4.0 4.0 0.0 0.20400001 0 TOUCH_DOWN Back
1401622387715 6 4098 681.4255 1100.5254 0.26666668 4.0 4.0 4.0 4.0 0.0 0.208 2 TOUCH_MOVE Back
1401622387746 6 4098 681.0 1100.9509 0.26666668 4.0 4.0 4.0 4.0 0.0 0.208 2 TOUCH_MOVE Back
1401622387752 6 4098 681.0 1100.9509 0.26666668 4.0 4.0 4.0 4.0 0.0 0.208 1 TOUCH_UP Back
1401622387817 6 4098 668.5 1107.9509 0.33333334 5.0 5.0 5.0 5.0 0.0 0.216 0 TOUCH_DOWN Back
1401622387831 6 4098 668.5 1107.9509 0.33333334 5.0 5.0 5.0 5.0 0.0 0.22000001 2 TOUCH_MOVE Back
1401622387861 6 4098 667.1248 1108.4509 0.33333334 5.0 5.0 5.0 5.0 0.0 0.23600002 2 TOUCH_MOVE Back
1401622387879 6 4098 666.2899 1108.4509 0.33333334 5.0 5.0 5.0 5.0 0.0 0.22800002 2 TOUCH_MOVE Back
1401622387894 6 4098 666.0 1108.4509 0.3 5.0 5.0 5.0 5.0 0.0 0.192 2 TOUCH_MOVE Back
1401622387901 6 4098 666.0 1108.4509 0.3 5.0 5.0 5.0 5.0 0.0 0.192 1 TOUCH_UP Back
1401622388334 6 4098 372.5 1237.4509 0.26666668 5.0 5.0 5.0 5.0 0.0 0.208 0 TOUCH_DOWN Space
1401622388345 6 4098 372.5 1236.7781 0.23333335 4.0 4.0 4.0 4.0 0.0 0.216 2 TOUCH_MOVE Space
1401622388365 6 4098 372.5 1235.11 0.26666668 5.0 5.0 5.0 5.0 0.0 0.22000001 2 TOUCH_MOVE Space
1401622388381 6 4098 372.5 1233.2158 0.23333335 4.0 4.0 4.0 4.0 0.0 0.216 2 TOUCH_MOVE Space
1401622388397 6 4098 373.0 1232.9509 0.20000002 3.0 3.0 3.0 3.0 0.0 0.18400002 2 TOUCH_MOVE Space
1401622388402 6 4098 373.0 1232.9509 0.20000002 3.0 3.0 3.0 3.0 0.0 0.18400002 1 TOUCH_UP Space
1401622388796 6 4098 417.5 980.451 0.26666668 4.0 4.0 4.0 4.0 0.0 0.216 0 TOUCH_DOWN h
1401622388818 6 4098 417.5 980.451 0.26666668 4.0 4.0 4.0 4.0 0.0 0.224 2 TOUCH_MOVE h
1401622388845 6 4098 418.116 980.451 0.26666668 4.0 4.0 4.0 4.0 0.0 0.22800002 2 TOUCH_MOVE h
1401622388862 6 4098 417.4123 982.1264 0.26666668 4.0 4.0 4.0 4.0 0.0 0.2 2 TOUCH_MOVE h
1401622388878 6 4098 417.5 981.951 0.23333335 5.0 5.0 5.0 5.0 0.0 0.17600001 2 TOUCH_MOVE h
1401622388883 6 4098 417.5 981.951 0.23333335 5.0 5.0 5.0 5.0 0.0 0.17600001 1 TOUCH_UP h
1401622389122 6 4098 484.5 854.951 0.20000002 4.0 4.0 4.0 4.0 0.0 0.20400001 0 TOUCH_DOWN u
1401622389129 6 4098 484.5 854.951 0.23333335 4.0 4.0 4.0 4.0 0.0 0.22000001 2 TOUCH_MOVE u
1401622389162 6 4098 483.88757 854.33856 0.26666668 5.0 5.0 5.0 5.0 0.0 0.224 2 TOUCH_MOVE u
1401622389196 6 4098 484.0 854.451 0.20000002 4.0 4.0 4.0 4.0 0.0 0.18 2 TOUCH_MOVE u
1401622389200 6 4098 484.0 854.451 0.20000002 4.0 4.0 4.0 4.0 0.0 0.18 1 TOUCH_UP u
1401622389353 6 4098 596.0 867.451 0.23333335 4.0 4.0 4.0 4.0 0.0 0.19600001 0 TOUCH_DOWN o
1401622389362 6 4098 596.0 867.451 0.26666668 4.0 4.0 4.0 4.0 0.0 0.20400001 2 TOUCH_MOVE o
1401622389384 6 4098 596.9826 868.9162 0.26666668 4.0 4.0 4.0 4.0 0.0 0.20400001 2 TOUCH_MOVE o
1401622389396 6 4098 597.0546 873.56854 0.26666668 4.0 4.0 4.0 4.0 0.0 0.192 2 TOUCH_MOVE o
1401622389404 6 4098 597.0 873.951 0.26666668 5.0 5.0 5.0 5.0 0.0 0.18 2 TOUCH_MOVE o
1401622389409 6 4098 597.0 873.951 0.26666668 5.0 5.0 5.0 5.0 0.0 0.18 1 TOUCH_UP o
1401622389688 6 4098 505.5 1104.4509 0.3 5.0 5.0 5.0 5.0 0.0 0.22000001 0 TOUCH_DOWN n
1401622389746 6 4098 505.5 1104.4509 0.33333334 5.0 5.0 5.0 5.0 0.0 0.18400002 2 TOUCH_MOVE n
1401622389752 6 4098 505.5 1104.4509 0.33333334 5.0 5.0 5.0 5.0 0.0 0.18400002 1 TOUCH_UP n
1401622389873 6 4098 349.5 972.451 0.20000002 4.0 4.0 4.0 4.0 0.0 0.2 0 TOUCH_DOWN g
1401622389880 6 4098 349.5 972.451 0.16666667 3.0 3.0 3.0 3.0 0.0 0.19600001 2 TOUCH_MOVE g
1401622389930 6 4098 350.2943 973.2453 0.23333335 4.0 4.0 4.0 4.0 0.0 0.21200001 2 TOUCH_MOVE g
1401622389946 6 4098 351.0 974.451 0.23333335 4.0 4.0 4.0 4.0 0.0 0.2 2 TOUCH_MOVE g
1401622389957 6 4098 351.0 974.451 0.13333334 2.0 2.0 2.0 2.0 0.0 0.16000001 2 TOUCH_MOVE g
1401622389961 6 4098 351.0 974.451 0.13333334 2.0 2.0 2.0 2.0 0.0 0.16000001 1 TOUCH_UP g
1401622390742 6 4098 322.0 856.951 0.20000002 4.0 4.0 4.0 4.0 0.0 0.2 0 TOUCH_DOWN t
1401622390747 6 4098 322.0 856.951 0.23333335 5.0 5.0 5.0 5.0 0.0 0.20400001 2 TOUCH_MOVE t
1401622390814 6 4098 321.0 856.951 0.20000002 4.0 4.0 4.0 4.0 0.0 0.192 2 TOUCH_MOVE t
1401622390823 6 4098 321.0 856.951 0.16666667 3.0 3.0 3.0 3.0 0.0 0.120000005 2 TOUCH_MOVE t
1401622390827 6 4098 321.0 856.951 0.16666667 3.0 3.0 3.0 3.0 0.0 0.120000005 1 TOUCH_UP t
1401622391034 6 4098 606.0 869.951 0.23333335 4.0 4.0 4.0 4.0 0.0 0.208 0 TOUCH_DOWN o
1401622391047 6 4098 606.0 869.951 0.23333335 4.0 4.0 4.0 4.0 0.0 0.21200001 2 TOUCH_MOVE o
1401622391083 6 4098 605.5 865.451 0.23333335 5.0 5.0 5.0 5.0 0.0 0.18400002 2 TOUCH_MOVE o
1401622391093 6 4098 605.5 865.451 0.23333335 5.0 5.0 5.0 5.0 0.0 0.18400002 1 TOUCH_UP o
1401622391177 6 4098 555.5 838.951 0.3 5.0 5.0 5.0 5.0 0.0 0.224 0 TOUCH_DOWN i
1401622391184 6 4098 555.5 838.951 0.3 5.0 5.0 5.0 5.0 0.0 0.22800002 2 TOUCH_MOVE i
1401622391232 6 4098 554.9078 838.951 0.3 5.0 5.0 5.0 5.0 0.0 0.24000001 2 TOUCH_MOVE i
1401622391247 6 4098 555.0 838.951 0.3 5.0 5.0 5.0 5.0 0.0 0.216 2 TOUCH_MOVE i
1401622391268 6 4098 555.0 838.951 0.26666668 5.0 5.0 5.0 5.0 0.0 0.18 2 TOUCH_MOVE i
1401622391272 6 4098 555.0 838.951 0.26666668 5.0 5.0 5.0 5.0 0.0 0.18 1 TOUCH_UP i
1401622391876 6 4098 671.5 1122.4509 0.3 5.0 5.0 5.0 5.0 0.0 0.19600001 0 TOUCH_DOWN Back
1401622391881 6 4098 671.5 1122.4509 0.3 5.0 5.0 5.0 5.0 0.0 0.2 2 TOUCH_MOVE Back
1401622391915 6 4098 670.9857 1120.9224 0.33333334 5.0 5.0 5.0 5.0 0.0 0.18 2 TOUCH_MOVE Back
1401622391941 6 4098 670.9857 1120.9224 0.33333334 5.0 5.0 5.0 5.0 0.0 0.18 1 TOUCH_UP Back
1401622392023 6 4098 655.5 1114.9509 0.3 5.0 5.0 5.0 5.0 0.0 0.2 0 TOUCH_DOWN Back
1401622392032 6 4098 655.5 1114.9509 0.3 5.0 5.0 5.0 5.0 0.0 0.20400001 2 TOUCH_MOVE Back
1401622392084 6 4098 656.0922 1114.9509 0.3 5.0 5.0 5.0 5.0 0.0 0.192 2 TOUCH_MOVE Back
1401622392093 6 4098 656.0922 1114.9509 0.3 5.0 5.0 5.0 5.0 0.0 0.192 1 TOUCH_UP Back
1401622392331 6 4098 646.0 1095.4509 0.23333335 4.0 4.0 4.0 4.0 0.0 0.2 0 TOUCH_DOWN Back
1401622392336 6 4098 646.0 1095.4509 0.23333335 4.0 4.0 4.0 4.0 0.0 0.208 2 TOUCH_MOVE Back
1401622392365 6 4098 646.0 1096.9856 0.26666668 4.0 4.0 4.0 4.0 0.0 0.208 2 TOUCH_MOVE Back
1401622392383 6 4098 647.01074 1097.9617 0.26666668 4.0 4.0 4.0 4.0 0.0 0.19600001 2 TOUCH_MOVE Back
1401622392397 6 4098 647.0 1098.4509 0.20000002 4.0 4.0 4.0 4.0 0.0 0.17600001 2 TOUCH_MOVE Back
1401622392401 6 4098 647.0 1098.4509 0.20000002 4.0 4.0 4.0 4.0 0.0 0.17600001 1 TOUCH_UP Back
1401622392797 6 4098 336.5 1226.9509 0.26666668 5.0 5.0 5.0 5.0 0.0 0.21200001 0 TOUCH_DOWN Space
1401622392814 6 4098 336.5 1226.9509 0.26666668 5.0 5.0 5.0 5.0 0.0 0.216 2 TOUCH_MOVE Space
1401622392867 6 4098 336.5 1226.9509 0.26666668 5.0 5.0 5.0 5.0 0.0 0.164 2 TOUCH_MOVE Space
1401622392871 6 4098 336.5 1226.9509 0.26666668 5.0 5.0 5.0 5.0 0.0 0.164 1 TOUCH_UP Space
1401622393142 6 4098 341.5 856.951 0.20000002 4.0 4.0 4.0 4.0 0.0 0.20400001 0 TOUCH_DOWN t
1401622393183 6 4098 341.5 856.951 0.20000002 4.0 4.0 4.0 4.0 0.0 0.18 2 TOUCH_MOVE t
1401622393189 6 4098 341.5 856.951 0.20000002 4.0 4.0 4.0 4.0 0.0 0.18 1 TOUCH_UP t
1401622393447 6 4098 598.5 862.451 0.23333335 4.0 4.0 4.0 4.0 0.0 0.208 0 TOUCH_DOWN o
1401622393453 6 4098 598.5 862.451 0.23333335 4.0 4.0 4.0 4.0 0.0 0.22000001 2 TOUCH_MOVE o
1401622393483 6 4098 595.1225 864.6398 0.3 5.0 5.0 5.0 5.0 0.0 0.23200001 2 TOUCH_MOVE o
1401622393500 6 4098 593.86865 865.58234 0.3 5.0 5.0 5.0 5.0 0.0 0.23600002 2 TOUCH_MOVE o
1401622393540 6 4098 593.86865 865.58234 0.3 5.0 5.0 5.0 5.0 0.0 0.23600002 1 TOUCH_UP o
1401622393619 6 4098 546.0 867.951 0.3 5.0 5.0 5.0 5.0 0.0 0.23200001 0 TOUCH_DOWN i
1401622393667 6 4098 547.2442 867.951 0.3 5.0 5.0 5.0 5.0 0.0 0.24800001 2 TOUCH_MOVE i
1401622393686 6 4098 548.0 867.951 0.3 5.0 5.0 5.0 5.0 0.0 0.224 2 TOUCH_MOVE i
1401622393695 6 4098 548.0 867.951 0.26666668 5.0 5.0 5.0 5.0 0.0 0.18 2 TOUCH_MOVE i
1401622393700 6 4098 548.0 867.951 0.26666668 5.0 5.0 5.0 5.0 0.0 0.18 1 TOUCH_UP i
