1401623394250 6 4098 495.0 1095.9509 0.26666668 4.0 4.0 4.0 4.0 0.0 0.20400001 0 TOUCH_DOWN N
1401623394270 6 4098 495.0 1096.7875 0.3 5.0 5.0 5.0 5.0 0.0 0.216 2 TOUCH_MOVE N
1401623394280 6 4098 495.0 1097.7471 0.26666668 4.0 4.0 4.0 4.0 0.0 0.216 2 TOUCH_MOVE N
1401623394296 6 4098 495.0 1098.7163 0.3 5.0 5.0 5.0 5.0 0.0 0.21200001 2 TOUCH_MOVE N
1401623394314 6 4098 495.0 1099.2009 0.3 5.0 5.0 5.0 5.0 0.0 0.208 2 TOUCH_MOVE N
1401623394335 6 4098 495.0 1099.2009 0.3 5.0 5.0 5.0 5.0 0.0 0.208 1 TOUCH_UP N
1401623394602 6 4098 180.5 843.951 0.26666668 4.0 4.0 4.0 4.0 0.0 0.208 0 TOUCH_DOWN e
1401623394613 6 4098 180.5 843.951 0.26666668 4.0 4.0 4.0 4.0 0.0 0.216 2 TOUCH_MOVE e
1401623394647 6 4098 180.5 841.9331 0.3 5.0 5.0 5.0 5.0 0.0 0.24000001 2 TOUCH_MOVE e
1401623394663 6 4098 179.75 841.201 0.3 5.0 5.0 5.0 5.0 0.0 0.24000001 2 TOUCH_MOVE e
1401623394697 6 4098 179.0 841.951 0.23333335 4.0 4.0 4.0 4.0 0.0 0.19600001 2 TOUCH_MOVE e
1401623394705 6 4098 179.0 841.951 0.16666667 3.0 3.0 3.0 3.0 0.0 0.112 2 TOUCH_MOVE e
1401623394709 6 4098 179.0 841.951 0.16666667 3.0 3.0 3.0 3.0 0.0 0.112 1 TOUCH_UP e
1401623394990 6 4098 488.0 860.451 0.20000002 4.0 4.0 4.0 4.0 0.0 0.20400001 0 TOUCH_DOWN u
1401623394997 6 4098 488.0 860.451 0.26666668 5.0 5.0 5.0 5.0 0.0 0.216 2 TOUCH_MOVE u
1401623395040 6 4098 488.0 860.451 0.26666668 5.0 5.0 5.0 5.0 0.0 0.216 1 TOUCH_UP u
1401623395358 6 4098 313.5 1205.4509 0.23333335 4.0 4.0 4.0 4.0 0.0 0.21200001 0 TOUCH_DOWN Space
1401623395364 6 4098 313.5 1205.9491 0.23333335 4.0 4.0 4.0 4.0 0.0 0.22000001 2 TOUCH_MOVE Space
1401623395412 6 4098 313.5 1207.8795 0.23333335 4.0 4.0 4.0 4.0 0.0 0.22000001 2 TOUCH_MOVE Space
1401623395416 6 4098 313.5 1208.4509 0.20000002 3.0 3.0 3.0 3.0 0.0 0.132 2 TOUCH_MOVE Space
1401623395419 6 4098 313.5 1208.4509 0.20000002 3.0 3.0 3.0 3.0 0.0 0.132 1 TOUCH_UP Space
1401623396124 6 4098 669.5 975.451 0.26666668 5.0 5.0 5.0 5.0 0.0 0.192 0 TOUCH_DOWN l
1401623396131 6 4098 669.5 975.451 0.26666668 5.0 5.0 5.0 5.0 0.0 0.19600001 2 TOUCH_MOVE l
1401623396165 6 4098 668.75 975.951 0.26666668 5.0 5.0 5.0 5.0 0.0 0.18400002 2 TOUCH_MOVE l
1401623396169 6 4098 668.75 975.951 0.26666668 5.0 5.0 5.0 5.0 0.0 0.18400002 1 TOUCH_UP l
1401623396397 6 4098 37.0 978.451 0.16666667 3.0 3.0 3.0 3.0 0.0 0.18 0 TOUCH_DOWN a
1401623396432 6 4098 38.949173 977.7264 0.20000002 3.0 3.0 3.0 3.0 0.0 0.18800001 2 TOUCH_MOVE a
1401623396449 6 4098 40.162693 976.951 0.16666667 3.0 3.0 3.0 3.0 0.0 0.18400002 2 TOUCH_MOVE a
1401623396465 6 4098 41.175045 976.27594 0.16666667 3.0 3.0 3.0 3.0 0.0 0.18400002 2 TOUCH_MOVE a
1401623396484 6 4098 42.130608 976.451 0.20000002 3.0 3.0 3.0 3.0 0.0 0.128 2 TOUCH_MOVE a
1401623396493 6 4098 42.130608 976.451 0.20000002 3.0 3.0 3.0 3.0 0.0 0.128 1 TOUCH_UP a
1401623396872 6 4098 354.5 1241.4509 0.10000001 2.0 2.0 2.0 2.0 0.0 0.18 0 TOUCH_DOWN Space
1401623396883 6 4098 354.5 1241.0743 0.16666667 4.0 4.0 4.0 4.0 0.0 0.18400002 2 TOUCH_MOVE Space
1401623396908 6 4098 354.74496 1239.7059 0.16666667 3.0 3.0 3.0 3.0 0.0 0.18400002 2 TOUCH_MOVE Space
1401623396917 6 4098 355.0 1239.4509 0.13333334 2.0 2.0 2.0 2.0 0.0 0.17600001 2 TOUCH_MOVE Space
1401623396921 6 4098 355.0 1239.4509 0.13333334 2.0 2.0 2.0 2.0 0.0 0.17600001 1 TOUCH_UP Space
1401623397311 6 4098 279.5 1123.9509 0.26666668 4.0 4.0 4.0 4.0 0.0 0.20400001 0 TOUCH_DOWN c
1401623397316 6 4098 279.5 1123.9509 0.26666668 4.0 4.0 4.0 4.0 0.0 0.216 2 TOUCH_MOVE c
1401623397368 6 4098 278.3144 1123.9509 0.3 5.0 5.0 5.0 5.0 0.0 0.224 2 TOUCH_MOVE c
1401623397383 6 4098 276.5 1125.4509 0.26666668 5.0 5.0 5.0 5.0 0.0 0.18800001 2 TOUCH_MOVE c
1401623397393 6 4098 276.5 1125.4509 0.26666668 5.0 5.0 5.0 5.0 0.0 0.18800001 1 TOUCH_UP c
1401623397596 6 4098 437.5 969.951 0.20000002 4.0 4.0 4.0 4.0 0.0 0.208 0 TOUCH_DOWN h
1401623397604 6 4098 437.5 969.951 0.20000002 4.0 4.0 4.0 4.0 0.0 0.21200001 2 TOUCH_MOVE h
1401623397634 6 4098 435.82608 970.451 0.26666668 5.0 5.0 5.0 5.0 0.0 0.216 2 TOUCH_MOVE h
1401623397650 6 4098 435.25 970.451 0.23333335 4.0 4.0 4.0 4.0 0.0 0.216 2 TOUCH_MOVE h
1401623397665 6 4098 435.25 970.451 0.23333335 4.0 4.0 4.0 4.0 0.0 0.216 1 TOUCH_UP h
1401623397876 6 4098 534.0 862.451 0.13333334 2.0 2.0 2.0 2.0 0.0 0.18 0 TOUCH_DOWN i
1401623397916 6 4098 534.0 862.451 0.13333334 2.0 2.0 2.0 2.0 0.0 0.18 1 TOUCH_UP i
1401623398292 6 4098 580.5 1136.9509 0.13333334 2.0 2.0 2.0 2.0 0.0 0.16000001 0 TOUCH_DOWN m
1401623398321 6 4098 579.7684 1137.6826 0.13333334 2.0 2.0 2.0 2.0 0.0 0.16800001 2 TOUCH_MOVE m
1401623398335 6 4098 579.0 1138.4509 0.13333334 2.0 2.0 2.0 2.0 0.0 0.132 2 TOUCH_MOVE m
1401623398345 6 4098 579.0 1138.4509 0.13333334 2.0 2.0 2.0 2.0 0.0 0.104 2 TOUCH_MOVE m
1401623398350 6 4098 579.0 1138.4509 0.13333334 2.0 2.0 2.0 2.0 0.0 0.104 1 TOUCH_UP m
1401623398696 6 4098 342.5 1226.4509 0.23333335 4.0 4.0 4.0 4.0 0.0 0.20400001 0 TOUCH_DOWN Space
1401623398701 6 4098 342.5 1226.4509 0.23333335 4.0 4.0 4.0 4.0 0.0 0.208 2 TOUCH_MOVE Space
1401623398743 6 4098 342.5 1226.4509 0.20000002 3.0 3.0 3.0 3.0 0.0 0.17600001 2 TOUCH_MOVE Space
1401623398760 6 4098 342.5 1226.4509 0.20000002 3.0 3.0 3.0 3.0 0.0 0.17600001 1 TOUCH_UP Space
1401623399314 6 4098 330.5 854.951 0.23333335 5.0 5.0 5.0 5.0 0.0 0.192 0 TOUCH_DOWN t
1401623399336 6 4098 330.5 854.951 0.23333335 5.0 5.0 5.0 5.0 0.0 0.20400001 2 TOUCH_MOVE t
1401623399351 6 4098 331.01532 854.951 0.20000002 4.0 4.0 4.0 4.0 0.0 0.20400001 2 TOUCH_MOVE t
1401623399406 6 4098 331.01532 854.951 0.20000002 4.0 4.0 4.0 4.0 0.0 0.20400001 1 TOUCH_UP t
1401623399618 6 4098 607.5 858.951 0.20000002 4.0 4.0 4.0 4.0 0.0 0.19600001 0 TOUCH_DOWN o
1401623399638 6 4098 606.1781 858.54004 0.20000002 4.0 4.0 4.0 4.0 0.0 0.2 2 TOUCH_MOVE o
1401623399652 6 4098 604.21063 857.5563 0.20000002 4.0 4.0 4.0 4.0 0.0 0.20400001 2 TOUCH_MOVE o
1401623399686 6 4098 599.25 854.201 0.16666667 3.0 3.0 3.0 3.0 0.0 0.14400001 2 TOUCH_MOVE o
1401623399694 6 4098 599.25 854.201 0.16666667 3.0 3.0 3.0 3.0 0.0 0.14400001 1 TOUCH_UP o
1401623399793 6 4098 549.5 855.951 0.23333335 5.0 5.0 5.0 5.0 0.0 0.2 0 TOUCH_DOWN i
1401623399835 6 4098 549.95996 856.41095 0.23333335 5.0 5.0 5.0 5.0 0.0 0.208 2 TOUCH_MOVE i
1401623399852 6 4098 550.5 856.951 0.23333335 5.0 5.0 5.0 5.0 0.0 0.192 2 TOUCH_MOVE i
1401623399859 6 4098 550.5 856.951 0.26666668 5.0 5.0 5.0 5.0 0.0 0.15200001 2 TOUCH_MOVE i
1401623399864 6 4098 550.5 856.951 0.26666668 5.0 5.0 5.0 5.0 0.0 0.15200001 1 TOUCH_UP i
1401623400232 6 4098 349.0 1224.9509 0.23333335 4.0 4.0 4.0 4.0 0.0 0.216 0 TOUCH_DOWN Space
1401623400238 6 4098 349.0 1224.9509 0.23333335 4.0 4.0 4.0 4.0 0.0 0.22000001 2 TOUCH_MOVE Space
1401623400287 6 4098 351.08902 1222.8619 0.23333335 4.0 4.0 4.0 4.0 0.0 0.22000001 2 TOUCH_MOVE Space
1401623400302 6 4098 355.9509 1219.4803 0.23333335 4.0 4.0 4.0 4.0 0.0 0.20400001 2 TOUCH_MOVE Space
1401623400309 6 4098 356.0 1219.4509 0.16666667 3.0 3.0 3.0 3.0 0.0 0.172 2 TOUCH_MOVE Space
1401623400312 6 4098 356.0 1219.4509 0.16666667 3.0 3.0 3.0 3.0 0.0 0.172 1 TOUCH_UP Space
1401623400620 6 4098 132.0 937.451 0.23333335 5.0 5.0 5.0 5.0 0.0 0.2 0 TOUCH_DOWN s
1401623400642 6 4098 132.75113 937.82654 0.23333335 5.0 5.0 5.0 5.0 0.0 0.20400001 2 TOUCH_MOVE s
1401623400652 6 4098 135.03227 938.7171 0.3 5.0 5.0 5.0 5.0 0.0 0.21200001 2 TOUCH_MOVE s
1401623400671 6 4098 137.0 940.1497 0.3 5.0 5.0 5.0 5.0 0.0 0.20400001 2 TOUCH_MOVE s
1401623400686 6 4098 137.0 940.9556 0.26666668 5.0 5.0 5.0 5.0 0.0 0.17600001 2 TOUCH_MOVE s
1401623400694 6 4098 137.0 940.9556 0.26666668 5.0 5.0 5.0 5.0 0.0 0.17600001 1 TOUCH_UP s
1401623400856 6 4098 158.5 848.451 0.26666668 5.0 5.0 5.0 5.0 0.0 0.20400001 0 TOUCH_DOWN e
1401623400869 6 4098 158.5 848.451 0.26666668 5.0 5.0 5.0 5.0 0.0 0.208 2 TOUCH_MOVE e
1401623400904 6 4098 158.5 847.8985 0.26666668 5.0 5.0 5.0 5.0 0.0 0.216 2 TOUCH_MOVE e
1401623400936 6 4098 158.5 847.951 0.23333335 5.0 5.0 5.0 5.0 0.0 0.18 2 TOUCH_MOVE e
1401623400943 6 4098 158.5 847.951 0.23333335 5.0 5.0 5.0 5.0 0.0 0.18 1 TOUCH_UP e
1401623401668 6 4098 650.5 994.451 0.26666668 5.0 5.0 5.0 5.0 0.0 0.18800001 0 TOUCH_DOWN l
1401623401671 6 4098 650.5 994.451 0.26666668 5.0 5.0 5.0 5.0 0.0 0.19600001 2 TOUCH_MOVE l
1401623401703 6 4098 651.0027 994.451 0.3 5.0 5.0 5.0 5.0 0.0 0.2 2 TOUCH_MOVE l
1401623401720 6 4098 651.99164 994.451 0.3 5.0 5.0 5.0 5.0 0.0 0.2 2 TOUCH_MOVE l
1401623401743 6 4098 652.0 994.951 0.26666668 5.0 5.0 5.0 5.0 0.0 0.17600001 2 TOUCH_MOVE l
1401623401747 6 4098 652.0 994.951 0.26666668 5.0 5.0 5.0 5.0 0.0 0.17600001 1 TOUCH_UP l
1401623401952 6 4098 66.5 998.951 0.26666668 5.0 5.0 5.0 5.0 0.0 0.18800001 0 TOUCH_DOWN a
1401623402033 6 4098 66.5 998.451 0.26666668 5.0 5.0 5.0 5.0 0.0 0.14400001 2 TOUCH_MOVE a
1401623402039 6 4098 66.5 998.451 0.26666668 5.0 5.0 5.0 5.0 0.0 0.14400001 1 TOUCH_UP a
1401623402827 6 4098 673.0 1110.4509 0.33333334 5.0 5.0 5.0 5.0 0.0 0.2 0 TOUCH_DOWN Back
1401623402837 6 4098 673.0 1110.4509 0.33333334 5.0 5.0 5.0 5.0 0.0 0.20400001 2 TOUCH_MOVE Back
1401623402889 6 4098 673.0 1110.4509 0.33333334 5.0 5.0 5.0 5.0 0.0 0.17600001 2 TOUCH_MOVE Back
1401623402898 6 4098 673.0 1110.4509 0.33333334 5.0 5.0 5.0 5.0 0.0 0.17600001 1 TOUCH_UP Back
1401623403005 6 4098 664.0 1117.4509 0.3 5.0 5.0 5.0 5.0 0.0 0.192 0 TOUCH_DOWN Back
1401623403075 6 4098 664.0 1117.4509 0.3 5.0 5.0 5.0 5.0 0.0 0.192 1 TOUCH_UP Back
1401623403440 6 4098 360.0 1216.9509 0.23333335 4.0 4.0 4.0 4.0 0.0 0.21200001 0 TOUCH_DOWN Space
1401623403457 6 4098 360.0 1216.9509 0.23333335 4.0 4.0 4.0 4.0 0.0 0.216 2 TOUCH_MOVE Space
1401623403490 6 4098 362.36053 1215.8772 0.23333335 4.0 4.0 4.0 4.0 0.0 0.216 2 TOUCH_MOVE Space
1401623403505 6 4098 377.25 1206.9509 0.26666668 5.0 5.0 5.0 5.0 0.0 0.18400002 2 TOUCH_MOVE Space
1401623403513 6 4098 377.25 1206.9509 0.26666668 5.0 5.0 5.0 5.0 0.0 0.18400002 1 TOUCH_UP Space
1401623404080 6 4098 663.0 977.951 0.23333335 4.0 4.0 4.0 4.0 0.0 0.19600001 0 TOUCH_DOWN l
1401623404089 6 4098 663.0 977.951 0.26666668 5.0 5.0 5.0 5.0 0.0 0.20400001 2 TOUCH_MOVE l
1401623404139 6 4098 663.0 977.951 0.23333335 4.0 4.0 4.0 4.0 0.0 0.18 2 TOUCH_MOVE l
1401623404143 6 4098 663.0 977.951 0.23333335 4.0 4.0 4.0 4.0 0.0 0.18 1 TOUCH_UP l
1401623404469 6 4098 67.0 961.451 0.20000002 3.0 3.0 3.0 3.0 0.0 0.208 0 TOUCH_DOWN a
1401623404473 6 4098 67.0 961.451 0.23333335 4.0 4.0 4.0 4.0 0.0 0.21200001 2 TOUCH_MOVE a
1401623404502 6 4098 67.73738 961.451 0.23333335 4.0 4.0 4.0 4.0 0.0 0.22000001 2 TOUCH_MOVE a
1401623404508 6 4098 70.256195 961.451 0.23333335 4.0 4.0 4.0 4.0 0.0 0.224 2 TOUCH_MOVE a
1401623404523 6 4098 72.59696 961.451 0.23333335 4.0 4.0 4.0 4.0 0.0 0.224 2 TOUCH_MOVE a
1401623404539 6 4098 73.51457 961.451 0.23333335 4.0 4.0 4.0 4.0 0.0 0.208 2 TOUCH_MOVE a
1401623404558 6 4098 74.98248 961.451 0.20000002 3.0 3.0 3.0 3.0 0.0 0.19600001 2 TOUCH_MOVE a
1401623404563 6 4098 75.0 961.451 0.13333334 2.0 2.0 2.0 2.0 0.0 0.136 2 TOUCH_MOVE a
1401623404567 6 4098 75.0 961.451 0.13333334 2.0 2.0 2.0 2.0 0.0 0.136 1 TOUCH_UP a
1401623404913 6 4098 370.5 1214.9509 0.23333335 4.0 4.0 4.0 4.0 0.0 0.20400001 0 TOUCH_DOWN Space
1401623404934 6 4098 370.5 1215.1833 0.23333335 4.0 4.0 4.0 4.0 0.0 0.21200001 2 TOUCH_MOVE Space
1401623404943 6 4098 370.5 1215.5059 0.23333335 4.0 4.0 4.0 4.0 0.0 0.208 2 TOUCH_MOVE Space
1401623404956 6 4098 371.62906 1215.4509 0.23333335 4.0 4.0 4.0 4.0 0.0 0.19600001 2 TOUCH_MOVE Space
1401623404973 6 4098 373.5 1215.4509 0.20000002 3.0 3.0 3.0 3.0 0.0 0.1 2 TOUCH_MOVE Space
1401623404983 6 4098 373.5 1215.4509 0.20000002 3.0 3.0 3.0 3.0 0.0 0.1 1 TOUCH_UP Space
1401623406455 6 4098 670.5 963.451 0.23333335 5.0 5.0 5.0 5.0 0.0 0.192 0 TOUCH_DOWN l
1401623406497 6 4098 669.6331 964.3179 0.23333335 5.0 5.0 5.0 5.0 0.0 0.2 2 TOUCH_MOVE l
1401623406520 6 4098 668.5 965.451 0.16666667 3.0 3.0 3.0 3.0 0.0 0.1 2 TOUCH_MOVE l
1401623406533 6 4098 668.5 965.451 0.16666667 3.0 3.0 3.0 3.0 0.0 0.1 1 TOUCH_UP l
1401623406805 6 4098 612.0 851.951 0.23333335 5.0 5.0 5.0 5.0 0.0 0.20400001 0 TOUCH_DOWN o
1401623406844 6 4098 612.0 852.82446 0.26666668 5.0 5.0 5.0 5.0 0.0 0.21200001 2 TOUCH_MOVE o
1401623406857 6 4098 611.5 854.951 0.26666668 5.0 5.0 5.0 5.0 0.0 0.164 2 TOUCH_MOVE o
1401623406862 6 4098 611.5 854.951 0.26666668 5.0 5.0 5.0 5.0 0.0 0.164 1 TOUCH_UP o
1401623406940 6 4098 49.5 987.451 0.23333335 4.0 4.0 4.0 4.0 0.0 0.20400001 0 TOUCH_DOWN a
1401623406958 6 4098 49.5 987.451 0.23333335 4.0 4.0 4.0 4.0 0.0 0.21200001 2 TOUCH_MOVE a
1401623406979 6 4098 50.78886 987.451 0.23333335 4.0 4.0 4.0 4.0 0.0 0.22000001 2 TOUCH_MOVE a
1401623406992 6 4098 51.75 987.451 0.23333335 4.0 4.0 4.0 4.0 0.0 0.21200001 2 TOUCH_MOVE a
1401623407035 6 4098 51.75 987.451 0.23333335 4.0 4.0 4.0 4.0 0.0 0.21200001 1 TOUCH_UP a
1401623407151 6 4098 552.5 848.951 0.26666668 5.0 5.0 5.0 5.0 0.0 0.216 0 TOUCH_DOWN i
1401623407160 6 4098 552.5 848.951 0.26666668 5.0 5.0 5.0 5.0 0.0 0.22000001 2 TOUCH_MOVE i
1401623407208 6 4098 553.5 849.451 0.23333335 5.0 5.0 5.0 5.0 0.0 0.192 2 TOUCH_MOVE i
1401623407218 6 4098 553.5 849.451 0.16666667 3.0 3.0 3.0 3.0 0.0 0.104 2 TOUCH_MOVE i
1401623407222 6 4098 553.5 849.451 0.16666667 3.0 3.0 3.0 3.0 0.0 0.104 1 TOUCH_UP i
1401623407855 6 4098 360.5 1229.4509 0.16666667 3.0 3.0 3.0 3.0 0.0 0.2 0 TOUCH_DOWN Space
1401623407912 6 4098 362.5 1229.9509 0.20000002 4.0 4.0 4.0 4.0 0.0 0.18 2 TOUCH_MOVE Space
1401623407921 6 4098 362.5 1229.9509 0.20000002 4.0 4.0 4.0 4.0 0.0 0.18 1 TOUCH_UP Space
1401623408869 6 4098 430.0 1121.4509 0.3 5.0 5.0 5.0 5.0 0.0 0.21200001 0 TOUCH_DOWN b
1401623408893 6 4098 430.0 1120.6956 0.3 5.0 5.0 5.0 5.0 0.0 0.224 2 TOUCH_MOVE b
1401623408910 6 4098 430.72647 1119.2245 0.3 5.0 5.0 5.0 5.0 0.0 0.22000001 2 TOUCH_MOVE b
1401623408930 6 4098 432.86105 1117.4343 0.33333334 5.0 5.0 5.0 5.0 0.0 0.20400001 2 TOUCH_MOVE b
1401623408939 6 4098 434.5 1116.4509 0.33333334 5.0 5.0 5.0 5.0 0.0 0.192 2 TOUCH_MOVE b
1401623408942 6 4098 434.5 1116.4509 0.33333334 5.0 5.0 5.0 5.0 0.0 0.192 1 TOUCH_UP b
1401623409273 6 4098 620.5 857.451 0.20000002 4.0 4.0 4.0 4.0 0.0 0.192 0 TOUCH_DOWN o
1401623409312 6 4098 619.7625 858.1885 0.23333335 5.0 5.0 5.0 5.0 0.0 0.192 2 TOUCH_MOVE o
1401623409333 6 4098 619.5 858.451 0.26666668 5.0 5.0 5.0 5.0 0.0 0.16000001 2 TOUCH_MOVE o
1401623409340 6 4098 619.5 858.451 0.26666668 5.0 5.0 5.0 5.0 0.0 0.16000001 1 TOUCH_UP o
1401623409689 6 4098 377.5 1224.9509 0.23333335 4.0 4.0 4.0 4.0 0.0 0.19600001 0 TOUCH_DOWN Space
1401623409700 6 4098 377.5 1224.9509 0.23333335 4.0 4.0 4.0 4.0 0.0 0.20400001 2 TOUCH_MOVE Space
1401623409727 6 4098 378.0 1224.9509 0.23333335 4.0 4.0 4.0 4.0 0.0 0.192 2 TOUCH_MOVE Space
1401623409737 6 4098 378.0 1224.9509 0.23333335 4.0 4.0 4.0 4.0 0.0 0.16800001 2 TOUCH_MOVE Space
1401623409740 6 4098 378.0 1224.9509 0.23333335 4.0 4.0 4.0 4.0 0.0 0.16800001 1 TOUCH_UP Space
1401623410052 6 4098 290.5 1098.9509 0.26666668 4.0 4.0 4.0 4.0 0.0 0.19600001 0 TOUCH_DOWN c
1401623410061 6 4098 290.5 1099.2319 0.23333335 4.0 4.0 4.0 4.0 0.0 0.20400001 2 TOUCH_MOVE c
1401623410084 6 4098 289.75992 1100.191 0.26666668 4.0 4.0 4.0 4.0 0.0 0.224 2 TOUCH_MOVE c
1401623410096 6 4098 287.32407 1101.789 0.3 5.0 5.0 5.0 5.0 0.0 0.224 2 TOUCH_MOVE c
1401623410111 6 4098 283.1152 1103.8933 0.3 5.0 5.0 5.0 5.0 0.0 0.216 2 TOUCH_MOVE c
1401623410129 6 4098 275.4997 1104.5939 0.33333334 5.0 5.0 5.0 5.0 0.0 0.19600001 2 TOUCH_MOVE c
1401623410139 6 4098 275.4997 1104.5939 0.33333334 5.0 5.0 5.0 5.0 0.0 0.19600001 1 TOUCH_UP c
1401623410392 6 4098 59.5 962.951 0.16666667 3.0 3.0 3.0 3.0 0.0 0.192 0 TOUCH_DOWN a
1401623410414 6 4098 59.463833 962.9872 0.16666667 3.0 3.0 3.0 3.0 0.0 0.2 2 TOUCH_MOVE a
1401623410429 6 4098 58.49085 964.4693 0.16666667 3.0 3.0 3.0 3.0 0.0 0.19600001 2 TOUCH_MOVE a
1401623410445 6 4098 57.52695 966.8701 0.16666667 3.0 3.0 3.0 3.0 0.0 0.2 2 TOUCH_MOVE a
1401623410461 6 4098 55.220028 970.5843 0.16666667 3.0 3.0 3.0 3.0 0.0 0.18800001 2 TOUCH_MOVE a
1401623410469 6 4098 55.0 970.951 0.20000002 3.0 3.0 3.0 3.0 0.0 0.18 2 TOUCH_MOVE a
1401623410473 6 4098 55.0 970.951 0.20000002 3.0 3.0 3.0 3.0 0.0 0.18 1 TOUCH_UP a
1401623410681 6 4098 477.5 864.451 0.23333335 4.0 4.0 4.0 4.0 0.0 0.208 0 TOUCH_DOWN u
1401623410709 6 4098 477.5 864.74963 0.23333335 4.0 4.0 4.0 4.0 0.0 0.216 2 TOUCH_MOVE u
1401623410714 6 4098 477.5 865.3278 0.3 5.0 5.0 5.0 5.0 0.0 0.224 2 TOUCH_MOVE u
1401623410728 6 4098 477.5 866.31525 0.26666668 4.0 4.0 4.0 4.0 0.0 0.216 2 TOUCH_MOVE u
1401623410745 6 4098 477.16577 869.1222 0.26666668 4.0 4.0 4.0 4.0 0.0 0.19600001 2 TOUCH_MOVE u
1401623410754 6 4098 477.0 869.951 0.26666668 5.0 5.0 5.0 5.0 0.0 0.164 2 TOUCH_MOVE u
1401623410758 6 4098 477.0 869.951 0.26666668 5.0 5.0 5.0 5.0 0.0 0.164 1 TOUCH_UP u
1401623411043 6 4098 371.5 1223.4509 0.23333335 4.0 4.0 4.0 4.0 0.0 0.21200001 0 TOUCH_DOWN Space
1401623411047 6 4098 371.5 1223.4509 0.23333335 4.0 4.0 4.0 4.0 0.0 0.224 2 TOUCH_MOVE Space
1401623411080 6 4098 370.96246 1223.4509 0.23333335 4.0 4.0 4.0 4.0 0.0 0.224 2 TOUCH_MOVE Space
1401623411124 6 4098 370.96246 1223.4509 0.23333335 4.0 4.0 4.0 4.0 0.0 0.224 1 TOUCH_UP Space
1401623411696 6 4098 313.5 856.451 0.20000002 4.0 4.0 4.0 4.0 0.0 0.192 0 TOUCH_DOWN t
1401623411729 6 4098 315.73767 856.2051 0.26666668 5.0 5.0 5.0 5.0 0.0 0.216 2 TOUCH_MOVE t
1401623411748 6 4098 316.5 855.6067 0.26666668 5.0 5.0 5.0 5.0 0.0 0.22000001 2 TOUCH_MOVE t
1401623411762 6 4098 316.5 854.7646 0.23333335 4.0 4.0 4.0 4.0 0.0 0.208 2 TOUCH_MOVE t
1401623411775 6 4098 315.0 853.451 0.23333335 4.0 4.0 4.0 4.0 0.0 0.192 2 TOUCH_MOVE t
1401623411780 6 4098 315.0 853.451 0.23333335 4.0 4.0 4.0 4.0 0.0 0.192 1 TOUCH_UP t
1401623411901 6 4098 231.5 840.451 0.26666668 4.0 4.0 4.0 4.0 0.0 0.21200001 0 TOUCH_DOWN r
1401623411946 6 4098 230.44585 843.39056 0.23333335 4.0 4.0 4.0 4.0 0.0 0.20400001 2 TOUCH_MOVE r
1401623411963 6 4098 230.0 844.951 0.16666667 3.0 3.0 3.0 3.0 0.0 0.108 2 TOUCH_MOVE r
1401623411969 6 4098 230.0 844.951 0.16666667 3.0 3.0 3.0 3.0 0.0 0.108 1 TOUCH_UP r
1401623412510 6 4098 68.5 952.451 0.23333335 4.0 4.0 4.0 4.0 0.0 0.20400001 0 TOUCH_DOWN a
1401623412527 6 4098 68.61016 952.56116 0.26666668 4.0 4.0 4.0 4.0 0.0 0.21200001 2 TOUCH_MOVE a
1401623412533 6 4098 69.01885 952.96985 0.26666668 4.0 4.0 4.0 4.0 0.0 0.216 2 TOUCH_MOVE a
1401623412546 6 4098 69.75 953.701 0.26666668 4.0 4.0 4.0 4.0 0.0 0.21200001 2 TOUCH_MOVE a
1401623412563 6 4098 69.5 954.9054 0.23333335 4.0 4.0 4.0 4.0 0.0 0.2 2 TOUCH_MOVE a
1401623412583 6 4098 69.5 954.951 0.13333334 2.0 2.0 2.0 2.0 0.0 0.128 2 TOUCH_MOVE a
1401623412587 6 4098 69.5 954.951 0.13333334 2.0 2.0 2.0 2.0 0.0 0.128 1 TOUCH_UP a
1401623412806 6 4098 503.5 1096.9509 0.3 5.0 5.0 5.0 5.0 0.0 0.20400001 0 TOUCH_DOWN n
1401623412819 6 4098 503.0588 1097.8921 0.3 5.0 5.0 5.0 5.0 0.0 0.21200001 2 TOUCH_MOVE n
1401623412841 6 4098 501.67484 1100.1887 0.3 5.0 5.0 5.0 5.0 0.0 0.21200001 2 TOUCH_MOVE n
1401623412847 6 4098 501.18094 1103.7272 0.33333334 5.0 5.0 5.0 5.0 0.0 0.20400001 2 TOUCH_MOVE n
1401623412864 6 4098 501.75 1108.2009 0.33333334 5.0 5.0 5.0 5.0 0.0 0.17600001 2 TOUCH_MOVE n
1401623412869 6 4098 501.75 1108.2009 0.33333334 5.0 5.0 5.0 5.0 0.0 0.17600001 1 TOUCH_UP n
1401623413143 6 4098 360.5 992.451 0.20000002 4.0 4.0 4.0 4.0 0.0 0.19600001 0 TOUCH_DOWN g
1401623413149 6 4098 360.7209 992.451 0.23333335 4.0 4.0 4.0 4.0 0.0 0.2 2 TOUCH_MOVE g
1401623413167 6 4098 362.28415 992.451 0.3 5.0 5.0 5.0 5.0 0.0 0.2 2 TOUCH_MOVE g
1401623413180 6 4098 366.15146 993.11383 0.3 5.0 5.0 5.0 5.0 0.0 0.19600001 2 TOUCH_MOVE g
1401623413198 6 4098 368.756 994.079 0.3 5.0 5.0 5.0 5.0 0.0 0.19600001 2 TOUCH_MOVE g
1401623413214 6 4098 369.25 993.951 0.3 5.0 5.0 5.0 5.0 0.0 0.18800001 2 TOUCH_MOVE g
1401623413222 6 4098 369.25 993.951 0.3 5.0 5.0 5.0 5.0 0.0 0.18800001 1 TOUCH_UP g
1401623413638 6 4098 349.0 1205.9509 0.23333335 4.0 4.0 4.0 4.0 0.0 0.208 0 TOUCH_DOWN Space
1401623413648 6 4098 349.0 1206.5316 0.23333335 4.0 4.0 4.0 4.0 0.0 0.224 2 TOUCH_MOVE Space
1401623413674 6 4098 346.36395 1208.087 0.26666668 5.0 5.0 5.0 5.0 0.0 0.23200001 2 TOUCH_MOVE Space
1401623413684 6 4098 345.39832 1209.0526 0.26666668 5.0 5.0 5.0 5.0 0.0 0.21200001 2 TOUCH_MOVE Space
1401623413705 6 4098 345.0 1209.4509 0.23333335 4.0 4.0 4.0 4.0 0.0 0.2 2 TOUCH_MOVE Space
1401623413710 6 4098 345.0 1209.4509 0.23333335 4.0 4.0 4.0 4.0 0.0 0.2 1 TOUCH_UP Space
1401623414702 6 4098 694.0 1105.4509 0.20000002 4.0 4.0 4.0 4.0 0.0 0.2 0 TOUCH_DOWN Back
1401623414715 6 4098 693.565 1105.886 0.23333335 4.0 4.0 4.0 4.0 0.0 0.20400001 2 TOUCH_MOVE Back
1401623414733 6 4098 691.38214 1106.4509 0.3 5.0 5.0 5.0 5.0 0.0 0.21200001 2 TOUCH_MOVE Back
1401623414749 6 4098 689.66925 1106.4509 0.3 5.0 5.0 5.0 5.0 0.0 0.208 2 TOUCH_MOVE Back
1401623414765 6 4098 688.75 1106.4509 0.26666668 5.0 5.0 5.0 5.0 0.0 0.17600001 2 TOUCH_MOVE Back
1401623414769 6 4098 688.75 1106.4509 0.26666668 5.0 5.0 5.0 5.0 0.0 0.17600001 1 TOUCH_UP Back
1401623415692 6 4098 326.5 1226.9509 0.26666668 5.0 5.0 5.0 5.0 0.0 0.192 0 TOUCH_DOWN Space
1401623415721 6 4098 326.5 1226.9509 0.26666668 5.0 5.0 5.0 5.0 0.0 0.192 1 TOUCH_UP Space
1401623417895 6 4098 702.0 1072.9509 0.20000002 3.0 3.0 3.0 3.0 0.0 0.192 0 TOUCH_DOWN Back
1401623417901 6 4098 702.0 1072.9509 0.20000002 3.0 3.0 3.0 3.0 0.0 0.19600001 2 TOUCH_MOVE Back
1401623417953 6 4098 700.9563 1072.9509 0.16666667 3.0 3.0 3.0 3.0 0.0 0.192 2 TOUCH_MOVE Back
1401623417966 6 4098 701.0 1072.9509 0.13333334 2.0 2.0 2.0 2.0 0.0 0.116000004 2 TOUCH_MOVE Back
1401623417971 6 4098 701.0 1072.9509 0.13333334 2.0 2.0 2.0 2.0 0.0 0.116000004 1 TOUCH_UP Back
1401623419459 6 4098 687.5 1201.4509 0.20000002 3.0 3.0 3.0 3.0 0.0 0.192 0 TOUCH_DOWN Enter
1401623419471 6 4098 687.5 1201.7626 0.23333335 4.0 4.0 4.0 4.0 0.0 0.192 2 TOUCH_MOVE Enter
1401623419486 6 4098 686.7255 1201.9509 0.23333335 4.0 4.0 4.0 4.0 0.0 0.19600001 2 TOUCH_MOVE Enter
1401623419504 6 4098 686.0 1202.1925 0.23333335 4.0 4.0 4.0 4.0 0.0 0.19600001 2 TOUCH_MOVE Enter
1401623419520 6 4098 686.0 1203.1512 0.20000002 3.0 3.0 3.0 3.0 0.0 0.18400002 2 TOUCH_MOVE Enter
1401623419527 6 4098 686.0 1203.1512 0.20000002 3.0 3.0 3.0 3.0 0.0 0.18400002 1 TOUCH_UP Enter
1401623420243 6 4098 517.5 1100.9509 0.26666668 4.0 4.0 4.0 4.0 0.0 0.20400001 0 TOUCH_DOWN N
1401623420254 6 4098 517.5 1100.9509 0.26666668 4.0 4.0 4.0 4.0 0.0 0.208 2 TOUCH_MOVE N
1401623420273 6 4098 514.9472 1101.0038 0.26666668 4.0 4.0 4.0 4.0 0.0 0.22000001 2 TOUCH_MOVE N
1401623420288 6 4098 513.9333 1101.4509 0.26666668 4.0 4.0 4.0 4.0 0.0 0.21200001 2 TOUCH_MOVE N
1401623420304 6 4098 513.4803 1101.4509 0.26666668 4.0 4.0 4.0 4.0 0.0 0.18400002 2 TOUCH_MOVE N
1401623420313 6 4098 513.4803 1101.4509 0.26666668 4.0 4.0 4.0 4.0 0.0 0.18400002 1 TOUCH_UP N
1401623420605 6 4098 177.0 849.451 0.23333335 4.0 4.0 4.0 4.0 0.0 0.20400001 0 TOUCH_DOWN e
1401623420641 6 4098 176.16931 849.451 0.23333335 4.0 4.0 4.0 4.0 0.0 0.216 2 TOUCH_MOVE e
1401623420654 6 4098 174.90718 849.7474 0.23333335 4.0 4.0 4.0 4.0 0.0 0.20400001 2 TOUCH_MOVE e
1401623420672 6 4098 173.0 851.451 0.20000002 4.0 4.0 4.0 4.0 0.0 0.17600001 2 TOUCH_MOVE e
1401623420680 6 4098 173.0 851.451 0.20000002 4.0 4.0 4.0 4.0 0.0 0.17600001 1 TOUCH_UP e
1401623420944 6 4098 474.5 860.451 0.23333335 4.0 4.0 4.0 4.0 0.0 0.216 0 TOUCH_DOWN u
1401623421003 6 4098 474.5 860.451 0.23333335 4.0 4.0 4.0 4.0 0.0 0.216 1 TOUCH_UP u
1401623421306 6 4098 306.0 1222.9509 0.23333335 4.0 4.0 4.0 4.0 0.0 0.216 0 TOUCH_DOWN Space
1401623421328 6 4098 306.0 1222.9509 0.26666668 5.0 5.0 5.0 5.0 0.0 0.224 2 TOUCH_MOVE Space
1401623421357 6 4098 306.5 1223.4509 0.23333335 4.0 4.0 4.0 4.0 0.0 0.20400001 2 TOUCH_MOVE Space
1401623421365 6 4098 306.5 1223.4509 0.20000002 3.0 3.0 3.0 3.0 0.0 0.148 2 TOUCH_MOVE Space
1401623421369 6 4098 306.5 1223.4509 0.20000002 3.0 3.0 3.0 3.0 0.0 0.148 1 TOUCH_UP Space
1401623421920 6 4098 668.0 966.451 0.23333335 5.0 5.0 5.0 5.0 0.0 0.20400001 0 TOUCH_DOWN l
1401623421935 6 4098 667.72473 966.451 0.23333335 5.0 5.0 5.0 5.0 0.0 0.208 2 TOUCH_MOVE l
1401623421951 6 4098 667.5 966.49963 0.23333335 5.0 5.0 5.0 5.0 0.0 0.208 2 TOUCH_MOVE l
1401623421955 6 4098 667.5 966.96704 0.23333335 5.0 5.0 5.0 5.0 0.0 0.19600001 2 TOUCH_MOVE l
1401623421970 6 4098 667.5 966.951 0.23333335 5.0 5.0 5.0 5.0 0.0 0.16000001 2 TOUCH_MOVE l
1401623421974 6 4098 667.5 966.951 0.23333335 5.0 5.0 5.0 5.0 0.0 0.16000001 1 TOUCH_UP l
1401623422156 6 4098 55.0 927.951 0.23333335 4.0 4.0 4.0 4.0 0.0 0.18800001 0 TOUCH_DOWN a
1401623422173 6 4098 55.572994 929.024 0.23333335 4.0 4.0 4.0 4.0 0.0 0.2 2 TOUCH_MOVE a
1401623422217 6 4098 57.5 932.3859 0.23333335 4.0 4.0 4.0 4.0 0.0 0.19600001 2 TOUCH_MOVE a
1401623422223 6 4098 58.5 933.451 0.26666668 5.0 5.0 5.0 5.0 0.0 0.172 2 TOUCH_MOVE a
1401623422228 6 4098 58.5 933.451 0.26666668 5.0 5.0 5.0 5.0 0.0 0.172 1 TOUCH_UP a
1401623422505 6 4098 335.5 1228.9509 0.26666668 5.0 5.0 5.0 5.0 0.0 0.2 0 TOUCH_DOWN Space
1401623422533 6 4098 337.0 1228.4509 0.20000002 3.0 3.0 3.0 3.0 0.0 0.18 2 TOUCH_MOVE Space
1401623422536 6 4098 337.0 1228.4509 0.20000002 3.0 3.0 3.0 3.0 0.0 0.18 1 TOUCH_UP Space
1401623423149 6 4098 262.5 1107.4509 0.3 5.0 5.0 5.0 5.0 0.0 0.192 0 TOUCH_DOWN c
1401623423156 6 4098 262.5 1107.4509 0.33333334 5.0 5.0 5.0 5.0 0.0 0.192 2 TOUCH_MOVE c
1401623423173 6 4098 264.34674 1107.4509 0.33333334 5.0 5.0 5.0 5.0 0.0 0.2 2 TOUCH_MOVE c
1401623423190 6 4098 267.4947 1107.4509 0.33333334 5.0 5.0 5.0 5.0 0.0 0.20400001 2 TOUCH_MOVE c
1401623423207 6 4098 268.75 1107.4509 0.33333334 5.0 5.0 5.0 5.0 0.0 0.19600001 2 TOUCH_MOVE c
1401623423229 6 4098 268.75 1107.4509 0.33333334 5.0 5.0 5.0 5.0 0.0 0.19600001 1 TOUCH_UP c
1401623423427 6 4098 438.5 959.951 0.26666668 5.0 5.0 5.0 5.0 0.0 0.208 0 TOUCH_DOWN h
1401623423446 6 4098 438.5 959.6621 0.3 5.0 5.0 5.0 5.0 0.0 0.216 2 TOUCH_MOVE h
1401623423457 6 4098 438.5 959.1077 0.3 5.0 5.0 5.0 5.0 0.0 0.216 2 TOUCH_MOVE h
1401623423473 6 4098 439.0 958.451 0.3 5.0 5.0 5.0 5.0 0.0 0.18800001 2 TOUCH_MOVE h
1401623423487 6 4098 439.0 958.451 0.20000002 3.0 3.0 3.0 3.0 0.0 0.112 2 TOUCH_MOVE h
1401623423493 6 4098 439.0 958.451 0.20000002 3.0 3.0 3.0 3.0 0.0 0.112 1 TOUCH_UP h
1401623423644 6 4098 545.0 848.451 0.23333335 4.0 4.0 4.0 4.0 0.0 0.20400001 0 TOUCH_DOWN i
1401623423657 6 4098 544.0792 848.451 0.23333335 4.0 4.0 4.0 4.0 0.0 0.21200001 2 TOUCH_MOVE i
1401623423691 6 4098 542.6925 850.181 0.20000002 4.0 4.0 4.0 4.0 0.0 0.192 2 TOUCH_MOVE i
1401623423700 6 4098 542.5 850.951 0.20000002 4.0 4.0 4.0 4.0 0.0 0.17600001 2 TOUCH_MOVE i
1401623423706 6 4098 542.5 850.951 0.20000002 4.0 4.0 4.0 4.0 0.0 0.17600001 1 TOUCH_UP i
1401623424249 6 4098 692.5 1081.9509 0.16666667 3.0 3.0 3.0 3.0 0.0 0.192 0 TOUCH_DOWN Back
1401623424258 6 4098 692.5 1081.9509 0.20000002 4.0 4.0 4.0 4.0 0.0 0.19600001 2 TOUCH_MOVE Back
1401623424276 6 4098 690.2689 1081.9509 0.20000002 4.0 4.0 4.0 4.0 0.0 0.19600001 2 TOUCH_MOVE Back
1401623424292 6 4098 687.944 1081.9509 0.20000002 4.0 4.0 4.0 4.0 0.0 0.19600001 2 TOUCH_MOVE Back
1401623424305 6 4098 687.5 1082.4509 0.20000002 4.0 4.0 4.0 4.0 0.0 0.18400002 2 TOUCH_MOVE Back
1401623424312 6 4098 687.5 1082.4509 0.20000002 4.0 4.0 4.0 4.0 0.0 0.18400002 1 TOUCH_UP Back
1401623424414 6 4098 672.0 1087.4509 0.23333335 5.0 5.0 5.0 5.0 0.0 0.2 0 TOUCH_DOWN Back
1401623424486 6 4098 672.0 1087.4509 0.23333335 5.0 5.0 5.0 5.0 0.0 0.2 1 TOUCH_UP Back
1401623424943 6 4098 677.5 1089.9509 0.23333335 4.0 4.0 4.0 4.0 0.0 0.208 0 TOUCH_DOWN Back
1401623424970 6 4098 677.5 1092.0892 0.26666668 5.0 5.0 5.0 5.0 0.0 0.22000001 2 TOUCH_MOVE Back
1401623424998 6 4098 677.0 1093.9509 0.26666668 5.0 5.0 5.0 5.0 0.0 0.164 2 TOUCH_MOVE Back
1401623425005 6 4098 677.0 1093.9509 0.26666668 5.0 5.0 5.0 5.0 0.0 0.164 1 TOUCH_UP Back
1401623425639 6 4098 284.5 1121.9509 0.26666668 4.0 4.0 4.0 4.0 0.0 0.19600001 0 TOUCH_DOWN c
1401623425643 6 4098 284.5 1121.9509 0.26666668 4.0 4.0 4.0 4.0 0.0 0.208 2 TOUCH_MOVE c
1401623425659 6 4098 283.90723 1121.9509 0.26666668 4.0 4.0 4.0 4.0 0.0 0.21200001 2 TOUCH_MOVE c
1401623425676 6 4098 282.8583 1121.9509 0.26666668 4.0 4.0 4.0 4.0 0.0 0.20400001 2 TOUCH_MOVE c
1401623425692 6 4098 282.5 1122.4634 0.26666668 4.0 4.0 4.0 4.0 0.0 0.18400002 2 TOUCH_MOVE c
1401623425700 6 4098 282.5 1122.4634 0.26666668 4.0 4.0 4.0 4.0 0.0 0.18400002 1 TOUCH_UP c
1401623425979 6 4098 448.0 971.451 0.23333335 5.0 5.0 5.0 5.0 0.0 0.19600001 0 TOUCH_DOWN h
1401623426030 6 4098 446.19086 969.64185 0.23333335 5.0 5.0 5.0 5.0 0.0 0.18800001 2 TOUCH_MOVE h
1401623426042 6 4098 445.5 965.2604 0.26666668 5.0 5.0 5.0 5.0 0.0 0.18400002 2 TOUCH_MOVE h
1401623426059 6 4098 446.13852 959.5354 0.23333335 4.0 4.0 4.0 4.0 0.0 0.18 2 TOUCH_MOVE h
1401623426070 6 4098 446.5 958.451 0.23333335 4.0 4.0 4.0 4.0 0.0 0.18 2 TOUCH_MOVE h
1401623426074 6 4098 446.5 958.451 0.23333335 4.0 4.0 4.0 4.0 0.0 0.18 1 TOUCH_UP h
1401623426760 6 4098 690.5 1073.4509 0.23333335 4.0 4.0 4.0 4.0 0.0 0.19600001 0 TOUCH_DOWN Back
1401623426784 6 4098 689.6937 1073.4509 0.23333335 4.0 4.0 4.0 4.0 0.0 0.20400001 2 TOUCH_MOVE Back
1401623426794 6 4098 687.25 1073.4509 0.23333335 4.0 4.0 4.0 4.0 0.0 0.21200001 2 TOUCH_MOVE Back
1401623426810 6 4098 684.0343 1074.1924 0.23333335 4.0 4.0 4.0 4.0 0.0 0.208 2 TOUCH_MOVE Back
1401623426835 6 4098 680.89343 1075.9059 0.20000002 4.0 4.0 4.0 4.0 0.0 0.192 2 TOUCH_MOVE Back
1401623426848 6 4098 679.5 1076.9509 0.23333335 5.0 5.0 5.0 5.0 0.0 0.164 2 TOUCH_MOVE Back
1401623426853 6 4098 679.5 1076.9509 0.23333335 5.0 5.0 5.0 5.0 0.0 0.164 1 TOUCH_UP Back
1401623427052 6 4098 672.0 1086.4509 0.23333335 5.0 5.0 5.0 5.0 0.0 0.19600001 0 TOUCH_DOWN Back
1401623427061 6 4098 672.0 1086.4509 0.23333335 5.0 5.0 5.0 5.0 0.0 0.20400001 2 TOUCH_MOVE Back
1401623427095 6 4098 671.4748 1086.9762 0.26666668 5.0 5.0 5.0 5.0 0.0 0.208 2 TOUCH_MOVE Back
1401623427144 6 4098 671.4748 1086.9762 0.26666668 5.0 5.0 5.0 5.0 0.0 0.208 1 TOUCH_UP Back
1401623428416 6 4098 411.0 967.451 0.20000002 4.0 4.0 4.0 4.0 0.0 0.2 0 TOUCH_DOWN h
1401623428432 6 4098 411.0 967.451 0.16666667 3.0 3.0 3.0 3.0 0.0 0.2 2 TOUCH_MOVE h
1401623428450 6 4098 413.5212 967.19836 0.20000002 4.0 4.0 4.0 4.0 0.0 0.2 2 TOUCH_MOVE h
1401623428457 6 4098 415.5 966.951 0.20000002 4.0 4.0 4.0 4.0 0.0 0.18400002 2 TOUCH_MOVE h
1401623428460 6 4098 415.5 966.951 0.20000002 4.0 4.0 4.0 4.0 0.0 0.18400002 1 TOUCH_UP h
1401623428674 6 4098 627.0 842.951 0.26666668 4.0 4.0 4.0 4.0 0.0 0.18800001 0 TOUCH_DOWN o
1401623428679 6 4098 627.0 842.951 0.3 5.0 5.0 5.0 5.0 0.0 0.192 2 TOUCH_MOVE o
1401623428696 6 4098 626.0984 842.951 0.26666668 4.0 4.0 4.0 4.0 0.0 0.192 2 TOUCH_MOVE o
1401623428712 6 4098 624.5 843.451 0.26666668 5.0 5.0 5.0 5.0 0.0 0.17600001 2 TOUCH_MOVE o
1401623428723 6 4098 624.5 843.451 0.26666668 5.0 5.0 5.0 5.0 0.0 0.136 2 TOUCH_MOVE o
1401623428741 6 4098 624.5 843.451 0.26666668 5.0 5.0 5.0 5.0 0.0 0.136 1 TOUCH_UP o
1401623428801 6 4098 47.0 930.451 0.23333335 4.0 4.0 4.0 4.0 0.0 0.20400001 0 TOUCH_DOWN a
1401623428812 6 4098 47.0 930.451 0.23333335 4.0 4.0 4.0 4.0 0.0 0.21200001 2 TOUCH_MOVE a
1401623428837 6 4098 47.519543 929.93146 0.23333335 4.0 4.0 4.0 4.0 0.0 0.216 2 TOUCH_MOVE a
1401623428845 6 4098 48.87297 928.578 0.20000002 3.0 3.0 3.0 3.0 0.0 0.22000001 2 TOUCH_MOVE a
1401623428862 6 4098 50.80917 927.0464 0.20000002 3.0 3.0 3.0 3.0 0.0 0.224 2 TOUCH_MOVE a
1401623428878 6 4098 51.72381 926.2272 0.20000002 3.0 3.0 3.0 3.0 0.0 0.216 2 TOUCH_MOVE a
1401623428912 6 4098 49.5 926.451 0.20000002 3.0 3.0 3.0 3.0 0.0 0.18 2 TOUCH_MOVE a
1401623428916 6 4098 49.5 926.451 0.20000002 3.0 3.0 3.0 3.0 0.0 0.18 1 TOUCH_UP a
1401623429159 6 4098 337.0 1211.4509 0.26666668 5.0 5.0 5.0 5.0 0.0 0.216 0 TOUCH_DOWN Space
1401623429162 6 4098 337.0 1211.4509 0.26666668 5.0 5.0 5.0 5.0 0.0 0.22800002 2 TOUCH_MOVE Space
1401623429195 6 4098 337.0 1212.1816 0.26666668 5.0 5.0 5.0 5.0 0.0 0.23200001 2 TOUCH_MOVE Space
1401623429213 6 4098 337.0 1211.9509 0.23333335 4.0 4.0 4.0 4.0 0.0 0.208 2 TOUCH_MOVE Space
1401623429225 6 4098 337.0 1211.9509 0.23333335 4.0 4.0 4.0 4.0 0.0 0.17600001 2 TOUCH_MOVE Space
1401623429231 6 4098 337.0 1211.9509 0.23333335 4.0 4.0 4.0 4.0 0.0 0.17600001 1 TOUCH_UP Space
1401623430241 6 4098 325.5 856.451 0.23333335 5.0 5.0 5.0 5.0 0.0 0.19600001 0 TOUCH_DOWN t
1401623430325 6 4098 325.5 856.451 0.23333335 5.0 5.0 5.0 5.0 0.0 0.19600001 1 TOUCH_UP t
1401623430590 6 4098 608.0 852.451 0.23333335 5.0 5.0 5.0 5.0 0.0 0.192 0 TOUCH_DOWN o
1401623430597 6 4098 607.6762 852.451 0.20000002 4.0 4.0 4.0 4.0 0.0 0.19600001 2 TOUCH_MOVE o
1401623430616 6 4098 606.4054 852.451 0.20000002 4.0 4.0 4.0 4.0 0.0 0.19600001 2 TOUCH_MOVE o
1401623430632 6 4098 602.5195 852.29083 0.16666667 3.0 3.0 3.0 3.0 0.0 0.18800001 2 TOUCH_MOVE o
1401623430647 6 4098 600.24115 851.951 0.13333334 2.0 2.0 2.0 2.0 0.0 0.1 2 TOUCH_MOVE o
1401623430654 6 4098 600.24115 851.951 0.13333334 2.0 2.0 2.0 2.0 0.0 0.1 1 TOUCH_UP o
1401623430735 6 4098 551.5 847.951 0.26666668 5.0 5.0 5.0 5.0 0.0 0.2 0 TOUCH_DOWN i
1401623430747 6 4098 551.5 847.951 0.26666668 5.0 5.0 5.0 5.0 0.0 0.208 2 TOUCH_MOVE i
1401623430807 6 4098 551.5 847.951 0.23333335 5.0 5.0 5.0 5.0 0.0 0.18400002 2 TOUCH_MOVE i
1401623430811 6 4098 551.5 847.951 0.23333335 5.0 5.0 5.0 5.0 0.0 0.18400002 1 TOUCH_UP i
1401623431131 6 4098 363.5 1204.4509 0.23333335 4.0 4.0 4.0 4.0 0.0 0.20400001 0 TOUCH_DOWN Space
1401623431135 6 4098 363.5 1204.4509 0.23333335 4.0 4.0 4.0 4.0 0.0 0.208 2 TOUCH_MOVE Space
1401623431166 6 4098 363.5 1205.2009 0.23333335 4.0 4.0 4.0 4.0 0.0 0.216 2 TOUCH_MOVE Space
1401623431184 6 4098 363.5 1204.9509 0.20000002 4.0 4.0 4.0 4.0 0.0 0.18400002 2 TOUCH_MOVE Space
1401623431197 6 4098 363.5 1204.9509 0.13333334 2.0 2.0 2.0 2.0 0.0 0.104 2 TOUCH_MOVE Space
1401623431204 6 4098 363.5 1204.9509 0.13333334 2.0 2.0 2.0 2.0 0.0 0.104 1 TOUCH_UP Space
1401623431588 6 4098 125.0 964.951 0.20000002 4.0 4.0 4.0 4.0 0.0 0.19600001 0 TOUCH_DOWN s
1401623431598 6 4098 125.0 964.951 0.23333335 4.0 4.0 4.0 4.0 0.0 0.20400001 2 TOUCH_MOVE s
1401623431633 6 4098 125.0 964.4409 0.23333335 4.0 4.0 4.0 4.0 0.0 0.21200001 2 TOUCH_MOVE s
1401623431671 6 4098 125.0 964.4409 0.23333335 4.0 4.0 4.0 4.0 0.0 0.21200001 1 TOUCH_UP s
1401623431815 6 4098 161.5 849.951 0.26666668 5.0 5.0 5.0 5.0 0.0 0.20400001 0 TOUCH_DOWN e
1401623431821 6 4098 161.5 849.951 0.26666668 5.0 5.0 5.0 5.0 0.0 0.21200001 2 TOUCH_MOVE e
1401623431898 6 4098 161.5 851.451 0.20000002 4.0 4.0 4.0 4.0 0.0 0.18800001 2 TOUCH_MOVE e
1401623431904 6 4098 161.5 851.451 0.23333335 5.0 5.0 5.0 5.0 0.0 0.136 2 TOUCH_MOVE e
1401623431910 6 4098 161.5 851.451 0.23333335 5.0 5.0 5.0 5.0 0.0 0.136 1 TOUCH_UP e
1401623432037 6 4098 368.5 1199.9509 0.23333335 4.0 4.0 4.0 4.0 0.0 0.20400001 0 TOUCH_DOWN Space
1401623432068 6 4098 369.17053 1201.1215 0.23333335 4.0 4.0 4.0 4.0 0.0 0.21200001 2 TOUCH_MOVE Space
1401623432098 6 4098 371.5 1200.9509 0.23333335 5.0 5.0 5.0 5.0 0.0 0.16800001 2 TOUCH_MOVE Space
1401623432107 6 4098 371.5 1200.9509 0.23333335 5.0 5.0 5.0 5.0 0.0 0.16800001 1 TOUCH_UP Space
1401623432568 6 4098 642.0 984.451 0.20000002 4.0 4.0 4.0 4.0 0.0 0.192 0 TOUCH_DOWN l
1401623432594 6 4098 642.0 984.451 0.20000002 4.0 4.0 4.0 4.0 0.0 0.19600001 2 TOUCH_MOVE l
1401623432605 6 4098 642.0 984.951 0.20000002 4.0 4.0 4.0 4.0 0.0 0.17600001 2 TOUCH_MOVE l
1401623432608 6 4098 642.0 984.951 0.20000002 4.0 4.0 4.0 4.0 0.0 0.17600001 1 TOUCH_UP l
1401623432849 6 4098 53.0 972.951 0.16666667 3.0 3.0 3.0 3.0 0.0 0.18800001 0 TOUCH_DOWN a
1401623432867 6 4098 53.0 972.951 0.16666667 3.0 3.0 3.0 3.0 0.0 0.192 2 TOUCH_MOVE a
1401623432899 6 4098 53.885643 972.951 0.16666667 3.0 3.0 3.0 3.0 0.0 0.208 2 TOUCH_MOVE a
1401623432918 6 4098 55.350864 972.951 0.16666667 3.0 3.0 3.0 3.0 0.0 0.20400001 2 TOUCH_MOVE a
1401623432936 6 4098 56.25 972.951 0.16666667 3.0 3.0 3.0 3.0 0.0 0.2 2 TOUCH_MOVE a
1401623432949 6 4098 56.63925 972.31177 0.16666667 3.0 3.0 3.0 3.0 0.0 0.192 2 TOUCH_MOVE a
1401623432971 6 4098 56.63925 972.31177 0.16666667 3.0 3.0 3.0 3.0 0.0 0.192 1 TOUCH_UP a
1401623433188 6 4098 372.5 1220.9509 0.23333335 4.0 4.0 4.0 4.0 0.0 0.19600001 0 TOUCH_DOWN Space
1401623433200 6 4098 372.5 1220.9509 0.23333335 4.0 4.0 4.0 4.0 0.0 0.208 2 TOUCH_MOVE Space
1401623433262 6 4098 372.5 1220.9509 0.23333335 4.0 4.0 4.0 4.0 0.0 0.18 2 TOUCH_MOVE Space
1401623433266 6 4098 372.5 1220.9509 0.23333335 4.0 4.0 4.0 4.0 0.0 0.18 1 TOUCH_UP Space
1401623433677 6 4098 567.5 1081.9509 0.23333335 5.0 5.0 5.0 5.0 0.0 0.20400001 0 TOUCH_DOWN m
1401623433722 6 4098 563.8445 1082.9509 0.23333335 5.0 5.0 5.0 5.0 0.0 0.21200001 2 TOUCH_MOVE m
1401623433757 6 4098 563.5 1083.4509 0.20000002 4.0 4.0 4.0 4.0 0.0 0.192 2 TOUCH_MOVE m
1401623433769 6 4098 563.5 1083.4509 0.20000002 4.0 4.0 4.0 4.0 0.0 0.192 1 TOUCH_UP m
1401623434007 6 4098 590.0 860.951 0.20000002 4.0 4.0 4.0 4.0 0.0 0.208 0 TOUCH_DOWN o
1401623434020 6 4098 590.0 860.951 0.23333335 4.0 4.0 4.0 4.0 0.0 0.21200001 2 TOUCH_MOVE o
1401623434057 6 4098 588.75 860.951 0.23333335 4.0 4.0 4.0 4.0 0.0 0.20400001 2 TOUCH_MOVE o
1401623434060 6 4098 588.75 860.951 0.23333335 4.0 4.0 4.0 4.0 0.0 0.20400001 1 TOUCH_UP o
1401623434398 6 4098 356.0 838.451 0.20000002 4.0 4.0 4.0 4.0 0.0 0.19600001 0 TOUCH_DOWN t
1401623434434 6 4098 356.0 839.60547 0.16666667 3.0 3.0 3.0 3.0 0.0 0.18800001 2 TOUCH_MOVE t
1401623434447 6 4098 355.5 841.451 0.13333334 2.0 2.0 2.0 2.0 0.0 0.17600001 2 TOUCH_MOVE t
1401623434452 6 4098 355.5 841.451 0.13333334 2.0 2.0 2.0 2.0 0.0 0.17600001 1 TOUCH_UP t
1401623434714 6 4098 358.5 1223.9509 0.16666667 3.0 3.0 3.0 3.0 0.0 0.2 0 TOUCH_DOWN Space
1401623434720 6 4098 358.5 1223.9509 0.23333335 4.0 4.0 4.0 4.0 0.0 0.208 2 TOUCH_MOVE Space
1401623434769 6 4098 358.5 1223.0044 0.23333335 4.0 4.0 4.0 4.0 0.0 0.22000001 2 TOUCH_MOVE Space
1401623434785 6 4098 360.15167 1221.6831 0.23333335 4.0 4.0 4.0 4.0 0.0 0.20400001 2 TOUCH_MOVE Space
1401623434801 6 4098 365.0 1219.2009 0.23333335 4.0 4.0 4.0 4.0 0.0 0.17600001 2 TOUCH_MOVE Space
1401623434805 6 4098 365.0 1219.2009 0.23333335 4.0 4.0 4.0 4.0 0.0 0.17600001 1 TOUCH_UP Space
1401623435223 6 4098 202.0 983.951 0.26666668 4.0 4.0 4.0 4.0 0.0 0.2 0 TOUCH_DOWN d
1401623435249 6 4098 204.93864 984.81067 0.3 5.0 5.0 5.0 5.0 0.0 0.216 2 TOUCH_MOVE d
1401623435296 6 4098 208.0 986.451 0.3 5.0 5.0 5.0 5.0 0.0 0.216 2 TOUCH_MOVE d
1401623435304 6 4098 208.0 986.451 0.3 5.0 5.0 5.0 5.0 0.0 0.216 1 TOUCH_UP d
1401623435564 6 4098 589.5 858.451 0.13333334 2.0 2.0 2.0 2.0 0.0 0.156 0 TOUCH_DOWN o
1401623435590 6 4098 589.5 858.451 0.13333334 2.0 2.0 2.0 2.0 0.0 0.156 1 TOUCH_UP o
1401623435860 6 4098 44.0 974.951 0.16666667 3.0 3.0 3.0 3.0 0.0 0.192 0 TOUCH_DOWN a
1401623435901 6 4098 44.513214 974.951 0.16666667 3.0 3.0 3.0 3.0 0.0 0.18800001 2 TOUCH_MOVE a
1401623435918 6 4098 45.0 975.9832 0.20000002 3.0 3.0 3.0 3.0 0.0 0.17600001 2 TOUCH_MOVE a
1401623435928 6 4098 45.0 975.9832 0.20000002 3.0 3.0 3.0 3.0 0.0 0.17600001 1 TOUCH_UP a
1401623437072 6 4098 436.0 971.951 0.23333335 5.0 5.0 5.0 5.0 0.0 0.19600001 0 TOUCH_DOWN h
1401623437126 6 4098 436.0 971.951 0.23333335 5.0 5.0 5.0 5.0 0.0 0.19600001 1 TOUCH_UP h
1401623437373 6 4098 470.0 844.451 0.20000002 4.0 4.0 4.0 4.0 0.0 0.19600001 0 TOUCH_DOWN u
1401623437391 6 4098 470.0 843.9834 0.20000002 4.0 4.0 4.0 4.0 0.0 0.192 2 TOUCH_MOVE u
1401623437412 6 4098 470.5 842.951 0.20000002 4.0 4.0 4.0 4.0 0.0 0.18 2 TOUCH_MOVE u
1401623437414 6 4098 470.5 842.951 0.16666667 3.0 3.0 3.0 3.0 0.0 0.108 2 TOUCH_MOVE u
1401623437418 6 4098 470.5 842.951 0.16666667 3.0 3.0 3.0 3.0 0.0 0.108 1 TOUCH_UP u
1401623438299 6 4098 688.0 1109.4509 0.26666668 5.0 5.0 5.0 5.0 0.0 0.192 0 TOUCH_DOWN Back
1401623438304 6 4098 688.0 1109.4509 0.3 5.0 5.0 5.0 5.0 0.0 0.2 2 TOUCH_MOVE Back
1401623438338 6 4098 686.1469 1110.3041 0.3 5.0 5.0 5.0 5.0 0.0 0.208 2 TOUCH_MOVE Back
1401623438354 6 4098 684.5 1110.4509 0.3 5.0 5.0 5.0 5.0 0.0 0.20400001 2 TOUCH_MOVE Back
1401623438371 6 4098 684.5 1110.4509 0.3 5.0 5.0 5.0 5.0 0.0 0.18400002 2 TOUCH_MOVE Back
1401623438377 6 4098 684.5 1110.4509 0.3 5.0 5.0 5.0 5.0 0.0 0.18400002 1 TOUCH_UP Back
1401623438492 6 4098 674.0 1113.4509 0.33333334 5.0 5.0 5.0 5.0 0.0 0.18800001 0 TOUCH_DOWN Back
1401623438505 6 4098 674.0 1113.4509 0.3 5.0 5.0 5.0 5.0 0.0 0.19600001 2 TOUCH_MOVE Back
1401623438570 6 4098 673.0 1113.9509 0.33333334 5.0 5.0 5.0 5.0 0.0 0.17600001 2 TOUCH_MOVE Back
1401623438573 6 4098 673.0 1113.9509 0.33333334 5.0 5.0 5.0 5.0 0.0 0.17600001 1 TOUCH_UP Back
1401623439184 6 4098 351.0 1199.9509 0.20000002 4.0 4.0 4.0 4.0 0.0 0.192 0 TOUCH_DOWN Space
1401623439190 6 4098 351.0 1199.9509 0.16666667 3.0 3.0 3.0 3.0 0.0 0.192 2 TOUCH_MOVE Space
1401623439205 6 4098 350.43842 1199.9509 0.16666667 3.0 3.0 3.0 3.0 0.0 0.18400002 2 TOUCH_MOVE Space
1401623439238 6 4098 350.43842 1199.9509 0.16666667 3.0 3.0 3.0 3.0 0.0 0.18400002 1 TOUCH_UP Space
1401623439696 6 4098 448.5 970.451 0.23333335 5.0 5.0 5.0 5.0 0.0 0.2 0 TOUCH_DOWN h
1401623439739 6 4098 447.89212 970.451 0.23333335 5.0 5.0 5.0 5.0 0.0 0.192 2 TOUCH_MOVE h
1401623439755 6 4098 447.89212 970.451 0.23333335 5.0 5.0 5.0 5.0 0.0 0.192 1 TOUCH_UP h
1401623439989 6 4098 490.0 855.451 0.20000002 4.0 4.0 4.0 4.0 0.0 0.2 0 TOUCH_DOWN u
1401623440022 6 4098 490.7879 855.451 0.23333335 5.0 5.0 5.0 5.0 0.0 0.19600001 2 TOUCH_MOVE u
1401623440039 6 4098 491.0 855.451 0.23333335 5.0 5.0 5.0 5.0 0.0 0.16000001 2 TOUCH_MOVE u
1401623440042 6 4098 491.0 855.451 0.23333335 5.0 5.0 5.0 5.0 0.0 0.16000001 1 TOUCH_UP u
1401623440345 6 4098 617.5 871.951 0.3 5.0 5.0 5.0 5.0 0.0 0.19600001 0 TOUCH_DOWN o
1401623440356 6 4098 617.5 871.951 0.3 5.0 5.0 5.0 5.0 0.0 0.2 2 TOUCH_MOVE o
1401623440375 6 4098 616.35425 873.09674 0.3 5.0 5.0 5.0 5.0 0.0 0.208 2 TOUCH_MOVE o
1401623440392 6 4098 615.385 873.951 0.3 5.0 5.0 5.0 5.0 0.0 0.20400001 2 TOUCH_MOVE o
1401623440406 6 4098 614.4152 873.951 0.3 5.0 5.0 5.0 5.0 0.0 0.2 2 TOUCH_MOVE o
1401623440422 6 4098 613.4775 873.951 0.26666668 5.0 5.0 5.0 5.0 0.0 0.156 2 TOUCH_MOVE o
1401623440439 6 4098 613.4775 873.951 0.26666668 5.0 5.0 5.0 5.0 0.0 0.156 1 TOUCH_UP o
1401623440853 6 4098 498.5 1113.9509 0.33333334 5.0 5.0 5.0 5.0 0.0 0.19600001 0 TOUCH_DOWN n
1401623440872 6 4098 498.5 1113.9509 0.33333334 5.0 5.0 5.0 5.0 0.0 0.2 2 TOUCH_MOVE n
1401623440897 6 4098 498.5 1114.9996 0.26666668 4.0 4.0 4.0 4.0 0.0 0.20400001 2 TOUCH_MOVE n
1401623440907 6 4098 497.97394 1115.977 0.26666668 4.0 4.0 4.0 4.0 0.0 0.18400002 2 TOUCH_MOVE n
1401623440922 6 4098 498.0 1115.9509 0.20000002 3.0 3.0 3.0 3.0 0.0 0.108 2 TOUCH_MOVE n
1401623440926 6 4098 498.0 1115.9509 0.20000002 3.0 3.0 3.0 3.0 0.0 0.108 1 TOUCH_UP n
1401623441211 6 4098 372.5 970.451 0.20000002 4.0 4.0 4.0 4.0 0.0 0.20400001 0 TOUCH_DOWN g
1401623441226 6 4098 371.27957 970.8112 0.3 5.0 5.0 5.0 5.0 0.0 0.23200001 2 TOUCH_MOVE g
1401623441244 6 4098 365.2577 973.2479 0.26666668 4.0 4.0 4.0 4.0 0.0 0.23600002 2 TOUCH_MOVE g
1401623441257 6 4098 358.37988 976.77606 0.26666668 4.0 4.0 4.0 4.0 0.0 0.23200001 2 TOUCH_MOVE g
1401623441275 6 4098 351.97113 981.22504 0.26666668 4.0 4.0 4.0 4.0 0.0 0.22800002 2 TOUCH_MOVE g
1401623441290 6 4098 347.61133 985.33966 0.23333335 4.0 4.0 4.0 4.0 0.0 0.17600001 2 TOUCH_MOVE g
1401623441296 6 4098 347.61133 985.33966 0.23333335 4.0 4.0 4.0 4.0 0.0 0.17600001 1 TOUCH_UP g
1401623441511 6 4098 357.0 1207.4509 0.23333335 4.0 4.0 4.0 4.0 0.0 0.22000001 0 TOUCH_DOWN Space
1401623441560 6 4098 357.81512 1208.9509 0.23333335 4.0 4.0 4.0 4.0 0.0 0.22000001 2 TOUCH_MOVE Space
1401623441573 6 4098 360.88632 1208.9509 0.23333335 4.0 4.0 4.0 4.0 0.0 0.20400001 2 TOUCH_MOVE Space
1401623441590 6 4098 369.96136 1206.1887 0.23333335 4.0 4.0 4.0 4.0 0.0 0.172 2 TOUCH_MOVE Space
1401623441599 6 4098 369.96136 1206.1887 0.23333335 4.0 4.0 4.0 4.0 0.0 0.172 1 TOUCH_UP Space
1401623442079 6 4098 208.5 960.951 0.23333335 4.0 4.0 4.0 4.0 0.0 0.2 0 TOUCH_DOWN d
1401623442091 6 4098 208.5 960.951 0.26666668 5.0 5.0 5.0 5.0 0.0 0.2 2 TOUCH_MOVE d
1401623442109 6 4098 207.9999 960.951 0.23333335 4.0 4.0 4.0 4.0 0.0 0.19600001 2 TOUCH_MOVE d
1401623442124 6 4098 207.10182 961.8492 0.20000002 4.0 4.0 4.0 4.0 0.0 0.18800001 2 TOUCH_MOVE d
1401623442132 6 4098 207.0 961.951 0.20000002 4.0 4.0 4.0 4.0 0.0 0.17600001 2 TOUCH_MOVE d
1401623442136 6 4098 207.0 961.951 0.20000002 4.0 4.0 4.0 4.0 0.0 0.17600001 1 TOUCH_UP d
1401623442868 6 4098 476.0 859.451 0.20000002 4.0 4.0 4.0 4.0 0.0 0.192 0 TOUCH_DOWN u
1401623442909 6 4098 476.0 859.451 0.20000002 4.0 4.0 4.0 4.0 0.0 0.192 1 TOUCH_UP u
1401623443399 6 4098 600.5 857.951 0.20000002 4.0 4.0 4.0 4.0 0.0 0.192 0 TOUCH_DOWN o
1401623443410 6 4098 600.5 857.951 0.20000002 4.0 4.0 4.0 4.0 0.0 0.192 1 TOUCH_UP o
1401623443742 6 4098 490.0 1113.9509 0.3 5.0 5.0 5.0 5.0 0.0 0.216 0 TOUCH_DOWN n
1401623443760 6 4098 490.0 1113.9509 0.3 5.0 5.0 5.0 5.0 0.0 0.22000001 2 TOUCH_MOVE n
1401623443826 6 4098 490.0 1113.9509 0.33333334 5.0 5.0 5.0 5.0 0.0 0.17600001 2 TOUCH_MOVE n
1401623443829 6 4098 490.0 1113.9509 0.33333334 5.0 5.0 5.0 5.0 0.0 0.17600001 1 TOUCH_UP n
1401623444070 6 4098 371.5 980.951 0.3 5.0 5.0 5.0 5.0 0.0 0.20400001 0 TOUCH_DOWN g
1401623444078 6 4098 371.20004 980.951 0.26666668 4.0 4.0 4.0 4.0 0.0 0.21200001 2 TOUCH_MOVE g
1401623444099 6 4098 369.07877 981.75806 0.26666668 4.0 4.0 4.0 4.0 0.0 0.22000001 2 TOUCH_MOVE g
1401623444109 6 4098 365.868 983.01697 0.26666668 4.0 4.0 4.0 4.0 0.0 0.224 2 TOUCH_MOVE g
1401623444126 6 4098 360.47662 985.21265 0.23333335 4.0 4.0 4.0 4.0 0.0 0.2 2 TOUCH_MOVE g
1401623444139 6 4098 359.0 985.951 0.23333335 4.0 4.0 4.0 4.0 0.0 0.18400002 2 TOUCH_MOVE g
1401623444143 6 4098 359.0 985.951 0.23333335 4.0 4.0 4.0 4.0 0.0 0.18400002 1 TOUCH_UP g
1401623445193 6 4098 696.5 1200.4509 0.13333334 2.0 2.0 2.0 2.0 0.0 0.18400002 0 TOUCH_DOWN Enter
1401623445213 6 4098 696.0414 1202.3682 0.20000002 3.0 3.0 3.0 3.0 0.0 0.2 2 TOUCH_MOVE Enter
1401623445227 6 4098 694.63464 1204.3163 0.20000002 3.0 3.0 3.0 3.0 0.0 0.19600001 2 TOUCH_MOVE Enter
1401623445253 6 4098 694.0 1205.4509 0.16666667 3.0 3.0 3.0 3.0 0.0 0.112 2 TOUCH_MOVE Enter
1401623445257 6 4098 694.0 1205.4509 0.16666667 3.0 3.0 3.0 3.0 0.0 0.112 1 TOUCH_UP Enter
1401623445843 6 4098 679.0 969.951 0.20000002 4.0 4.0 4.0 4.0 0.0 0.2 0 TOUCH_DOWN L
1401623445847 6 4098 679.0 969.951 0.20000002 4.0 4.0 4.0 4.0 0.0 0.20400001 2 TOUCH_MOVE L
1401623445867 6 4098 678.4101 970.0409 0.23333335 5.0 5.0 5.0 5.0 0.0 0.208 2 TOUCH_MOVE L
1401623445884 6 4098 676.88275 971.0096 0.23333335 5.0 5.0 5.0 5.0 0.0 0.208 2 TOUCH_MOVE L
1401623445894 6 4098 674.95355 971.97424 0.23333335 5.0 5.0 5.0 5.0 0.0 0.18800001 2 TOUCH_MOVE L
1401623445910 6 4098 674.5 971.951 0.26666668 5.0 5.0 5.0 5.0 0.0 0.132 2 TOUCH_MOVE L
1401623445914 6 4098 674.5 971.951 0.26666668 5.0 5.0 5.0 5.0 0.0 0.132 1 TOUCH_UP L
1401623446115 6 4098 60.5 959.451 0.20000002 3.0 3.0 3.0 3.0 0.0 0.2 0 TOUCH_DOWN a
1401623446132 6 4098 60.5 959.451 0.20000002 3.0 3.0 3.0 3.0 0.0 0.208 2 TOUCH_MOVE a
1401623446158 6 4098 61.49816 959.94916 0.20000002 3.0 3.0 3.0 3.0 0.0 0.21200001 2 TOUCH_MOVE a
1401623446180 6 4098 63.4281 960.451 0.20000002 3.0 3.0 3.0 3.0 0.0 0.21200001 2 TOUCH_MOVE a
1401623446195 6 4098 64.0 961.3441 0.20000002 3.0 3.0 3.0 3.0 0.0 0.208 2 TOUCH_MOVE a
1401623446213 6 4098 64.0 961.951 0.16666667 3.0 3.0 3.0 3.0 0.0 0.18400002 2 TOUCH_MOVE a
1401623446220 6 4098 64.0 961.951 0.16666667 3.0 3.0 3.0 3.0 0.0 0.104 2 TOUCH_MOVE a
1401623446224 6 4098 64.0 961.951 0.16666667 3.0 3.0 3.0 3.0 0.0 0.104 1 TOUCH_UP a
1401623446554 6 4098 323.5 1240.4509 0.16666667 4.0 4.0 4.0 4.0 0.0 0.192 0 TOUCH_DOWN Space
1401623446561 6 4098 322.87555 1240.4509 0.23333335 5.0 5.0 5.0 5.0 0.0 0.208 2 TOUCH_MOVE Space
1401623446579 6 4098 320.8404 1238.2115 0.23333335 5.0 5.0 5.0 5.0 0.0 0.22000001 2 TOUCH_MOVE Space
1401623446595 6 4098 318.40906 1235.3146 0.23333335 5.0 5.0 5.0 5.0 0.0 0.216 2 TOUCH_MOVE Space
1401623446612 6 4098 316.5232 1233.9625 0.23333335 5.0 5.0 5.0 5.0 0.0 0.22000001 2 TOUCH_MOVE Space
1401623446629 6 4098 315.5068 1233.9509 0.23333335 5.0 5.0 5.0 5.0 0.0 0.208 2 TOUCH_MOVE Space
1401623446644 6 4098 315.5 1234.4509 0.16666667 4.0 4.0 4.0 4.0 0.0 0.18 2 TOUCH_MOVE Space
1401623446648 6 4098 315.5 1234.4509 0.16666667 4.0 4.0 4.0 4.0 0.0 0.18 1 TOUCH_UP Space
1401623447223 6 4098 509.0 1100.4509 0.3 5.0 5.0 5.0 5.0 0.0 0.20400001 0 TOUCH_DOWN n
1401623447229 6 4098 509.0 1100.4509 0.3 5.0 5.0 5.0 5.0 0.0 0.21200001 2 TOUCH_MOVE n
1401623447246 6 4098 507.82413 1100.4509 0.3 5.0 5.0 5.0 5.0 0.0 0.22000001 2 TOUCH_MOVE n
1401623447262 6 4098 503.4167 1100.9509 0.3 5.0 5.0 5.0 5.0 0.0 0.224 2 TOUCH_MOVE n
1401623447280 6 4098 500.6864 1101.4509 0.3 5.0 5.0 5.0 5.0 0.0 0.22000001 2 TOUCH_MOVE n
1401623447297 6 4098 498.86365 1102.5192 0.3 5.0 5.0 5.0 5.0 0.0 0.18400002 2 TOUCH_MOVE n
1401623447303 6 4098 498.86365 1102.5192 0.3 5.0 5.0 5.0 5.0 0.0 0.18400002 1 TOUCH_UP n
1401623447515 6 4098 354.5 989.451 0.20000002 4.0 4.0 4.0 4.0 0.0 0.20400001 0 TOUCH_DOWN g
1401623447536 6 4098 355.25 989.451 0.26666668 4.0 4.0 4.0 4.0 0.0 0.22000001 2 TOUCH_MOVE g
1401623447562 6 4098 355.0 989.451 0.23333335 5.0 5.0 5.0 5.0 0.0 0.192 2 TOUCH_MOVE g
1401623447581 6 4098 354.25 990.951 0.26666668 5.0 5.0 5.0 5.0 0.0 0.17600001 2 TOUCH_MOVE g
1401623447590 6 4098 354.25 990.951 0.26666668 5.0 5.0 5.0 5.0 0.0 0.17600001 1 TOUCH_UP g
1401623447838 6 4098 483.5 855.951 0.20000002 4.0 4.0 4.0 4.0 0.0 0.192 0 TOUCH_DOWN u
1401623447865 6 4098 485.44388 856.7656 0.20000002 4.0 4.0 4.0 4.0 0.0 0.18800001 2 TOUCH_MOVE u
1401623447879 6 4098 488.5 857.451 0.23333335 5.0 5.0 5.0 5.0 0.0 0.18 2 TOUCH_MOVE u
1401623447890 6 4098 488.5 857.451 0.23333335 5.0 5.0 5.0 5.0 0.0 0.136 2 TOUCH_MOVE u
1401623447893 6 4098 488.5 857.451 0.23333335 5.0 5.0 5.0 5.0 0.0 0.136 1 TOUCH_UP u
1401623448127 6 4098 595.0 858.451 0.16666667 3.0 3.0 3.0 3.0 0.0 0.192 0 TOUCH_DOWN o
1401623448178 6 4098 595.0 858.451 0.16666667 3.0 3.0 3.0 3.0 0.0 0.192 1 TOUCH_UP o
1401623448270 6 4098 536.0 854.951 0.20000002 4.0 4.0 4.0 4.0 0.0 0.19600001 0 TOUCH_DOWN i
1401623448280 6 4098 536.0 854.951 0.16666667 3.0 3.0 3.0 3.0 0.0 0.2 2 TOUCH_MOVE i
1401623448347 6 4098 536.0 854.951 0.16666667 3.0 3.0 3.0 3.0 0.0 0.2 1 TOUCH_UP i
1401623448755 6 4098 302.5 1205.9509 0.23333335 4.0 4.0 4.0 4.0 0.0 0.224 0 TOUCH_DOWN Space
1401623448777 6 4098 302.5 1206.1747 0.23333335 4.0 4.0 4.0 4.0 0.0 0.23200001 2 TOUCH_MOVE Space
1401623448797 6 4098 302.5 1206.4509 0.23333335 4.0 4.0 4.0 4.0 0.0 0.23200001 2 TOUCH_MOVE Space
1401623448805 6 4098 302.5 1206.4509 0.23333335 4.0 4.0 4.0 4.0 0.0 0.18800001 2 TOUCH_MOVE Space
1401623448810 6 4098 302.5 1206.4509 0.23333335 4.0 4.0 4.0 4.0 0.0 0.18800001 1 TOUCH_UP Space
1401623449535 6 4098 309.0 855.451 0.20000002 4.0 4.0 4.0 4.0 0.0 0.2 0 TOUCH_DOWN t
1401623449564 6 4098 309.0 855.16974 0.23333335 4.0 4.0 4.0 4.0 0.0 0.224 2 TOUCH_MOVE t
1401623449581 6 4098 309.0 854.2281 0.23333335 4.0 4.0 4.0 4.0 0.0 0.216 2 TOUCH_MOVE t
1401623449598 6 4098 307.1648 853.2422 0.23333335 4.0 4.0 4.0 4.0 0.0 0.208 2 TOUCH_MOVE t
1401623449617 6 4098 306.0 852.951 0.13333334 2.0 2.0 2.0 2.0 0.0 0.164 2 TOUCH_MOVE t
1401623449621 6 4098 306.0 852.951 0.13333334 2.0 2.0 2.0 2.0 0.0 0.164 1 TOUCH_UP t
1401623449889 6 4098 603.5 850.951 0.20000002 4.0 4.0 4.0 4.0 0.0 0.19600001 0 TOUCH_DOWN o
1401623449911 6 4098 603.2211 850.951 0.23333335 4.0 4.0 4.0 4.0 0.0 0.2 2 TOUCH_MOVE o
1401623449938 6 4098 601.655 849.606 0.23333335 4.0 4.0 4.0 4.0 0.0 0.20400001 2 TOUCH_MOVE o
1401623449948 6 4098 600.5347 848.4857 0.23333335 4.0 4.0 4.0 4.0 0.0 0.19600001 2 TOUCH_MOVE o
1401623449956 6 4098 600.5 848.451 0.23333335 4.0 4.0 4.0 4.0 0.0 0.18 2 TOUCH_MOVE o
1401623449960 6 4098 600.5 848.451 0.23333335 4.0 4.0 4.0 4.0 0.0 0.18 1 TOUCH_UP o
1401623450050 6 4098 537.5 856.951 0.20000002 4.0 4.0 4.0 4.0 0.0 0.2 0 TOUCH_DOWN i
1401623450086 6 4098 537.5 856.951 0.26666668 5.0 5.0 5.0 5.0 0.0 0.224 2 TOUCH_MOVE i
1401623450098 6 4098 536.75 856.951 0.23333335 4.0 4.0 4.0 4.0 0.0 0.22000001 2 TOUCH_MOVE i
1401623450115 6 4098 537.0 857.6842 0.23333335 4.0 4.0 4.0 4.0 0.0 0.21200001 2 TOUCH_MOVE i
1401623450131 6 4098 537.0 857.6842 0.23333335 4.0 4.0 4.0 4.0 0.0 0.21200001 1 TOUCH_UP i
1401623450469 6 4098 339.0 1223.4509 0.26666668 5.0 5.0 5.0 5.0 0.0 0.216 0 TOUCH_DOWN Space
1401623450486 6 4098 338.5861 1223.4509 0.26666668 5.0 5.0 5.0 5.0 0.0 0.224 2 TOUCH_MOVE Space
1401623450508 6 4098 337.6883 1222.6393 0.26666668 5.0 5.0 5.0 5.0 0.0 0.23600002 2 TOUCH_MOVE Space
1401623450515 6 4098 337.5 1221.675 0.26666668 5.0 5.0 5.0 5.0 0.0 0.23200001 2 TOUCH_MOVE Space
1401623450532 6 4098 337.7415 1220.7095 0.26666668 5.0 5.0 5.0 5.0 0.0 0.224 2 TOUCH_MOVE Space
1401623450549 6 4098 338.0 1220.4509 0.23333335 4.0 4.0 4.0 4.0 0.0 0.19600001 2 TOUCH_MOVE Space
1401623450561 6 4098 338.0 1220.4509 0.16666667 3.0 3.0 3.0 3.0 0.0 0.112 2 TOUCH_MOVE Space
1401623450564 6 4098 338.0 1220.4509 0.16666667 3.0 3.0 3.0 3.0 0.0 0.112 1 TOUCH_UP Space
1401623450762 6 4098 118.0 950.951 0.26666668 4.0 4.0 4.0 4.0 0.0 0.21200001 0 TOUCH_DOWN s
1401623450772 6 4098 118.60376 950.6491 0.26666668 4.0 4.0 4.0 4.0 0.0 0.22000001 2 TOUCH_MOVE s
1401623450795 6 4098 120.91958 949.2412 0.3 5.0 5.0 5.0 5.0 0.0 0.23200001 2 TOUCH_MOVE s
1401623450803 6 4098 122.67688 948.2741 0.3 5.0 5.0 5.0 5.0 0.0 0.23600002 2 TOUCH_MOVE s
1401623450815 6 4098 123.637634 947.951 0.3 5.0 5.0 5.0 5.0 0.0 0.22800002 2 TOUCH_MOVE s
1401623450853 6 4098 123.637634 947.951 0.3 5.0 5.0 5.0 5.0 0.0 0.22800002 1 TOUCH_UP s
1401623450986 6 4098 141.5 842.451 0.26666668 4.0 4.0 4.0 4.0 0.0 0.224 0 TOUCH_DOWN w
1401623450999 6 4098 141.5 842.451 0.3 5.0 5.0 5.0 5.0 0.0 0.224 2 TOUCH_MOVE w
1401623451066 6 4098 141.5 842.451 0.23333335 4.0 4.0 4.0 4.0 0.0 0.18400002 2 TOUCH_MOVE w
1401623451069 6 4098 141.5 842.451 0.23333335 4.0 4.0 4.0 4.0 0.0 0.18400002 1 TOUCH_UP w
1401623451897 6 4098 687.5 1085.4509 0.20000002 4.0 4.0 4.0 4.0 0.0 0.19600001 0 TOUCH_DOWN Back
1401623451902 6 4098 687.5 1085.4509 0.20000002 4.0 4.0 4.0 4.0 0.0 0.2 2 TOUCH_MOVE Back
1401623451920 6 4098 686.6823 1086.2686 0.20000002 4.0 4.0 4.0 4.0 0.0 0.20400001 2 TOUCH_MOVE Back
1401623451934 6 4098 685.72 1087.231 0.23333335 4.0 4.0 4.0 4.0 0.0 0.208 2 TOUCH_MOVE Back
1401623451951 6 4098 684.50116 1088.2003 0.23333335 4.0 4.0 4.0 4.0 0.0 0.2 2 TOUCH_MOVE Back
1401623451971 6 4098 683.5 1088.9509 0.23333335 4.0 4.0 4.0 4.0 0.0 0.14400001 2 TOUCH_MOVE Back
1401623451991 6 4098 683.5 1088.9509 0.23333335 4.0 4.0 4.0 4.0 0.0 0.14400001 1 TOUCH_UP Back
1401623452049 6 4098 669.0 1096.9509 0.3 5.0 5.0 5.0 5.0 0.0 0.19600001 0 TOUCH_DOWN Back
1401623452057 6 4098 669.0 1096.9694 0.3 5.0 5.0 5.0 5.0 0.0 0.208 2 TOUCH_MOVE Back
1401623452074 6 4098 669.0 1097.953 0.3 5.0 5.0 5.0 5.0 0.0 0.208 2 TOUCH_MOVE Back
1401623452083 6 4098 668.55396 1098.897 0.3 5.0 5.0 5.0 5.0 0.0 0.208 2 TOUCH_MOVE Back
1401623452100 6 4098 668.5 1099.8826 0.3 5.0 5.0 5.0 5.0 0.0 0.20400001 2 TOUCH_MOVE Back
1401623452116 6 4098 668.5 1099.9509 0.3 5.0 5.0 5.0 5.0 0.0 0.2 2 TOUCH_MOVE Back
1401623452121 6 4098 668.5 1099.9509 0.3 5.0 5.0 5.0 5.0 0.0 0.2 1 TOUCH_UP Back
1401623452879 6 4098 140.0 1000.951 0.23333335 5.0 5.0 5.0 5.0 0.0 0.18400002 0 TOUCH_DOWN s
1401623452898 6 4098 139.8916 1000.951 0.23333335 5.0 5.0 5.0 5.0 0.0 0.18800001 2 TOUCH_MOVE s
1401623452930 6 4098 139.0 1000.451 0.20000002 4.0 4.0 4.0 4.0 0.0 0.156 2 TOUCH_MOVE s
1401623452937 6 4098 139.0 1000.451 0.20000002 4.0 4.0 4.0 4.0 0.0 0.156 1 TOUCH_UP s
1401623453164 6 4098 148.5 818.451 0.26666668 4.0 4.0 4.0 4.0 0.0 0.21200001 0 TOUCH_DOWN e
1401623453182 6 4098 148.5 818.451 0.3 5.0 5.0 5.0 5.0 0.0 0.22000001 2 TOUCH_MOVE e
1401623453222 6 4098 148.5 821.2479 0.33333334 5.0 5.0 5.0 5.0 0.0 0.22000001 2 TOUCH_MOVE e
1401623453235 6 4098 148.5 826.0279 0.3 5.0 5.0 5.0 5.0 0.0 0.21200001 2 TOUCH_MOVE e
1401623453242 6 4098 148.5 826.451 0.26666668 4.0 4.0 4.0 4.0 0.0 0.18800001 2 TOUCH_MOVE e
1401623453246 6 4098 148.5 826.451 0.26666668 4.0 4.0 4.0 4.0 0.0 0.18800001 1 TOUCH_UP e
1401623453443 6 4098 408.5 1237.9509 0.10000001 2.0 2.0 2.0 2.0 0.0 0.164 0 TOUCH_DOWN ,
1401623453460 6 4098 408.5 1237.7435 0.16666667 3.0 3.0 3.0 3.0 0.0 0.18 2 TOUCH_MOVE ,
1401623453476 6 4098 408.5 1237.4509 0.16666667 3.0 3.0 3.0 3.0 0.0 0.14 2 TOUCH_MOVE ,
1401623453483 6 4098 408.5 1237.4509 0.16666667 3.0 3.0 3.0 3.0 0.0 0.14 1 TOUCH_UP ,
1401623454509 6 4098 686.5 1081.4509 0.20000002 4.0 4.0 4.0 4.0 0.0 0.2 0 TOUCH_DOWN Back
1401623454519 6 4098 686.5 1081.4509 0.20000002 4.0 4.0 4.0 4.0 0.0 0.20400001 2 TOUCH_MOVE Back
1401623454536 6 4098 685.47345 1081.4509 0.20000002 4.0 4.0 4.0 4.0 0.0 0.21200001 2 TOUCH_MOVE Back
1401623454552 6 4098 681.1922 1082.7257 0.23333335 5.0 5.0 5.0 5.0 0.0 0.208 2 TOUCH_MOVE Back
1401623454570 6 4098 674.125 1090.2104 0.3 5.0 5.0 5.0 5.0 0.0 0.20400001 2 TOUCH_MOVE Back
1401623454586 6 4098 669.1332 1097.0012 0.16666667 3.0 3.0 3.0 3.0 0.0 0.136 2 TOUCH_MOVE Back
1401623454592 6 4098 669.1332 1097.0012 0.16666667 3.0 3.0 3.0 3.0 0.0 0.136 1 TOUCH_UP Back
1401623454897 6 4098 327.0 1248.9509 0.20000002 5.0 5.0 5.0 5.0 0.0 0.18800001 0 TOUCH_DOWN Space
1401623454903 6 4098 326.4888 1248.4397 0.20000002 5.0 5.0 5.0 5.0 0.0 0.2 2 TOUCH_MOVE Space
1401623454936 6 4098 326.5 1247.2009 0.20000002 5.0 5.0 5.0 5.0 0.0 0.19600001 2 TOUCH_MOVE Space
1401623454954 6 4098 328.0 1246.9509 0.20000002 5.0 5.0 5.0 5.0 0.0 0.17600001 2 TOUCH_MOVE Space
1401623454958 6 4098 328.0 1246.9509 0.20000002 5.0 5.0 5.0 5.0 0.0 0.17600001 1 TOUCH_UP Space
1401623455818 6 4098 270.0 1101.4509 0.3 5.0 5.0 5.0 5.0 0.0 0.19600001 0 TOUCH_DOWN c
1401623455879 6 4098 270.0 1101.4509 0.20000002 3.0 3.0 3.0 3.0 0.0 0.108 2 TOUCH_MOVE c
1401623455882 6 4098 270.0 1101.4509 0.20000002 3.0 3.0 3.0 3.0 0.0 0.108 1 TOUCH_UP c
1401623456043 6 4098 438.0 972.951 0.23333335 5.0 5.0 5.0 5.0 0.0 0.2 0 TOUCH_DOWN h
1401623456054 6 4098 438.0 972.951 0.20000002 4.0 4.0 4.0 4.0 0.0 0.2 2 TOUCH_MOVE h
1401623456088 6 4098 438.0 972.951 0.23333335 4.0 4.0 4.0 4.0 0.0 0.16800001 2 TOUCH_MOVE h
1401623456096 6 4098 438.0 972.951 0.23333335 4.0 4.0 4.0 4.0 0.0 0.16800001 1 TOUCH_UP h
1401623456481 6 4098 154.0 850.951 0.20000002 4.0 4.0 4.0 4.0 0.0 0.17600001 0 TOUCH_DOWN e
1401623456497 6 4098 154.0 850.951 0.20000002 4.0 4.0 4.0 4.0 0.0 0.17600001 1 TOUCH_UP e
1401623456820 6 4098 354.5 847.951 0.23333335 4.0 4.0 4.0 4.0 0.0 0.20400001 0 TOUCH_DOWN t
1401623456888 6 4098 353.5 848.451 0.20000002 4.0 4.0 4.0 4.0 0.0 0.18400002 2 TOUCH_MOVE t
1401623456898 6 4098 353.5 848.451 0.13333334 2.0 2.0 2.0 2.0 0.0 0.120000005 2 TOUCH_MOVE t
1401623456902 6 4098 353.5 848.451 0.13333334 2.0 2.0 2.0 2.0 0.0 0.120000005 1 TOUCH_UP t
1401623457305 6 4098 358.5 1216.9509 0.16666667 3.0 3.0 3.0 3.0 0.0 0.20400001 0 TOUCH_DOWN Space
1401623457324 6 4098 358.5 1216.9509 0.23333335 4.0 4.0 4.0 4.0 0.0 0.216 2 TOUCH_MOVE Space
1401623457338 6 4098 357.69672 1216.9509 0.23333335 4.0 4.0 4.0 4.0 0.0 0.224 2 TOUCH_MOVE Space
1401623457355 6 4098 357.25 1216.9509 0.23333335 4.0 4.0 4.0 4.0 0.0 0.22000001 2 TOUCH_MOVE Space
1401623457377 6 4098 357.25 1216.9509 0.23333335 4.0 4.0 4.0 4.0 0.0 0.22000001 1 TOUCH_UP Space
1401623458364 6 4098 270.0 1113.4509 0.33333334 5.0 5.0 5.0 5.0 0.0 0.2 0 TOUCH_DOWN c
1401623458372 6 4098 270.0 1113.4509 0.33333334 5.0 5.0 5.0 5.0 0.0 0.208 2 TOUCH_MOVE c
1401623458442 6 4098 270.0 1113.4509 0.33333334 5.0 5.0 5.0 5.0 0.0 0.18400002 2 TOUCH_MOVE c
1401623458447 6 4098 270.0 1113.4509 0.33333334 5.0 5.0 5.0 5.0 0.0 0.18400002 1 TOUCH_UP c
1401623458667 6 4098 423.5 973.451 0.20000002 3.0 3.0 3.0 3.0 0.0 0.20400001 0 TOUCH_DOWN h
1401623458673 6 4098 423.5 973.451 0.23333335 4.0 4.0 4.0 4.0 0.0 0.21200001 2 TOUCH_MOVE h
1401623458707 6 4098 423.5 974.1057 0.3 5.0 5.0 5.0 5.0 0.0 0.224 2 TOUCH_MOVE h
1401623458723 6 4098 423.5 974.67554 0.26666668 5.0 5.0 5.0 5.0 0.0 0.22000001 2 TOUCH_MOVE h
1401623458739 6 4098 425.0 974.951 0.26666668 5.0 5.0 5.0 5.0 0.0 0.2 2 TOUCH_MOVE h
1401623458748 6 4098 425.0 974.951 0.23333335 5.0 5.0 5.0 5.0 0.0 0.17600001 2 TOUCH_MOVE h
1401623458751 6 4098 425.0 974.951 0.23333335 5.0 5.0 5.0 5.0 0.0 0.17600001 1 TOUCH_UP h
1401623459026 6 4098 601.5 864.451 0.23333335 4.0 4.0 4.0 4.0 0.0 0.192 0 TOUCH_DOWN o
1401623459042 6 4098 601.89166 864.84265 0.26666668 5.0 5.0 5.0 5.0 0.0 0.19600001 2 TOUCH_MOVE o
1401623459057 6 4098 602.74255 865.69354 0.26666668 5.0 5.0 5.0 5.0 0.0 0.20400001 2 TOUCH_MOVE o
1401623459073 6 4098 603.7159 866.6669 0.26666668 5.0 5.0 5.0 5.0 0.0 0.2 2 TOUCH_MOVE o
1401623459090 6 4098 604.6775 867.6285 0.23333335 4.0 4.0 4.0 4.0 0.0 0.18 2 TOUCH_MOVE o
1401623459096 6 4098 604.6775 867.6285 0.23333335 4.0 4.0 4.0 4.0 0.0 0.18 1 TOUCH_UP o
1401623459416 6 4098 339.5 1215.9509 0.26666668 5.0 5.0 5.0 5.0 0.0 0.216 0 TOUCH_DOWN Space
1401623459432 6 4098 339.5 1215.9509 0.26666668 5.0 5.0 5.0 5.0 0.0 0.224 2 TOUCH_MOVE Space
1401623459491 6 4098 340.0 1215.9509 0.23333335 4.0 4.0 4.0 4.0 0.0 0.18400002 2 TOUCH_MOVE Space
1401623459495 6 4098 340.0 1215.9509 0.23333335 4.0 4.0 4.0 4.0 0.0 0.18400002 1 TOUCH_UP Space
1401623459757 6 4098 29.5 849.951 0.10000001 2.0 2.0 2.0 2.0 0.0 0.14400001 0 TOUCH_DOWN q
1401623459759 6 4098 29.5 849.951 0.10000001 2.0 2.0 2.0 2.0 0.0 0.16800001 2 TOUCH_MOVE q
1401623459791 6 4098 32.608395 849.24817 0.20000002 3.0 3.0 3.0 3.0 0.0 0.192 2 TOUCH_MOVE q
1401623459808 6 4098 35.511635 848.28046 0.16666667 3.0 3.0 3.0 3.0 0.0 0.192 2 TOUCH_MOVE q
1401623459830 6 4098 36.615982 848.451 0.16666667 3.0 3.0 3.0 3.0 0.0 0.18800001 2 TOUCH_MOVE q
1401623459841 6 4098 37.25 848.451 0.16666667 3.0 3.0 3.0 3.0 0.0 0.18800001 2 TOUCH_MOVE q
1401623459856 6 4098 37.0 848.451 0.10000001 2.0 2.0 2.0 2.0 0.0 0.14400001 2 TOUCH_MOVE q
1401623459860 6 4098 37.0 848.451 0.10000001 2.0 2.0 2.0 2.0 0.0 0.14400001 1 TOUCH_UP q
1401623460192 6 4098 502.0 860.951 0.23333335 5.0 5.0 5.0 5.0 0.0 0.2 0 TOUCH_DOWN u
1401623460224 6 4098 501.21423 861.23676 0.23333335 5.0 5.0 5.0 5.0 0.0 0.20400001 2 TOUCH_MOVE u
1401623460241 6 4098 499.99933 862.2013 0.26666668 5.0 5.0 5.0 5.0 0.0 0.19600001 2 TOUCH_MOVE u
1401623460258 6 4098 498.7874 863.1636 0.26666668 5.0 5.0 5.0 5.0 0.0 0.148 2 TOUCH_MOVE u
1401623460263 6 4098 498.7874 863.1636 0.26666668 5.0 5.0 5.0 5.0 0.0 0.148 1 TOUCH_UP u
1401623460513 6 4098 160.0 848.951 0.26666668 5.0 5.0 5.0 5.0 0.0 0.19600001 0 TOUCH_DOWN e
1401623460524 6 4098 160.0 848.951 0.26666668 5.0 5.0 5.0 5.0 0.0 0.20400001 2 TOUCH_MOVE e
1401623460577 6 4098 160.0 849.451 0.23333335 5.0 5.0 5.0 5.0 0.0 0.18800001 2 TOUCH_MOVE e
1401623460592 6 4098 160.0 849.451 0.23333335 5.0 5.0 5.0 5.0 0.0 0.148 2 TOUCH_MOVE e
1401623460596 6 4098 160.0 849.451 0.23333335 5.0 5.0 5.0 5.0 0.0 0.148 1 TOUCH_UP e
1401623460737 6 4098 376.5 1223.9509 0.23333335 4.0 4.0 4.0 4.0 0.0 0.21200001 0 TOUCH_DOWN Space
1401623460743 6 4098 376.5 1223.9509 0.23333335 4.0 4.0 4.0 4.0 0.0 0.22000001 2 TOUCH_MOVE Space
1401623460775 6 4098 376.0 1223.3235 0.26666668 5.0 5.0 5.0 5.0 0.0 0.23200001 2 TOUCH_MOVE Space
1401623460792 6 4098 376.0 1222.3096 0.23333335 4.0 4.0 4.0 4.0 0.0 0.224 2 TOUCH_MOVE Space
1401623460808 6 4098 376.0 1222.4509 0.23333335 4.0 4.0 4.0 4.0 0.0 0.19600001 2 TOUCH_MOVE Space
1401623460823 6 4098 376.0 1222.4509 0.26666668 5.0 5.0 5.0 5.0 0.0 0.156 2 TOUCH_MOVE Space
1401623460828 6 4098 376.0 1222.4509 0.26666668 5.0 5.0 5.0 5.0 0.0 0.156 1 TOUCH_UP Space
1401623461268 6 4098 463.0 986.951 0.26666668 4.0 4.0 4.0 4.0 0.0 0.208 0 TOUCH_DOWN h
1401623461284 6 4098 463.0 987.5215 0.3 5.0 5.0 5.0 5.0 0.0 0.22000001 2 TOUCH_MOVE h
1401623461306 6 4098 462.5 988.451 0.26666668 4.0 4.0 4.0 4.0 0.0 0.21200001 2 TOUCH_MOVE h
1401623461324 6 4098 462.5 988.451 0.13333334 2.0 2.0 2.0 2.0 0.0 0.1 2 TOUCH_MOVE h
1401623461330 6 4098 462.5 988.451 0.13333334 2.0 2.0 2.0 2.0 0.0 0.1 1 TOUCH_UP h
1401623461500 6 4098 480.5 851.951 0.23333335 4.0 4.0 4.0 4.0 0.0 0.208 0 TOUCH_DOWN u
1401623461509 6 4098 480.5 851.951 0.23333335 4.0 4.0 4.0 4.0 0.0 0.216 2 TOUCH_MOVE u
1401623461551 6 4098 480.5 851.951 0.20000002 4.0 4.0 4.0 4.0 0.0 0.18 2 TOUCH_MOVE u
1401623461555 6 4098 480.5 851.951 0.20000002 4.0 4.0 4.0 4.0 0.0 0.18 1 TOUCH_UP u
1401623461956 6 4098 618.0 855.451 0.20000002 4.0 4.0 4.0 4.0 0.0 0.18800001 0 TOUCH_DOWN o
1401623461992 6 4098 618.0 855.451 0.23333335 5.0 5.0 5.0 5.0 0.0 0.156 2 TOUCH_MOVE o
1401623462001 6 4098 618.0 855.451 0.23333335 5.0 5.0 5.0 5.0 0.0 0.156 1 TOUCH_UP o
1401623462348 6 4098 496.0 1119.4509 0.3 5.0 5.0 5.0 5.0 0.0 0.19600001 0 TOUCH_DOWN n
1401623462359 6 4098 496.0 1119.4509 0.3 5.0 5.0 5.0 5.0 0.0 0.2 2 TOUCH_MOVE n
1401623462432 6 4098 496.0 1119.4509 0.3 5.0 5.0 5.0 5.0 0.0 0.2 1 TOUCH_UP n
1401623462729 6 4098 365.5 977.451 0.16666667 3.0 3.0 3.0 3.0 0.0 0.17600001 0 TOUCH_DOWN g
1401623462750 6 4098 366.46973 977.9207 0.23333335 4.0 4.0 4.0 4.0 0.0 0.18400002 2 TOUCH_MOVE g
1401623462760 6 4098 367.0 978.451 0.23333335 4.0 4.0 4.0 4.0 0.0 0.17600001 2 TOUCH_MOVE g
1401623462773 6 4098 367.0 978.451 0.16666667 3.0 3.0 3.0 3.0 0.0 0.132 2 TOUCH_MOVE g
1401623462788 6 4098 367.0 978.451 0.16666667 3.0 3.0 3.0 3.0 0.0 0.132 1 TOUCH_UP g
1401623462942 6 4098 370.5 1203.9509 0.23333335 4.0 4.0 4.0 4.0 0.0 0.19600001 0 TOUCH_DOWN Space
1401623462963 6 4098 370.5 1204.9054 0.23333335 4.0 4.0 4.0 4.0 0.0 0.20400001 2 TOUCH_MOVE Space
1401623462979 6 4098 370.5 1205.4614 0.23333335 4.0 4.0 4.0 4.0 0.0 0.2 2 TOUCH_MOVE Space
1401623462993 6 4098 370.9367 1205.9509 0.23333335 4.0 4.0 4.0 4.0 0.0 0.192 2 TOUCH_MOVE Space
1401623463010 6 4098 371.0 1205.9509 0.23333335 4.0 4.0 4.0 4.0 0.0 0.148 2 TOUCH_MOVE Space
1401623463013 6 4098 371.0 1205.9509 0.23333335 4.0 4.0 4.0 4.0 0.0 0.148 1 TOUCH_UP Space
1401623463585 6 4098 340.0 854.951 0.23333335 5.0 5.0 5.0 5.0 0.0 0.192 0 TOUCH_DOWN t
1401623463598 6 4098 339.66986 854.951 0.23333335 5.0 5.0 5.0 5.0 0.0 0.19600001 2 TOUCH_MOVE t
1401623463613 6 4098 338.86365 854.951 0.20000002 4.0 4.0 4.0 4.0 0.0 0.2 2 TOUCH_MOVE t
1401623463640 6 4098 335.1552 856.0372 0.23333335 5.0 5.0 5.0 5.0 0.0 0.18800001 2 TOUCH_MOVE t
1401623463643 6 4098 333.5 856.451 0.23333335 5.0 5.0 5.0 5.0 0.0 0.172 2 TOUCH_MOVE t
1401623463647 6 4098 333.5 856.451 0.23333335 5.0 5.0 5.0 5.0 0.0 0.172 1 TOUCH_UP t
1401623463970 6 4098 597.0 856.451 0.20000002 4.0 4.0 4.0 4.0 0.0 0.19600001 0 TOUCH_DOWN o
1401623464011 6 4098 597.0 854.951 0.16666667 3.0 3.0 3.0 3.0 0.0 0.18 2 TOUCH_MOVE o
1401623464021 6 4098 597.0 854.951 0.20000002 3.0 3.0 3.0 3.0 0.0 0.1 2 TOUCH_MOVE o
1401623464025 6 4098 597.0 854.951 0.20000002 3.0 3.0 3.0 3.0 0.0 0.1 1 TOUCH_UP o
1401623464101 6 4098 565.5 860.451 0.23333335 5.0 5.0 5.0 5.0 0.0 0.19600001 0 TOUCH_DOWN i
1401623464111 6 4098 565.5 860.451 0.26666668 5.0 5.0 5.0 5.0 0.0 0.20400001 2 TOUCH_MOVE i
1401623464128 6 4098 563.9111 862.0399 0.26666668 5.0 5.0 5.0 5.0 0.0 0.22000001 2 TOUCH_MOVE i
1401623464145 6 4098 561.97815 863.97284 0.26666668 5.0 5.0 5.0 5.0 0.0 0.22000001 2 TOUCH_MOVE i
1401623464161 6 4098 561.047 864.904 0.26666668 5.0 5.0 5.0 5.0 0.0 0.216 2 TOUCH_MOVE i
1401623464180 6 4098 561.0 865.701 0.26666668 5.0 5.0 5.0 5.0 0.0 0.192 2 TOUCH_MOVE i
1401623464198 6 4098 561.0 865.701 0.26666668 5.0 5.0 5.0 5.0 0.0 0.192 1 TOUCH_UP i
