1401623602320 6 4098 502.5 1118.9509 0.3 5.0 5.0 5.0 5.0 0.0 0.192 0 TOUCH_DOWN N
1401623602339 6 4098 502.5 1118.9509 0.3 5.0 5.0 5.0 5.0 0.0 0.19600001 2 TOUCH_MOVE N
1401623602362 6 4098 502.5 1118.9509 0.3 5.0 5.0 5.0 5.0 0.0 0.19600001 1 TOUCH_UP N
1401623602702 6 4098 163.5 849.951 0.26666668 5.0 5.0 5.0 5.0 0.0 0.19600001 0 TOUCH_DOWN e
1401623602723 6 4098 163.5 849.951 0.23333335 5.0 5.0 5.0 5.0 0.0 0.2 2 TOUCH_MOVE e
1401623602740 6 4098 163.5 851.229 0.23333335 5.0 5.0 5.0 5.0 0.0 0.20400001 2 TOUCH_MOVE e
1401623602756 6 4098 163.5 853.4913 0.23333335 5.0 5.0 5.0 5.0 0.0 0.20400001 2 TOUCH_MOVE e
1401623602773 6 4098 163.0 855.451 0.23333335 5.0 5.0 5.0 5.0 0.0 0.18400002 2 TOUCH_MOVE e
1401623602788 6 4098 163.0 855.451 0.26666668 5.0 5.0 5.0 5.0 0.0 0.14 2 TOUCH_MOVE e
1401623602792 6 4098 163.0 855.451 0.26666668 5.0 5.0 5.0 5.0 0.0 0.14 1 TOUCH_UP e
1401623603051 6 4098 468.5 858.951 0.13333334 2.0 2.0 2.0 2.0 0.0 0.16000001 0 TOUCH_DOWN u
1401623603058 6 4098 468.5 858.951 0.13333334 2.0 2.0 2.0 2.0 0.0 0.156 2 TOUCH_MOVE u
1401623603062 6 4098 468.5 858.951 0.13333334 2.0 2.0 2.0 2.0 0.0 0.156 1 TOUCH_UP u
1401623603485 6 4098 305.0 1223.9509 0.16666667 3.0 3.0 3.0 3.0 0.0 0.20400001 0 TOUCH_DOWN Space
1401623603490 6 4098 305.0 1223.9509 0.20000002 3.0 3.0 3.0 3.0 0.0 0.21200001 2 TOUCH_MOVE Space
1401623603540 6 4098 308.0959 1224.17 0.23333335 4.0 4.0 4.0 4.0 0.0 0.192 2 TOUCH_MOVE Space
1401623603552 6 4098 309.5 1224.4509 0.20000002 3.0 3.0 3.0 3.0 0.0 0.17600001 2 TOUCH_MOVE Space
1401623603556 6 4098 309.5 1224.4509 0.20000002 3.0 3.0 3.0 3.0 0.0 0.17600001 1 TOUCH_UP Space
1401623604062 6 4098 649.5 981.451 0.20000002 3.0 3.0 3.0 3.0 0.0 0.15200001 0 TOUCH_DOWN l
1401623604096 6 4098 649.5 981.451 0.16666667 3.0 3.0 3.0 3.0 0.0 0.112 2 TOUCH_MOVE l
1401623604100 6 4098 649.5 981.451 0.16666667 3.0 3.0 3.0 3.0 0.0 0.112 1 TOUCH_UP l
1401623604697 6 4098 299.0 1238.4509 0.20000002 4.0 4.0 4.0 4.0 0.0 0.19600001 0 TOUCH_DOWN Space
1401623604708 6 4098 299.0 1238.0604 0.20000002 4.0 4.0 4.0 4.0 0.0 0.20400001 2 TOUCH_MOVE Space
1401623604731 6 4098 298.5 1237.2233 0.20000002 4.0 4.0 4.0 4.0 0.0 0.20400001 2 TOUCH_MOVE Space
1401623604741 6 4098 298.70654 1236.2444 0.20000002 4.0 4.0 4.0 4.0 0.0 0.2 2 TOUCH_MOVE Space
1401623604758 6 4098 301.04675 1235.2687 0.13333334 2.0 2.0 2.0 2.0 0.0 0.18 2 TOUCH_MOVE Space
1401623604770 6 4098 300.5 1235.4509 0.10000001 2.0 2.0 2.0 2.0 0.0 0.1 2 TOUCH_MOVE Space
1401623604774 6 4098 300.5 1235.4509 0.10000001 2.0 2.0 2.0 2.0 0.0 0.1 1 TOUCH_UP Space
1401623605438 6 4098 666.0 1115.9509 0.33333334 5.0 5.0 5.0 5.0 0.0 0.208 0 TOUCH_DOWN Back
1401623605444 6 4098 666.0 1115.9509 0.33333334 5.0 5.0 5.0 5.0 0.0 0.216 2 TOUCH_MOVE Back
1401623605505 6 4098 666.0 1116.4509 0.3 5.0 5.0 5.0 5.0 0.0 0.2 2 TOUCH_MOVE Back
1401623605510 6 4098 666.0 1116.4509 0.3 5.0 5.0 5.0 5.0 0.0 0.2 1 TOUCH_UP Back
1401623605723 6 4098 73.0 979.451 0.16666667 3.0 3.0 3.0 3.0 0.0 0.192 0 TOUCH_DOWN a
1401623605759 6 4098 72.479546 979.451 0.20000002 3.0 3.0 3.0 3.0 0.0 0.2 2 TOUCH_MOVE a
1401623605785 6 4098 71.53097 979.92004 0.16666667 3.0 3.0 3.0 3.0 0.0 0.192 2 TOUCH_MOVE a
1401623605793 6 4098 71.5 979.951 0.16666667 3.0 3.0 3.0 3.0 0.0 0.116000004 2 TOUCH_MOVE a
1401623605798 6 4098 71.5 979.951 0.16666667 3.0 3.0 3.0 3.0 0.0 0.116000004 1 TOUCH_UP a
1401623606070 6 4098 326.0 1234.9509 0.23333335 5.0 5.0 5.0 5.0 0.0 0.19600001 0 TOUCH_DOWN Space
1401623606088 6 4098 326.0 1234.9509 0.20000002 4.0 4.0 4.0 4.0 0.0 0.20400001 2 TOUCH_MOVE Space
1401623606112 6 4098 326.84268 1234.1083 0.23333335 5.0 5.0 5.0 5.0 0.0 0.2 2 TOUCH_MOVE Space
1401623606126 6 4098 329.5 1233.4509 0.23333335 5.0 5.0 5.0 5.0 0.0 0.18400002 2 TOUCH_MOVE Space
1401623606138 6 4098 329.5 1233.4509 0.13333334 3.0 3.0 3.0 3.0 0.0 0.112 2 TOUCH_MOVE Space
1401623606143 6 4098 329.5 1233.4509 0.13333334 3.0 3.0 3.0 3.0 0.0 0.112 1 TOUCH_UP Space
1401623606514 6 4098 275.0 1124.4509 0.3 5.0 5.0 5.0 5.0 0.0 0.208 0 TOUCH_DOWN c
1401623606526 6 4098 275.0 1124.4509 0.3 5.0 5.0 5.0 5.0 0.0 0.21200001 2 TOUCH_MOVE c
1401623606560 6 4098 273.62677 1123.0778 0.3 5.0 5.0 5.0 5.0 0.0 0.224 2 TOUCH_MOVE c
1401623606578 6 4098 272.6219 1122.9509 0.3 5.0 5.0 5.0 5.0 0.0 0.22000001 2 TOUCH_MOVE c
1401623606593 6 4098 272.5 1122.9509 0.26666668 4.0 4.0 4.0 4.0 0.0 0.18400002 2 TOUCH_MOVE c
1401623606598 6 4098 272.5 1122.9509 0.26666668 4.0 4.0 4.0 4.0 0.0 0.18400002 1 TOUCH_UP c
1401623606819 6 4098 429.5 950.451 0.26666668 4.0 4.0 4.0 4.0 0.0 0.20400001 0 TOUCH_DOWN h
1401623606827 6 4098 429.5 950.451 0.26666668 4.0 4.0 4.0 4.0 0.0 0.208 2 TOUCH_MOVE h
1401623606870 6 4098 429.5 950.451 0.33333334 5.0 5.0 5.0 5.0 0.0 0.18400002 2 TOUCH_MOVE h
1401623606874 6 4098 429.5 950.451 0.33333334 5.0 5.0 5.0 5.0 0.0 0.18400002 1 TOUCH_UP h
1401623607072 6 4098 560.0 841.451 0.3 5.0 5.0 5.0 5.0 0.0 0.19600001 0 TOUCH_DOWN i
1401623607110 6 4098 558.73676 842.47754 0.26666668 5.0 5.0 5.0 5.0 0.0 0.19600001 2 TOUCH_MOVE i
1401623607128 6 4098 558.5 842.951 0.23333335 5.0 5.0 5.0 5.0 0.0 0.136 2 TOUCH_MOVE i
1401623607138 6 4098 558.5 842.951 0.23333335 5.0 5.0 5.0 5.0 0.0 0.136 1 TOUCH_UP i
1401623607459 6 4098 579.0 1094.4509 0.20000002 3.0 3.0 3.0 3.0 0.0 0.192 0 TOUCH_DOWN m
1401623607500 6 4098 579.0 1095.4509 0.23333335 4.0 4.0 4.0 4.0 0.0 0.18 2 TOUCH_MOVE m
1401623607506 6 4098 579.0 1095.4509 0.23333335 4.0 4.0 4.0 4.0 0.0 0.18 1 TOUCH_UP m
1401623607742 6 4098 321.5 1226.4509 0.23333335 4.0 4.0 4.0 4.0 0.0 0.208 0 TOUCH_DOWN Space
1401623607761 6 4098 321.5 1226.4509 0.26666668 5.0 5.0 5.0 5.0 0.0 0.21200001 2 TOUCH_MOVE Space
1401623607795 6 4098 321.5 1226.4509 0.26666668 5.0 5.0 5.0 5.0 0.0 0.18400002 2 TOUCH_MOVE Space
1401623607799 6 4098 321.5 1226.4509 0.26666668 5.0 5.0 5.0 5.0 0.0 0.18400002 1 TOUCH_UP Space
1401623608380 6 4098 314.0 855.451 0.20000002 4.0 4.0 4.0 4.0 0.0 0.19600001 0 TOUCH_DOWN t
1401623608413 6 4098 315.25 855.451 0.20000002 4.0 4.0 4.0 4.0 0.0 0.208 2 TOUCH_MOVE t
1401623608458 6 4098 315.25 855.451 0.20000002 4.0 4.0 4.0 4.0 0.0 0.208 1 TOUCH_UP t
1401623608689 6 4098 605.0 860.451 0.20000002 4.0 4.0 4.0 4.0 0.0 0.19600001 0 TOUCH_DOWN o
1401623608710 6 4098 604.79297 860.451 0.20000002 4.0 4.0 4.0 4.0 0.0 0.2 2 TOUCH_MOVE o
1401623608732 6 4098 603.75 860.451 0.20000002 4.0 4.0 4.0 4.0 0.0 0.18 2 TOUCH_MOVE o
1401623608741 6 4098 603.75 860.451 0.20000002 4.0 4.0 4.0 4.0 0.0 0.18 1 TOUCH_UP o
1401623608829 6 4098 550.5 859.451 0.23333335 5.0 5.0 5.0 5.0 0.0 0.2 0 TOUCH_DOWN i
1401623608845 6 4098 550.5 859.451 0.20000002 4.0 4.0 4.0 4.0 0.0 0.208 2 TOUCH_MOVE i
1401623608904 6 4098 550.5 859.451 0.20000002 4.0 4.0 4.0 4.0 0.0 0.208 1 TOUCH_UP i
1401623609259 6 4098 340.5 1227.4509 0.26666668 5.0 5.0 5.0 5.0 0.0 0.20400001 0 TOUCH_DOWN Space
1401623609263 6 4098 340.5 1227.4509 0.23333335 4.0 4.0 4.0 4.0 0.0 0.208 2 TOUCH_MOVE Space
1401623609313 6 4098 341.9315 1225.5194 0.20000002 3.0 3.0 3.0 3.0 0.0 0.18 2 TOUCH_MOVE Space
1401623609321 6 4098 341.9315 1225.5194 0.20000002 3.0 3.0 3.0 3.0 0.0 0.18 1 TOUCH_UP Space
1401623609644 6 4098 119.5 965.951 0.16666667 3.0 3.0 3.0 3.0 0.0 0.19600001 0 TOUCH_DOWN s
1401623609655 6 4098 119.53685 965.9141 0.23333335 4.0 4.0 4.0 4.0 0.0 0.208 2 TOUCH_MOVE s
1401623609673 6 4098 120.86802 964.58295 0.23333335 4.0 4.0 4.0 4.0 0.0 0.216 2 TOUCH_MOVE s
1401623609681 6 4098 122.89327 963.05774 0.23333335 4.0 4.0 4.0 4.0 0.0 0.22000001 2 TOUCH_MOVE s
1401623609696 6 4098 123.86782 961.21533 0.23333335 4.0 4.0 4.0 4.0 0.0 0.216 2 TOUCH_MOVE s
1401623609713 6 4098 124.75 959.451 0.20000002 4.0 4.0 4.0 4.0 0.0 0.18400002 2 TOUCH_MOVE s
1401623609718 6 4098 124.75 959.451 0.20000002 4.0 4.0 4.0 4.0 0.0 0.18400002 1 TOUCH_UP s
1401623609847 6 4098 164.0 837.951 0.3 5.0 5.0 5.0 5.0 0.0 0.22000001 0 TOUCH_DOWN e
1401623609866 6 4098 164.0 837.951 0.3 5.0 5.0 5.0 5.0 0.0 0.22800002 2 TOUCH_MOVE e
1401623609896 6 4098 164.0 841.3484 0.3 5.0 5.0 5.0 5.0 0.0 0.24000001 2 TOUCH_MOVE e
1401623609917 6 4098 164.0 843.7011 0.26666668 5.0 5.0 5.0 5.0 0.0 0.224 2 TOUCH_MOVE e
1401623609930 6 4098 163.64209 846.8826 0.26666668 5.0 5.0 5.0 5.0 0.0 0.20400001 2 TOUCH_MOVE e
1401623609938 6 4098 163.5 847.451 0.23333335 5.0 5.0 5.0 5.0 0.0 0.18400002 2 TOUCH_MOVE e
1401623609942 6 4098 163.5 847.451 0.23333335 5.0 5.0 5.0 5.0 0.0 0.18400002 1 TOUCH_UP e
1401623610081 6 4098 378.5 1196.4509 0.20000002 4.0 4.0 4.0 4.0 0.0 0.2 0 TOUCH_DOWN Space
1401623610132 6 4098 378.5 1197.4601 0.20000002 4.0 4.0 4.0 4.0 0.0 0.208 2 TOUCH_MOVE Space
1401623610147 6 4098 378.5 1198.3668 0.23333335 5.0 5.0 5.0 5.0 0.0 0.208 2 TOUCH_MOVE Space
1401623610166 6 4098 379.0 1198.9509 0.23333335 5.0 5.0 5.0 5.0 0.0 0.18800001 2 TOUCH_MOVE Space
1401623610172 6 4098 379.0 1198.9509 0.23333335 5.0 5.0 5.0 5.0 0.0 0.14 2 TOUCH_MOVE Space
1401623610178 6 4098 379.0 1198.9509 0.23333335 5.0 5.0 5.0 5.0 0.0 0.14 1 TOUCH_UP Space
1401623610569 6 4098 651.5 968.451 0.20000002 4.0 4.0 4.0 4.0 0.0 0.19600001 0 TOUCH_DOWN l
1401623610614 6 4098 652.95593 969.4069 0.20000002 4.0 4.0 4.0 4.0 0.0 0.18800001 2 TOUCH_MOVE l
1401623610621 6 4098 653.0 969.451 0.20000002 4.0 4.0 4.0 4.0 0.0 0.18 2 TOUCH_MOVE l
1401623610626 6 4098 653.0 969.451 0.20000002 4.0 4.0 4.0 4.0 0.0 0.18 1 TOUCH_UP l
1401623610751 6 4098 49.5 986.451 0.23333335 4.0 4.0 4.0 4.0 0.0 0.18400002 0 TOUCH_DOWN a
1401623610764 6 4098 48.867157 986.451 0.23333335 4.0 4.0 4.0 4.0 0.0 0.19600001 2 TOUCH_MOVE a
1401623610781 6 4098 49.0 988.1702 0.26666668 5.0 5.0 5.0 5.0 0.0 0.2 2 TOUCH_MOVE a
1401623610797 6 4098 49.0 990.101 0.26666668 5.0 5.0 5.0 5.0 0.0 0.2 2 TOUCH_MOVE a
1401623610814 6 4098 48.460953 990.99005 0.26666668 5.0 5.0 5.0 5.0 0.0 0.20400001 2 TOUCH_MOVE a
1401623610830 6 4098 48.03403 991.91693 0.26666668 5.0 5.0 5.0 5.0 0.0 0.19600001 2 TOUCH_MOVE a
1401623610847 6 4098 47.5 992.451 0.26666668 5.0 5.0 5.0 5.0 0.0 0.18 2 TOUCH_MOVE a
1401623610850 6 4098 47.5 992.451 0.26666668 5.0 5.0 5.0 5.0 0.0 0.18 1 TOUCH_UP a
1401623611050 6 4098 356.0 1217.9509 0.16666667 3.0 3.0 3.0 3.0 0.0 0.20400001 0 TOUCH_DOWN Space
1401623611124 6 4098 356.0 1217.9509 0.20000002 3.0 3.0 3.0 3.0 0.0 0.18 2 TOUCH_MOVE Space
1401623611129 6 4098 356.0 1217.9509 0.20000002 3.0 3.0 3.0 3.0 0.0 0.18 1 TOUCH_UP Space
1401623611529 6 4098 641.5 981.951 0.20000002 4.0 4.0 4.0 4.0 0.0 0.18400002 0 TOUCH_DOWN l
1401623611532 6 4098 641.5 981.951 0.20000002 4.0 4.0 4.0 4.0 0.0 0.18 2 TOUCH_MOVE l
1401623611553 6 4098 641.4952 982.96063 0.20000002 4.0 4.0 4.0 4.0 0.0 0.18800001 2 TOUCH_MOVE l
1401623611565 6 4098 641.0 983.951 0.20000002 4.0 4.0 4.0 4.0 0.0 0.18 2 TOUCH_MOVE l
1401623611574 6 4098 641.0 983.951 0.16666667 3.0 3.0 3.0 3.0 0.0 0.104 2 TOUCH_MOVE l
1401623611583 6 4098 641.0 983.951 0.16666667 3.0 3.0 3.0 3.0 0.0 0.104 1 TOUCH_UP l
1401623611811 6 4098 618.5 861.951 0.26666668 5.0 5.0 5.0 5.0 0.0 0.20400001 0 TOUCH_DOWN o
1401623611818 6 4098 618.5 861.951 0.26666668 5.0 5.0 5.0 5.0 0.0 0.208 2 TOUCH_MOVE o
1401623611865 6 4098 618.5 862.50793 0.23333335 4.0 4.0 4.0 4.0 0.0 0.18800001 2 TOUCH_MOVE o
1401623611883 6 4098 618.5 862.50793 0.23333335 4.0 4.0 4.0 4.0 0.0 0.18800001 1 TOUCH_UP o
1401623611945 6 4098 64.5 990.951 0.23333335 4.0 4.0 4.0 4.0 0.0 0.208 0 TOUCH_DOWN a
1401623611950 6 4098 64.5 990.951 0.23333335 4.0 4.0 4.0 4.0 0.0 0.2 2 TOUCH_MOVE a
1401623611998 6 4098 63.437847 992.0131 0.23333335 4.0 4.0 4.0 4.0 0.0 0.19600001 2 TOUCH_MOVE a
1401623612017 6 4098 63.0 991.951 0.20000002 3.0 3.0 3.0 3.0 0.0 0.1 2 TOUCH_MOVE a
1401623612034 6 4098 63.0 991.951 0.20000002 3.0 3.0 3.0 3.0 0.0 0.1 1 TOUCH_UP a
1401623612046 6 4098 569.0 836.951 0.26666668 4.0 4.0 4.0 4.0 0.0 0.2 0 TOUCH_DOWN i
1401623612073 6 4098 568.06635 836.951 0.26666668 4.0 4.0 4.0 4.0 0.0 0.20400001 2 TOUCH_MOVE i
1401623612082 6 4098 567.5 837.33374 0.26666668 4.0 4.0 4.0 4.0 0.0 0.20400001 2 TOUCH_MOVE i
1401623612098 6 4098 567.5 838.201 0.26666668 4.0 4.0 4.0 4.0 0.0 0.18400002 2 TOUCH_MOVE i
1401623612111 6 4098 567.5 838.201 0.26666668 4.0 4.0 4.0 4.0 0.0 0.18400002 1 TOUCH_UP i
1401623612543 6 4098 360.5 1220.9509 0.16666667 3.0 3.0 3.0 3.0 0.0 0.2 0 TOUCH_DOWN Space
1401623612619 6 4098 360.5 1220.9509 0.16666667 3.0 3.0 3.0 3.0 0.0 0.2 1 TOUCH_UP Space
1401623613294 6 4098 432.0 1115.4509 0.3 5.0 5.0 5.0 5.0 0.0 0.208 0 TOUCH_DOWN b
1401623613336 6 4098 432.54227 1114.3663 0.3 5.0 5.0 5.0 5.0 0.0 0.208 2 TOUCH_MOVE b
1401623613349 6 4098 440.70438 1103.0117 0.26666668 5.0 5.0 5.0 5.0 0.0 0.17600001 2 TOUCH_MOVE b
1401623613354 6 4098 440.70438 1103.0117 0.26666668 5.0 5.0 5.0 5.0 0.0 0.17600001 1 TOUCH_UP b
1401623613661 6 4098 586.0 863.451 0.13333334 2.0 2.0 2.0 2.0 0.0 0.164 0 TOUCH_DOWN o
1401623613667 6 4098 586.0 863.451 0.13333334 2.0 2.0 2.0 2.0 0.0 0.148 2 TOUCH_MOVE o
1401623613683 6 4098 586.0 863.451 0.13333334 2.0 2.0 2.0 2.0 0.0 0.1 2 TOUCH_MOVE o
1401623613693 6 4098 586.0 863.451 0.13333334 2.0 2.0 2.0 2.0 0.0 0.1 1 TOUCH_UP o
1401623614045 6 4098 365.5 1220.9509 0.20000002 3.0 3.0 3.0 3.0 0.0 0.2 0 TOUCH_DOWN Space
1401623614055 6 4098 365.5 1220.9509 0.23333335 4.0 4.0 4.0 4.0 0.0 0.208 2 TOUCH_MOVE Space
1401623614086 6 4098 368.1892 1218.9341 0.23333335 4.0 4.0 4.0 4.0 0.0 0.192 2 TOUCH_MOVE Space
1401623614096 6 4098 369.5 1217.9509 0.23333335 4.0 4.0 4.0 4.0 0.0 0.18 2 TOUCH_MOVE Space
1401623614101 6 4098 369.5 1217.9509 0.23333335 4.0 4.0 4.0 4.0 0.0 0.18 1 TOUCH_UP Space
1401623614422 6 4098 285.5 1108.4509 0.3 5.0 5.0 5.0 5.0 0.0 0.2 0 TOUCH_DOWN c
1401623614457 6 4098 277.11746 1108.0281 0.33333334 5.0 5.0 5.0 5.0 0.0 0.22800002 2 TOUCH_MOVE c
1401623614467 6 4098 265.8649 1107.047 0.3 5.0 5.0 5.0 5.0 0.0 0.22800002 2 TOUCH_MOVE c
1401623614484 6 4098 250.18533 1103.7473 0.26666668 4.0 4.0 4.0 4.0 0.0 0.224 2 TOUCH_MOVE c
1401623614502 6 4098 237.5 1099.4509 0.23333335 4.0 4.0 4.0 4.0 0.0 0.18800001 2 TOUCH_MOVE c
1401623614507 6 4098 237.5 1099.4509 0.23333335 4.0 4.0 4.0 4.0 0.0 0.18800001 1 TOUCH_UP c
1401623614716 6 4098 65.0 975.451 0.20000002 3.0 3.0 3.0 3.0 0.0 0.18400002 0 TOUCH_DOWN a
1401623614724 6 4098 64.66634 975.451 0.20000002 3.0 3.0 3.0 3.0 0.0 0.18800001 2 TOUCH_MOVE a
1401623614744 6 4098 63.65547 976.98456 0.23333335 4.0 4.0 4.0 4.0 0.0 0.192 2 TOUCH_MOVE a
1401623614755 6 4098 63.0 980.5063 0.23333335 4.0 4.0 4.0 4.0 0.0 0.19600001 2 TOUCH_MOVE a
1401623614768 6 4098 62.25 985.951 0.23333335 4.0 4.0 4.0 4.0 0.0 0.172 2 TOUCH_MOVE a
1401623614776 6 4098 62.25 985.951 0.23333335 4.0 4.0 4.0 4.0 0.0 0.172 1 TOUCH_UP a
1401623614955 6 4098 461.5 850.451 0.20000002 4.0 4.0 4.0 4.0 0.0 0.2 0 TOUCH_DOWN u
1401623614973 6 4098 461.07166 850.451 0.20000002 4.0 4.0 4.0 4.0 0.0 0.20400001 2 TOUCH_MOVE u
1401623614986 6 4098 460.178 850.77295 0.23333335 4.0 4.0 4.0 4.0 0.0 0.208 2 TOUCH_MOVE u
1401623615001 6 4098 458.9178 852.32434 0.20000002 4.0 4.0 4.0 4.0 0.0 0.18800001 2 TOUCH_MOVE u
1401623615011 6 4098 458.5 852.951 0.20000002 4.0 4.0 4.0 4.0 0.0 0.172 2 TOUCH_MOVE u
1401623615015 6 4098 458.5 852.951 0.20000002 4.0 4.0 4.0 4.0 0.0 0.172 1 TOUCH_UP u
1401623615325 6 4098 337.0 1202.9509 0.26666668 5.0 5.0 5.0 5.0 0.0 0.21200001 0 TOUCH_DOWN Space
1401623615335 6 4098 337.0 1202.9509 0.26666668 5.0 5.0 5.0 5.0 0.0 0.216 2 TOUCH_MOVE Space
1401623615368 6 4098 336.25 1203.4509 0.26666668 5.0 5.0 5.0 5.0 0.0 0.23200001 2 TOUCH_MOVE Space
1401623615406 6 4098 336.25 1203.4509 0.26666668 5.0 5.0 5.0 5.0 0.0 0.23200001 1 TOUCH_UP Space
1401623616108 6 4098 326.0 859.451 0.23333335 5.0 5.0 5.0 5.0 0.0 0.192 0 TOUCH_DOWN t
1401623616145 6 4098 324.75916 859.451 0.20000002 4.0 4.0 4.0 4.0 0.0 0.192 2 TOUCH_MOVE t
1401623616162 6 4098 324.5 859.451 0.16666667 3.0 3.0 3.0 3.0 0.0 0.1 2 TOUCH_MOVE t
1401623616174 6 4098 324.5 859.451 0.16666667 3.0 3.0 3.0 3.0 0.0 0.1 1 TOUCH_UP t
1401623616244 6 4098 289.0 811.951 0.26666668 4.0 4.0 4.0 4.0 0.0 0.2 0 TOUCH_DOWN t
1401623616257 6 4098 289.0 811.951 0.26666668 4.0 4.0 4.0 4.0 0.0 0.208 2 TOUCH_MOVE t
1401623616269 6 4098 287.84323 812.52936 0.3 5.0 5.0 5.0 5.0 0.0 0.224 2 TOUCH_MOVE t
1401623616288 6 4098 286.2909 814.1601 0.3 5.0 5.0 5.0 5.0 0.0 0.23200001 2 TOUCH_MOVE t
1401623616302 6 4098 283.82257 816.0693 0.3 5.0 5.0 5.0 5.0 0.0 0.224 2 TOUCH_MOVE t
1401623616319 6 4098 279.2728 819.0873 0.33333334 5.0 5.0 5.0 5.0 0.0 0.19600001 2 TOUCH_MOVE t
1401623616329 6 4098 279.2728 819.0873 0.33333334 5.0 5.0 5.0 5.0 0.0 0.19600001 1 TOUCH_UP t
1401623617217 6 4098 686.5 1112.9509 0.3 5.0 5.0 5.0 5.0 0.0 0.19600001 0 TOUCH_DOWN Back
1401623617223 6 4098 686.5 1112.9509 0.3 5.0 5.0 5.0 5.0 0.0 0.20400001 2 TOUCH_MOVE Back
1401623617255 6 4098 685.4125 1112.9509 0.3 5.0 5.0 5.0 5.0 0.0 0.208 2 TOUCH_MOVE Back
1401623617270 6 4098 684.4485 1112.9509 0.3 5.0 5.0 5.0 5.0 0.0 0.20400001 2 TOUCH_MOVE Back
1401623617303 6 4098 684.4485 1112.9509 0.3 5.0 5.0 5.0 5.0 0.0 0.20400001 1 TOUCH_UP Back
1401623617731 6 4098 209.5 833.451 0.26666668 4.0 4.0 4.0 4.0 0.0 0.208 0 TOUCH_DOWN e
1401623617737 6 4098 209.5 833.451 0.3 5.0 5.0 5.0 5.0 0.0 0.208 2 TOUCH_MOVE e
1401623617787 6 4098 207.12737 834.8873 0.3 5.0 5.0 5.0 5.0 0.0 0.19600001 2 TOUCH_MOVE e
1401623617794 6 4098 207.0 834.951 0.26666668 4.0 4.0 4.0 4.0 0.0 0.18 2 TOUCH_MOVE e
1401623617798 6 4098 207.0 834.951 0.26666668 4.0 4.0 4.0 4.0 0.0 0.18 1 TOUCH_UP e
1401623618343 6 4098 50.5 951.451 0.23333335 4.0 4.0 4.0 4.0 0.0 0.2 0 TOUCH_DOWN a
1401623618384 6 4098 61.5 961.451 0.16666667 3.0 3.0 3.0 3.0 0.0 0.132 2 TOUCH_MOVE a
1401623618403 6 4098 61.5 961.451 0.16666667 3.0 3.0 3.0 3.0 0.0 0.132 1 TOUCH_UP a
1401623618596 6 4098 494.5 1116.4509 0.3 5.0 5.0 5.0 5.0 0.0 0.2 0 TOUCH_DOWN n
1401623618643 6 4098 495.0 1117.4509 0.26666668 5.0 5.0 5.0 5.0 0.0 0.15200001 2 TOUCH_MOVE n
1401623618647 6 4098 495.0 1117.4509 0.26666668 5.0 5.0 5.0 5.0 0.0 0.15200001 1 TOUCH_UP n
1401623619259 6 4098 688.5 1092.4509 0.23333335 4.0 4.0 4.0 4.0 0.0 0.208 0 TOUCH_DOWN Back
1401623619272 6 4098 688.5 1092.4509 0.23333335 4.0 4.0 4.0 4.0 0.0 0.216 2 TOUCH_MOVE Back
1401623619342 6 4098 688.5 1092.4509 0.23333335 4.0 4.0 4.0 4.0 0.0 0.216 1 TOUCH_UP Back
1401623619423 6 4098 687.5 1097.9509 0.26666668 4.0 4.0 4.0 4.0 0.0 0.20400001 0 TOUCH_DOWN Back
1401623619472 6 4098 686.90216 1097.9509 0.23333335 4.0 4.0 4.0 4.0 0.0 0.208 2 TOUCH_MOVE Back
1401623619490 6 4098 687.0 1097.9509 0.23333335 4.0 4.0 4.0 4.0 0.0 0.18400002 2 TOUCH_MOVE Back
1401623619493 6 4098 687.0 1097.9509 0.23333335 4.0 4.0 4.0 4.0 0.0 0.18400002 1 TOUCH_UP Back
1401623619560 6 4098 677.5 1093.9509 0.26666668 4.0 4.0 4.0 4.0 0.0 0.20400001 0 TOUCH_DOWN Back
1401623619573 6 4098 677.5 1094.689 0.26666668 4.0 4.0 4.0 4.0 0.0 0.21200001 2 TOUCH_MOVE Back
1401623619593 6 4098 677.5 1095.6302 0.26666668 4.0 4.0 4.0 4.0 0.0 0.21200001 2 TOUCH_MOVE Back
1401623619605 6 4098 677.5 1096.5927 0.3 5.0 5.0 5.0 5.0 0.0 0.21200001 2 TOUCH_MOVE Back
1401623619638 6 4098 677.5 1096.5927 0.3 5.0 5.0 5.0 5.0 0.0 0.21200001 1 TOUCH_UP Back
1401623620259 6 4098 257.0 847.451 0.23333335 4.0 4.0 4.0 4.0 0.0 0.208 0 TOUCH_DOWN r
1401623620298 6 4098 255.55676 846.7294 0.20000002 3.0 3.0 3.0 3.0 0.0 0.208 2 TOUCH_MOVE r
1401623620306 6 4098 253.5 845.951 0.20000002 3.0 3.0 3.0 3.0 0.0 0.2 2 TOUCH_MOVE r
1401623620318 6 4098 253.5 845.951 0.13333334 2.0 2.0 2.0 2.0 0.0 0.172 2 TOUCH_MOVE r
1401623620322 6 4098 253.5 845.951 0.13333334 2.0 2.0 2.0 2.0 0.0 0.172 1 TOUCH_UP r
1401623620828 6 4098 91.5 964.451 0.20000002 4.0 4.0 4.0 4.0 0.0 0.20400001 0 TOUCH_DOWN a
1401623620906 6 4098 91.5 964.951 0.16666667 3.0 3.0 3.0 3.0 0.0 0.18800001 2 TOUCH_MOVE a
1401623620909 6 4098 91.5 964.951 0.16666667 3.0 3.0 3.0 3.0 0.0 0.18800001 1 TOUCH_UP a
1401623621128 6 4098 488.5 1125.4509 0.26666668 4.0 4.0 4.0 4.0 0.0 0.19600001 0 TOUCH_DOWN n
1401623621176 6 4098 487.5 1125.9509 0.20000002 3.0 3.0 3.0 3.0 0.0 0.192 2 TOUCH_MOVE n
1401623621183 6 4098 487.5 1125.9509 0.13333334 2.0 2.0 2.0 2.0 0.0 0.15200001 2 TOUCH_MOVE n
1401623621187 6 4098 487.5 1125.9509 0.13333334 2.0 2.0 2.0 2.0 0.0 0.15200001 1 TOUCH_UP n
1401623621441 6 4098 347.0 1000.951 0.3 5.0 5.0 5.0 5.0 0.0 0.208 0 TOUCH_DOWN g
1401623621446 6 4098 347.0 1000.951 0.3 5.0 5.0 5.0 5.0 0.0 0.216 2 TOUCH_MOVE g
1401623621491 6 4098 347.0 1001.451 0.26666668 4.0 4.0 4.0 4.0 0.0 0.20400001 2 TOUCH_MOVE g
1401623621502 6 4098 347.0 1001.451 0.23333335 4.0 4.0 4.0 4.0 0.0 0.18 2 TOUCH_MOVE g
1401623621506 6 4098 347.0 1001.451 0.23333335 4.0 4.0 4.0 4.0 0.0 0.18 1 TOUCH_UP g
1401623622384 6 4098 690.5 1195.4509 0.20000002 4.0 4.0 4.0 4.0 0.0 0.20400001 0 TOUCH_DOWN Enter
1401623622397 6 4098 690.5 1195.7452 0.20000002 4.0 4.0 4.0 4.0 0.0 0.208 2 TOUCH_MOVE Enter
1401623622412 6 4098 688.8598 1196.271 0.20000002 4.0 4.0 4.0 4.0 0.0 0.208 2 TOUCH_MOVE Enter
1401623622425 6 4098 687.214 1197.2369 0.20000002 4.0 4.0 4.0 4.0 0.0 0.21200001 2 TOUCH_MOVE Enter
1401623622441 6 4098 686.5 1198.2013 0.20000002 4.0 4.0 4.0 4.0 0.0 0.21200001 2 TOUCH_MOVE Enter
1401623622458 6 4098 686.5 1198.9509 0.20000002 4.0 4.0 4.0 4.0 0.0 0.19600001 2 TOUCH_MOVE Enter
1401623622470 6 4098 686.5 1198.9509 0.16666667 3.0 3.0 3.0 3.0 0.0 0.108 2 TOUCH_MOVE Enter
1401623622473 6 4098 686.5 1198.9509 0.16666667 3.0 3.0 3.0 3.0 0.0 0.108 1 TOUCH_UP Enter
1401623623021 6 4098 535.0 1120.4509 0.23333335 4.0 4.0 4.0 4.0 0.0 0.18400002 0 TOUCH_DOWN N
1401623623029 6 4098 535.0 1120.4509 0.26666668 5.0 5.0 5.0 5.0 0.0 0.192 2 TOUCH_MOVE N
1401623623069 6 4098 534.0179 1120.4509 0.20000002 4.0 4.0 4.0 4.0 0.0 0.2 2 TOUCH_MOVE N
1401623623076 6 4098 534.0 1120.4509 0.20000002 4.0 4.0 4.0 4.0 0.0 0.18800001 2 TOUCH_MOVE N
1401623623080 6 4098 534.0 1120.4509 0.20000002 4.0 4.0 4.0 4.0 0.0 0.18800001 1 TOUCH_UP N
1401623623465 6 4098 150.5 861.951 0.20000002 4.0 4.0 4.0 4.0 0.0 0.192 0 TOUCH_DOWN e
1401623623539 6 4098 150.5 861.951 0.20000002 4.0 4.0 4.0 4.0 0.0 0.192 1 TOUCH_UP e
1401623624138 6 4098 470.0 863.451 0.20000002 3.0 3.0 3.0 3.0 0.0 0.2 0 TOUCH_DOWN u
1401623624143 6 4098 470.0 863.451 0.23333335 4.0 4.0 4.0 4.0 0.0 0.208 2 TOUCH_MOVE u
1401623624181 6 4098 470.0 863.9811 0.23333335 4.0 4.0 4.0 4.0 0.0 0.2 2 TOUCH_MOVE u
1401623624191 6 4098 471.0 864.951 0.20000002 4.0 4.0 4.0 4.0 0.0 0.18 2 TOUCH_MOVE u
1401623624196 6 4098 471.0 864.951 0.20000002 4.0 4.0 4.0 4.0 0.0 0.18 1 TOUCH_UP u
1401623624460 6 4098 345.5 1234.4509 0.23333335 4.0 4.0 4.0 4.0 0.0 0.19600001 0 TOUCH_DOWN Space
1401623624486 6 4098 345.00928 1233.9602 0.26666668 5.0 5.0 5.0 5.0 0.0 0.20400001 2 TOUCH_MOVE Space
1401623624505 6 4098 343.07336 1232.5243 0.26666668 5.0 5.0 5.0 5.0 0.0 0.216 2 TOUCH_MOVE Space
1401623624510 6 4098 342.25 1231.7009 0.23333335 4.0 4.0 4.0 4.0 0.0 0.2 2 TOUCH_MOVE Space
1401623624522 6 4098 342.25 1231.7009 0.23333335 4.0 4.0 4.0 4.0 0.0 0.2 1 TOUCH_UP Space
1401623624956 6 4098 658.0 975.951 0.23333335 4.0 4.0 4.0 4.0 0.0 0.19600001 0 TOUCH_DOWN l
1401623624982 6 4098 657.5495 976.4015 0.23333335 4.0 4.0 4.0 4.0 0.0 0.20400001 2 TOUCH_MOVE l
1401623624994 6 4098 655.75714 977.7796 0.23333335 4.0 4.0 4.0 4.0 0.0 0.21200001 2 TOUCH_MOVE l
1401623625011 6 4098 653.3622 979.33026 0.23333335 4.0 4.0 4.0 4.0 0.0 0.21200001 2 TOUCH_MOVE l
1401623625029 6 4098 652.0 979.951 0.23333335 4.0 4.0 4.0 4.0 0.0 0.192 2 TOUCH_MOVE l
1401623625033 6 4098 652.0 979.951 0.23333335 4.0 4.0 4.0 4.0 0.0 0.192 1 TOUCH_UP l
1401623625181 6 4098 47.0 966.451 0.16666667 3.0 3.0 3.0 3.0 0.0 0.192 0 TOUCH_DOWN a
1401623625197 6 4098 47.0 966.451 0.16666667 3.0 3.0 3.0 3.0 0.0 0.19600001 2 TOUCH_MOVE a
1401623625229 6 4098 49.862293 965.51984 0.20000002 3.0 3.0 3.0 3.0 0.0 0.208 2 TOUCH_MOVE a
1401623625244 6 4098 51.291424 965.451 0.20000002 3.0 3.0 3.0 3.0 0.0 0.20400001 2 TOUCH_MOVE a
1401623625273 6 4098 52.0 965.79156 0.16666667 3.0 3.0 3.0 3.0 0.0 0.19600001 2 TOUCH_MOVE a
1401623625278 6 4098 52.0 965.951 0.16666667 3.0 3.0 3.0 3.0 0.0 0.16000001 2 TOUCH_MOVE a
1401623625283 6 4098 52.0 965.951 0.16666667 3.0 3.0 3.0 3.0 0.0 0.16000001 1 TOUCH_UP a
1401623625505 6 4098 328.5 1236.4509 0.20000002 5.0 5.0 5.0 5.0 0.0 0.18400002 0 TOUCH_DOWN Space
1401623625515 6 4098 328.9318 1236.4509 0.20000002 5.0 5.0 5.0 5.0 0.0 0.18800001 2 TOUCH_MOVE Space
1401623625536 6 4098 330.40527 1236.1492 0.23333335 5.0 5.0 5.0 5.0 0.0 0.192 2 TOUCH_MOVE Space
1401623625544 6 4098 331.0 1235.9509 0.13333334 3.0 3.0 3.0 3.0 0.0 0.108 2 TOUCH_MOVE Space
1401623625552 6 4098 331.0 1235.9509 0.13333334 3.0 3.0 3.0 3.0 0.0 0.108 1 TOUCH_UP Space
1401623626017 6 4098 436.0 977.451 0.23333335 4.0 4.0 4.0 4.0 0.0 0.20400001 0 TOUCH_DOWN h
1401623626028 6 4098 436.0 977.451 0.26666668 5.0 5.0 5.0 5.0 0.0 0.21200001 2 TOUCH_MOVE h
1401623626086 6 4098 436.0 977.451 0.26666668 5.0 5.0 5.0 5.0 0.0 0.21200001 1 TOUCH_UP h
1401623626317 6 4098 584.0 863.451 0.13333334 2.0 2.0 2.0 2.0 0.0 0.18 0 TOUCH_DOWN o
1401623626328 6 4098 584.0 863.451 0.13333334 2.0 2.0 2.0 2.0 0.0 0.18400002 2 TOUCH_MOVE o
1401623626371 6 4098 584.5 863.451 0.13333334 2.0 2.0 2.0 2.0 0.0 0.17600001 2 TOUCH_MOVE o
1401623626377 6 4098 584.5 863.451 0.16666667 3.0 3.0 3.0 3.0 0.0 0.1 2 TOUCH_MOVE o
1401623626383 6 4098 584.5 863.451 0.16666667 3.0 3.0 3.0 3.0 0.0 0.1 1 TOUCH_UP o
1401623626440 6 4098 35.0 955.451 0.23333335 4.0 4.0 4.0 4.0 0.0 0.18800001 0 TOUCH_DOWN a
1401623626462 6 4098 35.8519 955.451 0.23333335 4.0 4.0 4.0 4.0 0.0 0.192 2 TOUCH_MOVE a
1401623626485 6 4098 37.260536 956.21155 0.20000002 3.0 3.0 3.0 3.0 0.0 0.18800001 2 TOUCH_MOVE a
1401623626498 6 4098 37.5 957.201 0.16666667 3.0 3.0 3.0 3.0 0.0 0.18 2 TOUCH_MOVE a
1401623626502 6 4098 37.5 957.201 0.16666667 3.0 3.0 3.0 3.0 0.0 0.18 1 TOUCH_UP a
1401623626727 6 4098 343.0 1217.9509 0.23333335 4.0 4.0 4.0 4.0 0.0 0.208 0 TOUCH_DOWN Space
1401623626799 6 4098 343.0 1217.9509 0.23333335 4.0 4.0 4.0 4.0 0.0 0.208 1 TOUCH_UP Space
1401623627168 6 4098 331.0 868.451 0.3 5.0 5.0 5.0 5.0 0.0 0.192 0 TOUCH_DOWN t
1401623627180 6 4098 331.0 868.451 0.26666668 4.0 4.0 4.0 4.0 0.0 0.19600001 2 TOUCH_MOVE t
1401623627212 6 4098 328.1115 870.2287 0.3 5.0 5.0 5.0 5.0 0.0 0.19600001 2 TOUCH_MOVE t
1401623627231 6 4098 325.5 871.201 0.16666667 3.0 3.0 3.0 3.0 0.0 0.112 2 TOUCH_MOVE t
1401623627241 6 4098 325.5 871.201 0.16666667 3.0 3.0 3.0 3.0 0.0 0.112 1 TOUCH_UP t
1401623627456 6 4098 606.0 850.451 0.20000002 4.0 4.0 4.0 4.0 0.0 0.192 0 TOUCH_DOWN o
1401623627463 6 4098 606.0 850.451 0.23333335 4.0 4.0 4.0 4.0 0.0 0.19600001 2 TOUCH_MOVE o
1401623627488 6 4098 605.2014 849.6524 0.23333335 4.0 4.0 4.0 4.0 0.0 0.2 2 TOUCH_MOVE o
1401623627496 6 4098 600.8577 847.4941 0.23333335 4.0 4.0 4.0 4.0 0.0 0.18800001 2 TOUCH_MOVE o
1401623627509 6 4098 602.0 847.951 0.16666667 3.0 3.0 3.0 3.0 0.0 0.124000005 2 TOUCH_MOVE o
1401623627513 6 4098 602.0 847.951 0.16666667 3.0 3.0 3.0 3.0 0.0 0.124000005 1 TOUCH_UP o
1401623627607 6 4098 539.5 856.951 0.20000002 4.0 4.0 4.0 4.0 0.0 0.20400001 0 TOUCH_DOWN i
1401623627615 6 4098 539.5 856.951 0.20000002 4.0 4.0 4.0 4.0 0.0 0.216 2 TOUCH_MOVE i
1401623627647 6 4098 538.25 856.951 0.23333335 4.0 4.0 4.0 4.0 0.0 0.22000001 2 TOUCH_MOVE i
1401623627663 6 4098 538.5 857.451 0.23333335 4.0 4.0 4.0 4.0 0.0 0.20400001 2 TOUCH_MOVE i
1401623627672 6 4098 538.5 857.451 0.13333334 2.0 2.0 2.0 2.0 0.0 0.16000001 2 TOUCH_MOVE i
1401623627677 6 4098 538.5 857.451 0.13333334 2.0 2.0 2.0 2.0 0.0 0.16000001 1 TOUCH_UP i
1401623627983 6 4098 367.0 1202.9509 0.23333335 4.0 4.0 4.0 4.0 0.0 0.208 0 TOUCH_DOWN Space
1401623628013 6 4098 366.483 1202.9509 0.23333335 4.0 4.0 4.0 4.0 0.0 0.216 2 TOUCH_MOVE Space
1401623628035 6 4098 366.5 1202.9509 0.20000002 4.0 4.0 4.0 4.0 0.0 0.192 2 TOUCH_MOVE Space
1401623628044 6 4098 366.5 1202.9509 0.16666667 3.0 3.0 3.0 3.0 0.0 0.108 2 TOUCH_MOVE Space
1401623628049 6 4098 366.5 1202.9509 0.16666667 3.0 3.0 3.0 3.0 0.0 0.108 1 TOUCH_UP Space
1401623628279 6 4098 124.0 970.451 0.20000002 4.0 4.0 4.0 4.0 0.0 0.192 0 TOUCH_DOWN s
1401623628284 6 4098 124.0 970.451 0.16666667 3.0 3.0 3.0 3.0 0.0 0.2 2 TOUCH_MOVE s
1401623628313 6 4098 128.2125 969.0468 0.23333335 4.0 4.0 4.0 4.0 0.0 0.216 2 TOUCH_MOVE s
1401623628335 6 4098 130.91095 968.451 0.23333335 4.0 4.0 4.0 4.0 0.0 0.21200001 2 TOUCH_MOVE s
1401623628347 6 4098 131.0 968.451 0.23333335 4.0 4.0 4.0 4.0 0.0 0.2 2 TOUCH_MOVE s
1401623628351 6 4098 131.0 968.451 0.23333335 4.0 4.0 4.0 4.0 0.0 0.2 1 TOUCH_UP s
1401623628479 6 4098 176.0 846.951 0.26666668 4.0 4.0 4.0 4.0 0.0 0.216 0 TOUCH_DOWN e
1401623628497 6 4098 176.49538 846.4556 0.26666668 4.0 4.0 4.0 4.0 0.0 0.224 2 TOUCH_MOVE e
1401623628539 6 4098 178.25 843.701 0.3 5.0 5.0 5.0 5.0 0.0 0.23600002 2 TOUCH_MOVE e
1401623628563 6 4098 178.0 843.951 0.23333335 4.0 4.0 4.0 4.0 0.0 0.19600001 2 TOUCH_MOVE e
1401623628566 6 4098 178.0 843.951 0.23333335 4.0 4.0 4.0 4.0 0.0 0.19600001 1 TOUCH_UP e
1401623628725 6 4098 369.5 1218.9509 0.23333335 4.0 4.0 4.0 4.0 0.0 0.2 0 TOUCH_DOWN Space
1401623628731 6 4098 369.5 1218.9509 0.23333335 4.0 4.0 4.0 4.0 0.0 0.21200001 2 TOUCH_MOVE Space
1401623628816 6 4098 370.0 1218.9509 0.20000002 3.0 3.0 3.0 3.0 0.0 0.104 2 TOUCH_MOVE Space
1401623628819 6 4098 370.0 1218.9509 0.20000002 3.0 3.0 3.0 3.0 0.0 0.104 1 TOUCH_UP Space
1401623629228 6 4098 642.0 982.951 0.20000002 4.0 4.0 4.0 4.0 0.0 0.192 0 TOUCH_DOWN l
1401623629232 6 4098 642.0 982.951 0.26666668 4.0 4.0 4.0 4.0 0.0 0.2 2 TOUCH_MOVE l
1401623629264 6 4098 641.5139 983.9371 0.26666668 4.0 4.0 4.0 4.0 0.0 0.208 2 TOUCH_MOVE l
1401623629281 6 4098 640.60004 984.85095 0.26666668 4.0 4.0 4.0 4.0 0.0 0.20400001 2 TOUCH_MOVE l
1401623629299 6 4098 639.07056 985.6657 0.26666668 4.0 4.0 4.0 4.0 0.0 0.18400002 2 TOUCH_MOVE l
1401623629302 6 4098 639.07056 985.6657 0.26666668 4.0 4.0 4.0 4.0 0.0 0.18400002 1 TOUCH_UP l
1401623629461 6 4098 57.5 983.451 0.20000002 3.0 3.0 3.0 3.0 0.0 0.18400002 0 TOUCH_DOWN a
1401623629465 6 4098 57.5 983.451 0.23333335 4.0 4.0 4.0 4.0 0.0 0.192 2 TOUCH_MOVE a
1401623629498 6 4098 57.5 984.4513 0.23333335 4.0 4.0 4.0 4.0 0.0 0.2 2 TOUCH_MOVE a
1401623629514 6 4098 57.96688 985.41785 0.23333335 4.0 4.0 4.0 4.0 0.0 0.2 2 TOUCH_MOVE a
1401623629535 6 4098 58.5 985.75415 0.23333335 4.0 4.0 4.0 4.0 0.0 0.192 2 TOUCH_MOVE a
1401623629548 6 4098 58.5 985.951 0.23333335 4.0 4.0 4.0 4.0 0.0 0.16000001 2 TOUCH_MOVE a
1401623629552 6 4098 58.5 985.951 0.23333335 4.0 4.0 4.0 4.0 0.0 0.16000001 1 TOUCH_UP a
1401623629737 6 4098 363.5 1237.4509 0.13333334 2.0 2.0 2.0 2.0 0.0 0.192 0 TOUCH_DOWN Space
1401623629749 6 4098 363.5 1237.4509 0.16666667 3.0 3.0 3.0 3.0 0.0 0.19600001 2 TOUCH_MOVE Space
1401623629767 6 4098 363.94513 1236.5057 0.20000002 4.0 4.0 4.0 4.0 0.0 0.20400001 2 TOUCH_MOVE Space
1401623629788 6 4098 365.1556 1235.6232 0.20000002 4.0 4.0 4.0 4.0 0.0 0.192 2 TOUCH_MOVE Space
1401623629791 6 4098 365.5 1235.4509 0.20000002 4.0 4.0 4.0 4.0 0.0 0.18 2 TOUCH_MOVE Space
1401623629796 6 4098 365.5 1235.4509 0.20000002 4.0 4.0 4.0 4.0 0.0 0.18 1 TOUCH_UP Space
1401623630249 6 4098 571.0 1086.9509 0.20000002 4.0 4.0 4.0 4.0 0.0 0.192 0 TOUCH_DOWN m
1401623630291 6 4098 570.14746 1086.9509 0.20000002 4.0 4.0 4.0 4.0 0.0 0.19600001 2 TOUCH_MOVE m
1401623630298 6 4098 569.75 1086.9509 0.20000002 4.0 4.0 4.0 4.0 0.0 0.192 2 TOUCH_MOVE m
1401623630303 6 4098 569.75 1086.9509 0.20000002 4.0 4.0 4.0 4.0 0.0 0.192 1 TOUCH_UP m
1401623630562 6 4098 596.0 859.951 0.16666667 3.0 3.0 3.0 3.0 0.0 0.2 0 TOUCH_DOWN o
1401623630588 6 4098 595.77 859.951 0.20000002 4.0 4.0 4.0 4.0 0.0 0.208 2 TOUCH_MOVE o
1401623630599 6 4098 595.25 859.951 0.20000002 4.0 4.0 4.0 4.0 0.0 0.208 2 TOUCH_MOVE o
1401623630645 6 4098 595.25 859.951 0.20000002 4.0 4.0 4.0 4.0 0.0 0.208 1 TOUCH_UP o
1401623630998 6 4098 355.0 878.451 0.20000002 4.0 4.0 4.0 4.0 0.0 0.19600001 0 TOUCH_DOWN t
1401623631023 6 4098 354.71265 878.451 0.20000002 4.0 4.0 4.0 4.0 0.0 0.20400001 2 TOUCH_MOVE t
1401623631033 6 4098 354.21246 878.16345 0.26666668 4.0 4.0 4.0 4.0 0.0 0.21200001 2 TOUCH_MOVE t
1401623631051 6 4098 352.23587 877.1963 0.23333335 4.0 4.0 4.0 4.0 0.0 0.2 2 TOUCH_MOVE t
1401623631066 6 4098 350.0 876.451 0.26666668 4.0 4.0 4.0 4.0 0.0 0.18 2 TOUCH_MOVE t
1401623631079 6 4098 350.0 876.451 0.20000002 3.0 3.0 3.0 3.0 0.0 0.112 2 TOUCH_MOVE t
1401623631082 6 4098 350.0 876.451 0.20000002 3.0 3.0 3.0 3.0 0.0 0.112 1 TOUCH_UP t
1401623631280 6 4098 361.0 1209.4509 0.16666667 3.0 3.0 3.0 3.0 0.0 0.18400002 0 TOUCH_DOWN Space
1401623631294 6 4098 361.0 1210.2053 0.16666667 3.0 3.0 3.0 3.0 0.0 0.192 2 TOUCH_MOVE Space
1401623631317 6 4098 363.14996 1213.5259 0.20000002 3.0 3.0 3.0 3.0 0.0 0.18400002 2 TOUCH_MOVE Space
1401623631329 6 4098 365.0 1214.4509 0.20000002 3.0 3.0 3.0 3.0 0.0 0.148 2 TOUCH_MOVE Space
1401623631334 6 4098 365.0 1214.4509 0.20000002 3.0 3.0 3.0 3.0 0.0 0.148 1 TOUCH_UP Space
1401623631765 6 4098 223.5 977.451 0.23333335 4.0 4.0 4.0 4.0 0.0 0.20400001 0 TOUCH_DOWN d
1401623631784 6 4098 223.5 977.451 0.23333335 4.0 4.0 4.0 4.0 0.0 0.208 2 TOUCH_MOVE d
1401623631817 6 4098 223.5 977.9808 0.26666668 4.0 4.0 4.0 4.0 0.0 0.216 2 TOUCH_MOVE d
1401623631850 6 4098 222.91962 979.0314 0.26666668 5.0 5.0 5.0 5.0 0.0 0.192 2 TOUCH_MOVE d
1401623631864 6 4098 223.0 978.951 0.26666668 5.0 5.0 5.0 5.0 0.0 0.164 2 TOUCH_MOVE d
1401623631868 6 4098 223.0 978.951 0.26666668 5.0 5.0 5.0 5.0 0.0 0.164 1 TOUCH_UP d
1401623632324 6 4098 587.5 876.951 0.20000002 4.0 4.0 4.0 4.0 0.0 0.2 0 TOUCH_DOWN o
1401623632334 6 4098 587.5 876.951 0.20000002 4.0 4.0 4.0 4.0 0.0 0.20400001 2 TOUCH_MOVE o
1401623632387 6 4098 587.5 876.951 0.23333335 5.0 5.0 5.0 5.0 0.0 0.14400001 2 TOUCH_MOVE o
1401623632390 6 4098 587.5 876.951 0.23333335 5.0 5.0 5.0 5.0 0.0 0.14400001 1 TOUCH_UP o
1401623633507 6 4098 57.0 944.951 0.26666668 5.0 5.0 5.0 5.0 0.0 0.21200001 0 TOUCH_DOWN a
1401623633524 6 4098 57.0 944.951 0.26666668 5.0 5.0 5.0 5.0 0.0 0.216 2 TOUCH_MOVE a
1401623633554 6 4098 60.53611 947.9871 0.26666668 4.0 4.0 4.0 4.0 0.0 0.216 2 TOUCH_MOVE a
1401623633568 6 4098 62.965427 952.86456 0.26666668 4.0 4.0 4.0 4.0 0.0 0.22000001 2 TOUCH_MOVE a
1401623633585 6 4098 61.636948 959.5858 0.20000002 3.0 3.0 3.0 3.0 0.0 0.2 2 TOUCH_MOVE a
1401623633601 6 4098 61.5 959.951 0.16666667 3.0 3.0 3.0 3.0 0.0 0.108 2 TOUCH_MOVE a
1401623633605 6 4098 61.5 959.951 0.16666667 3.0 3.0 3.0 3.0 0.0 0.108 1 TOUCH_UP a
1401623633818 6 4098 359.0 1231.4509 0.13333334 2.0 2.0 2.0 2.0 0.0 0.192 0 TOUCH_DOWN Space
1401623633839 6 4098 359.0 1231.4509 0.13333334 2.0 2.0 2.0 2.0 0.0 0.19600001 2 TOUCH_MOVE Space
1401623633870 6 4098 359.8434 1231.4509 0.20000002 4.0 4.0 4.0 4.0 0.0 0.2 2 TOUCH_MOVE Space
1401623633885 6 4098 361.15082 1231.7764 0.16666667 3.0 3.0 3.0 3.0 0.0 0.18800001 2 TOUCH_MOVE Space
1401623633897 6 4098 361.5 1231.9509 0.16666667 3.0 3.0 3.0 3.0 0.0 0.17600001 2 TOUCH_MOVE Space
1401623633900 6 4098 361.5 1231.9509 0.16666667 3.0 3.0 3.0 3.0 0.0 0.17600001 1 TOUCH_UP Space
1401623635063 6 4098 432.0 982.451 0.23333335 4.0 4.0 4.0 4.0 0.0 0.208 0 TOUCH_DOWN h
1401623635120 6 4098 432.0 982.451 0.23333335 4.0 4.0 4.0 4.0 0.0 0.16000001 2 TOUCH_MOVE h
1401623635126 6 4098 432.0 982.451 0.23333335 4.0 4.0 4.0 4.0 0.0 0.16000001 1 TOUCH_UP h
1401623635357 6 4098 471.5 859.451 0.13333334 2.0 2.0 2.0 2.0 0.0 0.18400002 0 TOUCH_DOWN u
1401623635405 6 4098 471.5 859.451 0.13333334 2.0 2.0 2.0 2.0 0.0 0.18400002 1 TOUCH_UP u
1401623635690 6 4098 613.5 865.951 0.26666668 5.0 5.0 5.0 5.0 0.0 0.18800001 0 TOUCH_DOWN o
1401623635738 6 4098 613.5 867.451 0.26666668 5.0 5.0 5.0 5.0 0.0 0.164 2 TOUCH_MOVE o
1401623635743 6 4098 613.5 867.451 0.26666668 5.0 5.0 5.0 5.0 0.0 0.164 1 TOUCH_UP o
1401623636040 6 4098 492.0 1117.4509 0.26666668 4.0 4.0 4.0 4.0 0.0 0.2 0 TOUCH_DOWN n
1401623636099 6 4098 492.0 1118.0574 0.3 5.0 5.0 5.0 5.0 0.0 0.21200001 2 TOUCH_MOVE n
1401623636108 6 4098 492.17712 1118.4509 0.3 5.0 5.0 5.0 5.0 0.0 0.19600001 2 TOUCH_MOVE n
1401623636116 6 4098 492.5 1118.4509 0.3 5.0 5.0 5.0 5.0 0.0 0.18400002 2 TOUCH_MOVE n
1401623636120 6 4098 492.5 1118.4509 0.3 5.0 5.0 5.0 5.0 0.0 0.18400002 1 TOUCH_UP n
1401623636415 6 4098 354.0 978.451 0.16666667 3.0 3.0 3.0 3.0 0.0 0.15200001 0 TOUCH_DOWN g
1401623636440 6 4098 354.0 978.451 0.16666667 3.0 3.0 3.0 3.0 0.0 0.15200001 1 TOUCH_UP g
1401623636751 6 4098 433.5 1195.4509 0.20000002 4.0 4.0 4.0 4.0 0.0 0.19600001 0 TOUCH_DOWN ,
1401623636805 6 4098 433.5 1195.4509 0.23333335 5.0 5.0 5.0 5.0 0.0 0.15200001 2 TOUCH_MOVE ,
1401623636812 6 4098 433.5 1195.4509 0.23333335 5.0 5.0 5.0 5.0 0.0 0.15200001 1 TOUCH_UP ,
1401623637307 6 4098 215.5 968.451 0.23333335 5.0 5.0 5.0 5.0 0.0 0.2 0 TOUCH_DOWN d
1401623637322 6 4098 215.5 968.451 0.23333335 5.0 5.0 5.0 5.0 0.0 0.20400001 2 TOUCH_MOVE d
1401623637355 6 4098 214.93695 969.51404 0.20000002 4.0 4.0 4.0 4.0 0.0 0.18800001 2 TOUCH_MOVE d
1401623637369 6 4098 215.0 969.451 0.20000002 4.0 4.0 4.0 4.0 0.0 0.164 2 TOUCH_MOVE d
1401623637374 6 4098 215.0 969.451 0.20000002 4.0 4.0 4.0 4.0 0.0 0.164 1 TOUCH_UP d
1401623637645 6 4098 479.5 862.951 0.16666667 3.0 3.0 3.0 3.0 0.0 0.192 0 TOUCH_DOWN u
1401623637656 6 4098 479.5 862.951 0.20000002 4.0 4.0 4.0 4.0 0.0 0.192 2 TOUCH_MOVE u
1401623637674 6 4098 480.7819 861.66907 0.20000002 4.0 4.0 4.0 4.0 0.0 0.19600001 2 TOUCH_MOVE u
1401623637689 6 4098 483.36945 858.79175 0.20000002 4.0 4.0 4.0 4.0 0.0 0.18400002 2 TOUCH_MOVE u
1401623637699 6 4098 484.0 857.951 0.20000002 4.0 4.0 4.0 4.0 0.0 0.16800001 2 TOUCH_MOVE u
1401623637703 6 4098 484.0 857.951 0.20000002 4.0 4.0 4.0 4.0 0.0 0.16800001 1 TOUCH_UP u
1401623637853 6 4098 584.5 843.451 0.16666667 3.0 3.0 3.0 3.0 0.0 0.19600001 0 TOUCH_DOWN o
1401623637889 6 4098 584.5 843.8881 0.20000002 3.0 3.0 3.0 3.0 0.0 0.2 2 TOUCH_MOVE o
1401623637906 6 4098 584.5 844.951 0.13333334 2.0 2.0 2.0 2.0 0.0 0.18 2 TOUCH_MOVE o
1401623637914 6 4098 584.5 844.951 0.13333334 2.0 2.0 2.0 2.0 0.0 0.104 2 TOUCH_MOVE o
1401623637918 6 4098 584.5 844.951 0.13333334 2.0 2.0 2.0 2.0 0.0 0.104 1 TOUCH_UP o
1401623638503 6 4098 690.0 1093.9509 0.20000002 3.0 3.0 3.0 3.0 0.0 0.18800001 0 TOUCH_DOWN Back
1401623638508 6 4098 690.0 1093.9509 0.23333335 4.0 4.0 4.0 4.0 0.0 0.192 2 TOUCH_MOVE Back
1401623638556 6 4098 688.0 1094.9509 0.23333335 4.0 4.0 4.0 4.0 0.0 0.164 2 TOUCH_MOVE Back
1401623638562 6 4098 688.0 1094.9509 0.23333335 4.0 4.0 4.0 4.0 0.0 0.164 1 TOUCH_UP Back
1401623638659 6 4098 678.5 1093.4509 0.23333335 4.0 4.0 4.0 4.0 0.0 0.18800001 0 TOUCH_DOWN Back
1401623638675 6 4098 678.5 1093.4509 0.23333335 4.0 4.0 4.0 4.0 0.0 0.19600001 2 TOUCH_MOVE Back
1401623638707 6 4098 679.0 1092.4751 0.20000002 4.0 4.0 4.0 4.0 0.0 0.18800001 2 TOUCH_MOVE Back
1401623638729 6 4098 678.5 1089.9382 0.20000002 4.0 4.0 4.0 4.0 0.0 0.18400002 2 TOUCH_MOVE Back
1401623638740 6 4098 678.5 1086.9651 0.20000002 4.0 4.0 4.0 4.0 0.0 0.18 2 TOUCH_MOVE Back
1401623638752 6 4098 678.5 1087.4509 0.16666667 3.0 3.0 3.0 3.0 0.0 0.120000005 2 TOUCH_MOVE Back
1401623638757 6 4098 678.5 1087.4509 0.16666667 3.0 3.0 3.0 3.0 0.0 0.120000005 1 TOUCH_UP Back
1401623638808 6 4098 680.0 1080.9509 0.20000002 4.0 4.0 4.0 4.0 0.0 0.18800001 0 TOUCH_DOWN Back
1401623638820 6 4098 679.9918 1080.9591 0.20000002 4.0 4.0 4.0 4.0 0.0 0.19600001 2 TOUCH_MOVE Back
1401623638842 6 4098 678.5609 1081.9509 0.20000002 4.0 4.0 4.0 4.0 0.0 0.20400001 2 TOUCH_MOVE Back
1401623638856 6 4098 677.59326 1082.4509 0.23333335 5.0 5.0 5.0 5.0 0.0 0.21200001 2 TOUCH_MOVE Back
1401623638873 6 4098 677.25 1082.4509 0.20000002 4.0 4.0 4.0 4.0 0.0 0.20400001 2 TOUCH_MOVE Back
1401623638890 6 4098 676.9263 1083.0247 0.23333335 5.0 5.0 5.0 5.0 0.0 0.2 2 TOUCH_MOVE Back
1401623638924 6 4098 677.0 1083.4509 0.23333335 5.0 5.0 5.0 5.0 0.0 0.148 2 TOUCH_MOVE Back
1401623638937 6 4098 677.0 1083.4509 0.23333335 5.0 5.0 5.0 5.0 0.0 0.148 1 TOUCH_UP Back
1401623638970 6 4098 680.5 1084.4509 0.20000002 4.0 4.0 4.0 4.0 0.0 0.17600001 0 TOUCH_DOWN Back
1401623638976 6 4098 680.5 1084.4509 0.20000002 4.0 4.0 4.0 4.0 0.0 0.18 2 TOUCH_MOVE Back
1401623639005 6 4098 679.8598 1084.5911 0.23333335 5.0 5.0 5.0 5.0 0.0 0.18400002 2 TOUCH_MOVE Back
1401623639019 6 4098 679.5 1084.9509 0.23333335 5.0 5.0 5.0 5.0 0.0 0.14400001 2 TOUCH_MOVE Back
1401623639024 6 4098 679.5 1084.9509 0.23333335 5.0 5.0 5.0 5.0 0.0 0.14400001 1 TOUCH_UP Back
1401623639712 6 4098 337.5 1217.4509 0.26666668 5.0 5.0 5.0 5.0 0.0 0.216 0 TOUCH_DOWN Space
1401623639724 6 4098 337.5 1217.4509 0.26666668 5.0 5.0 5.0 5.0 0.0 0.22000001 2 TOUCH_MOVE Space
1401623639757 6 4098 337.5 1217.4509 0.23333335 4.0 4.0 4.0 4.0 0.0 0.192 2 TOUCH_MOVE Space
1401623639766 6 4098 337.5 1217.4509 0.23333335 4.0 4.0 4.0 4.0 0.0 0.192 1 TOUCH_UP Space
1401623639957 6 4098 210.0 956.951 0.3 5.0 5.0 5.0 5.0 0.0 0.224 0 TOUCH_DOWN d
1401623640021 6 4098 209.01 956.951 0.3 5.0 5.0 5.0 5.0 0.0 0.24400002 2 TOUCH_MOVE d
1401623640029 6 4098 206.57823 958.39886 0.3 5.0 5.0 5.0 5.0 0.0 0.24400002 2 TOUCH_MOVE d
1401623640042 6 4098 205.0 959.951 0.26666668 5.0 5.0 5.0 5.0 0.0 0.216 2 TOUCH_MOVE d
1401623640058 6 4098 205.0 959.951 0.13333334 2.0 2.0 2.0 2.0 0.0 0.116000004 2 TOUCH_MOVE d
1401623640064 6 4098 205.0 959.951 0.13333334 2.0 2.0 2.0 2.0 0.0 0.116000004 1 TOUCH_UP d
1401623640330 6 4098 499.5 845.451 0.3 5.0 5.0 5.0 5.0 0.0 0.216 0 TOUCH_DOWN u
1401623640342 6 4098 499.5 845.451 0.3 5.0 5.0 5.0 5.0 0.0 0.22000001 2 TOUCH_MOVE u
1401623640403 6 4098 499.5 845.451 0.23333335 5.0 5.0 5.0 5.0 0.0 0.17600001 2 TOUCH_MOVE u
1401623640407 6 4098 499.5 845.451 0.23333335 5.0 5.0 5.0 5.0 0.0 0.17600001 1 TOUCH_UP u
1401623640950 6 4098 632.0 864.951 0.23333335 4.0 4.0 4.0 4.0 0.0 0.19600001 0 TOUCH_DOWN o
1401623640975 6 4098 630.52734 865.4373 0.23333335 4.0 4.0 4.0 4.0 0.0 0.208 2 TOUCH_MOVE o
1401623640992 6 4098 627.3252 866.8209 0.23333335 4.0 4.0 4.0 4.0 0.0 0.208 2 TOUCH_MOVE o
1401623641008 6 4098 623.2509 869.7001 0.3 5.0 5.0 5.0 5.0 0.0 0.19600001 2 TOUCH_MOVE o
1401623641016 6 4098 623.0 869.951 0.3 5.0 5.0 5.0 5.0 0.0 0.18400002 2 TOUCH_MOVE o
1401623641020 6 4098 623.0 869.951 0.3 5.0 5.0 5.0 5.0 0.0 0.18400002 1 TOUCH_UP o
1401623641304 6 4098 503.0 1139.4509 0.23333335 5.0 5.0 5.0 5.0 0.0 0.18800001 0 TOUCH_DOWN n
1401623641309 6 4098 503.0 1139.4509 0.23333335 5.0 5.0 5.0 5.0 0.0 0.192 2 TOUCH_MOVE n
1401623641329 6 4098 502.23904 1139.4509 0.23333335 5.0 5.0 5.0 5.0 0.0 0.19600001 2 TOUCH_MOVE n
1401623641344 6 4098 501.27686 1139.4509 0.23333335 5.0 5.0 5.0 5.0 0.0 0.2 2 TOUCH_MOVE n
1401623641376 6 4098 501.5 1139.9894 0.23333335 5.0 5.0 5.0 5.0 0.0 0.18 2 TOUCH_MOVE n
1401623641390 6 4098 501.5 1139.9894 0.23333335 5.0 5.0 5.0 5.0 0.0 0.18 1 TOUCH_UP n
1401623641503 6 4098 348.0 987.451 0.3 5.0 5.0 5.0 5.0 0.0 0.216 0 TOUCH_DOWN g
1401623641509 6 4098 348.0 987.7696 0.3 5.0 5.0 5.0 5.0 0.0 0.22000001 2 TOUCH_MOVE g
1401623641529 6 4098 348.0 989.1101 0.33333334 5.0 5.0 5.0 5.0 0.0 0.23600002 2 TOUCH_MOVE g
1401623641544 6 4098 348.5 991.05084 0.33333334 5.0 5.0 5.0 5.0 0.0 0.24000001 2 TOUCH_MOVE g
1401623641559 6 4098 348.5 992.7181 0.33333334 5.0 5.0 5.0 5.0 0.0 0.24400002 2 TOUCH_MOVE g
1401623641576 6 4098 348.5 994.41785 0.3 5.0 5.0 5.0 5.0 0.0 0.224 2 TOUCH_MOVE g
1401623641593 6 4098 348.5 995.64124 0.26666668 5.0 5.0 5.0 5.0 0.0 0.148 2 TOUCH_MOVE g
1401623641598 6 4098 348.5 995.64124 0.26666668 5.0 5.0 5.0 5.0 0.0 0.148 1 TOUCH_UP g
1401623642433 6 4098 679.0 1206.4509 0.23333335 4.0 4.0 4.0 4.0 0.0 0.19600001 0 TOUCH_DOWN Enter
1401623642465 6 4098 679.0 1207.7009 0.23333335 4.0 4.0 4.0 4.0 0.0 0.21200001 2 TOUCH_MOVE Enter
1401623642499 6 4098 679.0 1207.7009 0.23333335 4.0 4.0 4.0 4.0 0.0 0.21200001 1 TOUCH_UP Enter
1401623643432 6 4098 674.5 967.951 0.23333335 5.0 5.0 5.0 5.0 0.0 0.2 0 TOUCH_DOWN L
1401623643444 6 4098 674.5 967.951 0.23333335 5.0 5.0 5.0 5.0 0.0 0.208 2 TOUCH_MOVE L
1401623643478 6 4098 673.26434 967.951 0.23333335 5.0 5.0 5.0 5.0 0.0 0.192 2 TOUCH_MOVE L
1401623643490 6 4098 673.0 967.951 0.23333335 5.0 5.0 5.0 5.0 0.0 0.18 2 TOUCH_MOVE L
1401623643493 6 4098 673.0 967.951 0.23333335 5.0 5.0 5.0 5.0 0.0 0.18 1 TOUCH_UP L
1401623643735 6 4098 64.0 994.951 0.26666668 5.0 5.0 5.0 5.0 0.0 0.18800001 0 TOUCH_DOWN a
1401623643745 6 4098 64.0 994.951 0.26666668 5.0 5.0 5.0 5.0 0.0 0.2 2 TOUCH_MOVE a
1401623643780 6 4098 62.370716 996.08026 0.26666668 5.0 5.0 5.0 5.0 0.0 0.18400002 2 TOUCH_MOVE a
1401623643794 6 4098 60.225433 996.451 0.26666668 5.0 5.0 5.0 5.0 0.0 0.17600001 2 TOUCH_MOVE a
1401623643808 6 4098 59.5 996.451 0.20000002 3.0 3.0 3.0 3.0 0.0 0.112 2 TOUCH_MOVE a
1401623643812 6 4098 59.5 996.451 0.20000002 3.0 3.0 3.0 3.0 0.0 0.112 1 TOUCH_UP a
1401623644066 6 4098 359.5 1230.4509 0.16666667 3.0 3.0 3.0 3.0 0.0 0.19600001 0 TOUCH_DOWN Space
1401623644080 6 4098 359.5 1230.4509 0.23333335 4.0 4.0 4.0 4.0 0.0 0.20400001 2 TOUCH_MOVE Space
1401623644116 6 4098 359.5 1231.0325 0.16666667 3.0 3.0 3.0 3.0 0.0 0.18400002 2 TOUCH_MOVE Space
1401623644125 6 4098 359.5 1231.0325 0.16666667 3.0 3.0 3.0 3.0 0.0 0.18400002 1 TOUCH_UP Space
1401623644532 6 4098 485.5 1127.9509 0.26666668 4.0 4.0 4.0 4.0 0.0 0.20400001 0 TOUCH_DOWN n
1401623644547 6 4098 485.5 1127.9509 0.26666668 4.0 4.0 4.0 4.0 0.0 0.21200001 2 TOUCH_MOVE n
1401623644578 6 4098 486.4861 1126.9648 0.26666668 4.0 4.0 4.0 4.0 0.0 0.216 2 TOUCH_MOVE n
1401623644595 6 4098 488.41458 1125.9509 0.26666668 4.0 4.0 4.0 4.0 0.0 0.2 2 TOUCH_MOVE n
1401623644606 6 4098 488.5 1125.9509 0.26666668 4.0 4.0 4.0 4.0 0.0 0.18800001 2 TOUCH_MOVE n
1401623644617 6 4098 488.5 1125.9509 0.26666668 4.0 4.0 4.0 4.0 0.0 0.18800001 1 TOUCH_UP n
1401623644869 6 4098 343.0 1009.451 0.23333335 4.0 4.0 4.0 4.0 0.0 0.18 0 TOUCH_DOWN g
1401623644879 6 4098 343.0 1009.451 0.23333335 4.0 4.0 4.0 4.0 0.0 0.18400002 2 TOUCH_MOVE g
1401623644901 6 4098 342.13397 1008.76794 0.26666668 4.0 4.0 4.0 4.0 0.0 0.2 2 TOUCH_MOVE g
1401623644912 6 4098 339.99045 1007.6962 0.3 5.0 5.0 5.0 5.0 0.0 0.2 2 TOUCH_MOVE g
1401623644929 6 4098 338.78134 1006.73236 0.3 5.0 5.0 5.0 5.0 0.0 0.20400001 2 TOUCH_MOVE g
1401623644961 6 4098 337.8174 1006.2684 0.3 5.0 5.0 5.0 5.0 0.0 0.2 2 TOUCH_MOVE g
1401623644968 6 4098 337.5 1005.951 0.26666668 5.0 5.0 5.0 5.0 0.0 0.164 2 TOUCH_MOVE g
1401623644972 6 4098 337.5 1005.951 0.26666668 5.0 5.0 5.0 5.0 0.0 0.164 1 TOUCH_UP g
1401623646023 6 4098 484.5 855.951 0.16666667 3.0 3.0 3.0 3.0 0.0 0.18400002 0 TOUCH_DOWN u
1401623646040 6 4098 484.5 855.951 0.20000002 4.0 4.0 4.0 4.0 0.0 0.18400002 2 TOUCH_MOVE u
1401623646051 6 4098 484.5 855.951 0.20000002 4.0 4.0 4.0 4.0 0.0 0.18400002 1 TOUCH_UP u
1401623646237 6 4098 613.0 847.451 0.26666668 5.0 5.0 5.0 5.0 0.0 0.18400002 0 TOUCH_DOWN o
1401623646247 6 4098 612.52545 846.97644 0.3 5.0 5.0 5.0 5.0 0.0 0.18800001 2 TOUCH_MOVE o
1401623646285 6 4098 604.3107 838.1266 0.3 5.0 5.0 5.0 5.0 0.0 0.192 2 TOUCH_MOVE o
1401623646299 6 4098 598.2835 835.0927 0.20000002 4.0 4.0 4.0 4.0 0.0 0.17600001 2 TOUCH_MOVE o
1401623646306 6 4098 598.0 834.951 0.16666667 3.0 3.0 3.0 3.0 0.0 0.104 2 TOUCH_MOVE o
1401623646310 6 4098 598.0 834.951 0.16666667 3.0 3.0 3.0 3.0 0.0 0.104 1 TOUCH_UP o
1401623646398 6 4098 522.5 857.451 0.20000002 4.0 4.0 4.0 4.0 0.0 0.2 0 TOUCH_DOWN i
1401623646414 6 4098 522.5 857.451 0.20000002 4.0 4.0 4.0 4.0 0.0 0.21200001 2 TOUCH_MOVE i
1401623646447 6 4098 523.00745 857.451 0.23333335 4.0 4.0 4.0 4.0 0.0 0.216 2 TOUCH_MOVE i
1401623646463 6 4098 523.75 857.451 0.23333335 4.0 4.0 4.0 4.0 0.0 0.21200001 2 TOUCH_MOVE i
1401623646482 6 4098 523.75 857.451 0.23333335 4.0 4.0 4.0 4.0 0.0 0.21200001 1 TOUCH_UP i
1401623646905 6 4098 339.5 1211.4509 0.26666668 5.0 5.0 5.0 5.0 0.0 0.22000001 0 TOUCH_DOWN Space
1401623646914 6 4098 339.5 1211.4509 0.26666668 5.0 5.0 5.0 5.0 0.0 0.224 2 TOUCH_MOVE Space
1401623646964 6 4098 338.90454 1211.4509 0.26666668 5.0 5.0 5.0 5.0 0.0 0.23200001 2 TOUCH_MOVE Space
1401623646989 6 4098 339.0 1211.4509 0.23333335 4.0 4.0 4.0 4.0 0.0 0.18 2 TOUCH_MOVE Space
1401623646993 6 4098 339.0 1211.4509 0.23333335 4.0 4.0 4.0 4.0 0.0 0.18 1 TOUCH_UP Space
1401623647417 6 4098 318.0 858.451 0.20000002 4.0 4.0 4.0 4.0 0.0 0.192 0 TOUCH_DOWN t
1401623647469 6 4098 318.61398 858.451 0.20000002 4.0 4.0 4.0 4.0 0.0 0.19600001 2 TOUCH_MOVE t
1401623647476 6 4098 318.61398 858.451 0.20000002 4.0 4.0 4.0 4.0 0.0 0.19600001 1 TOUCH_UP t
1401623647718 6 4098 579.5 849.951 0.20000002 3.0 3.0 3.0 3.0 0.0 0.19600001 0 TOUCH_DOWN o
1401623647731 6 4098 579.5 849.951 0.20000002 4.0 4.0 4.0 4.0 0.0 0.2 2 TOUCH_MOVE o
1401623647749 6 4098 577.37354 848.88776 0.23333335 4.0 4.0 4.0 4.0 0.0 0.2 2 TOUCH_MOVE o
1401623647768 6 4098 576.5 848.451 0.23333335 4.0 4.0 4.0 4.0 0.0 0.164 2 TOUCH_MOVE o
1401623647771 6 4098 576.5 848.451 0.23333335 4.0 4.0 4.0 4.0 0.0 0.164 1 TOUCH_UP o
1401623647858 6 4098 527.0 858.951 0.20000002 4.0 4.0 4.0 4.0 0.0 0.20400001 0 TOUCH_DOWN i
1401623647900 6 4098 527.0 858.951 0.20000002 4.0 4.0 4.0 4.0 0.0 0.208 2 TOUCH_MOVE i
1401623647916 6 4098 527.9774 858.951 0.20000002 4.0 4.0 4.0 4.0 0.0 0.20400001 2 TOUCH_MOVE i
1401623647931 6 4098 529.0 859.451 0.20000002 3.0 3.0 3.0 3.0 0.0 0.18400002 2 TOUCH_MOVE i
1401623647939 6 4098 529.0 859.451 0.16666667 3.0 3.0 3.0 3.0 0.0 0.104 2 TOUCH_MOVE i
1401623647943 6 4098 529.0 859.451 0.16666667 3.0 3.0 3.0 3.0 0.0 0.104 1 TOUCH_UP i
1401623648188 6 4098 370.5 1209.9509 0.23333335 4.0 4.0 4.0 4.0 0.0 0.216 0 TOUCH_DOWN Space
1401623648199 6 4098 370.5 1210.3827 0.23333335 4.0 4.0 4.0 4.0 0.0 0.224 2 TOUCH_MOVE Space
1401623648216 6 4098 370.5 1211.2009 0.23333335 4.0 4.0 4.0 4.0 0.0 0.22800002 2 TOUCH_MOVE Space
1401623648232 6 4098 369.8417 1210.9509 0.23333335 4.0 4.0 4.0 4.0 0.0 0.224 2 TOUCH_MOVE Space
1401623648265 6 4098 370.0 1210.9509 0.20000002 3.0 3.0 3.0 3.0 0.0 0.156 2 TOUCH_MOVE Space
1401623648284 6 4098 370.0 1210.9509 0.20000002 3.0 3.0 3.0 3.0 0.0 0.156 1 TOUCH_UP Space
1401623648574 6 4098 147.0 947.951 0.33333334 5.0 5.0 5.0 5.0 0.0 0.22000001 0 TOUCH_DOWN s
1401623648582 6 4098 147.0 947.951 0.33333334 5.0 5.0 5.0 5.0 0.0 0.224 2 TOUCH_MOVE s
1401623648616 6 4098 148.01636 947.951 0.33333334 5.0 5.0 5.0 5.0 0.0 0.24000001 2 TOUCH_MOVE s
1401623648634 6 4098 148.75 947.951 0.3 5.0 5.0 5.0 5.0 0.0 0.23200001 2 TOUCH_MOVE s
1401623648649 6 4098 148.5 949.3453 0.3 5.0 5.0 5.0 5.0 0.0 0.224 2 TOUCH_MOVE s
1401623648665 6 4098 148.5 949.451 0.23333335 4.0 4.0 4.0 4.0 0.0 0.18400002 2 TOUCH_MOVE s
1401623648668 6 4098 148.5 949.451 0.23333335 4.0 4.0 4.0 4.0 0.0 0.18400002 1 TOUCH_UP s
1401623648780 6 4098 169.5 867.951 0.26666668 5.0 5.0 5.0 5.0 0.0 0.216 0 TOUCH_DOWN e
1401623648784 6 4098 169.5 867.951 0.26666668 5.0 5.0 5.0 5.0 0.0 0.224 2 TOUCH_MOVE e
1401623648800 6 4098 170.62708 867.38745 0.3 5.0 5.0 5.0 5.0 0.0 0.24400002 2 TOUCH_MOVE e
1401623648816 6 4098 173.18784 865.85706 0.3 5.0 5.0 5.0 5.0 0.0 0.252 2 TOUCH_MOVE e
1401623648851 6 4098 175.75 864.951 0.3 5.0 5.0 5.0 5.0 0.0 0.256 2 TOUCH_MOVE e
1401623648877 6 4098 175.75 864.951 0.3 5.0 5.0 5.0 5.0 0.0 0.256 1 TOUCH_UP e
1401623649029 6 4098 371.5 1196.4509 0.20000002 4.0 4.0 4.0 4.0 0.0 0.20400001 0 TOUCH_DOWN Space
1401623649034 6 4098 371.5 1196.4509 0.20000002 4.0 4.0 4.0 4.0 0.0 0.208 2 TOUCH_MOVE Space
1401623649066 6 4098 371.5 1197.49 0.20000002 4.0 4.0 4.0 4.0 0.0 0.216 2 TOUCH_MOVE Space
1401623649113 6 4098 371.5 1197.49 0.20000002 4.0 4.0 4.0 4.0 0.0 0.216 1 TOUCH_UP Space
1401623649631 6 4098 252.5 1132.4509 0.20000002 3.0 3.0 3.0 3.0 0.0 0.18800001 0 TOUCH_DOWN c
1401623649657 6 4098 252.92548 1132.4509 0.23333335 4.0 4.0 4.0 4.0 0.0 0.18800001 2 TOUCH_MOVE c
1401623649666 6 4098 253.81396 1131.637 0.23333335 4.0 4.0 4.0 4.0 0.0 0.2 2 TOUCH_MOVE c
1401623649683 6 4098 254.5 1130.6616 0.23333335 4.0 4.0 4.0 4.0 0.0 0.192 2 TOUCH_MOVE c
1401623649700 6 4098 254.5 1130.2009 0.23333335 4.0 4.0 4.0 4.0 0.0 0.192 2 TOUCH_MOVE c
1401623649724 6 4098 254.5 1130.2009 0.23333335 4.0 4.0 4.0 4.0 0.0 0.192 1 TOUCH_UP c
1401623649860 6 4098 422.0 984.951 0.26666668 4.0 4.0 4.0 4.0 0.0 0.208 0 TOUCH_DOWN h
1401623649917 6 4098 422.0 984.951 0.26666668 4.0 4.0 4.0 4.0 0.0 0.18800001 2 TOUCH_MOVE h
1401623649922 6 4098 422.0 984.951 0.26666668 4.0 4.0 4.0 4.0 0.0 0.18800001 1 TOUCH_UP h
1401623650161 6 4098 167.0 859.451 0.20000002 4.0 4.0 4.0 4.0 0.0 0.2 0 TOUCH_DOWN e
1401623650174 6 4098 167.0 859.451 0.20000002 4.0 4.0 4.0 4.0 0.0 0.19600001 2 TOUCH_MOVE e
1401623650194 6 4098 168.4848 859.451 0.23333335 4.0 4.0 4.0 4.0 0.0 0.216 2 TOUCH_MOVE e
1401623650200 6 4098 170.91551 859.451 0.23333335 4.0 4.0 4.0 4.0 0.0 0.22000001 2 TOUCH_MOVE e
1401623650217 6 4098 172.85168 859.451 0.23333335 4.0 4.0 4.0 4.0 0.0 0.216 2 TOUCH_MOVE e
1401623650234 6 4098 173.97537 859.451 0.23333335 4.0 4.0 4.0 4.0 0.0 0.216 2 TOUCH_MOVE e
1401623650250 6 4098 174.5 859.9757 0.20000002 4.0 4.0 4.0 4.0 0.0 0.18 2 TOUCH_MOVE e
1401623650258 6 4098 174.5 859.9757 0.20000002 4.0 4.0 4.0 4.0 0.0 0.18 1 TOUCH_UP e
1401623650465 6 4098 345.0 877.451 0.26666668 4.0 4.0 4.0 4.0 0.0 0.216 0 TOUCH_DOWN t
1401623650549 6 4098 345.0 877.451 0.3 5.0 5.0 5.0 5.0 0.0 0.192 2 TOUCH_MOVE t
1401623650553 6 4098 345.0 877.451 0.3 5.0 5.0 5.0 5.0 0.0 0.192 1 TOUCH_UP t
1401623650690 6 4098 416.5 1236.9509 0.13333334 2.0 2.0 2.0 2.0 0.0 0.19600001 0 TOUCH_DOWN ,
1401623650701 6 4098 416.5 1236.9509 0.20000002 4.0 4.0 4.0 4.0 0.0 0.208 2 TOUCH_MOVE ,
1401623650721 6 4098 417.12885 1234.6932 0.26666668 5.0 5.0 5.0 5.0 0.0 0.22000001 2 TOUCH_MOVE ,
1401623650734 6 4098 417.5 1233.0638 0.23333335 4.0 4.0 4.0 4.0 0.0 0.22000001 2 TOUCH_MOVE ,
1401623650751 6 4098 418.0667 1231.3842 0.26666668 5.0 5.0 5.0 5.0 0.0 0.22000001 2 TOUCH_MOVE ,
1401623650769 6 4098 419.027 1230.9509 0.20000002 3.0 3.0 3.0 3.0 0.0 0.2 2 TOUCH_MOVE ,
1401623650782 6 4098 419.0 1230.9509 0.20000002 3.0 3.0 3.0 3.0 0.0 0.164 2 TOUCH_MOVE ,
1401623650787 6 4098 419.0 1230.9509 0.20000002 3.0 3.0 3.0 3.0 0.0 0.164 1 TOUCH_UP ,
1401623651268 6 4098 268.5 1120.4509 0.3 5.0 5.0 5.0 5.0 0.0 0.2 0 TOUCH_DOWN c
1401623651322 6 4098 268.5 1120.4509 0.3 5.0 5.0 5.0 5.0 0.0 0.2 1 TOUCH_UP c
1401623651571 6 4098 464.0 990.951 0.26666668 4.0 4.0 4.0 4.0 0.0 0.19600001 0 TOUCH_DOWN h
1401623651606 6 4098 463.55457 990.50555 0.26666668 4.0 4.0 4.0 4.0 0.0 0.20400001 2 TOUCH_MOVE h
1401623651618 6 4098 464.0 988.451 0.13333334 2.0 2.0 2.0 2.0 0.0 0.18 2 TOUCH_MOVE h
1401623651639 6 4098 464.0 988.451 0.13333334 2.0 2.0 2.0 2.0 0.0 0.1 2 TOUCH_MOVE h
1401623651643 6 4098 464.0 988.451 0.13333334 2.0 2.0 2.0 2.0 0.0 0.1 1 TOUCH_UP h
1401623651850 6 4098 590.5 861.451 0.16666667 3.0 3.0 3.0 3.0 0.0 0.192 0 TOUCH_DOWN o
1401623651856 6 4098 590.5 861.451 0.20000002 4.0 4.0 4.0 4.0 0.0 0.19600001 2 TOUCH_MOVE o
1401623651893 6 4098 591.63983 861.5908 0.23333335 4.0 4.0 4.0 4.0 0.0 0.192 2 TOUCH_MOVE o
1401623651902 6 4098 592.0 861.951 0.16666667 3.0 3.0 3.0 3.0 0.0 0.136 2 TOUCH_MOVE o
1401623651908 6 4098 592.0 861.951 0.16666667 3.0 3.0 3.0 3.0 0.0 0.136 1 TOUCH_UP o
1401623652477 6 4098 698.5 1106.4509 0.20000002 4.0 4.0 4.0 4.0 0.0 0.19600001 0 TOUCH_DOWN Back
1401623652486 6 4098 698.5 1106.4509 0.20000002 4.0 4.0 4.0 4.0 0.0 0.208 2 TOUCH_MOVE Back
1401623652502 6 4098 697.663 1106.4509 0.3 5.0 5.0 5.0 5.0 0.0 0.216 2 TOUCH_MOVE Back
1401623652521 6 4098 695.73615 1106.4509 0.3 5.0 5.0 5.0 5.0 0.0 0.22000001 2 TOUCH_MOVE Back
1401623652536 6 4098 694.0 1107.2009 0.3 5.0 5.0 5.0 5.0 0.0 0.208 2 TOUCH_MOVE Back
1401623652553 6 4098 692.75 1107.4509 0.23333335 5.0 5.0 5.0 5.0 0.0 0.136 2 TOUCH_MOVE Back
1401623652558 6 4098 692.75 1107.4509 0.23333335 5.0 5.0 5.0 5.0 0.0 0.136 1 TOUCH_UP Back
1401623652652 6 4098 687.5 1119.4509 0.26666668 4.0 4.0 4.0 4.0 0.0 0.19600001 0 TOUCH_DOWN Back
1401623652658 6 4098 687.5 1119.4509 0.26666668 4.0 4.0 4.0 4.0 0.0 0.20400001 2 TOUCH_MOVE Back
1401623652686 6 4098 686.11676 1119.0093 0.3 5.0 5.0 5.0 5.0 0.0 0.208 2 TOUCH_MOVE Back
1401623652703 6 4098 684.5 1117.9509 0.26666668 5.0 5.0 5.0 5.0 0.0 0.14 2 TOUCH_MOVE Back
1401623652712 6 4098 684.5 1117.9509 0.26666668 5.0 5.0 5.0 5.0 0.0 0.14 1 TOUCH_UP Back
1401623652788 6 4098 678.5 1120.4509 0.26666668 4.0 4.0 4.0 4.0 0.0 0.2 0 TOUCH_DOWN Back
1401623652819 6 4098 678.5 1120.4509 0.26666668 4.0 4.0 4.0 4.0 0.0 0.21200001 2 TOUCH_MOVE Back
1401623652859 6 4098 678.5 1120.4509 0.26666668 4.0 4.0 4.0 4.0 0.0 0.21200001 1 TOUCH_UP Back
1401623653147 6 4098 662.0 1114.9509 0.3 5.0 5.0 5.0 5.0 0.0 0.2 0 TOUCH_DOWN Back
1401623653154 6 4098 662.0 1114.9509 0.33333334 5.0 5.0 5.0 5.0 0.0 0.21200001 2 TOUCH_MOVE Back
1401623653237 6 4098 662.5 1114.9509 0.33333334 5.0 5.0 5.0 5.0 0.0 0.21200001 2 TOUCH_MOVE Back
1401623653241 6 4098 662.5 1114.9509 0.33333334 5.0 5.0 5.0 5.0 0.0 0.21200001 1 TOUCH_UP Back
1401623653595 6 4098 380.0 1224.9509 0.26666668 5.0 5.0 5.0 5.0 0.0 0.20400001 0 TOUCH_DOWN Space
1401623653604 6 4098 380.0 1224.9509 0.23333335 4.0 4.0 4.0 4.0 0.0 0.216 2 TOUCH_MOVE Space
1401623653621 6 4098 378.97598 1224.9509 0.23333335 4.0 4.0 4.0 4.0 0.0 0.208 2 TOUCH_MOVE Space
1401623653637 6 4098 378.47263 1224.9509 0.23333335 4.0 4.0 4.0 4.0 0.0 0.18800001 2 TOUCH_MOVE Space
1401623653651 6 4098 378.5 1225.4509 0.23333335 4.0 4.0 4.0 4.0 0.0 0.17600001 2 TOUCH_MOVE Space
1401623653656 6 4098 378.5 1225.4509 0.23333335 4.0 4.0 4.0 4.0 0.0 0.17600001 1 TOUCH_UP Space
1401623653946 6 4098 263.5 1093.9509 0.3 5.0 5.0 5.0 5.0 0.0 0.192 0 TOUCH_DOWN c
1401623653955 6 4098 263.5 1094.325 0.3 5.0 5.0 5.0 5.0 0.0 0.2 2 TOUCH_MOVE c
1401623653974 6 4098 263.5 1095.3129 0.3 5.0 5.0 5.0 5.0 0.0 0.21200001 2 TOUCH_MOVE c
1401623653987 6 4098 264.32462 1096.2755 0.26666668 4.0 4.0 4.0 4.0 0.0 0.208 2 TOUCH_MOVE c
1401623654004 6 4098 264.5 1097.243 0.26666668 4.0 4.0 4.0 4.0 0.0 0.208 2 TOUCH_MOVE c
1401623654020 6 4098 264.5 1098.1993 0.26666668 4.0 4.0 4.0 4.0 0.0 0.18800001 2 TOUCH_MOVE c
1401623654033 6 4098 264.5 1098.4509 0.20000002 3.0 3.0 3.0 3.0 0.0 0.116000004 2 TOUCH_MOVE c
1401623654037 6 4098 264.5 1098.4509 0.20000002 3.0 3.0 3.0 3.0 0.0 0.116000004 1 TOUCH_UP c
1401623654244 6 4098 444.0 966.951 0.23333335 5.0 5.0 5.0 5.0 0.0 0.20400001 0 TOUCH_DOWN h
1401623654254 6 4098 444.0 966.951 0.23333335 5.0 5.0 5.0 5.0 0.0 0.21200001 2 TOUCH_MOVE h
1401623654304 6 4098 444.0 966.36536 0.26666668 5.0 5.0 5.0 5.0 0.0 0.216 2 TOUCH_MOVE h
1401623654317 6 4098 444.0 966.451 0.23333335 5.0 5.0 5.0 5.0 0.0 0.17600001 2 TOUCH_MOVE h
1401623654320 6 4098 444.0 966.451 0.23333335 5.0 5.0 5.0 5.0 0.0 0.17600001 1 TOUCH_UP h
1401623654529 6 4098 603.5 862.451 0.20000002 4.0 4.0 4.0 4.0 0.0 0.18800001 0 TOUCH_DOWN o
1401623654538 6 4098 603.5 862.451 0.20000002 4.0 4.0 4.0 4.0 0.0 0.192 2 TOUCH_MOVE o
1401623654588 6 4098 603.5 862.9646 0.23333335 4.0 4.0 4.0 4.0 0.0 0.18 2 TOUCH_MOVE o
1401623654598 6 4098 603.5 862.9646 0.23333335 4.0 4.0 4.0 4.0 0.0 0.18 1 TOUCH_UP o
1401623654847 6 4098 367.0 1243.9509 0.16666667 4.0 4.0 4.0 4.0 0.0 0.192 0 TOUCH_DOWN Space
1401623654856 6 4098 367.0 1243.9509 0.20000002 4.0 4.0 4.0 4.0 0.0 0.2 2 TOUCH_MOVE Space
1401623654888 6 4098 367.0 1239.093 0.20000002 4.0 4.0 4.0 4.0 0.0 0.20400001 2 TOUCH_MOVE Space
1401623654906 6 4098 367.42432 1237.5266 0.20000002 4.0 4.0 4.0 4.0 0.0 0.19600001 2 TOUCH_MOVE Space
1401623654921 6 4098 368.0 1236.9509 0.13333334 3.0 3.0 3.0 3.0 0.0 0.112 2 TOUCH_MOVE Space
1401623654924 6 4098 368.0 1236.9509 0.13333334 3.0 3.0 3.0 3.0 0.0 0.112 1 TOUCH_UP Space
1401623655295 6 4098 32.0 856.951 0.10000001 2.0 2.0 2.0 2.0 0.0 0.16000001 0 TOUCH_DOWN q
1401623655305 6 4098 32.0 856.951 0.10000001 2.0 2.0 2.0 2.0 0.0 0.164 2 TOUCH_MOVE q
1401623655336 6 4098 33.624332 856.951 0.13333334 2.0 2.0 2.0 2.0 0.0 0.18400002 2 TOUCH_MOVE q
1401623655356 6 4098 37.982933 856.951 0.16666667 3.0 3.0 3.0 3.0 0.0 0.18400002 2 TOUCH_MOVE q
1401623655372 6 4098 38.94819 856.951 0.13333334 2.0 2.0 2.0 2.0 0.0 0.18400002 2 TOUCH_MOVE q
1401623655389 6 4098 39.5 857.451 0.16666667 3.0 3.0 3.0 3.0 0.0 0.16800001 2 TOUCH_MOVE q
1401623655393 6 4098 39.5 857.451 0.16666667 3.0 3.0 3.0 3.0 0.0 0.16800001 1 TOUCH_UP q
1401623655594 6 4098 482.5 876.451 0.26666668 4.0 4.0 4.0 4.0 0.0 0.2 0 TOUCH_DOWN u
1401623655627 6 4098 482.1163 876.451 0.26666668 4.0 4.0 4.0 4.0 0.0 0.208 2 TOUCH_MOVE u
1401623655644 6 4098 482.0 876.451 0.23333335 4.0 4.0 4.0 4.0 0.0 0.18800001 2 TOUCH_MOVE u
1401623655648 6 4098 482.0 876.451 0.26666668 5.0 5.0 5.0 5.0 0.0 0.156 2 TOUCH_MOVE u
1401623655652 6 4098 482.0 876.451 0.26666668 5.0 5.0 5.0 5.0 0.0 0.156 1 TOUCH_UP u
1401623655921 6 4098 189.5 860.951 0.23333335 4.0 4.0 4.0 4.0 0.0 0.22000001 0 TOUCH_DOWN e
1401623655939 6 4098 189.88669 861.3377 0.26666668 5.0 5.0 5.0 5.0 0.0 0.23200001 2 TOUCH_MOVE e
1401623655956 6 4098 191.48305 862.1925 0.3 5.0 5.0 5.0 5.0 0.0 0.252 2 TOUCH_MOVE e
1401623655972 6 4098 192.5 862.701 0.3 5.0 5.0 5.0 5.0 0.0 0.252 2 TOUCH_MOVE e
1401623656007 6 4098 191.5 862.451 0.3 5.0 5.0 5.0 5.0 0.0 0.23600002 2 TOUCH_MOVE e
1401623656022 6 4098 191.5 862.451 0.13333334 2.0 2.0 2.0 2.0 0.0 0.164 2 TOUCH_MOVE e
1401623656036 6 4098 191.5 862.451 0.13333334 2.0 2.0 2.0 2.0 0.0 0.164 1 TOUCH_UP e
1401623656146 6 4098 424.0 1218.9509 0.23333335 4.0 4.0 4.0 4.0 0.0 0.208 0 TOUCH_DOWN ,
1401623656189 6 4098 424.0 1218.9509 0.23333335 4.0 4.0 4.0 4.0 0.0 0.22800002 2 TOUCH_MOVE ,
1401623656218 6 4098 424.0 1218.9509 0.16666667 3.0 3.0 3.0 3.0 0.0 0.18400002 2 TOUCH_MOVE ,
1401623656221 6 4098 424.0 1218.9509 0.16666667 3.0 3.0 3.0 3.0 0.0 0.18400002 1 TOUCH_UP ,
1401623657269 6 4098 694.0 1109.9509 0.23333335 5.0 5.0 5.0 5.0 0.0 0.19600001 0 TOUCH_DOWN Back
1401623657275 6 4098 694.0 1109.9509 0.3 5.0 5.0 5.0 5.0 0.0 0.21200001 2 TOUCH_MOVE Back
1401623657307 6 4098 692.5615 1110.9509 0.3 5.0 5.0 5.0 5.0 0.0 0.22000001 2 TOUCH_MOVE Back
1401623657323 6 4098 691.5898 1111.4509 0.3 5.0 5.0 5.0 5.0 0.0 0.21200001 2 TOUCH_MOVE Back
1401623657340 6 4098 691.0 1112.325 0.3 5.0 5.0 5.0 5.0 0.0 0.208 2 TOUCH_MOVE Back
1401623657349 6 4098 691.0 1112.4509 0.26666668 5.0 5.0 5.0 5.0 0.0 0.192 2 TOUCH_MOVE Back
1401623657355 6 4098 691.0 1112.4509 0.26666668 5.0 5.0 5.0 5.0 0.0 0.192 1 TOUCH_UP Back
1401623657443 6 4098 679.5 1118.4509 0.26666668 4.0 4.0 4.0 4.0 0.0 0.2 0 TOUCH_DOWN Back
1401623657450 6 4098 679.5 1118.4509 0.26666668 4.0 4.0 4.0 4.0 0.0 0.20400001 2 TOUCH_MOVE Back
1401623657490 6 4098 678.4328 1118.4509 0.3 5.0 5.0 5.0 5.0 0.0 0.192 2 TOUCH_MOVE Back
1401623657505 6 4098 678.5 1118.4509 0.26666668 5.0 5.0 5.0 5.0 0.0 0.148 2 TOUCH_MOVE Back
1401623657509 6 4098 678.5 1118.4509 0.26666668 5.0 5.0 5.0 5.0 0.0 0.148 1 TOUCH_UP Back
1401623657801 6 4098 383.0 1230.4509 0.23333335 5.0 5.0 5.0 5.0 0.0 0.19600001 0 TOUCH_DOWN Space
1401623657841 6 4098 383.0 1230.4509 0.23333335 5.0 5.0 5.0 5.0 0.0 0.18400002 2 TOUCH_MOVE Space
1401623657845 6 4098 383.0 1230.4509 0.23333335 5.0 5.0 5.0 5.0 0.0 0.18400002 1 TOUCH_UP Space
1401623658348 6 4098 419.0 977.451 0.20000002 3.0 3.0 3.0 3.0 0.0 0.2 0 TOUCH_DOWN h
1401623658358 6 4098 419.0 977.451 0.23333335 4.0 4.0 4.0 4.0 0.0 0.20400001 2 TOUCH_MOVE h
1401623658390 6 4098 419.72272 977.6737 0.26666668 4.0 4.0 4.0 4.0 0.0 0.21200001 2 TOUCH_MOVE h
1401623658421 6 4098 420.5 977.951 0.26666668 4.0 4.0 4.0 4.0 0.0 0.21200001 2 TOUCH_MOVE h
1401623658434 6 4098 420.5 977.951 0.16666667 3.0 3.0 3.0 3.0 0.0 0.18 2 TOUCH_MOVE h
1401623658438 6 4098 420.5 977.951 0.16666667 3.0 3.0 3.0 3.0 0.0 0.18 1 TOUCH_UP h
1401623659005 6 4098 700.0 1061.9509 0.20000002 4.0 4.0 4.0 4.0 0.0 0.19600001 0 TOUCH_DOWN Back
1401623659017 6 4098 700.0 1061.9509 0.20000002 4.0 4.0 4.0 4.0 0.0 0.2 2 TOUCH_MOVE Back
1401623659042 6 4098 699.15216 1062.7988 0.26666668 4.0 4.0 4.0 4.0 0.0 0.208 2 TOUCH_MOVE Back
1401623659059 6 4098 698.1825 1063.4509 0.23333335 4.0 4.0 4.0 4.0 0.0 0.2 2 TOUCH_MOVE Back
1401623659069 6 4098 698.0 1063.4509 0.20000002 4.0 4.0 4.0 4.0 0.0 0.18 2 TOUCH_MOVE Back
1401623659072 6 4098 698.0 1063.4509 0.20000002 4.0 4.0 4.0 4.0 0.0 0.18 1 TOUCH_UP Back
1401623659147 6 4098 678.5 1090.4509 0.23333335 4.0 4.0 4.0 4.0 0.0 0.20400001 0 TOUCH_DOWN Back
1401623659159 6 4098 678.5 1091.0626 0.3 5.0 5.0 5.0 5.0 0.0 0.22000001 2 TOUCH_MOVE Back
1401623659177 6 4098 677.9257 1092.5995 0.3 5.0 5.0 5.0 5.0 0.0 0.22800002 2 TOUCH_MOVE Back
1401623659192 6 4098 676.96075 1094.5294 0.3 5.0 5.0 5.0 5.0 0.0 0.22000001 2 TOUCH_MOVE Back
1401623659209 6 4098 677.0 1095.455 0.23333335 4.0 4.0 4.0 4.0 0.0 0.19600001 2 TOUCH_MOVE Back
1401623659219 6 4098 677.0 1095.455 0.23333335 4.0 4.0 4.0 4.0 0.0 0.19600001 1 TOUCH_UP Back
1401623659964 6 4098 203.5 856.451 0.20000002 4.0 4.0 4.0 4.0 0.0 0.20400001 0 TOUCH_DOWN e
1401623660017 6 4098 203.15076 856.451 0.16666667 3.0 3.0 3.0 3.0 0.0 0.2 2 TOUCH_MOVE e
1401623660026 6 4098 203.0 856.451 0.13333334 2.0 2.0 2.0 2.0 0.0 0.148 2 TOUCH_MOVE e
1401623660032 6 4098 203.0 856.451 0.13333334 2.0 2.0 2.0 2.0 0.0 0.148 1 TOUCH_UP e
1401623660187 6 4098 414.0 1235.4509 0.20000002 4.0 4.0 4.0 4.0 0.0 0.19600001 0 TOUCH_DOWN ,
1401623660193 6 4098 414.0 1235.4509 0.20000002 4.0 4.0 4.0 4.0 0.0 0.20400001 2 TOUCH_MOVE ,
1401623660261 6 4098 414.0 1235.4509 0.20000002 4.0 4.0 4.0 4.0 0.0 0.20400001 1 TOUCH_UP ,
1401623661041 6 4098 670.0 1135.9509 0.23333335 5.0 5.0 5.0 5.0 0.0 0.18800001 0 TOUCH_DOWN Back
1401623661090 6 4098 670.0 1135.4509 0.26666668 5.0 5.0 5.0 5.0 0.0 0.17600001 2 TOUCH_MOVE Back
1401623661094 6 4098 670.0 1135.4509 0.26666668 5.0 5.0 5.0 5.0 0.0 0.17600001 1 TOUCH_UP Back
1401623661173 6 4098 678.5 1133.9509 0.20000002 4.0 4.0 4.0 4.0 0.0 0.192 0 TOUCH_DOWN Back
1401623661205 6 4098 678.20325 1133.9509 0.20000002 4.0 4.0 4.0 4.0 0.0 0.19600001 2 TOUCH_MOVE Back
1401623661228 6 4098 677.5 1134.2645 0.20000002 4.0 4.0 4.0 4.0 0.0 0.19600001 2 TOUCH_MOVE Back
1401623661246 6 4098 677.5 1134.4509 0.23333335 5.0 5.0 5.0 5.0 0.0 0.148 2 TOUCH_MOVE Back
1401623661253 6 4098 677.5 1134.4509 0.23333335 5.0 5.0 5.0 5.0 0.0 0.148 1 TOUCH_UP Back
1401623662544 6 4098 166.5 843.951 0.3 5.0 5.0 5.0 5.0 0.0 0.20400001 0 TOUCH_DOWN e
1401623662567 6 4098 166.5 843.951 0.3 5.0 5.0 5.0 5.0 0.0 0.208 2 TOUCH_MOVE e
1401623662613 6 4098 166.5 844.951 0.16666667 3.0 3.0 3.0 3.0 0.0 0.112 2 TOUCH_MOVE e
1401623662617 6 4098 166.5 844.951 0.16666667 3.0 3.0 3.0 3.0 0.0 0.112 1 TOUCH_UP e
1401623663221 6 4098 352.5 1231.4509 0.20000002 4.0 4.0 4.0 4.0 0.0 0.208 0 TOUCH_DOWN Space
1401623663229 6 4098 352.5 1231.4509 0.23333335 4.0 4.0 4.0 4.0 0.0 0.21200001 2 TOUCH_MOVE Space
1401623663279 6 4098 353.07718 1231.4509 0.23333335 4.0 4.0 4.0 4.0 0.0 0.20400001 2 TOUCH_MOVE Space
1401623663293 6 4098 353.0 1231.4509 0.13333334 2.0 2.0 2.0 2.0 0.0 0.172 2 TOUCH_MOVE Space
1401623663298 6 4098 353.0 1231.4509 0.13333334 2.0 2.0 2.0 2.0 0.0 0.172 1 TOUCH_UP Space
1401623663688 6 4098 332.0 982.451 0.3 5.0 5.0 5.0 5.0 0.0 0.2 0 TOUCH_DOWN g
1401623663696 6 4098 332.0 982.451 0.3 5.0 5.0 5.0 5.0 0.0 0.208 2 TOUCH_MOVE g
1401623663763 6 4098 331.3979 983.5531 0.3 5.0 5.0 5.0 5.0 0.0 0.18800001 2 TOUCH_MOVE g
1401623663777 6 4098 331.5 983.451 0.26666668 5.0 5.0 5.0 5.0 0.0 0.15200001 2 TOUCH_MOVE g
1401623663781 6 4098 331.5 983.451 0.26666668 5.0 5.0 5.0 5.0 0.0 0.15200001 1 TOUCH_UP g
1401623664029 6 4098 489.0 865.951 0.23333335 4.0 4.0 4.0 4.0 0.0 0.19600001 0 TOUCH_DOWN u
1401623664074 6 4098 489.0 865.951 0.23333335 4.0 4.0 4.0 4.0 0.0 0.19600001 1 TOUCH_UP u
1401623664577 6 4098 694.0 1107.4509 0.23333335 5.0 5.0 5.0 5.0 0.0 0.19600001 0 TOUCH_DOWN Back
1401623664602 6 4098 694.0 1108.2784 0.26666668 5.0 5.0 5.0 5.0 0.0 0.208 2 TOUCH_MOVE Back
1401623664616 6 4098 693.15515 1109.2958 0.26666668 5.0 5.0 5.0 5.0 0.0 0.208 2 TOUCH_MOVE Back
1401623664630 6 4098 692.1887 1110.7622 0.26666668 5.0 5.0 5.0 5.0 0.0 0.20400001 2 TOUCH_MOVE Back
1401623664649 6 4098 691.2544 1111.6965 0.26666668 5.0 5.0 5.0 5.0 0.0 0.18800001 2 TOUCH_MOVE Back
1401623664658 6 4098 691.0 1111.9509 0.26666668 5.0 5.0 5.0 5.0 0.0 0.128 2 TOUCH_MOVE Back
1401623664661 6 4098 691.0 1111.9509 0.26666668 5.0 5.0 5.0 5.0 0.0 0.128 1 TOUCH_UP Back
1401623664711 6 4098 682.5 1118.9509 0.26666668 4.0 4.0 4.0 4.0 0.0 0.19600001 0 TOUCH_DOWN Back
1401623664732 6 4098 682.5 1118.9509 0.26666668 4.0 4.0 4.0 4.0 0.0 0.20400001 2 TOUCH_MOVE Back
1401623664790 6 4098 682.5 1118.9509 0.26666668 4.0 4.0 4.0 4.0 0.0 0.20400001 1 TOUCH_UP Back
1401623665355 6 4098 403.5 972.451 0.16666667 3.0 3.0 3.0 3.0 0.0 0.19600001 0 TOUCH_DOWN h
1401623665371 6 4098 403.89508 972.84607 0.20000002 3.0 3.0 3.0 3.0 0.0 0.208 2 TOUCH_MOVE h
1401623665382 6 4098 404.75 973.701 0.26666668 4.0 4.0 4.0 4.0 0.0 0.224 2 TOUCH_MOVE h
1401623665398 6 4098 405.21198 973.951 0.26666668 4.0 4.0 4.0 4.0 0.0 0.224 2 TOUCH_MOVE h
1401623665414 6 4098 405.5 974.6415 0.23333335 4.0 4.0 4.0 4.0 0.0 0.208 2 TOUCH_MOVE h
1401623665435 6 4098 405.5 975.61554 0.20000002 3.0 3.0 3.0 3.0 0.0 0.18400002 2 TOUCH_MOVE h
1401623665443 6 4098 405.5 975.451 0.16666667 3.0 3.0 3.0 3.0 0.0 0.1 2 TOUCH_MOVE h
1401623665447 6 4098 405.5 975.451 0.16666667 3.0 3.0 3.0 3.0 0.0 0.1 1 TOUCH_UP h
1401623665665 6 4098 512.5 870.451 0.26666668 4.0 4.0 4.0 4.0 0.0 0.208 0 TOUCH_DOWN i
1401623665672 6 4098 512.5 870.451 0.26666668 4.0 4.0 4.0 4.0 0.0 0.216 2 TOUCH_MOVE i
1401623665739 6 4098 512.5 870.451 0.26666668 4.0 4.0 4.0 4.0 0.0 0.216 1 TOUCH_UP i
1401623666486 6 4098 677.0 1084.4509 0.23333335 5.0 5.0 5.0 5.0 0.0 0.19600001 0 TOUCH_DOWN Back
1401623666500 6 4098 677.0 1084.4509 0.23333335 5.0 5.0 5.0 5.0 0.0 0.20400001 2 TOUCH_MOVE Back
1401623666532 6 4098 674.20935 1085.9509 0.23333335 5.0 5.0 5.0 5.0 0.0 0.21200001 2 TOUCH_MOVE Back
1401623666549 6 4098 673.14484 1085.9509 0.23333335 5.0 5.0 5.0 5.0 0.0 0.20400001 2 TOUCH_MOVE Back
1401623666566 6 4098 672.25 1085.9509 0.23333335 5.0 5.0 5.0 5.0 0.0 0.136 2 TOUCH_MOVE Back
1401623666570 6 4098 672.25 1085.9509 0.23333335 5.0 5.0 5.0 5.0 0.0 0.136 1 TOUCH_UP Back
1401623666879 6 4098 489.0 854.451 0.20000002 4.0 4.0 4.0 4.0 0.0 0.20400001 0 TOUCH_DOWN u
1401623666924 6 4098 491.05145 853.26715 0.23333335 5.0 5.0 5.0 5.0 0.0 0.18800001 2 TOUCH_MOVE u
1401623666937 6 4098 493.5 852.451 0.23333335 5.0 5.0 5.0 5.0 0.0 0.17600001 2 TOUCH_MOVE u
1401623666942 6 4098 493.5 852.451 0.23333335 5.0 5.0 5.0 5.0 0.0 0.17600001 1 TOUCH_UP u
1401623667172 6 4098 613.0 872.951 0.26666668 5.0 5.0 5.0 5.0 0.0 0.18400002 0 TOUCH_DOWN o
1401623667197 6 4098 613.0 872.951 0.33333334 5.0 5.0 5.0 5.0 0.0 0.148 2 TOUCH_MOVE o
1401623667203 6 4098 613.0 872.951 0.33333334 5.0 5.0 5.0 5.0 0.0 0.148 1 TOUCH_UP o
1401623667476 6 4098 540.0 1089.9509 0.23333335 4.0 4.0 4.0 4.0 0.0 0.208 0 TOUCH_DOWN m
1401623667502 6 4098 540.0 1091.3525 0.23333335 4.0 4.0 4.0 4.0 0.0 0.22000001 2 TOUCH_MOVE m
1401623667529 6 4098 540.0 1092.2987 0.23333335 4.0 4.0 4.0 4.0 0.0 0.216 2 TOUCH_MOVE m
1401623667534 6 4098 540.0 1092.8656 0.23333335 4.0 4.0 4.0 4.0 0.0 0.21200001 2 TOUCH_MOVE m
1401623667544 6 4098 540.0 1092.9509 0.23333335 4.0 4.0 4.0 4.0 0.0 0.18 2 TOUCH_MOVE m
1401623667549 6 4098 540.0 1092.9509 0.23333335 4.0 4.0 4.0 4.0 0.0 0.18 1 TOUCH_UP m
1401623667778 6 4098 349.0 993.451 0.3 5.0 5.0 5.0 5.0 0.0 0.208 0 TOUCH_DOWN g
1401623667796 6 4098 349.1496 993.451 0.3 5.0 5.0 5.0 5.0 0.0 0.216 2 TOUCH_MOVE g
1401623667811 6 4098 350.06396 993.451 0.3 5.0 5.0 5.0 5.0 0.0 0.224 2 TOUCH_MOVE g
1401623667818 6 4098 351.97318 993.451 0.3 5.0 5.0 5.0 5.0 0.0 0.22800002 2 TOUCH_MOVE g
1401623667833 6 4098 353.0 993.451 0.3 5.0 5.0 5.0 5.0 0.0 0.22800002 2 TOUCH_MOVE g
1401623667862 6 4098 352.5 993.451 0.26666668 5.0 5.0 5.0 5.0 0.0 0.16800001 2 TOUCH_MOVE g
1401623667867 6 4098 352.5 993.451 0.26666668 5.0 5.0 5.0 5.0 0.0 0.16800001 1 TOUCH_UP g
1401623668573 6 4098 699.5 1126.4509 0.16666667 3.0 3.0 3.0 3.0 0.0 0.18400002 0 TOUCH_DOWN Back
1401623668584 6 4098 699.5 1126.4509 0.16666667 3.0 3.0 3.0 3.0 0.0 0.18800001 2 TOUCH_MOVE Back
1401623668620 6 4098 699.5 1126.4509 0.16666667 3.0 3.0 3.0 3.0 0.0 0.18800001 1 TOUCH_UP Back
1401623668753 6 4098 692.0 1131.4509 0.13333334 2.0 2.0 2.0 2.0 0.0 0.17600001 0 TOUCH_DOWN Back
1401623668768 6 4098 692.0 1131.4509 0.13333334 2.0 2.0 2.0 2.0 0.0 0.18 2 TOUCH_MOVE Back
1401623668801 6 4098 692.0 1131.4509 0.13333334 2.0 2.0 2.0 2.0 0.0 0.18 1 TOUCH_UP Back
1401623669535 6 4098 501.5 1128.4509 0.26666668 5.0 5.0 5.0 5.0 0.0 0.18800001 0 TOUCH_DOWN n
1401623669604 6 4098 501.5 1128.4509 0.26666668 5.0 5.0 5.0 5.0 0.0 0.18800001 1 TOUCH_UP n
1401623669812 6 4098 335.5 980.951 0.3 5.0 5.0 5.0 5.0 0.0 0.208 0 TOUCH_DOWN g
1401623669818 6 4098 335.5 980.951 0.26666668 4.0 4.0 4.0 4.0 0.0 0.216 2 TOUCH_MOVE g
1401623669869 6 4098 332.8787 983.01166 0.3 5.0 5.0 5.0 5.0 0.0 0.208 2 TOUCH_MOVE g
1401623669886 6 4098 330.0 985.201 0.3 5.0 5.0 5.0 5.0 0.0 0.192 2 TOUCH_MOVE g
1401623669890 6 4098 330.0 985.201 0.3 5.0 5.0 5.0 5.0 0.0 0.192 1 TOUCH_UP g
1401623670048 6 4098 350.0 1220.4509 0.23333335 4.0 4.0 4.0 4.0 0.0 0.208 0 TOUCH_DOWN Space
1401623670103 6 4098 350.0 1220.4509 0.20000002 3.0 3.0 3.0 3.0 0.0 0.2 2 TOUCH_MOVE Space
1401623670117 6 4098 351.5 1220.4509 0.16666667 3.0 3.0 3.0 3.0 0.0 0.18400002 2 TOUCH_MOVE Space
1401623670121 6 4098 351.5 1220.4509 0.16666667 3.0 3.0 3.0 3.0 0.0 0.18400002 1 TOUCH_UP Space
1401623670695 6 4098 307.0 858.451 0.16666667 3.0 3.0 3.0 3.0 0.0 0.19600001 0 TOUCH_DOWN t
1401623670706 6 4098 307.3126 859.2636 0.23333335 4.0 4.0 4.0 4.0 0.0 0.216 2 TOUCH_MOVE t
1401623670721 6 4098 308.28122 860.23224 0.23333335 4.0 4.0 4.0 4.0 0.0 0.216 2 TOUCH_MOVE t
1401623670736 6 4098 308.75 860.701 0.23333335 4.0 4.0 4.0 4.0 0.0 0.216 2 TOUCH_MOVE t
1401623670753 6 4098 308.5 860.451 0.13333334 2.0 2.0 2.0 2.0 0.0 0.17600001 2 TOUCH_MOVE t
1401623670759 6 4098 308.5 860.451 0.13333334 2.0 2.0 2.0 2.0 0.0 0.17600001 1 TOUCH_UP t
1401623671061 6 4098 585.5 857.951 0.13333334 2.0 2.0 2.0 2.0 0.0 0.18400002 0 TOUCH_DOWN o
1401623671071 6 4098 585.5 857.951 0.16666667 3.0 3.0 3.0 3.0 0.0 0.192 2 TOUCH_MOVE o
1401623671101 6 4098 582.5 857.951 0.13333334 2.0 2.0 2.0 2.0 0.0 0.148 2 TOUCH_MOVE o
1401623671104 6 4098 582.5 857.951 0.13333334 2.0 2.0 2.0 2.0 0.0 0.148 1 TOUCH_UP o
1401623671209 6 4098 552.0 857.951 0.23333335 5.0 5.0 5.0 5.0 0.0 0.20400001 0 TOUCH_DOWN i
1401623671221 6 4098 552.0 857.951 0.23333335 5.0 5.0 5.0 5.0 0.0 0.21200001 2 TOUCH_MOVE i
1401623671268 6 4098 552.0 857.951 0.23333335 5.0 5.0 5.0 5.0 0.0 0.21200001 1 TOUCH_UP i
