1401623537285 6 4098 520.5 1100.9509 0.23333335 4.0 4.0 4.0 4.0 0.0 0.18800001 0 TOUCH_DOWN N
1401623537344 6 4098 519.80664 1100.9509 0.23333335 4.0 4.0 4.0 4.0 0.0 0.20400001 2 TOUCH_MOVE N
1401623537358 6 4098 518.0 1100.9509 0.16666667 3.0 3.0 3.0 3.0 0.0 0.116000004 2 TOUCH_MOVE N
1401623537375 6 4098 518.0 1100.9509 0.16666667 3.0 3.0 3.0 3.0 0.0 0.116000004 1 TOUCH_UP N
1401623537736 6 4098 167.5 856.451 0.20000002 4.0 4.0 4.0 4.0 0.0 0.18400002 0 TOUCH_DOWN e
1401623537746 6 4098 167.5 856.451 0.20000002 4.0 4.0 4.0 4.0 0.0 0.18800001 2 TOUCH_MOVE e
1401623537849 6 4098 166.99176 856.9592 0.23333335 5.0 5.0 5.0 5.0 0.0 0.172 2 TOUCH_MOVE e
1401623537860 6 4098 166.99176 856.9592 0.23333335 5.0 5.0 5.0 5.0 0.0 0.172 1 TOUCH_UP e
1401623538159 6 4098 479.0 881.951 0.26666668 5.0 5.0 5.0 5.0 0.0 0.192 0 TOUCH_DOWN u
1401623538181 6 4098 479.0 881.951 0.23333335 5.0 5.0 5.0 5.0 0.0 0.192 2 TOUCH_MOVE u
1401623538209 6 4098 479.0 881.951 0.23333335 5.0 5.0 5.0 5.0 0.0 0.192 1 TOUCH_UP u
1401623538527 6 4098 312.5 1233.9509 0.23333335 4.0 4.0 4.0 4.0 0.0 0.19600001 0 TOUCH_DOWN Space
1401623538532 6 4098 312.5 1233.9509 0.23333335 4.0 4.0 4.0 4.0 0.0 0.208 2 TOUCH_MOVE Space
1401623538565 6 4098 313.6164 1232.3346 0.23333335 4.0 4.0 4.0 4.0 0.0 0.21200001 2 TOUCH_MOVE Space
1401623538583 6 4098 315.447 1231.3765 0.23333335 4.0 4.0 4.0 4.0 0.0 0.19600001 2 TOUCH_MOVE Space
1401623538594 6 4098 318.0 1230.9509 0.26666668 5.0 5.0 5.0 5.0 0.0 0.18400002 2 TOUCH_MOVE Space
1401623538603 6 4098 318.0 1230.9509 0.26666668 5.0 5.0 5.0 5.0 0.0 0.18400002 1 TOUCH_UP Space
1401623540324 6 4098 658.5 966.951 0.20000002 4.0 4.0 4.0 4.0 0.0 0.2 0 TOUCH_DOWN l
1401623540377 6 4098 658.5 966.951 0.20000002 4.0 4.0 4.0 4.0 0.0 0.18400002 2 TOUCH_MOVE l
1401623540382 6 4098 658.5 966.951 0.20000002 4.0 4.0 4.0 4.0 0.0 0.18400002 1 TOUCH_UP l
1401623541198 6 4098 63.5 969.951 0.16666667 3.0 3.0 3.0 3.0 0.0 0.18 0 TOUCH_DOWN a
1401623541233 6 4098 63.5 969.951 0.16666667 3.0 3.0 3.0 3.0 0.0 0.192 2 TOUCH_MOVE a
1401623541271 6 4098 63.5 969.951 0.16666667 3.0 3.0 3.0 3.0 0.0 0.192 1 TOUCH_UP a
1401623542648 6 4098 325.0 1230.4509 0.23333335 4.0 4.0 4.0 4.0 0.0 0.19600001 0 TOUCH_DOWN Space
1401623542703 6 4098 325.0 1230.4509 0.23333335 4.0 4.0 4.0 4.0 0.0 0.19600001 1 TOUCH_UP Space
1401623543134 6 4098 283.5 1101.4509 0.26666668 4.0 4.0 4.0 4.0 0.0 0.18800001 0 TOUCH_DOWN c
1401623543141 6 4098 283.5 1101.6462 0.26666668 4.0 4.0 4.0 4.0 0.0 0.192 2 TOUCH_MOVE c
1401623543174 6 4098 282.5558 1103.8394 0.3 5.0 5.0 5.0 5.0 0.0 0.2 2 TOUCH_MOVE c
1401623543197 6 4098 281.58978 1106.6816 0.3 5.0 5.0 5.0 5.0 0.0 0.19600001 2 TOUCH_MOVE c
1401623543202 6 4098 281.0 1109.4509 0.3 5.0 5.0 5.0 5.0 0.0 0.18 2 TOUCH_MOVE c
1401623543206 6 4098 281.0 1109.4509 0.3 5.0 5.0 5.0 5.0 0.0 0.18 1 TOUCH_UP c
1401623543352 6 4098 435.0 978.451 0.23333335 4.0 4.0 4.0 4.0 0.0 0.19600001 0 TOUCH_DOWN h
1401623543355 6 4098 435.0 978.451 0.23333335 4.0 4.0 4.0 4.0 0.0 0.20400001 2 TOUCH_MOVE h
1401623543400 6 4098 435.0 978.451 0.23333335 5.0 5.0 5.0 5.0 0.0 0.18 2 TOUCH_MOVE h
1401623543404 6 4098 435.0 978.451 0.23333335 5.0 5.0 5.0 5.0 0.0 0.18 1 TOUCH_UP h
1401623543549 6 4098 551.5 859.451 0.23333335 5.0 5.0 5.0 5.0 0.0 0.19600001 0 TOUCH_DOWN i
1401623543553 6 4098 551.5 859.451 0.20000002 4.0 4.0 4.0 4.0 0.0 0.19600001 2 TOUCH_MOVE i
1401623543601 6 4098 552.0057 859.451 0.23333335 5.0 5.0 5.0 5.0 0.0 0.18 2 TOUCH_MOVE i
1401623543611 6 4098 552.0057 859.451 0.23333335 5.0 5.0 5.0 5.0 0.0 0.18 1 TOUCH_UP i
1401623543907 6 4098 581.5 1108.9509 0.23333335 5.0 5.0 5.0 5.0 0.0 0.19600001 0 TOUCH_DOWN m
1401623543919 6 4098 581.5 1109.3849 0.3 5.0 5.0 5.0 5.0 0.0 0.2 2 TOUCH_MOVE m
1401623543937 6 4098 580.661 1110.6289 0.3 5.0 5.0 5.0 5.0 0.0 0.21200001 2 TOUCH_MOVE m
1401623543952 6 4098 579.1997 1112.5515 0.3 5.0 5.0 5.0 5.0 0.0 0.208 2 TOUCH_MOVE m
1401623543969 6 4098 575.9645 1117.2543 0.26666668 4.0 4.0 4.0 4.0 0.0 0.192 2 TOUCH_MOVE m
1401623543980 6 4098 574.5 1119.4509 0.20000002 4.0 4.0 4.0 4.0 0.0 0.18 2 TOUCH_MOVE m
1401623543983 6 4098 574.5 1119.4509 0.20000002 4.0 4.0 4.0 4.0 0.0 0.18 1 TOUCH_UP m
1401623544152 6 4098 380.0 1225.4509 0.23333335 4.0 4.0 4.0 4.0 0.0 0.20400001 0 TOUCH_DOWN Space
1401623544246 6 4098 380.0 1225.4509 0.23333335 4.0 4.0 4.0 4.0 0.0 0.20400001 1 TOUCH_UP Space
1401623544927 6 4098 310.0 858.451 0.16666667 3.0 3.0 3.0 3.0 0.0 0.18400002 0 TOUCH_DOWN t
1401623544936 6 4098 310.0 858.451 0.16666667 3.0 3.0 3.0 3.0 0.0 0.18 2 TOUCH_MOVE t
1401623544972 6 4098 310.0 858.451 0.13333334 2.0 2.0 2.0 2.0 0.0 0.136 2 TOUCH_MOVE t
1401623544994 6 4098 310.0 858.451 0.13333334 2.0 2.0 2.0 2.0 0.0 0.136 1 TOUCH_UP t
1401623545374 6 4098 576.0 845.451 0.20000002 3.0 3.0 3.0 3.0 0.0 0.17600001 0 TOUCH_DOWN o
1401623545389 6 4098 574.0598 845.16296 0.3 5.0 5.0 5.0 5.0 0.0 0.192 2 TOUCH_MOVE o
1401623545403 6 4098 569.4667 844.1927 0.3 5.0 5.0 5.0 5.0 0.0 0.2 2 TOUCH_MOVE o
1401623545420 6 4098 566.3288 843.22723 0.26666668 4.0 4.0 4.0 4.0 0.0 0.20400001 2 TOUCH_MOVE o
1401623545438 6 4098 564.3355 842.451 0.26666668 4.0 4.0 4.0 4.0 0.0 0.2 2 TOUCH_MOVE o
1401623545453 6 4098 563.3603 843.0907 0.26666668 5.0 5.0 5.0 5.0 0.0 0.164 2 TOUCH_MOVE o
1401623545460 6 4098 563.3603 843.0907 0.26666668 5.0 5.0 5.0 5.0 0.0 0.164 1 TOUCH_UP o
1401623546384 6 4098 567.0 879.451 0.3 5.0 5.0 5.0 5.0 0.0 0.2 0 TOUCH_DOWN i
1401623546464 6 4098 567.0 879.451 0.3 5.0 5.0 5.0 5.0 0.0 0.2 1 TOUCH_UP i
1401623546768 6 4098 382.0 1236.9509 0.20000002 5.0 5.0 5.0 5.0 0.0 0.192 0 TOUCH_DOWN Space
1401623546792 6 4098 382.0 1236.9509 0.23333335 5.0 5.0 5.0 5.0 0.0 0.20400001 2 TOUCH_MOVE Space
1401623546806 6 4098 382.0 1236.1244 0.23333335 5.0 5.0 5.0 5.0 0.0 0.208 2 TOUCH_MOVE Space
1401623546821 6 4098 382.0 1235.1583 0.23333335 5.0 5.0 5.0 5.0 0.0 0.20400001 2 TOUCH_MOVE Space
1401623546840 6 4098 382.0 1234.7009 0.20000002 4.0 4.0 4.0 4.0 0.0 0.2 2 TOUCH_MOVE Space
1401623546852 6 4098 382.0 1234.7009 0.20000002 4.0 4.0 4.0 4.0 0.0 0.2 1 TOUCH_UP Space
1401623547178 6 4098 121.0 961.951 0.23333335 4.0 4.0 4.0 4.0 0.0 0.20400001 0 TOUCH_DOWN s
1401623547189 6 4098 121.0 961.951 0.23333335 4.0 4.0 4.0 4.0 0.0 0.21200001 2 TOUCH_MOVE s
1401623547223 6 4098 122.44868 961.951 0.23333335 4.0 4.0 4.0 4.0 0.0 0.216 2 TOUCH_MOVE s
1401623547241 6 4098 122.5 962.82574 0.23333335 4.0 4.0 4.0 4.0 0.0 0.208 2 TOUCH_MOVE s
1401623547255 6 4098 122.5 962.951 0.13333334 2.0 2.0 2.0 2.0 0.0 0.14400001 2 TOUCH_MOVE s
1401623547261 6 4098 122.5 962.951 0.13333334 2.0 2.0 2.0 2.0 0.0 0.14400001 1 TOUCH_UP s
1401623547422 6 4098 150.5 838.451 0.26666668 4.0 4.0 4.0 4.0 0.0 0.216 0 TOUCH_DOWN e
1401623547429 6 4098 150.5 838.451 0.26666668 4.0 4.0 4.0 4.0 0.0 0.224 2 TOUCH_MOVE e
1401623547472 6 4098 151.0 838.451 0.3 5.0 5.0 5.0 5.0 0.0 0.22000001 2 TOUCH_MOVE e
1401623547487 6 4098 151.0 838.451 0.26666668 5.0 5.0 5.0 5.0 0.0 0.18800001 2 TOUCH_MOVE e
1401623547492 6 4098 151.0 838.451 0.26666668 5.0 5.0 5.0 5.0 0.0 0.18800001 1 TOUCH_UP e
1401623547629 6 4098 373.5 1213.4509 0.23333335 4.0 4.0 4.0 4.0 0.0 0.20400001 0 TOUCH_DOWN Space
1401623547638 6 4098 373.5 1214.0352 0.23333335 4.0 4.0 4.0 4.0 0.0 0.216 2 TOUCH_MOVE Space
1401623547691 6 4098 375.10706 1213.5819 0.23333335 4.0 4.0 4.0 4.0 0.0 0.2 2 TOUCH_MOVE Space
1401623547707 6 4098 375.5 1213.4509 0.26666668 5.0 5.0 5.0 5.0 0.0 0.16000001 2 TOUCH_MOVE Space
1401623547712 6 4098 375.5 1213.4509 0.26666668 5.0 5.0 5.0 5.0 0.0 0.16000001 1 TOUCH_UP Space
1401623548061 6 4098 656.0 974.451 0.16666667 3.0 3.0 3.0 3.0 0.0 0.17600001 0 TOUCH_DOWN l
1401623548073 6 4098 656.0 974.451 0.16666667 3.0 3.0 3.0 3.0 0.0 0.18 2 TOUCH_MOVE l
1401623548102 6 4098 656.0 974.451 0.16666667 3.0 3.0 3.0 3.0 0.0 0.104 2 TOUCH_MOVE l
1401623548108 6 4098 656.0 974.451 0.16666667 3.0 3.0 3.0 3.0 0.0 0.104 1 TOUCH_UP l
1401623548286 6 4098 45.0 969.951 0.16666667 3.0 3.0 3.0 3.0 0.0 0.17600001 0 TOUCH_DOWN a
1401623548291 6 4098 45.0 969.951 0.16666667 3.0 3.0 3.0 3.0 0.0 0.18 2 TOUCH_MOVE a
1401623548357 6 4098 44.489407 970.4616 0.16666667 3.0 3.0 3.0 3.0 0.0 0.17600001 2 TOUCH_MOVE a
1401623548364 6 4098 44.489407 970.4616 0.16666667 3.0 3.0 3.0 3.0 0.0 0.17600001 1 TOUCH_UP a
1401623548581 6 4098 351.0 1222.9509 0.23333335 4.0 4.0 4.0 4.0 0.0 0.19600001 0 TOUCH_DOWN Space
1401623548592 6 4098 351.0 1222.9509 0.23333335 4.0 4.0 4.0 4.0 0.0 0.2 2 TOUCH_MOVE Space
1401623548608 6 4098 350.48096 1222.9509 0.23333335 4.0 4.0 4.0 4.0 0.0 0.216 2 TOUCH_MOVE Space
1401623548623 6 4098 349.5189 1222.9509 0.23333335 4.0 4.0 4.0 4.0 0.0 0.21200001 2 TOUCH_MOVE Space
1401623548640 6 4098 349.99283 1222.9509 0.23333335 4.0 4.0 4.0 4.0 0.0 0.208 2 TOUCH_MOVE Space
1401623548656 6 4098 353.5 1222.9509 0.20000002 3.0 3.0 3.0 3.0 0.0 0.18 2 TOUCH_MOVE Space
1401623548663 6 4098 353.5 1222.9509 0.20000002 3.0 3.0 3.0 3.0 0.0 0.14 2 TOUCH_MOVE Space
1401623548681 6 4098 353.5 1222.9509 0.20000002 3.0 3.0 3.0 3.0 0.0 0.14 1 TOUCH_UP Space
1401623549094 6 4098 665.0 985.951 0.26666668 5.0 5.0 5.0 5.0 0.0 0.18 0 TOUCH_DOWN l
1401623549109 6 4098 665.0 985.951 0.3 5.0 5.0 5.0 5.0 0.0 0.192 2 TOUCH_MOVE l
1401623549140 6 4098 665.0 986.8779 0.3 5.0 5.0 5.0 5.0 0.0 0.208 2 TOUCH_MOVE l
1401623549157 6 4098 665.0 987.8203 0.3 5.0 5.0 5.0 5.0 0.0 0.20400001 2 TOUCH_MOVE l
1401623549173 6 4098 665.0 988.951 0.33333334 5.0 5.0 5.0 5.0 0.0 0.192 2 TOUCH_MOVE l
1401623549183 6 4098 665.0 988.951 0.26666668 5.0 5.0 5.0 5.0 0.0 0.16800001 2 TOUCH_MOVE l
1401623549187 6 4098 665.0 988.951 0.26666668 5.0 5.0 5.0 5.0 0.0 0.16800001 1 TOUCH_UP l
1401623549404 6 4098 624.5 864.951 0.26666668 5.0 5.0 5.0 5.0 0.0 0.192 0 TOUCH_DOWN o
1401623549410 6 4098 624.5 864.951 0.23333335 4.0 4.0 4.0 4.0 0.0 0.2 2 TOUCH_MOVE o
1401623549440 6 4098 621.6959 868.0591 0.26666668 4.0 4.0 4.0 4.0 0.0 0.208 2 TOUCH_MOVE o
1401623549457 6 4098 620.7407 870.4882 0.26666668 4.0 4.0 4.0 4.0 0.0 0.20400001 2 TOUCH_MOVE o
1401623549479 6 4098 619.0 875.201 0.33333334 5.0 5.0 5.0 5.0 0.0 0.16800001 2 TOUCH_MOVE o
1401623549489 6 4098 619.0 875.201 0.33333334 5.0 5.0 5.0 5.0 0.0 0.16800001 1 TOUCH_UP o
1401623549558 6 4098 50.0 971.951 0.16666667 3.0 3.0 3.0 3.0 0.0 0.18400002 0 TOUCH_DOWN a
1401623549607 6 4098 50.0 972.53705 0.16666667 3.0 3.0 3.0 3.0 0.0 0.18400002 2 TOUCH_MOVE a
1401623549626 6 4098 50.0 972.53705 0.16666667 3.0 3.0 3.0 3.0 0.0 0.18400002 1 TOUCH_UP a
1401623549710 6 4098 562.0 850.951 0.20000002 4.0 4.0 4.0 4.0 0.0 0.2 0 TOUCH_DOWN i
1401623549724 6 4098 562.0 850.951 0.23333335 4.0 4.0 4.0 4.0 0.0 0.208 2 TOUCH_MOVE i
1401623549741 6 4098 562.0 850.388 0.26666668 5.0 5.0 5.0 5.0 0.0 0.224 2 TOUCH_MOVE i
1401623549759 6 4098 562.0 849.63104 0.23333335 4.0 4.0 4.0 4.0 0.0 0.224 2 TOUCH_MOVE i
1401623549774 6 4098 562.0 849.2238 0.26666668 5.0 5.0 5.0 5.0 0.0 0.22000001 2 TOUCH_MOVE i
1401623549814 6 4098 562.0 849.2238 0.26666668 5.0 5.0 5.0 5.0 0.0 0.22000001 1 TOUCH_UP i
1401623550193 6 4098 374.5 1238.4509 0.16666667 4.0 4.0 4.0 4.0 0.0 0.18800001 0 TOUCH_DOWN Space
1401623550201 6 4098 374.5 1238.4509 0.20000002 4.0 4.0 4.0 4.0 0.0 0.19600001 2 TOUCH_MOVE Space
1401623550244 6 4098 375.0 1238.4509 0.16666667 4.0 4.0 4.0 4.0 0.0 0.17600001 2 TOUCH_MOVE Space
1401623550254 6 4098 375.0 1238.4509 0.13333334 3.0 3.0 3.0 3.0 0.0 0.104 2 TOUCH_MOVE Space
1401623550259 6 4098 375.0 1238.4509 0.13333334 3.0 3.0 3.0 3.0 0.0 0.104 1 TOUCH_UP Space
1401623550884 6 4098 448.5 1118.4509 0.3 5.0 5.0 5.0 5.0 0.0 0.18800001 0 TOUCH_DOWN b
1401623550892 6 4098 448.5 1118.4509 0.33333334 5.0 5.0 5.0 5.0 0.0 0.19600001 2 TOUCH_MOVE b
1401623550928 6 4098 448.5 1117.8982 0.33333334 5.0 5.0 5.0 5.0 0.0 0.2 2 TOUCH_MOVE b
1401623550942 6 4098 447.91254 1118.5383 0.3 5.0 5.0 5.0 5.0 0.0 0.18 2 TOUCH_MOVE b
1401623550949 6 4098 447.91254 1118.5383 0.3 5.0 5.0 5.0 5.0 0.0 0.18 1 TOUCH_UP b
1401623551708 6 4098 618.5 877.951 0.3 5.0 5.0 5.0 5.0 0.0 0.18400002 0 TOUCH_DOWN o
1401623551713 6 4098 618.5 877.951 0.3 5.0 5.0 5.0 5.0 0.0 0.192 2 TOUCH_MOVE o
1401623551794 6 4098 618.0948 878.8562 0.33333334 5.0 5.0 5.0 5.0 0.0 0.19600001 2 TOUCH_MOVE o
1401623551801 6 4098 618.0 878.951 0.3 5.0 5.0 5.0 5.0 0.0 0.18400002 2 TOUCH_MOVE o
1401623551805 6 4098 618.0 878.951 0.3 5.0 5.0 5.0 5.0 0.0 0.18400002 1 TOUCH_UP o
1401623552287 6 4098 362.0 1232.9509 0.20000002 4.0 4.0 4.0 4.0 0.0 0.19600001 0 TOUCH_DOWN Space
1401623552293 6 4098 362.0 1232.9509 0.20000002 4.0 4.0 4.0 4.0 0.0 0.20400001 2 TOUCH_MOVE Space
1401623552343 6 4098 363.02048 1232.6907 0.20000002 3.0 3.0 3.0 3.0 0.0 0.192 2 TOUCH_MOVE Space
1401623552358 6 4098 363.5 1232.4509 0.20000002 3.0 3.0 3.0 3.0 0.0 0.18 2 TOUCH_MOVE Space
1401623552361 6 4098 363.5 1232.4509 0.20000002 3.0 3.0 3.0 3.0 0.0 0.18 1 TOUCH_UP Space
1401623552713 6 4098 266.5 1117.4509 0.3 5.0 5.0 5.0 5.0 0.0 0.19600001 0 TOUCH_DOWN c
1401623552728 6 4098 266.5 1117.4509 0.3 5.0 5.0 5.0 5.0 0.0 0.20400001 2 TOUCH_MOVE c
1401623552761 6 4098 258.54556 1117.4509 0.23333335 4.0 4.0 4.0 4.0 0.0 0.19600001 2 TOUCH_MOVE c
1401623552769 6 4098 257.5 1117.4509 0.20000002 4.0 4.0 4.0 4.0 0.0 0.18 2 TOUCH_MOVE c
1401623552772 6 4098 257.5 1117.4509 0.20000002 4.0 4.0 4.0 4.0 0.0 0.18 1 TOUCH_UP c
1401623552971 6 4098 73.0 1000.451 0.23333335 5.0 5.0 5.0 5.0 0.0 0.20400001 0 TOUCH_DOWN a
1401623552997 6 4098 73.40314 1000.451 0.33333334 5.0 5.0 5.0 5.0 0.0 0.23600002 2 TOUCH_MOVE a
1401623553010 6 4098 74.35326 1000.451 0.33333334 5.0 5.0 5.0 5.0 0.0 0.24000001 2 TOUCH_MOVE a
1401623553028 6 4098 74.75 1000.451 0.33333334 5.0 5.0 5.0 5.0 0.0 0.24000001 2 TOUCH_MOVE a
1401623553043 6 4098 75.09857 1000.451 0.33333334 5.0 5.0 5.0 5.0 0.0 0.24400002 2 TOUCH_MOVE a
1401623553077 6 4098 75.0 1000.451 0.23333335 4.0 4.0 4.0 4.0 0.0 0.18400002 2 TOUCH_MOVE a
1401623553084 6 4098 75.0 1000.451 0.23333335 4.0 4.0 4.0 4.0 0.0 0.18400002 1 TOUCH_UP a
1401623553318 6 4098 481.0 841.951 0.26666668 4.0 4.0 4.0 4.0 0.0 0.2 0 TOUCH_DOWN u
1401623553327 6 4098 481.0 841.951 0.26666668 4.0 4.0 4.0 4.0 0.0 0.20400001 2 TOUCH_MOVE u
1401623553386 6 4098 481.0 841.951 0.26666668 4.0 4.0 4.0 4.0 0.0 0.20400001 1 TOUCH_UP u
1401623553673 6 4098 337.0 1217.9509 0.26666668 5.0 5.0 5.0 5.0 0.0 0.21200001 0 TOUCH_DOWN Space
1401623553695 6 4098 337.0 1217.9509 0.26666668 5.0 5.0 5.0 5.0 0.0 0.216 2 TOUCH_MOVE Space
1401623553756 6 4098 337.0 1217.9509 0.26666668 5.0 5.0 5.0 5.0 0.0 0.216 1 TOUCH_UP Space
1401623554196 6 4098 336.5 859.451 0.20000002 4.0 4.0 4.0 4.0 0.0 0.19600001 0 TOUCH_DOWN t
1401623554245 6 4098 336.5 859.451 0.23333335 5.0 5.0 5.0 5.0 0.0 0.18800001 2 TOUCH_MOVE t
1401623554255 6 4098 336.5 859.451 0.23333335 5.0 5.0 5.0 5.0 0.0 0.14400001 2 TOUCH_MOVE t
1401623554260 6 4098 336.5 859.451 0.23333335 5.0 5.0 5.0 5.0 0.0 0.14400001 1 TOUCH_UP t
1401623554384 6 4098 269.5 831.951 0.33333334 5.0 5.0 5.0 5.0 0.0 0.20400001 0 TOUCH_DOWN r
1401623554395 6 4098 269.5 831.951 0.33333334 5.0 5.0 5.0 5.0 0.0 0.208 2 TOUCH_MOVE r
1401623554432 6 4098 266.75 833.951 0.26666668 4.0 4.0 4.0 4.0 0.0 0.17600001 2 TOUCH_MOVE r
1401623554441 6 4098 266.75 833.951 0.26666668 4.0 4.0 4.0 4.0 0.0 0.17600001 1 TOUCH_UP r
1401623554935 6 4098 56.5 960.451 0.20000002 3.0 3.0 3.0 3.0 0.0 0.172 0 TOUCH_DOWN a
1401623554945 6 4098 56.086143 960.451 0.20000002 3.0 3.0 3.0 3.0 0.0 0.17600001 2 TOUCH_MOVE a
1401623554964 6 4098 55.19719 960.7538 0.16666667 3.0 3.0 3.0 3.0 0.0 0.18 2 TOUCH_MOVE a
1401623554979 6 4098 55.0 961.70715 0.16666667 3.0 3.0 3.0 3.0 0.0 0.18 2 TOUCH_MOVE a
1401623554997 6 4098 55.0 963.40094 0.16666667 3.0 3.0 3.0 3.0 0.0 0.18 2 TOUCH_MOVE a
1401623555012 6 4098 55.0 963.951 0.16666667 3.0 3.0 3.0 3.0 0.0 0.120000005 2 TOUCH_MOVE a
1401623555020 6 4098 55.0 963.951 0.16666667 3.0 3.0 3.0 3.0 0.0 0.120000005 1 TOUCH_UP a
1401623555120 6 4098 513.5 1113.9509 0.3 5.0 5.0 5.0 5.0 0.0 0.2 0 TOUCH_DOWN n
1401623555129 6 4098 513.5 1113.9509 0.33333334 5.0 5.0 5.0 5.0 0.0 0.20400001 2 TOUCH_MOVE n
1401623555156 6 4098 510.83438 1114.8673 0.33333334 5.0 5.0 5.0 5.0 0.0 0.21200001 2 TOUCH_MOVE n
1401623555162 6 4098 506.0883 1116.7156 0.3 5.0 5.0 5.0 5.0 0.0 0.216 2 TOUCH_MOVE n
1401623555182 6 4098 502.47476 1119.8179 0.3 5.0 5.0 5.0 5.0 0.0 0.208 2 TOUCH_MOVE n
1401623555197 6 4098 500.5 1122.9509 0.26666668 5.0 5.0 5.0 5.0 0.0 0.18400002 2 TOUCH_MOVE n
1401623555200 6 4098 500.5 1122.9509 0.26666668 5.0 5.0 5.0 5.0 0.0 0.18400002 1 TOUCH_UP n
1401623555500 6 4098 353.0 1008.451 0.20000002 4.0 4.0 4.0 4.0 0.0 0.19600001 0 TOUCH_DOWN g
1401623555513 6 4098 352.34787 1008.451 0.26666668 5.0 5.0 5.0 5.0 0.0 0.22000001 2 TOUCH_MOVE g
1401623555542 6 4098 350.27274 1006.83734 0.3 5.0 5.0 5.0 5.0 0.0 0.22800002 2 TOUCH_MOVE g
1401623555549 6 4098 348.3367 1005.8693 0.3 5.0 5.0 5.0 5.0 0.0 0.22800002 2 TOUCH_MOVE g
1401623555563 6 4098 346.41998 1004.91095 0.3 5.0 5.0 5.0 5.0 0.0 0.22800002 2 TOUCH_MOVE g
1401623555582 6 4098 345.48544 1004.951 0.3 5.0 5.0 5.0 5.0 0.0 0.20400001 2 TOUCH_MOVE g
1401623555602 6 4098 345.48544 1004.951 0.3 5.0 5.0 5.0 5.0 0.0 0.20400001 1 TOUCH_UP g
1401623556694 6 4098 687.5 1196.4509 0.16666667 3.0 3.0 3.0 3.0 0.0 0.19600001 0 TOUCH_DOWN Enter
1401623556699 6 4098 687.5 1196.4509 0.16666667 3.0 3.0 3.0 3.0 0.0 0.2 2 TOUCH_MOVE Enter
1401623556714 6 4098 687.5 1197.0168 0.20000002 4.0 4.0 4.0 4.0 0.0 0.20400001 2 TOUCH_MOVE Enter
1401623556751 6 4098 687.5 1197.0168 0.20000002 4.0 4.0 4.0 4.0 0.0 0.20400001 1 TOUCH_UP Enter
1401623557354 6 4098 513.0 1122.4509 0.26666668 4.0 4.0 4.0 4.0 0.0 0.192 0 TOUCH_DOWN N
1401623557365 6 4098 512.60864 1122.4509 0.3 5.0 5.0 5.0 5.0 0.0 0.2 2 TOUCH_MOVE N
1401623557384 6 4098 511.21997 1123.2109 0.3 5.0 5.0 5.0 5.0 0.0 0.19600001 2 TOUCH_MOVE N
1401623557398 6 4098 508.3205 1124.9039 0.26666668 5.0 5.0 5.0 5.0 0.0 0.17600001 2 TOUCH_MOVE N
1401623557403 6 4098 508.3205 1124.9039 0.26666668 5.0 5.0 5.0 5.0 0.0 0.17600001 1 TOUCH_UP N
1401623557702 6 4098 151.5 835.451 0.26666668 4.0 4.0 4.0 4.0 0.0 0.20400001 0 TOUCH_DOWN e
1401623557716 6 4098 151.5 835.451 0.26666668 4.0 4.0 4.0 4.0 0.0 0.21200001 2 TOUCH_MOVE e
1401623557781 6 4098 151.5 836.951 0.26666668 4.0 4.0 4.0 4.0 0.0 0.18400002 2 TOUCH_MOVE e
1401623557790 6 4098 151.5 836.951 0.20000002 3.0 3.0 3.0 3.0 0.0 0.104 2 TOUCH_MOVE e
1401623557795 6 4098 151.5 836.951 0.20000002 3.0 3.0 3.0 3.0 0.0 0.104 1 TOUCH_UP e
1401623558139 6 4098 475.5 854.951 0.16666667 3.0 3.0 3.0 3.0 0.0 0.19600001 0 TOUCH_DOWN u
1401623558194 6 4098 475.5 854.951 0.16666667 3.0 3.0 3.0 3.0 0.0 0.19600001 1 TOUCH_UP u
1401623558536 6 4098 328.5 1238.4509 0.20000002 5.0 5.0 5.0 5.0 0.0 0.16800001 0 TOUCH_DOWN Space
1401623558550 6 4098 328.5 1238.4509 0.20000002 5.0 5.0 5.0 5.0 0.0 0.156 2 TOUCH_MOVE Space
1401623558554 6 4098 328.5 1238.4509 0.20000002 5.0 5.0 5.0 5.0 0.0 0.156 1 TOUCH_UP Space
1401623558924 6 4098 631.5 972.451 0.16666667 3.0 3.0 3.0 3.0 0.0 0.19600001 0 TOUCH_DOWN l
1401623558932 6 4098 631.5 972.451 0.20000002 4.0 4.0 4.0 4.0 0.0 0.2 2 TOUCH_MOVE l
1401623558966 6 4098 632.9465 973.89746 0.23333335 4.0 4.0 4.0 4.0 0.0 0.21200001 2 TOUCH_MOVE l
1401623558984 6 4098 632.6407 975.1697 0.20000002 3.0 3.0 3.0 3.0 0.0 0.19600001 2 TOUCH_MOVE l
1401623558991 6 4098 632.5 975.451 0.23333335 4.0 4.0 4.0 4.0 0.0 0.17600001 2 TOUCH_MOVE l
1401623558994 6 4098 632.5 975.451 0.23333335 4.0 4.0 4.0 4.0 0.0 0.17600001 1 TOUCH_UP l
1401623559981 6 4098 63.0 970.951 0.16666667 3.0 3.0 3.0 3.0 0.0 0.192 0 TOUCH_DOWN a
1401623560000 6 4098 62.25386 970.951 0.16666667 3.0 3.0 3.0 3.0 0.0 0.208 2 TOUCH_MOVE a
1401623560037 6 4098 62.5 969.7199 0.20000002 3.0 3.0 3.0 3.0 0.0 0.216 2 TOUCH_MOVE a
1401623560051 6 4098 62.5 968.7514 0.20000002 3.0 3.0 3.0 3.0 0.0 0.21200001 2 TOUCH_MOVE a
1401623560084 6 4098 62.5 968.951 0.16666667 3.0 3.0 3.0 3.0 0.0 0.18800001 2 TOUCH_MOVE a
1401623560096 6 4098 62.5 968.951 0.16666667 3.0 3.0 3.0 3.0 0.0 0.15200001 2 TOUCH_MOVE a
1401623560102 6 4098 62.5 968.951 0.16666667 3.0 3.0 3.0 3.0 0.0 0.15200001 1 TOUCH_UP a
1401623560303 6 4098 328.0 1238.4509 0.20000002 5.0 5.0 5.0 5.0 0.0 0.18400002 0 TOUCH_DOWN Space
1401623560327 6 4098 327.3751 1237.5762 0.26666668 5.0 5.0 5.0 5.0 0.0 0.208 2 TOUCH_MOVE Space
1401623560335 6 4098 326.38367 1235.2183 0.26666668 5.0 5.0 5.0 5.0 0.0 0.208 2 TOUCH_MOVE Space
1401623560353 6 4098 326.0 1233.8771 0.26666668 5.0 5.0 5.0 5.0 0.0 0.20400001 2 TOUCH_MOVE Space
1401623560367 6 4098 326.5359 1232.915 0.23333335 5.0 5.0 5.0 5.0 0.0 0.19600001 2 TOUCH_MOVE Space
1401623560384 6 4098 334.25558 1231.1423 0.23333335 4.0 4.0 4.0 4.0 0.0 0.192 2 TOUCH_MOVE Space
1401623560399 6 4098 335.5 1230.9509 0.10000001 2.0 2.0 2.0 2.0 0.0 0.1 2 TOUCH_MOVE Space
1401623560404 6 4098 335.5 1230.9509 0.10000001 2.0 2.0 2.0 2.0 0.0 0.1 1 TOUCH_UP Space
1401623560971 6 4098 437.0 979.951 0.23333335 4.0 4.0 4.0 4.0 0.0 0.19600001 0 TOUCH_DOWN h
1401623560985 6 4098 437.0 979.951 0.23333335 4.0 4.0 4.0 4.0 0.0 0.192 2 TOUCH_MOVE h
1401623561007 6 4098 437.0 979.951 0.23333335 4.0 4.0 4.0 4.0 0.0 0.192 1 TOUCH_UP h
1401623561247 6 4098 619.5 848.451 0.23333335 4.0 4.0 4.0 4.0 0.0 0.19600001 0 TOUCH_DOWN o
1401623561319 6 4098 619.5 848.451 0.23333335 5.0 5.0 5.0 5.0 0.0 0.17600001 2 TOUCH_MOVE o
1401623561327 6 4098 619.5 848.451 0.23333335 5.0 5.0 5.0 5.0 0.0 0.17600001 1 TOUCH_UP o
1401623561369 6 4098 43.0 940.451 0.26666668 5.0 5.0 5.0 5.0 0.0 0.18800001 0 TOUCH_DOWN a
1401623561393 6 4098 43.0 940.451 0.26666668 5.0 5.0 5.0 5.0 0.0 0.19600001 2 TOUCH_MOVE a
1401623561435 6 4098 43.543777 940.451 0.26666668 5.0 5.0 5.0 5.0 0.0 0.2 2 TOUCH_MOVE a
1401623561451 6 4098 43.228413 941.49414 0.26666668 5.0 5.0 5.0 5.0 0.0 0.18800001 2 TOUCH_MOVE a
1401623561462 6 4098 43.0 941.951 0.23333335 4.0 4.0 4.0 4.0 0.0 0.16800001 2 TOUCH_MOVE a
1401623561466 6 4098 43.0 941.951 0.23333335 4.0 4.0 4.0 4.0 0.0 0.16800001 1 TOUCH_UP a
1401623561716 6 4098 318.5 1239.4509 0.16666667 4.0 4.0 4.0 4.0 0.0 0.19600001 0 TOUCH_DOWN Space
1401623561740 6 4098 317.826 1239.2769 0.20000002 4.0 4.0 4.0 4.0 0.0 0.208 2 TOUCH_MOVE Space
1401623561776 6 4098 317.0 1237.3447 0.20000002 4.0 4.0 4.0 4.0 0.0 0.19600001 2 TOUCH_MOVE Space
1401623561784 6 4098 317.0 1236.9509 0.20000002 4.0 4.0 4.0 4.0 0.0 0.18400002 2 TOUCH_MOVE Space
1401623561788 6 4098 317.0 1236.9509 0.20000002 4.0 4.0 4.0 4.0 0.0 0.18400002 1 TOUCH_UP Space
1401623562218 6 4098 332.5 860.951 0.23333335 5.0 5.0 5.0 5.0 0.0 0.192 0 TOUCH_DOWN t
1401623562240 6 4098 332.5 860.951 0.20000002 4.0 4.0 4.0 4.0 0.0 0.2 2 TOUCH_MOVE t
1401623562269 6 4098 332.5 861.5663 0.23333335 4.0 4.0 4.0 4.0 0.0 0.208 2 TOUCH_MOVE t
1401623562300 6 4098 332.49234 862.4586 0.26666668 5.0 5.0 5.0 5.0 0.0 0.2 2 TOUCH_MOVE t
1401623562303 6 4098 331.75 863.201 0.26666668 5.0 5.0 5.0 5.0 0.0 0.18800001 2 TOUCH_MOVE t
1401623562312 6 4098 331.75 863.201 0.26666668 5.0 5.0 5.0 5.0 0.0 0.18800001 1 TOUCH_UP t
1401623562530 6 4098 619.5 856.451 0.23333335 5.0 5.0 5.0 5.0 0.0 0.19600001 0 TOUCH_DOWN o
1401623562536 6 4098 619.5 856.451 0.23333335 5.0 5.0 5.0 5.0 0.0 0.2 2 TOUCH_MOVE o
1401623562552 6 4098 616.64966 854.5408 0.26666668 5.0 5.0 5.0 5.0 0.0 0.21200001 2 TOUCH_MOVE o
1401623562569 6 4098 610.38104 848.83203 0.26666668 4.0 4.0 4.0 4.0 0.0 0.21200001 2 TOUCH_MOVE o
1401623562589 6 4098 604.495 842.545 0.26666668 4.0 4.0 4.0 4.0 0.0 0.20400001 2 TOUCH_MOVE o
1401623562604 6 4098 601.0 838.951 0.26666668 5.0 5.0 5.0 5.0 0.0 0.18 2 TOUCH_MOVE o
1401623562609 6 4098 601.0 838.951 0.26666668 5.0 5.0 5.0 5.0 0.0 0.18 1 TOUCH_UP o
1401623562686 6 4098 529.0 856.451 0.20000002 4.0 4.0 4.0 4.0 0.0 0.20400001 0 TOUCH_DOWN i
1401623562703 6 4098 529.0 856.451 0.20000002 4.0 4.0 4.0 4.0 0.0 0.208 2 TOUCH_MOVE i
1401623562738 6 4098 530.08307 856.451 0.26666668 5.0 5.0 5.0 5.0 0.0 0.224 2 TOUCH_MOVE i
1401623562753 6 4098 532.6785 856.451 0.23333335 4.0 4.0 4.0 4.0 0.0 0.21200001 2 TOUCH_MOVE i
1401623562777 6 4098 535.0 857.451 0.20000002 4.0 4.0 4.0 4.0 0.0 0.18800001 2 TOUCH_MOVE i
1401623562789 6 4098 535.0 857.451 0.16666667 3.0 3.0 3.0 3.0 0.0 0.124000005 2 TOUCH_MOVE i
1401623562793 6 4098 535.0 857.451 0.16666667 3.0 3.0 3.0 3.0 0.0 0.124000005 1 TOUCH_UP i
1401623563058 6 4098 334.5 1221.4509 0.26666668 5.0 5.0 5.0 5.0 0.0 0.208 0 TOUCH_DOWN Space
1401623563072 6 4098 334.5 1221.4509 0.26666668 5.0 5.0 5.0 5.0 0.0 0.216 2 TOUCH_MOVE Space
1401623563104 6 4098 333.088 1221.4509 0.26666668 5.0 5.0 5.0 5.0 0.0 0.22800002 2 TOUCH_MOVE Space
1401623563121 6 4098 332.76883 1221.4509 0.26666668 5.0 5.0 5.0 5.0 0.0 0.22800002 2 TOUCH_MOVE Space
1401623563136 6 4098 334.24316 1221.2032 0.26666668 5.0 5.0 5.0 5.0 0.0 0.208 2 TOUCH_MOVE Space
1401623563150 6 4098 335.0 1220.9509 0.23333335 4.0 4.0 4.0 4.0 0.0 0.18800001 2 TOUCH_MOVE Space
1401623563158 6 4098 335.0 1220.9509 0.23333335 4.0 4.0 4.0 4.0 0.0 0.18800001 1 TOUCH_UP Space
1401623563494 6 4098 120.0 957.451 0.26666668 4.0 4.0 4.0 4.0 0.0 0.21200001 0 TOUCH_DOWN s
1401623563504 6 4098 120.0 957.451 0.26666668 4.0 4.0 4.0 4.0 0.0 0.216 2 TOUCH_MOVE s
1401623563535 6 4098 120.440475 957.0105 0.3 5.0 5.0 5.0 5.0 0.0 0.24000001 2 TOUCH_MOVE s
1401623563554 6 4098 122.25 954.701 0.26666668 4.0 4.0 4.0 4.0 0.0 0.24400002 2 TOUCH_MOVE s
1401623563592 6 4098 122.25 954.701 0.26666668 4.0 4.0 4.0 4.0 0.0 0.24400002 1 TOUCH_UP s
1401623563705 6 4098 153.5 825.451 0.3 5.0 5.0 5.0 5.0 0.0 0.224 0 TOUCH_DOWN e
1401623563740 6 4098 153.5 825.451 0.33333334 5.0 5.0 5.0 5.0 0.0 0.224 2 TOUCH_MOVE e
1401623563770 6 4098 155.8377 826.8698 0.33333334 5.0 5.0 5.0 5.0 0.0 0.24800001 2 TOUCH_MOVE e
1401623563787 6 4098 159.15181 828.3349 0.33333334 5.0 5.0 5.0 5.0 0.0 0.24000001 2 TOUCH_MOVE e
1401623563805 6 4098 162.89842 830.4998 0.33333334 5.0 5.0 5.0 5.0 0.0 0.224 2 TOUCH_MOVE e
1401623563821 6 4098 167.25 833.951 0.26666668 4.0 4.0 4.0 4.0 0.0 0.18 2 TOUCH_MOVE e
1401623563828 6 4098 167.25 833.951 0.26666668 4.0 4.0 4.0 4.0 0.0 0.18 1 TOUCH_UP e
1401623563917 6 4098 356.5 1213.4509 0.16666667 3.0 3.0 3.0 3.0 0.0 0.18800001 0 TOUCH_DOWN Space
1401623563924 6 4098 356.5 1213.5483 0.20000002 3.0 3.0 3.0 3.0 0.0 0.192 2 TOUCH_MOVE Space
1401623563942 6 4098 356.42426 1214.5266 0.23333335 4.0 4.0 4.0 4.0 0.0 0.208 2 TOUCH_MOVE Space
1401623563954 6 4098 355.4588 1215.4922 0.23333335 4.0 4.0 4.0 4.0 0.0 0.22000001 2 TOUCH_MOVE Space
1401623563970 6 4098 355.5 1216.4565 0.26666668 5.0 5.0 5.0 5.0 0.0 0.22800002 2 TOUCH_MOVE Space
1401623564004 6 4098 355.5 1217.7009 0.23333335 4.0 4.0 4.0 4.0 0.0 0.22800002 2 TOUCH_MOVE Space
1401623564042 6 4098 355.5 1217.7009 0.23333335 4.0 4.0 4.0 4.0 0.0 0.22800002 1 TOUCH_UP Space
1401623564593 6 4098 659.5 965.451 0.20000002 4.0 4.0 4.0 4.0 0.0 0.192 0 TOUCH_DOWN l
1401623564605 6 4098 659.5 965.451 0.20000002 4.0 4.0 4.0 4.0 0.0 0.2 2 TOUCH_MOVE l
1401623564638 6 4098 659.5 964.9321 0.23333335 4.0 4.0 4.0 4.0 0.0 0.216 2 TOUCH_MOVE l
1401623564694 6 4098 659.5 964.9321 0.23333335 4.0 4.0 4.0 4.0 0.0 0.216 1 TOUCH_UP l
1401623565650 6 4098 54.0 962.451 0.20000002 3.0 3.0 3.0 3.0 0.0 0.18800001 0 TOUCH_DOWN a
1401623565695 6 4098 54.63016 962.451 0.16666667 3.0 3.0 3.0 3.0 0.0 0.19600001 2 TOUCH_MOVE a
1401623565721 6 4098 54.5 962.951 0.16666667 3.0 3.0 3.0 3.0 0.0 0.17600001 2 TOUCH_MOVE a
1401623565736 6 4098 54.5 962.951 0.16666667 3.0 3.0 3.0 3.0 0.0 0.17600001 1 TOUCH_UP a
1401623565986 6 4098 337.0 1243.9509 0.20000002 5.0 5.0 5.0 5.0 0.0 0.18400002 0 TOUCH_DOWN Space
1401623565996 6 4098 337.0 1243.9509 0.20000002 5.0 5.0 5.0 5.0 0.0 0.18800001 2 TOUCH_MOVE Space
1401623566025 6 4098 337.0 1243.2274 0.20000002 5.0 5.0 5.0 5.0 0.0 0.19600001 2 TOUCH_MOVE Space
1401623566039 6 4098 337.0 1242.7009 0.20000002 5.0 5.0 5.0 5.0 0.0 0.192 2 TOUCH_MOVE Space
1401623566071 6 4098 337.0 1242.7009 0.20000002 5.0 5.0 5.0 5.0 0.0 0.192 1 TOUCH_UP Space
1401623566962 6 4098 580.5 1087.4509 0.16666667 3.0 3.0 3.0 3.0 0.0 0.19600001 0 TOUCH_DOWN m
1401623566973 6 4098 580.1338 1087.8171 0.20000002 3.0 3.0 3.0 3.0 0.0 0.208 2 TOUCH_MOVE m
1401623566990 6 4098 580.0 1088.6501 0.23333335 4.0 4.0 4.0 4.0 0.0 0.21200001 2 TOUCH_MOVE m
1401623567022 6 4098 580.0 1088.6501 0.23333335 4.0 4.0 4.0 4.0 0.0 0.21200001 1 TOUCH_UP m
1401623567243 6 4098 614.0 857.451 0.23333335 5.0 5.0 5.0 5.0 0.0 0.20400001 0 TOUCH_DOWN o
1401623567255 6 4098 614.0 857.451 0.23333335 5.0 5.0 5.0 5.0 0.0 0.208 2 TOUCH_MOVE o
1401623567281 6 4098 612.88666 857.451 0.23333335 5.0 5.0 5.0 5.0 0.0 0.21200001 2 TOUCH_MOVE o
1401623567291 6 4098 612.25 857.451 0.23333335 5.0 5.0 5.0 5.0 0.0 0.20400001 2 TOUCH_MOVE o
1401623567309 6 4098 612.25 857.451 0.23333335 5.0 5.0 5.0 5.0 0.0 0.20400001 1 TOUCH_UP o
1401623567713 6 4098 360.0 850.951 0.13333334 2.0 2.0 2.0 2.0 0.0 0.18 0 TOUCH_DOWN y
1401623567771 6 4098 360.0 850.951 0.13333334 2.0 2.0 2.0 2.0 0.0 0.14400001 2 TOUCH_MOVE y
1401623567775 6 4098 360.0 850.951 0.13333334 2.0 2.0 2.0 2.0 0.0 0.14400001 1 TOUCH_UP y
1401623568052 6 4098 351.5 1219.9509 0.23333335 4.0 4.0 4.0 4.0 0.0 0.20400001 0 TOUCH_DOWN Space
1401623568058 6 4098 351.5 1219.9509 0.23333335 4.0 4.0 4.0 4.0 0.0 0.208 2 TOUCH_MOVE Space
1401623568091 6 4098 350.25 1219.9509 0.23333335 4.0 4.0 4.0 4.0 0.0 0.216 2 TOUCH_MOVE Space
1401623568122 6 4098 350.87576 1218.6993 0.23333335 4.0 4.0 4.0 4.0 0.0 0.2 2 TOUCH_MOVE Space
1401623568126 6 4098 351.0 1218.4509 0.16666667 3.0 3.0 3.0 3.0 0.0 0.16800001 2 TOUCH_MOVE Space
1401623568132 6 4098 351.0 1218.4509 0.16666667 3.0 3.0 3.0 3.0 0.0 0.16800001 1 TOUCH_UP Space
1401623568727 6 4098 688.5 1108.9509 0.26666668 5.0 5.0 5.0 5.0 0.0 0.18400002 0 TOUCH_DOWN Back
1401623568742 6 4098 688.5 1108.9509 0.26666668 5.0 5.0 5.0 5.0 0.0 0.18800001 2 TOUCH_MOVE Back
1401623568767 6 4098 688.5 1108.4509 0.23333335 4.0 4.0 4.0 4.0 0.0 0.172 2 TOUCH_MOVE Back
1401623568773 6 4098 688.5 1108.4509 0.23333335 4.0 4.0 4.0 4.0 0.0 0.172 1 TOUCH_UP Back
1401623568857 6 4098 685.0 1108.9509 0.26666668 5.0 5.0 5.0 5.0 0.0 0.18800001 0 TOUCH_DOWN Back
1401623568893 6 4098 685.0 1110.1888 0.3 5.0 5.0 5.0 5.0 0.0 0.19600001 2 TOUCH_MOVE Back
1401623568920 6 4098 685.0 1109.9509 0.26666668 5.0 5.0 5.0 5.0 0.0 0.164 2 TOUCH_MOVE Back
1401623568924 6 4098 685.0 1109.9509 0.26666668 5.0 5.0 5.0 5.0 0.0 0.164 1 TOUCH_UP Back
1401623569634 6 4098 343.5 842.951 0.26666668 4.0 4.0 4.0 4.0 0.0 0.2 0 TOUCH_DOWN t
1401623569642 6 4098 343.5 842.951 0.26666668 4.0 4.0 4.0 4.0 0.0 0.19600001 2 TOUCH_MOVE t
1401623569677 6 4098 342.39328 842.3443 0.26666668 4.0 4.0 4.0 4.0 0.0 0.20400001 2 TOUCH_MOVE t
1401623569692 6 4098 339.78864 843.5919 0.26666668 5.0 5.0 5.0 5.0 0.0 0.18800001 2 TOUCH_MOVE t
1401623569713 6 4098 338.5 844.451 0.23333335 5.0 5.0 5.0 5.0 0.0 0.18 2 TOUCH_MOVE t
1401623569718 6 4098 338.5 844.451 0.23333335 5.0 5.0 5.0 5.0 0.0 0.18 1 TOUCH_UP t
1401623569900 6 4098 378.5 1224.9509 0.23333335 4.0 4.0 4.0 4.0 0.0 0.208 0 TOUCH_DOWN Space
1401623569909 6 4098 378.5 1224.9509 0.23333335 4.0 4.0 4.0 4.0 0.0 0.21200001 2 TOUCH_MOVE Space
1401623569926 6 4098 377.97156 1224.9509 0.23333335 4.0 4.0 4.0 4.0 0.0 0.22000001 2 TOUCH_MOVE Space
1401623569943 6 4098 377.47696 1224.9509 0.23333335 4.0 4.0 4.0 4.0 0.0 0.21200001 2 TOUCH_MOVE Space
1401623569969 6 4098 377.47696 1224.9509 0.23333335 4.0 4.0 4.0 4.0 0.0 0.21200001 1 TOUCH_UP Space
1401623570468 6 4098 184.0 983.451 0.20000002 4.0 4.0 4.0 4.0 0.0 0.192 0 TOUCH_DOWN d
1401623570476 6 4098 184.0 983.451 0.16666667 3.0 3.0 3.0 3.0 0.0 0.2 2 TOUCH_MOVE d
1401623570497 6 4098 185.25226 982.1987 0.23333335 4.0 4.0 4.0 4.0 0.0 0.216 2 TOUCH_MOVE d
1401623570510 6 4098 187.23558 980.2154 0.23333335 4.0 4.0 4.0 4.0 0.0 0.22800002 2 TOUCH_MOVE d
1401623570528 6 4098 188.82384 978.62714 0.23333335 4.0 4.0 4.0 4.0 0.0 0.23200001 2 TOUCH_MOVE d
1401623570544 6 4098 189.0 977.701 0.23333335 4.0 4.0 4.0 4.0 0.0 0.22800002 2 TOUCH_MOVE d
1401623570592 6 4098 189.0 977.701 0.23333335 4.0 4.0 4.0 4.0 0.0 0.22800002 1 TOUCH_UP d
1401623570779 6 4098 611.5 869.951 0.26666668 5.0 5.0 5.0 5.0 0.0 0.20400001 0 TOUCH_DOWN o
1401623570799 6 4098 611.5 869.951 0.3 5.0 5.0 5.0 5.0 0.0 0.208 2 TOUCH_MOVE o
1401623570842 6 4098 611.5 869.951 0.3 5.0 5.0 5.0 5.0 0.0 0.208 1 TOUCH_UP o
1401623571003 6 4098 48.0 1002.951 0.26666668 5.0 5.0 5.0 5.0 0.0 0.19600001 0 TOUCH_DOWN a
1401623571010 6 4098 48.0 1002.951 0.23333335 4.0 4.0 4.0 4.0 0.0 0.2 2 TOUCH_MOVE a
1401623571035 6 4098 48.5 1003.2049 0.23333335 4.0 4.0 4.0 4.0 0.0 0.208 2 TOUCH_MOVE a
1401623571044 6 4098 48.5 1004.19946 0.23333335 4.0 4.0 4.0 4.0 0.0 0.20400001 2 TOUCH_MOVE a
1401623571060 6 4098 48.5 1005.17645 0.23333335 4.0 4.0 4.0 4.0 0.0 0.2 2 TOUCH_MOVE a
1401623571077 6 4098 48.5 1007.4185 0.20000002 3.0 3.0 3.0 3.0 0.0 0.18400002 2 TOUCH_MOVE a
1401623571084 6 4098 48.5 1007.4185 0.20000002 3.0 3.0 3.0 3.0 0.0 0.18400002 1 TOUCH_UP a
1401623571350 6 4098 355.5 1233.9509 0.20000002 3.0 3.0 3.0 3.0 0.0 0.19600001 0 TOUCH_DOWN Space
1401623571361 6 4098 355.5 1233.3671 0.23333335 4.0 4.0 4.0 4.0 0.0 0.208 2 TOUCH_MOVE Space
1401623571394 6 4098 355.5 1232.3949 0.23333335 4.0 4.0 4.0 4.0 0.0 0.208 2 TOUCH_MOVE Space
1401623571413 6 4098 360.49118 1229.9539 0.16666667 3.0 3.0 3.0 3.0 0.0 0.18400002 2 TOUCH_MOVE Space
1401623571418 6 4098 360.5 1229.9509 0.20000002 3.0 3.0 3.0 3.0 0.0 0.14 2 TOUCH_MOVE Space
1401623571422 6 4098 360.5 1229.9509 0.20000002 3.0 3.0 3.0 3.0 0.0 0.14 1 TOUCH_UP Space
1401623571869 6 4098 445.0 970.451 0.23333335 5.0 5.0 5.0 5.0 0.0 0.2 0 TOUCH_DOWN h
1401623571909 6 4098 445.0 970.451 0.23333335 5.0 5.0 5.0 5.0 0.0 0.208 2 TOUCH_MOVE h
1401623571954 6 4098 445.0 970.451 0.23333335 5.0 5.0 5.0 5.0 0.0 0.208 1 TOUCH_UP h
1401623572124 6 4098 495.5 834.951 0.3 5.0 5.0 5.0 5.0 0.0 0.216 0 TOUCH_DOWN u
1401623572181 6 4098 495.5 834.951 0.3 5.0 5.0 5.0 5.0 0.0 0.18400002 2 TOUCH_MOVE u
1401623572198 6 4098 495.5 834.951 0.3 5.0 5.0 5.0 5.0 0.0 0.18400002 1 TOUCH_UP u
1401623572394 6 4098 608.0 854.951 0.23333335 5.0 5.0 5.0 5.0 0.0 0.19600001 0 TOUCH_DOWN o
1401623572412 6 4098 608.0 854.951 0.20000002 4.0 4.0 4.0 4.0 0.0 0.2 2 TOUCH_MOVE o
1401623572462 6 4098 608.0 854.951 0.23333335 5.0 5.0 5.0 5.0 0.0 0.172 2 TOUCH_MOVE o
1401623572466 6 4098 608.0 854.951 0.23333335 5.0 5.0 5.0 5.0 0.0 0.172 1 TOUCH_UP o
1401623572736 6 4098 506.5 1097.9509 0.3 5.0 5.0 5.0 5.0 0.0 0.20400001 0 TOUCH_DOWN n
1401623572745 6 4098 506.5 1098.3096 0.3 5.0 5.0 5.0 5.0 0.0 0.21200001 2 TOUCH_MOVE n
1401623572787 6 4098 506.5 1100.7467 0.3 5.0 5.0 5.0 5.0 0.0 0.22000001 2 TOUCH_MOVE n
1401623572795 6 4098 507.08282 1103.1993 0.3 5.0 5.0 5.0 5.0 0.0 0.20400001 2 TOUCH_MOVE n
1401623572809 6 4098 507.5 1104.4509 0.3 5.0 5.0 5.0 5.0 0.0 0.18 2 TOUCH_MOVE n
1401623572812 6 4098 507.5 1104.4509 0.3 5.0 5.0 5.0 5.0 0.0 0.18 1 TOUCH_UP n
1401623572922 6 4098 385.0 968.451 0.23333335 5.0 5.0 5.0 5.0 0.0 0.20400001 0 TOUCH_DOWN g
1401623572930 6 4098 385.0 968.451 0.23333335 5.0 5.0 5.0 5.0 0.0 0.21200001 2 TOUCH_MOVE g
1401623572963 6 4098 383.45682 968.7226 0.3 5.0 5.0 5.0 5.0 0.0 0.23600002 2 TOUCH_MOVE g
1401623572982 6 4098 380.7991 969.9183 0.3 5.0 5.0 5.0 5.0 0.0 0.23600002 2 TOUCH_MOVE g
1401623572996 6 4098 378.44827 971.4855 0.3 5.0 5.0 5.0 5.0 0.0 0.22000001 2 TOUCH_MOVE g
1401623573016 6 4098 377.0 972.451 0.16666667 3.0 3.0 3.0 3.0 0.0 0.120000005 2 TOUCH_MOVE g
1401623573023 6 4098 377.0 972.451 0.16666667 3.0 3.0 3.0 3.0 0.0 0.120000005 1 TOUCH_UP g
1401623573213 6 4098 378.0 1215.4509 0.23333335 4.0 4.0 4.0 4.0 0.0 0.20400001 0 TOUCH_DOWN Space
1401623573246 6 4098 378.0 1215.4509 0.23333335 4.0 4.0 4.0 4.0 0.0 0.216 2 TOUCH_MOVE Space
1401623573280 6 4098 378.0 1215.4509 0.26666668 5.0 5.0 5.0 5.0 0.0 0.18400002 2 TOUCH_MOVE Space
1401623573306 6 4098 378.0 1215.4509 0.26666668 5.0 5.0 5.0 5.0 0.0 0.18400002 1 TOUCH_UP Space
1401623573768 6 4098 216.5 971.951 0.23333335 5.0 5.0 5.0 5.0 0.0 0.20400001 0 TOUCH_DOWN d
1401623573779 6 4098 216.5 971.951 0.26666668 5.0 5.0 5.0 5.0 0.0 0.216 2 TOUCH_MOVE d
1401623573813 6 4098 216.5 973.9566 0.26666668 5.0 5.0 5.0 5.0 0.0 0.224 2 TOUCH_MOVE d
1401623573830 6 4098 216.0396 975.37177 0.26666668 5.0 5.0 5.0 5.0 0.0 0.22000001 2 TOUCH_MOVE d
1401623573846 6 4098 214.5 976.951 0.23333335 4.0 4.0 4.0 4.0 0.0 0.18400002 2 TOUCH_MOVE d
1401623573851 6 4098 214.5 976.951 0.23333335 4.0 4.0 4.0 4.0 0.0 0.18400002 1 TOUCH_UP d
1401623574092 6 4098 481.0 849.951 0.23333335 4.0 4.0 4.0 4.0 0.0 0.216 0 TOUCH_DOWN u
1401623574098 6 4098 481.0 849.951 0.23333335 4.0 4.0 4.0 4.0 0.0 0.224 2 TOUCH_MOVE u
1401623574135 6 4098 482.5 849.451 0.26666668 5.0 5.0 5.0 5.0 0.0 0.208 2 TOUCH_MOVE u
1401623574140 6 4098 482.5 849.451 0.26666668 5.0 5.0 5.0 5.0 0.0 0.18 2 TOUCH_MOVE u
1401623574143 6 4098 482.5 849.451 0.26666668 5.0 5.0 5.0 5.0 0.0 0.18 1 TOUCH_UP u
1401623574299 6 4098 609.5 848.951 0.23333335 5.0 5.0 5.0 5.0 0.0 0.192 0 TOUCH_DOWN o
1401623574335 6 4098 609.5 849.5938 0.23333335 5.0 5.0 5.0 5.0 0.0 0.19600001 2 TOUCH_MOVE o
1401623574346 6 4098 609.0 850.951 0.20000002 4.0 4.0 4.0 4.0 0.0 0.16800001 2 TOUCH_MOVE o
1401623574352 6 4098 609.0 850.951 0.20000002 4.0 4.0 4.0 4.0 0.0 0.16800001 1 TOUCH_UP o
1401623574634 6 4098 519.5 1080.9509 0.20000002 4.0 4.0 4.0 4.0 0.0 0.19600001 0 TOUCH_DOWN n
1401623574648 6 4098 517.91364 1081.7225 0.23333335 5.0 5.0 5.0 5.0 0.0 0.208 2 TOUCH_MOVE n
1401623574664 6 4098 513.2928 1082.9338 0.23333335 5.0 5.0 5.0 5.0 0.0 0.21200001 2 TOUCH_MOVE n
1401623574684 6 4098 510.1874 1084.6593 0.23333335 4.0 4.0 4.0 4.0 0.0 0.208 2 TOUCH_MOVE n
1401623574697 6 4098 508.85284 1088.5396 0.26666668 5.0 5.0 5.0 5.0 0.0 0.192 2 TOUCH_MOVE n
1401623574710 6 4098 508.5 1090.9509 0.3 5.0 5.0 5.0 5.0 0.0 0.18 2 TOUCH_MOVE n
1401623574714 6 4098 508.5 1090.9509 0.3 5.0 5.0 5.0 5.0 0.0 0.18 1 TOUCH_UP n
1401623574858 6 4098 355.0 985.951 0.20000002 4.0 4.0 4.0 4.0 0.0 0.19600001 0 TOUCH_DOWN g
1401623574931 6 4098 354.5 987.1449 0.20000002 4.0 4.0 4.0 4.0 0.0 0.18 2 TOUCH_MOVE g
1401623574949 6 4098 354.5 987.1449 0.20000002 4.0 4.0 4.0 4.0 0.0 0.18 1 TOUCH_UP g
1401623575574 6 4098 673.0 1197.9509 0.20000002 4.0 4.0 4.0 4.0 0.0 0.2 0 TOUCH_DOWN Enter
1401623575581 6 4098 673.0 1197.9509 0.23333335 5.0 5.0 5.0 5.0 0.0 0.208 2 TOUCH_MOVE Enter
1401623575615 6 4098 671.23267 1197.9509 0.23333335 5.0 5.0 5.0 5.0 0.0 0.208 2 TOUCH_MOVE Enter
1401623575631 6 4098 670.75 1197.9509 0.23333335 5.0 5.0 5.0 5.0 0.0 0.208 2 TOUCH_MOVE Enter
1401623575650 6 4098 670.75 1197.9509 0.23333335 5.0 5.0 5.0 5.0 0.0 0.208 1 TOUCH_UP Enter
1401623576553 6 4098 672.0 985.451 0.3 5.0 5.0 5.0 5.0 0.0 0.208 0 TOUCH_DOWN L
1401623576567 6 4098 672.0 985.451 0.3 5.0 5.0 5.0 5.0 0.0 0.21200001 2 TOUCH_MOVE L
1401623576599 6 4098 672.0 985.99817 0.3 5.0 5.0 5.0 5.0 0.0 0.21200001 2 TOUCH_MOVE L
1401623576622 6 4098 672.0 985.99817 0.3 5.0 5.0 5.0 5.0 0.0 0.21200001 1 TOUCH_UP L
1401623576756 6 4098 66.0 972.451 0.16666667 3.0 3.0 3.0 3.0 0.0 0.19600001 0 TOUCH_DOWN a
1401623576767 6 4098 66.0 972.451 0.16666667 3.0 3.0 3.0 3.0 0.0 0.2 2 TOUCH_MOVE a
1401623576784 6 4098 65.32362 972.451 0.16666667 3.0 3.0 3.0 3.0 0.0 0.20400001 2 TOUCH_MOVE a
1401623576817 6 4098 64.2211 972.451 0.16666667 3.0 3.0 3.0 3.0 0.0 0.2 2 TOUCH_MOVE a
1401623576836 6 4098 63.01685 972.451 0.16666667 3.0 3.0 3.0 3.0 0.0 0.18800001 2 TOUCH_MOVE a
1401623576843 6 4098 62.5 972.451 0.16666667 3.0 3.0 3.0 3.0 0.0 0.16000001 2 TOUCH_MOVE a
1401623576848 6 4098 62.5 972.451 0.16666667 3.0 3.0 3.0 3.0 0.0 0.16000001 1 TOUCH_UP a
1401623577153 6 4098 350.0 1231.4509 0.20000002 4.0 4.0 4.0 4.0 0.0 0.20400001 0 TOUCH_DOWN Space
1401623577171 6 4098 350.0 1231.4509 0.23333335 4.0 4.0 4.0 4.0 0.0 0.21200001 2 TOUCH_MOVE Space
1401623577200 6 4098 348.51608 1231.4509 0.23333335 4.0 4.0 4.0 4.0 0.0 0.216 2 TOUCH_MOVE Space
1401623577216 6 4098 347.75 1231.4509 0.20000002 4.0 4.0 4.0 4.0 0.0 0.19600001 2 TOUCH_MOVE Space
1401623577231 6 4098 347.75 1231.4509 0.20000002 4.0 4.0 4.0 4.0 0.0 0.19600001 1 TOUCH_UP Space
1401623577731 6 4098 480.5 1093.4509 0.23333335 4.0 4.0 4.0 4.0 0.0 0.19600001 0 TOUCH_DOWN n
1401623577754 6 4098 478.75052 1093.7633 0.26666668 4.0 4.0 4.0 4.0 0.0 0.216 2 TOUCH_MOVE n
1401623577768 6 4098 475.4149 1094.7435 0.26666668 4.0 4.0 4.0 4.0 0.0 0.224 2 TOUCH_MOVE n
1401623577784 6 4098 473.23532 1095.7156 0.26666668 4.0 4.0 4.0 4.0 0.0 0.224 2 TOUCH_MOVE n
1401623577800 6 4098 472.5 1096.6877 0.23333335 4.0 4.0 4.0 4.0 0.0 0.20400001 2 TOUCH_MOVE n
1401623577811 6 4098 472.5 1096.9509 0.20000002 4.0 4.0 4.0 4.0 0.0 0.18800001 2 TOUCH_MOVE n
1401623577817 6 4098 472.5 1096.9509 0.20000002 4.0 4.0 4.0 4.0 0.0 0.18800001 1 TOUCH_UP n
1401623577926 6 4098 335.0 994.951 0.3 5.0 5.0 5.0 5.0 0.0 0.208 0 TOUCH_DOWN g
1401623577937 6 4098 335.0 994.951 0.3 5.0 5.0 5.0 5.0 0.0 0.20400001 2 TOUCH_MOVE g
1401623577968 6 4098 335.0 997.61505 0.3 5.0 5.0 5.0 5.0 0.0 0.208 2 TOUCH_MOVE g
1401623577984 6 4098 335.0 1002.9389 0.26666668 4.0 4.0 4.0 4.0 0.0 0.192 2 TOUCH_MOVE g
1401623578001 6 4098 335.0 1006.201 0.16666667 3.0 3.0 3.0 3.0 0.0 0.112 2 TOUCH_MOVE g
1401623578006 6 4098 335.0 1006.201 0.16666667 3.0 3.0 3.0 3.0 0.0 0.112 1 TOUCH_UP g
1401623578231 6 4098 484.5 861.951 0.23333335 4.0 4.0 4.0 4.0 0.0 0.21200001 0 TOUCH_DOWN u
1401623578260 6 4098 484.81732 861.951 0.23333335 4.0 4.0 4.0 4.0 0.0 0.208 2 TOUCH_MOVE u
1401623578287 6 4098 486.0 861.951 0.23333335 5.0 5.0 5.0 5.0 0.0 0.132 2 TOUCH_MOVE u
1401623578291 6 4098 486.0 861.951 0.23333335 5.0 5.0 5.0 5.0 0.0 0.132 1 TOUCH_UP u
1401623578593 6 4098 594.5 851.451 0.16666667 3.0 3.0 3.0 3.0 0.0 0.19600001 0 TOUCH_DOWN o
1401623578604 6 4098 594.219 851.451 0.23333335 4.0 4.0 4.0 4.0 0.0 0.20400001 2 TOUCH_MOVE o
1401623578618 6 4098 593.00934 851.451 0.23333335 4.0 4.0 4.0 4.0 0.0 0.21200001 2 TOUCH_MOVE o
1401623578634 6 4098 589.48834 851.451 0.23333335 4.0 4.0 4.0 4.0 0.0 0.208 2 TOUCH_MOVE o
1401623578651 6 4098 580.88934 850.48096 0.20000002 3.0 3.0 3.0 3.0 0.0 0.192 2 TOUCH_MOVE o
1401623578658 6 4098 580.5 850.451 0.20000002 4.0 4.0 4.0 4.0 0.0 0.16800001 2 TOUCH_MOVE o
1401623578663 6 4098 580.5 850.451 0.20000002 4.0 4.0 4.0 4.0 0.0 0.16800001 1 TOUCH_UP o
1401623578733 6 4098 541.5 862.451 0.23333335 4.0 4.0 4.0 4.0 0.0 0.208 0 TOUCH_DOWN i
1401623578751 6 4098 541.5 862.451 0.23333335 4.0 4.0 4.0 4.0 0.0 0.21200001 2 TOUCH_MOVE i
1401623578767 6 4098 541.2727 863.1783 0.26666668 5.0 5.0 5.0 5.0 0.0 0.22800002 2 TOUCH_MOVE i
1401623578784 6 4098 540.3106 864.1404 0.26666668 5.0 5.0 5.0 5.0 0.0 0.224 2 TOUCH_MOVE i
1401623578816 6 4098 540.0 865.2684 0.3 5.0 5.0 5.0 5.0 0.0 0.21200001 2 TOUCH_MOVE i
1401623578823 6 4098 539.5 868.951 0.26666668 5.0 5.0 5.0 5.0 0.0 0.17600001 2 TOUCH_MOVE i
1401623578832 6 4098 539.5 868.951 0.26666668 5.0 5.0 5.0 5.0 0.0 0.17600001 1 TOUCH_UP i
1401623579129 6 4098 347.0 1200.4509 0.23333335 4.0 4.0 4.0 4.0 0.0 0.216 0 TOUCH_DOWN Space
1401623579136 6 4098 347.0 1200.4509 0.3 5.0 5.0 5.0 5.0 0.0 0.23200001 2 TOUCH_MOVE Space
1401623579171 6 4098 348.39783 1200.4509 0.3 5.0 5.0 5.0 5.0 0.0 0.252 2 TOUCH_MOVE Space
1401623579187 6 4098 349.36105 1200.4509 0.3 5.0 5.0 5.0 5.0 0.0 0.24400002 2 TOUCH_MOVE Space
1401623579201 6 4098 349.75 1200.4509 0.3 5.0 5.0 5.0 5.0 0.0 0.24000001 2 TOUCH_MOVE Space
1401623579214 6 4098 349.75 1200.4509 0.3 5.0 5.0 5.0 5.0 0.0 0.24000001 1 TOUCH_UP Space
1401623579842 6 4098 614.5 848.951 0.26666668 5.0 5.0 5.0 5.0 0.0 0.19600001 0 TOUCH_DOWN o
1401623579855 6 4098 614.5 848.951 0.26666668 5.0 5.0 5.0 5.0 0.0 0.2 2 TOUCH_MOVE o
1401623579870 6 4098 612.1533 848.0021 0.26666668 5.0 5.0 5.0 5.0 0.0 0.21200001 2 TOUCH_MOVE o
1401623579885 6 4098 608.43274 846.6241 0.26666668 5.0 5.0 5.0 5.0 0.0 0.208 2 TOUCH_MOVE o
1401623579902 6 4098 605.0 845.951 0.23333335 4.0 4.0 4.0 4.0 0.0 0.18400002 2 TOUCH_MOVE o
1401623579906 6 4098 605.0 845.951 0.23333335 4.0 4.0 4.0 4.0 0.0 0.18400002 1 TOUCH_UP o
1401623579996 6 4098 558.0 853.451 0.23333335 5.0 5.0 5.0 5.0 0.0 0.20400001 0 TOUCH_DOWN i
1401623580002 6 4098 558.0 853.451 0.23333335 5.0 5.0 5.0 5.0 0.0 0.208 2 TOUCH_MOVE i
1401623580039 6 4098 557.1035 853.451 0.23333335 5.0 5.0 5.0 5.0 0.0 0.22000001 2 TOUCH_MOVE i
1401623580055 6 4098 556.5 853.72687 0.23333335 5.0 5.0 5.0 5.0 0.0 0.216 2 TOUCH_MOVE i
1401623580070 6 4098 555.97 855.54114 0.26666668 5.0 5.0 5.0 5.0 0.0 0.18400002 2 TOUCH_MOVE i
1401623580082 6 4098 555.97 855.54114 0.26666668 5.0 5.0 5.0 5.0 0.0 0.18400002 1 TOUCH_UP i
1401623580784 6 4098 695.0 1095.9509 0.23333335 4.0 4.0 4.0 4.0 0.0 0.2 0 TOUCH_DOWN Back
1401623580811 6 4098 693.4848 1095.9509 0.26666668 4.0 4.0 4.0 4.0 0.0 0.216 2 TOUCH_MOVE Back
1401623580844 6 4098 689.6239 1096.9509 0.26666668 4.0 4.0 4.0 4.0 0.0 0.20400001 2 TOUCH_MOVE Back
1401623580852 6 4098 689.0 1096.9509 0.20000002 3.0 3.0 3.0 3.0 0.0 0.112 2 TOUCH_MOVE Back
1401623580857 6 4098 689.0 1096.9509 0.20000002 3.0 3.0 3.0 3.0 0.0 0.112 1 TOUCH_UP Back
1401623580949 6 4098 672.0 1114.9509 0.33333334 5.0 5.0 5.0 5.0 0.0 0.19600001 0 TOUCH_DOWN Back
1401623581021 6 4098 672.0 1114.9509 0.33333334 5.0 5.0 5.0 5.0 0.0 0.19600001 1 TOUCH_UP Back
1401623581964 6 4098 323.5 856.451 0.23333335 5.0 5.0 5.0 5.0 0.0 0.2 0 TOUCH_DOWN t
1401623582039 6 4098 323.5 856.951 0.20000002 4.0 4.0 4.0 4.0 0.0 0.17600001 2 TOUCH_MOVE t
1401623582044 6 4098 323.5 856.951 0.20000002 4.0 4.0 4.0 4.0 0.0 0.17600001 1 TOUCH_UP t
1401623582349 6 4098 604.5 846.951 0.23333335 4.0 4.0 4.0 4.0 0.0 0.20400001 0 TOUCH_DOWN o
1401623582354 6 4098 604.5 846.951 0.26666668 4.0 4.0 4.0 4.0 0.0 0.20400001 2 TOUCH_MOVE o
1401623582372 6 4098 603.3404 846.0112 0.26666668 4.0 4.0 4.0 4.0 0.0 0.216 2 TOUCH_MOVE o
1401623582387 6 4098 598.9566 843.50385 0.26666668 4.0 4.0 4.0 4.0 0.0 0.216 2 TOUCH_MOVE o
1401623582404 6 4098 592.4072 841.08673 0.23333335 4.0 4.0 4.0 4.0 0.0 0.20400001 2 TOUCH_MOVE o
1401623582421 6 4098 588.686 839.294 0.16666667 3.0 3.0 3.0 3.0 0.0 0.1 2 TOUCH_MOVE o
1401623582428 6 4098 588.686 839.294 0.16666667 3.0 3.0 3.0 3.0 0.0 0.1 1 TOUCH_UP o
1401623582504 6 4098 557.5 852.451 0.23333335 5.0 5.0 5.0 5.0 0.0 0.2 0 TOUCH_DOWN i
1401623582521 6 4098 557.5 852.451 0.23333335 5.0 5.0 5.0 5.0 0.0 0.21200001 2 TOUCH_MOVE i
1401623582590 6 4098 558.0 852.951 0.23333335 5.0 5.0 5.0 5.0 0.0 0.192 2 TOUCH_MOVE i
1401623582598 6 4098 558.0 852.951 0.16666667 3.0 3.0 3.0 3.0 0.0 0.112 2 TOUCH_MOVE i
1401623582602 6 4098 558.0 852.951 0.16666667 3.0 3.0 3.0 3.0 0.0 0.112 1 TOUCH_UP i
1401623582998 6 4098 338.5 1232.4509 0.23333335 5.0 5.0 5.0 5.0 0.0 0.20400001 0 TOUCH_DOWN Space
1401623583005 6 4098 338.5 1232.4509 0.23333335 4.0 4.0 4.0 4.0 0.0 0.21200001 2 TOUCH_MOVE Space
1401623583039 6 4098 338.5 1231.5769 0.26666668 5.0 5.0 5.0 5.0 0.0 0.216 2 TOUCH_MOVE Space
1401623583055 6 4098 339.33774 1231.1132 0.23333335 4.0 4.0 4.0 4.0 0.0 0.21200001 2 TOUCH_MOVE Space
1401623583073 6 4098 342.5 1229.9509 0.23333335 4.0 4.0 4.0 4.0 0.0 0.192 2 TOUCH_MOVE Space
1401623583079 6 4098 342.5 1229.9509 0.23333335 4.0 4.0 4.0 4.0 0.0 0.192 1 TOUCH_UP Space
1401623583343 6 4098 146.0 967.451 0.20000002 4.0 4.0 4.0 4.0 0.0 0.2 0 TOUCH_DOWN s
1401623583356 6 4098 146.0 967.10443 0.23333335 4.0 4.0 4.0 4.0 0.0 0.216 2 TOUCH_MOVE s
1401623583376 6 4098 146.0 966.2735 0.26666668 5.0 5.0 5.0 5.0 0.0 0.23200001 2 TOUCH_MOVE s
1401623583388 6 4098 146.0 965.30707 0.26666668 5.0 5.0 5.0 5.0 0.0 0.22800002 2 TOUCH_MOVE s
1401623583405 6 4098 144.91696 964.3679 0.23333335 4.0 4.0 4.0 4.0 0.0 0.22800002 2 TOUCH_MOVE s
1401623583422 6 4098 143.37483 963.3884 0.23333335 4.0 4.0 4.0 4.0 0.0 0.2 2 TOUCH_MOVE s
1401623583441 6 4098 143.0 962.951 0.16666667 3.0 3.0 3.0 3.0 0.0 0.120000005 2 TOUCH_MOVE s
1401623583445 6 4098 143.0 962.951 0.16666667 3.0 3.0 3.0 3.0 0.0 0.120000005 1 TOUCH_UP s
1401623583585 6 4098 154.0 846.951 0.26666668 5.0 5.0 5.0 5.0 0.0 0.22800002 0 TOUCH_DOWN e
1401623583589 6 4098 154.0 846.951 0.26666668 5.0 5.0 5.0 5.0 0.0 0.23600002 2 TOUCH_MOVE e
1401623583639 6 4098 155.12354 846.951 0.26666668 5.0 5.0 5.0 5.0 0.0 0.24000001 2 TOUCH_MOVE e
1401623583663 6 4098 155.12354 846.951 0.26666668 5.0 5.0 5.0 5.0 0.0 0.24000001 1 TOUCH_UP e
1401623583888 6 4098 363.5 1238.9509 0.20000002 4.0 4.0 4.0 4.0 0.0 0.192 0 TOUCH_DOWN Space
1401623583922 6 4098 364.53152 1237.9194 0.20000002 4.0 4.0 4.0 4.0 0.0 0.2 2 TOUCH_MOVE Space
1401623583939 6 4098 366.01117 1236.9453 0.20000002 4.0 4.0 4.0 4.0 0.0 0.19600001 2 TOUCH_MOVE Space
1401623583955 6 4098 369.89496 1235.9772 0.20000002 4.0 4.0 4.0 4.0 0.0 0.192 2 TOUCH_MOVE Space
1401623583972 6 4098 374.0 1235.4509 0.20000002 5.0 5.0 5.0 5.0 0.0 0.17600001 2 TOUCH_MOVE Space
1401623583975 6 4098 374.0 1235.4509 0.20000002 5.0 5.0 5.0 5.0 0.0 0.17600001 1 TOUCH_UP Space
1401623584603 6 4098 263.5 1120.4509 0.26666668 4.0 4.0 4.0 4.0 0.0 0.2 0 TOUCH_DOWN c
1401623584617 6 4098 263.5 1120.4509 0.3 5.0 5.0 5.0 5.0 0.0 0.224 2 TOUCH_MOVE c
1401623584640 6 4098 264.15475 1120.4509 0.33333334 5.0 5.0 5.0 5.0 0.0 0.24400002 2 TOUCH_MOVE c
1401623584690 6 4098 264.44577 1120.8967 0.3 5.0 5.0 5.0 5.0 0.0 0.216 2 TOUCH_MOVE c
1401623584707 6 4098 265.357 1122.1649 0.3 5.0 5.0 5.0 5.0 0.0 0.18800001 2 TOUCH_MOVE c
1401623584715 6 4098 265.5 1122.4509 0.26666668 5.0 5.0 5.0 5.0 0.0 0.16800001 2 TOUCH_MOVE c
1401623584719 6 4098 265.5 1122.4509 0.26666668 5.0 5.0 5.0 5.0 0.0 0.16800001 1 TOUCH_UP c
1401623584899 6 4098 435.5 983.951 0.26666668 4.0 4.0 4.0 4.0 0.0 0.20400001 0 TOUCH_DOWN h
1401623584911 6 4098 435.5 984.4478 0.26666668 4.0 4.0 4.0 4.0 0.0 0.208 2 TOUCH_MOVE h
1401623584934 6 4098 435.9631 985.8772 0.26666668 4.0 4.0 4.0 4.0 0.0 0.208 2 TOUCH_MOVE h
1401623584939 6 4098 436.5 987.451 0.3 5.0 5.0 5.0 5.0 0.0 0.18800001 2 TOUCH_MOVE h
1401623584947 6 4098 436.5 987.451 0.3 5.0 5.0 5.0 5.0 0.0 0.18800001 1 TOUCH_UP h
1401623585221 6 4098 166.5 843.451 0.3 5.0 5.0 5.0 5.0 0.0 0.2 0 TOUCH_DOWN e
1401623585240 6 4098 166.5 843.451 0.3 5.0 5.0 5.0 5.0 0.0 0.21200001 2 TOUCH_MOVE e
1401623585257 6 4098 165.74289 842.6939 0.3 5.0 5.0 5.0 5.0 0.0 0.224 2 TOUCH_MOVE e
1401623585273 6 4098 164.75339 842.451 0.3 5.0 5.0 5.0 5.0 0.0 0.224 2 TOUCH_MOVE e
1401623585307 6 4098 165.0 842.451 0.23333335 4.0 4.0 4.0 4.0 0.0 0.19600001 2 TOUCH_MOVE e
1401623585320 6 4098 166.0 843.951 0.20000002 4.0 4.0 4.0 4.0 0.0 0.17600001 2 TOUCH_MOVE e
1401623585329 6 4098 166.0 843.951 0.20000002 4.0 4.0 4.0 4.0 0.0 0.17600001 1 TOUCH_UP e
1401623585542 6 4098 351.5 879.451 0.3 5.0 5.0 5.0 5.0 0.0 0.208 0 TOUCH_DOWN t
1401623585574 6 4098 350.75 880.201 0.3 5.0 5.0 5.0 5.0 0.0 0.23600002 2 TOUCH_MOVE t
1401623585592 6 4098 350.42154 881.0295 0.3 5.0 5.0 5.0 5.0 0.0 0.23600002 2 TOUCH_MOVE t
1401623585607 6 4098 349.457 882.537 0.3 5.0 5.0 5.0 5.0 0.0 0.216 2 TOUCH_MOVE t
1401623585624 6 4098 349.0 883.951 0.23333335 4.0 4.0 4.0 4.0 0.0 0.164 2 TOUCH_MOVE t
1401623585646 6 4098 349.0 883.951 0.23333335 4.0 4.0 4.0 4.0 0.0 0.164 1 TOUCH_UP t
1401623585814 6 4098 409.5 1229.4509 0.20000002 3.0 3.0 3.0 3.0 0.0 0.19600001 0 TOUCH_DOWN ,
1401623585824 6 4098 409.5 1229.4509 0.23333335 4.0 4.0 4.0 4.0 0.0 0.208 2 TOUCH_MOVE ,
1401623585891 6 4098 409.5 1229.4509 0.16666667 3.0 3.0 3.0 3.0 0.0 0.17600001 2 TOUCH_MOVE ,
1401623585895 6 4098 409.5 1229.4509 0.16666667 3.0 3.0 3.0 3.0 0.0 0.17600001 1 TOUCH_UP ,
1401623586503 6 4098 275.0 1127.9509 0.3 5.0 5.0 5.0 5.0 0.0 0.20400001 0 TOUCH_DOWN c
1401623586509 6 4098 275.0 1127.9509 0.3 5.0 5.0 5.0 5.0 0.0 0.21200001 2 TOUCH_MOVE c
1401623586578 6 4098 275.0 1127.9509 0.23333335 5.0 5.0 5.0 5.0 0.0 0.15200001 2 TOUCH_MOVE c
1401623586585 6 4098 275.0 1127.9509 0.23333335 5.0 5.0 5.0 5.0 0.0 0.15200001 1 TOUCH_UP c
1401623586802 6 4098 440.5 989.951 0.3 5.0 5.0 5.0 5.0 0.0 0.208 0 TOUCH_DOWN h
1401623586808 6 4098 440.5 989.951 0.26666668 4.0 4.0 4.0 4.0 0.0 0.20400001 2 TOUCH_MOVE h
1401623586859 6 4098 441.0 989.951 0.23333335 4.0 4.0 4.0 4.0 0.0 0.17600001 2 TOUCH_MOVE h
1401623586862 6 4098 441.0 989.951 0.23333335 4.0 4.0 4.0 4.0 0.0 0.17600001 1 TOUCH_UP h
1401623587690 6 4098 686.5 1088.9509 0.23333335 4.0 4.0 4.0 4.0 0.0 0.192 0 TOUCH_DOWN Back
1401623587697 6 4098 686.5 1089.154 0.23333335 4.0 4.0 4.0 4.0 0.0 0.2 2 TOUCH_MOVE Back
1401623587709 6 4098 686.5 1090.1323 0.23333335 4.0 4.0 4.0 4.0 0.0 0.208 2 TOUCH_MOVE Back
1401623587727 6 4098 685.3742 1092.2025 0.23333335 4.0 4.0 4.0 4.0 0.0 0.21200001 2 TOUCH_MOVE Back
1401623587744 6 4098 684.41064 1093.5403 0.23333335 4.0 4.0 4.0 4.0 0.0 0.208 2 TOUCH_MOVE Back
1401623587759 6 4098 683.42316 1094.5277 0.23333335 4.0 4.0 4.0 4.0 0.0 0.17600001 2 TOUCH_MOVE Back
1401623587768 6 4098 683.42316 1094.5277 0.23333335 4.0 4.0 4.0 4.0 0.0 0.17600001 1 TOUCH_UP Back
1401623587878 6 4098 674.5 1092.4509 0.23333335 4.0 4.0 4.0 4.0 0.0 0.18800001 0 TOUCH_DOWN Back
1401623587929 6 4098 675.5 1092.4509 0.23333335 4.0 4.0 4.0 4.0 0.0 0.18400002 2 TOUCH_MOVE Back
1401623587938 6 4098 675.5 1092.4509 0.23333335 4.0 4.0 4.0 4.0 0.0 0.16000001 2 TOUCH_MOVE Back
1401623587945 6 4098 675.5 1092.4509 0.23333335 4.0 4.0 4.0 4.0 0.0 0.16000001 1 TOUCH_UP Back
1401623588031 6 4098 677.5 1091.9509 0.23333335 4.0 4.0 4.0 4.0 0.0 0.18400002 0 TOUCH_DOWN Back
1401623588091 6 4098 677.5 1091.9509 0.23333335 4.0 4.0 4.0 4.0 0.0 0.18400002 1 TOUCH_UP Back
1401623588656 6 4098 380.0 1224.4509 0.23333335 4.0 4.0 4.0 4.0 0.0 0.208 0 TOUCH_DOWN Space
1401623588713 6 4098 380.0 1224.4509 0.23333335 4.0 4.0 4.0 4.0 0.0 0.208 1 TOUCH_UP Space
1401623588934 6 4098 271.5 1093.9509 0.3 5.0 5.0 5.0 5.0 0.0 0.20400001 0 TOUCH_DOWN c
1401623588949 6 4098 271.5 1094.553 0.3 5.0 5.0 5.0 5.0 0.0 0.22000001 2 TOUCH_MOVE c
1401623589000 6 4098 271.5 1096.4509 0.3 5.0 5.0 5.0 5.0 0.0 0.192 2 TOUCH_MOVE c
1401623589007 6 4098 271.5 1096.4509 0.3 5.0 5.0 5.0 5.0 0.0 0.192 1 TOUCH_UP c
1401623589278 6 4098 449.5 973.951 0.26666668 5.0 5.0 5.0 5.0 0.0 0.21200001 0 TOUCH_DOWN h
1401623589284 6 4098 449.5 973.951 0.26666668 5.0 5.0 5.0 5.0 0.0 0.22000001 2 TOUCH_MOVE h
1401623589310 6 4098 449.5 974.6055 0.26666668 5.0 5.0 5.0 5.0 0.0 0.224 2 TOUCH_MOVE h
1401623589340 6 4098 449.5 974.6055 0.26666668 5.0 5.0 5.0 5.0 0.0 0.224 1 TOUCH_UP h
1401623589587 6 4098 600.5 859.451 0.23333335 5.0 5.0 5.0 5.0 0.0 0.18400002 0 TOUCH_DOWN o
1401623589596 6 4098 601.5025 859.451 0.23333335 5.0 5.0 5.0 5.0 0.0 0.18800001 2 TOUCH_MOVE o
1401623589616 6 4098 603.4545 859.451 0.23333335 5.0 5.0 5.0 5.0 0.0 0.18800001 2 TOUCH_MOVE o
1401623589628 6 4098 604.69183 859.6428 0.23333335 5.0 5.0 5.0 5.0 0.0 0.18 2 TOUCH_MOVE o
1401623589641 6 4098 605.0 859.951 0.26666668 5.0 5.0 5.0 5.0 0.0 0.148 2 TOUCH_MOVE o
1401623589645 6 4098 605.0 859.951 0.26666668 5.0 5.0 5.0 5.0 0.0 0.148 1 TOUCH_UP o
1401623589937 6 4098 366.5 1229.9509 0.23333335 4.0 4.0 4.0 4.0 0.0 0.2 0 TOUCH_DOWN Space
1401623589960 6 4098 366.5 1229.9509 0.23333335 4.0 4.0 4.0 4.0 0.0 0.208 2 TOUCH_MOVE Space
1401623589986 6 4098 368.0 1229.9509 0.23333335 4.0 4.0 4.0 4.0 0.0 0.192 2 TOUCH_MOVE Space
1401623589990 6 4098 368.0 1229.9509 0.23333335 4.0 4.0 4.0 4.0 0.0 0.192 1 TOUCH_UP Space
1401623590430 6 4098 34.5 855.951 0.13333334 2.0 2.0 2.0 2.0 0.0 0.18400002 0 TOUCH_DOWN q
1401623590465 6 4098 36.886196 855.951 0.16666667 3.0 3.0 3.0 3.0 0.0 0.192 2 TOUCH_MOVE q
1401623590478 6 4098 37.92639 856.3774 0.16666667 3.0 3.0 3.0 3.0 0.0 0.192 2 TOUCH_MOVE q
1401623590495 6 4098 38.25 856.701 0.16666667 3.0 3.0 3.0 3.0 0.0 0.192 2 TOUCH_MOVE q
1401623590516 6 4098 38.25 856.701 0.16666667 3.0 3.0 3.0 3.0 0.0 0.192 1 TOUCH_UP q
1401623590741 6 4098 506.5 866.951 0.23333335 4.0 4.0 4.0 4.0 0.0 0.2 0 TOUCH_DOWN i
1401623590748 6 4098 506.5 866.951 0.23333335 4.0 4.0 4.0 4.0 0.0 0.19600001 2 TOUCH_MOVE i
1401623590796 6 4098 506.5 866.951 0.23333335 4.0 4.0 4.0 4.0 0.0 0.19600001 1 TOUCH_UP i
1401623591666 6 4098 702.0 1107.4509 0.23333335 5.0 5.0 5.0 5.0 0.0 0.192 0 TOUCH_DOWN Back
1401623591679 6 4098 699.4382 1107.8633 0.3 5.0 5.0 5.0 5.0 0.0 0.208 2 TOUCH_MOVE Back
1401623591697 6 4098 695.39417 1107.9509 0.3 5.0 5.0 5.0 5.0 0.0 0.216 2 TOUCH_MOVE Back
1401623591742 6 4098 691.0 1107.9509 0.26666668 5.0 5.0 5.0 5.0 0.0 0.192 2 TOUCH_MOVE Back
1401623591747 6 4098 691.0 1107.9509 0.26666668 5.0 5.0 5.0 5.0 0.0 0.192 1 TOUCH_UP Back
1401623592136 6 4098 485.5 867.451 0.23333335 4.0 4.0 4.0 4.0 0.0 0.21200001 0 TOUCH_DOWN u
1401623592150 6 4098 485.05188 867.451 0.23333335 4.0 4.0 4.0 4.0 0.0 0.216 2 TOUCH_MOVE u
1401623592163 6 4098 483.6719 867.451 0.23333335 4.0 4.0 4.0 4.0 0.0 0.22000001 2 TOUCH_MOVE u
1401623592180 6 4098 482.6418 868.30914 0.26666668 4.0 4.0 4.0 4.0 0.0 0.21200001 2 TOUCH_MOVE u
1401623592197 6 4098 480.136 873.861 0.26666668 5.0 5.0 5.0 5.0 0.0 0.192 2 TOUCH_MOVE u
1401623592206 6 4098 479.5 875.451 0.23333335 5.0 5.0 5.0 5.0 0.0 0.16800001 2 TOUCH_MOVE u
1401623592209 6 4098 479.5 875.451 0.23333335 5.0 5.0 5.0 5.0 0.0 0.16800001 1 TOUCH_UP u
1401623592583 6 4098 166.5 837.951 0.3 5.0 5.0 5.0 5.0 0.0 0.20400001 0 TOUCH_DOWN e
1401623592598 6 4098 166.5 837.951 0.26666668 4.0 4.0 4.0 4.0 0.0 0.208 2 TOUCH_MOVE e
1401623592630 6 4098 167.41939 837.951 0.3 5.0 5.0 5.0 5.0 0.0 0.224 2 TOUCH_MOVE e
1401623592648 6 4098 167.75 837.951 0.26666668 4.0 4.0 4.0 4.0 0.0 0.22000001 2 TOUCH_MOVE e
1401623592672 6 4098 167.5 837.951 0.26666668 4.0 4.0 4.0 4.0 0.0 0.18400002 2 TOUCH_MOVE e
1401623592690 6 4098 167.5 837.951 0.26666668 4.0 4.0 4.0 4.0 0.0 0.18400002 1 TOUCH_UP e
1401623593970 6 4098 446.0 991.951 0.3 5.0 5.0 5.0 5.0 0.0 0.208 0 TOUCH_DOWN h
1401623594015 6 4098 446.0 991.951 0.26666668 5.0 5.0 5.0 5.0 0.0 0.18 2 TOUCH_MOVE h
1401623594023 6 4098 446.0 991.951 0.26666668 5.0 5.0 5.0 5.0 0.0 0.18 1 TOUCH_UP h
1401623594248 6 4098 486.0 854.451 0.20000002 4.0 4.0 4.0 4.0 0.0 0.20400001 0 TOUCH_DOWN u
1401623594285 6 4098 486.5017 854.451 0.20000002 4.0 4.0 4.0 4.0 0.0 0.19600001 2 TOUCH_MOVE u
1401623594299 6 4098 488.5 854.451 0.23333335 5.0 5.0 5.0 5.0 0.0 0.18400002 2 TOUCH_MOVE u
1401623594305 6 4098 488.5 854.451 0.16666667 3.0 3.0 3.0 3.0 0.0 0.1 2 TOUCH_MOVE u
1401623594311 6 4098 488.5 854.451 0.16666667 3.0 3.0 3.0 3.0 0.0 0.1 1 TOUCH_UP u
1401623595113 6 4098 683.5 1112.4509 0.26666668 5.0 5.0 5.0 5.0 0.0 0.18 0 TOUCH_DOWN Back
1401623595119 6 4098 683.5 1112.4509 0.26666668 5.0 5.0 5.0 5.0 0.0 0.18400002 2 TOUCH_MOVE Back
1401623595141 6 4098 683.5 1112.4509 0.26666668 5.0 5.0 5.0 5.0 0.0 0.18400002 1 TOUCH_UP Back
1401623595270 6 4098 679.0 1100.4509 0.3 5.0 5.0 5.0 5.0 0.0 0.18800001 0 TOUCH_DOWN Back
1401623595283 6 4098 679.0 1100.8735 0.3 5.0 5.0 5.0 5.0 0.0 0.192 2 TOUCH_MOVE Back
1401623595302 6 4098 678.61237 1101.8386 0.26666668 4.0 4.0 4.0 4.0 0.0 0.19600001 2 TOUCH_MOVE Back
1401623595318 6 4098 677.6438 1102.8071 0.26666668 4.0 4.0 4.0 4.0 0.0 0.18800001 2 TOUCH_MOVE Back
1401623595327 6 4098 677.5 1102.9509 0.20000002 3.0 3.0 3.0 3.0 0.0 0.108 2 TOUCH_MOVE Back
1401623595331 6 4098 677.5 1102.9509 0.20000002 3.0 3.0 3.0 3.0 0.0 0.108 1 TOUCH_UP Back
1401623595957 6 4098 294.5 1228.9509 0.23333335 4.0 4.0 4.0 4.0 0.0 0.208 0 TOUCH_DOWN Space
1401623595973 6 4098 294.5 1228.9509 0.23333335 4.0 4.0 4.0 4.0 0.0 0.216 2 TOUCH_MOVE Space
1401623596003 6 4098 296.2883 1228.9509 0.23333335 4.0 4.0 4.0 4.0 0.0 0.21200001 2 TOUCH_MOVE Space
1401623596017 6 4098 296.5 1228.9509 0.20000002 3.0 3.0 3.0 3.0 0.0 0.164 2 TOUCH_MOVE Space
1401623596024 6 4098 296.5 1228.9509 0.20000002 3.0 3.0 3.0 3.0 0.0 0.164 1 TOUCH_UP Space
1401623596440 6 4098 438.5 967.951 0.23333335 5.0 5.0 5.0 5.0 0.0 0.192 0 TOUCH_DOWN h
1401623596452 6 4098 438.5 967.951 0.20000002 4.0 4.0 4.0 4.0 0.0 0.192 2 TOUCH_MOVE h
1401623596502 6 4098 438.5 967.951 0.16666667 3.0 3.0 3.0 3.0 0.0 0.1 2 TOUCH_MOVE h
1401623596514 6 4098 438.5 967.951 0.16666667 3.0 3.0 3.0 3.0 0.0 0.1 1 TOUCH_UP h
1401623596717 6 4098 471.0 861.451 0.23333335 4.0 4.0 4.0 4.0 0.0 0.20400001 0 TOUCH_DOWN u
1401623596737 6 4098 471.0 861.451 0.23333335 4.0 4.0 4.0 4.0 0.0 0.208 2 TOUCH_MOVE u
1401623596779 6 4098 472.0 861.451 0.13333334 2.0 2.0 2.0 2.0 0.0 0.112 2 TOUCH_MOVE u
1401623596785 6 4098 472.0 861.451 0.13333334 2.0 2.0 2.0 2.0 0.0 0.112 1 TOUCH_UP u
1401623597141 6 4098 634.0 857.951 0.20000002 4.0 4.0 4.0 4.0 0.0 0.18800001 0 TOUCH_DOWN o
1401623597159 6 4098 633.46423 857.951 0.16666667 3.0 3.0 3.0 3.0 0.0 0.192 2 TOUCH_MOVE o
1401623597173 6 4098 632.5 857.951 0.16666667 3.0 3.0 3.0 3.0 0.0 0.18400002 2 TOUCH_MOVE o
1401623597183 6 4098 632.5 857.951 0.13333334 2.0 2.0 2.0 2.0 0.0 0.136 2 TOUCH_MOVE o
1401623597188 6 4098 632.5 857.951 0.13333334 2.0 2.0 2.0 2.0 0.0 0.136 1 TOUCH_UP o
1401623597470 6 4098 522.0 1111.4509 0.26666668 5.0 5.0 5.0 5.0 0.0 0.19600001 0 TOUCH_DOWN n
1401623597490 6 4098 521.6054 1111.8455 0.3 5.0 5.0 5.0 5.0 0.0 0.208 2 TOUCH_MOVE n
1401623597502 6 4098 520.69403 1112.4509 0.3 5.0 5.0 5.0 5.0 0.0 0.216 2 TOUCH_MOVE n
1401623597518 6 4098 520.25 1112.4509 0.3 5.0 5.0 5.0 5.0 0.0 0.22000001 2 TOUCH_MOVE n
1401623597566 6 4098 520.25 1112.4509 0.3 5.0 5.0 5.0 5.0 0.0 0.22000001 1 TOUCH_UP n
1401623597774 6 4098 365.5 977.451 0.26666668 4.0 4.0 4.0 4.0 0.0 0.2 0 TOUCH_DOWN g
1401623597786 6 4098 365.5 977.80396 0.26666668 4.0 4.0 4.0 4.0 0.0 0.208 2 TOUCH_MOVE g
1401623597806 6 4098 365.5 978.62695 0.3 5.0 5.0 5.0 5.0 0.0 0.23200001 2 TOUCH_MOVE g
1401623597819 6 4098 365.5 979.5957 0.26666668 4.0 4.0 4.0 4.0 0.0 0.23600002 2 TOUCH_MOVE g
1401623597838 6 4098 365.5 980.5402 0.26666668 4.0 4.0 4.0 4.0 0.0 0.22800002 2 TOUCH_MOVE g
1401623597852 6 4098 365.5 981.5272 0.26666668 4.0 4.0 4.0 4.0 0.0 0.216 2 TOUCH_MOVE g
1401623597868 6 4098 364.451 982.5 0.16666667 3.0 3.0 3.0 3.0 0.0 0.128 2 TOUCH_MOVE g
1401623597883 6 4098 364.451 982.5 0.16666667 3.0 3.0 3.0 3.0 0.0 0.128 1 TOUCH_UP g
1401623598110 6 4098 319.5 1215.4509 0.23333335 4.0 4.0 4.0 4.0 0.0 0.20400001 0 TOUCH_DOWN Space
1401623598121 6 4098 319.5 1215.4509 0.23333335 4.0 4.0 4.0 4.0 0.0 0.216 2 TOUCH_MOVE Space
1401623598188 6 4098 319.5 1215.4509 0.23333335 4.0 4.0 4.0 4.0 0.0 0.216 1 TOUCH_UP Space
1401623598649 6 4098 324.0 846.451 0.3 5.0 5.0 5.0 5.0 0.0 0.21200001 0 TOUCH_DOWN t
1401623598684 6 4098 324.0 846.451 0.3 5.0 5.0 5.0 5.0 0.0 0.22000001 2 TOUCH_MOVE t
1401623598725 6 4098 322.0 846.451 0.13333334 2.0 2.0 2.0 2.0 0.0 0.14400001 2 TOUCH_MOVE t
1401623598734 6 4098 322.0 846.451 0.13333334 2.0 2.0 2.0 2.0 0.0 0.14400001 1 TOUCH_UP t
1401623598939 6 4098 618.5 847.451 0.26666668 5.0 5.0 5.0 5.0 0.0 0.208 0 TOUCH_DOWN o
1401623598956 6 4098 617.7474 847.451 0.26666668 5.0 5.0 5.0 5.0 0.0 0.216 2 TOUCH_MOVE o
1401623599010 6 4098 608.69617 846.951 0.23333335 4.0 4.0 4.0 4.0 0.0 0.192 2 TOUCH_MOVE o
1401623599017 6 4098 608.0 846.951 0.16666667 3.0 3.0 3.0 3.0 0.0 0.1 2 TOUCH_MOVE o
1401623599031 6 4098 608.0 846.951 0.16666667 3.0 3.0 3.0 3.0 0.0 0.1 1 TOUCH_UP o
1401623599099 6 4098 563.0 852.951 0.23333335 5.0 5.0 5.0 5.0 0.0 0.21200001 0 TOUCH_DOWN i
1401623599120 6 4098 563.0 852.951 0.26666668 5.0 5.0 5.0 5.0 0.0 0.22000001 2 TOUCH_MOVE i
1401623599182 6 4098 563.0 852.951 0.26666668 5.0 5.0 5.0 5.0 0.0 0.22000001 1 TOUCH_UP i
