1401604150266 6 4098 539.0 1083.9509 0.20000002 4.0 4.0 4.0 4.0 0.0 0.192 0 TOUCH_DOWN M
1401604150272 6 4098 539.0 1083.9509 0.20000002 4.0 4.0 4.0 4.0 0.0 0.19600001 2 TOUCH_MOVE M
1401604150293 6 4098 538.2582 1084.4509 0.20000002 4.0 4.0 4.0 4.0 0.0 0.2 2 TOUCH_MOVE M
1401604150306 6 4098 535.74915 1085.0345 0.23333335 5.0 5.0 5.0 5.0 0.0 0.208 2 TOUCH_MOVE M
1401604150322 6 4098 533.1234 1085.9098 0.20000002 4.0 4.0 4.0 4.0 0.0 0.208 2 TOUCH_MOVE M
1401604150339 6 4098 531.989 1086.4509 0.20000002 4.0 4.0 4.0 4.0 0.0 0.208 2 TOUCH_MOVE M
1401604150357 6 4098 531.0296 1086.4509 0.20000002 4.0 4.0 4.0 4.0 0.0 0.21200001 2 TOUCH_MOVE M
1401604150373 6 4098 530.53326 1086.4509 0.23333335 5.0 5.0 5.0 5.0 0.0 0.208 2 TOUCH_MOVE M
1401604150403 6 4098 530.2692 1086.4509 0.20000002 4.0 4.0 4.0 4.0 0.0 0.208 2 TOUCH_MOVE M
1401604150421 6 4098 526.0 1085.9509 0.13333334 2.0 2.0 2.0 2.0 0.0 0.116000004 2 TOUCH_MOVE M
1401604150428 6 4098 526.0 1085.9509 0.13333334 2.0 2.0 2.0 2.0 0.0 0.116000004 1 TOUCH_UP M
1401604150610 6 4098 372.0 953.951 0.26666668 4.0 4.0 4.0 4.0 0.0 0.208 0 TOUCH_DOWN g
1401604150623 6 4098 372.0 953.951 0.3 5.0 5.0 5.0 5.0 0.0 0.21200001 2 TOUCH_MOVE g
1401604150643 6 4098 371.17108 953.951 0.3 5.0 5.0 5.0 5.0 0.0 0.22000001 2 TOUCH_MOVE g
1401604150656 6 4098 370.20993 953.951 0.3 5.0 5.0 5.0 5.0 0.0 0.22000001 2 TOUCH_MOVE g
1401604150674 6 4098 369.75 953.951 0.3 5.0 5.0 5.0 5.0 0.0 0.224 2 TOUCH_MOVE g
1401604150727 6 4098 370.0 953.951 0.26666668 5.0 5.0 5.0 5.0 0.0 0.2 2 TOUCH_MOVE g
1401604150743 6 4098 373.57477 956.8821 0.20000002 4.0 4.0 4.0 4.0 0.0 0.18 2 TOUCH_MOVE g
1401604150754 6 4098 373.57477 956.8821 0.20000002 4.0 4.0 4.0 4.0 0.0 0.18 1 TOUCH_UP g
1401604150780 6 4098 56.5 938.451 0.26666668 5.0 5.0 5.0 5.0 0.0 0.192 0 TOUCH_DOWN a
1401604150784 6 4098 57.025173 938.451 0.26666668 5.0 5.0 5.0 5.0 0.0 0.192 2 TOUCH_MOVE a
1401604150823 6 4098 58.401012 938.951 0.26666668 5.0 5.0 5.0 5.0 0.0 0.2 2 TOUCH_MOVE a
1401604150840 6 4098 58.75 938.951 0.26666668 5.0 5.0 5.0 5.0 0.0 0.2 2 TOUCH_MOVE a
1401604150873 6 4098 55.75 945.201 0.20000002 3.0 3.0 3.0 3.0 0.0 0.18400002 2 TOUCH_MOVE a
1401604150881 6 4098 53.5 949.951 0.20000002 3.0 3.0 3.0 3.0 0.0 0.172 2 TOUCH_MOVE a
1401604150884 6 4098 53.5 949.951 0.20000002 3.0 3.0 3.0 3.0 0.0 0.172 1 TOUCH_UP a
1401604150946 6 4098 414.5 812.951 0.23333335 4.0 4.0 4.0 4.0 0.0 0.208 0 TOUCH_DOWN y
1401604150973 6 4098 413.97577 812.951 0.23333335 4.0 4.0 4.0 4.0 0.0 0.208 2 TOUCH_MOVE y
1401604150990 6 4098 412.42087 812.951 0.23333335 4.0 4.0 4.0 4.0 0.0 0.21200001 2 TOUCH_MOVE y
1401604151006 6 4098 411.5049 812.951 0.23333335 4.0 4.0 4.0 4.0 0.0 0.21200001 2 TOUCH_MOVE y
1401604151027 6 4098 410.75 812.951 0.23333335 4.0 4.0 4.0 4.0 0.0 0.208 2 TOUCH_MOVE y
1401604151056 6 4098 411.38342 816.2515 0.26666668 4.0 4.0 4.0 4.0 0.0 0.192 2 TOUCH_MOVE y
1401604151070 6 4098 411.5 816.951 0.16666667 3.0 3.0 3.0 3.0 0.0 0.112 2 TOUCH_MOVE y
1401604151073 6 4098 411.5 816.951 0.16666667 3.0 3.0 3.0 3.0 0.0 0.112 1 TOUCH_UP y
1401604151404 6 4098 679.5 1092.9509 0.23333335 4.0 4.0 4.0 4.0 0.0 0.18400002 0 TOUCH_DOWN Back
1401604151424 6 4098 679.5 1093.4763 0.3 5.0 5.0 5.0 5.0 0.0 0.192 2 TOUCH_MOVE Back
1401604151440 6 4098 675.93915 1095.4813 0.3 5.0 5.0 5.0 5.0 0.0 0.19600001 2 TOUCH_MOVE Back
1401604151457 6 4098 672.06793 1097.4056 0.3 5.0 5.0 5.0 5.0 0.0 0.2 2 TOUCH_MOVE Back
1401604151474 6 4098 670.0613 1098.3896 0.3 5.0 5.0 5.0 5.0 0.0 0.2 2 TOUCH_MOVE Back
1401604151491 6 4098 670.0 1098.8925 0.3 5.0 5.0 5.0 5.0 0.0 0.19600001 2 TOUCH_MOVE Back
1401604151507 6 4098 671.4742 1100.4252 0.26666668 4.0 4.0 4.0 4.0 0.0 0.18800001 2 TOUCH_MOVE Back
1401604151531 6 4098 672.0 1100.9509 0.26666668 5.0 5.0 5.0 5.0 0.0 0.156 2 TOUCH_MOVE Back
1401604151535 6 4098 672.0 1100.9509 0.26666668 5.0 5.0 5.0 5.0 0.0 0.156 1 TOUCH_UP Back
1401604151589 6 4098 687.0 1101.9509 0.23333335 4.0 4.0 4.0 4.0 0.0 0.18800001 0 TOUCH_DOWN Back
1401604151640 6 4098 684.2897 1100.3107 0.23333335 4.0 4.0 4.0 4.0 0.0 0.17600001 2 TOUCH_MOVE Back
1401604151651 6 4098 684.5 1100.4509 0.16666667 3.0 3.0 3.0 3.0 0.0 0.1 2 TOUCH_MOVE Back
1401604151654 6 4098 684.5 1100.4509 0.16666667 3.0 3.0 3.0 3.0 0.0 0.1 1 TOUCH_UP Back
1401604151745 6 4098 668.0 1084.4509 0.23333335 5.0 5.0 5.0 5.0 0.0 0.18400002 0 TOUCH_DOWN Back
1401604151757 6 4098 668.0 1084.4509 0.23333335 5.0 5.0 5.0 5.0 0.0 0.18800001 2 TOUCH_MOVE Back
1401604151780 6 4098 667.2427 1084.4509 0.20000002 4.0 4.0 4.0 4.0 0.0 0.18800001 2 TOUCH_MOVE Back
1401604151793 6 4098 666.3317 1084.4509 0.20000002 4.0 4.0 4.0 4.0 0.0 0.18400002 2 TOUCH_MOVE Back
1401604151808 6 4098 665.25 1084.4509 0.23333335 5.0 5.0 5.0 5.0 0.0 0.172 2 TOUCH_MOVE Back
1401604151812 6 4098 665.25 1084.4509 0.23333335 5.0 5.0 5.0 5.0 0.0 0.172 1 TOUCH_UP Back
1401604151893 6 4098 664.5 1084.4509 0.23333335 5.0 5.0 5.0 5.0 0.0 0.17600001 0 TOUCH_DOWN Back
1401604151932 6 4098 664.5 1084.4509 0.23333335 5.0 5.0 5.0 5.0 0.0 0.17600001 1 TOUCH_UP Back
1401604152677 6 4098 56.0 1084.4509 0.16666667 3.0 3.0 3.0 3.0 0.0 0.18 0 TOUCH_DOWN Change
1401604152691 6 4098 56.0 1084.4509 0.16666667 3.0 3.0 3.0 3.0 0.0 0.18400002 2 TOUCH_MOVE Change
1401604152728 6 4098 54.889355 1084.4509 0.16666667 3.0 3.0 3.0 3.0 0.0 0.192 2 TOUCH_MOVE Change
1401604152741 6 4098 54.481113 1084.4509 0.16666667 3.0 3.0 3.0 3.0 0.0 0.192 2 TOUCH_MOVE Change
1401604152758 6 4098 53.98996 1084.4509 0.16666667 3.0 3.0 3.0 3.0 0.0 0.18800001 2 TOUCH_MOVE Change
1401604152786 6 4098 53.5 1084.4509 0.16666667 3.0 3.0 3.0 3.0 0.0 0.16800001 2 TOUCH_MOVE Change
1401604152791 6 4098 53.5 1084.4509 0.16666667 3.0 3.0 3.0 3.0 0.0 0.16800001 1 TOUCH_UP Change
1401604153176 6 4098 528.0 1105.9509 0.23333335 5.0 5.0 5.0 5.0 0.0 0.192 0 TOUCH_DOWN N
1401604153242 6 4098 528.0 1106.523 0.23333335 5.0 5.0 5.0 5.0 0.0 0.19600001 2 TOUCH_MOVE N
1401604153274 6 4098 528.0 1106.523 0.23333335 5.0 5.0 5.0 5.0 0.0 0.19600001 1 TOUCH_UP N
1401604153560 6 4098 383.5 941.951 0.33333334 5.0 5.0 5.0 5.0 0.0 0.20400001 0 TOUCH_DOWN g
1401604153592 6 4098 382.36362 941.951 0.33333334 5.0 5.0 5.0 5.0 0.0 0.208 2 TOUCH_MOVE g
1401604153609 6 4098 380.90073 942.5503 0.33333334 5.0 5.0 5.0 5.0 0.0 0.208 2 TOUCH_MOVE g
1401604153625 6 4098 379.99814 943.4529 0.3 5.0 5.0 5.0 5.0 0.0 0.20400001 2 TOUCH_MOVE g
1401604153654 6 4098 378.45355 946.6135 0.3 5.0 5.0 5.0 5.0 0.0 0.19600001 2 TOUCH_MOVE g
1401604153661 6 4098 377.5 953.8138 0.23333335 4.0 4.0 4.0 4.0 0.0 0.18800001 2 TOUCH_MOVE g
1401604153672 6 4098 377.5 958.451 0.20000002 4.0 4.0 4.0 4.0 0.0 0.16800001 2 TOUCH_MOVE g
1401604153677 6 4098 377.5 958.451 0.20000002 4.0 4.0 4.0 4.0 0.0 0.16800001 1 TOUCH_UP g
1401604153739 6 4098 55.0 941.951 0.26666668 5.0 5.0 5.0 5.0 0.0 0.18800001 0 TOUCH_DOWN a
1401604153759 6 4098 55.0 942.3128 0.23333335 4.0 4.0 4.0 4.0 0.0 0.18800001 2 TOUCH_MOVE a
1401604153776 6 4098 55.0 943.17316 0.26666668 5.0 5.0 5.0 5.0 0.0 0.19600001 2 TOUCH_MOVE a
1401604153792 6 4098 55.0 944.14874 0.23333335 4.0 4.0 4.0 4.0 0.0 0.192 2 TOUCH_MOVE a
1401604153809 6 4098 55.0 945.09686 0.23333335 4.0 4.0 4.0 4.0 0.0 0.192 2 TOUCH_MOVE a
1401604153827 6 4098 54.38876 946.06226 0.23333335 4.0 4.0 4.0 4.0 0.0 0.18400002 2 TOUCH_MOVE a
1401604153835 6 4098 54.0 946.451 0.23333335 4.0 4.0 4.0 4.0 0.0 0.18 2 TOUCH_MOVE a
1401604153838 6 4098 54.0 946.451 0.23333335 4.0 4.0 4.0 4.0 0.0 0.18 1 TOUCH_UP a
1401604153924 6 4098 395.5 820.951 0.3 5.0 5.0 5.0 5.0 0.0 0.2 0 TOUCH_DOWN y
1401604153959 6 4098 394.1951 820.951 0.3 5.0 5.0 5.0 5.0 0.0 0.20400001 2 TOUCH_MOVE y
1401604153979 6 4098 393.242 820.451 0.3 5.0 5.0 5.0 5.0 0.0 0.2 2 TOUCH_MOVE y
1401604153992 6 4098 392.75 820.451 0.3 5.0 5.0 5.0 5.0 0.0 0.20400001 2 TOUCH_MOVE y
1401604154009 6 4098 393.5635 820.451 0.3 5.0 5.0 5.0 5.0 0.0 0.18400002 2 TOUCH_MOVE y
1401604154021 6 4098 393.5635 820.451 0.3 5.0 5.0 5.0 5.0 0.0 0.18400002 1 TOUCH_UP y
1401604154360 6 4098 333.5 1217.9509 0.26666668 5.0 5.0 5.0 5.0 0.0 0.216 0 TOUCH_DOWN Space
1401604154393 6 4098 333.5 1217.9509 0.26666668 5.0 5.0 5.0 5.0 0.0 0.22000001 2 TOUCH_MOVE Space
1401604154457 6 4098 333.5 1217.9509 0.26666668 5.0 5.0 5.0 5.0 0.0 0.22000001 1 TOUCH_UP Space
1401604154951 6 4098 581.0 1090.9509 0.23333335 4.0 4.0 4.0 4.0 0.0 0.192 0 TOUCH_DOWN m
1401604154960 6 4098 581.0 1090.9509 0.23333335 4.0 4.0 4.0 4.0 0.0 0.19600001 2 TOUCH_MOVE m
1401604154993 6 4098 581.0 1092.3522 0.23333335 4.0 4.0 4.0 4.0 0.0 0.20400001 2 TOUCH_MOVE m
1401604155011 6 4098 581.0 1093.3706 0.23333335 4.0 4.0 4.0 4.0 0.0 0.20400001 2 TOUCH_MOVE m
1401604155027 6 4098 581.0 1093.7009 0.23333335 4.0 4.0 4.0 4.0 0.0 0.2 2 TOUCH_MOVE m
1401604155060 6 4098 581.0 1094.2615 0.20000002 4.0 4.0 4.0 4.0 0.0 0.18400002 2 TOUCH_MOVE m
1401604155066 6 4098 581.0 1094.4509 0.16666667 3.0 3.0 3.0 3.0 0.0 0.128 2 TOUCH_MOVE m
1401604155071 6 4098 581.0 1094.4509 0.16666667 3.0 3.0 3.0 3.0 0.0 0.128 1 TOUCH_UP m
1401604155128 6 4098 74.0 961.451 0.13333334 2.0 2.0 2.0 2.0 0.0 0.18 0 TOUCH_DOWN a
1401604155144 6 4098 73.37862 961.451 0.16666667 3.0 3.0 3.0 3.0 0.0 0.192 2 TOUCH_MOVE a
1401604155177 6 4098 71.547806 958.4988 0.16666667 3.0 3.0 3.0 3.0 0.0 0.192 2 TOUCH_MOVE a
1401604155198 6 4098 70.49116 957.951 0.20000002 3.0 3.0 3.0 3.0 0.0 0.192 2 TOUCH_MOVE a
1401604155212 6 4098 69.06099 957.951 0.20000002 3.0 3.0 3.0 3.0 0.0 0.192 2 TOUCH_MOVE a
1401604155227 6 4098 65.76728 958.38416 0.20000002 3.0 3.0 3.0 3.0 0.0 0.18400002 2 TOUCH_MOVE a
1401604155232 6 4098 65.5 958.451 0.20000002 3.0 3.0 3.0 3.0 0.0 0.17600001 2 TOUCH_MOVE a
1401604155236 6 4098 65.5 958.451 0.20000002 3.0 3.0 3.0 3.0 0.0 0.17600001 1 TOUCH_UP a
1401604155369 6 4098 555.0 844.451 0.26666668 5.0 5.0 5.0 5.0 0.0 0.192 0 TOUCH_DOWN i
1401604155394 6 4098 553.96655 843.93427 0.26666668 4.0 4.0 4.0 4.0 0.0 0.2 2 TOUCH_MOVE i
1401604155410 6 4098 550.95483 842.9359 0.3 5.0 5.0 5.0 5.0 0.0 0.20400001 2 TOUCH_MOVE i
1401604155427 6 4098 548.5553 841.97864 0.26666668 4.0 4.0 4.0 4.0 0.0 0.20400001 2 TOUCH_MOVE i
1401604155444 6 4098 546.64716 841.451 0.3 5.0 5.0 5.0 5.0 0.0 0.208 2 TOUCH_MOVE i
1401604155461 6 4098 545.60004 841.451 0.3 5.0 5.0 5.0 5.0 0.0 0.20400001 2 TOUCH_MOVE i
1401604155481 6 4098 545.25 841.451 0.26666668 4.0 4.0 4.0 4.0 0.0 0.20400001 2 TOUCH_MOVE i
1401604155510 6 4098 545.5 845.14716 0.20000002 4.0 4.0 4.0 4.0 0.0 0.18800001 2 TOUCH_MOVE i
1401604155531 6 4098 545.5 849.951 0.20000002 4.0 4.0 4.0 4.0 0.0 0.17600001 2 TOUCH_MOVE i
1401604155535 6 4098 545.5 849.951 0.13333334 2.0 2.0 2.0 2.0 0.0 0.108 2 TOUCH_MOVE i
1401604155538 6 4098 545.5 849.951 0.13333334 2.0 2.0 2.0 2.0 0.0 0.108 1 TOUCH_UP i
1401604155963 6 4098 311.0 1213.4509 0.26666668 5.0 5.0 5.0 5.0 0.0 0.22000001 0 TOUCH_DOWN Space
1401604155981 6 4098 311.0 1213.4509 0.26666668 5.0 5.0 5.0 5.0 0.0 0.224 2 TOUCH_MOVE Space
1401604155998 6 4098 310.6646 1213.9509 0.26666668 5.0 5.0 5.0 5.0 0.0 0.224 2 TOUCH_MOVE Space
1401604156011 6 4098 309.84933 1213.9509 0.26666668 5.0 5.0 5.0 5.0 0.0 0.23600002 2 TOUCH_MOVE Space
1401604156027 6 4098 309.25 1213.9509 0.26666668 5.0 5.0 5.0 5.0 0.0 0.23200001 2 TOUCH_MOVE Space
1401604156079 6 4098 315.11456 1208.3364 0.23333335 5.0 5.0 5.0 5.0 0.0 0.20400001 2 TOUCH_MOVE Space
1401604156090 6 4098 315.0 1208.4509 0.23333335 5.0 5.0 5.0 5.0 0.0 0.17600001 2 TOUCH_MOVE Space
1401604156094 6 4098 315.0 1208.4509 0.23333335 5.0 5.0 5.0 5.0 0.0 0.17600001 1 TOUCH_UP Space
1401604156384 6 4098 631.5 944.451 0.26666668 5.0 5.0 5.0 5.0 0.0 0.18 0 TOUCH_DOWN l
1401604156400 6 4098 631.5 944.451 0.23333335 4.0 4.0 4.0 4.0 0.0 0.18400002 2 TOUCH_MOVE l
1401604156432 6 4098 630.8064 945.83826 0.26666668 4.0 4.0 4.0 4.0 0.0 0.19600001 2 TOUCH_MOVE l
1401604156445 6 4098 630.5 947.13367 0.26666668 4.0 4.0 4.0 4.0 0.0 0.2 2 TOUCH_MOVE l
1401604156461 6 4098 630.0 948.589 0.3 5.0 5.0 5.0 5.0 0.0 0.2 2 TOUCH_MOVE l
1401604156478 6 4098 630.0 949.53986 0.26666668 4.0 4.0 4.0 4.0 0.0 0.19600001 2 TOUCH_MOVE l
1401604156495 6 4098 630.0 951.06836 0.23333335 4.0 4.0 4.0 4.0 0.0 0.18800001 2 TOUCH_MOVE l
1401604156511 6 4098 630.0 953.0013 0.13333334 2.0 2.0 2.0 2.0 0.0 0.124000005 2 TOUCH_MOVE l
1401604156517 6 4098 630.0 953.0013 0.13333334 2.0 2.0 2.0 2.0 0.0 0.124000005 1 TOUCH_UP l
1401604156566 6 4098 56.5 938.451 0.26666668 5.0 5.0 5.0 5.0 0.0 0.18400002 0 TOUCH_DOWN a
1401604156665 6 4098 55.82273 939.66003 0.23333335 4.0 4.0 4.0 4.0 0.0 0.18400002 2 TOUCH_MOVE a
1401604156673 6 4098 55.5 940.951 0.23333335 4.0 4.0 4.0 4.0 0.0 0.17600001 2 TOUCH_MOVE a
1401604156676 6 4098 55.5 940.951 0.23333335 4.0 4.0 4.0 4.0 0.0 0.17600001 1 TOUCH_UP a
1401604157183 6 4098 383.0 1219.9509 0.26666668 5.0 5.0 5.0 5.0 0.0 0.21200001 0 TOUCH_DOWN Space
1401604157282 6 4098 384.5596 1217.5519 0.26666668 5.0 5.0 5.0 5.0 0.0 0.192 2 TOUCH_MOVE Space
1401604157287 6 4098 385.0 1216.4509 0.26666668 5.0 5.0 5.0 5.0 0.0 0.18 2 TOUCH_MOVE Space
1401604157290 6 4098 385.0 1216.4509 0.26666668 5.0 5.0 5.0 5.0 0.0 0.18 1 TOUCH_UP Space
1401604158478 6 4098 314.0 832.951 0.33333334 5.0 5.0 5.0 5.0 0.0 0.208 0 TOUCH_DOWN t
1401604158496 6 4098 314.0 832.951 0.33333334 5.0 5.0 5.0 5.0 0.0 0.216 2 TOUCH_MOVE t
1401604158547 6 4098 315.0 831.54333 0.33333334 5.0 5.0 5.0 5.0 0.0 0.224 2 TOUCH_MOVE t
1401604158568 6 4098 315.0 831.201 0.33333334 5.0 5.0 5.0 5.0 0.0 0.224 2 TOUCH_MOVE t
1401604158630 6 4098 315.2221 834.0616 0.23333335 4.0 4.0 4.0 4.0 0.0 0.18400002 2 TOUCH_MOVE t
1401604158638 6 4098 315.5 835.451 0.23333335 4.0 4.0 4.0 4.0 0.0 0.164 2 TOUCH_MOVE t
1401604158643 6 4098 315.5 835.451 0.23333335 4.0 4.0 4.0 4.0 0.0 0.164 1 TOUCH_UP t
1401604158785 6 4098 437.5 962.451 0.23333335 4.0 4.0 4.0 4.0 0.0 0.192 0 TOUCH_DOWN h
1401604158814 6 4098 435.41156 961.6568 0.23333335 4.0 4.0 4.0 4.0 0.0 0.2 2 TOUCH_MOVE h
1401604158830 6 4098 432.9658 960.6839 0.23333335 4.0 4.0 4.0 4.0 0.0 0.2 2 TOUCH_MOVE h
1401604158858 6 4098 431.04953 959.72577 0.23333335 4.0 4.0 4.0 4.0 0.0 0.2 2 TOUCH_MOVE h
1401604158864 6 4098 429.3071 959.451 0.23333335 4.0 4.0 4.0 4.0 0.0 0.18800001 2 TOUCH_MOVE h
1401604158878 6 4098 429.0 959.451 0.23333335 4.0 4.0 4.0 4.0 0.0 0.17600001 2 TOUCH_MOVE h
1401604158886 6 4098 429.0 959.451 0.23333335 4.0 4.0 4.0 4.0 0.0 0.17600001 1 TOUCH_UP h
1401604159039 6 4098 461.5 839.951 0.23333335 4.0 4.0 4.0 4.0 0.0 0.18400002 0 TOUCH_DOWN u
1401604159047 6 4098 461.5 839.951 0.26666668 4.0 4.0 4.0 4.0 0.0 0.18800001 2 TOUCH_MOVE u
1401604159064 6 4098 459.7913 839.2147 0.3 5.0 5.0 5.0 5.0 0.0 0.192 2 TOUCH_MOVE u
1401604159080 6 4098 456.9022 838.2517 0.3 5.0 5.0 5.0 5.0 0.0 0.192 2 TOUCH_MOVE u
1401604159098 6 4098 455.83774 837.951 0.26666668 4.0 4.0 4.0 4.0 0.0 0.19600001 2 TOUCH_MOVE u
1401604159142 6 4098 456.0 840.951 0.20000002 4.0 4.0 4.0 4.0 0.0 0.172 2 TOUCH_MOVE u
1401604159146 6 4098 456.0 840.951 0.20000002 4.0 4.0 4.0 4.0 0.0 0.172 1 TOUCH_UP u
1401604159464 6 4098 362.0 1205.9509 0.23333335 4.0 4.0 4.0 4.0 0.0 0.21200001 0 TOUCH_DOWN Space
1401604159502 6 4098 360.76495 1207.686 0.26666668 5.0 5.0 5.0 5.0 0.0 0.22800002 2 TOUCH_MOVE Space
1401604159514 6 4098 359.7859 1208.4509 0.26666668 5.0 5.0 5.0 5.0 0.0 0.22800002 2 TOUCH_MOVE Space
1401604159531 6 4098 358.83066 1208.4509 0.26666668 5.0 5.0 5.0 5.0 0.0 0.224 2 TOUCH_MOVE Space
1401604159547 6 4098 359.0 1207.8956 0.26666668 5.0 5.0 5.0 5.0 0.0 0.21200001 2 TOUCH_MOVE Space
1401604159557 6 4098 359.0 1207.9509 0.20000002 4.0 4.0 4.0 4.0 0.0 0.18800001 2 TOUCH_MOVE Space
1401604159560 6 4098 359.0 1207.9509 0.20000002 4.0 4.0 4.0 4.0 0.0 0.18800001 1 TOUCH_UP Space
1401604159743 6 4098 432.5 977.951 0.23333335 4.0 4.0 4.0 4.0 0.0 0.19600001 0 TOUCH_DOWN h
1401604159765 6 4098 432.5 977.951 0.23333335 4.0 4.0 4.0 4.0 0.0 0.2 2 TOUCH_MOVE h
1401604159798 6 4098 431.4254 979.0256 0.23333335 4.0 4.0 4.0 4.0 0.0 0.20400001 2 TOUCH_MOVE h
1401604159814 6 4098 430.46448 979.451 0.23333335 4.0 4.0 4.0 4.0 0.0 0.208 2 TOUCH_MOVE h
1401604159831 6 4098 429.5067 979.951 0.23333335 4.0 4.0 4.0 4.0 0.0 0.20400001 2 TOUCH_MOVE h
1401604159848 6 4098 429.25 979.951 0.23333335 4.0 4.0 4.0 4.0 0.0 0.2 2 TOUCH_MOVE h
1401604159883 6 4098 429.25 979.951 0.23333335 4.0 4.0 4.0 4.0 0.0 0.2 1 TOUCH_UP h
1401604159964 6 4098 60.5 937.951 0.26666668 5.0 5.0 5.0 5.0 0.0 0.192 0 TOUCH_DOWN a
1401604159981 6 4098 60.5 937.951 0.26666668 5.0 5.0 5.0 5.0 0.0 0.19600001 2 TOUCH_MOVE a
1401604160015 6 4098 61.585724 937.951 0.26666668 5.0 5.0 5.0 5.0 0.0 0.2 2 TOUCH_MOVE a
1401604160031 6 4098 62.25 937.951 0.26666668 5.0 5.0 5.0 5.0 0.0 0.20400001 2 TOUCH_MOVE a
1401604160081 6 4098 61.06576 939.31946 0.26666668 5.0 5.0 5.0 5.0 0.0 0.18400002 2 TOUCH_MOVE a
1401604160086 6 4098 61.0 939.451 0.23333335 4.0 4.0 4.0 4.0 0.0 0.18 2 TOUCH_MOVE a
1401604160089 6 4098 61.0 939.451 0.23333335 4.0 4.0 4.0 4.0 0.0 0.18 1 TOUCH_UP a
1401604160212 6 4098 532.5 813.451 0.16666667 3.0 3.0 3.0 3.0 0.0 0.16800001 0 TOUCH_DOWN i
1401604160233 6 4098 532.5 813.9731 0.23333335 4.0 4.0 4.0 4.0 0.0 0.18800001 2 TOUCH_MOVE i
1401604160248 6 4098 533.55084 816.10345 0.3 5.0 5.0 5.0 5.0 0.0 0.19600001 2 TOUCH_MOVE i
1401604160265 6 4098 534.51624 818.9997 0.3 5.0 5.0 5.0 5.0 0.0 0.19600001 2 TOUCH_MOVE i
1401604160299 6 4098 536.0 823.3849 0.3 5.0 5.0 5.0 5.0 0.0 0.2 2 TOUCH_MOVE i
1401604160315 6 4098 536.75 824.201 0.3 5.0 5.0 5.0 5.0 0.0 0.19600001 2 TOUCH_MOVE i
1401604160349 6 4098 536.5 825.26666 0.26666668 4.0 4.0 4.0 4.0 0.0 0.18 2 TOUCH_MOVE i
1401604160354 6 4098 536.5 825.451 0.20000002 3.0 3.0 3.0 3.0 0.0 0.1 2 TOUCH_MOVE i
1401604160358 6 4098 536.5 825.451 0.20000002 3.0 3.0 3.0 3.0 0.0 0.1 1 TOUCH_UP i
1401604160752 6 4098 354.5 1200.4509 0.26666668 5.0 5.0 5.0 5.0 0.0 0.216 0 TOUCH_DOWN Space
1401604160765 6 4098 354.5 1200.8298 0.26666668 5.0 5.0 5.0 5.0 0.0 0.22000001 2 TOUCH_MOVE Space
1401604160784 6 4098 353.65805 1201.7928 0.26666668 5.0 5.0 5.0 5.0 0.0 0.224 2 TOUCH_MOVE Space
1401604160799 6 4098 352.69757 1202.7534 0.26666668 5.0 5.0 5.0 5.0 0.0 0.22800002 2 TOUCH_MOVE Space
1401604160815 6 4098 352.5 1203.3334 0.26666668 5.0 5.0 5.0 5.0 0.0 0.22800002 2 TOUCH_MOVE Space
1401604160834 6 4098 352.5 1203.6813 0.26666668 5.0 5.0 5.0 5.0 0.0 0.22800002 2 TOUCH_MOVE Space
1401604160863 6 4098 352.5 1203.6813 0.26666668 5.0 5.0 5.0 5.0 0.0 0.22800002 1 TOUCH_UP Space
1401604160924 6 4098 218.0 947.451 0.3 5.0 5.0 5.0 5.0 0.0 0.2 0 TOUCH_DOWN d
1401604160949 6 4098 218.0 947.451 0.3 5.0 5.0 5.0 5.0 0.0 0.20400001 2 TOUCH_MOVE d
1401604160965 6 4098 218.9261 947.451 0.33333334 5.0 5.0 5.0 5.0 0.0 0.22000001 2 TOUCH_MOVE d
1401604160982 6 4098 219.75 947.451 0.33333334 5.0 5.0 5.0 5.0 0.0 0.224 2 TOUCH_MOVE d
1401604161034 6 4098 217.01402 948.3454 0.3 5.0 5.0 5.0 5.0 0.0 0.20400001 2 TOUCH_MOVE d
1401604161048 6 4098 211.0 950.951 0.23333335 4.0 4.0 4.0 4.0 0.0 0.18 2 TOUCH_MOVE d
1401604161052 6 4098 211.0 950.951 0.23333335 4.0 4.0 4.0 4.0 0.0 0.18 1 TOUCH_UP d
1401604161238 6 4098 53.0 964.951 0.16666667 3.0 3.0 3.0 3.0 0.0 0.18800001 0 TOUCH_DOWN a
1401604161316 6 4098 52.44218 964.951 0.16666667 3.0 3.0 3.0 3.0 0.0 0.19600001 2 TOUCH_MOVE a
1401604161333 6 4098 51.970703 964.951 0.16666667 3.0 3.0 3.0 3.0 0.0 0.19600001 2 TOUCH_MOVE a
1401604161349 6 4098 51.471527 964.951 0.16666667 3.0 3.0 3.0 3.0 0.0 0.19600001 2 TOUCH_MOVE a
1401604161366 6 4098 50.54434 965.4067 0.16666667 3.0 3.0 3.0 3.0 0.0 0.18800001 2 TOUCH_MOVE a
1401604161383 6 4098 47.58937 967.384 0.16666667 3.0 3.0 3.0 3.0 0.0 0.18400002 2 TOUCH_MOVE a
1401604161399 6 4098 44.643795 970.8072 0.20000002 3.0 3.0 3.0 3.0 0.0 0.16000001 2 TOUCH_MOVE a
1401604161404 6 4098 44.5 970.951 0.20000002 3.0 3.0 3.0 3.0 0.0 0.116000004 2 TOUCH_MOVE a
1401604161408 6 4098 44.5 970.951 0.20000002 3.0 3.0 3.0 3.0 0.0 0.116000004 1 TOUCH_UP a
1401604161465 6 4098 469.0 809.951 0.23333335 4.0 4.0 4.0 4.0 0.0 0.2 0 TOUCH_DOWN u
1401604161499 6 4098 467.78766 810.6633 0.26666668 4.0 4.0 4.0 4.0 0.0 0.21200001 2 TOUCH_MOVE u
1401604161518 6 4098 466.82553 811.6254 0.26666668 4.0 4.0 4.0 4.0 0.0 0.21200001 2 TOUCH_MOVE u
1401604161533 6 4098 465.86896 812.58203 0.3 5.0 5.0 5.0 5.0 0.0 0.216 2 TOUCH_MOVE u
1401604161566 6 4098 466.0 813.51294 0.26666668 4.0 4.0 4.0 4.0 0.0 0.21200001 2 TOUCH_MOVE u
1401604161583 6 4098 467.4557 815.3845 0.26666668 4.0 4.0 4.0 4.0 0.0 0.208 2 TOUCH_MOVE u
1401604161599 6 4098 469.0 820.951 0.20000002 4.0 4.0 4.0 4.0 0.0 0.192 2 TOUCH_MOVE u
1401604161603 6 4098 469.0 820.951 0.13333334 2.0 2.0 2.0 2.0 0.0 0.16000001 2 TOUCH_MOVE u
1401604161607 6 4098 469.0 820.951 0.13333334 2.0 2.0 2.0 2.0 0.0 0.16000001 1 TOUCH_UP u
1401604161923 6 4098 354.5 1188.9509 0.3 5.0 5.0 5.0 5.0 0.0 0.22000001 0 TOUCH_DOWN Space
1401604161933 6 4098 354.5 1188.9509 0.3 5.0 5.0 5.0 5.0 0.0 0.224 2 TOUCH_MOVE Space
1401604161966 6 4098 353.39346 1188.9509 0.3 5.0 5.0 5.0 5.0 0.0 0.23200001 2 TOUCH_MOVE Space
1401604161983 6 4098 352.75 1188.9509 0.3 5.0 5.0 5.0 5.0 0.0 0.23200001 2 TOUCH_MOVE Space
1401604162052 6 4098 352.75 1188.9509 0.3 5.0 5.0 5.0 5.0 0.0 0.23200001 1 TOUCH_UP Space
1401604162068 6 4098 305.0 803.451 0.23333335 5.0 5.0 5.0 5.0 0.0 0.2 0 TOUCH_DOWN t
1401604162093 6 4098 305.38052 803.451 0.23333335 5.0 5.0 5.0 5.0 0.0 0.216 2 TOUCH_MOVE t
1401604162102 6 4098 309.09668 803.10156 0.23333335 5.0 5.0 5.0 5.0 0.0 0.224 2 TOUCH_MOVE t
1401604162116 6 4098 314.20874 802.1488 0.3 6.0 6.0 6.0 6.0 0.0 0.23200001 2 TOUCH_MOVE t
1401604162133 6 4098 317.8225 801.6768 0.3 6.0 6.0 6.0 6.0 0.0 0.23200001 2 TOUCH_MOVE t
1401604162150 6 4098 319.738 800.951 0.3 6.0 6.0 6.0 6.0 0.0 0.23600002 2 TOUCH_MOVE t
1401604162166 6 4098 320.69928 800.951 0.3 6.0 6.0 6.0 6.0 0.0 0.23600002 2 TOUCH_MOVE t
1401604162201 6 4098 319.9719 800.951 0.3 6.0 6.0 6.0 6.0 0.0 0.22800002 2 TOUCH_MOVE t
1401604162217 6 4098 315.47855 802.6248 0.26666668 5.0 5.0 5.0 5.0 0.0 0.21200001 2 TOUCH_MOVE t
1401604162233 6 4098 307.65567 808.7571 0.26666668 4.0 4.0 4.0 4.0 0.0 0.19600001 2 TOUCH_MOVE t
1401604162250 6 4098 302.5 815.951 0.20000002 3.0 3.0 3.0 3.0 0.0 0.108 2 TOUCH_MOVE t
1401604162255 6 4098 302.5 815.951 0.20000002 3.0 3.0 3.0 3.0 0.0 0.108 1 TOUCH_UP t
1401604162417 6 4098 480.5 850.951 0.16666667 3.0 3.0 3.0 3.0 0.0 0.18800001 0 TOUCH_DOWN u
1401604162434 6 4098 479.96826 850.951 0.23333335 4.0 4.0 4.0 4.0 0.0 0.2 2 TOUCH_MOVE u
1401604162450 6 4098 475.2247 849.3409 0.23333335 4.0 4.0 4.0 4.0 0.0 0.208 2 TOUCH_MOVE u
1401604162467 6 4098 471.18405 847.997 0.23333335 4.0 4.0 4.0 4.0 0.0 0.208 2 TOUCH_MOVE u
1401604162484 6 4098 468.5443 846.97314 0.26666668 5.0 5.0 5.0 5.0 0.0 0.216 2 TOUCH_MOVE u
1401604162500 6 4098 467.5578 846.951 0.26666668 5.0 5.0 5.0 5.0 0.0 0.21200001 2 TOUCH_MOVE u
1401604162517 6 4098 467.25 846.951 0.26666668 5.0 5.0 5.0 5.0 0.0 0.216 2 TOUCH_MOVE u
1401604162567 6 4098 469.0 847.451 0.20000002 4.0 4.0 4.0 4.0 0.0 0.192 2 TOUCH_MOVE u
1401604162577 6 4098 469.0 847.451 0.13333334 2.0 2.0 2.0 2.0 0.0 0.164 2 TOUCH_MOVE u
1401604162581 6 4098 469.0 847.451 0.13333334 2.0 2.0 2.0 2.0 0.0 0.164 1 TOUCH_UP u
1401604162711 6 4098 58.5 914.951 0.16666667 3.0 3.0 3.0 3.0 0.0 0.192 0 TOUCH_DOWN a
1401604162734 6 4098 58.5 915.40753 0.16666667 3.0 3.0 3.0 3.0 0.0 0.19600001 2 TOUCH_MOVE a
1401604162750 6 4098 60.258545 917.20953 0.20000002 3.0 3.0 3.0 3.0 0.0 0.208 2 TOUCH_MOVE a
1401604162767 6 4098 62.60381 919.0548 0.20000002 3.0 3.0 3.0 3.0 0.0 0.216 2 TOUCH_MOVE a
1401604162784 6 4098 64.28688 920.23785 0.23333335 4.0 4.0 4.0 4.0 0.0 0.216 2 TOUCH_MOVE a
1401604162800 6 4098 65.0 921.2189 0.23333335 4.0 4.0 4.0 4.0 0.0 0.216 2 TOUCH_MOVE a
1401604162817 6 4098 65.0 921.81494 0.23333335 4.0 4.0 4.0 4.0 0.0 0.216 2 TOUCH_MOVE a
1401604162837 6 4098 64.695984 921.951 0.20000002 3.0 3.0 3.0 3.0 0.0 0.21200001 2 TOUCH_MOVE a
1401604162859 6 4098 63.69653 921.951 0.20000002 3.0 3.0 3.0 3.0 0.0 0.20400001 2 TOUCH_MOVE a
1401604162867 6 4098 61.187702 921.951 0.20000002 3.0 3.0 3.0 3.0 0.0 0.192 2 TOUCH_MOVE a
1401604162887 6 4098 58.0 921.951 0.20000002 3.0 3.0 3.0 3.0 0.0 0.18 2 TOUCH_MOVE a
1401604162895 6 4098 58.0 921.951 0.20000002 3.0 3.0 3.0 3.0 0.0 0.14400001 2 TOUCH_MOVE a
1401604162898 6 4098 58.0 921.951 0.20000002 3.0 3.0 3.0 3.0 0.0 0.14400001 1 TOUCH_UP a
1401604162999 6 4098 501.5 1104.4509 0.3 5.0 5.0 5.0 5.0 0.0 0.2 0 TOUCH_DOWN n
1401604163021 6 4098 501.5 1104.4509 0.3 5.0 5.0 5.0 5.0 0.0 0.20400001 2 TOUCH_MOVE n
1401604163101 6 4098 502.00626 1104.4509 0.3 5.0 5.0 5.0 5.0 0.0 0.19600001 2 TOUCH_MOVE n
1401604163113 6 4098 502.00626 1104.4509 0.3 5.0 5.0 5.0 5.0 0.0 0.19600001 1 TOUCH_UP n
1401604163732 6 4098 674.5 1202.4509 0.20000002 4.0 4.0 4.0 4.0 0.0 0.17600001 0 TOUCH_DOWN Enter
1401604163753 6 4098 674.5 1202.4509 0.23333335 5.0 5.0 5.0 5.0 0.0 0.18 2 TOUCH_MOVE Enter
1401604163768 6 4098 673.97705 1201.928 0.23333335 5.0 5.0 5.0 5.0 0.0 0.18400002 2 TOUCH_MOVE Enter
1401604163785 6 4098 671.9141 1200.3651 0.23333335 5.0 5.0 5.0 5.0 0.0 0.18400002 2 TOUCH_MOVE Enter
1401604163807 6 4098 670.0064 1199.4541 0.23333335 5.0 5.0 5.0 5.0 0.0 0.18400002 2 TOUCH_MOVE Enter
1401604163826 6 4098 669.04224 1198.9509 0.23333335 5.0 5.0 5.0 5.0 0.0 0.17600001 2 TOUCH_MOVE Enter
1401604163828 6 4098 669.0 1198.9509 0.23333335 5.0 5.0 5.0 5.0 0.0 0.128 2 TOUCH_MOVE Enter
1401604163833 6 4098 669.0 1198.9509 0.23333335 5.0 5.0 5.0 5.0 0.0 0.128 1 TOUCH_UP Enter
1401604165801 6 4098 142.5 957.451 0.3 5.0 5.0 5.0 5.0 0.0 0.208 0 TOUCH_DOWN S
1401604165820 6 4098 142.95796 957.451 0.3 5.0 5.0 5.0 5.0 0.0 0.216 2 TOUCH_MOVE S
1401604165837 6 4098 143.85779 957.451 0.3 5.0 5.0 5.0 5.0 0.0 0.22800002 2 TOUCH_MOVE S
1401604165853 6 4098 145.34007 957.451 0.3 5.0 5.0 5.0 5.0 0.0 0.22800002 2 TOUCH_MOVE S
1401604165881 6 4098 146.25 957.451 0.3 5.0 5.0 5.0 5.0 0.0 0.23200001 2 TOUCH_MOVE S
1401604165907 6 4098 144.64272 957.451 0.3 5.0 5.0 5.0 5.0 0.0 0.224 2 TOUCH_MOVE S
1401604165921 6 4098 140.05887 958.1392 0.23333335 4.0 4.0 4.0 4.0 0.0 0.20400001 2 TOUCH_MOVE S
1401604165929 6 4098 141.0 957.951 0.20000002 4.0 4.0 4.0 4.0 0.0 0.18 2 TOUCH_MOVE S
1401604165933 6 4098 141.0 957.951 0.20000002 4.0 4.0 4.0 4.0 0.0 0.18 1 TOUCH_UP S
1401604166055 6 4098 61.5 954.951 0.23333335 4.0 4.0 4.0 4.0 0.0 0.19600001 0 TOUCH_DOWN a
1401604166071 6 4098 61.5 954.951 0.23333335 4.0 4.0 4.0 4.0 0.0 0.20400001 2 TOUCH_MOVE a
1401604166087 6 4098 61.79884 956.04865 0.26666668 4.0 4.0 4.0 4.0 0.0 0.216 2 TOUCH_MOVE a
1401604166103 6 4098 62.771427 957.7224 0.26666668 4.0 4.0 4.0 4.0 0.0 0.216 2 TOUCH_MOVE a
1401604166121 6 4098 63.75 959.451 0.26666668 4.0 4.0 4.0 4.0 0.0 0.224 2 TOUCH_MOVE a
1401604166137 6 4098 64.0 960.11346 0.26666668 4.0 4.0 4.0 4.0 0.0 0.22000001 2 TOUCH_MOVE a
1401604166154 6 4098 64.0 960.701 0.26666668 4.0 4.0 4.0 4.0 0.0 0.216 2 TOUCH_MOVE a
1401604166175 6 4098 60.454674 961.58734 0.20000002 3.0 3.0 3.0 3.0 0.0 0.20400001 2 TOUCH_MOVE a
1401604166189 6 4098 55.344883 962.451 0.20000002 3.0 3.0 3.0 3.0 0.0 0.19600001 2 TOUCH_MOVE a
1401604166210 6 4098 48.179657 962.99677 0.20000002 3.0 3.0 3.0 3.0 0.0 0.192 2 TOUCH_MOVE a
1401604166220 6 4098 40.908722 964.4738 0.16666667 3.0 3.0 3.0 3.0 0.0 0.17600001 2 TOUCH_MOVE a
1401604166226 6 4098 40.908722 964.4738 0.16666667 3.0 3.0 3.0 3.0 0.0 0.17600001 1 TOUCH_UP a
1401604166254 6 4098 472.0 834.951 0.20000002 4.0 4.0 4.0 4.0 0.0 0.19600001 0 TOUCH_DOWN u
1401604166387 6 4098 471.3711 836.2088 0.23333335 4.0 4.0 4.0 4.0 0.0 0.20400001 2 TOUCH_MOVE u
1401604166404 6 4098 464.16165 847.1619 0.20000002 4.0 4.0 4.0 4.0 0.0 0.18800001 2 TOUCH_MOVE u
1401604166414 6 4098 459.0 854.951 0.23333335 4.0 4.0 4.0 4.0 0.0 0.17600001 2 TOUCH_MOVE u
1401604166418 6 4098 459.0 854.951 0.23333335 4.0 4.0 4.0 4.0 0.0 0.17600001 1 TOUCH_UP u
1401604166682 6 4098 354.0 1199.9509 0.3 5.0 5.0 5.0 5.0 0.0 0.22800002 0 TOUCH_DOWN Space
1401604166706 6 4098 353.54642 1199.9509 0.3 5.0 5.0 5.0 5.0 0.0 0.23200001 2 TOUCH_MOVE Space
1401604166722 6 4098 353.06497 1199.9509 0.3 5.0 5.0 5.0 5.0 0.0 0.24000001 2 TOUCH_MOVE Space
1401604166738 6 4098 352.76923 1199.9509 0.33333334 6.0 6.0 6.0 6.0 0.0 0.24000001 2 TOUCH_MOVE Space
1401604166789 6 4098 353.89542 1198.8578 0.3 5.0 5.0 5.0 5.0 0.0 0.23200001 2 TOUCH_MOVE Space
1401604166804 6 4098 357.14505 1194.6447 0.23333335 4.0 4.0 4.0 4.0 0.0 0.21200001 2 TOUCH_MOVE Space
1401604166814 6 4098 356.5 1195.4509 0.26666668 4.0 4.0 4.0 4.0 0.0 0.18800001 2 TOUCH_MOVE Space
1401604166817 6 4098 356.5 1195.4509 0.26666668 4.0 4.0 4.0 4.0 0.0 0.18800001 1 TOUCH_UP Space
1401604166826 6 4098 217.5 952.951 0.3 5.0 5.0 5.0 5.0 0.0 0.20400001 0 TOUCH_DOWN d
1401604166855 6 4098 218.0 951.4296 0.3 5.0 5.0 5.0 5.0 0.0 0.224 2 TOUCH_MOVE d
1401604166871 6 4098 219.56088 950.42053 0.3 5.0 5.0 5.0 5.0 0.0 0.23200001 2 TOUCH_MOVE d
1401604166888 6 4098 220.49084 949.46014 0.3 5.0 5.0 5.0 5.0 0.0 0.22800002 2 TOUCH_MOVE d
1401604166904 6 4098 221.0 948.49646 0.33333334 5.0 5.0 5.0 5.0 0.0 0.23200001 2 TOUCH_MOVE d
1401604166922 6 4098 221.0 948.201 0.33333334 5.0 5.0 5.0 5.0 0.0 0.23200001 2 TOUCH_MOVE d
1401604166938 6 4098 221.0 947.8412 0.33333334 5.0 5.0 5.0 5.0 0.0 0.23200001 2 TOUCH_MOVE d
1401604166971 6 4098 218.58539 948.25586 0.3 5.0 5.0 5.0 5.0 0.0 0.21200001 2 TOUCH_MOVE d
1401604166986 6 4098 216.5 950.951 0.26666668 5.0 5.0 5.0 5.0 0.0 0.17600001 2 TOUCH_MOVE d
1401604166989 6 4098 216.5 950.951 0.26666668 5.0 5.0 5.0 5.0 0.0 0.17600001 1 TOUCH_UP d
1401604167203 6 4098 598.5 819.951 0.33333334 5.0 5.0 5.0 5.0 0.0 0.18 0 TOUCH_DOWN o
1401604167225 6 4098 599.23364 820.68463 0.33333334 5.0 5.0 5.0 5.0 0.0 0.18800001 2 TOUCH_MOVE o
1401604167238 6 4098 600.8921 822.5392 0.33333334 5.0 5.0 5.0 5.0 0.0 0.2 2 TOUCH_MOVE o
1401604167255 6 4098 602.1359 824.7228 0.33333334 5.0 5.0 5.0 5.0 0.0 0.2 2 TOUCH_MOVE o
1401604167272 6 4098 603.1258 826.7026 0.33333334 5.0 5.0 5.0 5.0 0.0 0.20400001 2 TOUCH_MOVE o
1401604167288 6 4098 603.0 828.0805 0.33333334 5.0 5.0 5.0 5.0 0.0 0.208 2 TOUCH_MOVE o
1401604167310 6 4098 603.5461 828.9971 0.33333334 5.0 5.0 5.0 5.0 0.0 0.20400001 2 TOUCH_MOVE o
1401604167332 6 4098 604.494 829.451 0.33333334 5.0 5.0 5.0 5.0 0.0 0.2 2 TOUCH_MOVE o
1401604167339 6 4098 605.4664 830.3837 0.3 5.0 5.0 5.0 5.0 0.0 0.192 2 TOUCH_MOVE o
1401604167342 6 4098 605.5 830.451 0.3 5.0 5.0 5.0 5.0 0.0 0.18 2 TOUCH_MOVE o
1401604167346 6 4098 605.5 830.451 0.3 5.0 5.0 5.0 5.0 0.0 0.18 1 TOUCH_UP o
1401604167704 6 4098 315.0 1209.9509 0.23333335 4.0 4.0 4.0 4.0 0.0 0.22000001 0 TOUCH_DOWN Space
1401604167727 6 4098 315.0 1210.5481 0.26666668 5.0 5.0 5.0 5.0 0.0 0.22800002 2 TOUCH_MOVE Space
1401604167738 6 4098 315.0 1211.5111 0.26666668 5.0 5.0 5.0 5.0 0.0 0.23200001 2 TOUCH_MOVE Space
1401604167755 6 4098 315.0 1212.474 0.26666668 5.0 5.0 5.0 5.0 0.0 0.23600002 2 TOUCH_MOVE Space
1401604167772 6 4098 315.0 1213.2009 0.26666668 5.0 5.0 5.0 5.0 0.0 0.23600002 2 TOUCH_MOVE Space
1401604167789 6 4098 315.0 1213.664 0.26666668 5.0 5.0 5.0 5.0 0.0 0.23200001 2 TOUCH_MOVE Space
1401604167805 6 4098 318.0687 1211.296 0.26666668 5.0 5.0 5.0 5.0 0.0 0.22000001 2 TOUCH_MOVE Space
1401604167820 6 4098 318.5 1210.9509 0.23333335 5.0 5.0 5.0 5.0 0.0 0.16800001 2 TOUCH_MOVE Space
1401604167828 6 4098 318.5 1210.9509 0.23333335 5.0 5.0 5.0 5.0 0.0 0.16800001 1 TOUCH_UP Space
1401604168089 6 4098 653.0 959.951 0.23333335 4.0 4.0 4.0 4.0 0.0 0.18800001 0 TOUCH_DOWN l
1401604168123 6 4098 650.4286 959.951 0.26666668 5.0 5.0 5.0 5.0 0.0 0.208 2 TOUCH_MOVE l
1401604168139 6 4098 647.50684 959.951 0.26666668 5.0 5.0 5.0 5.0 0.0 0.208 2 TOUCH_MOVE l
1401604168155 6 4098 646.3819 959.951 0.26666668 5.0 5.0 5.0 5.0 0.0 0.21200001 2 TOUCH_MOVE l
1401604168172 6 4098 645.4438 959.951 0.26666668 5.0 5.0 5.0 5.0 0.0 0.208 2 TOUCH_MOVE l
1401604168224 6 4098 647.0 960.451 0.20000002 4.0 4.0 4.0 4.0 0.0 0.18400002 2 TOUCH_MOVE l
1401604168226 6 4098 647.0 960.451 0.13333334 2.0 2.0 2.0 2.0 0.0 0.120000005 2 TOUCH_MOVE l
1401604168229 6 4098 647.0 960.451 0.13333334 2.0 2.0 2.0 2.0 0.0 0.120000005 1 TOUCH_UP l
1401604168320 6 4098 39.5 942.451 0.26666668 5.0 5.0 5.0 5.0 0.0 0.18 0 TOUCH_DOWN a
1401604168339 6 4098 39.5 942.451 0.26666668 5.0 5.0 5.0 5.0 0.0 0.18400002 2 TOUCH_MOVE a
1401604168373 6 4098 40.629257 942.451 0.26666668 5.0 5.0 5.0 5.0 0.0 0.192 2 TOUCH_MOVE a
1401604168389 6 4098 41.017315 942.951 0.26666668 5.0 5.0 5.0 5.0 0.0 0.19600001 2 TOUCH_MOVE a
1401604168439 6 4098 41.0 944.39185 0.26666668 5.0 5.0 5.0 5.0 0.0 0.192 2 TOUCH_MOVE a
1401604168460 6 4098 41.0 948.11127 0.23333335 4.0 4.0 4.0 4.0 0.0 0.18800001 2 TOUCH_MOVE a
1401604168473 6 4098 40.60218 954.7357 0.16666667 3.0 3.0 3.0 3.0 0.0 0.18400002 2 TOUCH_MOVE a
1401604168488 6 4098 40.5 959.451 0.16666667 3.0 3.0 3.0 3.0 0.0 0.17600001 2 TOUCH_MOVE a
1401604168493 6 4098 40.5 959.451 0.16666667 3.0 3.0 3.0 3.0 0.0 0.17600001 1 TOUCH_UP a
1401604168758 6 4098 370.5 1214.4509 0.23333335 4.0 4.0 4.0 4.0 0.0 0.20400001 0 TOUCH_DOWN Space
1401604168780 6 4098 370.5 1215.1301 0.23333335 4.0 4.0 4.0 4.0 0.0 0.216 2 TOUCH_MOVE Space
1401604168815 6 4098 370.5 1217.0906 0.26666668 5.0 5.0 5.0 5.0 0.0 0.224 2 TOUCH_MOVE Space
1401604168831 6 4098 371.08362 1218.0345 0.26666668 5.0 5.0 5.0 5.0 0.0 0.22000001 2 TOUCH_MOVE Space
1401604168840 6 4098 372.0684 1219.0193 0.26666668 5.0 5.0 5.0 5.0 0.0 0.21200001 2 TOUCH_MOVE Space
1401604168857 6 4098 373.0294 1219.9803 0.20000002 3.0 3.0 3.0 3.0 0.0 0.15200001 2 TOUCH_MOVE Space
1401604168861 6 4098 373.0294 1219.9803 0.20000002 3.0 3.0 3.0 3.0 0.0 0.15200001 1 TOUCH_UP Space
1401604168932 6 4098 207.0 962.951 0.20000002 4.0 4.0 4.0 4.0 0.0 0.18800001 0 TOUCH_DOWN d
1401604168956 6 4098 207.39822 963.3492 0.20000002 4.0 4.0 4.0 4.0 0.0 0.192 2 TOUCH_MOVE d
1401604168973 6 4098 208.25995 963.451 0.23333335 5.0 5.0 5.0 5.0 0.0 0.2 2 TOUCH_MOVE d
1401604168990 6 4098 209.22388 963.451 0.23333335 5.0 5.0 5.0 5.0 0.0 0.2 2 TOUCH_MOVE d
1401604169009 6 4098 210.18518 963.451 0.23333335 5.0 5.0 5.0 5.0 0.0 0.2 2 TOUCH_MOVE d
1401604169025 6 4098 210.75 963.451 0.23333335 5.0 5.0 5.0 5.0 0.0 0.2 2 TOUCH_MOVE d
1401604169057 6 4098 210.75 963.451 0.23333335 5.0 5.0 5.0 5.0 0.0 0.2 1 TOUCH_UP d
1401604169231 6 4098 178.0 837.951 0.26666668 4.0 4.0 4.0 4.0 0.0 0.19600001 0 TOUCH_DOWN e
1401604169240 6 4098 178.0 837.951 0.26666668 4.0 4.0 4.0 4.0 0.0 0.20400001 2 TOUCH_MOVE e
1401604169274 6 4098 178.0 837.29785 0.26666668 4.0 4.0 4.0 4.0 0.0 0.21200001 2 TOUCH_MOVE e
1401604169302 6 4098 178.0 836.721 0.3 5.0 5.0 5.0 5.0 0.0 0.216 2 TOUCH_MOVE e
1401604169373 6 4098 177.15161 836.951 0.3 5.0 5.0 5.0 5.0 0.0 0.216 2 TOUCH_MOVE e
1401604169392 6 4098 175.87302 836.951 0.3 5.0 5.0 5.0 5.0 0.0 0.21200001 2 TOUCH_MOVE e
1401604169407 6 4098 173.18231 837.7236 0.3 5.0 5.0 5.0 5.0 0.0 0.20400001 2 TOUCH_MOVE e
1401604169427 6 4098 170.37576 838.65906 0.26666668 5.0 5.0 5.0 5.0 0.0 0.192 2 TOUCH_MOVE e
1401604169428 6 4098 169.5 839.451 0.26666668 5.0 5.0 5.0 5.0 0.0 0.18 2 TOUCH_MOVE e
1401604169434 6 4098 547.0 1084.9509 0.20000002 4.0 4.0 4.0 4.0 0.0 0.18800001 0 TOUCH_DOWN m
1401604169435 6 4098 169.5 839.451 0.26666668 5.0 5.0 5.0 5.0 0.0 0.18 2 TOUCH_MOVE e
1401604169447 6 4098 546.5 1084.9509 0.20000002 4.0 4.0 4.0 4.0 0.0 0.192 2 TOUCH_MOVE m
1401604169449 6 4098 168.0 840.451 0.26666668 5.0 5.0 5.0 5.0 0.0 0.148 2 TOUCH_MOVE e
1401604169451 6 4098 546.5 1084.9509 0.20000002 4.0 4.0 4.0 4.0 0.0 0.192 2 TOUCH_MOVE m
1401604169455 6 4098 168.0 840.451 0.26666668 5.0 5.0 5.0 5.0 0.0 0.148 1 TOUCH_UP e
1401604169524 6 4098 545.9989 1085.452 0.20000002 4.0 4.0 4.0 4.0 0.0 0.19600001 2 TOUCH_MOVE m
1401604169541 6 4098 544.04956 1086.4261 0.20000002 4.0 4.0 4.0 4.0 0.0 0.192 2 TOUCH_MOVE m
1401604169559 6 4098 540.8154 1088.2617 0.23333335 4.0 4.0 4.0 4.0 0.0 0.18400002 2 TOUCH_MOVE m
1401604169573 6 4098 539.5 1088.9509 0.16666667 3.0 3.0 3.0 3.0 0.0 0.112 2 TOUCH_MOVE m
1401604169577 6 4098 539.5 1088.9509 0.16666667 3.0 3.0 3.0 3.0 0.0 0.112 1 TOUCH_UP m
1401604170211 6 4098 658.0 1098.4509 0.23333335 4.0 4.0 4.0 4.0 0.0 0.164 0 TOUCH_DOWN Back
1401604170224 6 4098 660.4208 1098.4509 0.23333335 4.0 4.0 4.0 4.0 0.0 0.18 2 TOUCH_MOVE Back
1401604170243 6 4098 661.3872 1098.4509 0.23333335 4.0 4.0 4.0 4.0 0.0 0.18 2 TOUCH_MOVE Back
1401604170259 6 4098 661.75 1098.4509 0.23333335 4.0 4.0 4.0 4.0 0.0 0.18 2 TOUCH_MOVE Back
1401604170286 6 4098 661.75 1098.4509 0.23333335 4.0 4.0 4.0 4.0 0.0 0.18 1 TOUCH_UP Back
1401604170533 6 4098 514.0 1086.4509 0.20000002 4.0 4.0 4.0 4.0 0.0 0.19600001 0 TOUCH_DOWN n
1401604170541 6 4098 514.0 1086.4509 0.20000002 4.0 4.0 4.0 4.0 0.0 0.192 2 TOUCH_MOVE n
1401604170624 6 4098 514.5011 1086.4509 0.20000002 4.0 4.0 4.0 4.0 0.0 0.18400002 2 TOUCH_MOVE n
1401604170636 6 4098 514.5 1086.4509 0.13333334 2.0 2.0 2.0 2.0 0.0 0.116000004 2 TOUCH_MOVE n
1401604170641 6 4098 514.5 1086.4509 0.13333334 2.0 2.0 2.0 2.0 0.0 0.116000004 1 TOUCH_UP n
1401604171133 6 4098 300.0 820.451 0.20000002 4.0 4.0 4.0 4.0 0.0 0.19600001 0 TOUCH_DOWN t
1401604171143 6 4098 300.0 820.451 0.20000002 4.0 4.0 4.0 4.0 0.0 0.20400001 2 TOUCH_MOVE t
1401604171175 6 4098 300.75565 820.70667 0.3 5.0 5.0 5.0 5.0 0.0 0.22000001 2 TOUCH_MOVE t
1401604171192 6 4098 301.68634 820.951 0.3 5.0 5.0 5.0 5.0 0.0 0.22000001 2 TOUCH_MOVE t
1401604171209 6 4098 302.6869 820.951 0.3 5.0 5.0 5.0 5.0 0.0 0.22000001 2 TOUCH_MOVE t
1401604171226 6 4098 303.25 820.951 0.3 5.0 5.0 5.0 5.0 0.0 0.22000001 2 TOUCH_MOVE t
1401604171258 6 4098 300.8155 823.1355 0.23333335 5.0 5.0 5.0 5.0 0.0 0.19600001 2 TOUCH_MOVE t
1401604171275 6 4098 296.80917 830.2849 0.23333335 4.0 4.0 4.0 4.0 0.0 0.17600001 2 TOUCH_MOVE t
1401604171286 6 4098 297.0 829.951 0.16666667 3.0 3.0 3.0 3.0 0.0 0.116000004 2 TOUCH_MOVE t
1401604171290 6 4098 297.0 829.951 0.16666667 3.0 3.0 3.0 3.0 0.0 0.116000004 1 TOUCH_UP t
1401604171991 6 4098 676.0 1035.4509 0.23333335 4.0 4.0 4.0 4.0 0.0 0.17600001 0 TOUCH_DOWN Back
1401604172015 6 4098 675.5687 1035.4509 0.26666668 5.0 5.0 5.0 5.0 0.0 0.18 2 TOUCH_MOVE Back
1401604172026 6 4098 673.50085 1035.4509 0.26666668 5.0 5.0 5.0 5.0 0.0 0.18400002 2 TOUCH_MOVE Back
1401604172042 6 4098 670.60547 1035.7491 0.26666668 5.0 5.0 5.0 5.0 0.0 0.18400002 2 TOUCH_MOVE Back
1401604172059 6 4098 668.0279 1036.687 0.26666668 5.0 5.0 5.0 5.0 0.0 0.18400002 2 TOUCH_MOVE Back
1401604172076 6 4098 665.85925 1037.878 0.23333335 4.0 4.0 4.0 4.0 0.0 0.18 2 TOUCH_MOVE Back
1401604172092 6 4098 664.0 1039.4509 0.23333335 4.0 4.0 4.0 4.0 0.0 0.17600001 2 TOUCH_MOVE Back
1401604172096 6 4098 664.0 1039.4509 0.23333335 4.0 4.0 4.0 4.0 0.0 0.17600001 1 TOUCH_UP Back
1401604172497 6 4098 361.5 1205.9509 0.23333335 4.0 4.0 4.0 4.0 0.0 0.216 0 TOUCH_DOWN Space
1401604172510 6 4098 361.5 1205.9509 0.26666668 5.0 5.0 5.0 5.0 0.0 0.22000001 2 TOUCH_MOVE Space
1401604172594 6 4098 362.00302 1205.4479 0.26666668 5.0 5.0 5.0 5.0 0.0 0.22000001 2 TOUCH_MOVE Space
1401604172628 6 4098 362.5 1204.9509 0.20000002 4.0 4.0 4.0 4.0 0.0 0.18800001 2 TOUCH_MOVE Space
1401604172630 6 4098 362.5 1204.9509 0.16666667 3.0 3.0 3.0 3.0 0.0 0.120000005 2 TOUCH_MOVE Space
1401604172635 6 4098 362.5 1204.9509 0.16666667 3.0 3.0 3.0 3.0 0.0 0.120000005 1 TOUCH_UP Space
1401604172782 6 4098 310.0 800.451 0.20000002 4.0 4.0 4.0 4.0 0.0 0.2 0 TOUCH_DOWN t
1401604172795 6 4098 310.0 800.451 0.23333335 5.0 5.0 5.0 5.0 0.0 0.208 2 TOUCH_MOVE t
1401604172826 6 4098 311.01263 800.9636 0.23333335 5.0 5.0 5.0 5.0 0.0 0.22000001 2 TOUCH_MOVE t
1401604172879 6 4098 309.2949 802.7544 0.26666668 5.0 5.0 5.0 5.0 0.0 0.208 2 TOUCH_MOVE t
1401604172892 6 4098 309.0 802.951 0.13333334 2.0 2.0 2.0 2.0 0.0 0.16000001 2 TOUCH_MOVE t
1401604172898 6 4098 309.0 802.951 0.13333334 2.0 2.0 2.0 2.0 0.0 0.16000001 1 TOUCH_UP t
1401604173028 6 4098 423.0 974.451 0.20000002 4.0 4.0 4.0 4.0 0.0 0.20400001 0 TOUCH_DOWN h
1401604173046 6 4098 423.0 974.451 0.20000002 4.0 4.0 4.0 4.0 0.0 0.208 2 TOUCH_MOVE h
1401604173060 6 4098 422.05777 974.451 0.23333335 4.0 4.0 4.0 4.0 0.0 0.208 2 TOUCH_MOVE h
1401604173079 6 4098 421.05893 974.451 0.23333335 4.0 4.0 4.0 4.0 0.0 0.21200001 2 TOUCH_MOVE h
1401604173093 6 4098 420.1038 974.451 0.23333335 4.0 4.0 4.0 4.0 0.0 0.208 2 TOUCH_MOVE h
1401604173110 6 4098 419.25 974.451 0.23333335 4.0 4.0 4.0 4.0 0.0 0.208 2 TOUCH_MOVE h
1401604173151 6 4098 422.0 970.951 0.20000002 4.0 4.0 4.0 4.0 0.0 0.17600001 2 TOUCH_MOVE h
1401604173155 6 4098 422.0 970.951 0.20000002 4.0 4.0 4.0 4.0 0.0 0.17600001 1 TOUCH_UP h
1401604173280 6 4098 444.0 842.951 0.3 5.0 5.0 5.0 5.0 0.0 0.19600001 0 TOUCH_DOWN u
1401604173328 6 4098 443.1225 842.0735 0.3 5.0 5.0 5.0 5.0 0.0 0.208 2 TOUCH_MOVE u
1401604173344 6 4098 442.5 841.10913 0.3 5.0 5.0 5.0 5.0 0.0 0.208 2 TOUCH_MOVE u
1401604173360 6 4098 442.5 840.701 0.3 5.0 5.0 5.0 5.0 0.0 0.208 2 TOUCH_MOVE u
1401604173410 6 4098 444.5 845.451 0.23333335 5.0 5.0 5.0 5.0 0.0 0.17600001 2 TOUCH_MOVE u
1401604173430 6 4098 444.5 845.451 0.23333335 5.0 5.0 5.0 5.0 0.0 0.17600001 1 TOUCH_UP u
1401604173707 6 4098 351.5 1214.4509 0.26666668 5.0 5.0 5.0 5.0 0.0 0.216 0 TOUCH_DOWN Space
1401604173729 6 4098 351.5 1214.9354 0.26666668 5.0 5.0 5.0 5.0 0.0 0.22000001 2 TOUCH_MOVE Space
1401604173751 6 4098 351.5 1215.1809 0.26666668 5.0 5.0 5.0 5.0 0.0 0.224 2 TOUCH_MOVE Space
1401604173811 6 4098 357.86813 1205.7407 0.20000002 4.0 4.0 4.0 4.0 0.0 0.2 2 TOUCH_MOVE Space
1401604173817 6 4098 360.5 1202.4509 0.20000002 4.0 4.0 4.0 4.0 0.0 0.18 2 TOUCH_MOVE Space
1401604173827 6 4098 360.5 1202.4509 0.20000002 4.0 4.0 4.0 4.0 0.0 0.18 1 TOUCH_UP Space
1401604173957 6 4098 429.0 1103.9509 0.26666668 4.0 4.0 4.0 4.0 0.0 0.192 0 TOUCH_DOWN b
1401604174011 6 4098 428.25 1104.4509 0.26666668 4.0 4.0 4.0 4.0 0.0 0.192 2 TOUCH_MOVE b
1401604174028 6 4098 428.5 1105.0469 0.3 5.0 5.0 5.0 5.0 0.0 0.192 2 TOUCH_MOVE b
1401604174045 6 4098 427.87482 1104.9509 0.26666668 4.0 4.0 4.0 4.0 0.0 0.18400002 2 TOUCH_MOVE b
1401604174061 6 4098 428.0 1105.4509 0.26666668 5.0 5.0 5.0 5.0 0.0 0.18 2 TOUCH_MOVE b
1401604174064 6 4098 428.0 1105.4509 0.26666668 5.0 5.0 5.0 5.0 0.0 0.18 1 TOUCH_UP b
1401604174121 6 4098 57.5 951.451 0.23333335 4.0 4.0 4.0 4.0 0.0 0.18 0 TOUCH_DOWN a
1401604174146 6 4098 56.473167 950.92413 0.23333335 4.0 4.0 4.0 4.0 0.0 0.18400002 2 TOUCH_MOVE a
1401604174161 6 4098 55.539593 949.9906 0.23333335 4.0 4.0 4.0 4.0 0.0 0.18400002 2 TOUCH_MOVE a
1401604174178 6 4098 55.5 949.01965 0.26666668 5.0 5.0 5.0 5.0 0.0 0.18800001 2 TOUCH_MOVE a
1401604174194 6 4098 55.5 948.201 0.26666668 5.0 5.0 5.0 5.0 0.0 0.18400002 2 TOUCH_MOVE a
1401604174231 6 4098 55.5 948.951 0.20000002 3.0 3.0 3.0 3.0 0.0 0.16800001 2 TOUCH_MOVE a
1401604174234 6 4098 55.5 948.951 0.20000002 3.0 3.0 3.0 3.0 0.0 0.16800001 1 TOUCH_UP a
1401604175001 6 4098 684.5 1194.9509 0.20000002 4.0 4.0 4.0 4.0 0.0 0.18800001 0 TOUCH_DOWN Enter
1401604175012 6 4098 681.2459 1194.9509 0.23333335 5.0 5.0 5.0 5.0 0.0 0.192 2 TOUCH_MOVE Enter
1401604175031 6 4098 675.39246 1194.9509 0.23333335 5.0 5.0 5.0 5.0 0.0 0.192 2 TOUCH_MOVE Enter
1401604175045 6 4098 671.55695 1194.9509 0.23333335 5.0 5.0 5.0 5.0 0.0 0.192 2 TOUCH_MOVE Enter
1401604175062 6 4098 668.69806 1194.9509 0.23333335 5.0 5.0 5.0 5.0 0.0 0.192 2 TOUCH_MOVE Enter
1401604175079 6 4098 667.099 1194.9509 0.23333335 5.0 5.0 5.0 5.0 0.0 0.192 2 TOUCH_MOVE Enter
1401604175095 6 4098 666.1317 1194.9509 0.20000002 4.0 4.0 4.0 4.0 0.0 0.18400002 2 TOUCH_MOVE Enter
1401604175101 6 4098 666.0 1194.9509 0.23333335 5.0 5.0 5.0 5.0 0.0 0.17600001 2 TOUCH_MOVE Enter
1401604175104 6 4098 666.0 1194.9509 0.23333335 5.0 5.0 5.0 5.0 0.0 0.17600001 1 TOUCH_UP Enter
1401604175895 6 4098 293.5 826.951 0.3 5.0 5.0 5.0 5.0 0.0 0.208 0 TOUCH_DOWN T
1401604175913 6 4098 293.5 826.951 0.3 5.0 5.0 5.0 5.0 0.0 0.216 2 TOUCH_MOVE T
1401604175963 6 4098 294.09225 826.35876 0.33333334 5.0 5.0 5.0 5.0 0.0 0.22800002 2 TOUCH_MOVE T
1401604176013 6 4098 292.9406 826.451 0.3 5.0 5.0 5.0 5.0 0.0 0.21200001 2 TOUCH_MOVE T
1401604176029 6 4098 291.0228 826.6896 0.3 5.0 5.0 5.0 5.0 0.0 0.192 2 TOUCH_MOVE T
1401604176046 6 4098 290.5 826.951 0.20000002 3.0 3.0 3.0 3.0 0.0 0.1 2 TOUCH_MOVE T
1401604176049 6 4098 290.5 826.951 0.20000002 3.0 3.0 3.0 3.0 0.0 0.1 1 TOUCH_UP T
1401604176119 6 4098 422.0 973.451 0.20000002 4.0 4.0 4.0 4.0 0.0 0.19600001 0 TOUCH_DOWN h
1401604176181 6 4098 420.6288 973.451 0.20000002 4.0 4.0 4.0 4.0 0.0 0.2 2 TOUCH_MOVE h
1401604176200 6 4098 421.23395 972.21704 0.20000002 4.0 4.0 4.0 4.0 0.0 0.192 2 TOUCH_MOVE h
1401604176213 6 4098 424.9736 966.9906 0.23333335 4.0 4.0 4.0 4.0 0.0 0.18400002 2 TOUCH_MOVE h
1401604176220 6 4098 426.0 965.451 0.23333335 4.0 4.0 4.0 4.0 0.0 0.164 2 TOUCH_MOVE h
1401604176223 6 4098 426.0 965.451 0.23333335 4.0 4.0 4.0 4.0 0.0 0.164 1 TOUCH_UP h
1401604176385 6 4098 457.5 833.451 0.26666668 4.0 4.0 4.0 4.0 0.0 0.19600001 0 TOUCH_DOWN u
1401604176396 6 4098 457.5 833.451 0.26666668 4.0 4.0 4.0 4.0 0.0 0.2 2 TOUCH_MOVE u
1401604176463 6 4098 456.93427 833.451 0.26666668 4.0 4.0 4.0 4.0 0.0 0.2 2 TOUCH_MOVE u
1401604176499 6 4098 457.0 833.951 0.26666668 4.0 4.0 4.0 4.0 0.0 0.18 2 TOUCH_MOVE u
1401604176506 6 4098 457.0 833.951 0.16666667 3.0 3.0 3.0 3.0 0.0 0.112 2 TOUCH_MOVE u
1401604176509 6 4098 457.0 833.951 0.16666667 3.0 3.0 3.0 3.0 0.0 0.112 1 TOUCH_UP u
1401604176800 6 4098 349.5 1212.9509 0.26666668 5.0 5.0 5.0 5.0 0.0 0.208 0 TOUCH_DOWN Space
1401604176823 6 4098 349.5 1213.4161 0.26666668 5.0 5.0 5.0 5.0 0.0 0.21200001 2 TOUCH_MOVE Space
1401604176841 6 4098 348.59604 1214.7588 0.26666668 5.0 5.0 5.0 5.0 0.0 0.216 2 TOUCH_MOVE Space
1401604176848 6 4098 347.61533 1216.3356 0.26666668 5.0 5.0 5.0 5.0 0.0 0.22000001 2 TOUCH_MOVE Space
1401604176865 6 4098 347.5 1217.2954 0.26666668 5.0 5.0 5.0 5.0 0.0 0.22000001 2 TOUCH_MOVE Space
1401604176880 6 4098 347.5 1217.7009 0.26666668 5.0 5.0 5.0 5.0 0.0 0.22000001 2 TOUCH_MOVE Space
1401604176907 6 4098 347.5 1217.7009 0.26666668 5.0 5.0 5.0 5.0 0.0 0.22000001 1 TOUCH_UP Space
1401604177069 6 4098 437.5 1084.4509 0.23333335 5.0 5.0 5.0 5.0 0.0 0.19600001 0 TOUCH_DOWN b
1401604177197 6 4098 437.5 1085.045 0.23333335 4.0 4.0 4.0 4.0 0.0 0.18 2 TOUCH_MOVE b
1401604177208 6 4098 437.5 1084.9509 0.16666667 3.0 3.0 3.0 3.0 0.0 0.116000004 2 TOUCH_MOVE b
1401604177211 6 4098 437.5 1084.9509 0.16666667 3.0 3.0 3.0 3.0 0.0 0.116000004 1 TOUCH_UP b
1401604177256 6 4098 49.5 954.451 0.20000002 3.0 3.0 3.0 3.0 0.0 0.18 0 TOUCH_DOWN a
1401604177282 6 4098 49.5 954.451 0.20000002 3.0 3.0 3.0 3.0 0.0 0.18800001 2 TOUCH_MOVE a
1401604177297 6 4098 50.956333 954.1322 0.23333335 4.0 4.0 4.0 4.0 0.0 0.2 2 TOUCH_MOVE a
1401604177314 6 4098 53.16497 953.951 0.23333335 4.0 4.0 4.0 4.0 0.0 0.20400001 2 TOUCH_MOVE a
1401604177343 6 4098 54.80335 953.951 0.23333335 4.0 4.0 4.0 4.0 0.0 0.208 2 TOUCH_MOVE a
1401604177351 6 4098 56.22335 953.951 0.23333335 4.0 4.0 4.0 4.0 0.0 0.208 2 TOUCH_MOVE a
1401604177364 6 4098 57.22078 953.951 0.23333335 4.0 4.0 4.0 4.0 0.0 0.20400001 2 TOUCH_MOVE a
1401604177381 6 4098 57.0 953.36346 0.23333335 4.0 4.0 4.0 4.0 0.0 0.2 2 TOUCH_MOVE a
1401604177397 6 4098 57.0 952.3321 0.23333335 4.0 4.0 4.0 4.0 0.0 0.192 2 TOUCH_MOVE a
1401604177414 6 4098 56.25 952.451 0.23333335 4.0 4.0 4.0 4.0 0.0 0.18400002 2 TOUCH_MOVE a
1401604177430 6 4098 56.25 952.451 0.23333335 4.0 4.0 4.0 4.0 0.0 0.18400002 1 TOUCH_UP a
1401604177539 6 4098 346.5 1218.4509 0.26666668 5.0 5.0 5.0 5.0 0.0 0.208 0 TOUCH_DOWN Space
1401604177548 6 4098 346.5 1218.7499 0.26666668 5.0 5.0 5.0 5.0 0.0 0.21200001 2 TOUCH_MOVE Space
1401604177566 6 4098 345.7409 1218.9509 0.26666668 5.0 5.0 5.0 5.0 0.0 0.216 2 TOUCH_MOVE Space
1401604177581 6 4098 344.77985 1218.9509 0.26666668 5.0 5.0 5.0 5.0 0.0 0.224 2 TOUCH_MOVE Space
1401604177610 6 4098 344.25 1218.9509 0.26666668 5.0 5.0 5.0 5.0 0.0 0.224 2 TOUCH_MOVE Space
1401604177649 6 4098 344.5 1218.9509 0.16666667 3.0 3.0 3.0 3.0 0.0 0.132 2 TOUCH_MOVE Space
1401604177652 6 4098 344.5 1218.9509 0.16666667 3.0 3.0 3.0 3.0 0.0 0.132 1 TOUCH_UP Space
1401604177832 6 4098 249.5 824.951 0.3 5.0 5.0 5.0 5.0 0.0 0.20400001 0 TOUCH_DOWN r
1401604177851 6 4098 249.5 824.951 0.3 5.0 5.0 5.0 5.0 0.0 0.208 2 TOUCH_MOVE r
1401604177865 6 4098 250.0253 824.951 0.3 5.0 5.0 5.0 5.0 0.0 0.216 2 TOUCH_MOVE r
1401604177881 6 4098 251.00688 824.951 0.33333334 5.0 5.0 5.0 5.0 0.0 0.22000001 2 TOUCH_MOVE r
1401604177898 6 4098 251.9968 824.951 0.3 5.0 5.0 5.0 5.0 0.0 0.22000001 2 TOUCH_MOVE r
1401604177915 6 4098 252.25 824.951 0.33333334 5.0 5.0 5.0 5.0 0.0 0.22000001 2 TOUCH_MOVE r
1401604177965 6 4098 250.30194 824.951 0.3 5.0 5.0 5.0 5.0 0.0 0.20400001 2 TOUCH_MOVE r
1401604177981 6 4098 248.5 825.451 0.23333335 5.0 5.0 5.0 5.0 0.0 0.16800001 2 TOUCH_MOVE r
1401604177984 6 4098 248.5 825.451 0.23333335 5.0 5.0 5.0 5.0 0.0 0.16800001 1 TOUCH_UP r
1401604178075 6 4098 615.0 845.451 0.26666668 5.0 5.0 5.0 5.0 0.0 0.18800001 0 TOUCH_DOWN o
1401604178082 6 4098 615.0 845.451 0.26666668 5.0 5.0 5.0 5.0 0.0 0.19600001 2 TOUCH_MOVE o
1401604178098 6 4098 613.9912 845.451 0.26666668 5.0 5.0 5.0 5.0 0.0 0.20400001 2 TOUCH_MOVE o
1401604178115 6 4098 611.4657 844.951 0.26666668 5.0 5.0 5.0 5.0 0.0 0.208 2 TOUCH_MOVE o
1401604178133 6 4098 609.094 844.951 0.26666668 5.0 5.0 5.0 5.0 0.0 0.21200001 2 TOUCH_MOVE o
1401604178153 6 4098 607.1301 844.951 0.26666668 5.0 5.0 5.0 5.0 0.0 0.21200001 2 TOUCH_MOVE o
1401604178167 6 4098 606.25 844.951 0.26666668 5.0 5.0 5.0 5.0 0.0 0.21200001 2 TOUCH_MOVE o
1401604178207 6 4098 606.25 844.951 0.26666668 5.0 5.0 5.0 5.0 0.0 0.21200001 1 TOUCH_UP o
1401604178318 6 4098 552.5 817.951 0.3 5.0 5.0 5.0 5.0 0.0 0.2 0 TOUCH_DOWN i
1401604178332 6 4098 552.5 817.951 0.26666668 4.0 4.0 4.0 4.0 0.0 0.2 2 TOUCH_MOVE i
1401604178348 6 4098 550.07794 818.925 0.26666668 4.0 4.0 4.0 4.0 0.0 0.208 2 TOUCH_MOVE i
1401604178365 6 4098 547.11646 819.451 0.26666668 4.0 4.0 4.0 4.0 0.0 0.21200001 2 TOUCH_MOVE i
1401604178382 6 4098 545.3087 819.951 0.26666668 4.0 4.0 4.0 4.0 0.0 0.21200001 2 TOUCH_MOVE i
1401604178398 6 4098 543.6443 819.951 0.3 5.0 5.0 5.0 5.0 0.0 0.21200001 2 TOUCH_MOVE i
1401604178430 6 4098 542.75 819.951 0.3 5.0 5.0 5.0 5.0 0.0 0.21200001 2 TOUCH_MOVE i
1401604178466 6 4098 542.09344 820.85754 0.3 5.0 5.0 5.0 5.0 0.0 0.18400002 2 TOUCH_MOVE i
1401604178474 6 4098 541.5 821.451 0.26666668 5.0 5.0 5.0 5.0 0.0 0.14 2 TOUCH_MOVE i
1401604178478 6 4098 541.5 821.451 0.26666668 5.0 5.0 5.0 5.0 0.0 0.14 1 TOUCH_UP i
1401604178764 6 4098 353.0 1204.4509 0.26666668 5.0 5.0 5.0 5.0 0.0 0.22000001 0 TOUCH_DOWN Space
1401604178768 6 4098 353.0 1204.4509 0.26666668 5.0 5.0 5.0 5.0 0.0 0.224 2 TOUCH_MOVE Space
1401604178799 6 4098 353.0 1205.1644 0.26666668 5.0 5.0 5.0 5.0 0.0 0.22800002 2 TOUCH_MOVE Space
1401604178817 6 4098 353.0 1205.5979 0.26666668 5.0 5.0 5.0 5.0 0.0 0.23200001 2 TOUCH_MOVE Space
1401604178863 6 4098 353.0 1205.4509 0.26666668 5.0 5.0 5.0 5.0 0.0 0.208 2 TOUCH_MOVE Space
1401604178867 6 4098 353.0 1205.4509 0.26666668 5.0 5.0 5.0 5.0 0.0 0.208 1 TOUCH_UP Space
1401604178950 6 4098 213.5 966.451 0.23333335 5.0 5.0 5.0 5.0 0.0 0.20400001 0 TOUCH_DOWN d
1401604179013 6 4098 214.0 966.4482 0.23333335 5.0 5.0 5.0 5.0 0.0 0.21200001 2 TOUCH_MOVE d
1401604179032 6 4098 213.07289 965.02386 0.26666668 5.0 5.0 5.0 5.0 0.0 0.208 2 TOUCH_MOVE d
1401604179049 6 4098 211.5 963.951 0.23333335 4.0 4.0 4.0 4.0 0.0 0.19600001 2 TOUCH_MOVE d
1401604179054 6 4098 211.5 963.951 0.23333335 4.0 4.0 4.0 4.0 0.0 0.164 2 TOUCH_MOVE d
1401604179059 6 4098 211.5 963.951 0.23333335 4.0 4.0 4.0 4.0 0.0 0.164 1 TOUCH_UP d
1401604179203 6 4098 176.5 829.451 0.3 5.0 5.0 5.0 5.0 0.0 0.2 0 TOUCH_DOWN e
1401604179216 6 4098 176.5 829.451 0.3 5.0 5.0 5.0 5.0 0.0 0.208 2 TOUCH_MOVE e
1401604179249 6 4098 177.41928 829.451 0.33333334 5.0 5.0 5.0 5.0 0.0 0.22000001 2 TOUCH_MOVE e
1401604179266 6 4098 179.29211 829.451 0.33333334 5.0 5.0 5.0 5.0 0.0 0.22000001 2 TOUCH_MOVE e
1401604179283 6 4098 180.13072 829.451 0.33333334 5.0 5.0 5.0 5.0 0.0 0.22000001 2 TOUCH_MOVE e
1401604179333 6 4098 178.75412 829.6969 0.26666668 4.0 4.0 4.0 4.0 0.0 0.19600001 2 TOUCH_MOVE e
1401604179350 6 4098 177.80405 831.9307 0.26666668 4.0 4.0 4.0 4.0 0.0 0.18400002 2 TOUCH_MOVE e
1401604179366 6 4098 176.1553 836.81274 0.23333335 4.0 4.0 4.0 4.0 0.0 0.17600001 2 TOUCH_MOVE e
1401604179386 6 4098 176.5 835.951 0.20000002 3.0 3.0 3.0 3.0 0.0 0.124000005 2 TOUCH_MOVE e
1401604179391 6 4098 176.5 835.951 0.20000002 3.0 3.0 3.0 3.0 0.0 0.124000005 1 TOUCH_UP e
1401604179398 6 4098 524.5 1088.9509 0.13333334 2.0 2.0 2.0 2.0 0.0 0.18 0 TOUCH_DOWN n
1401604179424 6 4098 524.5 1088.729 0.13333334 2.0 2.0 2.0 2.0 0.0 0.18400002 2 TOUCH_MOVE n
1401604179433 6 4098 524.5 1089.4653 0.23333335 4.0 4.0 4.0 4.0 0.0 0.2 2 TOUCH_MOVE n
1401604179449 6 4098 524.5 1090.4283 0.23333335 4.0 4.0 4.0 4.0 0.0 0.20400001 2 TOUCH_MOVE n
1401604179466 6 4098 524.5 1091.393 0.23333335 4.0 4.0 4.0 4.0 0.0 0.20400001 2 TOUCH_MOVE n
1401604179483 6 4098 524.5 1092.0768 0.23333335 4.0 4.0 4.0 4.0 0.0 0.20400001 2 TOUCH_MOVE n
1401604179516 6 4098 523.90735 1092.5436 0.20000002 3.0 3.0 3.0 3.0 0.0 0.18 2 TOUCH_MOVE n
1401604179529 6 4098 523.90735 1092.5436 0.20000002 3.0 3.0 3.0 3.0 0.0 0.18 1 TOUCH_UP n
1401604179960 6 4098 377.0 1207.9509 0.23333335 4.0 4.0 4.0 4.0 0.0 0.216 0 TOUCH_DOWN Space
1401604179971 6 4098 377.0 1207.9509 0.23333335 4.0 4.0 4.0 4.0 0.0 0.22000001 2 TOUCH_MOVE Space
1401604180000 6 4098 377.0 1209.6855 0.26666668 5.0 5.0 5.0 5.0 0.0 0.22800002 2 TOUCH_MOVE Space
1401604180017 6 4098 377.0 1210.2009 0.26666668 5.0 5.0 5.0 5.0 0.0 0.22800002 2 TOUCH_MOVE Space
1401604180072 6 4098 377.0 1210.2009 0.26666668 5.0 5.0 5.0 5.0 0.0 0.22800002 1 TOUCH_UP Space
1401604180153 6 4098 315.0 823.951 0.33333334 5.0 5.0 5.0 5.0 0.0 0.21200001 0 TOUCH_DOWN t
1401604180188 6 4098 315.81326 823.951 0.33333334 5.0 5.0 5.0 5.0 0.0 0.22800002 2 TOUCH_MOVE t
1401604180201 6 4098 316.77078 824.2218 0.33333334 5.0 5.0 5.0 5.0 0.0 0.23200001 2 TOUCH_MOVE t
1401604180218 6 4098 317.70166 824.451 0.33333334 5.0 5.0 5.0 5.0 0.0 0.23200001 2 TOUCH_MOVE t
1401604180272 6 4098 314.5 825.951 0.3 5.0 5.0 5.0 5.0 0.0 0.2 2 TOUCH_MOVE t
1401604180278 6 4098 314.5 825.951 0.20000002 4.0 4.0 4.0 4.0 0.0 0.17600001 2 TOUCH_MOVE t
1401604180282 6 4098 314.5 825.951 0.20000002 4.0 4.0 4.0 4.0 0.0 0.17600001 1 TOUCH_UP t
1401604180423 6 4098 441.5 954.451 0.3 5.0 5.0 5.0 5.0 0.0 0.2 0 TOUCH_DOWN h
1401604180434 6 4098 441.5 954.451 0.3 5.0 5.0 5.0 5.0 0.0 0.20400001 2 TOUCH_MOVE h
1401604180493 6 4098 440.9816 954.451 0.3 5.0 5.0 5.0 5.0 0.0 0.208 2 TOUCH_MOVE h
1401604180518 6 4098 441.0 954.451 0.3 5.0 5.0 5.0 5.0 0.0 0.17600001 2 TOUCH_MOVE h
1401604180522 6 4098 441.0 954.451 0.3 5.0 5.0 5.0 5.0 0.0 0.17600001 1 TOUCH_UP h
1401604180676 6 4098 480.0 845.451 0.23333335 4.0 4.0 4.0 4.0 0.0 0.192 0 TOUCH_DOWN u
1401604180717 6 4098 479.4891 844.9401 0.23333335 4.0 4.0 4.0 4.0 0.0 0.20400001 2 TOUCH_MOVE u
1401604180734 6 4098 478.75 844.951 0.23333335 4.0 4.0 4.0 4.0 0.0 0.20400001 2 TOUCH_MOVE u
1401604180801 6 4098 479.0 847.8878 0.16666667 3.0 3.0 3.0 3.0 0.0 0.18800001 2 TOUCH_MOVE u
1401604180814 6 4098 479.0 848.451 0.13333334 2.0 2.0 2.0 2.0 0.0 0.128 2 TOUCH_MOVE u
1401604180818 6 4098 479.0 848.451 0.13333334 2.0 2.0 2.0 2.0 0.0 0.128 1 TOUCH_UP u
1401604181109 6 4098 330.5 1199.4509 0.26666668 5.0 5.0 5.0 5.0 0.0 0.22000001 0 TOUCH_DOWN Space
1401604181133 6 4098 330.5 1199.4509 0.26666668 5.0 5.0 5.0 5.0 0.0 0.224 2 TOUCH_MOVE Space
1401604181220 6 4098 330.5 1199.4509 0.26666668 5.0 5.0 5.0 5.0 0.0 0.224 1 TOUCH_UP Space
1401604181332 6 4098 318.0 823.951 0.33333334 5.0 5.0 5.0 5.0 0.0 0.21200001 0 TOUCH_DOWN t
1401604181336 6 4098 318.0 823.951 0.33333334 5.0 5.0 5.0 5.0 0.0 0.216 2 TOUCH_MOVE t
1401604181440 6 4098 316.58453 824.4087 0.3 5.0 5.0 5.0 5.0 0.0 0.20400001 2 TOUCH_MOVE t
1401604181447 6 4098 316.5 824.451 0.23333335 4.0 4.0 4.0 4.0 0.0 0.164 2 TOUCH_MOVE t
1401604181451 6 4098 316.5 824.451 0.23333335 4.0 4.0 4.0 4.0 0.0 0.164 1 TOUCH_UP t
1401604181658 6 4098 458.5 834.951 0.26666668 4.0 4.0 4.0 4.0 0.0 0.20400001 0 TOUCH_DOWN u
1401604181668 6 4098 458.5 834.951 0.3 5.0 5.0 5.0 5.0 0.0 0.208 2 TOUCH_MOVE u
1401604181688 6 4098 455.9757 834.951 0.3 5.0 5.0 5.0 5.0 0.0 0.22000001 2 TOUCH_MOVE u
1401604181705 6 4098 453.2721 834.951 0.3 5.0 5.0 5.0 5.0 0.0 0.22000001 2 TOUCH_MOVE u
1401604181721 6 4098 451.69708 834.951 0.3 5.0 5.0 5.0 5.0 0.0 0.224 2 TOUCH_MOVE u
1401604181735 6 4098 451.25 834.951 0.3 5.0 5.0 5.0 5.0 0.0 0.22000001 2 TOUCH_MOVE u
1401604181768 6 4098 454.0 835.951 0.26666668 4.0 4.0 4.0 4.0 0.0 0.18800001 2 TOUCH_MOVE u
1401604181780 6 4098 454.0 835.951 0.13333334 2.0 2.0 2.0 2.0 0.0 0.112 2 TOUCH_MOVE u
1401604181784 6 4098 454.0 835.951 0.13333334 2.0 2.0 2.0 2.0 0.0 0.112 1 TOUCH_UP u
1401604182360 6 4098 663.5 1215.4509 0.26666668 5.0 5.0 5.0 5.0 0.0 0.18400002 0 TOUCH_DOWN Enter
1401604182419 6 4098 663.5 1215.4509 0.26666668 5.0 5.0 5.0 5.0 0.0 0.18 2 TOUCH_MOVE Enter
1401604182432 6 4098 663.5 1215.4509 0.26666668 5.0 5.0 5.0 5.0 0.0 0.18 1 TOUCH_UP Enter
1401604182983 6 4098 310.0 821.951 0.26666668 4.0 4.0 4.0 4.0 0.0 0.19600001 0 TOUCH_DOWN T
1401604183008 6 4098 310.9126 821.951 0.3 5.0 5.0 5.0 5.0 0.0 0.20400001 2 TOUCH_MOVE T
1401604183019 6 4098 312.72357 821.951 0.3 5.0 5.0 5.0 5.0 0.0 0.224 2 TOUCH_MOVE T
1401604183036 6 4098 314.33365 821.951 0.3 5.0 5.0 5.0 5.0 0.0 0.23200001 2 TOUCH_MOVE T
1401604183053 6 4098 315.25 821.951 0.3 5.0 5.0 5.0 5.0 0.0 0.23200001 2 TOUCH_MOVE T
1401604183088 6 4098 314.13312 821.951 0.3 5.0 5.0 5.0 5.0 0.0 0.22800002 2 TOUCH_MOVE T
1401604183103 6 4098 309.13425 822.6786 0.33333334 5.0 5.0 5.0 5.0 0.0 0.224 2 TOUCH_MOVE T
1401604183125 6 4098 298.19388 824.252 0.3 5.0 5.0 5.0 5.0 0.0 0.20400001 2 TOUCH_MOVE T
1401604183129 6 4098 293.5 825.451 0.3 5.0 5.0 5.0 5.0 0.0 0.18800001 2 TOUCH_MOVE T
1401604183132 6 4098 293.5 825.451 0.3 5.0 5.0 5.0 5.0 0.0 0.18800001 1 TOUCH_UP T
1401604183220 6 4098 439.5 977.951 0.23333335 4.0 4.0 4.0 4.0 0.0 0.18800001 0 TOUCH_DOWN h
1401604183253 6 4098 438.65674 977.951 0.20000002 4.0 4.0 4.0 4.0 0.0 0.192 2 TOUCH_MOVE h
1401604183271 6 4098 437.69308 977.14404 0.20000002 4.0 4.0 4.0 4.0 0.0 0.192 2 TOUCH_MOVE h
1401604183286 6 4098 436.7393 976.6903 0.20000002 4.0 4.0 4.0 4.0 0.0 0.192 2 TOUCH_MOVE h
1401604183303 6 4098 435.7639 975.47876 0.20000002 4.0 4.0 4.0 4.0 0.0 0.192 2 TOUCH_MOVE h
1401604183320 6 4098 434.11133 972.868 0.20000002 4.0 4.0 4.0 4.0 0.0 0.18400002 2 TOUCH_MOVE h
1401604183337 6 4098 432.75 969.451 0.16666667 3.0 3.0 3.0 3.0 0.0 0.1 2 TOUCH_MOVE h
1401604183341 6 4098 432.75 969.451 0.16666667 3.0 3.0 3.0 3.0 0.0 0.1 1 TOUCH_UP h
1401604183496 6 4098 470.5 811.451 0.16666667 3.0 3.0 3.0 3.0 0.0 0.18800001 0 TOUCH_DOWN u
1401604183503 6 4098 470.5 811.451 0.16666667 3.0 3.0 3.0 3.0 0.0 0.192 2 TOUCH_MOVE u
1401604183587 6 4098 470.5 811.95966 0.26666668 4.0 4.0 4.0 4.0 0.0 0.18800001 2 TOUCH_MOVE u
1401604183597 6 4098 470.5 812.951 0.20000002 4.0 4.0 4.0 4.0 0.0 0.18 2 TOUCH_MOVE u
1401604183600 6 4098 470.5 812.951 0.20000002 4.0 4.0 4.0 4.0 0.0 0.18 1 TOUCH_UP u
1401604183956 6 4098 324.5 1212.9509 0.23333335 4.0 4.0 4.0 4.0 0.0 0.216 0 TOUCH_DOWN Space
1401604183975 6 4098 324.5 1212.9509 0.26666668 5.0 5.0 5.0 5.0 0.0 0.22000001 2 TOUCH_MOVE Space
1401604183999 6 4098 324.5 1213.6316 0.26666668 5.0 5.0 5.0 5.0 0.0 0.23200001 2 TOUCH_MOVE Space
1401604184004 6 4098 324.5 1214.2009 0.26666668 5.0 5.0 5.0 5.0 0.0 0.23200001 2 TOUCH_MOVE Space
1401604184058 6 4098 324.5 1214.2009 0.26666668 5.0 5.0 5.0 5.0 0.0 0.23200001 1 TOUCH_UP Space
1401604184319 6 4098 308.0 798.951 0.23333335 5.0 5.0 5.0 5.0 0.0 0.21200001 0 TOUCH_DOWN t
1401604184344 6 4098 308.4414 798.951 0.23333335 5.0 5.0 5.0 5.0 0.0 0.22000001 2 TOUCH_MOVE t
1401604184354 6 4098 310.1908 798.6056 0.26666668 5.0 5.0 5.0 5.0 0.0 0.224 2 TOUCH_MOVE t
1401604184373 6 4098 312.20026 798.451 0.26666668 5.0 5.0 5.0 5.0 0.0 0.22800002 2 TOUCH_MOVE t
1401604184387 6 4098 313.21063 798.451 0.26666668 5.0 5.0 5.0 5.0 0.0 0.22800002 2 TOUCH_MOVE t
1401604184427 6 4098 310.5 798.951 0.20000002 4.0 4.0 4.0 4.0 0.0 0.208 2 TOUCH_MOVE t
1401604184429 6 4098 310.5 798.951 0.20000002 4.0 4.0 4.0 4.0 0.0 0.18 2 TOUCH_MOVE t
1401604184432 6 4098 310.5 798.951 0.20000002 4.0 4.0 4.0 4.0 0.0 0.18 1 TOUCH_UP t
1401604184607 6 4098 466.0 805.451 0.20000002 4.0 4.0 4.0 4.0 0.0 0.19600001 0 TOUCH_DOWN u
1401604184621 6 4098 466.0 805.451 0.23333335 4.0 4.0 4.0 4.0 0.0 0.2 2 TOUCH_MOVE u
1401604184640 6 4098 465.299 806.152 0.23333335 4.0 4.0 4.0 4.0 0.0 0.208 2 TOUCH_MOVE u
1401604184654 6 4098 464.33423 807.11676 0.26666668 5.0 5.0 5.0 5.0 0.0 0.21200001 2 TOUCH_MOVE u
1401604184673 6 4098 463.75 807.701 0.26666668 5.0 5.0 5.0 5.0 0.0 0.21200001 2 TOUCH_MOVE u
1401604184740 6 4098 464.97726 809.4055 0.23333335 4.0 4.0 4.0 4.0 0.0 0.2 2 TOUCH_MOVE u
1401604184750 6 4098 466.0 812.951 0.23333335 5.0 5.0 5.0 5.0 0.0 0.18 2 TOUCH_MOVE u
1401604184753 6 4098 466.0 812.951 0.23333335 5.0 5.0 5.0 5.0 0.0 0.18 1 TOUCH_UP u
1401604185210 6 4098 350.5 1206.4509 0.26666668 5.0 5.0 5.0 5.0 0.0 0.21200001 0 TOUCH_DOWN Space
1401604185224 6 4098 350.5 1206.8302 0.26666668 5.0 5.0 5.0 5.0 0.0 0.22000001 2 TOUCH_MOVE Space
1401604185264 6 4098 348.72183 1208.7291 0.26666668 5.0 5.0 5.0 5.0 0.0 0.23200001 2 TOUCH_MOVE Space
1401604185273 6 4098 348.5 1209.6782 0.26666668 5.0 5.0 5.0 5.0 0.0 0.23600002 2 TOUCH_MOVE Space
1401604185294 6 4098 348.5 1210.6775 0.26666668 5.0 5.0 5.0 5.0 0.0 0.23600002 2 TOUCH_MOVE Space
1401604185309 6 4098 348.5 1211.2009 0.26666668 5.0 5.0 5.0 5.0 0.0 0.23200001 2 TOUCH_MOVE Space
1401604185330 6 4098 348.5 1210.9509 0.13333334 2.0 2.0 2.0 2.0 0.0 0.156 2 TOUCH_MOVE Space
1401604185334 6 4098 348.5 1210.9509 0.13333334 2.0 2.0 2.0 2.0 0.0 0.156 1 TOUCH_UP Space
1401604185585 6 4098 194.5 1059.9509 0.26666668 4.0 4.0 4.0 4.0 0.0 0.208 0 TOUCH_DOWN x
1401604185593 6 4098 194.5 1059.9509 0.26666668 4.0 4.0 4.0 4.0 0.0 0.216 2 TOUCH_MOVE x
1401604185622 6 4098 195.46861 1061.4196 0.33333334 5.0 5.0 5.0 5.0 0.0 0.224 2 TOUCH_MOVE x
1401604185638 6 4098 196.43091 1061.4509 0.33333334 5.0 5.0 5.0 5.0 0.0 0.22800002 2 TOUCH_MOVE x
1401604185655 6 4098 196.75 1061.4509 0.33333334 5.0 5.0 5.0 5.0 0.0 0.22800002 2 TOUCH_MOVE x
1401604185706 6 4098 196.5 1061.4509 0.26666668 4.0 4.0 4.0 4.0 0.0 0.192 2 TOUCH_MOVE x
1401604185712 6 4098 196.5 1061.4509 0.13333334 2.0 2.0 2.0 2.0 0.0 0.14 2 TOUCH_MOVE x
1401604185715 6 4098 196.5 1061.4509 0.13333334 2.0 2.0 2.0 2.0 0.0 0.14 1 TOUCH_UP x
1401604185918 6 4098 613.5 818.451 0.3 5.0 5.0 5.0 5.0 0.0 0.19600001 0 TOUCH_DOWN o
1401604185924 6 4098 613.5 818.451 0.33333334 5.0 5.0 5.0 5.0 0.0 0.2 2 TOUCH_MOVE o
1401604185942 6 4098 612.7524 819.1986 0.33333334 5.0 5.0 5.0 5.0 0.0 0.208 2 TOUCH_MOVE o
1401604185956 6 4098 611.79803 820.65295 0.33333334 5.0 5.0 5.0 5.0 0.0 0.21200001 2 TOUCH_MOVE o
1401604185977 6 4098 610.8267 821.62427 0.33333334 5.0 5.0 5.0 5.0 0.0 0.21200001 2 TOUCH_MOVE o
1401604185990 6 4098 610.5 822.59106 0.33333334 5.0 5.0 5.0 5.0 0.0 0.21200001 2 TOUCH_MOVE o
1401604186006 6 4098 611.10144 823.5524 0.33333334 5.0 5.0 5.0 5.0 0.0 0.2 2 TOUCH_MOVE o
1401604186028 6 4098 613.1561 830.1535 0.26666668 5.0 5.0 5.0 5.0 0.0 0.156 2 TOUCH_MOVE o
1401604186032 6 4098 613.1561 830.1535 0.26666668 5.0 5.0 5.0 5.0 0.0 0.156 1 TOUCH_UP o
1401604186306 6 4098 530.5 1085.9509 0.20000002 4.0 4.0 4.0 4.0 0.0 0.2 0 TOUCH_DOWN n
1401604186325 6 4098 530.5 1085.9509 0.20000002 4.0 4.0 4.0 4.0 0.0 0.20400001 2 TOUCH_MOVE n
1401604186339 6 4098 530.16095 1086.7899 0.23333335 4.0 4.0 4.0 4.0 0.0 0.208 2 TOUCH_MOVE n
1401604186356 6 4098 529.19507 1087.7559 0.26666668 5.0 5.0 5.0 5.0 0.0 0.216 2 TOUCH_MOVE n
1401604186373 6 4098 528.7348 1088.7162 0.26666668 5.0 5.0 5.0 5.0 0.0 0.216 2 TOUCH_MOVE n
1401604186390 6 4098 528.25 1089.2009 0.26666668 5.0 5.0 5.0 5.0 0.0 0.216 2 TOUCH_MOVE n
1401604186453 6 4098 528.25 1089.2009 0.26666668 5.0 5.0 5.0 5.0 0.0 0.216 1 TOUCH_UP n
1401604186527 6 4098 354.0 962.951 0.26666668 5.0 5.0 5.0 5.0 0.0 0.208 0 TOUCH_DOWN g
1401604186539 6 4098 354.0 962.951 0.26666668 5.0 5.0 5.0 5.0 0.0 0.21200001 2 TOUCH_MOVE g
1401604186577 6 4098 355.22406 962.951 0.3 5.0 5.0 5.0 5.0 0.0 0.22800002 2 TOUCH_MOVE g
1401604186589 6 4098 356.26913 962.951 0.3 5.0 5.0 5.0 5.0 0.0 0.22800002 2 TOUCH_MOVE g
1401604186606 6 4098 356.75 962.951 0.3 5.0 5.0 5.0 5.0 0.0 0.22800002 2 TOUCH_MOVE g
1401604186626 6 4098 356.5 962.2392 0.3 5.0 5.0 5.0 5.0 0.0 0.224 2 TOUCH_MOVE g
1401604186639 6 4098 355.81586 961.26685 0.3 5.0 5.0 5.0 5.0 0.0 0.216 2 TOUCH_MOVE g
1401604186656 6 4098 347.86005 960.32434 0.26666668 5.0 5.0 5.0 5.0 0.0 0.2 2 TOUCH_MOVE g
1401604186675 6 4098 338.09464 962.7226 0.23333335 5.0 5.0 5.0 5.0 0.0 0.172 2 TOUCH_MOVE g
1401604186678 6 4098 338.09464 962.7226 0.23333335 5.0 5.0 5.0 5.0 0.0 0.172 1 TOUCH_UP g
1401604186810 6 4098 369.5 1204.9509 0.23333335 4.0 4.0 4.0 4.0 0.0 0.208 0 TOUCH_DOWN Space
1401604186869 6 4098 369.5 1204.9509 0.23333335 4.0 4.0 4.0 4.0 0.0 0.208 1 TOUCH_UP Space
1401604187108 6 4098 168.5 972.451 0.20000002 4.0 4.0 4.0 4.0 0.0 0.19600001 0 TOUCH_DOWN s
1401604187129 6 4098 168.5 972.73175 0.20000002 4.0 4.0 4.0 4.0 0.0 0.2 2 TOUCH_MOVE s
1401604187140 6 4098 168.96568 973.4167 0.23333335 4.0 4.0 4.0 4.0 0.0 0.21200001 2 TOUCH_MOVE s
1401604187158 6 4098 169.96494 975.38086 0.26666668 5.0 5.0 5.0 5.0 0.0 0.21200001 2 TOUCH_MOVE s
1401604187177 6 4098 170.0 977.3809 0.26666668 5.0 5.0 5.0 5.0 0.0 0.216 2 TOUCH_MOVE s
1401604187190 6 4098 170.0 978.36053 0.26666668 5.0 5.0 5.0 5.0 0.0 0.216 2 TOUCH_MOVE s
1401604187207 6 4098 170.0 979.3245 0.26666668 5.0 5.0 5.0 5.0 0.0 0.21200001 2 TOUCH_MOVE s
1401604187227 6 4098 170.0 979.451 0.26666668 5.0 5.0 5.0 5.0 0.0 0.208 2 TOUCH_MOVE s
1401604187229 6 4098 170.0 979.451 0.23333335 5.0 5.0 5.0 5.0 0.0 0.18 2 TOUCH_MOVE s
1401604187233 6 4098 170.0 979.451 0.23333335 5.0 5.0 5.0 5.0 0.0 0.18 1 TOUCH_UP s
1401604187879 6 4098 637.0 1130.9509 0.13333334 2.0 2.0 2.0 2.0 0.0 0.17600001 0 TOUCH_DOWN Back
1401604187891 6 4098 637.0 1130.9509 0.16666667 3.0 3.0 3.0 3.0 0.0 0.18 2 TOUCH_MOVE Back
1401604187907 6 4098 637.773 1130.1779 0.16666667 3.0 3.0 3.0 3.0 0.0 0.18800001 2 TOUCH_MOVE Back
1401604187935 6 4098 638.74414 1129.2068 0.26666668 4.0 4.0 4.0 4.0 0.0 0.19600001 2 TOUCH_MOVE Back
1401604187943 6 4098 639.0 1128.2437 0.23333335 4.0 4.0 4.0 4.0 0.0 0.19600001 2 TOUCH_MOVE Back
1401604187957 6 4098 639.0 1127.7009 0.26666668 4.0 4.0 4.0 4.0 0.0 0.19600001 2 TOUCH_MOVE Back
1401604188018 6 4098 638.0 1128.4509 0.13333334 2.0 2.0 2.0 2.0 0.0 0.120000005 2 TOUCH_MOVE Back
1401604188024 6 4098 638.0 1128.4509 0.13333334 2.0 2.0 2.0 2.0 0.0 0.120000005 1 TOUCH_UP Back
1401604188407 6 4098 210.0 951.451 0.3 5.0 5.0 5.0 5.0 0.0 0.2 0 TOUCH_DOWN d
1401604188425 6 4098 210.0 951.451 0.3 5.0 5.0 5.0 5.0 0.0 0.20400001 2 TOUCH_MOVE d
1401604188458 6 4098 210.50604 951.451 0.3 5.0 5.0 5.0 5.0 0.0 0.208 2 TOUCH_MOVE d
1401604188511 6 4098 210.50604 951.451 0.3 5.0 5.0 5.0 5.0 0.0 0.208 1 TOUCH_UP d
1401604188652 6 4098 177.0 807.951 0.23333335 4.0 4.0 4.0 4.0 0.0 0.2 0 TOUCH_DOWN e
1401604188658 6 4098 177.0 807.951 0.23333335 4.0 4.0 4.0 4.0 0.0 0.20400001 2 TOUCH_MOVE e
1401604188676 6 4098 177.52037 807.951 0.26666668 5.0 5.0 5.0 5.0 0.0 0.21200001 2 TOUCH_MOVE e
1401604188691 6 4098 178.89362 808.89777 0.26666668 5.0 5.0 5.0 5.0 0.0 0.216 2 TOUCH_MOVE e
1401604188709 6 4098 179.9651 809.451 0.26666668 5.0 5.0 5.0 5.0 0.0 0.216 2 TOUCH_MOVE e
1401604188727 6 4098 180.75 810.201 0.26666668 5.0 5.0 5.0 5.0 0.0 0.216 2 TOUCH_MOVE e
1401604188758 6 4098 179.32825 810.78687 0.26666668 5.0 5.0 5.0 5.0 0.0 0.208 2 TOUCH_MOVE e
1401604188777 6 4098 175.25 813.201 0.3 5.0 5.0 5.0 5.0 0.0 0.18800001 2 TOUCH_MOVE e
1401604188781 6 4098 176.5 812.451 0.20000002 3.0 3.0 3.0 3.0 0.0 0.104 2 TOUCH_MOVE e
1401604188784 6 4098 176.5 812.451 0.20000002 3.0 3.0 3.0 3.0 0.0 0.104 1 TOUCH_UP e
1401604188847 6 4098 510.0 1082.4509 0.20000002 4.0 4.0 4.0 4.0 0.0 0.19600001 0 TOUCH_DOWN n
1401604188954 6 4098 510.0 1082.4509 0.23333335 4.0 4.0 4.0 4.0 0.0 0.148 2 TOUCH_MOVE n
1401604188958 6 4098 510.0 1082.4509 0.23333335 4.0 4.0 4.0 4.0 0.0 0.148 1 TOUCH_UP n
1401604189460 6 4098 330.0 803.451 0.23333335 5.0 5.0 5.0 5.0 0.0 0.192 0 TOUCH_DOWN t
1401604189509 6 4098 330.64417 804.09515 0.26666668 5.0 5.0 5.0 5.0 0.0 0.22000001 2 TOUCH_MOVE t
1401604189527 6 4098 331.25 804.701 0.26666668 5.0 5.0 5.0 5.0 0.0 0.22000001 2 TOUCH_MOVE t
1401604189542 6 4098 331.0 805.5259 0.26666668 5.0 5.0 5.0 5.0 0.0 0.21200001 2 TOUCH_MOVE t
1401604189559 6 4098 327.8729 807.5145 0.26666668 5.0 5.0 5.0 5.0 0.0 0.2 2 TOUCH_MOVE t
1401604189579 6 4098 323.8142 808.7939 0.23333335 4.0 4.0 4.0 4.0 0.0 0.18800001 2 TOUCH_MOVE t
1401604189580 6 4098 323.5 808.951 0.16666667 3.0 3.0 3.0 3.0 0.0 0.1 2 TOUCH_MOVE t
1401604189584 6 4098 323.5 808.951 0.16666667 3.0 3.0 3.0 3.0 0.0 0.1 1 TOUCH_UP t
1401604190226 6 4098 665.5 1094.9509 0.26666668 5.0 5.0 5.0 5.0 0.0 0.18400002 0 TOUCH_DOWN Back
1401604190277 6 4098 663.18884 1096.7621 0.3 5.0 5.0 5.0 5.0 0.0 0.192 2 TOUCH_MOVE Back
1401604190293 6 4098 660.4269 1098.6664 0.26666668 4.0 4.0 4.0 4.0 0.0 0.192 2 TOUCH_MOVE Back
1401604190309 6 4098 658.01135 1100.61 0.26666668 4.0 4.0 4.0 4.0 0.0 0.18800001 2 TOUCH_MOVE Back
1401604190327 6 4098 655.9316 1102.8036 0.26666668 4.0 4.0 4.0 4.0 0.0 0.18 2 TOUCH_MOVE Back
1401604190342 6 4098 655.0 1104.4509 0.16666667 3.0 3.0 3.0 3.0 0.0 0.1 2 TOUCH_MOVE Back
1401604190345 6 4098 655.0 1104.4509 0.16666667 3.0 3.0 3.0 3.0 0.0 0.1 1 TOUCH_UP Back
1401604190904 6 4098 369.0 1235.4509 0.23333335 4.0 4.0 4.0 4.0 0.0 0.208 0 TOUCH_DOWN Space
1401604190914 6 4098 369.0 1235.4509 0.26666668 5.0 5.0 5.0 5.0 0.0 0.21200001 2 TOUCH_MOVE Space
1401604190927 6 4098 369.0 1233.6046 0.26666668 5.0 5.0 5.0 5.0 0.0 0.22000001 2 TOUCH_MOVE Space
1401604190944 6 4098 369.0 1231.1986 0.26666668 5.0 5.0 5.0 5.0 0.0 0.22000001 2 TOUCH_MOVE Space
1401604190960 6 4098 369.0 1229.6013 0.26666668 5.0 5.0 5.0 5.0 0.0 0.224 2 TOUCH_MOVE Space
1401604190977 6 4098 369.0 1228.7009 0.26666668 5.0 5.0 5.0 5.0 0.0 0.224 2 TOUCH_MOVE Space
1401604191035 6 4098 369.0 1227.9509 0.23333335 4.0 4.0 4.0 4.0 0.0 0.18 2 TOUCH_MOVE Space
1401604191038 6 4098 369.0 1227.9509 0.23333335 4.0 4.0 4.0 4.0 0.0 0.18 1 TOUCH_UP Space
1401604191305 6 4098 321.0 824.451 0.33333334 5.0 5.0 5.0 5.0 0.0 0.216 0 TOUCH_DOWN t
1401604191313 6 4098 321.0 824.451 0.33333334 5.0 5.0 5.0 5.0 0.0 0.22000001 2 TOUCH_MOVE t
1401604191360 6 4098 321.0 823.8641 0.3 5.0 5.0 5.0 5.0 0.0 0.22800002 2 TOUCH_MOVE t
1401604191377 6 4098 321.0 823.29004 0.3 5.0 5.0 5.0 5.0 0.0 0.224 2 TOUCH_MOVE t
1401604191410 6 4098 319.34674 822.6244 0.3 5.0 5.0 5.0 5.0 0.0 0.22000001 2 TOUCH_MOVE t
1401604191428 6 4098 316.75 821.701 0.26666668 4.0 4.0 4.0 4.0 0.0 0.2 2 TOUCH_MOVE t
1401604191443 6 4098 315.0 821.951 0.23333335 5.0 5.0 5.0 5.0 0.0 0.14 2 TOUCH_MOVE t
1401604191446 6 4098 315.0 821.951 0.23333335 5.0 5.0 5.0 5.0 0.0 0.14 1 TOUCH_UP t
1401604191517 6 4098 432.0 977.951 0.23333335 4.0 4.0 4.0 4.0 0.0 0.208 0 TOUCH_DOWN h
1401604191528 6 4098 432.0 977.951 0.23333335 4.0 4.0 4.0 4.0 0.0 0.21200001 2 TOUCH_MOVE h
1401604191544 6 4098 430.9805 978.4705 0.26666668 5.0 5.0 5.0 5.0 0.0 0.216 2 TOUCH_MOVE h
1401604191561 6 4098 428.54156 979.43713 0.26666668 5.0 5.0 5.0 5.0 0.0 0.22000001 2 TOUCH_MOVE h
1401604191579 6 4098 426.73624 979.451 0.26666668 5.0 5.0 5.0 5.0 0.0 0.22000001 2 TOUCH_MOVE h
1401604191594 6 4098 425.5997 979.451 0.26666668 5.0 5.0 5.0 5.0 0.0 0.216 2 TOUCH_MOVE h
1401604191611 6 4098 424.75 979.451 0.26666668 5.0 5.0 5.0 5.0 0.0 0.216 2 TOUCH_MOVE h
1401604191628 6 4098 425.0 978.79486 0.23333335 5.0 5.0 5.0 5.0 0.0 0.20400001 2 TOUCH_MOVE h
1401604191642 6 4098 428.0 971.951 0.20000002 4.0 4.0 4.0 4.0 0.0 0.17600001 2 TOUCH_MOVE h
1401604191647 6 4098 428.0 971.951 0.20000002 4.0 4.0 4.0 4.0 0.0 0.17600001 1 TOUCH_UP h
1401604191764 6 4098 469.5 853.451 0.13333334 2.0 2.0 2.0 2.0 0.0 0.18400002 0 TOUCH_DOWN u
1401604191778 6 4098 469.5 853.451 0.23333335 4.0 4.0 4.0 4.0 0.0 0.192 2 TOUCH_MOVE u
1401604191797 6 4098 466.81964 852.16406 0.23333335 4.0 4.0 4.0 4.0 0.0 0.2 2 TOUCH_MOVE u
1401604191826 6 4098 464.2659 850.2169 0.23333335 4.0 4.0 4.0 4.0 0.0 0.208 2 TOUCH_MOVE u
1401604191829 6 4098 463.12646 849.07745 0.23333335 4.0 4.0 4.0 4.0 0.0 0.208 2 TOUCH_MOVE u
1401604191844 6 4098 462.16046 848.11145 0.23333335 4.0 4.0 4.0 4.0 0.0 0.208 2 TOUCH_MOVE u
1401604191861 6 4098 461.75 847.701 0.23333335 4.0 4.0 4.0 4.0 0.0 0.20400001 2 TOUCH_MOVE u
1401604191911 6 4098 462.5 848.951 0.13333334 2.0 2.0 2.0 2.0 0.0 0.14400001 2 TOUCH_MOVE u
1401604191914 6 4098 462.5 848.951 0.13333334 2.0 2.0 2.0 2.0 0.0 0.14400001 1 TOUCH_UP u
1401604192228 6 4098 367.0 1224.9509 0.23333335 4.0 4.0 4.0 4.0 0.0 0.208 0 TOUCH_DOWN Space
1401604192246 6 4098 367.0 1224.9509 0.26666668 5.0 5.0 5.0 5.0 0.0 0.21200001 2 TOUCH_MOVE Space
1401604192395 6 4098 368.00943 1224.4462 0.23333335 4.0 4.0 4.0 4.0 0.0 0.192 2 TOUCH_MOVE Space
1401604192398 6 4098 368.00943 1224.4462 0.23333335 4.0 4.0 4.0 4.0 0.0 0.192 1 TOUCH_UP Space
1401604192630 6 4098 497.0 1107.9509 0.33333334 5.0 5.0 5.0 5.0 0.0 0.20400001 0 TOUCH_DOWN n
1401604192662 6 4098 497.0 1108.9319 0.33333334 5.0 5.0 5.0 5.0 0.0 0.21200001 2 TOUCH_MOVE n
1401604192680 6 4098 497.0 1109.8453 0.33333334 5.0 5.0 5.0 5.0 0.0 0.216 2 TOUCH_MOVE n
1401604192696 6 4098 496.59433 1110.8566 0.33333334 5.0 5.0 5.0 5.0 0.0 0.22000001 2 TOUCH_MOVE n
1401604192712 6 4098 496.5 1111.8201 0.33333334 5.0 5.0 5.0 5.0 0.0 0.22000001 2 TOUCH_MOVE n
1401604192729 6 4098 496.5 1112.2009 0.33333334 5.0 5.0 5.0 5.0 0.0 0.22000001 2 TOUCH_MOVE n
1401604192776 6 4098 498.50763 1111.9509 0.33333334 5.0 5.0 5.0 5.0 0.0 0.192 2 TOUCH_MOVE n
1401604192779 6 4098 499.0 1111.9509 0.20000002 3.0 3.0 3.0 3.0 0.0 0.108 2 TOUCH_MOVE n
1401604192782 6 4098 499.0 1111.9509 0.20000002 3.0 3.0 3.0 3.0 0.0 0.108 1 TOUCH_UP n
1401604192813 6 4098 56.5 956.951 0.20000002 3.0 3.0 3.0 3.0 0.0 0.18400002 0 TOUCH_DOWN a
1401604192862 6 4098 56.5 956.951 0.23333335 4.0 4.0 4.0 4.0 0.0 0.2 2 TOUCH_MOVE a
1401604192879 6 4098 57.228756 956.951 0.23333335 4.0 4.0 4.0 4.0 0.0 0.19600001 2 TOUCH_MOVE a
1401604192912 6 4098 58.25 956.951 0.23333335 4.0 4.0 4.0 4.0 0.0 0.2 2 TOUCH_MOVE a
1401604192962 6 4098 58.0 957.451 0.16666667 3.0 3.0 3.0 3.0 0.0 0.18 2 TOUCH_MOVE a
1401604192969 6 4098 58.0 957.451 0.16666667 3.0 3.0 3.0 3.0 0.0 0.148 2 TOUCH_MOVE a
1401604192978 6 4098 58.0 957.451 0.16666667 3.0 3.0 3.0 3.0 0.0 0.148 1 TOUCH_UP a
1401604193011 6 4098 564.0 1110.9509 0.33333334 5.0 5.0 5.0 5.0 0.0 0.19600001 0 TOUCH_DOWN m
1401604193030 6 4098 564.0 1110.9509 0.33333334 5.0 5.0 5.0 5.0 0.0 0.2 2 TOUCH_MOVE m
1401604193081 6 4098 564.0 1111.5392 0.33333334 5.0 5.0 5.0 5.0 0.0 0.21200001 2 TOUCH_MOVE m
1401604193112 6 4098 563.5 1112.3739 0.33333334 5.0 5.0 5.0 5.0 0.0 0.2 2 TOUCH_MOVE m
1401604193125 6 4098 563.5 1112.9509 0.26666668 4.0 4.0 4.0 4.0 0.0 0.18 2 TOUCH_MOVE m
1401604193129 6 4098 563.5 1112.9509 0.26666668 4.0 4.0 4.0 4.0 0.0 0.18 1 TOUCH_UP m
