1402391212544 6 4098 482.0 1116.4509 0.3 5.0 5.0 5.0 5.0 0.0 0.216 0 TOUCH_DOWN N
1402391212589 6 4098 479.20703 1110.296 0.26666668 4.0 4.0 4.0 4.0 0.0 0.216 2 TOUCH_MOVE N
1402391212602 6 4098 475.8053 1105.3325 0.26666668 4.0 4.0 4.0 4.0 0.0 0.21200001 2 TOUCH_MOVE N
1402391212613 6 4098 474.5 1103.9509 0.13333334 2.0 2.0 2.0 2.0 0.0 0.124000005 2 TOUCH_MOVE N
1402391212617 6 4098 474.5 1103.9509 0.13333334 2.0 2.0 2.0 2.0 0.0 0.124000005 1 TOUCH_UP N
1402391212781 6 4098 373.0 944.951 0.33333334 5.0 5.0 5.0 5.0 0.0 0.23200001 0 TOUCH_DOWN g
1402391212802 6 4098 372.1055 944.951 0.33333334 5.0 5.0 5.0 5.0 0.0 0.23200001 2 TOUCH_MOVE g
1402391212818 6 4098 371.11533 944.951 0.33333334 5.0 5.0 5.0 5.0 0.0 0.22800002 2 TOUCH_MOVE g
1402391212835 6 4098 369.31226 944.951 0.3 5.0 5.0 5.0 5.0 0.0 0.208 2 TOUCH_MOVE g
1402391212848 6 4098 369.0 944.951 0.23333335 5.0 5.0 5.0 5.0 0.0 0.17600001 2 TOUCH_MOVE g
1402391212851 6 4098 369.0 944.951 0.23333335 5.0 5.0 5.0 5.0 0.0 0.17600001 1 TOUCH_UP g
1402391213020 6 4098 75.5 937.451 0.26666668 4.0 4.0 4.0 4.0 0.0 0.22800002 0 TOUCH_DOWN a
1402391213069 6 4098 90.69957 935.603 0.3 5.0 5.0 5.0 5.0 0.0 0.224 2 TOUCH_MOVE a
1402391213085 6 4098 125.20628 933.59406 0.26666668 4.0 4.0 4.0 4.0 0.0 0.208 2 TOUCH_MOVE a
1402391213090 6 4098 130.5 933.451 0.23333335 4.0 4.0 4.0 4.0 0.0 0.18 2 TOUCH_MOVE a
1402391213093 6 4098 130.5 933.451 0.23333335 4.0 4.0 4.0 4.0 0.0 0.18 1 TOUCH_UP a
1402391213311 6 4098 403.0 812.951 0.3 5.0 5.0 5.0 5.0 0.0 0.23200001 0 TOUCH_DOWN y
1402391213337 6 4098 401.39777 811.34875 0.3 5.0 5.0 5.0 5.0 0.0 0.23600002 2 TOUCH_MOVE y
1402391213352 6 4098 400.1942 811.2568 0.3 5.0 5.0 5.0 5.0 0.0 0.23200001 2 TOUCH_MOVE y
1402391213368 6 4098 400.1234 821.3733 0.3 5.0 5.0 5.0 5.0 0.0 0.224 2 TOUCH_MOVE y
1402391213390 6 4098 400.5 824.951 0.13333334 2.0 2.0 2.0 2.0 0.0 0.16000001 2 TOUCH_MOVE y
1402391213393 6 4098 400.5 824.951 0.13333334 2.0 2.0 2.0 2.0 0.0 0.16000001 1 TOUCH_UP y
1402391213880 6 4098 340.5 1225.9509 0.23333335 4.0 4.0 4.0 4.0 0.0 0.208 0 TOUCH_DOWN Space
1402391213905 6 4098 340.5 1225.9509 0.23333335 4.0 4.0 4.0 4.0 0.0 0.21200001 2 TOUCH_MOVE Space
1402391213919 6 4098 341.16513 1225.2292 0.23333335 4.0 4.0 4.0 4.0 0.0 0.21200001 2 TOUCH_MOVE Space
1402391213936 6 4098 353.57172 1222.817 0.23333335 4.0 4.0 4.0 4.0 0.0 0.208 2 TOUCH_MOVE Space
1402391213952 6 4098 375.0 1220.9509 0.26666668 5.0 5.0 5.0 5.0 0.0 0.192 2 TOUCH_MOVE Space
1402391213960 6 4098 375.0 1220.9509 0.20000002 3.0 3.0 3.0 3.0 0.0 0.1 2 TOUCH_MOVE Space
1402391213965 6 4098 375.0 1220.9509 0.20000002 3.0 3.0 3.0 3.0 0.0 0.1 1 TOUCH_UP Space
1402391214190 6 4098 562.5 1089.4509 0.26666668 5.0 5.0 5.0 5.0 0.0 0.21200001 0 TOUCH_DOWN m
1402391214202 6 4098 562.5 1089.4509 0.26666668 5.0 5.0 5.0 5.0 0.0 0.216 2 TOUCH_MOVE m
1402391214222 6 4098 560.29584 1086.0708 0.26666668 5.0 5.0 5.0 5.0 0.0 0.21200001 2 TOUCH_MOVE m
1402391214240 6 4098 557.11926 1081.5702 0.26666668 5.0 5.0 5.0 5.0 0.0 0.21200001 2 TOUCH_MOVE m
1402391214259 6 4098 555.5 1078.7839 0.26666668 5.0 5.0 5.0 5.0 0.0 0.20400001 2 TOUCH_MOVE m
1402391214261 6 4098 555.5 1078.4509 0.26666668 5.0 5.0 5.0 5.0 0.0 0.18800001 2 TOUCH_MOVE m
1402391214267 6 4098 555.5 1078.4509 0.26666668 5.0 5.0 5.0 5.0 0.0 0.18800001 1 TOUCH_UP m
1402391214542 6 4098 54.5 976.951 0.23333335 4.0 4.0 4.0 4.0 0.0 0.216 0 TOUCH_DOWN a
1402391214586 6 4098 66.736534 973.6762 0.23333335 4.0 4.0 4.0 4.0 0.0 0.216 2 TOUCH_MOVE a
1402391214603 6 4098 101.846886 969.74817 0.20000002 4.0 4.0 4.0 4.0 0.0 0.17600001 2 TOUCH_MOVE a
1402391214607 6 4098 101.846886 969.74817 0.20000002 4.0 4.0 4.0 4.0 0.0 0.17600001 1 TOUCH_UP a
1402391214858 6 4098 519.0 808.451 0.3 5.0 5.0 5.0 5.0 0.0 0.23200001 0 TOUCH_DOWN i
1402391214877 6 4098 518.4367 806.32434 0.3 5.0 5.0 5.0 5.0 0.0 0.23200001 2 TOUCH_MOVE i
1402391214886 6 4098 518.0 804.96783 0.3 5.0 5.0 5.0 5.0 0.0 0.23200001 2 TOUCH_MOVE i
1402391214903 6 4098 518.0 809.3892 0.26666668 4.0 4.0 4.0 4.0 0.0 0.22800002 2 TOUCH_MOVE i
1402391214922 6 4098 519.6798 834.2887 0.26666668 4.0 4.0 4.0 4.0 0.0 0.2 2 TOUCH_MOVE i
1402391214925 6 4098 519.6798 834.2887 0.26666668 4.0 4.0 4.0 4.0 0.0 0.2 1 TOUCH_UP i
1402391215616 6 4098 267.0 1092.4509 0.3 5.0 5.0 5.0 5.0 0.0 0.22800002 0 TOUCH_DOWN c
1402391215638 6 4098 266.05542 1092.4509 0.3 5.0 5.0 5.0 5.0 0.0 0.23200001 2 TOUCH_MOVE c
1402391215654 6 4098 264.5583 1091.9509 0.3 5.0 5.0 5.0 5.0 0.0 0.23200001 2 TOUCH_MOVE c
1402391215673 6 4098 268.24002 1091.0159 0.3 5.0 5.0 5.0 5.0 0.0 0.23200001 2 TOUCH_MOVE c
1402391215689 6 4098 279.0 1089.9509 0.23333335 4.0 4.0 4.0 4.0 0.0 0.21200001 2 TOUCH_MOVE c
1402391215691 6 4098 279.0 1089.9509 0.13333334 2.0 2.0 2.0 2.0 0.0 0.172 2 TOUCH_MOVE c
1402391215709 6 4098 279.0 1089.9509 0.13333334 2.0 2.0 2.0 2.0 0.0 0.172 1 TOUCH_UP c
1402391215896 6 4098 601.5 810.451 0.3 5.0 5.0 5.0 5.0 0.0 0.22800002 0 TOUCH_DOWN o
1402391215938 6 4098 600.12054 808.451 0.3 5.0 5.0 5.0 5.0 0.0 0.22800002 2 TOUCH_MOVE o
1402391215955 6 4098 599.60266 811.7325 0.3 5.0 5.0 5.0 5.0 0.0 0.22800002 2 TOUCH_MOVE o
1402391215981 6 4098 601.6764 830.4701 0.33333334 5.0 5.0 5.0 5.0 0.0 0.216 2 TOUCH_MOVE o
1402391215984 6 4098 602.0 832.951 0.20000002 4.0 4.0 4.0 4.0 0.0 0.16000001 2 TOUCH_MOVE o
1402391215989 6 4098 602.0 832.951 0.20000002 4.0 4.0 4.0 4.0 0.0 0.16000001 1 TOUCH_UP o
1402391216176 6 4098 343.0 1210.4509 0.23333335 4.0 4.0 4.0 4.0 0.0 0.208 0 TOUCH_DOWN Space
1402391216188 6 4098 342.63654 1210.4509 0.26666668 5.0 5.0 5.0 5.0 0.0 0.21200001 2 TOUCH_MOVE Space
1402391216212 6 4098 340.7994 1207.1995 0.23333335 5.0 5.0 5.0 5.0 0.0 0.21200001 2 TOUCH_MOVE Space
1402391216221 6 4098 342.67407 1199.9663 0.23333335 4.0 4.0 4.0 4.0 0.0 0.208 2 TOUCH_MOVE Space
1402391216234 6 4098 344.0 1198.4509 0.23333335 4.0 4.0 4.0 4.0 0.0 0.18 2 TOUCH_MOVE Space
1402391216238 6 4098 344.0 1198.4509 0.23333335 4.0 4.0 4.0 4.0 0.0 0.18 1 TOUCH_UP Space
1402391216664 6 4098 666.5 1077.9509 0.26666668 5.0 5.0 5.0 5.0 0.0 0.216 0 TOUCH_DOWN Back
1402391216674 6 4098 666.5 1077.6683 0.3 5.0 5.0 5.0 5.0 0.0 0.21200001 2 TOUCH_MOVE Back
1402391216695 6 4098 665.4861 1074.1661 0.3 5.0 5.0 5.0 5.0 0.0 0.216 2 TOUCH_MOVE Back
1402391216705 6 4098 664.5 1070.917 0.3 5.0 5.0 5.0 5.0 0.0 0.216 2 TOUCH_MOVE Back
1402391216721 6 4098 665.27686 1069.9509 0.3 5.0 5.0 5.0 5.0 0.0 0.20400001 2 TOUCH_MOVE Back
1402391216736 6 4098 665.5 1069.9509 0.16666667 3.0 3.0 3.0 3.0 0.0 0.108 2 TOUCH_MOVE Back
1402391216739 6 4098 665.5 1069.9509 0.16666667 3.0 3.0 3.0 3.0 0.0 0.108 1 TOUCH_UP Back
1402391216837 6 4098 672.0 1083.4509 0.23333335 5.0 5.0 5.0 5.0 0.0 0.208 0 TOUCH_DOWN Back
1402391216869 6 4098 672.0 1083.4509 0.23333335 5.0 5.0 5.0 5.0 0.0 0.21200001 2 TOUCH_MOVE Back
1402391216888 6 4098 672.0 1082.8317 0.26666668 5.0 5.0 5.0 5.0 0.0 0.216 2 TOUCH_MOVE Back
1402391216916 6 4098 672.0 1082.8317 0.26666668 5.0 5.0 5.0 5.0 0.0 0.216 1 TOUCH_UP Back
1402391216991 6 4098 667.0 1080.9509 0.23333335 5.0 5.0 5.0 5.0 0.0 0.21200001 0 TOUCH_DOWN Back
1402391217006 6 4098 667.0 1080.9509 0.26666668 5.0 5.0 5.0 5.0 0.0 0.21200001 2 TOUCH_MOVE Back
1402391217071 6 4098 667.5 1081.4509 0.20000002 4.0 4.0 4.0 4.0 0.0 0.16000001 2 TOUCH_MOVE Back
1402391217076 6 4098 667.5 1081.4509 0.20000002 4.0 4.0 4.0 4.0 0.0 0.16000001 1 TOUCH_UP Back
1402391217466 6 4098 317.0 1243.9509 0.16666667 4.0 4.0 4.0 4.0 0.0 0.192 0 TOUCH_DOWN Space
1402391217473 6 4098 317.0 1243.9509 0.20000002 4.0 4.0 4.0 4.0 0.0 0.19600001 2 TOUCH_MOVE Space
1402391217495 6 4098 316.3471 1242.1864 0.20000002 4.0 4.0 4.0 4.0 0.0 0.20400001 2 TOUCH_MOVE Space
1402391217506 6 4098 315.34824 1237.1921 0.23333335 4.0 4.0 4.0 4.0 0.0 0.20400001 2 TOUCH_MOVE Space
1402391217523 6 4098 316.6588 1233.3157 0.23333335 4.0 4.0 4.0 4.0 0.0 0.19600001 2 TOUCH_MOVE Space
1402391217531 6 4098 317.5 1231.4509 0.20000002 3.0 3.0 3.0 3.0 0.0 0.172 2 TOUCH_MOVE Space
1402391217534 6 4098 317.5 1231.4509 0.20000002 3.0 3.0 3.0 3.0 0.0 0.172 1 TOUCH_UP Space
1402391217682 6 4098 278.0 1101.4509 0.3 5.0 5.0 5.0 5.0 0.0 0.224 0 TOUCH_DOWN c
1402391217709 6 4098 277.42444 1100.2242 0.3 5.0 5.0 5.0 5.0 0.0 0.224 2 TOUCH_MOVE c
1402391217724 6 4098 277.20068 1097.6499 0.26666668 5.0 5.0 5.0 5.0 0.0 0.22000001 2 TOUCH_MOVE c
1402391217742 6 4098 286.5714 1090.9407 0.23333335 4.0 4.0 4.0 4.0 0.0 0.21200001 2 TOUCH_MOVE c
1402391217748 6 4098 300.0 1086.4509 0.20000002 4.0 4.0 4.0 4.0 0.0 0.18800001 2 TOUCH_MOVE c
1402391217758 6 4098 300.0 1086.4509 0.20000002 4.0 4.0 4.0 4.0 0.0 0.18800001 1 TOUCH_UP c
1402391217977 6 4098 585.5 800.451 0.26666668 4.0 4.0 4.0 4.0 0.0 0.22800002 0 TOUCH_DOWN o
1402391218040 6 4098 586.5 835.16656 0.20000002 3.0 3.0 3.0 3.0 0.0 0.192 2 TOUCH_MOVE o
1402391218053 6 4098 586.5 835.16656 0.20000002 3.0 3.0 3.0 3.0 0.0 0.192 1 TOUCH_UP o
1402391218330 6 4098 359.5 1230.4509 0.23333335 4.0 4.0 4.0 4.0 0.0 0.20400001 0 TOUCH_DOWN Space
1402391218335 6 4098 359.47314 1230.4375 0.23333335 4.0 4.0 4.0 4.0 0.0 0.208 2 TOUCH_MOVE Space
1402391218373 6 4098 357.5604 1220.3755 0.23333335 4.0 4.0 4.0 4.0 0.0 0.216 2 TOUCH_MOVE Space
1402391218390 6 4098 379.39694 1207.7393 0.20000002 4.0 4.0 4.0 4.0 0.0 0.20400001 2 TOUCH_MOVE Space
1402391218400 6 4098 393.5 1200.9509 0.16666667 3.0 3.0 3.0 3.0 0.0 0.18 2 TOUCH_MOVE Space
1402391218405 6 4098 393.5 1200.9509 0.16666667 3.0 3.0 3.0 3.0 0.0 0.18 1 TOUCH_UP Space
1402391218585 6 4098 552.5 953.451 0.3 5.0 5.0 5.0 5.0 0.0 0.208 0 TOUCH_DOWN k
1402391218608 6 4098 552.0098 953.451 0.26666668 4.0 4.0 4.0 4.0 0.0 0.20400001 2 TOUCH_MOVE k
1402391218618 6 4098 552.0 953.451 0.26666668 4.0 4.0 4.0 4.0 0.0 0.19600001 2 TOUCH_MOVE k
1402391218622 6 4098 552.0 953.451 0.26666668 4.0 4.0 4.0 4.0 0.0 0.19600001 1 TOUCH_UP k
1402391223764 6 4098 176.5 838.951 0.26666668 4.0 4.0 4.0 4.0 0.0 0.22000001 0 TOUCH_DOWN e
1402391223767 6 4098 176.5 838.951 0.3 5.0 5.0 5.0 5.0 0.0 0.224 2 TOUCH_MOVE e
1402391223795 6 4098 176.5 839.4797 0.23333335 4.0 4.0 4.0 4.0 0.0 0.21200001 2 TOUCH_MOVE e
1402391223805 6 4098 176.5 839.451 0.16666667 3.0 3.0 3.0 3.0 0.0 0.18400002 2 TOUCH_MOVE e
1402391223808 6 4098 176.5 839.451 0.16666667 3.0 3.0 3.0 3.0 0.0 0.18400002 1 TOUCH_UP e
1402391224117 6 4098 349.5 805.451 0.26666668 5.0 5.0 5.0 5.0 0.0 0.224 0 TOUCH_DOWN t
1402391224129 6 4098 349.5 805.451 0.3 5.0 5.0 5.0 5.0 0.0 0.22800002 2 TOUCH_MOVE t
1402391224145 6 4098 348.36182 804.8128 0.3 5.0 5.0 5.0 5.0 0.0 0.22800002 2 TOUCH_MOVE t
1402391224162 6 4098 347.0 803.451 0.3 5.0 5.0 5.0 5.0 0.0 0.22800002 2 TOUCH_MOVE t
1402391224179 6 4098 345.86584 805.9876 0.3 5.0 5.0 5.0 5.0 0.0 0.216 2 TOUCH_MOVE t
1402391224197 6 4098 347.0 811.951 0.26666668 5.0 5.0 5.0 5.0 0.0 0.156 2 TOUCH_MOVE t
1402391224200 6 4098 347.0 811.951 0.26666668 5.0 5.0 5.0 5.0 0.0 0.156 1 TOUCH_UP t
1402391226616 6 4098 301.0 1240.9509 0.20000002 4.0 4.0 4.0 4.0 0.0 0.2 0 TOUCH_DOWN Space
1402391226631 6 4098 300.71866 1240.6696 0.23333335 4.0 4.0 4.0 4.0 0.0 0.2 2 TOUCH_MOVE Space
1402391226647 6 4098 297.3892 1237.0624 0.23333335 4.0 4.0 4.0 4.0 0.0 0.20400001 2 TOUCH_MOVE Space
1402391226665 6 4098 294.4859 1233.1798 0.23333335 4.0 4.0 4.0 4.0 0.0 0.20400001 2 TOUCH_MOVE Space
1402391226681 6 4098 293.77408 1230.9028 0.23333335 4.0 4.0 4.0 4.0 0.0 0.192 2 TOUCH_MOVE Space
1402391226687 6 4098 294.0 1230.4509 0.16666667 3.0 3.0 3.0 3.0 0.0 0.164 2 TOUCH_MOVE Space
1402391226690 6 4098 294.0 1230.4509 0.16666667 3.0 3.0 3.0 3.0 0.0 0.164 1 TOUCH_UP Space
1402391227049 6 4098 41.0 829.951 0.26666668 5.0 5.0 5.0 5.0 0.0 0.20400001 0 TOUCH_DOWN q
1402391227081 6 4098 42.737923 829.0165 0.26666668 5.0 5.0 5.0 5.0 0.0 0.21200001 2 TOUCH_MOVE q
1402391227097 6 4098 57.0 826.451 0.23333335 5.0 5.0 5.0 5.0 0.0 0.18800001 2 TOUCH_MOVE q
1402391227101 6 4098 57.0 826.451 0.23333335 5.0 5.0 5.0 5.0 0.0 0.18800001 1 TOUCH_UP q
1402391227415 6 4098 431.0 844.451 0.3 5.0 5.0 5.0 5.0 0.0 0.224 0 TOUCH_DOWN y
1402391227447 6 4098 430.3385 844.451 0.3 5.0 5.0 5.0 5.0 0.0 0.22800002 2 TOUCH_MOVE y
1402391227465 6 4098 425.96686 845.8064 0.23333335 4.0 4.0 4.0 4.0 0.0 0.216 2 TOUCH_MOVE y
1402391227481 6 4098 421.03625 853.3966 0.23333335 4.0 4.0 4.0 4.0 0.0 0.2 2 TOUCH_MOVE y
1402391227491 6 4098 421.0 853.451 0.13333334 2.0 2.0 2.0 2.0 0.0 0.124000005 2 TOUCH_MOVE y
1402391227495 6 4098 421.0 853.451 0.13333334 2.0 2.0 2.0 2.0 0.0 0.124000005 1 TOUCH_UP y
1402391227701 6 4098 76.5 960.451 0.26666668 4.0 4.0 4.0 4.0 0.0 0.22000001 0 TOUCH_DOWN a
1402391227719 6 4098 75.87881 960.451 0.26666668 4.0 4.0 4.0 4.0 0.0 0.22800002 2 TOUCH_MOVE a
1402391227749 6 4098 75.61893 959.33203 0.26666668 4.0 4.0 4.0 4.0 0.0 0.23200001 2 TOUCH_MOVE a
1402391227765 6 4098 89.075005 958.951 0.26666668 4.0 4.0 4.0 4.0 0.0 0.216 2 TOUCH_MOVE a
1402391227774 6 4098 87.0 958.951 0.23333335 5.0 5.0 5.0 5.0 0.0 0.18400002 2 TOUCH_MOVE a
1402391227777 6 4098 87.0 958.951 0.23333335 5.0 5.0 5.0 5.0 0.0 0.18400002 1 TOUCH_UP a
1402391228368 6 4098 651.0 1101.9509 0.26666668 4.0 4.0 4.0 4.0 0.0 0.21200001 0 TOUCH_DOWN Back
1402391228377 6 4098 650.9853 1101.9215 0.26666668 4.0 4.0 4.0 4.0 0.0 0.22000001 2 TOUCH_MOVE Back
1402391228399 6 4098 648.9773 1097.8828 0.23333335 4.0 4.0 4.0 4.0 0.0 0.22000001 2 TOUCH_MOVE Back
1402391228417 6 4098 649.0 1097.2009 0.26666668 4.0 4.0 4.0 4.0 0.0 0.216 2 TOUCH_MOVE Back
1402391228432 6 4098 649.0 1097.4509 0.20000002 3.0 3.0 3.0 3.0 0.0 0.104 2 TOUCH_MOVE Back
1402391228438 6 4098 649.0 1097.4509 0.20000002 3.0 3.0 3.0 3.0 0.0 0.104 1 TOUCH_UP Back
1402391228509 6 4098 686.0 1103.4509 0.26666668 4.0 4.0 4.0 4.0 0.0 0.216 0 TOUCH_DOWN Back
1402391228517 6 4098 686.0 1103.4509 0.26666668 4.0 4.0 4.0 4.0 0.0 0.21200001 2 TOUCH_MOVE Back
1402391228549 6 4098 684.9908 1103.4509 0.26666668 4.0 4.0 4.0 4.0 0.0 0.21200001 2 TOUCH_MOVE Back
1402391228578 6 4098 684.5 1102.9509 0.20000002 3.0 3.0 3.0 3.0 0.0 0.18400002 2 TOUCH_MOVE Back
1402391228582 6 4098 684.5 1102.9509 0.20000002 3.0 3.0 3.0 3.0 0.0 0.18400002 1 TOUCH_UP Back
1402391229050 6 4098 447.0 816.951 0.3 5.0 5.0 5.0 5.0 0.0 0.23200001 0 TOUCH_DOWN u
1402391229083 6 4098 446.06793 815.58685 0.3 5.0 5.0 5.0 5.0 0.0 0.23200001 2 TOUCH_MOVE u
1402391229101 6 4098 445.53537 815.451 0.3 5.0 5.0 5.0 5.0 0.0 0.23200001 2 TOUCH_MOVE u
1402391229116 6 4098 443.07846 818.93866 0.33333334 5.0 5.0 5.0 5.0 0.0 0.216 2 TOUCH_MOVE u
1402391229129 6 4098 441.5 821.451 0.20000002 3.0 3.0 3.0 3.0 0.0 0.1 2 TOUCH_MOVE u
1402391229132 6 4098 441.5 821.451 0.20000002 3.0 3.0 3.0 3.0 0.0 0.1 1 TOUCH_UP u
1402391229345 6 4098 76.0 948.951 0.3 5.0 5.0 5.0 5.0 0.0 0.23200001 0 TOUCH_DOWN a
1402391229368 6 4098 75.57266 948.951 0.3 5.0 5.0 5.0 5.0 0.0 0.22800002 2 TOUCH_MOVE a
1402391229383 6 4098 75.27005 948.951 0.3 5.0 5.0 5.0 5.0 0.0 0.23200001 2 TOUCH_MOVE a
1402391229400 6 4098 79.0 949.451 0.26666668 4.0 4.0 4.0 4.0 0.0 0.216 2 TOUCH_MOVE a
1402391229405 6 4098 79.0 949.451 0.26666668 5.0 5.0 5.0 5.0 0.0 0.18 2 TOUCH_MOVE a
1402391229408 6 4098 79.0 949.451 0.26666668 5.0 5.0 5.0 5.0 0.0 0.18 1 TOUCH_UP a
1402391229667 6 4098 364.0 1242.4509 0.16666667 4.0 4.0 4.0 4.0 0.0 0.2 0 TOUCH_DOWN Space
1402391229688 6 4098 364.0 1242.4509 0.20000002 4.0 4.0 4.0 4.0 0.0 0.2 2 TOUCH_MOVE Space
1402391229700 6 4098 363.38782 1241.8387 0.20000002 4.0 4.0 4.0 4.0 0.0 0.2 2 TOUCH_MOVE Space
1402391229717 6 4098 364.0 1241.9509 0.16666667 4.0 4.0 4.0 4.0 0.0 0.192 2 TOUCH_MOVE Space
1402391229722 6 4098 364.0 1241.9509 0.16666667 4.0 4.0 4.0 4.0 0.0 0.16800001 2 TOUCH_MOVE Space
1402391229726 6 4098 364.0 1241.9509 0.16666667 4.0 4.0 4.0 4.0 0.0 0.16800001 1 TOUCH_UP Space
1402391230571 6 4098 282.0 1100.4509 0.3 5.0 5.0 5.0 5.0 0.0 0.224 0 TOUCH_DOWN c
1402391230593 6 4098 282.0 1099.3696 0.3 5.0 5.0 5.0 5.0 0.0 0.22800002 2 TOUCH_MOVE c
1402391230602 6 4098 284.68353 1095.1882 0.3 5.0 5.0 5.0 5.0 0.0 0.22800002 2 TOUCH_MOVE c
1402391230618 6 4098 302.43674 1090.7311 0.23333335 4.0 4.0 4.0 4.0 0.0 0.216 2 TOUCH_MOVE c
1402391230634 6 4098 310.0 1090.4509 0.16666667 3.0 3.0 3.0 3.0 0.0 0.104 2 TOUCH_MOVE c
1402391230637 6 4098 310.0 1090.4509 0.16666667 3.0 3.0 3.0 3.0 0.0 0.104 1 TOUCH_UP c
1402391230819 6 4098 503.0 1088.9509 0.26666668 5.0 5.0 5.0 5.0 0.0 0.216 0 TOUCH_DOWN n
1402391230865 6 4098 496.7423 1077.2461 0.3 5.0 5.0 5.0 5.0 0.0 0.22000001 2 TOUCH_MOVE n
1402391230876 6 4098 494.0 1069.9509 0.3 5.0 5.0 5.0 5.0 0.0 0.19600001 2 TOUCH_MOVE n
1402391230879 6 4098 494.0 1069.9509 0.3 5.0 5.0 5.0 5.0 0.0 0.19600001 1 TOUCH_UP n
1402391231069 6 4098 467.5 801.951 0.3 5.0 5.0 5.0 5.0 0.0 0.23600002 0 TOUCH_DOWN u
1402391231102 6 4098 466.4229 801.451 0.3 5.0 5.0 5.0 5.0 0.0 0.23200001 2 TOUCH_MOVE u
1402391231118 6 4098 464.21213 811.966 0.3 5.0 5.0 5.0 5.0 0.0 0.224 2 TOUCH_MOVE u
1402391231136 6 4098 467.5 823.451 0.13333334 2.0 2.0 2.0 2.0 0.0 0.14 2 TOUCH_MOVE u
1402391231139 6 4098 467.5 823.451 0.13333334 2.0 2.0 2.0 2.0 0.0 0.14 1 TOUCH_UP u
1402391231842 6 4098 499.5 1220.9509 0.26666668 5.0 5.0 5.0 5.0 0.0 0.21200001 0 TOUCH_DOWN .
1402391231852 6 4098 499.5 1220.9509 0.26666668 5.0 5.0 5.0 5.0 0.0 0.208 2 TOUCH_MOVE .
1402391231869 6 4098 499.5 1220.4233 0.26666668 5.0 5.0 5.0 5.0 0.0 0.21200001 2 TOUCH_MOVE .
1402391231886 6 4098 499.0 1218.4698 0.26666668 5.0 5.0 5.0 5.0 0.0 0.20400001 2 TOUCH_MOVE .
1402391231896 6 4098 499.0 1217.4509 0.26666668 5.0 5.0 5.0 5.0 0.0 0.18800001 2 TOUCH_MOVE .
1402391231901 6 4098 499.0 1217.4509 0.26666668 5.0 5.0 5.0 5.0 0.0 0.18800001 1 TOUCH_UP .
1402391232060 6 4098 318.0 1237.4509 0.23333335 5.0 5.0 5.0 5.0 0.0 0.208 0 TOUCH_DOWN Space
1402391232069 6 4098 317.4774 1237.4509 0.26666668 5.0 5.0 5.0 5.0 0.0 0.216 2 TOUCH_MOVE Space
1402391232104 6 4098 314.5 1233.9285 0.26666668 5.0 5.0 5.0 5.0 0.0 0.208 2 TOUCH_MOVE Space
1402391232119 6 4098 316.5 1233.4509 0.20000002 5.0 5.0 5.0 5.0 0.0 0.17600001 2 TOUCH_MOVE Space
1402391232126 6 4098 316.5 1233.4509 0.20000002 5.0 5.0 5.0 5.0 0.0 0.17600001 1 TOUCH_UP Space
1402391239575 6 4098 320.5 818.451 0.3 5.0 5.0 5.0 5.0 0.0 0.22800002 0 TOUCH_DOWN T
1402391239581 6 4098 320.5 818.451 0.3 5.0 5.0 5.0 5.0 0.0 0.224 2 TOUCH_MOVE T
1402391239610 6 4098 331.1494 817.951 0.23333335 4.0 4.0 4.0 4.0 0.0 0.18800001 2 TOUCH_MOVE T
1402391239614 6 4098 331.1494 817.951 0.23333335 4.0 4.0 4.0 4.0 0.0 0.18800001 1 TOUCH_UP T
1402391239970 6 4098 436.0 943.951 0.33333334 5.0 5.0 5.0 5.0 0.0 0.216 0 TOUCH_DOWN h
1402391239999 6 4098 436.63116 943.63544 0.33333334 5.0 5.0 5.0 5.0 0.0 0.22000001 2 TOUCH_MOVE h
1402391240010 6 4098 440.885 941.5085 0.33333334 5.0 5.0 5.0 5.0 0.0 0.208 2 TOUCH_MOVE h
1402391240013 6 4098 441.0 941.451 0.26666668 4.0 4.0 4.0 4.0 0.0 0.18800001 2 TOUCH_MOVE h
1402391240017 6 4098 441.0 941.451 0.26666668 4.0 4.0 4.0 4.0 0.0 0.18800001 1 TOUCH_UP h
1402391240209 6 4098 600.5 802.451 0.26666668 5.0 5.0 5.0 5.0 0.0 0.22000001 0 TOUCH_DOWN o
1402391240228 6 4098 600.0235 801.9745 0.3 5.0 5.0 5.0 5.0 0.0 0.224 2 TOUCH_MOVE o
1402391240250 6 4098 597.8011 801.451 0.23333335 4.0 4.0 4.0 4.0 0.0 0.224 2 TOUCH_MOVE o
1402391240261 6 4098 593.3241 809.24884 0.26666668 4.0 4.0 4.0 4.0 0.0 0.216 2 TOUCH_MOVE o
1402391240277 6 4098 590.595 828.09644 0.3 5.0 5.0 5.0 5.0 0.0 0.20400001 2 TOUCH_MOVE o
1402391240281 6 4098 590.5 828.951 0.20000002 4.0 4.0 4.0 4.0 0.0 0.17600001 2 TOUCH_MOVE o
1402391240284 6 4098 590.5 828.951 0.20000002 4.0 4.0 4.0 4.0 0.0 0.17600001 1 TOUCH_UP o
1402391240616 6 4098 438.5 1079.9509 0.23333335 4.0 4.0 4.0 4.0 0.0 0.20400001 0 TOUCH_DOWN b
1402391240627 6 4098 438.09525 1079.5461 0.23333335 4.0 4.0 4.0 4.0 0.0 0.208 2 TOUCH_MOVE b
1402391240646 6 4098 434.4746 1075.9255 0.26666668 4.0 4.0 4.0 4.0 0.0 0.208 2 TOUCH_MOVE b
1402391240661 6 4098 427.41354 1070.5599 0.26666668 4.0 4.0 4.0 4.0 0.0 0.20400001 2 TOUCH_MOVE b
1402391240665 6 4098 426.5 1069.9509 0.20000002 4.0 4.0 4.0 4.0 0.0 0.18 2 TOUCH_MOVE b
1402391240669 6 4098 426.5 1069.9509 0.20000002 4.0 4.0 4.0 4.0 0.0 0.18 1 TOUCH_UP b
1402391240801 6 4098 349.5 981.451 0.26666668 4.0 4.0 4.0 4.0 0.0 0.224 0 TOUCH_DOWN g
1402391240844 6 4098 349.12735 982.3236 0.26666668 4.0 4.0 4.0 4.0 0.0 0.22000001 2 TOUCH_MOVE g
1402391240849 6 4098 349.0 984.951 0.23333335 5.0 5.0 5.0 5.0 0.0 0.18 2 TOUCH_MOVE g
1402391240852 6 4098 349.0 984.951 0.23333335 5.0 5.0 5.0 5.0 0.0 0.18 1 TOUCH_UP g
1402391241367 6 4098 650.5 1101.9509 0.26666668 4.0 4.0 4.0 4.0 0.0 0.21200001 0 TOUCH_DOWN Back
1402391241378 6 4098 650.5 1101.651 0.23333335 4.0 4.0 4.0 4.0 0.0 0.22000001 2 TOUCH_MOVE Back
1402391241408 6 4098 648.90076 1097.4529 0.23333335 4.0 4.0 4.0 4.0 0.0 0.22000001 2 TOUCH_MOVE Back
1402391241419 6 4098 648.0 1093.5609 0.23333335 4.0 4.0 4.0 4.0 0.0 0.21200001 2 TOUCH_MOVE Back
1402391241430 6 4098 649.67694 1092.6567 0.23333335 4.0 4.0 4.0 4.0 0.0 0.208 2 TOUCH_MOVE Back
1402391241442 6 4098 654.0 1092.4509 0.26666668 5.0 5.0 5.0 5.0 0.0 0.18 2 TOUCH_MOVE Back
1402391241446 6 4098 654.0 1092.4509 0.26666668 5.0 5.0 5.0 5.0 0.0 0.18 1 TOUCH_UP Back
1402391241517 6 4098 653.5 1101.4509 0.26666668 4.0 4.0 4.0 4.0 0.0 0.216 0 TOUCH_DOWN Back
1402391241529 6 4098 653.5 1101.4509 0.26666668 4.0 4.0 4.0 4.0 0.0 0.22000001 2 TOUCH_MOVE Back
1402391241545 6 4098 651.66394 1100.1149 0.26666668 4.0 4.0 4.0 4.0 0.0 0.224 2 TOUCH_MOVE Back
1402391241561 6 4098 648.9426 1097.8936 0.26666668 4.0 4.0 4.0 4.0 0.0 0.22000001 2 TOUCH_MOVE Back
1402391241578 6 4098 647.75 1096.7009 0.26666668 4.0 4.0 4.0 4.0 0.0 0.22000001 2 TOUCH_MOVE Back
1402391241596 6 4098 647.75 1096.7009 0.26666668 4.0 4.0 4.0 4.0 0.0 0.22000001 1 TOUCH_UP Back
1402391242047 6 4098 440.5 1108.9509 0.3 5.0 5.0 5.0 5.0 0.0 0.21200001 0 TOUCH_DOWN b
1402391242074 6 4098 440.0743 1107.3867 0.3 5.0 5.0 5.0 5.0 0.0 0.22000001 2 TOUCH_MOVE b
1402391242079 6 4098 436.1301 1098.3412 0.23333335 4.0 4.0 4.0 4.0 0.0 0.216 2 TOUCH_MOVE b
1402391242096 6 4098 434.5 1093.4509 0.16666667 3.0 3.0 3.0 3.0 0.0 0.120000005 2 TOUCH_MOVE b
1402391242099 6 4098 434.5 1093.4509 0.16666667 3.0 3.0 3.0 3.0 0.0 0.120000005 1 TOUCH_UP b
1402391242217 6 4098 340.0 966.451 0.3 5.0 5.0 5.0 5.0 0.0 0.23200001 0 TOUCH_DOWN g
1402391242275 6 4098 340.8031 976.9819 0.26666668 4.0 4.0 4.0 4.0 0.0 0.216 2 TOUCH_MOVE g
1402391242279 6 4098 341.5 983.951 0.16666667 3.0 3.0 3.0 3.0 0.0 0.132 2 TOUCH_MOVE g
1402391242282 6 4098 341.5 983.951 0.16666667 3.0 3.0 3.0 3.0 0.0 0.132 1 TOUCH_UP g
1402391242479 6 4098 296.5 1258.5 0.16666667 4.0 4.0 4.0 4.0 0.0 0.18400002 0 TOUCH_DOWN Space
1402391242483 6 4098 296.35498 1258.21 0.16666667 4.0 4.0 4.0 4.0 0.0 0.18800001 2 TOUCH_MOVE Space
1402391242501 6 4098 294.6049 1252.529 0.16666667 4.0 4.0 4.0 4.0 0.0 0.192 2 TOUCH_MOVE Space
1402391242513 6 4098 292.89893 1246.3446 0.20000002 4.0 4.0 4.0 4.0 0.0 0.19600001 2 TOUCH_MOVE Space
1402391242529 6 4098 297.82626 1241.2623 0.20000002 4.0 4.0 4.0 4.0 0.0 0.18400002 2 TOUCH_MOVE Space
1402391242534 6 4098 297.82626 1241.2623 0.20000002 4.0 4.0 4.0 4.0 0.0 0.18400002 1 TOUCH_UP Space
1402391242764 6 4098 673.0 1093.9509 0.26666668 5.0 5.0 5.0 5.0 0.0 0.21200001 0 TOUCH_DOWN Back
1402391242785 6 4098 672.6808 1093.3125 0.26666668 5.0 5.0 5.0 5.0 0.0 0.216 2 TOUCH_MOVE Back
1402391242797 6 4098 671.8797 1091.0901 0.26666668 5.0 5.0 5.0 5.0 0.0 0.22000001 2 TOUCH_MOVE Back
1402391242813 6 4098 670.9243 1090.3752 0.26666668 5.0 5.0 5.0 5.0 0.0 0.21200001 2 TOUCH_MOVE Back
1402391242829 6 4098 669.87744 1091.0735 0.26666668 5.0 5.0 5.0 5.0 0.0 0.192 2 TOUCH_MOVE Back
1402391242839 6 4098 670.0 1090.9509 0.26666668 5.0 5.0 5.0 5.0 0.0 0.14400001 2 TOUCH_MOVE Back
1402391242861 6 4098 670.0 1090.9509 0.26666668 5.0 5.0 5.0 5.0 0.0 0.14400001 1 TOUCH_UP Back
1402391242920 6 4098 654.5 1109.9509 0.3 5.0 5.0 5.0 5.0 0.0 0.216 0 TOUCH_DOWN Back
1402391242929 6 4098 654.5 1109.9509 0.26666668 4.0 4.0 4.0 4.0 0.0 0.216 2 TOUCH_MOVE Back
1402391242963 6 4098 653.41876 1108.8696 0.26666668 4.0 4.0 4.0 4.0 0.0 0.21200001 2 TOUCH_MOVE Back
1402391242981 6 4098 654.097 1107.8539 0.3 5.0 5.0 5.0 5.0 0.0 0.19600001 2 TOUCH_MOVE Back
1402391242989 6 4098 656.0 1107.4509 0.33333334 5.0 5.0 5.0 5.0 0.0 0.172 2 TOUCH_MOVE Back
1402391242992 6 4098 656.0 1107.4509 0.33333334 5.0 5.0 5.0 5.0 0.0 0.172 1 TOUCH_UP Back
1402391243052 6 4098 672.0 1107.4509 0.33333334 5.0 5.0 5.0 5.0 0.0 0.21200001 0 TOUCH_DOWN Back
1402391243063 6 4098 672.0 1107.4509 0.3 5.0 5.0 5.0 5.0 0.0 0.21200001 2 TOUCH_MOVE Back
1402391243113 6 4098 670.42487 1105.8759 0.3 5.0 5.0 5.0 5.0 0.0 0.21200001 2 TOUCH_MOVE Back
1402391243130 6 4098 669.75 1105.9509 0.3 5.0 5.0 5.0 5.0 0.0 0.21200001 2 TOUCH_MOVE Back
1402391243143 6 4098 669.75 1105.9509 0.3 5.0 5.0 5.0 5.0 0.0 0.21200001 1 TOUCH_UP Back
1402391243736 6 4098 486.5 1095.9509 0.23333335 4.0 4.0 4.0 4.0 0.0 0.216 0 TOUCH_DOWN n
1402391243747 6 4098 486.0062 1094.9634 0.26666668 5.0 5.0 5.0 5.0 0.0 0.22800002 2 TOUCH_MOVE n
1402391243765 6 4098 484.51605 1091.999 0.23333335 4.0 4.0 4.0 4.0 0.0 0.224 2 TOUCH_MOVE n
1402391243780 6 4098 484.0 1089.9562 0.23333335 4.0 4.0 4.0 4.0 0.0 0.22000001 2 TOUCH_MOVE n
1402391243791 6 4098 484.0 1088.9509 0.20000002 4.0 4.0 4.0 4.0 0.0 0.17600001 2 TOUCH_MOVE n
1402391243794 6 4098 484.0 1088.9509 0.20000002 4.0 4.0 4.0 4.0 0.0 0.17600001 1 TOUCH_UP n
1402391243960 6 4098 358.0 961.951 0.26666668 4.0 4.0 4.0 4.0 0.0 0.23200001 0 TOUCH_DOWN g
1402391243980 6 4098 358.0 961.951 0.3 5.0 5.0 5.0 5.0 0.0 0.23200001 2 TOUCH_MOVE g
1402391243997 6 4098 362.18762 966.6386 0.23333335 4.0 4.0 4.0 4.0 0.0 0.22000001 2 TOUCH_MOVE g
1402391244023 6 4098 369.0 974.951 0.3 5.0 5.0 5.0 5.0 0.0 0.18800001 2 TOUCH_MOVE g
1402391244027 6 4098 369.0 974.951 0.3 5.0 5.0 5.0 5.0 0.0 0.18800001 1 TOUCH_UP g
1402391244180 6 4098 323.0 1251.9509 0.20000002 5.0 5.0 5.0 5.0 0.0 0.18800001 0 TOUCH_DOWN Space
1402391244198 6 4098 323.0 1251.9509 0.16666667 4.0 4.0 4.0 4.0 0.0 0.18800001 2 TOUCH_MOVE Space
1402391244214 6 4098 322.56854 1250.1565 0.20000002 5.0 5.0 5.0 5.0 0.0 0.192 2 TOUCH_MOVE Space
1402391244231 6 4098 323.33865 1246.7736 0.20000002 5.0 5.0 5.0 5.0 0.0 0.192 2 TOUCH_MOVE Space
1402391244249 6 4098 336.37064 1240.0885 0.16666667 4.0 4.0 4.0 4.0 0.0 0.192 2 TOUCH_MOVE Space
1402391244251 6 4098 338.0 1239.4509 0.20000002 4.0 4.0 4.0 4.0 0.0 0.18800001 2 TOUCH_MOVE Space
1402391244255 6 4098 338.0 1239.4509 0.20000002 4.0 4.0 4.0 4.0 0.0 0.18800001 1 TOUCH_UP Space
1402391244385 6 4098 429.5 1112.9509 0.3 5.0 5.0 5.0 5.0 0.0 0.224 0 TOUCH_DOWN b
1402391244398 6 4098 428.6971 1112.1481 0.26666668 4.0 4.0 4.0 4.0 0.0 0.224 2 TOUCH_MOVE b
1402391244419 6 4098 421.4932 1104.8448 0.26666668 4.0 4.0 4.0 4.0 0.0 0.22800002 2 TOUCH_MOVE b
1402391244431 6 4098 411.92642 1096.6715 0.3 5.0 5.0 5.0 5.0 0.0 0.224 2 TOUCH_MOVE b
1402391244448 6 4098 401.04404 1090.5204 0.26666668 5.0 5.0 5.0 5.0 0.0 0.21200001 2 TOUCH_MOVE b
1402391244463 6 4098 398.5 1089.4509 0.23333335 5.0 5.0 5.0 5.0 0.0 0.15200001 2 TOUCH_MOVE b
1402391244468 6 4098 398.5 1089.4509 0.23333335 5.0 5.0 5.0 5.0 0.0 0.15200001 1 TOUCH_UP b
1402391244668 6 4098 61.5 964.951 0.23333335 4.0 4.0 4.0 4.0 0.0 0.224 0 TOUCH_DOWN a
1402391244698 6 4098 61.0 964.08246 0.23333335 4.0 4.0 4.0 4.0 0.0 0.22800002 2 TOUCH_MOVE a
1402391244717 6 4098 69.856575 964.6573 0.26666668 4.0 4.0 4.0 4.0 0.0 0.22800002 2 TOUCH_MOVE a
1402391244731 6 4098 99.98146 969.6852 0.26666668 5.0 5.0 5.0 5.0 0.0 0.21200001 2 TOUCH_MOVE a
1402391244736 6 4098 104.5 969.951 0.20000002 4.0 4.0 4.0 4.0 0.0 0.18800001 2 TOUCH_MOVE a
1402391244739 6 4098 104.5 969.951 0.20000002 4.0 4.0 4.0 4.0 0.0 0.18800001 1 TOUCH_UP a
1402391245008 6 4098 589.5 840.451 0.33333334 5.0 5.0 5.0 5.0 0.0 0.23200001 0 TOUCH_DOWN o
1402391245031 6 4098 589.1785 839.30804 0.3 5.0 5.0 5.0 5.0 0.0 0.22800002 2 TOUCH_MOVE o
1402391245048 6 4098 588.19226 837.64325 0.33333334 5.0 5.0 5.0 5.0 0.0 0.23200001 2 TOUCH_MOVE o
1402391245065 6 4098 586.0601 839.01746 0.26666668 4.0 4.0 4.0 4.0 0.0 0.224 2 TOUCH_MOVE o
1402391245081 6 4098 582.0 848.951 0.23333335 4.0 4.0 4.0 4.0 0.0 0.20400001 2 TOUCH_MOVE o
1402391245087 6 4098 582.0 848.951 0.23333335 4.0 4.0 4.0 4.0 0.0 0.16800001 2 TOUCH_MOVE o
1402391245090 6 4098 582.0 848.951 0.23333335 4.0 4.0 4.0 4.0 0.0 0.16800001 1 TOUCH_UP o
1402391245413 6 4098 271.0 1245.4509 0.20000002 5.0 5.0 5.0 5.0 0.0 0.19600001 0 TOUCH_DOWN Space
1402391245436 6 4098 271.27255 1242.8157 0.26666668 5.0 5.0 5.0 5.0 0.0 0.21200001 2 TOUCH_MOVE Space
1402391245448 6 4098 273.81375 1235.5522 0.26666668 5.0 5.0 5.0 5.0 0.0 0.216 2 TOUCH_MOVE Space
1402391245466 6 4098 280.0951 1230.1613 0.23333335 4.0 4.0 4.0 4.0 0.0 0.21200001 2 TOUCH_MOVE Space
1402391245480 6 4098 292.5 1227.9509 0.16666667 3.0 3.0 3.0 3.0 0.0 0.18800001 2 TOUCH_MOVE Space
1402391245484 6 4098 292.5 1227.9509 0.16666667 3.0 3.0 3.0 3.0 0.0 0.18800001 1 TOUCH_UP Space
1402391246250 6 4098 262.0 1109.9509 0.33333334 5.0 5.0 5.0 5.0 0.0 0.22000001 0 TOUCH_DOWN c
1402391246284 6 4098 263.30453 1107.8073 0.3 5.0 5.0 5.0 5.0 0.0 0.22000001 2 TOUCH_MOVE c
1402391246299 6 4098 274.82333 1102.5216 0.26666668 4.0 4.0 4.0 4.0 0.0 0.2 2 TOUCH_MOVE c
1402391246312 6 4098 274.0 1102.9509 0.16666667 3.0 3.0 3.0 3.0 0.0 0.120000005 2 TOUCH_MOVE c
1402391246315 6 4098 274.0 1102.9509 0.16666667 3.0 3.0 3.0 3.0 0.0 0.120000005 1 TOUCH_UP c
1402391246493 6 4098 414.5 961.451 0.26666668 4.0 4.0 4.0 4.0 0.0 0.22800002 0 TOUCH_DOWN h
1402391246520 6 4098 414.0 959.7049 0.26666668 4.0 4.0 4.0 4.0 0.0 0.22800002 2 TOUCH_MOVE h
1402391246534 6 4098 414.0 957.0887 0.26666668 4.0 4.0 4.0 4.0 0.0 0.216 2 TOUCH_MOVE h
1402391246550 6 4098 419.5292 955.69366 0.26666668 4.0 4.0 4.0 4.0 0.0 0.18 2 TOUCH_MOVE h
1402391246553 6 4098 419.5292 955.69366 0.26666668 4.0 4.0 4.0 4.0 0.0 0.18 1 TOUCH_UP h
1402391246742 6 4098 613.0 821.951 0.3 5.0 5.0 5.0 5.0 0.0 0.22800002 0 TOUCH_DOWN o
1402391246752 6 4098 612.4015 821.8525 0.3 5.0 5.0 5.0 5.0 0.0 0.23200001 2 TOUCH_MOVE o
1402391246770 6 4098 610.8185 821.54175 0.3 5.0 5.0 5.0 5.0 0.0 0.22800002 2 TOUCH_MOVE o
1402391246783 6 4098 608.2509 826.03217 0.3 5.0 5.0 5.0 5.0 0.0 0.216 2 TOUCH_MOVE o
1402391246800 6 4098 604.2182 846.5175 0.20000002 4.0 4.0 4.0 4.0 0.0 0.18400002 2 TOUCH_MOVE o
1402391246806 6 4098 604.2182 846.5175 0.20000002 4.0 4.0 4.0 4.0 0.0 0.18400002 1 TOUCH_UP o
1402391247102 6 4098 363.5 1228.9509 0.23333335 4.0 4.0 4.0 4.0 0.0 0.208 0 TOUCH_DOWN Space
1402391247128 6 4098 363.24423 1228.4395 0.23333335 4.0 4.0 4.0 4.0 0.0 0.216 2 TOUCH_MOVE Space
1402391247134 6 4098 361.9128 1226.3201 0.23333335 4.0 4.0 4.0 4.0 0.0 0.216 2 TOUCH_MOVE Space
1402391247150 6 4098 361.5 1223.3291 0.23333335 4.0 4.0 4.0 4.0 0.0 0.21200001 2 TOUCH_MOVE Space
1402391247168 6 4098 364.67896 1220.3167 0.23333335 4.0 4.0 4.0 4.0 0.0 0.20400001 2 TOUCH_MOVE Space
1402391247178 6 4098 370.5 1217.4509 0.26666668 5.0 5.0 5.0 5.0 0.0 0.192 2 TOUCH_MOVE Space
1402391247182 6 4098 370.5 1217.4509 0.26666668 5.0 5.0 5.0 5.0 0.0 0.192 1 TOUCH_UP Space
1402391247338 6 4098 402.0 1088.4509 0.26666668 5.0 5.0 5.0 5.0 0.0 0.224 0 TOUCH_DOWN b
1402391247352 6 4098 401.4871 1087.938 0.3 5.0 5.0 5.0 5.0 0.0 0.22800002 2 TOUCH_MOVE b
1402391247367 6 4098 394.5757 1082.5098 0.3 5.0 5.0 5.0 5.0 0.0 0.22800002 2 TOUCH_MOVE b
1402391247384 6 4098 385.91544 1076.9039 0.3 5.0 5.0 5.0 5.0 0.0 0.224 2 TOUCH_MOVE b
1402391247400 6 4098 375.8724 1074.4277 0.23333335 4.0 4.0 4.0 4.0 0.0 0.208 2 TOUCH_MOVE b
1402391247416 6 4098 374.5 1074.4509 0.13333334 2.0 2.0 2.0 2.0 0.0 0.136 2 TOUCH_MOVE b
1402391247419 6 4098 374.5 1074.4509 0.13333334 2.0 2.0 2.0 2.0 0.0 0.136 1 TOUCH_UP b
1402391247597 6 4098 56.0 969.451 0.23333335 4.0 4.0 4.0 4.0 0.0 0.224 0 TOUCH_DOWN a
1402391247620 6 4098 56.0 969.451 0.23333335 4.0 4.0 4.0 4.0 0.0 0.22000001 2 TOUCH_MOVE a
1402391247634 6 4098 60.29607 971.849 0.26666668 4.0 4.0 4.0 4.0 0.0 0.22800002 2 TOUCH_MOVE a
1402391247651 6 4098 72.5 976.451 0.26666668 4.0 4.0 4.0 4.0 0.0 0.20400001 2 TOUCH_MOVE a
1402391247658 6 4098 72.5 976.451 0.26666668 5.0 5.0 5.0 5.0 0.0 0.148 2 TOUCH_MOVE a
1402391247663 6 4098 72.5 976.451 0.26666668 5.0 5.0 5.0 5.0 0.0 0.148 1 TOUCH_UP a
1402391247909 6 4098 488.0 1108.9509 0.26666668 4.0 4.0 4.0 4.0 0.0 0.22000001 0 TOUCH_DOWN n
1402391247918 6 4098 488.0 1108.9509 0.3 5.0 5.0 5.0 5.0 0.0 0.216 2 TOUCH_MOVE n
1402391247984 6 4098 488.0 1116.6445 0.3 5.0 5.0 5.0 5.0 0.0 0.22000001 2 TOUCH_MOVE n
1402391248001 6 4098 487.5 1126.9509 0.20000002 4.0 4.0 4.0 4.0 0.0 0.192 2 TOUCH_MOVE n
1402391248005 6 4098 487.5 1126.9509 0.13333334 2.0 2.0 2.0 2.0 0.0 0.132 2 TOUCH_MOVE n
1402391248008 6 4098 487.5 1126.9509 0.13333334 2.0 2.0 2.0 2.0 0.0 0.132 1 TOUCH_UP n
1402391248106 6 4098 356.0 1257.5 0.16666667 4.0 4.0 4.0 4.0 0.0 0.18400002 0 TOUCH_DOWN Space
1402391248118 6 4098 355.59177 1257.5 0.16666667 4.0 4.0 4.0 4.0 0.0 0.18800001 2 TOUCH_MOVE Space
1402391248150 6 4098 351.3209 1253.0116 0.16666667 4.0 4.0 4.0 4.0 0.0 0.192 2 TOUCH_MOVE Space
1402391248168 6 4098 343.6392 1243.5077 0.23333335 5.0 5.0 5.0 5.0 0.0 0.2 2 TOUCH_MOVE Space
1402391248185 6 4098 346.9327 1237.6128 0.20000002 4.0 4.0 4.0 4.0 0.0 0.2 2 TOUCH_MOVE Space
1402391248188 6 4098 347.5 1236.9509 0.16666667 3.0 3.0 3.0 3.0 0.0 0.18800001 2 TOUCH_MOVE Space
1402391248192 6 4098 347.5 1236.9509 0.16666667 3.0 3.0 3.0 3.0 0.0 0.18800001 1 TOUCH_UP Space
1402391248299 6 4098 390.0 1099.4509 0.3 5.0 5.0 5.0 5.0 0.0 0.224 0 TOUCH_DOWN v
1402391248318 6 4098 389.25644 1096.3485 0.3 5.0 5.0 5.0 5.0 0.0 0.224 2 TOUCH_MOVE v
1402391248335 6 4098 385.9749 1087.9008 0.3 5.0 5.0 5.0 5.0 0.0 0.23200001 2 TOUCH_MOVE v
1402391248351 6 4098 381.8532 1081.5397 0.3 5.0 5.0 5.0 5.0 0.0 0.224 2 TOUCH_MOVE v
1402391248368 6 4098 376.95325 1076.2454 0.23333335 4.0 4.0 4.0 4.0 0.0 0.216 2 TOUCH_MOVE v
1402391248372 6 4098 376.0 1075.4509 0.26666668 4.0 4.0 4.0 4.0 0.0 0.19600001 2 TOUCH_MOVE v
1402391248377 6 4098 376.0 1075.4509 0.26666668 4.0 4.0 4.0 4.0 0.0 0.19600001 1 TOUCH_UP v
1402391248567 6 4098 160.0 805.951 0.3 5.0 5.0 5.0 5.0 0.0 0.24400002 0 TOUCH_DOWN e
1402391248589 6 4098 159.16339 804.10455 0.3 5.0 5.0 5.0 5.0 0.0 0.24400002 2 TOUCH_MOVE e
1402391248601 6 4098 158.5 801.6173 0.3 5.0 5.0 5.0 5.0 0.0 0.24800001 2 TOUCH_MOVE e
1402391248618 6 4098 163.39491 805.3459 0.3 5.0 5.0 5.0 5.0 0.0 0.23200001 2 TOUCH_MOVE e
1402391248635 6 4098 174.5 817.951 0.3 5.0 5.0 5.0 5.0 0.0 0.208 2 TOUCH_MOVE e
1402391248640 6 4098 174.5 817.951 0.13333334 2.0 2.0 2.0 2.0 0.0 0.116000004 2 TOUCH_MOVE e
1402391248644 6 4098 174.5 817.951 0.13333334 2.0 2.0 2.0 2.0 0.0 0.116000004 1 TOUCH_UP e
1402391249235 6 4098 669.0 1091.4509 0.26666668 5.0 5.0 5.0 5.0 0.0 0.216 0 TOUCH_DOWN Back
1402391249252 6 4098 669.0 1089.832 0.26666668 5.0 5.0 5.0 5.0 0.0 0.21200001 2 TOUCH_MOVE Back
1402391249269 6 4098 669.0 1084.9165 0.26666668 5.0 5.0 5.0 5.0 0.0 0.21200001 2 TOUCH_MOVE Back
1402391249285 6 4098 669.25385 1082.9509 0.26666668 5.0 5.0 5.0 5.0 0.0 0.20400001 2 TOUCH_MOVE Back
1402391249300 6 4098 669.5 1082.9509 0.20000002 4.0 4.0 4.0 4.0 0.0 0.164 2 TOUCH_MOVE Back
1402391249305 6 4098 669.5 1082.9509 0.20000002 4.0 4.0 4.0 4.0 0.0 0.164 1 TOUCH_UP Back
1402391249383 6 4098 668.0 1082.9509 0.23333335 5.0 5.0 5.0 5.0 0.0 0.21200001 0 TOUCH_DOWN Back
1402391249390 6 4098 668.0 1082.9509 0.26666668 5.0 5.0 5.0 5.0 0.0 0.216 2 TOUCH_MOVE Back
1402391249419 6 4098 666.76514 1081.7161 0.26666668 5.0 5.0 5.0 5.0 0.0 0.216 2 TOUCH_MOVE Back
1402391249444 6 4098 667.0 1081.9509 0.23333335 5.0 5.0 5.0 5.0 0.0 0.192 2 TOUCH_MOVE Back
1402391249447 6 4098 667.0 1081.9509 0.23333335 5.0 5.0 5.0 5.0 0.0 0.192 1 TOUCH_UP Back
1402391250162 6 4098 402.5 1095.4509 0.26666668 5.0 5.0 5.0 5.0 0.0 0.224 0 TOUCH_DOWN b
1402391250186 6 4098 400.78464 1090.6971 0.26666668 5.0 5.0 5.0 5.0 0.0 0.224 2 TOUCH_MOVE b
1402391250203 6 4098 396.9586 1080.5974 0.3 5.0 5.0 5.0 5.0 0.0 0.22000001 2 TOUCH_MOVE b
1402391250219 6 4098 394.1628 1073.6642 0.3 5.0 5.0 5.0 5.0 0.0 0.21200001 2 TOUCH_MOVE b
1402391250230 6 4098 392.0 1070.4509 0.3 5.0 5.0 5.0 5.0 0.0 0.19600001 2 TOUCH_MOVE b
1402391250233 6 4098 392.0 1070.4509 0.3 5.0 5.0 5.0 5.0 0.0 0.19600001 1 TOUCH_UP b
1402391250431 6 4098 177.5 798.951 0.3 5.0 5.0 5.0 5.0 0.0 0.23600002 0 TOUCH_DOWN e
1402391250437 6 4098 177.5 798.951 0.3 5.0 5.0 5.0 5.0 0.0 0.24000001 2 TOUCH_MOVE e
1402391250470 6 4098 178.02199 799.995 0.3 5.0 5.0 5.0 5.0 0.0 0.23200001 2 TOUCH_MOVE e
1402391250486 6 4098 181.5 804.951 0.3 5.0 5.0 5.0 5.0 0.0 0.19600001 2 TOUCH_MOVE e
1402391250490 6 4098 181.5 804.951 0.3 5.0 5.0 5.0 5.0 0.0 0.19600001 1 TOUCH_UP e
1402391250823 6 4098 366.5 1249.4509 0.16666667 4.0 4.0 4.0 4.0 0.0 0.192 0 TOUCH_DOWN Space
1402391250844 6 4098 365.9081 1248.0834 0.20000002 4.0 4.0 4.0 4.0 0.0 0.20400001 2 TOUCH_MOVE Space
1402391250854 6 4098 363.91144 1239.5524 0.23333335 4.0 4.0 4.0 4.0 0.0 0.21200001 2 TOUCH_MOVE Space
1402391250870 6 4098 362.95758 1232.6964 0.23333335 4.0 4.0 4.0 4.0 0.0 0.21200001 2 TOUCH_MOVE Space
1402391250887 6 4098 366.22964 1227.1753 0.23333335 4.0 4.0 4.0 4.0 0.0 0.208 2 TOUCH_MOVE Space
1402391250904 6 4098 372.63934 1222.358 0.16666667 3.0 3.0 3.0 3.0 0.0 0.1 2 TOUCH_MOVE Space
1402391250909 6 4098 372.63934 1222.358 0.16666667 3.0 3.0 3.0 3.0 0.0 0.1 1 TOUCH_UP Space
1402391251070 6 4098 414.5 1080.9509 0.26666668 4.0 4.0 4.0 4.0 0.0 0.224 0 TOUCH_DOWN b
1402391251093 6 4098 412.44803 1076.334 0.3 5.0 5.0 5.0 5.0 0.0 0.22800002 2 TOUCH_MOVE b
1402391251104 6 4098 409.4848 1069.413 0.33333334 5.0 5.0 5.0 5.0 0.0 0.23200001 2 TOUCH_MOVE b
1402391251132 6 4098 408.5626 1066.6387 0.33333334 5.0 5.0 5.0 5.0 0.0 0.22800002 2 TOUCH_MOVE b
1402391251145 6 4098 414.64407 1062.8751 0.3 5.0 5.0 5.0 5.0 0.0 0.2 2 TOUCH_MOVE b
1402391251148 6 4098 424.0 1057.9509 0.33333334 5.0 5.0 5.0 5.0 0.0 0.17600001 2 TOUCH_MOVE b
1402391251151 6 4098 424.0 1057.9509 0.33333334 5.0 5.0 5.0 5.0 0.0 0.17600001 1 TOUCH_UP b
1402391251340 6 4098 506.0 821.451 0.3 5.0 5.0 5.0 5.0 0.0 0.23200001 0 TOUCH_DOWN i
1402391251371 6 4098 504.55447 819.5055 0.3 5.0 5.0 5.0 5.0 0.0 0.24000001 2 TOUCH_MOVE i
1402391251387 6 4098 503.0216 817.4726 0.3 5.0 5.0 5.0 5.0 0.0 0.22800002 2 TOUCH_MOVE i
1402391251414 6 4098 502.02338 817.451 0.3 5.0 5.0 5.0 5.0 0.0 0.22800002 2 TOUCH_MOVE i
1402391251421 6 4098 500.14264 819.7608 0.3 5.0 5.0 5.0 5.0 0.0 0.216 2 TOUCH_MOVE i
1402391251424 6 4098 500.0 819.951 0.3 5.0 5.0 5.0 5.0 0.0 0.19600001 2 TOUCH_MOVE i
1402391251427 6 4098 500.0 819.951 0.3 5.0 5.0 5.0 5.0 0.0 0.19600001 1 TOUCH_UP i
1402391251625 6 4098 196.5 820.951 0.3 5.0 5.0 5.0 5.0 0.0 0.23600002 0 TOUCH_DOWN e
1402391251655 6 4098 195.56877 820.951 0.3 5.0 5.0 5.0 5.0 0.0 0.24000001 2 TOUCH_MOVE e
1402391251671 6 4098 194.75 820.951 0.3 5.0 5.0 5.0 5.0 0.0 0.24000001 2 TOUCH_MOVE e
1402391251687 6 4098 205.11641 822.7204 0.33333334 5.0 5.0 5.0 5.0 0.0 0.22800002 2 TOUCH_MOVE e
1402391251713 6 4098 206.5 822.951 0.3 5.0 5.0 5.0 5.0 0.0 0.18800001 2 TOUCH_MOVE e
1402391251718 6 4098 206.5 822.951 0.3 5.0 5.0 5.0 5.0 0.0 0.18800001 1 TOUCH_UP e
1402391251896 6 4098 344.0 804.951 0.3 5.0 5.0 5.0 5.0 0.0 0.23200001 0 TOUCH_DOWN t
1402391251922 6 4098 342.74594 804.574 0.3 5.0 5.0 5.0 5.0 0.0 0.24400002 2 TOUCH_MOVE t
1402391251938 6 4098 341.11224 804.451 0.3 5.0 5.0 5.0 5.0 0.0 0.24000001 2 TOUCH_MOVE t
1402391251958 6 4098 340.0453 810.4528 0.3 5.0 5.0 5.0 5.0 0.0 0.23200001 2 TOUCH_MOVE t
1402391251973 6 4098 342.0 820.951 0.26666668 4.0 4.0 4.0 4.0 0.0 0.208 2 TOUCH_MOVE t
1402391251976 6 4098 342.0 820.951 0.13333334 2.0 2.0 2.0 2.0 0.0 0.116000004 2 TOUCH_MOVE t
1402391251979 6 4098 342.0 820.951 0.13333334 2.0 2.0 2.0 2.0 0.0 0.116000004 1 TOUCH_UP t
1402391253092 6 4098 513.0 1219.9509 0.23333335 4.0 4.0 4.0 4.0 0.0 0.20400001 0 TOUCH_DOWN .
1402391253140 6 4098 513.0 1219.9509 0.23333335 4.0 4.0 4.0 4.0 0.0 0.20400001 1 TOUCH_UP .
1402391253292 6 4098 306.0 1231.9509 0.23333335 4.0 4.0 4.0 4.0 0.0 0.208 0 TOUCH_DOWN Space
1402391253306 6 4098 306.0 1231.9509 0.23333335 4.0 4.0 4.0 4.0 0.0 0.21200001 2 TOUCH_MOVE Space
1402391253325 6 4098 304.5545 1231.7281 0.23333335 4.0 4.0 4.0 4.0 0.0 0.21200001 2 TOUCH_MOVE Space
1402391253339 6 4098 303.0 1230.7368 0.23333335 4.0 4.0 4.0 4.0 0.0 0.21200001 2 TOUCH_MOVE Space
1402391253356 6 4098 308.30798 1228.5688 0.23333335 4.0 4.0 4.0 4.0 0.0 0.20400001 2 TOUCH_MOVE Space
1402391253363 6 4098 312.5 1227.4509 0.26666668 5.0 5.0 5.0 5.0 0.0 0.18800001 2 TOUCH_MOVE Space
1402391253366 6 4098 312.5 1227.4509 0.26666668 5.0 5.0 5.0 5.0 0.0 0.18800001 1 TOUCH_UP Space
1402391254017 6 4098 479.0 1084.4509 0.23333335 4.0 4.0 4.0 4.0 0.0 0.21200001 0 TOUCH_DOWN N
1402391254023 6 4098 479.0 1084.4509 0.23333335 4.0 4.0 4.0 4.0 0.0 0.216 2 TOUCH_MOVE N
1402391254042 6 4098 476.9805 1083.5613 0.23333335 4.0 4.0 4.0 4.0 0.0 0.216 2 TOUCH_MOVE N
1402391254059 6 4098 472.35538 1079.8063 0.26666668 4.0 4.0 4.0 4.0 0.0 0.22000001 2 TOUCH_MOVE N
1402391254073 6 4098 468.05573 1075.5066 0.26666668 4.0 4.0 4.0 4.0 0.0 0.21200001 2 TOUCH_MOVE N
1402391254082 6 4098 467.5 1074.9509 0.16666667 3.0 3.0 3.0 3.0 0.0 0.112 2 TOUCH_MOVE N
1402391254086 6 4098 467.5 1074.9509 0.16666667 3.0 3.0 3.0 3.0 0.0 0.112 1 TOUCH_UP N
1402391254204 6 4098 398.5 938.951 0.3 5.0 5.0 5.0 5.0 0.0 0.22800002 0 TOUCH_DOWN h
1402391254224 6 4098 398.5 938.34564 0.3 5.0 5.0 5.0 5.0 0.0 0.23200001 2 TOUCH_MOVE h
1402391254241 6 4098 397.392 933.911 0.3 5.0 5.0 5.0 5.0 0.0 0.22800002 2 TOUCH_MOVE h
1402391254259 6 4098 407.0 923.951 0.20000002 4.0 4.0 4.0 4.0 0.0 0.18800001 2 TOUCH_MOVE h
1402391254262 6 4098 407.0 923.951 0.20000002 4.0 4.0 4.0 4.0 0.0 0.18800001 1 TOUCH_UP h
1402391254426 6 4098 604.5 789.951 0.3 5.0 5.0 5.0 5.0 0.0 0.23600002 0 TOUCH_DOWN o
1402391254444 6 4098 604.2133 789.6643 0.3 5.0 5.0 5.0 5.0 0.0 0.23200001 2 TOUCH_MOVE o
1402391254457 6 4098 602.8438 788.2948 0.3 5.0 5.0 5.0 5.0 0.0 0.23200001 2 TOUCH_MOVE o
1402391254473 6 4098 600.8631 789.5879 0.26666668 5.0 5.0 5.0 5.0 0.0 0.22000001 2 TOUCH_MOVE o
1402391254492 6 4098 599.0 794.951 0.16666667 3.0 3.0 3.0 3.0 0.0 0.104 2 TOUCH_MOVE o
1402391254496 6 4098 599.0 794.951 0.16666667 3.0 3.0 3.0 3.0 0.0 0.104 1 TOUCH_UP o
1402391254734 6 4098 279.0 1207.9509 0.26666668 5.0 5.0 5.0 5.0 0.0 0.216 0 TOUCH_DOWN Space
1402391254759 6 4098 277.98636 1206.4304 0.23333335 5.0 5.0 5.0 5.0 0.0 0.216 2 TOUCH_MOVE Space
1402391254774 6 4098 274.3382 1199.6677 0.26666668 5.0 5.0 5.0 5.0 0.0 0.22000001 2 TOUCH_MOVE Space
1402391254791 6 4098 271.91507 1193.7385 0.26666668 5.0 5.0 5.0 5.0 0.0 0.22000001 2 TOUCH_MOVE Space
1402391254807 6 4098 270.5223 1188.1072 0.26666668 5.0 5.0 5.0 5.0 0.0 0.216 2 TOUCH_MOVE Space
1402391254843 6 4098 270.0 1178.9509 0.33333334 5.0 5.0 5.0 5.0 0.0 0.192 2 TOUCH_MOVE Space
1402391254847 6 4098 270.0 1178.9509 0.33333334 5.0 5.0 5.0 5.0 0.0 0.192 1 TOUCH_UP Space
1402391254994 6 4098 184.0 968.451 0.3 5.0 5.0 5.0 5.0 0.0 0.23600002 0 TOUCH_DOWN d
1402391255007 6 4098 183.55261 968.0036 0.3 5.0 5.0 5.0 5.0 0.0 0.24400002 2 TOUCH_MOVE d
1402391255040 6 4098 181.48474 962.91284 0.3 5.0 5.0 5.0 5.0 0.0 0.23600002 2 TOUCH_MOVE d
1402391255061 6 4098 178.9996 957.951 0.3 5.0 5.0 5.0 5.0 0.0 0.224 2 TOUCH_MOVE d
1402391255068 6 4098 177.5 958.451 0.23333335 4.0 4.0 4.0 4.0 0.0 0.192 2 TOUCH_MOVE d
1402391255071 6 4098 177.5 958.451 0.23333335 4.0 4.0 4.0 4.0 0.0 0.192 1 TOUCH_UP d
1402391255190 6 4098 40.5 987.451 0.20000002 4.0 4.0 4.0 4.0 0.0 0.2 0 TOUCH_DOWN a
1402391255208 6 4098 40.5 987.451 0.20000002 4.0 4.0 4.0 4.0 0.0 0.20400001 2 TOUCH_MOVE a
1402391255225 6 4098 40.5 985.9726 0.23333335 4.0 4.0 4.0 4.0 0.0 0.2 2 TOUCH_MOVE a
1402391255241 6 4098 43.860214 979.6746 0.23333335 4.0 4.0 4.0 4.0 0.0 0.208 2 TOUCH_MOVE a
1402391255252 6 4098 52.0 973.951 0.16666667 3.0 3.0 3.0 3.0 0.0 0.18800001 2 TOUCH_MOVE a
1402391255256 6 4098 52.0 973.951 0.16666667 3.0 3.0 3.0 3.0 0.0 0.18800001 1 TOUCH_UP a
1402391255501 6 4098 300.0 798.451 0.3 5.0 5.0 5.0 5.0 0.0 0.23600002 0 TOUCH_DOWN t
1402391255541 6 4098 301.80136 808.3916 0.3 5.0 5.0 5.0 5.0 0.0 0.23600002 2 TOUCH_MOVE t
1402391255562 6 4098 305.0 820.951 0.3 5.0 5.0 5.0 5.0 0.0 0.22800002 2 TOUCH_MOVE t
1402391255570 6 4098 305.0 820.951 0.26666668 5.0 5.0 5.0 5.0 0.0 0.148 2 TOUCH_MOVE t
1402391255573 6 4098 305.0 820.951 0.26666668 5.0 5.0 5.0 5.0 0.0 0.148 1 TOUCH_UP t
1402391255912 6 4098 346.0 1231.4509 0.23333335 4.0 4.0 4.0 4.0 0.0 0.21200001 0 TOUCH_DOWN Space
1402391255925 6 4098 346.0 1231.4509 0.26666668 5.0 5.0 5.0 5.0 0.0 0.21200001 2 TOUCH_MOVE Space
1402391255943 6 4098 346.37485 1230.576 0.23333335 4.0 4.0 4.0 4.0 0.0 0.21200001 2 TOUCH_MOVE Space
1402391255958 6 4098 358.93643 1226.1986 0.23333335 4.0 4.0 4.0 4.0 0.0 0.208 2 TOUCH_MOVE Space
1402391255972 6 4098 376.5 1221.4509 0.26666668 5.0 5.0 5.0 5.0 0.0 0.18 2 TOUCH_MOVE Space
1402391255975 6 4098 376.5 1221.4509 0.26666668 5.0 5.0 5.0 5.0 0.0 0.18 1 TOUCH_UP Space
1402391256174 6 4098 564.5 1093.9509 0.26666668 5.0 5.0 5.0 5.0 0.0 0.22000001 0 TOUCH_DOWN m
1402391256213 6 4098 557.07776 1075.0398 0.3 5.0 5.0 5.0 5.0 0.0 0.224 2 TOUCH_MOVE m
1402391256225 6 4098 554.2804 1067.2921 0.33333334 5.0 5.0 5.0 5.0 0.0 0.22800002 2 TOUCH_MOVE m
1402391256242 6 4098 553.8572 1059.7361 0.33333334 5.0 5.0 5.0 5.0 0.0 0.21200001 2 TOUCH_MOVE m
1402391256247 6 4098 554.0 1058.4509 0.3 5.0 5.0 5.0 5.0 0.0 0.19600001 2 TOUCH_MOVE m
1402391256251 6 4098 554.0 1058.4509 0.3 5.0 5.0 5.0 5.0 0.0 0.19600001 1 TOUCH_UP m
1402391256406 6 4098 457.0 826.451 0.3 5.0 5.0 5.0 5.0 0.0 0.23600002 0 TOUCH_DOWN u
1402391256426 6 4098 455.8351 824.6212 0.3 5.0 5.0 5.0 5.0 0.0 0.23200001 2 TOUCH_MOVE u
1402391256448 6 4098 453.8315 820.94824 0.3 5.0 5.0 5.0 5.0 0.0 0.23200001 2 TOUCH_MOVE u
1402391256460 6 4098 451.25644 820.2619 0.3 5.0 5.0 5.0 5.0 0.0 0.224 2 TOUCH_MOVE u
1402391256474 6 4098 449.5 820.451 0.26666668 5.0 5.0 5.0 5.0 0.0 0.15200001 2 TOUCH_MOVE u
1402391256478 6 4098 449.5 820.451 0.26666668 5.0 5.0 5.0 5.0 0.0 0.15200001 1 TOUCH_UP u
1402391256693 6 4098 62.5 948.951 0.26666668 5.0 5.0 5.0 5.0 0.0 0.22000001 0 TOUCH_DOWN a
1402391256710 6 4098 62.5 948.951 0.26666668 5.0 5.0 5.0 5.0 0.0 0.224 2 TOUCH_MOVE a
1402391256725 6 4098 67.79579 949.535 0.26666668 4.0 4.0 4.0 4.0 0.0 0.224 2 TOUCH_MOVE a
1402391256740 6 4098 70.5 949.951 0.20000002 4.0 4.0 4.0 4.0 0.0 0.18400002 2 TOUCH_MOVE a
1402391256745 6 4098 70.5 949.951 0.20000002 4.0 4.0 4.0 4.0 0.0 0.18400002 1 TOUCH_UP a
1402391256919 6 4098 239.0 1233.4509 0.23333335 4.0 4.0 4.0 4.0 0.0 0.20400001 0 TOUCH_DOWN Space
1402391256926 6 4098 238.76518 1233.2161 0.23333335 4.0 4.0 4.0 4.0 0.0 0.208 2 TOUCH_MOVE Space
1402391256945 6 4098 234.60037 1229.0513 0.26666668 5.0 5.0 5.0 5.0 0.0 0.21200001 2 TOUCH_MOVE Space
1402391256959 6 4098 228.17169 1221.5913 0.26666668 5.0 5.0 5.0 5.0 0.0 0.21200001 2 TOUCH_MOVE Space
1402391256974 6 4098 225.0 1214.4509 0.20000002 4.0 4.0 4.0 4.0 0.0 0.18 2 TOUCH_MOVE Space
1402391256978 6 4098 225.0 1214.4509 0.20000002 4.0 4.0 4.0 4.0 0.0 0.18 1 TOUCH_UP Space
1402391257109 6 4098 222.5 979.451 0.3 5.0 5.0 5.0 5.0 0.0 0.23200001 0 TOUCH_DOWN d
1402391257134 6 4098 222.5 976.4652 0.3 5.0 5.0 5.0 5.0 0.0 0.24000001 2 TOUCH_MOVE d
1402391257143 6 4098 224.42609 967.3303 0.3 5.0 5.0 5.0 5.0 0.0 0.24000001 2 TOUCH_MOVE d
1402391257160 6 4098 235.12329 958.7887 0.26666668 4.0 4.0 4.0 4.0 0.0 0.224 2 TOUCH_MOVE d
1402391257175 6 4098 267.5 949.951 0.26666668 4.0 4.0 4.0 4.0 0.0 0.18800001 2 TOUCH_MOVE d
1402391257179 6 4098 267.5 949.951 0.26666668 4.0 4.0 4.0 4.0 0.0 0.18800001 1 TOUCH_UP d
1402391257402 6 4098 607.5 796.951 0.3 5.0 5.0 5.0 5.0 0.0 0.23200001 0 TOUCH_DOWN o
1402391257426 6 4098 604.7397 794.3427 0.3 5.0 5.0 5.0 5.0 0.0 0.23200001 2 TOUCH_MOVE o
1402391257443 6 4098 601.09424 791.951 0.3 5.0 5.0 5.0 5.0 0.0 0.22800002 2 TOUCH_MOVE o
1402391257462 6 4098 599.8899 796.95996 0.3 5.0 5.0 5.0 5.0 0.0 0.22000001 2 TOUCH_MOVE o
1402391257476 6 4098 600.5 802.451 0.33333334 5.0 5.0 5.0 5.0 0.0 0.18800001 2 TOUCH_MOVE o
1402391257480 6 4098 600.5 802.451 0.33333334 5.0 5.0 5.0 5.0 0.0 0.18800001 1 TOUCH_UP o
1402391257976 6 4098 566.0 1223.4509 0.23333335 4.0 4.0 4.0 4.0 0.0 0.20400001 0 TOUCH_DOWN '
1402391257996 6 4098 565.3631 1223.4509 0.26666668 5.0 5.0 5.0 5.0 0.0 0.208 2 TOUCH_MOVE '
1402391258018 6 4098 564.2346 1222.9509 0.26666668 5.0 5.0 5.0 5.0 0.0 0.20400001 2 TOUCH_MOVE '
1402391258028 6 4098 562.5 1223.4509 0.26666668 5.0 5.0 5.0 5.0 0.0 0.18800001 2 TOUCH_MOVE '
1402391258032 6 4098 562.5 1223.4509 0.26666668 5.0 5.0 5.0 5.0 0.0 0.18800001 1 TOUCH_UP '
1402391258630 6 4098 656.5 1093.4509 0.23333335 4.0 4.0 4.0 4.0 0.0 0.22000001 0 TOUCH_DOWN Back
1402391258670 6 4098 656.5524 1089.4509 0.26666668 5.0 5.0 5.0 5.0 0.0 0.21200001 2 TOUCH_MOVE Back
1402391258691 6 4098 660.0 1092.4509 0.3 5.0 5.0 5.0 5.0 0.0 0.192 2 TOUCH_MOVE Back
1402391258699 6 4098 660.0 1092.4509 0.3 5.0 5.0 5.0 5.0 0.0 0.192 1 TOUCH_UP Back
1402391258964 6 4098 492.5 1219.9509 0.23333335 4.0 4.0 4.0 4.0 0.0 0.208 0 TOUCH_DOWN .
1402391258978 6 4098 492.5 1219.9509 0.26666668 5.0 5.0 5.0 5.0 0.0 0.208 2 TOUCH_MOVE .
1402391259028 6 4098 492.5 1220.4518 0.26666668 5.0 5.0 5.0 5.0 0.0 0.208 2 TOUCH_MOVE .
1402391259044 6 4098 494.53918 1224.0162 0.26666668 5.0 5.0 5.0 5.0 0.0 0.192 2 TOUCH_MOVE .
1402391259062 6 4098 494.5 1223.9509 0.20000002 3.0 3.0 3.0 3.0 0.0 0.15200001 2 TOUCH_MOVE .
1402391259065 6 4098 494.5 1223.9509 0.20000002 3.0 3.0 3.0 3.0 0.0 0.15200001 1 TOUCH_UP .
1402391259340 6 4098 287.5 1233.4509 0.23333335 5.0 5.0 5.0 5.0 0.0 0.208 0 TOUCH_DOWN Space
1402391259378 6 4098 286.5342 1232.4851 0.26666668 5.0 5.0 5.0 5.0 0.0 0.208 2 TOUCH_MOVE Space
1402391259395 6 4098 286.0 1230.5126 0.23333335 4.0 4.0 4.0 4.0 0.0 0.208 2 TOUCH_MOVE Space
1402391259412 6 4098 288.14157 1227.4288 0.23333335 4.0 4.0 4.0 4.0 0.0 0.2 2 TOUCH_MOVE Space
1402391259415 6 4098 288.5 1226.9509 0.16666667 3.0 3.0 3.0 3.0 0.0 0.156 2 TOUCH_MOVE Space
1402391259418 6 4098 288.5 1226.9509 0.16666667 3.0 3.0 3.0 3.0 0.0 0.156 1 TOUCH_UP Space
1402391259649 6 4098 192.0 1088.9509 0.23333335 4.0 4.0 4.0 4.0 0.0 0.22000001 0 TOUCH_DOWN X
1402391259665 6 4098 191.61696 1088.5679 0.23333335 4.0 4.0 4.0 4.0 0.0 0.224 2 TOUCH_MOVE X
1402391259683 6 4098 189.23183 1082.2238 0.26666668 4.0 4.0 4.0 4.0 0.0 0.224 2 TOUCH_MOVE X
1402391259691 6 4098 189.0 1081.4509 0.26666668 4.0 4.0 4.0 4.0 0.0 0.18800001 2 TOUCH_MOVE X
1402391259694 6 4098 189.0 1081.4509 0.26666668 4.0 4.0 4.0 4.0 0.0 0.18800001 1 TOUCH_UP X
1402391259850 6 4098 184.0 822.451 0.3 5.0 5.0 5.0 5.0 0.0 0.23600002 0 TOUCH_DOWN e
1402391259862 6 4098 184.0 822.451 0.3 5.0 5.0 5.0 5.0 0.0 0.24000001 2 TOUCH_MOVE e
1402391259895 6 4098 184.79987 821.8509 0.3 5.0 5.0 5.0 5.0 0.0 0.23600002 2 TOUCH_MOVE e
1402391259916 6 4098 193.5 827.951 0.3 5.0 5.0 5.0 5.0 0.0 0.22000001 2 TOUCH_MOVE e
1402391259925 6 4098 193.5 827.951 0.13333334 2.0 2.0 2.0 2.0 0.0 0.108 2 TOUCH_MOVE e
1402391259929 6 4098 193.5 827.951 0.13333334 2.0 2.0 2.0 2.0 0.0 0.108 1 TOUCH_UP e
1402391260344 6 4098 559.0 1098.9509 0.3 5.0 5.0 5.0 5.0 0.0 0.224 0 TOUCH_DOWN m
1402391260368 6 4098 557.33936 1097.0001 0.3 5.0 5.0 5.0 5.0 0.0 0.23200001 2 TOUCH_MOVE m
1402391260379 6 4098 552.68646 1091.9658 0.3 5.0 5.0 5.0 5.0 0.0 0.224 2 TOUCH_MOVE m
1402391260403 6 4098 543.5 1092.4509 0.23333335 4.0 4.0 4.0 4.0 0.0 0.192 2 TOUCH_MOVE m
1402391260409 6 4098 543.5 1092.4509 0.23333335 4.0 4.0 4.0 4.0 0.0 0.192 1 TOUCH_UP m
1402391260560 6 4098 269.5 1229.4509 0.26666668 5.0 5.0 5.0 5.0 0.0 0.21200001 0 TOUCH_DOWN Space
1402391260596 6 4098 269.63803 1225.5367 0.26666668 5.0 5.0 5.0 5.0 0.0 0.22000001 2 TOUCH_MOVE Space
1402391260612 6 4098 284.95068 1213.9369 0.23333335 4.0 4.0 4.0 4.0 0.0 0.21200001 2 TOUCH_MOVE Space
1402391260627 6 4098 311.5 1200.9509 0.23333335 5.0 5.0 5.0 5.0 0.0 0.156 2 TOUCH_MOVE Space
1402391260630 6 4098 311.5 1200.9509 0.23333335 5.0 5.0 5.0 5.0 0.0 0.156 1 TOUCH_UP Space
1402391260818 6 4098 627.5 968.451 0.3 5.0 5.0 5.0 5.0 0.0 0.224 0 TOUCH_DOWN l
1402391260829 6 4098 627.5 968.16705 0.3 5.0 5.0 5.0 5.0 0.0 0.22800002 2 TOUCH_MOVE l
1402391260849 6 4098 625.43445 964.619 0.3 5.0 5.0 5.0 5.0 0.0 0.224 2 TOUCH_MOVE l
1402391260863 6 4098 621.3801 960.1111 0.3 5.0 5.0 5.0 5.0 0.0 0.224 2 TOUCH_MOVE l
1402391260879 6 4098 615.7264 958.451 0.3 5.0 5.0 5.0 5.0 0.0 0.216 2 TOUCH_MOVE l
1402391260896 6 4098 606.0 960.451 0.23333335 4.0 4.0 4.0 4.0 0.0 0.20400001 2 TOUCH_MOVE l
1402391260902 6 4098 606.0 960.451 0.13333334 2.0 2.0 2.0 2.0 0.0 0.17600001 2 TOUCH_MOVE l
1402391260911 6 4098 606.0 960.451 0.13333334 2.0 2.0 2.0 2.0 0.0 0.17600001 1 TOUCH_UP l
1402391261096 6 4098 74.0 974.451 0.26666668 4.0 4.0 4.0 4.0 0.0 0.22800002 0 TOUCH_DOWN a
1402391261114 6 4098 73.25237 973.95575 0.26666668 4.0 4.0 4.0 4.0 0.0 0.22800002 2 TOUCH_MOVE a
1402391261130 6 4098 72.26483 971.98065 0.26666668 4.0 4.0 4.0 4.0 0.0 0.22800002 2 TOUCH_MOVE a
1402391261148 6 4098 74.390526 969.2694 0.26666668 4.0 4.0 4.0 4.0 0.0 0.23200001 2 TOUCH_MOVE a
1402391261163 6 4098 97.86311 962.9852 0.26666668 5.0 5.0 5.0 5.0 0.0 0.216 2 TOUCH_MOVE a
1402391261170 6 4098 106.0 960.951 0.23333335 4.0 4.0 4.0 4.0 0.0 0.18800001 2 TOUCH_MOVE a
1402391261174 6 4098 106.0 960.951 0.23333335 4.0 4.0 4.0 4.0 0.0 0.18800001 1 TOUCH_UP a
1402391261404 6 4098 534.0 808.451 0.3 5.0 5.0 5.0 5.0 0.0 0.22800002 0 TOUCH_DOWN i
1402391261413 6 4098 534.0 808.451 0.3 5.0 5.0 5.0 5.0 0.0 0.23200001 2 TOUCH_MOVE i
1402391261449 6 4098 534.0 810.29346 0.3 5.0 5.0 5.0 5.0 0.0 0.23200001 2 TOUCH_MOVE i
1402391261463 6 4098 533.39014 823.6264 0.3 5.0 5.0 5.0 5.0 0.0 0.22000001 2 TOUCH_MOVE i
1402391261479 6 4098 532.5 830.451 0.13333334 2.0 2.0 2.0 2.0 0.0 0.17600001 2 TOUCH_MOVE i
1402391261484 6 4098 532.5 830.451 0.13333334 2.0 2.0 2.0 2.0 0.0 0.17600001 1 TOUCH_UP i
1402391261705 6 4098 265.5 1258.5 0.16666667 4.0 4.0 4.0 4.0 0.0 0.18400002 0 TOUCH_DOWN Space
1402391261714 6 4098 265.143 1258.1431 0.16666667 4.0 4.0 4.0 4.0 0.0 0.18800001 2 TOUCH_MOVE Space
1402391261731 6 4098 259.75394 1252.0094 0.16666667 4.0 4.0 4.0 4.0 0.0 0.19600001 2 TOUCH_MOVE Space
1402391261747 6 4098 250.00897 1244.1256 0.20000002 4.0 4.0 4.0 4.0 0.0 0.2 2 TOUCH_MOVE Space
1402391261764 6 4098 243.5376 1236.8281 0.23333335 4.0 4.0 4.0 4.0 0.0 0.20400001 2 TOUCH_MOVE Space
1402391261781 6 4098 243.19727 1224.2673 0.16666667 3.0 3.0 3.0 3.0 0.0 0.19600001 2 TOUCH_MOVE Space
1402391261788 6 4098 244.5 1216.4509 0.13333334 2.0 2.0 2.0 2.0 0.0 0.15200001 2 TOUCH_MOVE Space
1402391261794 6 4098 244.5 1216.4509 0.13333334 2.0 2.0 2.0 2.0 0.0 0.15200001 1 TOUCH_UP Space
1402391262017 6 4098 215.0 956.451 0.3 5.0 5.0 5.0 5.0 0.0 0.23200001 0 TOUCH_DOWN d
1402391262030 6 4098 215.0 956.451 0.3 5.0 5.0 5.0 5.0 0.0 0.23600002 2 TOUCH_MOVE d
1402391262049 6 4098 213.8623 955.3133 0.3 5.0 5.0 5.0 5.0 0.0 0.22800002 2 TOUCH_MOVE d
1402391262064 6 4098 212.8697 954.951 0.3 5.0 5.0 5.0 5.0 0.0 0.22800002 2 TOUCH_MOVE d
1402391262080 6 4098 210.81975 955.54114 0.26666668 5.0 5.0 5.0 5.0 0.0 0.22000001 2 TOUCH_MOVE d
1402391262089 6 4098 210.0 956.451 0.20000002 4.0 4.0 4.0 4.0 0.0 0.18400002 2 TOUCH_MOVE d
1402391262094 6 4098 210.0 956.451 0.20000002 4.0 4.0 4.0 4.0 0.0 0.18400002 1 TOUCH_UP d
1402391262211 6 4098 59.5 978.951 0.23333335 4.0 4.0 4.0 4.0 0.0 0.22800002 0 TOUCH_DOWN a
1402391262231 6 4098 59.5 978.951 0.23333335 4.0 4.0 4.0 4.0 0.0 0.224 2 TOUCH_MOVE a
1402391262247 6 4098 59.5 978.4155 0.26666668 4.0 4.0 4.0 4.0 0.0 0.22800002 2 TOUCH_MOVE a
1402391262264 6 4098 66.324905 977.951 0.26666668 4.0 4.0 4.0 4.0 0.0 0.22000001 2 TOUCH_MOVE a
1402391262281 6 4098 76.5 979.951 0.3 5.0 5.0 5.0 5.0 0.0 0.18800001 2 TOUCH_MOVE a
1402391262285 6 4098 76.5 979.951 0.3 5.0 5.0 5.0 5.0 0.0 0.18800001 1 TOUCH_UP a
1402391262550 6 4098 492.5 1113.4509 0.33333334 5.0 5.0 5.0 5.0 0.0 0.216 0 TOUCH_DOWN n
1402391262568 6 4098 491.92773 1112.3064 0.3 5.0 5.0 5.0 5.0 0.0 0.224 2 TOUCH_MOVE n
1402391262581 6 4098 489.21298 1106.877 0.26666668 4.0 4.0 4.0 4.0 0.0 0.22000001 2 TOUCH_MOVE n
1402391262598 6 4098 485.23508 1098.3549 0.23333335 4.0 4.0 4.0 4.0 0.0 0.216 2 TOUCH_MOVE n
1402391262614 6 4098 482.43835 1089.766 0.20000002 4.0 4.0 4.0 4.0 0.0 0.208 2 TOUCH_MOVE n
1402391262624 6 4098 482.0 1088.9509 0.13333334 2.0 2.0 2.0 2.0 0.0 0.148 2 TOUCH_MOVE n
1402391262628 6 4098 482.0 1088.9509 0.13333334 2.0 2.0 2.0 2.0 0.0 0.148 1 TOUCH_UP n
1402391262745 6 4098 408.0 951.451 0.33333334 5.0 5.0 5.0 5.0 0.0 0.23600002 0 TOUCH_DOWN h
1402391262785 6 4098 408.0619 952.63666 0.3 5.0 5.0 5.0 5.0 0.0 0.22800002 2 TOUCH_MOVE h
1402391262799 6 4098 410.0 958.451 0.26666668 4.0 4.0 4.0 4.0 0.0 0.208 2 TOUCH_MOVE h
1402391262808 6 4098 410.0 958.451 0.26666668 5.0 5.0 5.0 5.0 0.0 0.16000001 2 TOUCH_MOVE h
1402391262811 6 4098 410.0 958.451 0.26666668 5.0 5.0 5.0 5.0 0.0 0.16000001 1 TOUCH_UP h
1402391262984 6 4098 322.5 1241.4509 0.20000002 5.0 5.0 5.0 5.0 0.0 0.19600001 0 TOUCH_DOWN Space
1402391263003 6 4098 322.2438 1241.4509 0.23333335 5.0 5.0 5.0 5.0 0.0 0.2 2 TOUCH_MOVE Space
1402391263027 6 4098 321.47348 1240.9376 0.23333335 5.0 5.0 5.0 5.0 0.0 0.2 2 TOUCH_MOVE Space
1402391263032 6 4098 320.00665 1239.9576 0.23333335 5.0 5.0 5.0 5.0 0.0 0.2 2 TOUCH_MOVE Space
1402391263048 6 4098 318.98264 1239.4509 0.23333335 5.0 5.0 5.0 5.0 0.0 0.19600001 2 TOUCH_MOVE Space
1402391263065 6 4098 319.87048 1238.5157 0.23333335 5.0 5.0 5.0 5.0 0.0 0.2 2 TOUCH_MOVE Space
1402391263076 6 4098 320.0 1238.4509 0.26666668 5.0 5.0 5.0 5.0 0.0 0.172 2 TOUCH_MOVE Space
1402391263080 6 4098 320.0 1238.4509 0.26666668 5.0 5.0 5.0 5.0 0.0 0.172 1 TOUCH_UP Space
1402391263417 6 4098 150.0 966.951 0.3 5.0 5.0 5.0 5.0 0.0 0.224 0 TOUCH_DOWN s
1402391263449 6 4098 147.58762 962.17004 0.3 5.0 5.0 5.0 5.0 0.0 0.23200001 2 TOUCH_MOVE s
1402391263465 6 4098 146.03471 958.52045 0.26666668 4.0 4.0 4.0 4.0 0.0 0.208 2 TOUCH_MOVE s
1402391263468 6 4098 146.0 958.451 0.16666667 3.0 3.0 3.0 3.0 0.0 0.104 2 TOUCH_MOVE s
1402391263472 6 4098 146.0 958.451 0.16666667 3.0 3.0 3.0 3.0 0.0 0.104 1 TOUCH_UP s
1402391263570 6 4098 53.5 950.451 0.26666668 5.0 5.0 5.0 5.0 0.0 0.22000001 0 TOUCH_DOWN a
1402391263620 6 4098 71.45116 950.451 0.3 5.0 5.0 5.0 5.0 0.0 0.22800002 2 TOUCH_MOVE a
1402391263633 6 4098 115.92087 953.7186 0.3 5.0 5.0 5.0 5.0 0.0 0.224 2 TOUCH_MOVE a
1402391263637 6 4098 119.0 953.951 0.26666668 4.0 4.0 4.0 4.0 0.0 0.19600001 2 TOUCH_MOVE a
1402391263640 6 4098 119.0 953.951 0.26666668 4.0 4.0 4.0 4.0 0.0 0.19600001 1 TOUCH_UP a
1402391263937 6 4098 285.5 1117.9509 0.33333334 5.0 5.0 5.0 5.0 0.0 0.23200001 0 TOUCH_DOWN c
1402391263956 6 4098 285.0527 1117.0564 0.33333334 5.0 5.0 5.0 5.0 0.0 0.224 2 TOUCH_MOVE c
1402391263989 6 4098 287.4646 1109.8793 0.3 5.0 5.0 5.0 5.0 0.0 0.23200001 2 TOUCH_MOVE c
1402391263999 6 4098 305.01022 1100.9883 0.26666668 4.0 4.0 4.0 4.0 0.0 0.216 2 TOUCH_MOVE c
1402391264004 6 4098 307.5 1099.9509 0.26666668 5.0 5.0 5.0 5.0 0.0 0.18800001 2 TOUCH_MOVE c
1402391264008 6 4098 307.5 1099.9509 0.26666668 5.0 5.0 5.0 5.0 0.0 0.18800001 1 TOUCH_UP c
1402391264162 6 4098 431.5 934.451 0.3 5.0 5.0 5.0 5.0 0.0 0.23600002 0 TOUCH_DOWN h
1402391264184 6 4098 430.2567 932.4644 0.3 5.0 5.0 5.0 5.0 0.0 0.23200001 2 TOUCH_MOVE h
1402391264202 6 4098 427.78915 928.0293 0.3 5.0 5.0 5.0 5.0 0.0 0.22800002 2 TOUCH_MOVE h
1402391264216 6 4098 429.01346 924.442 0.26666668 5.0 5.0 5.0 5.0 0.0 0.22000001 2 TOUCH_MOVE h
1402391264229 6 4098 431.5 922.451 0.13333334 2.0 2.0 2.0 2.0 0.0 0.128 2 TOUCH_MOVE h
1402391264232 6 4098 431.5 922.451 0.13333334 2.0 2.0 2.0 2.0 0.0 0.128 1 TOUCH_UP h
