1402390822013 6 4098 483.5 1114.9509 0.3 5.0 5.0 5.0 5.0 0.0 0.19600001 0 TOUCH_DOWN N
1402390822036 6 4098 483.0762 1114.9509 0.26666668 5.0 5.0 5.0 5.0 0.0 0.18 2 TOUCH_MOVE N
1402390822042 6 4098 483.0 1114.9509 0.23333335 5.0 5.0 5.0 5.0 0.0 0.17600001 2 TOUCH_MOVE N
1402390822045 6 4098 483.0 1114.9509 0.23333335 5.0 5.0 5.0 5.0 0.0 0.17600001 1 TOUCH_UP N
1402390822314 6 4098 367.5 987.451 0.26666668 4.0 4.0 4.0 4.0 0.0 0.22000001 0 TOUCH_DOWN g
1402390822320 6 4098 367.5 987.451 0.26666668 4.0 4.0 4.0 4.0 0.0 0.21200001 2 TOUCH_MOVE g
1402390822353 6 4098 366.5 984.951 0.23333335 4.0 4.0 4.0 4.0 0.0 0.192 2 TOUCH_MOVE g
1402390822359 6 4098 366.5 984.951 0.20000002 3.0 3.0 3.0 3.0 0.0 0.132 2 TOUCH_MOVE g
1402390822363 6 4098 366.5 984.951 0.20000002 3.0 3.0 3.0 3.0 0.0 0.132 1 TOUCH_UP g
1402390823314 6 4098 64.5 960.951 0.23333335 4.0 4.0 4.0 4.0 0.0 0.21200001 0 TOUCH_DOWN a
1402390823344 6 4098 70.67194 957.7281 0.26666668 4.0 4.0 4.0 4.0 0.0 0.22000001 2 TOUCH_MOVE a
1402390823364 6 4098 100.5 958.451 0.23333335 4.0 4.0 4.0 4.0 0.0 0.18 2 TOUCH_MOVE a
1402390823370 6 4098 100.5 958.451 0.23333335 4.0 4.0 4.0 4.0 0.0 0.18 1 TOUCH_UP a
1402390823582 6 4098 387.0 816.451 0.3 5.0 5.0 5.0 5.0 0.0 0.216 0 TOUCH_DOWN y
1402390823599 6 4098 387.0 816.451 0.3 5.0 5.0 5.0 5.0 0.0 0.22000001 2 TOUCH_MOVE y
1402390823660 6 4098 387.0 820.48035 0.33333334 5.0 5.0 5.0 5.0 0.0 0.224 2 TOUCH_MOVE y
1402390823678 6 4098 388.0 834.451 0.26666668 5.0 5.0 5.0 5.0 0.0 0.2 2 TOUCH_MOVE y
1402390823681 6 4098 388.0 834.451 0.26666668 5.0 5.0 5.0 5.0 0.0 0.2 1 TOUCH_UP y
1402390823957 6 4098 278.5 1194.4509 0.23333335 5.0 5.0 5.0 5.0 0.0 0.20400001 0 TOUCH_DOWN Space
1402390823988 6 4098 277.50153 1193.454 0.26666668 5.0 5.0 5.0 5.0 0.0 0.21200001 2 TOUCH_MOVE Space
1402390824005 6 4098 276.01425 1191.958 0.26666668 5.0 5.0 5.0 5.0 0.0 0.21200001 2 TOUCH_MOVE Space
1402390824034 6 4098 275.9907 1190.9602 0.26666668 5.0 5.0 5.0 5.0 0.0 0.21200001 2 TOUCH_MOVE Space
1402390824038 6 4098 282.58643 1189.5261 0.23333335 4.0 4.0 4.0 4.0 0.0 0.20400001 2 TOUCH_MOVE Space
1402390824049 6 4098 293.0 1188.9509 0.13333334 2.0 2.0 2.0 2.0 0.0 0.18 2 TOUCH_MOVE Space
1402390824055 6 4098 293.0 1188.9509 0.13333334 2.0 2.0 2.0 2.0 0.0 0.18 1 TOUCH_UP Space
1402390824300 6 4098 539.0 1091.4509 0.23333335 4.0 4.0 4.0 4.0 0.0 0.216 0 TOUCH_DOWN m
1402390824326 6 4098 538.56134 1091.0123 0.23333335 4.0 4.0 4.0 4.0 0.0 0.21200001 2 TOUCH_MOVE m
1402390824338 6 4098 536.4113 1089.7251 0.23333335 4.0 4.0 4.0 4.0 0.0 0.216 2 TOUCH_MOVE m
1402390824357 6 4098 534.14905 1088.5254 0.23333335 4.0 4.0 4.0 4.0 0.0 0.21200001 2 TOUCH_MOVE m
1402390824372 6 4098 532.6623 1088.4509 0.23333335 4.0 4.0 4.0 4.0 0.0 0.208 2 TOUCH_MOVE m
1402390824385 6 4098 532.0 1088.4509 0.13333334 2.0 2.0 2.0 2.0 0.0 0.104 2 TOUCH_MOVE m
1402390824388 6 4098 532.0 1088.4509 0.13333334 2.0 2.0 2.0 2.0 0.0 0.104 1 TOUCH_UP m
1402390824627 6 4098 78.5 974.451 0.26666668 4.0 4.0 4.0 4.0 0.0 0.224 0 TOUCH_DOWN a
1402390824672 6 4098 95.49623 973.2105 0.26666668 5.0 5.0 5.0 5.0 0.0 0.216 2 TOUCH_MOVE a
1402390824685 6 4098 99.0 972.951 0.13333334 2.0 2.0 2.0 2.0 0.0 0.124000005 2 TOUCH_MOVE a
1402390824690 6 4098 99.0 972.951 0.13333334 2.0 2.0 2.0 2.0 0.0 0.124000005 1 TOUCH_UP a
1402390824962 6 4098 514.0 812.451 0.3 5.0 5.0 5.0 5.0 0.0 0.224 0 TOUCH_DOWN i
1402390824972 6 4098 514.0 812.451 0.3 5.0 5.0 5.0 5.0 0.0 0.22800002 2 TOUCH_MOVE i
1402390825009 6 4098 511.75 818.201 0.33333334 5.0 5.0 5.0 5.0 0.0 0.216 2 TOUCH_MOVE i
1402390825024 6 4098 506.5 837.951 0.23333335 5.0 5.0 5.0 5.0 0.0 0.192 2 TOUCH_MOVE i
1402390825028 6 4098 506.5 837.951 0.26666668 5.0 5.0 5.0 5.0 0.0 0.16000001 2 TOUCH_MOVE i
1402390825032 6 4098 506.5 837.951 0.26666668 5.0 5.0 5.0 5.0 0.0 0.16000001 1 TOUCH_UP i
1402390825284 6 4098 284.5 1247.9509 0.16666667 4.0 4.0 4.0 4.0 0.0 0.18800001 0 TOUCH_DOWN Space
1402390825289 6 4098 284.5 1247.6907 0.23333335 5.0 5.0 5.0 5.0 0.0 0.19600001 2 TOUCH_MOVE Space
1402390825320 6 4098 283.74237 1243.4052 0.23333335 5.0 5.0 5.0 5.0 0.0 0.2 2 TOUCH_MOVE Space
1402390825339 6 4098 284.50128 1235.4503 0.23333335 4.0 4.0 4.0 4.0 0.0 0.2 2 TOUCH_MOVE Space
1402390825356 6 4098 291.46677 1232.7109 0.20000002 3.0 3.0 3.0 3.0 0.0 0.192 2 TOUCH_MOVE Space
1402390825372 6 4098 299.0 1230.9509 0.20000002 3.0 3.0 3.0 3.0 0.0 0.148 2 TOUCH_MOVE Space
1402390825375 6 4098 299.0 1230.9509 0.20000002 3.0 3.0 3.0 3.0 0.0 0.148 1 TOUCH_UP Space
1402390825566 6 4098 276.5 1090.9509 0.26666668 5.0 5.0 5.0 5.0 0.0 0.22000001 0 TOUCH_DOWN c
1402390825591 6 4098 276.5 1090.2473 0.26666668 5.0 5.0 5.0 5.0 0.0 0.216 2 TOUCH_MOVE c
1402390825613 6 4098 281.52347 1087.1282 0.23333335 4.0 4.0 4.0 4.0 0.0 0.216 2 TOUCH_MOVE c
1402390825625 6 4098 302.0 1079.4509 0.20000002 4.0 4.0 4.0 4.0 0.0 0.18800001 2 TOUCH_MOVE c
1402390825646 6 4098 302.0 1079.4509 0.16666667 3.0 3.0 3.0 3.0 0.0 0.104 2 TOUCH_MOVE c
1402390825649 6 4098 302.0 1079.4509 0.16666667 3.0 3.0 3.0 3.0 0.0 0.104 1 TOUCH_UP c
1402390825861 6 4098 585.5 812.951 0.26666668 4.0 4.0 4.0 4.0 0.0 0.224 0 TOUCH_DOWN o
1402390825919 6 4098 585.6249 814.2003 0.26666668 4.0 4.0 4.0 4.0 0.0 0.22000001 2 TOUCH_MOVE o
1402390825924 6 4098 587.87164 826.4331 0.26666668 4.0 4.0 4.0 4.0 0.0 0.208 2 TOUCH_MOVE o
1402390825941 6 4098 590.5 836.451 0.13333334 2.0 2.0 2.0 2.0 0.0 0.14400001 2 TOUCH_MOVE o
1402390825945 6 4098 590.5 836.451 0.13333334 2.0 2.0 2.0 2.0 0.0 0.14400001 1 TOUCH_UP o
1402390826143 6 4098 307.0 1203.4509 0.23333335 4.0 4.0 4.0 4.0 0.0 0.21200001 0 TOUCH_DOWN Space
1402390826157 6 4098 306.40878 1203.4509 0.23333335 4.0 4.0 4.0 4.0 0.0 0.216 2 TOUCH_MOVE Space
1402390826175 6 4098 303.51117 1199.9648 0.23333335 4.0 4.0 4.0 4.0 0.0 0.216 2 TOUCH_MOVE Space
1402390826191 6 4098 304.26184 1192.2527 0.26666668 4.0 4.0 4.0 4.0 0.0 0.216 2 TOUCH_MOVE Space
1402390826211 6 4098 329.6993 1174.7366 0.3 5.0 5.0 5.0 5.0 0.0 0.208 2 TOUCH_MOVE Space
1402390826224 6 4098 356.75 1162.2009 0.23333335 4.0 4.0 4.0 4.0 0.0 0.192 2 TOUCH_MOVE Space
1402390826229 6 4098 356.75 1162.2009 0.23333335 4.0 4.0 4.0 4.0 0.0 0.192 1 TOUCH_UP Space
1402390826367 6 4098 550.0 970.451 0.26666668 5.0 5.0 5.0 5.0 0.0 0.22000001 0 TOUCH_DOWN k
1402390826374 6 4098 550.0 970.451 0.23333335 4.0 4.0 4.0 4.0 0.0 0.216 2 TOUCH_MOVE k
1402390826394 6 4098 547.32556 968.3347 0.26666668 4.0 4.0 4.0 4.0 0.0 0.22000001 2 TOUCH_MOVE k
1402390826407 6 4098 541.1902 964.7961 0.23333335 4.0 4.0 4.0 4.0 0.0 0.216 2 TOUCH_MOVE k
1402390826424 6 4098 534.56573 963.951 0.23333335 4.0 4.0 4.0 4.0 0.0 0.21200001 2 TOUCH_MOVE k
1402390826440 6 4098 524.37555 965.55505 0.20000002 4.0 4.0 4.0 4.0 0.0 0.18400002 2 TOUCH_MOVE k
1402390826444 6 4098 524.37555 965.55505 0.20000002 4.0 4.0 4.0 4.0 0.0 0.18400002 1 TOUCH_UP k
1402390826695 6 4098 164.0 826.951 0.33333334 5.0 5.0 5.0 5.0 0.0 0.23200001 0 TOUCH_DOWN e
1402390826724 6 4098 164.99619 825.45483 0.3 5.0 5.0 5.0 5.0 0.0 0.22800002 2 TOUCH_MOVE e
1402390826742 6 4098 189.88483 814.4984 0.26666668 4.0 4.0 4.0 4.0 0.0 0.21200001 2 TOUCH_MOVE e
1402390826744 6 4098 190.0 814.451 0.23333335 4.0 4.0 4.0 4.0 0.0 0.17600001 2 TOUCH_MOVE e
1402390826747 6 4098 190.0 814.451 0.23333335 4.0 4.0 4.0 4.0 0.0 0.17600001 1 TOUCH_UP e
1402390826920 6 4098 329.5 809.451 0.26666668 5.0 5.0 5.0 5.0 0.0 0.22000001 0 TOUCH_DOWN t
1402390826941 6 4098 329.5 809.451 0.26666668 5.0 5.0 5.0 5.0 0.0 0.224 2 TOUCH_MOVE t
1402390826975 6 4098 330.40768 814.5355 0.3 5.0 5.0 5.0 5.0 0.0 0.208 2 TOUCH_MOVE t
1402390826978 6 4098 330.5 814.951 0.33333334 5.0 5.0 5.0 5.0 0.0 0.192 2 TOUCH_MOVE t
1402390826981 6 4098 330.5 814.951 0.33333334 5.0 5.0 5.0 5.0 0.0 0.192 1 TOUCH_UP t
1402390827253 6 4098 306.5 1230.9509 0.23333335 4.0 4.0 4.0 4.0 0.0 0.2 0 TOUCH_DOWN Space
1402390827277 6 4098 305.603 1229.6055 0.20000002 3.0 3.0 3.0 3.0 0.0 0.20400001 2 TOUCH_MOVE Space
1402390827291 6 4098 301.0329 1223.3036 0.23333335 4.0 4.0 4.0 4.0 0.0 0.208 2 TOUCH_MOVE Space
1402390827309 6 4098 296.90347 1215.5269 0.23333335 4.0 4.0 4.0 4.0 0.0 0.21200001 2 TOUCH_MOVE Space
1402390827332 6 4098 293.83536 1207.457 0.23333335 4.0 4.0 4.0 4.0 0.0 0.20400001 2 TOUCH_MOVE Space
1402390827338 6 4098 293.0 1204.9509 0.13333334 2.0 2.0 2.0 2.0 0.0 0.1 2 TOUCH_MOVE Space
1402390827342 6 4098 293.0 1204.9509 0.13333334 2.0 2.0 2.0 2.0 0.0 0.1 1 TOUCH_UP Space
1402390827599 6 4098 51.0 822.951 0.23333335 4.0 4.0 4.0 4.0 0.0 0.216 0 TOUCH_DOWN q
1402390827643 6 4098 57.477757 823.6147 0.26666668 5.0 5.0 5.0 5.0 0.0 0.216 2 TOUCH_MOVE q
1402390827656 6 4098 73.5 827.951 0.3 5.0 5.0 5.0 5.0 0.0 0.19600001 2 TOUCH_MOVE q
1402390827660 6 4098 73.5 827.951 0.3 5.0 5.0 5.0 5.0 0.0 0.19600001 1 TOUCH_UP q
1402390827916 6 4098 444.5 813.451 0.26666668 5.0 5.0 5.0 5.0 0.0 0.216 0 TOUCH_DOWN u
1402390827936 6 4098 444.12268 813.451 0.26666668 5.0 5.0 5.0 5.0 0.0 0.22000001 2 TOUCH_MOVE u
1402390827956 6 4098 442.44897 812.6755 0.26666668 5.0 5.0 5.0 5.0 0.0 0.22000001 2 TOUCH_MOVE u
1402390827959 6 4098 440.72513 812.7258 0.3 5.0 5.0 5.0 5.0 0.0 0.216 2 TOUCH_MOVE u
1402390827975 6 4098 439.47473 814.5015 0.3 5.0 5.0 5.0 5.0 0.0 0.20400001 2 TOUCH_MOVE u
1402390827982 6 4098 439.0 815.451 0.26666668 4.0 4.0 4.0 4.0 0.0 0.18800001 2 TOUCH_MOVE u
1402390827985 6 4098 439.0 815.451 0.26666668 4.0 4.0 4.0 4.0 0.0 0.18800001 1 TOUCH_UP u
1402390828216 6 4098 58.0 936.451 0.23333335 4.0 4.0 4.0 4.0 0.0 0.21200001 0 TOUCH_DOWN a
1402390828244 6 4098 59.711178 936.26086 0.23333335 4.0 4.0 4.0 4.0 0.0 0.216 2 TOUCH_MOVE a
1402390828262 6 4098 73.5 937.451 0.3 5.0 5.0 5.0 5.0 0.0 0.208 2 TOUCH_MOVE a
1402390828267 6 4098 73.5 937.451 0.26666668 4.0 4.0 4.0 4.0 0.0 0.18 2 TOUCH_MOVE a
1402390828270 6 4098 73.5 937.451 0.26666668 4.0 4.0 4.0 4.0 0.0 0.18 1 TOUCH_UP a
1402390828478 6 4098 223.5 1232.4509 0.26666668 5.0 5.0 5.0 5.0 0.0 0.2 0 TOUCH_DOWN Space
1402390828494 6 4098 223.5 1232.4509 0.26666668 5.0 5.0 5.0 5.0 0.0 0.20400001 2 TOUCH_MOVE Space
1402390828527 6 4098 226.69731 1228.928 0.23333335 4.0 4.0 4.0 4.0 0.0 0.208 2 TOUCH_MOVE Space
1402390828542 6 4098 246.43954 1222.0721 0.23333335 4.0 4.0 4.0 4.0 0.0 0.19600001 2 TOUCH_MOVE Space
1402390828551 6 4098 252.5 1219.9509 0.23333335 4.0 4.0 4.0 4.0 0.0 0.17600001 2 TOUCH_MOVE Space
1402390828554 6 4098 252.5 1219.9509 0.23333335 4.0 4.0 4.0 4.0 0.0 0.17600001 1 TOUCH_UP Space
1402390828776 6 4098 248.0 1095.9509 0.26666668 4.0 4.0 4.0 4.0 0.0 0.224 0 TOUCH_DOWN c
1402390828793 6 4098 248.0 1095.9509 0.3 5.0 5.0 5.0 5.0 0.0 0.224 2 TOUCH_MOVE c
1402390828828 6 4098 257.46786 1098.7736 0.3 5.0 5.0 5.0 5.0 0.0 0.21200001 2 TOUCH_MOVE c
1402390828843 6 4098 265.5 1101.4509 0.26666668 5.0 5.0 5.0 5.0 0.0 0.18 2 TOUCH_MOVE c
1402390828847 6 4098 265.5 1101.4509 0.26666668 5.0 5.0 5.0 5.0 0.0 0.18 1 TOUCH_UP c
1402390829033 6 4098 471.5 1092.4509 0.23333335 4.0 4.0 4.0 4.0 0.0 0.216 0 TOUCH_DOWN n
1402390829053 6 4098 470.8623 1091.8132 0.23333335 4.0 4.0 4.0 4.0 0.0 0.216 2 TOUCH_MOVE n
1402390829078 6 4098 467.99622 1087.4396 0.20000002 4.0 4.0 4.0 4.0 0.0 0.20400001 2 TOUCH_MOVE n
1402390829086 6 4098 467.5 1084.9509 0.16666667 3.0 3.0 3.0 3.0 0.0 0.18800001 2 TOUCH_MOVE n
1402390829090 6 4098 467.5 1084.9509 0.16666667 3.0 3.0 3.0 3.0 0.0 0.18800001 1 TOUCH_UP n
1402390829263 6 4098 462.0 803.451 0.3 5.0 5.0 5.0 5.0 0.0 0.22800002 0 TOUCH_DOWN u
1402390829276 6 4098 461.46863 802.9196 0.3 5.0 5.0 5.0 5.0 0.0 0.23200001 2 TOUCH_MOVE u
1402390829297 6 4098 457.54617 800.97406 0.3 5.0 5.0 5.0 5.0 0.0 0.22800002 2 TOUCH_MOVE u
1402390829316 6 4098 454.5843 803.92847 0.3 5.0 5.0 5.0 5.0 0.0 0.22800002 2 TOUCH_MOVE u
1402390829328 6 4098 450.3899 829.04553 0.23333335 4.0 4.0 4.0 4.0 0.0 0.172 2 TOUCH_MOVE u
1402390829337 6 4098 450.3899 829.04553 0.23333335 4.0 4.0 4.0 4.0 0.0 0.172 1 TOUCH_UP u
1402390830187 6 4098 500.0 1230.4509 0.26666668 5.0 5.0 5.0 5.0 0.0 0.19600001 0 TOUCH_DOWN .
1402390830211 6 4098 499.56644 1229.5839 0.26666668 5.0 5.0 5.0 5.0 0.0 0.2 2 TOUCH_MOVE .
1402390830227 6 4098 498.5 1227.4509 0.26666668 5.0 5.0 5.0 5.0 0.0 0.192 2 TOUCH_MOVE .
1402390830232 6 4098 498.5 1227.4509 0.20000002 3.0 3.0 3.0 3.0 0.0 0.1 2 TOUCH_MOVE .
1402390830237 6 4098 498.5 1227.4509 0.20000002 3.0 3.0 3.0 3.0 0.0 0.1 1 TOUCH_UP .
1402390830429 6 4098 272.5 1226.4509 0.26666668 5.0 5.0 5.0 5.0 0.0 0.216 0 TOUCH_DOWN Space
1402390830479 6 4098 294.63345 1230.7854 0.20000002 4.0 4.0 4.0 4.0 0.0 0.19600001 2 TOUCH_MOVE Space
1402390830483 6 4098 300.0 1232.4509 0.16666667 4.0 4.0 4.0 4.0 0.0 0.18 2 TOUCH_MOVE Space
1402390830487 6 4098 300.0 1232.4509 0.16666667 4.0 4.0 4.0 4.0 0.0 0.18 1 TOUCH_UP Space
1402390832062 6 4098 320.0 828.951 0.33333334 5.0 5.0 5.0 5.0 0.0 0.23600002 0 TOUCH_DOWN T
1402390832080 6 4098 319.49716 828.4482 0.33333334 5.0 5.0 5.0 5.0 0.0 0.23600002 2 TOUCH_MOVE T
1402390832096 6 4098 316.0731 826.48755 0.33333334 5.0 5.0 5.0 5.0 0.0 0.23600002 2 TOUCH_MOVE T
1402390832113 6 4098 314.48315 825.951 0.33333334 5.0 5.0 5.0 5.0 0.0 0.22800002 2 TOUCH_MOVE T
1402390832132 6 4098 317.01987 828.9708 0.3 5.0 5.0 5.0 5.0 0.0 0.208 2 TOUCH_MOVE T
1402390832140 6 4098 317.0 828.951 0.26666668 5.0 5.0 5.0 5.0 0.0 0.18 2 TOUCH_MOVE T
1402390832145 6 4098 317.0 828.951 0.26666668 5.0 5.0 5.0 5.0 0.0 0.18 1 TOUCH_UP T
1402390832406 6 4098 418.5 934.451 0.3 5.0 5.0 5.0 5.0 0.0 0.22800002 0 TOUCH_DOWN h
1402390832434 6 4098 418.02008 933.97107 0.3 5.0 5.0 5.0 5.0 0.0 0.23200001 2 TOUCH_MOVE h
1402390832446 6 4098 417.5 932.50476 0.3 5.0 5.0 5.0 5.0 0.0 0.224 2 TOUCH_MOVE h
1402390832463 6 4098 422.07608 930.5923 0.26666668 4.0 4.0 4.0 4.0 0.0 0.22000001 2 TOUCH_MOVE h
1402390832479 6 4098 442.6388 926.6776 0.26666668 5.0 5.0 5.0 5.0 0.0 0.2 2 TOUCH_MOVE h
1402390832483 6 4098 443.5 926.451 0.23333335 4.0 4.0 4.0 4.0 0.0 0.18 2 TOUCH_MOVE h
1402390832486 6 4098 443.5 926.451 0.23333335 4.0 4.0 4.0 4.0 0.0 0.18 1 TOUCH_UP h
1402390832686 6 4098 590.0 807.951 0.26666668 4.0 4.0 4.0 4.0 0.0 0.224 0 TOUCH_DOWN o
1402390832746 6 4098 597.03625 814.8802 0.26666668 4.0 4.0 4.0 4.0 0.0 0.21200001 2 TOUCH_MOVE o
1402390832763 6 4098 603.0 825.951 0.3 5.0 5.0 5.0 5.0 0.0 0.18 2 TOUCH_MOVE o
1402390832767 6 4098 603.0 825.951 0.3 5.0 5.0 5.0 5.0 0.0 0.18 1 TOUCH_UP o
1402390833054 6 4098 477.5 1108.9509 0.26666668 4.0 4.0 4.0 4.0 0.0 0.216 0 TOUCH_DOWN n
1402390833099 6 4098 471.5144 1101.9653 0.26666668 4.0 4.0 4.0 4.0 0.0 0.21200001 2 TOUCH_MOVE n
1402390833113 6 4098 466.27206 1097.064 0.23333335 4.0 4.0 4.0 4.0 0.0 0.19600001 2 TOUCH_MOVE n
1402390833121 6 4098 465.0 1095.9509 0.23333335 5.0 5.0 5.0 5.0 0.0 0.16800001 2 TOUCH_MOVE n
1402390833125 6 4098 465.0 1095.9509 0.23333335 5.0 5.0 5.0 5.0 0.0 0.16800001 1 TOUCH_UP n
1402390833252 6 4098 367.0 975.451 0.3 5.0 5.0 5.0 5.0 0.0 0.224 0 TOUCH_DOWN g
1402390833263 6 4098 367.0 975.451 0.26666668 4.0 4.0 4.0 4.0 0.0 0.224 2 TOUCH_MOVE g
1402390833298 6 4098 369.82706 977.6963 0.3 5.0 5.0 5.0 5.0 0.0 0.216 2 TOUCH_MOVE g
1402390833311 6 4098 379.0 984.451 0.3 5.0 5.0 5.0 5.0 0.0 0.192 2 TOUCH_MOVE g
1402390833315 6 4098 379.0 984.451 0.3 5.0 5.0 5.0 5.0 0.0 0.192 1 TOUCH_UP g
1402390833785 6 4098 422.0 1103.4509 0.26666668 4.0 4.0 4.0 4.0 0.0 0.216 0 TOUCH_DOWN b
1402390833799 6 4098 420.87976 1102.7441 0.26666668 4.0 4.0 4.0 4.0 0.0 0.22000001 2 TOUCH_MOVE b
1402390833832 6 4098 410.0 1099.4509 0.23333335 4.0 4.0 4.0 4.0 0.0 0.192 2 TOUCH_MOVE b
1402390833837 6 4098 410.0 1099.4509 0.23333335 4.0 4.0 4.0 4.0 0.0 0.192 1 TOUCH_UP b
1402390834042 6 4098 103.5 945.951 0.33333334 5.0 5.0 5.0 5.0 0.0 0.22800002 0 TOUCH_DOWN a
1402390834062 6 4098 102.827576 945.77856 0.33333334 5.0 5.0 5.0 5.0 0.0 0.24000001 2 TOUCH_MOVE a
1402390834083 6 4098 103.869606 943.79517 0.33333334 5.0 5.0 5.0 5.0 0.0 0.23200001 2 TOUCH_MOVE a
1402390834097 6 4098 129.24341 943.451 0.3 5.0 5.0 5.0 5.0 0.0 0.208 2 TOUCH_MOVE a
1402390834106 6 4098 140.5 946.451 0.26666668 5.0 5.0 5.0 5.0 0.0 0.172 2 TOUCH_MOVE a
1402390834110 6 4098 140.5 946.451 0.26666668 5.0 5.0 5.0 5.0 0.0 0.172 1 TOUCH_UP a
1402390834387 6 4098 654.5 818.951 0.3 5.0 5.0 5.0 5.0 0.0 0.22000001 0 TOUCH_DOWN p
1402390834431 6 4098 654.5 821.8105 0.3 5.0 5.0 5.0 5.0 0.0 0.18800001 2 TOUCH_MOVE p
1402390834435 6 4098 654.5 821.8105 0.3 5.0 5.0 5.0 5.0 0.0 0.18800001 1 TOUCH_UP p
1402390834937 6 4098 692.5 1086.4509 0.23333335 4.0 4.0 4.0 4.0 0.0 0.20400001 0 TOUCH_DOWN Back
1402390834965 6 4098 691.9999 1085.9508 0.23333335 4.0 4.0 4.0 4.0 0.0 0.208 2 TOUCH_MOVE Back
1402390834990 6 4098 691.25 1085.2009 0.23333335 4.0 4.0 4.0 4.0 0.0 0.20400001 2 TOUCH_MOVE Back
1402390835016 6 4098 691.5 1086.1107 0.16666667 3.0 3.0 3.0 3.0 0.0 0.192 2 TOUCH_MOVE Back
1402390835020 6 4098 691.5 1086.1107 0.16666667 3.0 3.0 3.0 3.0 0.0 0.192 1 TOUCH_UP Back
1402390835090 6 4098 691.5 1081.9509 0.16666667 3.0 3.0 3.0 3.0 0.0 0.2 0 TOUCH_DOWN Back
1402390835117 6 4098 691.5 1081.5177 0.23333335 4.0 4.0 4.0 4.0 0.0 0.20400001 2 TOUCH_MOVE Back
1402390835133 6 4098 690.52167 1080.4725 0.23333335 4.0 4.0 4.0 4.0 0.0 0.208 2 TOUCH_MOVE Back
1402390835148 6 4098 689.5615 1079.9509 0.23333335 4.0 4.0 4.0 4.0 0.0 0.20400001 2 TOUCH_MOVE Back
1402390835164 6 4098 689.0 1080.4509 0.16666667 3.0 3.0 3.0 3.0 0.0 0.18 2 TOUCH_MOVE Back
1402390835168 6 4098 689.0 1080.4509 0.16666667 3.0 3.0 3.0 3.0 0.0 0.18 1 TOUCH_UP Back
1402390835264 6 4098 686.5 1082.4509 0.20000002 4.0 4.0 4.0 4.0 0.0 0.20400001 0 TOUCH_DOWN Back
1402390835275 6 4098 686.5 1082.4509 0.23333335 4.0 4.0 4.0 4.0 0.0 0.208 2 TOUCH_MOVE Back
1402390835307 6 4098 686.5 1081.2009 0.20000002 3.0 3.0 3.0 3.0 0.0 0.2 2 TOUCH_MOVE Back
1402390835313 6 4098 686.5 1081.2009 0.20000002 3.0 3.0 3.0 3.0 0.0 0.2 1 TOUCH_UP Back
1402390835787 6 4098 336.0 1229.4509 0.26666668 5.0 5.0 5.0 5.0 0.0 0.20400001 0 TOUCH_DOWN Space
1402390835799 6 4098 336.0 1229.4509 0.26666668 5.0 5.0 5.0 5.0 0.0 0.208 2 TOUCH_MOVE Space
1402390835816 6 4098 335.14627 1227.8898 0.26666668 5.0 5.0 5.0 5.0 0.0 0.21200001 2 TOUCH_MOVE Space
1402390835832 6 4098 334.0 1224.8895 0.26666668 5.0 5.0 5.0 5.0 0.0 0.208 2 TOUCH_MOVE Space
1402390835849 6 4098 336.2506 1222.4005 0.23333335 4.0 4.0 4.0 4.0 0.0 0.20400001 2 TOUCH_MOVE Space
1402390835863 6 4098 343.0 1219.9509 0.16666667 3.0 3.0 3.0 3.0 0.0 0.17600001 2 TOUCH_MOVE Space
1402390835880 6 4098 343.0 1219.9509 0.16666667 3.0 3.0 3.0 3.0 0.0 0.17600001 1 TOUCH_UP Space
1402390836031 6 4098 420.5 1095.9509 0.23333335 4.0 4.0 4.0 4.0 0.0 0.22000001 0 TOUCH_DOWN b
1402390836050 6 4098 419.07593 1093.6028 0.23333335 4.0 4.0 4.0 4.0 0.0 0.224 2 TOUCH_MOVE b
1402390836066 6 4098 415.28253 1087.4291 0.23333335 4.0 4.0 4.0 4.0 0.0 0.22000001 2 TOUCH_MOVE b
1402390836083 6 4098 411.2943 1082.7452 0.23333335 4.0 4.0 4.0 4.0 0.0 0.22000001 2 TOUCH_MOVE b
1402390836100 6 4098 406.10028 1078.8654 0.23333335 4.0 4.0 4.0 4.0 0.0 0.208 2 TOUCH_MOVE b
1402390836114 6 4098 398.5 1075.9509 0.26666668 5.0 5.0 5.0 5.0 0.0 0.18 2 TOUCH_MOVE b
1402390836118 6 4098 398.5 1075.9509 0.26666668 5.0 5.0 5.0 5.0 0.0 0.18 1 TOUCH_UP b
1402390836302 6 4098 68.5 950.951 0.3 5.0 5.0 5.0 5.0 0.0 0.22000001 0 TOUCH_DOWN a
1402390836321 6 4098 68.5 950.578 0.3 5.0 5.0 5.0 5.0 0.0 0.224 2 TOUCH_MOVE a
1402390836333 6 4098 70.51307 948.69446 0.3 5.0 5.0 5.0 5.0 0.0 0.224 2 TOUCH_MOVE a
1402390836350 6 4098 89.66136 943.75745 0.33333334 5.0 5.0 5.0 5.0 0.0 0.224 2 TOUCH_MOVE a
1402390836361 6 4098 97.5 942.451 0.3 5.0 5.0 5.0 5.0 0.0 0.20400001 2 TOUCH_MOVE a
1402390836365 6 4098 97.5 942.451 0.3 5.0 5.0 5.0 5.0 0.0 0.20400001 1 TOUCH_UP a
1402390836675 6 4098 605.5 817.451 0.3 5.0 5.0 5.0 5.0 0.0 0.224 0 TOUCH_DOWN o
1402390836684 6 4098 605.3029 817.451 0.26666668 4.0 4.0 4.0 4.0 0.0 0.22800002 2 TOUCH_MOVE o
1402390836700 6 4098 603.24414 815.8841 0.3 5.0 5.0 5.0 5.0 0.0 0.22800002 2 TOUCH_MOVE o
1402390836717 6 4098 600.12805 814.451 0.3 5.0 5.0 5.0 5.0 0.0 0.22800002 2 TOUCH_MOVE o
1402390836737 6 4098 598.3218 817.4114 0.3 5.0 5.0 5.0 5.0 0.0 0.224 2 TOUCH_MOVE o
1402390836752 6 4098 598.0 832.451 0.23333335 4.0 4.0 4.0 4.0 0.0 0.2 2 TOUCH_MOVE o
1402390836758 6 4098 598.0 832.451 0.16666667 3.0 3.0 3.0 3.0 0.0 0.128 2 TOUCH_MOVE o
1402390836762 6 4098 598.0 832.451 0.16666667 3.0 3.0 3.0 3.0 0.0 0.128 1 TOUCH_UP o
1402390837066 6 4098 284.5 1232.9509 0.26666668 5.0 5.0 5.0 5.0 0.0 0.20400001 0 TOUCH_DOWN Space
1402390837088 6 4098 283.7443 1232.0674 0.26666668 5.0 5.0 5.0 5.0 0.0 0.21200001 2 TOUCH_MOVE Space
1402390837108 6 4098 282.24658 1227.9441 0.26666668 5.0 5.0 5.0 5.0 0.0 0.21200001 2 TOUCH_MOVE Space
1402390837117 6 4098 280.88058 1224.5927 0.26666668 5.0 5.0 5.0 5.0 0.0 0.21200001 2 TOUCH_MOVE Space
1402390837134 6 4098 279.9032 1223.3541 0.26666668 5.0 5.0 5.0 5.0 0.0 0.208 2 TOUCH_MOVE Space
1402390837150 6 4098 280.0 1222.332 0.23333335 4.0 4.0 4.0 4.0 0.0 0.192 2 TOUCH_MOVE Space
1402390837166 6 4098 280.0 1222.332 0.23333335 4.0 4.0 4.0 4.0 0.0 0.192 1 TOUCH_UP Space
1402390837515 6 4098 288.0 1073.4509 0.23333335 4.0 4.0 4.0 4.0 0.0 0.21200001 0 TOUCH_DOWN c
1402390837520 6 4098 288.0 1073.4509 0.3 5.0 5.0 5.0 5.0 0.0 0.216 2 TOUCH_MOVE c
1402390837551 6 4098 286.45392 1071.9048 0.26666668 4.0 4.0 4.0 4.0 0.0 0.216 2 TOUCH_MOVE c
1402390837570 6 4098 286.0 1070.9146 0.26666668 4.0 4.0 4.0 4.0 0.0 0.21200001 2 TOUCH_MOVE c
1402390837584 6 4098 286.75 1070.9509 0.23333335 4.0 4.0 4.0 4.0 0.0 0.2 2 TOUCH_MOVE c
1402390837589 6 4098 286.75 1070.9509 0.23333335 4.0 4.0 4.0 4.0 0.0 0.2 1 TOUCH_UP c
1402390837753 6 4098 407.0 950.951 0.26666668 4.0 4.0 4.0 4.0 0.0 0.224 0 TOUCH_DOWN h
1402390837771 6 4098 407.0 950.951 0.3 5.0 5.0 5.0 5.0 0.0 0.22000001 2 TOUCH_MOVE h
1402390837801 6 4098 406.99832 950.951 0.3 5.0 5.0 5.0 5.0 0.0 0.224 2 TOUCH_MOVE h
1402390837812 6 4098 407.0 950.951 0.20000002 4.0 4.0 4.0 4.0 0.0 0.17600001 2 TOUCH_MOVE h
1402390837816 6 4098 407.0 950.951 0.20000002 4.0 4.0 4.0 4.0 0.0 0.17600001 1 TOUCH_UP h
1402390838018 6 4098 587.5 815.951 0.26666668 4.0 4.0 4.0 4.0 0.0 0.22000001 0 TOUCH_DOWN o
1402390838068 6 4098 587.95233 817.3557 0.26666668 4.0 4.0 4.0 4.0 0.0 0.216 2 TOUCH_MOVE o
1402390838084 6 4098 590.82275 826.24207 0.3 5.0 5.0 5.0 5.0 0.0 0.21200001 2 TOUCH_MOVE o
1402390838096 6 4098 592.5 833.951 0.23333335 4.0 4.0 4.0 4.0 0.0 0.18 2 TOUCH_MOVE o
1402390838100 6 4098 592.5 833.951 0.23333335 4.0 4.0 4.0 4.0 0.0 0.18 1 TOUCH_UP o
1402390838385 6 4098 335.5 1233.9509 0.26666668 5.0 5.0 5.0 5.0 0.0 0.2 0 TOUCH_DOWN Space
1402390838408 6 4098 334.211 1232.7675 0.26666668 5.0 5.0 5.0 5.0 0.0 0.208 2 TOUCH_MOVE Space
1402390838418 6 4098 331.33725 1228.4006 0.26666668 5.0 5.0 5.0 5.0 0.0 0.208 2 TOUCH_MOVE Space
1402390838437 6 4098 330.5 1224.4032 0.26666668 5.0 5.0 5.0 5.0 0.0 0.208 2 TOUCH_MOVE Space
1402390838451 6 4098 333.04712 1220.9038 0.26666668 5.0 5.0 5.0 5.0 0.0 0.20400001 2 TOUCH_MOVE Space
1402390838468 6 4098 338.0 1217.4509 0.23333335 4.0 4.0 4.0 4.0 0.0 0.192 2 TOUCH_MOVE Space
1402390838473 6 4098 338.0 1217.4509 0.13333334 2.0 2.0 2.0 2.0 0.0 0.128 2 TOUCH_MOVE Space
1402390838477 6 4098 338.0 1217.4509 0.13333334 2.0 2.0 2.0 2.0 0.0 0.128 1 TOUCH_UP Space
1402390838625 6 4098 415.5 1096.9509 0.23333335 4.0 4.0 4.0 4.0 0.0 0.216 0 TOUCH_DOWN b
1402390838636 6 4098 415.1564 1096.6073 0.23333335 4.0 4.0 4.0 4.0 0.0 0.22000001 2 TOUCH_MOVE b
1402390838657 6 4098 410.22113 1093.3231 0.26666668 5.0 5.0 5.0 5.0 0.0 0.22000001 2 TOUCH_MOVE b
1402390838668 6 4098 404.6357 1089.7688 0.26666668 5.0 5.0 5.0 5.0 0.0 0.216 2 TOUCH_MOVE b
1402390838686 6 4098 400.65268 1087.7772 0.26666668 5.0 5.0 5.0 5.0 0.0 0.216 2 TOUCH_MOVE b
1402390838702 6 4098 395.60892 1086.6094 0.26666668 5.0 5.0 5.0 5.0 0.0 0.20400001 2 TOUCH_MOVE b
1402390838717 6 4098 393.0 1086.4509 0.16666667 3.0 3.0 3.0 3.0 0.0 0.1 2 TOUCH_MOVE b
1402390838720 6 4098 393.0 1086.4509 0.16666667 3.0 3.0 3.0 3.0 0.0 0.1 1 TOUCH_UP b
1402390838911 6 4098 84.5 959.951 0.26666668 4.0 4.0 4.0 4.0 0.0 0.22800002 0 TOUCH_DOWN a
1402390838952 6 4098 86.42628 961.592 0.26666668 4.0 4.0 4.0 4.0 0.0 0.224 2 TOUCH_MOVE a
1402390838969 6 4098 97.5 968.451 0.23333335 5.0 5.0 5.0 5.0 0.0 0.19600001 2 TOUCH_MOVE a
1402390838975 6 4098 97.5 968.451 0.16666667 3.0 3.0 3.0 3.0 0.0 0.124000005 2 TOUCH_MOVE a
1402390838980 6 4098 97.5 968.451 0.16666667 3.0 3.0 3.0 3.0 0.0 0.124000005 1 TOUCH_UP a
1402390839286 6 4098 483.0 1093.4509 0.26666668 4.0 4.0 4.0 4.0 0.0 0.21200001 0 TOUCH_DOWN n
1402390839314 6 4098 482.6348 1093.4509 0.23333335 4.0 4.0 4.0 4.0 0.0 0.21200001 2 TOUCH_MOVE n
1402390839320 6 4098 481.06277 1094.1696 0.26666668 4.0 4.0 4.0 4.0 0.0 0.216 2 TOUCH_MOVE n
1402390839336 6 4098 478.5573 1096.115 0.26666668 4.0 4.0 4.0 4.0 0.0 0.216 2 TOUCH_MOVE n
1402390839352 6 4098 476.06488 1104.4968 0.26666668 5.0 5.0 5.0 5.0 0.0 0.20400001 2 TOUCH_MOVE n
1402390839369 6 4098 475.0 1114.4509 0.16666667 3.0 3.0 3.0 3.0 0.0 0.18 2 TOUCH_MOVE n
1402390839372 6 4098 475.0 1114.4509 0.16666667 3.0 3.0 3.0 3.0 0.0 0.18 1 TOUCH_UP n
1402390839684 6 4098 299.5 1244.4509 0.16666667 4.0 4.0 4.0 4.0 0.0 0.192 0 TOUCH_DOWN Space
1402390839691 6 4098 299.38947 1244.4509 0.20000002 4.0 4.0 4.0 4.0 0.0 0.19600001 2 TOUCH_MOVE Space
1402390839712 6 4098 297.51553 1242.9664 0.20000002 4.0 4.0 4.0 4.0 0.0 0.2 2 TOUCH_MOVE Space
1402390839720 6 4098 293.8754 1239.9824 0.20000002 4.0 4.0 4.0 4.0 0.0 0.2 2 TOUCH_MOVE Space
1402390839736 6 4098 292.3445 1238.14 0.20000002 4.0 4.0 4.0 4.0 0.0 0.2 2 TOUCH_MOVE Space
1402390839756 6 4098 299.87753 1233.9917 0.23333335 4.0 4.0 4.0 4.0 0.0 0.2 2 TOUCH_MOVE Space
1402390839761 6 4098 307.5 1231.4509 0.23333335 4.0 4.0 4.0 4.0 0.0 0.18400002 2 TOUCH_MOVE Space
1402390839766 6 4098 307.5 1231.4509 0.23333335 4.0 4.0 4.0 4.0 0.0 0.18400002 1 TOUCH_UP Space
1402390839888 6 4098 431.5 1082.9509 0.26666668 5.0 5.0 5.0 5.0 0.0 0.216 0 TOUCH_DOWN b
1402390839906 6 4098 430.66382 1082.1147 0.26666668 4.0 4.0 4.0 4.0 0.0 0.224 2 TOUCH_MOVE b
1402390839920 6 4098 426.40793 1077.8589 0.26666668 4.0 4.0 4.0 4.0 0.0 0.224 2 TOUCH_MOVE b
1402390839939 6 4098 422.54456 1074.1094 0.26666668 4.0 4.0 4.0 4.0 0.0 0.224 2 TOUCH_MOVE b
1402390839954 6 4098 419.18613 1071.7417 0.26666668 4.0 4.0 4.0 4.0 0.0 0.22000001 2 TOUCH_MOVE b
1402390839970 6 4098 416.1454 1069.7145 0.26666668 4.0 4.0 4.0 4.0 0.0 0.2 2 TOUCH_MOVE b
1402390839979 6 4098 415.5 1069.4509 0.23333335 4.0 4.0 4.0 4.0 0.0 0.148 2 TOUCH_MOVE b
1402390839982 6 4098 415.5 1069.4509 0.23333335 4.0 4.0 4.0 4.0 0.0 0.148 1 TOUCH_UP b
1402390840196 6 4098 176.5 821.951 0.3 5.0 5.0 5.0 5.0 0.0 0.23200001 0 TOUCH_DOWN e
1402390840248 6 4098 180.5 822.951 0.26666668 4.0 4.0 4.0 4.0 0.0 0.18400002 2 TOUCH_MOVE e
1402390840252 6 4098 180.5 822.951 0.26666668 4.0 4.0 4.0 4.0 0.0 0.18400002 1 TOUCH_UP e
1402390840472 6 4098 287.0 1235.4509 0.20000002 4.0 4.0 4.0 4.0 0.0 0.2 0 TOUCH_DOWN Space
1402390840487 6 4098 286.47968 1235.4509 0.26666668 5.0 5.0 5.0 5.0 0.0 0.21200001 2 TOUCH_MOVE Space
1402390840508 6 4098 284.57553 1230.6775 0.26666668 5.0 5.0 5.0 5.0 0.0 0.216 2 TOUCH_MOVE Space
1402390840520 6 4098 282.98407 1225.3712 0.23333335 4.0 4.0 4.0 4.0 0.0 0.216 2 TOUCH_MOVE Space
1402390840537 6 4098 286.00165 1220.9493 0.23333335 4.0 4.0 4.0 4.0 0.0 0.216 2 TOUCH_MOVE Space
1402390840565 6 4098 305.5 1212.9509 0.26666668 5.0 5.0 5.0 5.0 0.0 0.17600001 2 TOUCH_MOVE Space
1402390840569 6 4098 305.5 1212.9509 0.26666668 5.0 5.0 5.0 5.0 0.0 0.17600001 1 TOUCH_UP Space
1402390840699 6 4098 443.0 1097.9509 0.3 5.0 5.0 5.0 5.0 0.0 0.216 0 TOUCH_DOWN b
1402390840722 6 4098 437.60925 1093.9384 0.26666668 5.0 5.0 5.0 5.0 0.0 0.224 2 TOUCH_MOVE b
1402390840737 6 4098 427.72125 1086.609 0.26666668 4.0 4.0 4.0 4.0 0.0 0.224 2 TOUCH_MOVE b
1402390840754 6 4098 422.6158 1083.0378 0.23333335 4.0 4.0 4.0 4.0 0.0 0.224 2 TOUCH_MOVE b
1402390840772 6 4098 421.05826 1082.4509 0.23333335 4.0 4.0 4.0 4.0 0.0 0.22000001 2 TOUCH_MOVE b
1402390840787 6 4098 421.0 1082.4509 0.23333335 4.0 4.0 4.0 4.0 0.0 0.216 2 TOUCH_MOVE b
1402390840799 6 4098 421.0 1082.4509 0.23333335 5.0 5.0 5.0 5.0 0.0 0.136 2 TOUCH_MOVE b
1402390840802 6 4098 421.0 1082.4509 0.23333335 5.0 5.0 5.0 5.0 0.0 0.136 1 TOUCH_UP b
1402390841017 6 4098 516.0 832.951 0.33333334 5.0 5.0 5.0 5.0 0.0 0.224 0 TOUCH_DOWN i
1402390841038 6 4098 513.8075 831.60474 0.33333334 5.0 5.0 5.0 5.0 0.0 0.224 2 TOUCH_MOVE i
1402390841068 6 4098 509.32587 827.77686 0.3 5.0 5.0 5.0 5.0 0.0 0.224 2 TOUCH_MOVE i
1402390841071 6 4098 505.75085 825.1182 0.3 5.0 5.0 5.0 5.0 0.0 0.22000001 2 TOUCH_MOVE i
1402390841087 6 4098 502.76083 824.451 0.3 5.0 5.0 5.0 5.0 0.0 0.216 2 TOUCH_MOVE i
1402390841104 6 4098 499.17847 824.951 0.3 5.0 5.0 5.0 5.0 0.0 0.19600001 2 TOUCH_MOVE i
1402390841108 6 4098 499.0 824.951 0.26666668 5.0 5.0 5.0 5.0 0.0 0.14400001 2 TOUCH_MOVE i
1402390841113 6 4098 499.0 824.951 0.26666668 5.0 5.0 5.0 5.0 0.0 0.14400001 1 TOUCH_UP i
1402390841326 6 4098 168.5 836.451 0.3 5.0 5.0 5.0 5.0 0.0 0.23200001 0 TOUCH_DOWN e
1402390841338 6 4098 168.5 836.451 0.33333334 5.0 5.0 5.0 5.0 0.0 0.23200001 2 TOUCH_MOVE e
1402390841371 6 4098 174.47112 836.8061 0.3 5.0 5.0 5.0 5.0 0.0 0.22800002 2 TOUCH_MOVE e
1402390841388 6 4098 197.28696 838.65393 0.26666668 4.0 4.0 4.0 4.0 0.0 0.216 2 TOUCH_MOVE e
1402390841401 6 4098 201.0 838.951 0.20000002 3.0 3.0 3.0 3.0 0.0 0.1 2 TOUCH_MOVE e
1402390841405 6 4098 201.0 838.951 0.20000002 3.0 3.0 3.0 3.0 0.0 0.1 1 TOUCH_UP e
1402390841591 6 4098 325.5 822.451 0.3 5.0 5.0 5.0 5.0 0.0 0.22800002 0 TOUCH_DOWN t
1402390841605 6 4098 324.6785 821.808 0.3 5.0 5.0 5.0 5.0 0.0 0.22800002 2 TOUCH_MOVE t
1402390841633 6 4098 323.18533 820.6363 0.3 5.0 5.0 5.0 5.0 0.0 0.23200001 2 TOUCH_MOVE t
1402390841640 6 4098 323.0 820.8285 0.3 5.0 5.0 5.0 5.0 0.0 0.23200001 2 TOUCH_MOVE t
1402390841652 6 4098 323.0 820.951 0.3 5.0 5.0 5.0 5.0 0.0 0.18800001 2 TOUCH_MOVE t
1402390841657 6 4098 323.0 820.951 0.3 5.0 5.0 5.0 5.0 0.0 0.18800001 1 TOUCH_UP t
1402390842420 6 4098 496.0 1222.9509 0.26666668 5.0 5.0 5.0 5.0 0.0 0.20400001 0 TOUCH_DOWN .
1402390842439 6 4098 495.4034 1222.3544 0.23333335 4.0 4.0 4.0 4.0 0.0 0.208 2 TOUCH_MOVE .
1402390842455 6 4098 492.49545 1218.2782 0.23333335 4.0 4.0 4.0 4.0 0.0 0.21200001 2 TOUCH_MOVE .
1402390842472 6 4098 490.14685 1215.4213 0.23333335 4.0 4.0 4.0 4.0 0.0 0.208 2 TOUCH_MOVE .
1402390842489 6 4098 488.6709 1214.7864 0.23333335 4.0 4.0 4.0 4.0 0.0 0.2 2 TOUCH_MOVE .
1402390842497 6 4098 487.5 1214.4509 0.23333335 4.0 4.0 4.0 4.0 0.0 0.17600001 2 TOUCH_MOVE .
1402390842500 6 4098 487.5 1214.4509 0.23333335 4.0 4.0 4.0 4.0 0.0 0.17600001 1 TOUCH_UP .
1402390842639 6 4098 255.0 1235.9509 0.23333335 4.0 4.0 4.0 4.0 0.0 0.208 0 TOUCH_DOWN Space
1402390842661 6 4098 253.10997 1234.9424 0.23333335 4.0 4.0 4.0 4.0 0.0 0.21200001 2 TOUCH_MOVE Space
1402390842673 6 4098 245.64365 1230.4156 0.23333335 4.0 4.0 4.0 4.0 0.0 0.216 2 TOUCH_MOVE Space
1402390842689 6 4098 240.45251 1227.6771 0.23333335 4.0 4.0 4.0 4.0 0.0 0.216 2 TOUCH_MOVE Space
1402390842707 6 4098 240.84167 1226.0902 0.23333335 4.0 4.0 4.0 4.0 0.0 0.208 2 TOUCH_MOVE Space
1402390842722 6 4098 253.7479 1224.3481 0.20000002 3.0 3.0 3.0 3.0 0.0 0.18 2 TOUCH_MOVE Space
1402390842727 6 4098 253.7479 1224.3481 0.20000002 3.0 3.0 3.0 3.0 0.0 0.18 1 TOUCH_UP Space
1402390843192 6 4098 477.0 1099.4509 0.26666668 4.0 4.0 4.0 4.0 0.0 0.21200001 0 TOUCH_DOWN N
1402390843229 6 4098 472.4735 1090.898 0.23333335 4.0 4.0 4.0 4.0 0.0 0.216 2 TOUCH_MOVE N
1402390843252 6 4098 470.5 1085.4509 0.13333334 2.0 2.0 2.0 2.0 0.0 0.112 2 TOUCH_MOVE N
1402390843257 6 4098 470.5 1085.4509 0.13333334 2.0 2.0 2.0 2.0 0.0 0.112 1 TOUCH_UP N
1402390843356 6 4098 411.0 963.451 0.3 5.0 5.0 5.0 5.0 0.0 0.224 0 TOUCH_DOWN h
1402390843390 6 4098 406.52783 955.01355 0.33333334 5.0 5.0 5.0 5.0 0.0 0.23200001 2 TOUCH_MOVE h
1402390843406 6 4098 404.0066 949.9642 0.33333334 5.0 5.0 5.0 5.0 0.0 0.224 2 TOUCH_MOVE h
1402390843423 6 4098 409.8163 946.54285 0.3 5.0 5.0 5.0 5.0 0.0 0.22800002 2 TOUCH_MOVE h
1402390843435 6 4098 422.0 943.451 0.33333334 5.0 5.0 5.0 5.0 0.0 0.16800001 2 TOUCH_MOVE h
1402390843451 6 4098 422.0 943.451 0.33333334 5.0 5.0 5.0 5.0 0.0 0.16800001 1 TOUCH_UP h
1402390843589 6 4098 598.5 797.951 0.3 5.0 5.0 5.0 5.0 0.0 0.224 0 TOUCH_DOWN o
1402390843607 6 4098 598.5 797.5504 0.3 5.0 5.0 5.0 5.0 0.0 0.22800002 2 TOUCH_MOVE o
1402390843624 6 4098 597.54913 794.5983 0.3 5.0 5.0 5.0 5.0 0.0 0.22800002 2 TOUCH_MOVE o
1402390843640 6 4098 596.75 793.701 0.3 5.0 5.0 5.0 5.0 0.0 0.22800002 2 TOUCH_MOVE o
1402390843657 6 4098 594.71124 800.76447 0.26666668 4.0 4.0 4.0 4.0 0.0 0.224 2 TOUCH_MOVE o
1402390843673 6 4098 593.0 811.451 0.3 5.0 5.0 5.0 5.0 0.0 0.216 2 TOUCH_MOVE o
1402390843677 6 4098 593.0 811.451 0.23333335 4.0 4.0 4.0 4.0 0.0 0.18800001 2 TOUCH_MOVE o
1402390843680 6 4098 593.0 811.451 0.23333335 4.0 4.0 4.0 4.0 0.0 0.18800001 1 TOUCH_UP o
1402390844222 6 4098 281.0 1198.9509 0.26666668 5.0 5.0 5.0 5.0 0.0 0.19600001 0 TOUCH_DOWN Space
1402390844240 6 4098 280.6535 1199.7974 0.26666668 5.0 5.0 5.0 5.0 0.0 0.20400001 2 TOUCH_MOVE Space
1402390844258 6 4098 279.6682 1200.7827 0.26666668 5.0 5.0 5.0 5.0 0.0 0.208 2 TOUCH_MOVE Space
1402390844274 6 4098 278.15845 1200.9509 0.26666668 5.0 5.0 5.0 5.0 0.0 0.21200001 2 TOUCH_MOVE Space
1402390844290 6 4098 277.1621 1200.9509 0.26666668 5.0 5.0 5.0 5.0 0.0 0.208 2 TOUCH_MOVE Space
1402390844307 6 4098 276.75 1200.9509 0.26666668 5.0 5.0 5.0 5.0 0.0 0.208 2 TOUCH_MOVE Space
1402390844324 6 4098 277.0 1200.4509 0.23333335 5.0 5.0 5.0 5.0 0.0 0.192 2 TOUCH_MOVE Space
1402390844342 6 4098 277.0 1200.4509 0.23333335 5.0 5.0 5.0 5.0 0.0 0.156 2 TOUCH_MOVE Space
1402390844348 6 4098 277.0 1200.4509 0.23333335 5.0 5.0 5.0 5.0 0.0 0.156 1 TOUCH_UP Space
1402390844526 6 4098 213.5 943.951 0.33333334 5.0 5.0 5.0 5.0 0.0 0.22800002 0 TOUCH_DOWN d
1402390844559 6 4098 212.71347 943.6645 0.33333334 5.0 5.0 5.0 5.0 0.0 0.23600002 2 TOUCH_MOVE d
1402390844574 6 4098 211.71794 942.951 0.33333334 5.0 5.0 5.0 5.0 0.0 0.22800002 2 TOUCH_MOVE d
1402390844611 6 4098 208.5 947.951 0.23333335 4.0 4.0 4.0 4.0 0.0 0.18800001 2 TOUCH_MOVE d
1402390844614 6 4098 208.5 947.951 0.23333335 4.0 4.0 4.0 4.0 0.0 0.18800001 1 TOUCH_UP d
1402390844748 6 4098 48.0 970.951 0.23333335 4.0 4.0 4.0 4.0 0.0 0.208 0 TOUCH_DOWN a
1402390844758 6 4098 48.0 970.951 0.23333335 4.0 4.0 4.0 4.0 0.0 0.21200001 2 TOUCH_MOVE a
1402390844791 6 4098 53.462032 968.7081 0.20000002 3.0 3.0 3.0 3.0 0.0 0.21200001 2 TOUCH_MOVE a
1402390844812 6 4098 73.5 966.451 0.20000002 4.0 4.0 4.0 4.0 0.0 0.18 2 TOUCH_MOVE a
1402390844815 6 4098 73.5 966.451 0.20000002 4.0 4.0 4.0 4.0 0.0 0.18 1 TOUCH_UP a
1402390845052 6 4098 312.0 806.951 0.3 5.0 5.0 5.0 5.0 0.0 0.23200001 0 TOUCH_DOWN t
1402390845076 6 4098 311.3099 806.2609 0.3 5.0 5.0 5.0 5.0 0.0 0.23600002 2 TOUCH_MOVE t
1402390845091 6 4098 310.5 806.8924 0.3 5.0 5.0 5.0 5.0 0.0 0.23200001 2 TOUCH_MOVE t
1402390845108 6 4098 315.096 823.47687 0.3 5.0 5.0 5.0 5.0 0.0 0.224 2 TOUCH_MOVE t
1402390845125 6 4098 322.0 845.951 0.23333335 5.0 5.0 5.0 5.0 0.0 0.16000001 2 TOUCH_MOVE t
1402390845128 6 4098 322.0 845.951 0.23333335 5.0 5.0 5.0 5.0 0.0 0.16000001 1 TOUCH_UP t
1402390845371 6 4098 290.0 1225.4509 0.23333335 4.0 4.0 4.0 4.0 0.0 0.208 0 TOUCH_DOWN Space
1402390845408 6 4098 288.85712 1224.308 0.23333335 4.0 4.0 4.0 4.0 0.0 0.21200001 2 TOUCH_MOVE Space
1402390845426 6 4098 292.11835 1223.0464 0.23333335 4.0 4.0 4.0 4.0 0.0 0.20400001 2 TOUCH_MOVE Space
1402390845445 6 4098 298.0 1221.4509 0.20000002 3.0 3.0 3.0 3.0 0.0 0.108 2 TOUCH_MOVE Space
1402390845453 6 4098 298.0 1221.4509 0.20000002 3.0 3.0 3.0 3.0 0.0 0.108 1 TOUCH_UP Space
1402390845660 6 4098 561.0 1099.9509 0.3 5.0 5.0 5.0 5.0 0.0 0.21200001 0 TOUCH_DOWN m
1402390845692 6 4098 556.4829 1098.4441 0.23333335 4.0 4.0 4.0 4.0 0.0 0.216 2 TOUCH_MOVE m
1402390845712 6 4098 550.66534 1094.7 0.23333335 4.0 4.0 4.0 4.0 0.0 0.21200001 2 TOUCH_MOVE m
1402390845728 6 4098 547.83813 1090.3036 0.20000002 4.0 4.0 4.0 4.0 0.0 0.20400001 2 TOUCH_MOVE m
1402390845742 6 4098 546.4416 1085.8341 0.20000002 3.0 3.0 3.0 3.0 0.0 0.104 2 TOUCH_MOVE m
1402390845746 6 4098 546.4416 1085.8341 0.20000002 3.0 3.0 3.0 3.0 0.0 0.104 1 TOUCH_UP m
1402390845903 6 4098 478.0 831.451 0.3 5.0 5.0 5.0 5.0 0.0 0.22800002 0 TOUCH_DOWN u
1402390845926 6 4098 477.4875 830.9385 0.3 5.0 5.0 5.0 5.0 0.0 0.23600002 2 TOUCH_MOVE u
1402390845942 6 4098 475.9646 829.9156 0.3 5.0 5.0 5.0 5.0 0.0 0.23200001 2 TOUCH_MOVE u
1402390845959 6 4098 474.46338 829.951 0.3 5.0 5.0 5.0 5.0 0.0 0.22800002 2 TOUCH_MOVE u
1402390845975 6 4098 471.39563 837.738 0.23333335 4.0 4.0 4.0 4.0 0.0 0.20400001 2 TOUCH_MOVE u
1402390845990 6 4098 471.0 838.951 0.13333334 2.0 2.0 2.0 2.0 0.0 0.124000005 2 TOUCH_MOVE u
1402390845995 6 4098 471.0 838.951 0.13333334 2.0 2.0 2.0 2.0 0.0 0.124000005 1 TOUCH_UP u
1402390846220 6 4098 42.5 964.951 0.23333335 4.0 4.0 4.0 4.0 0.0 0.208 0 TOUCH_DOWN a
1402390846242 6 4098 42.5 964.951 0.23333335 4.0 4.0 4.0 4.0 0.0 0.20400001 2 TOUCH_MOVE a
1402390846267 6 4098 42.5 963.9744 0.23333335 4.0 4.0 4.0 4.0 0.0 0.208 2 TOUCH_MOVE a
1402390846276 6 4098 48.803432 964.4331 0.20000002 3.0 3.0 3.0 3.0 0.0 0.21200001 2 TOUCH_MOVE a
1402390846287 6 4098 61.5 967.451 0.13333334 2.0 2.0 2.0 2.0 0.0 0.18400002 2 TOUCH_MOVE a
1402390846290 6 4098 61.5 967.451 0.13333334 2.0 2.0 2.0 2.0 0.0 0.18400002 1 TOUCH_UP a
1402390846456 6 4098 236.5 1232.4509 0.20000002 4.0 4.0 4.0 4.0 0.0 0.19600001 0 TOUCH_DOWN Space
1402390846526 6 4098 235.25 1232.4509 0.20000002 4.0 4.0 4.0 4.0 0.0 0.2 2 TOUCH_MOVE Space
1402390846538 6 4098 235.5 1232.4509 0.20000002 3.0 3.0 3.0 3.0 0.0 0.164 2 TOUCH_MOVE Space
1402390846556 6 4098 235.5 1232.4509 0.20000002 3.0 3.0 3.0 3.0 0.0 0.164 1 TOUCH_UP Space
1402390846689 6 4098 218.0 967.951 0.3 5.0 5.0 5.0 5.0 0.0 0.22800002 0 TOUCH_DOWN d
1402390846710 6 4098 217.09637 966.64374 0.3 5.0 5.0 5.0 5.0 0.0 0.23600002 2 TOUCH_MOVE d
1402390846726 6 4098 216.90323 963.64453 0.3 5.0 5.0 5.0 5.0 0.0 0.22800002 2 TOUCH_MOVE d
1402390846743 6 4098 229.75427 960.2718 0.3 5.0 5.0 5.0 5.0 0.0 0.22800002 2 TOUCH_MOVE d
1402390846761 6 4098 247.5 956.451 0.26666668 5.0 5.0 5.0 5.0 0.0 0.19600001 2 TOUCH_MOVE d
1402390846765 6 4098 247.5 956.451 0.26666668 5.0 5.0 5.0 5.0 0.0 0.19600001 1 TOUCH_UP d
1402390847000 6 4098 591.0 800.451 0.26666668 4.0 4.0 4.0 4.0 0.0 0.224 0 TOUCH_DOWN o
1402390847027 6 4098 589.98315 798.1758 0.3 5.0 5.0 5.0 5.0 0.0 0.22800002 2 TOUCH_MOVE o
1402390847043 6 4098 588.75 796.701 0.26666668 4.0 4.0 4.0 4.0 0.0 0.224 2 TOUCH_MOVE o
1402390847062 6 4098 589.6578 802.89764 0.23333335 4.0 4.0 4.0 4.0 0.0 0.21200001 2 TOUCH_MOVE o
1402390847074 6 4098 590.0 804.951 0.26666668 5.0 5.0 5.0 5.0 0.0 0.156 2 TOUCH_MOVE o
1402390847077 6 4098 590.0 804.951 0.26666668 5.0 5.0 5.0 5.0 0.0 0.156 1 TOUCH_UP o
1402390847583 6 4098 570.0 1227.4509 0.23333335 4.0 4.0 4.0 4.0 0.0 0.2 0 TOUCH_DOWN '
1402390847593 6 4098 570.0 1227.4509 0.23333335 4.0 4.0 4.0 4.0 0.0 0.20400001 2 TOUCH_MOVE '
1402390847613 6 4098 568.7791 1227.4509 0.23333335 4.0 4.0 4.0 4.0 0.0 0.20400001 2 TOUCH_MOVE '
1402390847627 6 4098 563.86957 1227.9167 0.26666668 5.0 5.0 5.0 5.0 0.0 0.19600001 2 TOUCH_MOVE '
1402390847634 6 4098 562.0 1228.4509 0.23333335 5.0 5.0 5.0 5.0 0.0 0.18800001 2 TOUCH_MOVE '
1402390847639 6 4098 562.0 1228.4509 0.23333335 5.0 5.0 5.0 5.0 0.0 0.18800001 1 TOUCH_UP '
1402390848262 6 4098 671.0 1102.9509 0.3 5.0 5.0 5.0 5.0 0.0 0.21200001 0 TOUCH_DOWN Back
1402390848277 6 4098 671.0 1102.3265 0.26666668 5.0 5.0 5.0 5.0 0.0 0.21200001 2 TOUCH_MOVE Back
1402390848294 6 4098 669.87744 1099.5833 0.26666668 5.0 5.0 5.0 5.0 0.0 0.21200001 2 TOUCH_MOVE Back
1402390848313 6 4098 669.1256 1098.0765 0.26666668 5.0 5.0 5.0 5.0 0.0 0.21200001 2 TOUCH_MOVE Back
1402390848327 6 4098 669.0 1098.5364 0.3 5.0 5.0 5.0 5.0 0.0 0.18800001 2 TOUCH_MOVE Back
1402390848331 6 4098 669.0 1098.5364 0.3 5.0 5.0 5.0 5.0 0.0 0.18800001 1 TOUCH_UP Back
1402390849352 6 4098 482.0 1204.4509 0.23333335 5.0 5.0 5.0 5.0 0.0 0.216 0 TOUCH_DOWN .
1402390849375 6 4098 482.0 1204.0282 0.23333335 4.0 4.0 4.0 4.0 0.0 0.22000001 2 TOUCH_MOVE .
1402390849393 6 4098 481.07605 1200.2551 0.23333335 4.0 4.0 4.0 4.0 0.0 0.22000001 2 TOUCH_MOVE .
1402390849403 6 4098 480.5 1198.0912 0.26666668 5.0 5.0 5.0 5.0 0.0 0.21200001 2 TOUCH_MOVE .
1402390849412 6 4098 480.5 1197.9509 0.23333335 4.0 4.0 4.0 4.0 0.0 0.208 2 TOUCH_MOVE .
1402390849416 6 4098 480.5 1197.9509 0.23333335 4.0 4.0 4.0 4.0 0.0 0.18 2 TOUCH_MOVE .
1402390849420 6 4098 480.5 1197.9509 0.23333335 4.0 4.0 4.0 4.0 0.0 0.18 1 TOUCH_UP .
1402390849577 6 4098 302.0 1253.9509 0.16666667 4.0 4.0 4.0 4.0 0.0 0.18800001 0 TOUCH_DOWN Space
1402390849612 6 4098 293.45755 1251.5653 0.20000002 5.0 5.0 5.0 5.0 0.0 0.192 2 TOUCH_MOVE Space
1402390849629 6 4098 289.85355 1251.4509 0.20000002 5.0 5.0 5.0 5.0 0.0 0.18800001 2 TOUCH_MOVE Space
1402390849645 6 4098 288.1197 1252.3312 0.16666667 4.0 4.0 4.0 4.0 0.0 0.18 2 TOUCH_MOVE Space
1402390849650 6 4098 288.0 1252.4509 0.16666667 4.0 4.0 4.0 4.0 0.0 0.156 2 TOUCH_MOVE Space
1402390849656 6 4098 288.0 1252.4509 0.16666667 4.0 4.0 4.0 4.0 0.0 0.156 1 TOUCH_UP Space
1402390849892 6 4098 200.0 1097.9509 0.3 5.0 5.0 5.0 5.0 0.0 0.22800002 0 TOUCH_DOWN X
1402390849923 6 4098 199.1785 1096.4865 0.3 5.0 5.0 5.0 5.0 0.0 0.22800002 2 TOUCH_MOVE X
1402390849930 6 4098 197.67838 1092.6644 0.26666668 4.0 4.0 4.0 4.0 0.0 0.22800002 2 TOUCH_MOVE X
1402390849946 6 4098 197.63393 1088.3661 0.23333335 4.0 4.0 4.0 4.0 0.0 0.22000001 2 TOUCH_MOVE X
1402390849960 6 4098 200.5 1084.9509 0.23333335 4.0 4.0 4.0 4.0 0.0 0.18800001 2 TOUCH_MOVE X
1402390849964 6 4098 200.5 1084.9509 0.23333335 4.0 4.0 4.0 4.0 0.0 0.18800001 1 TOUCH_UP X
1402390850130 6 4098 193.0 836.451 0.33333334 5.0 5.0 5.0 5.0 0.0 0.24000001 0 TOUCH_DOWN e
1402390850172 6 4098 191.25 835.201 0.33333334 5.0 5.0 5.0 5.0 0.0 0.24000001 2 TOUCH_MOVE e
1402390850198 6 4098 203.0 846.951 0.23333335 5.0 5.0 5.0 5.0 0.0 0.208 2 TOUCH_MOVE e
1402390850202 6 4098 203.0 846.951 0.20000002 3.0 3.0 3.0 3.0 0.0 0.120000005 2 TOUCH_MOVE e
1402390850206 6 4098 203.0 846.951 0.20000002 3.0 3.0 3.0 3.0 0.0 0.120000005 1 TOUCH_UP e
1402390850630 6 4098 570.5 1101.4509 0.26666668 4.0 4.0 4.0 4.0 0.0 0.22000001 0 TOUCH_DOWN m
1402390850649 6 4098 570.10077 1100.352 0.26666668 5.0 5.0 5.0 5.0 0.0 0.22000001 2 TOUCH_MOVE m
1402390850663 6 4098 568.1102 1097.3663 0.26666668 5.0 5.0 5.0 5.0 0.0 0.22000001 2 TOUCH_MOVE m
1402390850682 6 4098 566.11444 1096.1437 0.3 5.0 5.0 5.0 5.0 0.0 0.216 2 TOUCH_MOVE m
1402390850696 6 4098 563.4102 1099.2373 0.3 5.0 5.0 5.0 5.0 0.0 0.20400001 2 TOUCH_MOVE m
1402390850704 6 4098 560.5 1103.4509 0.33333334 5.0 5.0 5.0 5.0 0.0 0.18400002 2 TOUCH_MOVE m
1402390850708 6 4098 560.5 1103.4509 0.33333334 5.0 5.0 5.0 5.0 0.0 0.18400002 1 TOUCH_UP m
1402390850863 6 4098 300.5 1200.4509 0.26666668 5.0 5.0 5.0 5.0 0.0 0.22000001 0 TOUCH_DOWN Space
1402390850883 6 4098 299.53375 1199.4847 0.3 5.0 5.0 5.0 5.0 0.0 0.22800002 2 TOUCH_MOVE Space
1402390850896 6 4098 295.8927 1195.8436 0.3 5.0 5.0 5.0 5.0 0.0 0.224 2 TOUCH_MOVE Space
1402390850913 6 4098 294.35712 1193.6652 0.23333335 4.0 4.0 4.0 4.0 0.0 0.22800002 2 TOUCH_MOVE Space
1402390850930 6 4098 303.16324 1192.2848 0.26666668 5.0 5.0 5.0 5.0 0.0 0.216 2 TOUCH_MOVE Space
1402390850947 6 4098 342.16776 1190.9254 0.13333334 2.0 2.0 2.0 2.0 0.0 0.156 2 TOUCH_MOVE Space
1402390850950 6 4098 342.16776 1190.9254 0.13333334 2.0 2.0 2.0 2.0 0.0 0.156 1 TOUCH_UP Space
1402390851160 6 4098 623.5 945.451 0.33333334 5.0 5.0 5.0 5.0 0.0 0.224 0 TOUCH_DOWN l
1402390851197 6 4098 616.9778 941.13763 0.33333334 5.0 5.0 5.0 5.0 0.0 0.224 2 TOUCH_MOVE l
1402390851214 6 4098 612.5723 942.42206 0.33333334 5.0 5.0 5.0 5.0 0.0 0.22000001 2 TOUCH_MOVE l
1402390851230 6 4098 606.4092 948.5548 0.26666668 4.0 4.0 4.0 4.0 0.0 0.20400001 2 TOUCH_MOVE l
1402390851240 6 4098 600.0 955.451 0.13333334 2.0 2.0 2.0 2.0 0.0 0.16800001 2 TOUCH_MOVE l
1402390851243 6 4098 600.0 955.451 0.13333334 2.0 2.0 2.0 2.0 0.0 0.16800001 1 TOUCH_UP l
1402390851459 6 4098 92.0 963.451 0.26666668 4.0 4.0 4.0 4.0 0.0 0.22800002 0 TOUCH_DOWN a
1402390851464 6 4098 92.0 963.451 0.3 5.0 5.0 5.0 5.0 0.0 0.22800002 2 TOUCH_MOVE a
1402390851480 6 4098 90.949844 962.35065 0.26666668 4.0 4.0 4.0 4.0 0.0 0.23600002 2 TOUCH_MOVE a
1402390851497 6 4098 89.452065 960.3551 0.3 5.0 5.0 5.0 5.0 0.0 0.22800002 2 TOUCH_MOVE a
1402390851514 6 4098 97.00204 958.3673 0.3 5.0 5.0 5.0 5.0 0.0 0.22000001 2 TOUCH_MOVE a
1402390851530 6 4098 110.5 957.951 0.16666667 3.0 3.0 3.0 3.0 0.0 0.136 2 TOUCH_MOVE a
1402390851535 6 4098 110.5 957.951 0.16666667 3.0 3.0 3.0 3.0 0.0 0.136 1 TOUCH_UP a
1402390851776 6 4098 525.5 829.451 0.33333334 5.0 5.0 5.0 5.0 0.0 0.22800002 0 TOUCH_DOWN i
1402390851798 6 4098 523.02814 827.9651 0.3 5.0 5.0 5.0 5.0 0.0 0.23200001 2 TOUCH_MOVE i
1402390851814 6 4098 518.0516 825.47675 0.3 5.0 5.0 5.0 5.0 0.0 0.22800002 2 TOUCH_MOVE i
1402390851831 6 4098 516.0229 825.9281 0.33333334 5.0 5.0 5.0 5.0 0.0 0.23200001 2 TOUCH_MOVE i
1402390851848 6 4098 515.0 836.76373 0.26666668 4.0 4.0 4.0 4.0 0.0 0.224 2 TOUCH_MOVE i
1402390851864 6 4098 515.5 847.951 0.20000002 4.0 4.0 4.0 4.0 0.0 0.18800001 2 TOUCH_MOVE i
1402390851869 6 4098 515.5 847.951 0.20000002 4.0 4.0 4.0 4.0 0.0 0.18800001 1 TOUCH_UP i
1402390852529 6 4098 196.5 982.451 0.26666668 4.0 4.0 4.0 4.0 0.0 0.224 0 TOUCH_DOWN d
1402390852548 6 4098 196.0727 982.0237 0.26666668 4.0 4.0 4.0 4.0 0.0 0.22000001 2 TOUCH_MOVE d
1402390852565 6 4098 195.15265 980.7563 0.23333335 4.0 4.0 4.0 4.0 0.0 0.22000001 2 TOUCH_MOVE d
1402390852581 6 4098 195.0 978.7456 0.23333335 4.0 4.0 4.0 4.0 0.0 0.21200001 2 TOUCH_MOVE d
1402390852587 6 4098 195.0 978.451 0.16666667 3.0 3.0 3.0 3.0 0.0 0.18800001 2 TOUCH_MOVE d
1402390852589 6 4098 195.0 978.451 0.16666667 3.0 3.0 3.0 3.0 0.0 0.18800001 1 TOUCH_UP d
1402390852712 6 4098 55.5 985.951 0.23333335 4.0 4.0 4.0 4.0 0.0 0.21200001 0 TOUCH_DOWN a
1402390852765 6 4098 63.152542 988.1778 0.26666668 4.0 4.0 4.0 4.0 0.0 0.216 2 TOUCH_MOVE a
1402390852779 6 4098 85.5 992.951 0.33333334 5.0 5.0 5.0 5.0 0.0 0.19600001 2 TOUCH_MOVE a
1402390852782 6 4098 85.5 992.951 0.33333334 5.0 5.0 5.0 5.0 0.0 0.19600001 1 TOUCH_UP a
1402390853068 6 4098 490.0 1112.9509 0.3 5.0 5.0 5.0 5.0 0.0 0.208 0 TOUCH_DOWN n
1402390853101 6 4098 489.5 1107.1494 0.26666668 4.0 4.0 4.0 4.0 0.0 0.21200001 2 TOUCH_MOVE n
1402390853116 6 4098 489.5 1102.4889 0.3 5.0 5.0 5.0 5.0 0.0 0.21200001 2 TOUCH_MOVE n
1402390853132 6 4098 489.75763 1096.6323 0.26666668 5.0 5.0 5.0 5.0 0.0 0.20400001 2 TOUCH_MOVE n
1402390853139 6 4098 490.0 1094.4509 0.20000002 4.0 4.0 4.0 4.0 0.0 0.18 2 TOUCH_MOVE n
1402390853142 6 4098 490.0 1094.4509 0.20000002 4.0 4.0 4.0 4.0 0.0 0.18 1 TOUCH_UP n
1402390853271 6 4098 437.0 952.951 0.3 5.0 5.0 5.0 5.0 0.0 0.23200001 0 TOUCH_DOWN h
1402390853282 6 4098 437.0 952.951 0.3 5.0 5.0 5.0 5.0 0.0 0.22800002 2 TOUCH_MOVE h
1402390853316 6 4098 438.42612 970.6295 0.3 5.0 5.0 5.0 5.0 0.0 0.22000001 2 TOUCH_MOVE h
1402390853332 6 4098 440.20755 1001.923 0.3 5.0 5.0 5.0 5.0 0.0 0.20400001 2 TOUCH_MOVE h
1402390853340 6 4098 440.5 1012.451 0.23333335 5.0 5.0 5.0 5.0 0.0 0.156 2 TOUCH_MOVE h
1402390853343 6 4098 440.5 1012.451 0.23333335 5.0 5.0 5.0 5.0 0.0 0.156 1 TOUCH_UP h
1402390853784 6 4098 685.0 1097.9509 0.26666668 4.0 4.0 4.0 4.0 0.0 0.21200001 0 TOUCH_DOWN Back
1402390853808 6 4098 683.855 1096.5479 0.26666668 5.0 5.0 5.0 5.0 0.0 0.22000001 2 TOUCH_MOVE Back
1402390853816 6 4098 678.2208 1088.912 0.3 5.0 5.0 5.0 5.0 0.0 0.22000001 2 TOUCH_MOVE Back
1402390853833 6 4098 675.27075 1085.107 0.26666668 5.0 5.0 5.0 5.0 0.0 0.22000001 2 TOUCH_MOVE Back
1402390853849 6 4098 674.75 1084.7009 0.26666668 5.0 5.0 5.0 5.0 0.0 0.216 2 TOUCH_MOVE Back
1402390853862 6 4098 675.0 1084.9509 0.23333335 4.0 4.0 4.0 4.0 0.0 0.18400002 2 TOUCH_MOVE Back
1402390853865 6 4098 675.0 1084.9509 0.23333335 4.0 4.0 4.0 4.0 0.0 0.18400002 1 TOUCH_UP Back
1402390853967 6 4098 674.5 1106.9509 0.26666668 4.0 4.0 4.0 4.0 0.0 0.216 0 TOUCH_DOWN Back
1402390853999 6 4098 673.9781 1106.429 0.3 5.0 5.0 5.0 5.0 0.0 0.22000001 2 TOUCH_MOVE Back
1402390854016 6 4098 672.91187 1104.8628 0.3 5.0 5.0 5.0 5.0 0.0 0.21200001 2 TOUCH_MOVE Back
1402390854055 6 4098 674.0 1103.4509 0.20000002 3.0 3.0 3.0 3.0 0.0 0.14 2 TOUCH_MOVE Back
1402390854059 6 4098 674.0 1103.4509 0.20000002 3.0 3.0 3.0 3.0 0.0 0.14 1 TOUCH_UP Back
1402390854127 6 4098 676.0 1103.4509 0.26666668 4.0 4.0 4.0 4.0 0.0 0.21200001 0 TOUCH_DOWN Back
1402390854133 6 4098 676.0 1103.4509 0.3 5.0 5.0 5.0 5.0 0.0 0.216 2 TOUCH_MOVE Back
1402390854196 6 4098 676.0 1103.4509 0.3 5.0 5.0 5.0 5.0 0.0 0.216 1 TOUCH_UP Back
1402390854267 6 4098 685.0 1098.4509 0.26666668 4.0 4.0 4.0 4.0 0.0 0.216 0 TOUCH_DOWN Back
1402390854301 6 4098 684.449 1096.8489 0.26666668 4.0 4.0 4.0 4.0 0.0 0.22000001 2 TOUCH_MOVE Back
1402390854317 6 4098 684.5 1095.4181 0.26666668 4.0 4.0 4.0 4.0 0.0 0.22000001 2 TOUCH_MOVE Back
1402390854333 6 4098 684.5 1094.7009 0.26666668 4.0 4.0 4.0 4.0 0.0 0.216 2 TOUCH_MOVE Back
1402390854350 6 4098 685.01227 1095.9755 0.23333335 4.0 4.0 4.0 4.0 0.0 0.20400001 2 TOUCH_MOVE Back
1402390854364 6 4098 685.0 1097.9509 0.26666668 4.0 4.0 4.0 4.0 0.0 0.18400002 2 TOUCH_MOVE Back
1402390854367 6 4098 685.0 1097.9509 0.26666668 4.0 4.0 4.0 4.0 0.0 0.18400002 1 TOUCH_UP Back
1402390854872 6 4098 312.5 1219.9509 0.23333335 4.0 4.0 4.0 4.0 0.0 0.21200001 0 TOUCH_DOWN Space
1402390854884 6 4098 312.5 1219.9509 0.23333335 4.0 4.0 4.0 4.0 0.0 0.216 2 TOUCH_MOVE Space
1402390854906 6 4098 311.12753 1219.0146 0.26666668 5.0 5.0 5.0 5.0 0.0 0.22000001 2 TOUCH_MOVE Space
1402390854931 6 4098 309.13593 1218.0189 0.23333335 4.0 4.0 4.0 4.0 0.0 0.216 2 TOUCH_MOVE Space
1402390854936 6 4098 308.25 1217.9509 0.23333335 4.0 4.0 4.0 4.0 0.0 0.216 2 TOUCH_MOVE Space
1402390854951 6 4098 311.4688 1219.2738 0.23333335 4.0 4.0 4.0 4.0 0.0 0.20400001 2 TOUCH_MOVE Space
1402390854962 6 4098 315.5 1220.9509 0.26666668 5.0 5.0 5.0 5.0 0.0 0.18 2 TOUCH_MOVE Space
1402390854967 6 4098 315.5 1220.9509 0.26666668 5.0 5.0 5.0 5.0 0.0 0.18 1 TOUCH_UP Space
1402390855351 6 4098 196.5 970.951 0.23333335 4.0 4.0 4.0 4.0 0.0 0.224 0 TOUCH_DOWN d
1402390855384 6 4098 195.67775 969.80646 0.26666668 4.0 4.0 4.0 4.0 0.0 0.224 2 TOUCH_MOVE d
1402390855401 6 4098 194.1548 968.1058 0.26666668 5.0 5.0 5.0 5.0 0.0 0.224 2 TOUCH_MOVE d
1402390855417 6 4098 193.15479 967.951 0.23333335 4.0 4.0 4.0 4.0 0.0 0.2 2 TOUCH_MOVE d
1402390855423 6 4098 193.0 967.951 0.13333334 2.0 2.0 2.0 2.0 0.0 0.14 2 TOUCH_MOVE d
1402390855427 6 4098 193.0 967.951 0.13333334 2.0 2.0 2.0 2.0 0.0 0.14 1 TOUCH_UP d
1402390855540 6 4098 66.5 974.951 0.23333335 4.0 4.0 4.0 4.0 0.0 0.216 0 TOUCH_DOWN a
1402390855585 6 4098 65.816605 975.3593 0.23333335 4.0 4.0 4.0 4.0 0.0 0.224 2 TOUCH_MOVE a
1402390855601 6 4098 81.843285 980.9608 0.26666668 4.0 4.0 4.0 4.0 0.0 0.21200001 2 TOUCH_MOVE a
1402390855610 6 4098 86.5 982.451 0.3 5.0 5.0 5.0 5.0 0.0 0.192 2 TOUCH_MOVE a
1402390855616 6 4098 86.5 982.451 0.3 5.0 5.0 5.0 5.0 0.0 0.192 1 TOUCH_UP a
1402390855910 6 4098 469.0 1090.9509 0.23333335 4.0 4.0 4.0 4.0 0.0 0.21200001 0 TOUCH_DOWN n
1402390855919 6 4098 469.0 1090.9509 0.23333335 4.0 4.0 4.0 4.0 0.0 0.216 2 TOUCH_MOVE n
1402390855935 6 4098 468.24875 1090.1997 0.23333335 4.0 4.0 4.0 4.0 0.0 0.22000001 2 TOUCH_MOVE n
1402390855951 6 4098 467.2497 1089.2006 0.23333335 4.0 4.0 4.0 4.0 0.0 0.224 2 TOUCH_MOVE n
1402390855968 6 4098 466.2888 1088.0286 0.23333335 4.0 4.0 4.0 4.0 0.0 0.216 2 TOUCH_MOVE n
1402390855983 6 4098 465.5 1086.4509 0.16666667 3.0 3.0 3.0 3.0 0.0 0.18800001 2 TOUCH_MOVE n
1402390855987 6 4098 465.5 1086.4509 0.16666667 3.0 3.0 3.0 3.0 0.0 0.18800001 1 TOUCH_UP n
1402390856116 6 4098 429.0 943.951 0.33333334 5.0 5.0 5.0 5.0 0.0 0.22800002 0 TOUCH_DOWN h
1402390856163 6 4098 429.6392 950.28613 0.3 5.0 5.0 5.0 5.0 0.0 0.22000001 2 TOUCH_MOVE h
1402390856169 6 4098 432.5 967.451 0.3 5.0 5.0 5.0 5.0 0.0 0.2 2 TOUCH_MOVE h
1402390856176 6 4098 432.5 967.451 0.20000002 3.0 3.0 3.0 3.0 0.0 0.108 2 TOUCH_MOVE h
1402390856183 6 4098 432.5 967.451 0.20000002 3.0 3.0 3.0 3.0 0.0 0.108 1 TOUCH_UP h
1402390856335 6 4098 372.5 1227.9509 0.23333335 4.0 4.0 4.0 4.0 0.0 0.208 0 TOUCH_DOWN Space
1402390856356 6 4098 371.2885 1227.5952 0.23333335 4.0 4.0 4.0 4.0 0.0 0.21200001 2 TOUCH_MOVE Space
1402390856368 6 4098 365.9833 1224.9426 0.23333335 4.0 4.0 4.0 4.0 0.0 0.22000001 2 TOUCH_MOVE Space
1402390856385 6 4098 360.6438 1221.9373 0.23333335 4.0 4.0 4.0 4.0 0.0 0.216 2 TOUCH_MOVE Space
1402390856408 6 4098 358.66724 1220.7845 0.23333335 4.0 4.0 4.0 4.0 0.0 0.21200001 2 TOUCH_MOVE Space
1402390856418 6 4098 357.0 1219.4509 0.16666667 3.0 3.0 3.0 3.0 0.0 0.18800001 2 TOUCH_MOVE Space
1402390856423 6 4098 357.0 1219.4509 0.16666667 3.0 3.0 3.0 3.0 0.0 0.18800001 1 TOUCH_UP Space
1402390856739 6 4098 128.5 966.451 0.26666668 4.0 4.0 4.0 4.0 0.0 0.224 0 TOUCH_DOWN s
1402390856754 6 4098 127.69467 965.5439 0.3 5.0 5.0 5.0 5.0 0.0 0.224 2 TOUCH_MOVE s
1402390856773 6 4098 124.2001 961.05115 0.3 5.0 5.0 5.0 5.0 0.0 0.23200001 2 TOUCH_MOVE s
1402390856786 6 4098 121.2045 957.057 0.3 5.0 5.0 5.0 5.0 0.0 0.23200001 2 TOUCH_MOVE s
1402390856804 6 4098 119.30958 955.8558 0.3 5.0 5.0 5.0 5.0 0.0 0.224 2 TOUCH_MOVE s
1402390856819 6 4098 118.40443 955.451 0.3 5.0 5.0 5.0 5.0 0.0 0.21200001 2 TOUCH_MOVE s
1402390856828 6 4098 118.0 955.951 0.23333335 4.0 4.0 4.0 4.0 0.0 0.17600001 2 TOUCH_MOVE s
1402390856831 6 4098 118.0 955.951 0.23333335 4.0 4.0 4.0 4.0 0.0 0.17600001 1 TOUCH_UP s
1402390856947 6 4098 56.5 981.451 0.23333335 4.0 4.0 4.0 4.0 0.0 0.21200001 0 TOUCH_DOWN a
1402390856969 6 4098 55.9759 981.9751 0.23333335 4.0 4.0 4.0 4.0 0.0 0.20400001 2 TOUCH_MOVE a
1402390856979 6 4098 56.0 982.451 0.23333335 4.0 4.0 4.0 4.0 0.0 0.192 2 TOUCH_MOVE a
1402390856983 6 4098 56.0 982.451 0.23333335 4.0 4.0 4.0 4.0 0.0 0.192 1 TOUCH_UP a
1402390857377 6 4098 271.0 1085.4509 0.26666668 5.0 5.0 5.0 5.0 0.0 0.224 0 TOUCH_DOWN c
1402390857388 6 4098 271.0 1084.9524 0.3 5.0 5.0 5.0 5.0 0.0 0.22800002 2 TOUCH_MOVE c
1402390857408 6 4098 270.5 1081.4716 0.3 5.0 5.0 5.0 5.0 0.0 0.224 2 TOUCH_MOVE c
1402390857419 6 4098 272.95755 1078.4828 0.3 5.0 5.0 5.0 5.0 0.0 0.224 2 TOUCH_MOVE c
1402390857436 6 4098 289.35904 1074.958 0.23333335 4.0 4.0 4.0 4.0 0.0 0.208 2 TOUCH_MOVE c
1402390857439 6 4098 289.5 1074.9509 0.13333334 2.0 2.0 2.0 2.0 0.0 0.17600001 2 TOUCH_MOVE c
1402390857443 6 4098 289.5 1074.9509 0.13333334 2.0 2.0 2.0 2.0 0.0 0.17600001 1 TOUCH_UP c
1402390857626 6 4098 420.5 963.451 0.26666668 4.0 4.0 4.0 4.0 0.0 0.22800002 0 TOUCH_DOWN h
1402390857638 6 4098 420.5 963.451 0.3 5.0 5.0 5.0 5.0 0.0 0.22800002 2 TOUCH_MOVE h
1402390857655 6 4098 419.22272 962.5623 0.26666668 4.0 4.0 4.0 4.0 0.0 0.22800002 2 TOUCH_MOVE h
1402390857671 6 4098 418.05646 963.3381 0.23333335 4.0 4.0 4.0 4.0 0.0 0.224 2 TOUCH_MOVE h
1402390857682 6 4098 419.0 968.951 0.20000002 3.0 3.0 3.0 3.0 0.0 0.19600001 2 TOUCH_MOVE h
1402390857685 6 4098 419.0 968.951 0.20000002 3.0 3.0 3.0 3.0 0.0 0.19600001 1 TOUCH_UP h
