1402129367662 6 4098 439.0 1097.9509 0.3 5.0 5.0 5.0 5.0 0.0 0.19600001 0 TOUCH_DOWN B
1402129367682 6 4098 439.0 1098.2651 0.3 5.0 5.0 5.0 5.0 0.0 0.2 2 TOUCH_MOVE B
1402129367694 6 4098 439.0 1099.041 0.3 5.0 5.0 5.0 5.0 0.0 0.20400001 2 TOUCH_MOVE B
1402129367710 6 4098 439.0 1099.9907 0.3 5.0 5.0 5.0 5.0 0.0 0.208 2 TOUCH_MOVE B
1402129367731 6 4098 439.0 1100.9618 0.3 5.0 5.0 5.0 5.0 0.0 0.208 2 TOUCH_MOVE B
1402129367743 6 4098 439.0 1101.7009 0.3 5.0 5.0 5.0 5.0 0.0 0.20400001 2 TOUCH_MOVE B
1402129367814 6 4098 439.0 1101.7009 0.3 5.0 5.0 5.0 5.0 0.0 0.20400001 1 TOUCH_UP B
1402129367878 6 4098 52.0 959.451 0.20000002 3.0 3.0 3.0 3.0 0.0 0.18 0 TOUCH_DOWN a
1402129367968 6 4098 52.0 959.451 0.16666667 3.0 3.0 3.0 3.0 0.0 0.156 2 TOUCH_MOVE a
1402129367971 6 4098 52.0 959.451 0.16666667 3.0 3.0 3.0 3.0 0.0 0.156 1 TOUCH_UP a
1402129368068 6 4098 291.5 1099.4509 0.26666668 4.0 4.0 4.0 4.0 0.0 0.20400001 0 TOUCH_DOWN c
1402129368078 6 4098 291.5 1099.4509 0.26666668 4.0 4.0 4.0 4.0 0.0 0.208 2 TOUCH_MOVE c
1402129368127 6 4098 291.5 1100.5494 0.26666668 4.0 4.0 4.0 4.0 0.0 0.216 2 TOUCH_MOVE c
1402129368144 6 4098 291.5 1102.0055 0.26666668 5.0 5.0 5.0 5.0 0.0 0.20400001 2 TOUCH_MOVE c
1402129368160 6 4098 291.5 1104.4509 0.20000002 3.0 3.0 3.0 3.0 0.0 0.104 2 TOUCH_MOVE c
1402129368165 6 4098 291.5 1104.4509 0.20000002 3.0 3.0 3.0 3.0 0.0 0.104 1 TOUCH_UP c
1402129368285 6 4098 304.5 1234.4509 0.13333334 2.0 2.0 2.0 2.0 0.0 0.18800001 0 TOUCH_DOWN Space
1402129368294 6 4098 304.5 1234.4509 0.13333334 2.0 2.0 2.0 2.0 0.0 0.192 2 TOUCH_MOVE Space
1402129368344 6 4098 305.01645 1234.4509 0.20000002 4.0 4.0 4.0 4.0 0.0 0.19600001 2 TOUCH_MOVE Space
1402129368360 6 4098 309.846 1233.3933 0.23333335 4.0 4.0 4.0 4.0 0.0 0.18400002 2 TOUCH_MOVE Space
1402129368365 6 4098 309.846 1233.3933 0.23333335 4.0 4.0 4.0 4.0 0.0 0.18400002 1 TOUCH_UP Space
1402129368622 6 4098 573.5 969.451 0.20000002 4.0 4.0 4.0 4.0 0.0 0.2 0 TOUCH_DOWN k
1402129368646 6 4098 573.04706 969.451 0.20000002 4.0 4.0 4.0 4.0 0.0 0.20400001 2 TOUCH_MOVE k
1402129368662 6 4098 572.1317 969.0827 0.23333335 4.0 4.0 4.0 4.0 0.0 0.208 2 TOUCH_MOVE k
1402129368677 6 4098 571.1767 967.3043 0.23333335 4.0 4.0 4.0 4.0 0.0 0.208 2 TOUCH_MOVE k
1402129368694 6 4098 570.5 963.88226 0.23333335 4.0 4.0 4.0 4.0 0.0 0.20400001 2 TOUCH_MOVE k
1402129368709 6 4098 570.5 962.951 0.23333335 4.0 4.0 4.0 4.0 0.0 0.148 2 TOUCH_MOVE k
1402129368712 6 4098 570.5 962.951 0.23333335 4.0 4.0 4.0 4.0 0.0 0.148 1 TOUCH_UP k
1402129368861 6 4098 551.5 829.451 0.3 5.0 5.0 5.0 5.0 0.0 0.208 0 TOUCH_DOWN i
1402129368878 6 4098 551.5 829.451 0.3 5.0 5.0 5.0 5.0 0.0 0.21200001 2 TOUCH_MOVE i
1402129368944 6 4098 551.711 830.37305 0.3 5.0 5.0 5.0 5.0 0.0 0.20400001 2 TOUCH_MOVE i
1402129368961 6 4098 554.02734 835.6814 0.26666668 5.0 5.0 5.0 5.0 0.0 0.18400002 2 TOUCH_MOVE i
1402129368970 6 4098 553.5 834.451 0.23333335 5.0 5.0 5.0 5.0 0.0 0.136 2 TOUCH_MOVE i
1402129368973 6 4098 553.5 834.451 0.23333335 5.0 5.0 5.0 5.0 0.0 0.136 1 TOUCH_UP i
1402129369165 6 4098 580.0 1099.4509 0.20000002 4.0 4.0 4.0 4.0 0.0 0.192 0 TOUCH_DOWN m
1402129369178 6 4098 580.0 1099.4509 0.20000002 4.0 4.0 4.0 4.0 0.0 0.19600001 2 TOUCH_MOVE m
1402129369197 6 4098 580.0 1100.0748 0.20000002 4.0 4.0 4.0 4.0 0.0 0.19600001 2 TOUCH_MOVE m
1402129369211 6 4098 580.0 1101.0533 0.20000002 4.0 4.0 4.0 4.0 0.0 0.2 2 TOUCH_MOVE m
1402129369228 6 4098 580.0 1101.4855 0.20000002 4.0 4.0 4.0 4.0 0.0 0.2 2 TOUCH_MOVE m
1402129369245 6 4098 579.4894 1101.4509 0.20000002 4.0 4.0 4.0 4.0 0.0 0.18800001 2 TOUCH_MOVE m
1402129369260 6 4098 579.4894 1101.4509 0.20000002 4.0 4.0 4.0 4.0 0.0 0.18800001 1 TOUCH_UP m
1402129369471 6 4098 324.5 1234.9509 0.20000002 4.0 4.0 4.0 4.0 0.0 0.18800001 0 TOUCH_DOWN Space
1402129369502 6 4098 324.5 1234.9509 0.20000002 4.0 4.0 4.0 4.0 0.0 0.192 2 TOUCH_MOVE Space
1402129369542 6 4098 324.5 1234.4509 0.23333335 4.0 4.0 4.0 4.0 0.0 0.15200001 2 TOUCH_MOVE Space
1402129369545 6 4098 324.5 1234.4509 0.23333335 4.0 4.0 4.0 4.0 0.0 0.15200001 1 TOUCH_UP Space
1402129369859 6 4098 339.0 839.951 0.26666668 4.0 4.0 4.0 4.0 0.0 0.208 0 TOUCH_DOWN t
1402129369878 6 4098 339.0 839.951 0.26666668 4.0 4.0 4.0 4.0 0.0 0.21200001 2 TOUCH_MOVE t
1402129369930 6 4098 344.0 839.951 0.20000002 4.0 4.0 4.0 4.0 0.0 0.17600001 2 TOUCH_MOVE t
1402129369935 6 4098 344.0 839.951 0.20000002 4.0 4.0 4.0 4.0 0.0 0.17600001 1 TOUCH_UP t
1402129370062 6 4098 434.5 966.951 0.20000002 4.0 4.0 4.0 4.0 0.0 0.192 0 TOUCH_DOWN h
1402129370079 6 4098 434.5 966.951 0.20000002 4.0 4.0 4.0 4.0 0.0 0.19600001 2 TOUCH_MOVE h
1402129370146 6 4098 434.5 967.451 0.20000002 4.0 4.0 4.0 4.0 0.0 0.2 2 TOUCH_MOVE h
1402129370149 6 4098 434.5 967.451 0.20000002 4.0 4.0 4.0 4.0 0.0 0.17600001 2 TOUCH_MOVE h
1402129370152 6 4098 434.5 967.451 0.20000002 4.0 4.0 4.0 4.0 0.0 0.17600001 1 TOUCH_UP h
1402129370331 6 4098 54.5 956.451 0.20000002 3.0 3.0 3.0 3.0 0.0 0.18800001 0 TOUCH_DOWN a
1402129370337 6 4098 54.5 956.451 0.20000002 3.0 3.0 3.0 3.0 0.0 0.192 2 TOUCH_MOVE a
1402129370364 6 4098 54.5 955.49133 0.23333335 4.0 4.0 4.0 4.0 0.0 0.2 2 TOUCH_MOVE a
1402129370379 6 4098 54.5 954.534 0.23333335 4.0 4.0 4.0 4.0 0.0 0.20400001 2 TOUCH_MOVE a
1402129370396 6 4098 54.5 953.57074 0.23333335 4.0 4.0 4.0 4.0 0.0 0.2 2 TOUCH_MOVE a
1402129370413 6 4098 54.5 952.701 0.23333335 4.0 4.0 4.0 4.0 0.0 0.20400001 2 TOUCH_MOVE a
1402129370432 6 4098 55.321598 952.951 0.23333335 4.0 4.0 4.0 4.0 0.0 0.2 2 TOUCH_MOVE a
1402129370447 6 4098 55.5 953.3063 0.23333335 4.0 4.0 4.0 4.0 0.0 0.2 2 TOUCH_MOVE a
1402129370461 6 4098 55.5 953.451 0.20000002 3.0 3.0 3.0 3.0 0.0 0.18400002 2 TOUCH_MOVE a
1402129370466 6 4098 55.5 953.451 0.20000002 3.0 3.0 3.0 3.0 0.0 0.18400002 1 TOUCH_UP a
1402129370629 6 4098 507.0 1105.4509 0.3 5.0 5.0 5.0 5.0 0.0 0.2 0 TOUCH_DOWN n
1402129370652 6 4098 507.0 1105.8403 0.26666668 4.0 4.0 4.0 4.0 0.0 0.20400001 2 TOUCH_MOVE n
1402129370663 6 4098 506.62076 1106.3302 0.33333334 5.0 5.0 5.0 5.0 0.0 0.20400001 2 TOUCH_MOVE n
1402129370680 6 4098 505.77258 1106.4509 0.33333334 5.0 5.0 5.0 5.0 0.0 0.20400001 2 TOUCH_MOVE n
1402129370697 6 4098 505.3349 1106.2858 0.3 5.0 5.0 5.0 5.0 0.0 0.19600001 2 TOUCH_MOVE n
1402129370704 6 4098 505.0 1105.9509 0.3 5.0 5.0 5.0 5.0 0.0 0.18 2 TOUCH_MOVE n
1402129370708 6 4098 505.0 1105.9509 0.3 5.0 5.0 5.0 5.0 0.0 0.18 1 TOUCH_UP n
1402129370946 6 4098 357.5 953.451 0.23333335 4.0 4.0 4.0 4.0 0.0 0.208 0 TOUCH_DOWN g
1402129370963 6 4098 357.5 953.451 0.23333335 4.0 4.0 4.0 4.0 0.0 0.21200001 2 TOUCH_MOVE g
1402129371032 6 4098 358.5 953.951 0.16666667 3.0 3.0 3.0 3.0 0.0 0.18 2 TOUCH_MOVE g
1402129371034 6 4098 358.5 953.951 0.13333334 2.0 2.0 2.0 2.0 0.0 0.1 2 TOUCH_MOVE g
1402129371038 6 4098 358.5 953.951 0.13333334 2.0 2.0 2.0 2.0 0.0 0.1 1 TOUCH_UP g
1402129371633 6 4098 696.0 1217.9509 0.16666667 3.0 3.0 3.0 3.0 0.0 0.18400002 0 TOUCH_DOWN Enter
1402129371647 6 4098 696.0 1217.9509 0.16666667 3.0 3.0 3.0 3.0 0.0 0.18800001 2 TOUCH_MOVE Enter
1402129371663 6 4098 692.1569 1217.9509 0.20000002 3.0 3.0 3.0 3.0 0.0 0.18800001 2 TOUCH_MOVE Enter
1402129371682 6 4098 686.61096 1216.6036 0.23333335 4.0 4.0 4.0 4.0 0.0 0.192 2 TOUCH_MOVE Enter
1402129371697 6 4098 683.26587 1215.9509 0.23333335 4.0 4.0 4.0 4.0 0.0 0.18 2 TOUCH_MOVE Enter
1402129371702 6 4098 683.0 1215.9509 0.16666667 3.0 3.0 3.0 3.0 0.0 0.132 2 TOUCH_MOVE Enter
1402129371705 6 4098 683.0 1215.9509 0.16666667 3.0 3.0 3.0 3.0 0.0 0.132 1 TOUCH_UP Enter
1402129372036 6 4098 299.5 1089.9509 0.16666667 3.0 3.0 3.0 3.0 0.0 0.192 0 TOUCH_DOWN C
1402129372147 6 4098 299.5 1089.9509 0.23333335 4.0 4.0 4.0 4.0 0.0 0.192 2 TOUCH_MOVE C
1402129372153 6 4098 299.5 1089.9509 0.16666667 3.0 3.0 3.0 3.0 0.0 0.112 2 TOUCH_MOVE C
1402129372157 6 4098 299.5 1089.9509 0.16666667 3.0 3.0 3.0 3.0 0.0 0.112 1 TOUCH_UP C
1402129372394 6 4098 58.5 941.951 0.26666668 5.0 5.0 5.0 5.0 0.0 0.18 0 TOUCH_DOWN a
1402129372460 6 4098 60.459297 945.4103 0.23333335 4.0 4.0 4.0 4.0 0.0 0.19600001 2 TOUCH_MOVE a
1402129372464 6 4098 63.19688 948.1479 0.23333335 4.0 4.0 4.0 4.0 0.0 0.19600001 2 TOUCH_MOVE a
1402129372481 6 4098 65.02718 950.5054 0.23333335 4.0 4.0 4.0 4.0 0.0 0.192 2 TOUCH_MOVE a
1402129372499 6 4098 66.05137 952.0024 0.20000002 3.0 3.0 3.0 3.0 0.0 0.14 2 TOUCH_MOVE a
1402129372503 6 4098 66.05137 952.0024 0.20000002 3.0 3.0 3.0 3.0 0.0 0.14 1 TOUCH_UP a
1402129372748 6 4098 290.5 1201.4509 0.23333335 4.0 4.0 4.0 4.0 0.0 0.2 0 TOUCH_DOWN Space
1402129372767 6 4098 290.5 1201.4509 0.23333335 4.0 4.0 4.0 4.0 0.0 0.20400001 2 TOUCH_MOVE Space
1402129372784 6 4098 290.5 1202.3502 0.23333335 4.0 4.0 4.0 4.0 0.0 0.20400001 2 TOUCH_MOVE Space
1402129372798 6 4098 290.5 1203.3076 0.23333335 4.0 4.0 4.0 4.0 0.0 0.20400001 2 TOUCH_MOVE Space
1402129372815 6 4098 290.5 1205.0947 0.23333335 4.0 4.0 4.0 4.0 0.0 0.19600001 2 TOUCH_MOVE Space
1402129372832 6 4098 290.5 1206.2009 0.16666667 3.0 3.0 3.0 3.0 0.0 0.120000005 2 TOUCH_MOVE Space
1402129372835 6 4098 290.5 1206.2009 0.16666667 3.0 3.0 3.0 3.0 0.0 0.120000005 1 TOUCH_UP Space
1402129373074 6 4098 632.5 918.951 0.23333335 4.0 4.0 4.0 4.0 0.0 0.2 0 TOUCH_DOWN l
1402129373083 6 4098 632.5 918.951 0.23333335 4.0 4.0 4.0 4.0 0.0 0.20400001 2 TOUCH_MOVE l
1402129373102 6 4098 632.33246 919.6185 0.23333335 4.0 4.0 4.0 4.0 0.0 0.21200001 2 TOUCH_MOVE l
1402129373115 6 4098 631.36847 921.214 0.26666668 4.0 4.0 4.0 4.0 0.0 0.21200001 2 TOUCH_MOVE l
1402129373132 6 4098 630.4044 922.6421 0.26666668 4.0 4.0 4.0 4.0 0.0 0.21200001 2 TOUCH_MOVE l
1402129373148 6 4098 629.44867 924.5537 0.26666668 4.0 4.0 4.0 4.0 0.0 0.208 2 TOUCH_MOVE l
1402129373166 6 4098 628.5 926.9834 0.26666668 4.0 4.0 4.0 4.0 0.0 0.18800001 2 TOUCH_MOVE l
1402129373181 6 4098 628.5 927.451 0.16666667 3.0 3.0 3.0 3.0 0.0 0.128 2 TOUCH_MOVE l
1402129373186 6 4098 628.5 927.451 0.16666667 3.0 3.0 3.0 3.0 0.0 0.128 1 TOUCH_UP l
1402129373277 6 4098 47.5 963.951 0.16666667 3.0 3.0 3.0 3.0 0.0 0.18 0 TOUCH_DOWN a
1402129373368 6 4098 47.5 964.455 0.16666667 3.0 3.0 3.0 3.0 0.0 0.18400002 2 TOUCH_MOVE a
1402129373382 6 4098 48.0 965.467 0.16666667 3.0 3.0 3.0 3.0 0.0 0.18 2 TOUCH_MOVE a
1402129373393 6 4098 48.0 965.451 0.16666667 3.0 3.0 3.0 3.0 0.0 0.14 2 TOUCH_MOVE a
1402129373397 6 4098 48.0 965.451 0.16666667 3.0 3.0 3.0 3.0 0.0 0.14 1 TOUCH_UP a
1402129373481 6 4098 501.0 1105.4509 0.33333334 5.0 5.0 5.0 5.0 0.0 0.20400001 0 TOUCH_DOWN n
1402129373499 6 4098 501.0 1105.4509 0.33333334 5.0 5.0 5.0 5.0 0.0 0.208 2 TOUCH_MOVE n
1402129373551 6 4098 498.75 1105.4509 0.33333334 5.0 5.0 5.0 5.0 0.0 0.20400001 2 TOUCH_MOVE n
1402129373561 6 4098 498.75 1105.4509 0.33333334 5.0 5.0 5.0 5.0 0.0 0.20400001 1 TOUCH_UP n
1402129373775 6 4098 372.5 969.451 0.20000002 4.0 4.0 4.0 4.0 0.0 0.20400001 0 TOUCH_DOWN g
1402129373862 6 4098 373.0 970.451 0.23333335 4.0 4.0 4.0 4.0 0.0 0.17600001 2 TOUCH_MOVE g
1402129373865 6 4098 373.0 970.451 0.23333335 4.0 4.0 4.0 4.0 0.0 0.17600001 1 TOUCH_UP g
1402129374062 6 4098 348.5 1208.9509 0.23333335 4.0 4.0 4.0 4.0 0.0 0.18800001 0 TOUCH_DOWN Space
1402129374084 6 4098 348.5 1209.8527 0.23333335 4.0 4.0 4.0 4.0 0.0 0.192 2 TOUCH_MOVE Space
1402129374100 6 4098 348.5 1210.8167 0.23333335 4.0 4.0 4.0 4.0 0.0 0.19600001 2 TOUCH_MOVE Space
1402129374116 6 4098 348.5 1212.6123 0.20000002 3.0 3.0 3.0 3.0 0.0 0.18800001 2 TOUCH_MOVE Space
1402129374131 6 4098 348.5 1213.4509 0.16666667 3.0 3.0 3.0 3.0 0.0 0.104 2 TOUCH_MOVE Space
1402129374135 6 4098 348.5 1213.4509 0.16666667 3.0 3.0 3.0 3.0 0.0 0.104 1 TOUCH_UP Space
1402129374293 6 4098 440.5 1100.4509 0.3 5.0 5.0 5.0 5.0 0.0 0.2 0 TOUCH_DOWN b
1402129374406 6 4098 440.5 1100.4509 0.3 5.0 5.0 5.0 5.0 0.0 0.2 1 TOUCH_UP b
1402129374648 6 4098 545.0 831.951 0.3 5.0 5.0 5.0 5.0 0.0 0.20400001 0 TOUCH_DOWN i
1402129374652 6 4098 545.0 831.951 0.3 5.0 5.0 5.0 5.0 0.0 0.208 2 TOUCH_MOVE i
1402129374717 6 4098 546.25 831.951 0.3 5.0 5.0 5.0 5.0 0.0 0.20400001 2 TOUCH_MOVE i
1402129374729 6 4098 546.0 831.951 0.26666668 4.0 4.0 4.0 4.0 0.0 0.17600001 2 TOUCH_MOVE i
1402129374733 6 4098 546.0 831.951 0.26666668 4.0 4.0 4.0 4.0 0.0 0.17600001 1 TOUCH_UP i
1402129374991 6 4098 330.0 1199.9509 0.23333335 5.0 5.0 5.0 5.0 0.0 0.19600001 0 TOUCH_DOWN Space
1402129375038 6 4098 329.83157 1199.9509 0.23333335 5.0 5.0 5.0 5.0 0.0 0.20400001 2 TOUCH_MOVE Space
1402129375050 6 4098 328.82315 1199.9509 0.20000002 4.0 4.0 4.0 4.0 0.0 0.2 2 TOUCH_MOVE Space
1402129375067 6 4098 327.2186 1200.5917 0.23333335 4.0 4.0 4.0 4.0 0.0 0.18400002 2 TOUCH_MOVE Space
1402129375077 6 4098 327.0 1200.4509 0.23333335 4.0 4.0 4.0 4.0 0.0 0.148 2 TOUCH_MOVE Space
1402129375083 6 4098 327.0 1200.4509 0.23333335 4.0 4.0 4.0 4.0 0.0 0.148 1 TOUCH_UP Space
1402129375248 6 4098 250.5 817.451 0.23333335 4.0 4.0 4.0 4.0 0.0 0.19600001 0 TOUCH_DOWN r
1402129375252 6 4098 250.5 817.451 0.26666668 4.0 4.0 4.0 4.0 0.0 0.2 2 TOUCH_MOVE r
1402129375295 6 4098 250.6316 819.0826 0.3 5.0 5.0 5.0 5.0 0.0 0.22000001 2 TOUCH_MOVE r
1402129375303 6 4098 251.5 820.0506 0.3 5.0 5.0 5.0 5.0 0.0 0.22000001 2 TOUCH_MOVE r
1402129375326 6 4098 251.5 821.01337 0.3 5.0 5.0 5.0 5.0 0.0 0.22000001 2 TOUCH_MOVE r
1402129375350 6 4098 252.25 822.201 0.3 5.0 5.0 5.0 5.0 0.0 0.22000001 2 TOUCH_MOVE r
1402129375387 6 4098 252.0 821.951 0.23333335 5.0 5.0 5.0 5.0 0.0 0.18400002 2 TOUCH_MOVE r
1402129375388 6 4098 252.0 821.951 0.23333335 5.0 5.0 5.0 5.0 0.0 0.16000001 2 TOUCH_MOVE r
1402129375392 6 4098 252.0 821.951 0.23333335 5.0 5.0 5.0 5.0 0.0 0.16000001 1 TOUCH_UP r
1402129375529 6 4098 614.0 849.951 0.23333335 5.0 5.0 5.0 5.0 0.0 0.192 0 TOUCH_DOWN o
1402129375535 6 4098 614.0 849.951 0.26666668 5.0 5.0 5.0 5.0 0.0 0.19600001 2 TOUCH_MOVE o
1402129375576 6 4098 613.012 848.963 0.26666668 5.0 5.0 5.0 5.0 0.0 0.208 2 TOUCH_MOVE o
1402129375584 6 4098 611.13745 848.0197 0.26666668 5.0 5.0 5.0 5.0 0.0 0.208 2 TOUCH_MOVE o
1402129375603 6 4098 609.6011 847.951 0.23333335 4.0 4.0 4.0 4.0 0.0 0.208 2 TOUCH_MOVE o
1402129375617 6 4098 608.1282 847.951 0.23333335 4.0 4.0 4.0 4.0 0.0 0.208 2 TOUCH_MOVE o
1402129375636 6 4098 606.3455 848.77826 0.23333335 4.0 4.0 4.0 4.0 0.0 0.2 2 TOUCH_MOVE o
1402129375648 6 4098 605.5 849.451 0.16666667 3.0 3.0 3.0 3.0 0.0 0.124000005 2 TOUCH_MOVE o
1402129375652 6 4098 605.5 849.451 0.16666667 3.0 3.0 3.0 3.0 0.0 0.124000005 1 TOUCH_UP o
1402129376154 6 4098 665.5 1237.9509 0.20000002 5.0 5.0 5.0 5.0 0.0 0.18400002 0 TOUCH_DOWN Enter
1402129376168 6 4098 665.5 1237.9509 0.20000002 5.0 5.0 5.0 5.0 0.0 0.18800001 2 TOUCH_MOVE Enter
1402129376201 6 4098 661.9004 1235.8845 0.20000002 4.0 4.0 4.0 4.0 0.0 0.192 2 TOUCH_MOVE Enter
1402129376218 6 4098 659.5172 1234.4596 0.20000002 4.0 4.0 4.0 4.0 0.0 0.192 2 TOUCH_MOVE Enter
1402129376235 6 4098 658.05005 1233.501 0.20000002 4.0 4.0 4.0 4.0 0.0 0.18800001 2 TOUCH_MOVE Enter
1402129376251 6 4098 658.0 1232.1187 0.23333335 4.0 4.0 4.0 4.0 0.0 0.18 2 TOUCH_MOVE Enter
1402129376256 6 4098 658.0 1231.9509 0.20000002 3.0 3.0 3.0 3.0 0.0 0.156 2 TOUCH_MOVE Enter
1402129376259 6 4098 658.0 1231.9509 0.20000002 3.0 3.0 3.0 3.0 0.0 0.156 1 TOUCH_UP Enter
1402129377006 6 4098 266.0 1103.4509 0.33333334 5.0 5.0 5.0 5.0 0.0 0.19600001 0 TOUCH_DOWN C
1402129377019 6 4098 266.0 1103.4509 0.33333334 5.0 5.0 5.0 5.0 0.0 0.20400001 2 TOUCH_MOVE C
1402129377035 6 4098 266.6203 1104.5712 0.33333334 5.0 5.0 5.0 5.0 0.0 0.216 2 TOUCH_MOVE C
1402129377053 6 4098 268.65817 1106.6091 0.33333334 5.0 5.0 5.0 5.0 0.0 0.22000001 2 TOUCH_MOVE C
1402129377069 6 4098 269.53918 1107.4901 0.33333334 5.0 5.0 5.0 5.0 0.0 0.22000001 2 TOUCH_MOVE C
1402129377086 6 4098 270.0 1108.4475 0.33333334 5.0 5.0 5.0 5.0 0.0 0.22000001 2 TOUCH_MOVE C
1402129377102 6 4098 270.0 1109.2009 0.33333334 5.0 5.0 5.0 5.0 0.0 0.22000001 2 TOUCH_MOVE C
1402129377136 6 4098 270.0 1109.2009 0.33333334 5.0 5.0 5.0 5.0 0.0 0.22000001 1 TOUCH_UP C
1402129377331 6 4098 611.5 832.951 0.33333334 5.0 5.0 5.0 5.0 0.0 0.20400001 0 TOUCH_DOWN o
1402129377355 6 4098 611.5 832.951 0.33333334 5.0 5.0 5.0 5.0 0.0 0.208 2 TOUCH_MOVE o
1402129377369 6 4098 610.6664 832.951 0.33333334 5.0 5.0 5.0 5.0 0.0 0.21200001 2 TOUCH_MOVE o
1402129377390 6 4098 610.25 832.951 0.33333334 5.0 5.0 5.0 5.0 0.0 0.21200001 2 TOUCH_MOVE o
1402129377427 6 4098 610.5 833.451 0.26666668 5.0 5.0 5.0 5.0 0.0 0.16000001 2 TOUCH_MOVE o
1402129377430 6 4098 610.5 833.451 0.26666668 5.0 5.0 5.0 5.0 0.0 0.16000001 1 TOUCH_UP o
1402129377799 6 4098 336.5 836.951 0.26666668 4.0 4.0 4.0 4.0 0.0 0.21200001 0 TOUCH_DOWN t
1402129377819 6 4098 336.5 836.951 0.26666668 4.0 4.0 4.0 4.0 0.0 0.216 2 TOUCH_MOVE t
1402129377903 6 4098 336.0 836.951 0.26666668 5.0 5.0 5.0 5.0 0.0 0.16800001 2 TOUCH_MOVE t
1402129377907 6 4098 336.0 836.951 0.26666668 5.0 5.0 5.0 5.0 0.0 0.16800001 1 TOUCH_UP t
1402129378589 6 4098 287.5 1210.4509 0.23333335 4.0 4.0 4.0 4.0 0.0 0.2 0 TOUCH_DOWN Space
1402129378604 6 4098 287.5 1210.4509 0.23333335 4.0 4.0 4.0 4.0 0.0 0.20400001 2 TOUCH_MOVE Space
1402129378637 6 4098 287.5 1211.3114 0.23333335 4.0 4.0 4.0 4.0 0.0 0.208 2 TOUCH_MOVE Space
1402129378654 6 4098 288.2758 1212.7267 0.20000002 3.0 3.0 3.0 3.0 0.0 0.19600001 2 TOUCH_MOVE Space
1402129378674 6 4098 288.5 1212.9509 0.20000002 3.0 3.0 3.0 3.0 0.0 0.136 2 TOUCH_MOVE Space
1402129378686 6 4098 288.5 1212.9509 0.20000002 3.0 3.0 3.0 3.0 0.0 0.136 1 TOUCH_UP Space
1402129378849 6 4098 49.0 824.951 0.26666668 5.0 5.0 5.0 5.0 0.0 0.18800001 0 TOUCH_DOWN q
1402129378870 6 4098 49.0 824.951 0.26666668 5.0 5.0 5.0 5.0 0.0 0.192 2 TOUCH_MOVE q
1402129378887 6 4098 49.319443 825.77045 0.26666668 5.0 5.0 5.0 5.0 0.0 0.19600001 2 TOUCH_MOVE q
1402129378904 6 4098 50.32416 826.451 0.26666668 5.0 5.0 5.0 5.0 0.0 0.2 2 TOUCH_MOVE q
1402129378920 6 4098 51.0 826.7365 0.26666668 5.0 5.0 5.0 5.0 0.0 0.2 2 TOUCH_MOVE q
1402129378937 6 4098 51.74595 826.951 0.26666668 5.0 5.0 5.0 5.0 0.0 0.19600001 2 TOUCH_MOVE q
1402129378962 6 4098 51.5 827.451 0.26666668 5.0 5.0 5.0 5.0 0.0 0.18 2 TOUCH_MOVE q
1402129378969 6 4098 51.5 827.451 0.26666668 5.0 5.0 5.0 5.0 0.0 0.18 1 TOUCH_UP q
1402129379102 6 4098 471.0 841.951 0.26666668 4.0 4.0 4.0 4.0 0.0 0.21200001 0 TOUCH_DOWN u
1402129379120 6 4098 471.0 841.951 0.26666668 4.0 4.0 4.0 4.0 0.0 0.216 2 TOUCH_MOVE u
1402129379189 6 4098 471.0 843.1149 0.23333335 4.0 4.0 4.0 4.0 0.0 0.208 2 TOUCH_MOVE u
1402129379207 6 4098 471.0 843.451 0.13333334 2.0 2.0 2.0 2.0 0.0 0.120000005 2 TOUCH_MOVE u
1402129379224 6 4098 471.0 843.451 0.13333334 2.0 2.0 2.0 2.0 0.0 0.120000005 1 TOUCH_UP u
1402129379572 6 4098 350.5 1220.9509 0.20000002 3.0 3.0 3.0 3.0 0.0 0.18400002 0 TOUCH_DOWN Space
1402129379598 6 4098 350.5 1220.9509 0.20000002 3.0 3.0 3.0 3.0 0.0 0.192 2 TOUCH_MOVE Space
1402129379638 6 4098 351.01834 1220.4326 0.16666667 3.0 3.0 3.0 3.0 0.0 0.17600001 2 TOUCH_MOVE Space
1402129379642 6 4098 351.01834 1220.4326 0.16666667 3.0 3.0 3.0 3.0 0.0 0.17600001 1 TOUCH_UP Space
1402129379879 6 4098 544.5 1010.451 0.26666668 4.0 4.0 4.0 4.0 0.0 0.2 0 TOUCH_DOWN k
1402129379888 6 4098 544.5 1010.451 0.3 5.0 5.0 5.0 5.0 0.0 0.208 2 TOUCH_MOVE k
1402129379908 6 4098 545.0179 1010.451 0.26666668 4.0 4.0 4.0 4.0 0.0 0.208 2 TOUCH_MOVE k
1402129379921 6 4098 545.9629 1009.9881 0.26666668 4.0 4.0 4.0 4.0 0.0 0.21200001 2 TOUCH_MOVE k
1402129379938 6 4098 546.88544 1009.451 0.3 5.0 5.0 5.0 5.0 0.0 0.21200001 2 TOUCH_MOVE k
1402129379955 6 4098 547.9038 1009.451 0.3 5.0 5.0 5.0 5.0 0.0 0.208 2 TOUCH_MOVE k
1402129379968 6 4098 548.5 1009.451 0.3 5.0 5.0 5.0 5.0 0.0 0.18800001 2 TOUCH_MOVE k
1402129379972 6 4098 548.5 1009.451 0.3 5.0 5.0 5.0 5.0 0.0 0.18800001 1 TOUCH_UP k
1402129380207 6 4098 217.0 826.451 0.33333334 5.0 5.0 5.0 5.0 0.0 0.216 0 TOUCH_DOWN r
1402129380256 6 4098 216.7986 826.451 0.33333334 5.0 5.0 5.0 5.0 0.0 0.23200001 2 TOUCH_MOVE r
1402129380272 6 4098 215.82718 826.451 0.33333334 5.0 5.0 5.0 5.0 0.0 0.23600002 2 TOUCH_MOVE r
1402129380288 6 4098 215.43295 826.451 0.33333334 5.0 5.0 5.0 5.0 0.0 0.23200001 2 TOUCH_MOVE r
1402129380305 6 4098 214.39757 827.5534 0.33333334 5.0 5.0 5.0 5.0 0.0 0.22800002 2 TOUCH_MOVE r
1402129380351 6 4098 210.5 829.451 0.26666668 4.0 4.0 4.0 4.0 0.0 0.18800001 2 TOUCH_MOVE r
1402129380356 6 4098 210.5 829.451 0.26666668 4.0 4.0 4.0 4.0 0.0 0.18800001 1 TOUCH_UP r
1402129381520 6 4098 672.5 1093.4509 0.26666668 5.0 5.0 5.0 5.0 0.0 0.18800001 0 TOUCH_DOWN Back
1402129381539 6 4098 672.5 1094.2041 0.3 5.0 5.0 5.0 5.0 0.0 0.2 2 TOUCH_MOVE Back
1402129381557 6 4098 672.5 1095.6648 0.3 5.0 5.0 5.0 5.0 0.0 0.2 2 TOUCH_MOVE Back
1402129381573 6 4098 672.5 1096.641 0.3 5.0 5.0 5.0 5.0 0.0 0.2 2 TOUCH_MOVE Back
1402129381589 6 4098 672.5 1097.4926 0.26666668 5.0 5.0 5.0 5.0 0.0 0.18800001 2 TOUCH_MOVE Back
1402129381600 6 4098 672.5 1097.4926 0.26666668 5.0 5.0 5.0 5.0 0.0 0.18800001 1 TOUCH_UP Back
1402129381686 6 4098 674.5 1092.9509 0.23333335 4.0 4.0 4.0 4.0 0.0 0.18800001 0 TOUCH_DOWN Back
1402129381765 6 4098 674.5 1092.9509 0.23333335 4.0 4.0 4.0 4.0 0.0 0.18800001 1 TOUCH_UP Back
1402129381840 6 4098 670.0 1087.4509 0.23333335 5.0 5.0 5.0 5.0 0.0 0.18 0 TOUCH_DOWN Back
1402129381891 6 4098 670.0 1087.4509 0.23333335 5.0 5.0 5.0 5.0 0.0 0.18 1 TOUCH_UP Back
1402129382423 6 4098 35.5 963.451 0.16666667 3.0 3.0 3.0 3.0 0.0 0.18 0 TOUCH_DOWN a
1402129382461 6 4098 36.699944 962.851 0.20000002 3.0 3.0 3.0 3.0 0.0 0.18800001 2 TOUCH_MOVE a
1402129382474 6 4098 38.731888 961.2191 0.20000002 3.0 3.0 3.0 3.0 0.0 0.192 2 TOUCH_MOVE a
1402129382491 6 4098 40.082737 960.3682 0.20000002 3.0 3.0 3.0 3.0 0.0 0.192 2 TOUCH_MOVE a
1402129382507 6 4098 41.03902 959.412 0.20000002 3.0 3.0 3.0 3.0 0.0 0.192 2 TOUCH_MOVE a
1402129382542 6 4098 41.03902 959.412 0.20000002 3.0 3.0 3.0 3.0 0.0 0.192 1 TOUCH_UP a
1402129382762 6 4098 338.5 1229.9509 0.26666668 5.0 5.0 5.0 5.0 0.0 0.18800001 0 TOUCH_DOWN Space
1402129382775 6 4098 338.5 1229.9509 0.26666668 5.0 5.0 5.0 5.0 0.0 0.192 2 TOUCH_MOVE Space
1402129382793 6 4098 337.61856 1229.0695 0.26666668 5.0 5.0 5.0 5.0 0.0 0.192 2 TOUCH_MOVE Space
1402129382807 6 4098 336.75 1228.9509 0.26666668 5.0 5.0 5.0 5.0 0.0 0.192 2 TOUCH_MOVE Space
1402129382833 6 4098 338.0 1228.9509 0.20000002 3.0 3.0 3.0 3.0 0.0 0.17600001 2 TOUCH_MOVE Space
1402129382837 6 4098 338.0 1228.9509 0.20000002 3.0 3.0 3.0 3.0 0.0 0.17600001 1 TOUCH_UP Space
1402129383107 6 4098 577.5 985.951 0.23333335 4.0 4.0 4.0 4.0 0.0 0.20400001 0 TOUCH_DOWN k
1402129383126 6 4098 577.5 985.951 0.26666668 4.0 4.0 4.0 4.0 0.0 0.208 2 TOUCH_MOVE k
1402129383158 6 4098 576.4577 985.951 0.26666668 4.0 4.0 4.0 4.0 0.0 0.21200001 2 TOUCH_MOVE k
1402129383177 6 4098 575.4768 986.9742 0.26666668 4.0 4.0 4.0 4.0 0.0 0.21200001 2 TOUCH_MOVE k
1402129383191 6 4098 574.5438 987.40717 0.26666668 4.0 4.0 4.0 4.0 0.0 0.21200001 2 TOUCH_MOVE k
1402129383208 6 4098 572.65936 988.3713 0.26666668 4.0 4.0 4.0 4.0 0.0 0.20400001 2 TOUCH_MOVE k
1402129383221 6 4098 572.0 988.951 0.20000002 3.0 3.0 3.0 3.0 0.0 0.124000005 2 TOUCH_MOVE k
1402129383225 6 4098 572.0 988.951 0.20000002 3.0 3.0 3.0 3.0 0.0 0.124000005 1 TOUCH_UP k
1402129383393 6 4098 190.0 850.951 0.13333334 2.0 2.0 2.0 2.0 0.0 0.18800001 0 TOUCH_DOWN e
1402129383409 6 4098 190.0 850.951 0.20000002 3.0 3.0 3.0 3.0 0.0 0.2 2 TOUCH_MOVE e
1402129383441 6 4098 190.0 850.10394 0.23333335 4.0 4.0 4.0 4.0 0.0 0.21200001 2 TOUCH_MOVE e
1402129383459 6 4098 190.0 849.11127 0.23333335 4.0 4.0 4.0 4.0 0.0 0.216 2 TOUCH_MOVE e
1402129383476 6 4098 190.0 848.1468 0.23333335 4.0 4.0 4.0 4.0 0.0 0.216 2 TOUCH_MOVE e
1402129383491 6 4098 190.0 847.701 0.23333335 4.0 4.0 4.0 4.0 0.0 0.216 2 TOUCH_MOVE e
1402129383525 6 4098 188.82433 847.951 0.20000002 3.0 3.0 3.0 3.0 0.0 0.19600001 2 TOUCH_MOVE e
1402129383541 6 4098 186.5 847.951 0.13333334 2.0 2.0 2.0 2.0 0.0 0.128 2 TOUCH_MOVE e
1402129383545 6 4098 186.5 847.951 0.13333334 2.0 2.0 2.0 2.0 0.0 0.128 1 TOUCH_UP e
1402129383682 6 4098 606.0 835.451 0.26666668 4.0 4.0 4.0 4.0 0.0 0.2 0 TOUCH_DOWN o
1402129383793 6 4098 606.0 835.451 0.26666668 5.0 5.0 5.0 5.0 0.0 0.16000001 2 TOUCH_MOVE o
1402129383797 6 4098 606.0 835.451 0.26666668 5.0 5.0 5.0 5.0 0.0 0.16000001 1 TOUCH_UP o
1402129384471 6 4098 648.5 1226.9509 0.20000002 3.0 3.0 3.0 3.0 0.0 0.192 0 TOUCH_DOWN Enter
1402129384475 6 4098 648.5 1226.9509 0.16666667 3.0 3.0 3.0 3.0 0.0 0.192 2 TOUCH_MOVE Enter
1402129384509 6 4098 646.12933 1226.9509 0.16666667 3.0 3.0 3.0 3.0 0.0 0.19600001 2 TOUCH_MOVE Enter
1402129384527 6 4098 644.6036 1226.9509 0.16666667 3.0 3.0 3.0 3.0 0.0 0.19600001 2 TOUCH_MOVE Enter
1402129384542 6 4098 644.5 1226.5221 0.16666667 3.0 3.0 3.0 3.0 0.0 0.19600001 2 TOUCH_MOVE Enter
1402129384559 6 4098 646.0 1224.4509 0.23333335 4.0 4.0 4.0 4.0 0.0 0.18400002 2 TOUCH_MOVE Enter
1402129384566 6 4098 646.0 1224.4509 0.20000002 3.0 3.0 3.0 3.0 0.0 0.120000005 2 TOUCH_MOVE Enter
1402129384572 6 4098 646.0 1224.4509 0.20000002 3.0 3.0 3.0 3.0 0.0 0.120000005 1 TOUCH_UP Enter
1402129384843 6 4098 662.0 949.451 0.26666668 4.0 4.0 4.0 4.0 0.0 0.192 0 TOUCH_DOWN L
1402129384918 6 4098 662.0 949.451 0.26666668 4.0 4.0 4.0 4.0 0.0 0.192 1 TOUCH_UP L
1402129385042 6 4098 52.5 938.451 0.26666668 5.0 5.0 5.0 5.0 0.0 0.18800001 0 TOUCH_DOWN a
1402129385162 6 4098 52.5 938.451 0.26666668 5.0 5.0 5.0 5.0 0.0 0.18800001 1 TOUCH_UP a
1402129385235 6 4098 358.5 1218.9509 0.16666667 3.0 3.0 3.0 3.0 0.0 0.19600001 0 TOUCH_DOWN Space
1402129385243 6 4098 358.5 1218.9509 0.16666667 3.0 3.0 3.0 3.0 0.0 0.20400001 2 TOUCH_MOVE Space
1402129385312 6 4098 363.24368 1216.3932 0.23333335 4.0 4.0 4.0 4.0 0.0 0.2 2 TOUCH_MOVE Space
1402129385343 6 4098 366.5 1213.9509 0.23333335 5.0 5.0 5.0 5.0 0.0 0.14400001 2 TOUCH_MOVE Space
1402129385347 6 4098 366.5 1213.9509 0.23333335 5.0 5.0 5.0 5.0 0.0 0.14400001 1 TOUCH_UP Space
1402129385562 6 4098 568.5 973.451 0.20000002 4.0 4.0 4.0 4.0 0.0 0.19600001 0 TOUCH_DOWN k
1402129385576 6 4098 568.5 973.451 0.23333335 4.0 4.0 4.0 4.0 0.0 0.2 2 TOUCH_MOVE k
1402129385611 6 4098 568.5 974.8364 0.23333335 4.0 4.0 4.0 4.0 0.0 0.20400001 2 TOUCH_MOVE k
1402129385628 6 4098 568.5 975.701 0.23333335 4.0 4.0 4.0 4.0 0.0 0.208 2 TOUCH_MOVE k
1402129385643 6 4098 568.5 976.7708 0.23333335 4.0 4.0 4.0 4.0 0.0 0.192 2 TOUCH_MOVE k
1402129385649 6 4098 568.5 976.951 0.23333335 4.0 4.0 4.0 4.0 0.0 0.16800001 2 TOUCH_MOVE k
1402129385654 6 4098 568.5 976.951 0.23333335 4.0 4.0 4.0 4.0 0.0 0.16800001 1 TOUCH_UP k
1402129385866 6 4098 176.0 813.951 0.26666668 4.0 4.0 4.0 4.0 0.0 0.2 0 TOUCH_DOWN e
1402129385878 6 4098 176.0 813.951 0.26666668 4.0 4.0 4.0 4.0 0.0 0.208 2 TOUCH_MOVE e
1402129385910 6 4098 175.29018 815.6608 0.26666668 4.0 4.0 4.0 4.0 0.0 0.216 2 TOUCH_MOVE e
1402129385931 6 4098 174.32715 816.62384 0.26666668 4.0 4.0 4.0 4.0 0.0 0.216 2 TOUCH_MOVE e
1402129385943 6 4098 173.44171 817.5093 0.26666668 4.0 4.0 4.0 4.0 0.0 0.216 2 TOUCH_MOVE e
1402129385960 6 4098 172.4149 819.12115 0.33333334 5.0 5.0 5.0 5.0 0.0 0.20400001 2 TOUCH_MOVE e
1402129385983 6 4098 170.5 821.951 0.33333334 5.0 5.0 5.0 5.0 0.0 0.17600001 2 TOUCH_MOVE e
1402129385986 6 4098 170.5 821.951 0.33333334 5.0 5.0 5.0 5.0 0.0 0.17600001 1 TOUCH_UP e
1402129386246 6 4098 599.5 834.451 0.26666668 4.0 4.0 4.0 4.0 0.0 0.19600001 0 TOUCH_DOWN o
1402129386261 6 4098 599.5 834.451 0.3 5.0 5.0 5.0 5.0 0.0 0.2 2 TOUCH_MOVE o
1402129386310 6 4098 600.0 833.701 0.3 5.0 5.0 5.0 5.0 0.0 0.2 2 TOUCH_MOVE o
1402129386336 6 4098 600.0 833.701 0.3 5.0 5.0 5.0 5.0 0.0 0.2 1 TOUCH_UP o
1402129386821 6 4098 303.0 1205.4509 0.16666667 3.0 3.0 3.0 3.0 0.0 0.192 0 TOUCH_DOWN Space
1402129386828 6 4098 303.0 1205.4509 0.16666667 3.0 3.0 3.0 3.0 0.0 0.2 2 TOUCH_MOVE Space
1402129386907 6 4098 303.0 1205.4509 0.16666667 3.0 3.0 3.0 3.0 0.0 0.17600001 2 TOUCH_MOVE Space
1402129386910 6 4098 303.0 1205.4509 0.16666667 3.0 3.0 3.0 3.0 0.0 0.17600001 1 TOUCH_UP Space
1402129387116 6 4098 65.5 811.451 0.23333335 4.0 4.0 4.0 4.0 0.0 0.192 0 TOUCH_DOWN q
1402129387128 6 4098 65.5 811.451 0.23333335 4.0 4.0 4.0 4.0 0.0 0.19600001 2 TOUCH_MOVE q
1402129387162 6 4098 63.666344 813.28467 0.23333335 4.0 4.0 4.0 4.0 0.0 0.20400001 2 TOUCH_MOVE q
1402129387178 6 4098 63.25 813.701 0.23333335 4.0 4.0 4.0 4.0 0.0 0.2 2 TOUCH_MOVE q
1402129387195 6 4098 63.0 814.701 0.23333335 4.0 4.0 4.0 4.0 0.0 0.2 2 TOUCH_MOVE q
1402129387219 6 4098 62.5 814.951 0.23333335 4.0 4.0 4.0 4.0 0.0 0.18 2 TOUCH_MOVE q
1402129387226 6 4098 62.5 814.951 0.23333335 4.0 4.0 4.0 4.0 0.0 0.18 1 TOUCH_UP q
1402129387375 6 4098 479.5 810.951 0.26666668 4.0 4.0 4.0 4.0 0.0 0.20400001 0 TOUCH_DOWN u
1402129387395 6 4098 479.5 811.3499 0.26666668 4.0 4.0 4.0 4.0 0.0 0.208 2 TOUCH_MOVE u
1402129387411 6 4098 478.50302 812.19946 0.26666668 4.0 4.0 4.0 4.0 0.0 0.216 2 TOUCH_MOVE u
1402129387428 6 4098 476.06033 813.67084 0.26666668 4.0 4.0 4.0 4.0 0.0 0.216 2 TOUCH_MOVE u
1402129387446 6 4098 474.32935 814.62164 0.26666668 4.0 4.0 4.0 4.0 0.0 0.216 2 TOUCH_MOVE u
1402129387461 6 4098 473.35583 815.59515 0.26666668 4.0 4.0 4.0 4.0 0.0 0.21200001 2 TOUCH_MOVE u
1402129387478 6 4098 472.3868 816.5642 0.20000002 4.0 4.0 4.0 4.0 0.0 0.18400002 2 TOUCH_MOVE u
1402129387488 6 4098 472.0 816.951 0.20000002 4.0 4.0 4.0 4.0 0.0 0.148 2 TOUCH_MOVE u
1402129387492 6 4098 472.0 816.951 0.20000002 4.0 4.0 4.0 4.0 0.0 0.148 1 TOUCH_UP u
1402129387581 6 4098 35.5 959.951 0.20000002 3.0 3.0 3.0 3.0 0.0 0.18 0 TOUCH_DOWN a
1402129387595 6 4098 35.5 959.951 0.20000002 3.0 3.0 3.0 3.0 0.0 0.18400002 2 TOUCH_MOVE a
1402129387612 6 4098 36.30103 959.64996 0.20000002 3.0 3.0 3.0 3.0 0.0 0.18800001 2 TOUCH_MOVE a
1402129387629 6 4098 38.028427 958.68677 0.20000002 3.0 3.0 3.0 3.0 0.0 0.192 2 TOUCH_MOVE a
1402129387646 6 4098 39.21306 957.7379 0.23333335 4.0 4.0 4.0 4.0 0.0 0.192 2 TOUCH_MOVE a
1402129387662 6 4098 40.18757 956.7634 0.23333335 4.0 4.0 4.0 4.0 0.0 0.192 2 TOUCH_MOVE a
1402129387679 6 4098 40.75 956.201 0.23333335 4.0 4.0 4.0 4.0 0.0 0.192 2 TOUCH_MOVE a
1402129387695 6 4098 40.5 955.721 0.23333335 4.0 4.0 4.0 4.0 0.0 0.19600001 2 TOUCH_MOVE a
1402129387716 6 4098 40.5 955.721 0.23333335 4.0 4.0 4.0 4.0 0.0 0.19600001 1 TOUCH_UP a
1402129387889 6 4098 349.0 1237.9509 0.16666667 3.0 3.0 3.0 3.0 0.0 0.18400002 0 TOUCH_DOWN Space
1402129387896 6 4098 349.0 1237.9509 0.16666667 3.0 3.0 3.0 3.0 0.0 0.18800001 2 TOUCH_MOVE Space
1402129387915 6 4098 349.0 1236.8365 0.20000002 4.0 4.0 4.0 4.0 0.0 0.192 2 TOUCH_MOVE Space
1402129387930 6 4098 349.0 1235.8767 0.20000002 4.0 4.0 4.0 4.0 0.0 0.192 2 TOUCH_MOVE Space
1402129387945 6 4098 349.0 1235.2009 0.16666667 3.0 3.0 3.0 3.0 0.0 0.18800001 2 TOUCH_MOVE Space
1402129387959 6 4098 349.0 1235.2009 0.16666667 3.0 3.0 3.0 3.0 0.0 0.18800001 1 TOUCH_UP Space
1402129388199 6 4098 286.5 1108.4509 0.3 5.0 5.0 5.0 5.0 0.0 0.2 0 TOUCH_DOWN c
1402129388212 6 4098 286.5 1108.4509 0.3 5.0 5.0 5.0 5.0 0.0 0.20400001 2 TOUCH_MOVE c
1402129388316 6 4098 286.5 1108.4509 0.3 5.0 5.0 5.0 5.0 0.0 0.20400001 1 TOUCH_UP c
1402129388453 6 4098 607.5 852.951 0.23333335 5.0 5.0 5.0 5.0 0.0 0.192 0 TOUCH_DOWN o
1402129388471 6 4098 607.67175 852.951 0.23333335 5.0 5.0 5.0 5.0 0.0 0.19600001 2 TOUCH_MOVE o
1402129388493 6 4098 608.3 852.651 0.26666668 5.0 5.0 5.0 5.0 0.0 0.20400001 2 TOUCH_MOVE o
1402129388498 6 4098 609.25586 851.6951 0.26666668 5.0 5.0 5.0 5.0 0.0 0.20400001 2 TOUCH_MOVE o
1402129388514 6 4098 610.2282 850.7228 0.26666668 5.0 5.0 5.0 5.0 0.0 0.20400001 2 TOUCH_MOVE o
1402129388530 6 4098 611.1826 850.451 0.26666668 5.0 5.0 5.0 5.0 0.0 0.208 2 TOUCH_MOVE o
1402129388546 6 4098 612.15454 850.451 0.26666668 5.0 5.0 5.0 5.0 0.0 0.2 2 TOUCH_MOVE o
1402129388563 6 4098 612.5 851.0679 0.23333335 5.0 5.0 5.0 5.0 0.0 0.18800001 2 TOUCH_MOVE o
1402129388573 6 4098 612.5 851.451 0.23333335 5.0 5.0 5.0 5.0 0.0 0.17600001 2 TOUCH_MOVE o
1402129388579 6 4098 612.5 851.451 0.23333335 5.0 5.0 5.0 5.0 0.0 0.17600001 1 TOUCH_UP o
1402129388954 6 4098 312.5 857.451 0.20000002 4.0 4.0 4.0 4.0 0.0 0.18 0 TOUCH_DOWN t
1402129388963 6 4098 312.5 857.451 0.20000002 4.0 4.0 4.0 4.0 0.0 0.18400002 2 TOUCH_MOVE t
1402129388981 6 4098 313.1543 857.451 0.20000002 4.0 4.0 4.0 4.0 0.0 0.19600001 2 TOUCH_MOVE t
1402129388999 6 4098 314.1157 857.451 0.20000002 4.0 4.0 4.0 4.0 0.0 0.2 2 TOUCH_MOVE t
1402129389017 6 4098 315.06604 857.451 0.20000002 4.0 4.0 4.0 4.0 0.0 0.20400001 2 TOUCH_MOVE t
1402129389032 6 4098 315.75 857.451 0.20000002 4.0 4.0 4.0 4.0 0.0 0.208 2 TOUCH_MOVE t
1402129389046 6 4098 316.75 857.451 0.20000002 4.0 4.0 4.0 4.0 0.0 0.216 2 TOUCH_MOVE t
1402129389132 6 4098 315.25 858.201 0.23333335 4.0 4.0 4.0 4.0 0.0 0.216 2 TOUCH_MOVE t
1402129389146 6 4098 314.77713 859.1739 0.20000002 4.0 4.0 4.0 4.0 0.0 0.18800001 2 TOUCH_MOVE t
1402129389158 6 4098 314.77713 859.1739 0.20000002 4.0 4.0 4.0 4.0 0.0 0.18800001 1 TOUCH_UP t
