1402129343318 6 4098 428.0 1087.4509 0.16666667 3.0 3.0 3.0 3.0 0.0 0.192 0 TOUCH_DOWN B
1402129343325 6 4098 428.0 1087.4509 0.20000002 3.0 3.0 3.0 3.0 0.0 0.2 2 TOUCH_MOVE B
1402129343418 6 4098 428.0 1087.4509 0.20000002 3.0 3.0 3.0 3.0 0.0 0.2 1 TOUCH_UP B
1402129343487 6 4098 47.5 935.951 0.23333335 4.0 4.0 4.0 4.0 0.0 0.18800001 0 TOUCH_DOWN a
1402129343600 6 4098 47.0 935.951 0.23333335 4.0 4.0 4.0 4.0 0.0 0.18400002 2 TOUCH_MOVE a
1402129343606 6 4098 47.0 935.951 0.23333335 4.0 4.0 4.0 4.0 0.0 0.18400002 1 TOUCH_UP a
1402129343735 6 4098 266.5 1091.4509 0.26666668 4.0 4.0 4.0 4.0 0.0 0.20400001 0 TOUCH_DOWN c
1402129343755 6 4098 266.5 1091.4509 0.26666668 4.0 4.0 4.0 4.0 0.0 0.208 2 TOUCH_MOVE c
1402129343781 6 4098 266.5 1092.4513 0.26666668 4.0 4.0 4.0 4.0 0.0 0.216 2 TOUCH_MOVE c
1402129343789 6 4098 266.5 1093.4004 0.26666668 4.0 4.0 4.0 4.0 0.0 0.216 2 TOUCH_MOVE c
1402129343804 6 4098 266.9249 1095.3007 0.26666668 4.0 4.0 4.0 4.0 0.0 0.208 2 TOUCH_MOVE c
1402129343818 6 4098 267.0 1095.9509 0.20000002 3.0 3.0 3.0 3.0 0.0 0.108 2 TOUCH_MOVE c
1402129343821 6 4098 267.0 1095.9509 0.20000002 3.0 3.0 3.0 3.0 0.0 0.108 1 TOUCH_UP c
1402129343982 6 4098 292.5 1236.4509 0.20000002 4.0 4.0 4.0 4.0 0.0 0.192 0 TOUCH_DOWN Space
1402129343988 6 4098 292.5 1236.4509 0.23333335 4.0 4.0 4.0 4.0 0.0 0.19600001 2 TOUCH_MOVE Space
1402129344021 6 4098 291.06857 1234.5881 0.23333335 4.0 4.0 4.0 4.0 0.0 0.20400001 2 TOUCH_MOVE Space
1402129344038 6 4098 291.0 1233.5566 0.23333335 4.0 4.0 4.0 4.0 0.0 0.2 2 TOUCH_MOVE Space
1402129344055 6 4098 293.6282 1231.8868 0.20000002 3.0 3.0 3.0 3.0 0.0 0.19600001 2 TOUCH_MOVE Space
1402129344061 6 4098 294.5 1231.4509 0.16666667 3.0 3.0 3.0 3.0 0.0 0.18 2 TOUCH_MOVE Space
1402129344065 6 4098 294.5 1231.4509 0.16666667 3.0 3.0 3.0 3.0 0.0 0.18 1 TOUCH_UP Space
1402129344375 6 4098 576.0 967.451 0.16666667 3.0 3.0 3.0 3.0 0.0 0.192 0 TOUCH_DOWN k
1402129344388 6 4098 576.0 967.451 0.20000002 4.0 4.0 4.0 4.0 0.0 0.19600001 2 TOUCH_MOVE k
1402129344423 6 4098 575.38495 967.451 0.23333335 4.0 4.0 4.0 4.0 0.0 0.20400001 2 TOUCH_MOVE k
1402129344438 6 4098 574.7767 967.451 0.23333335 4.0 4.0 4.0 4.0 0.0 0.208 2 TOUCH_MOVE k
1402129344455 6 4098 574.5 967.03033 0.23333335 4.0 4.0 4.0 4.0 0.0 0.208 2 TOUCH_MOVE k
1402129344471 6 4098 574.0 963.96875 0.23333335 4.0 4.0 4.0 4.0 0.0 0.20400001 2 TOUCH_MOVE k
1402129344486 6 4098 574.5 958.951 0.23333335 4.0 4.0 4.0 4.0 0.0 0.18400002 2 TOUCH_MOVE k
1402129344489 6 4098 574.5 958.951 0.23333335 4.0 4.0 4.0 4.0 0.0 0.18400002 1 TOUCH_UP k
1402129344650 6 4098 531.0 814.951 0.23333335 4.0 4.0 4.0 4.0 0.0 0.208 0 TOUCH_DOWN i
1402129344686 6 4098 531.0 815.41785 0.26666668 4.0 4.0 4.0 4.0 0.0 0.21200001 2 TOUCH_MOVE i
1402129344705 6 4098 531.0 817.201 0.26666668 4.0 4.0 4.0 4.0 0.0 0.22000001 2 TOUCH_MOVE i
1402129344738 6 4098 535.3839 818.48926 0.26666668 4.0 4.0 4.0 4.0 0.0 0.208 2 TOUCH_MOVE i
1402129344755 6 4098 543.46045 823.41144 0.33333334 5.0 5.0 5.0 5.0 0.0 0.18800001 2 TOUCH_MOVE i
1402129344763 6 4098 545.5 825.451 0.26666668 5.0 5.0 5.0 5.0 0.0 0.14400001 2 TOUCH_MOVE i
1402129344766 6 4098 545.5 825.451 0.26666668 5.0 5.0 5.0 5.0 0.0 0.14400001 1 TOUCH_UP i
1402129344956 6 4098 574.5 1092.9509 0.20000002 3.0 3.0 3.0 3.0 0.0 0.18800001 0 TOUCH_DOWN m
1402129344977 6 4098 574.5 1094.2018 0.23333335 4.0 4.0 4.0 4.0 0.0 0.192 2 TOUCH_MOVE m
1402129344989 6 4098 573.7961 1097.5626 0.26666668 4.0 4.0 4.0 4.0 0.0 0.19600001 2 TOUCH_MOVE m
1402129345007 6 4098 572.8295 1100.4624 0.26666668 4.0 4.0 4.0 4.0 0.0 0.2 2 TOUCH_MOVE m
1402129345022 6 4098 572.5 1102.0597 0.26666668 4.0 4.0 4.0 4.0 0.0 0.2 2 TOUCH_MOVE m
1402129345039 6 4098 572.5 1103.0381 0.3 5.0 5.0 5.0 5.0 0.0 0.2 2 TOUCH_MOVE m
1402129345055 6 4098 572.0 1104.012 0.26666668 5.0 5.0 5.0 5.0 0.0 0.16000001 2 TOUCH_MOVE m
1402129345060 6 4098 572.0 1104.012 0.26666668 5.0 5.0 5.0 5.0 0.0 0.16000001 1 TOUCH_UP m
1402129345302 6 4098 318.5 1234.4509 0.20000002 4.0 4.0 4.0 4.0 0.0 0.19600001 0 TOUCH_DOWN Space
1402129345324 6 4098 317.5527 1234.4509 0.20000002 4.0 4.0 4.0 4.0 0.0 0.20400001 2 TOUCH_MOVE Space
1402129345339 6 4098 316.59222 1234.0432 0.20000002 4.0 4.0 4.0 4.0 0.0 0.20400001 2 TOUCH_MOVE Space
1402129345356 6 4098 315.63422 1233.9509 0.20000002 4.0 4.0 4.0 4.0 0.0 0.2 2 TOUCH_MOVE Space
1402129345372 6 4098 315.25 1233.9509 0.20000002 4.0 4.0 4.0 4.0 0.0 0.2 2 TOUCH_MOVE Space
1402129345398 6 4098 315.25 1233.9509 0.20000002 4.0 4.0 4.0 4.0 0.0 0.2 1 TOUCH_UP Space
1402129345936 6 4098 334.0 803.451 0.26666668 5.0 5.0 5.0 5.0 0.0 0.20400001 0 TOUCH_DOWN t
1402129345943 6 4098 334.0 803.451 0.26666668 5.0 5.0 5.0 5.0 0.0 0.21200001 2 TOUCH_MOVE t
1402129345990 6 4098 334.0 805.2779 0.3 5.0 5.0 5.0 5.0 0.0 0.216 2 TOUCH_MOVE t
1402129346006 6 4098 336.00308 807.95404 0.26666668 4.0 4.0 4.0 4.0 0.0 0.208 2 TOUCH_MOVE t
1402129346020 6 4098 341.5 811.951 0.20000002 4.0 4.0 4.0 4.0 0.0 0.16000001 2 TOUCH_MOVE t
1402129346024 6 4098 341.5 811.951 0.20000002 4.0 4.0 4.0 4.0 0.0 0.16000001 1 TOUCH_UP t
1402129346207 6 4098 433.0 963.451 0.20000002 4.0 4.0 4.0 4.0 0.0 0.2 0 TOUCH_DOWN h
1402129346278 6 4098 433.0 963.451 0.23333335 5.0 5.0 5.0 5.0 0.0 0.18400002 2 TOUCH_MOVE h
1402129346284 6 4098 433.0 963.451 0.23333335 5.0 5.0 5.0 5.0 0.0 0.136 2 TOUCH_MOVE h
1402129346288 6 4098 433.0 963.451 0.23333335 5.0 5.0 5.0 5.0 0.0 0.136 1 TOUCH_UP h
1402129346432 6 4098 64.5 952.951 0.23333335 4.0 4.0 4.0 4.0 0.0 0.18800001 0 TOUCH_DOWN a
1402129346440 6 4098 64.5 952.951 0.23333335 4.0 4.0 4.0 4.0 0.0 0.192 2 TOUCH_MOVE a
1402129346474 6 4098 64.5 952.14435 0.23333335 4.0 4.0 4.0 4.0 0.0 0.2 2 TOUCH_MOVE a
1402129346490 6 4098 64.23115 951.1821 0.23333335 4.0 4.0 4.0 4.0 0.0 0.2 2 TOUCH_MOVE a
1402129346507 6 4098 63.75 950.701 0.23333335 4.0 4.0 4.0 4.0 0.0 0.20400001 2 TOUCH_MOVE a
1402129346540 6 4098 63.470833 950.951 0.23333335 4.0 4.0 4.0 4.0 0.0 0.19600001 2 TOUCH_MOVE a
1402129346558 6 4098 63.0 950.951 0.20000002 3.0 3.0 3.0 3.0 0.0 0.16800001 2 TOUCH_MOVE a
1402129346561 6 4098 63.0 950.951 0.20000002 3.0 3.0 3.0 3.0 0.0 0.16800001 1 TOUCH_UP a
1402129346724 6 4098 514.0 1095.9509 0.26666668 4.0 4.0 4.0 4.0 0.0 0.192 0 TOUCH_DOWN n
1402129346741 6 4098 513.61993 1096.8309 0.26666668 4.0 4.0 4.0 4.0 0.0 0.2 2 TOUCH_MOVE n
1402129346765 6 4098 511.69412 1098.2568 0.3 5.0 5.0 5.0 5.0 0.0 0.20400001 2 TOUCH_MOVE n
1402129346774 6 4098 509.1992 1099.5511 0.3 5.0 5.0 5.0 5.0 0.0 0.20400001 2 TOUCH_MOVE n
1402129346790 6 4098 506.8872 1100.5073 0.3 5.0 5.0 5.0 5.0 0.0 0.19600001 2 TOUCH_MOVE n
1402129346807 6 4098 506.0 1099.9509 0.26666668 5.0 5.0 5.0 5.0 0.0 0.14400001 2 TOUCH_MOVE n
1402129346812 6 4098 506.0 1099.9509 0.26666668 5.0 5.0 5.0 5.0 0.0 0.14400001 1 TOUCH_UP n
1402129347017 6 4098 373.0 964.951 0.23333335 4.0 4.0 4.0 4.0 0.0 0.208 0 TOUCH_DOWN g
1402129347091 6 4098 374.5 965.951 0.20000002 4.0 4.0 4.0 4.0 0.0 0.18400002 2 TOUCH_MOVE g
1402129347095 6 4098 374.5 965.951 0.23333335 5.0 5.0 5.0 5.0 0.0 0.15200001 2 TOUCH_MOVE g
1402129347098 6 4098 374.5 965.951 0.23333335 5.0 5.0 5.0 5.0 0.0 0.15200001 1 TOUCH_UP g
1402129347832 6 4098 683.0 1220.9509 0.20000002 3.0 3.0 3.0 3.0 0.0 0.18400002 0 TOUCH_DOWN Enter
1402129347841 6 4098 683.0 1220.9509 0.23333335 4.0 4.0 4.0 4.0 0.0 0.18400002 2 TOUCH_MOVE Enter
1402129347860 6 4098 681.97943 1220.9509 0.23333335 4.0 4.0 4.0 4.0 0.0 0.18400002 2 TOUCH_MOVE Enter
1402129347876 6 4098 677.53894 1220.9509 0.26666668 5.0 5.0 5.0 5.0 0.0 0.18800001 2 TOUCH_MOVE Enter
1402129347891 6 4098 674.0531 1220.9509 0.26666668 5.0 5.0 5.0 5.0 0.0 0.18400002 2 TOUCH_MOVE Enter
1402129347908 6 4098 671.4641 1220.9509 0.26666668 5.0 5.0 5.0 5.0 0.0 0.18 2 TOUCH_MOVE Enter
1402129347919 6 4098 671.0 1220.9509 0.26666668 5.0 5.0 5.0 5.0 0.0 0.148 2 TOUCH_MOVE Enter
1402129347922 6 4098 671.0 1220.9509 0.26666668 5.0 5.0 5.0 5.0 0.0 0.148 1 TOUCH_UP Enter
1402129348314 6 4098 294.5 1098.9509 0.23333335 4.0 4.0 4.0 4.0 0.0 0.18800001 0 TOUCH_DOWN C
1402129348331 6 4098 294.5 1098.9509 0.23333335 4.0 4.0 4.0 4.0 0.0 0.19600001 2 TOUCH_MOVE C
1402129348359 6 4098 294.5 1099.9344 0.23333335 4.0 4.0 4.0 4.0 0.0 0.20400001 2 TOUCH_MOVE C
1402129348375 6 4098 294.05603 1100.4509 0.23333335 4.0 4.0 4.0 4.0 0.0 0.20400001 2 TOUCH_MOVE C
1402129348392 6 4098 292.70288 1100.4509 0.26666668 4.0 4.0 4.0 4.0 0.0 0.19600001 2 TOUCH_MOVE C
1402129348405 6 4098 292.5 1100.4509 0.16666667 3.0 3.0 3.0 3.0 0.0 0.116000004 2 TOUCH_MOVE C
1402129348409 6 4098 292.5 1100.4509 0.16666667 3.0 3.0 3.0 3.0 0.0 0.116000004 1 TOUCH_UP C
1402129348604 6 4098 88.5 973.451 0.16666667 3.0 3.0 3.0 3.0 0.0 0.18800001 0 TOUCH_DOWN a
1402129348642 6 4098 86.29862 973.451 0.20000002 4.0 4.0 4.0 4.0 0.0 0.192 2 TOUCH_MOVE a
1402129348659 6 4098 82.62751 973.451 0.20000002 4.0 4.0 4.0 4.0 0.0 0.2 2 TOUCH_MOVE a
1402129348682 6 4098 80.11079 973.451 0.20000002 4.0 4.0 4.0 4.0 0.0 0.2 2 TOUCH_MOVE a
1402129348694 6 4098 78.106064 973.451 0.20000002 4.0 4.0 4.0 4.0 0.0 0.19600001 2 TOUCH_MOVE a
1402129348709 6 4098 76.20405 974.09894 0.13333334 2.0 2.0 2.0 2.0 0.0 0.18400002 2 TOUCH_MOVE a
1402129348717 6 4098 76.0 973.951 0.13333334 2.0 2.0 2.0 2.0 0.0 0.120000005 2 TOUCH_MOVE a
1402129348721 6 4098 76.0 973.951 0.13333334 2.0 2.0 2.0 2.0 0.0 0.120000005 1 TOUCH_UP a
1402129348878 6 4098 334.5 1203.4509 0.26666668 5.0 5.0 5.0 5.0 0.0 0.19600001 0 TOUCH_DOWN Space
1402129348893 6 4098 334.5 1203.4509 0.26666668 5.0 5.0 5.0 5.0 0.0 0.20400001 2 TOUCH_MOVE Space
1402129348910 6 4098 334.2814 1203.9509 0.26666668 5.0 5.0 5.0 5.0 0.0 0.208 2 TOUCH_MOVE Space
1402129348926 6 4098 333.31836 1204.6326 0.26666668 5.0 5.0 5.0 5.0 0.0 0.21200001 2 TOUCH_MOVE Space
1402129348959 6 4098 333.5 1205.1007 0.26666668 5.0 5.0 5.0 5.0 0.0 0.208 2 TOUCH_MOVE Space
1402129348978 6 4098 335.069 1203.9049 0.20000002 4.0 4.0 4.0 4.0 0.0 0.192 2 TOUCH_MOVE Space
1402129348986 6 4098 335.0 1203.9509 0.13333334 2.0 2.0 2.0 2.0 0.0 0.16800001 2 TOUCH_MOVE Space
1402129348990 6 4098 335.0 1203.9509 0.13333334 2.0 2.0 2.0 2.0 0.0 0.16800001 1 TOUCH_UP Space
1402129349186 6 4098 640.5 977.951 0.16666667 3.0 3.0 3.0 3.0 0.0 0.18400002 0 TOUCH_DOWN l
1402129349192 6 4098 640.5 977.951 0.16666667 3.0 3.0 3.0 3.0 0.0 0.192 2 TOUCH_MOVE l
1402129349226 6 4098 640.5 979.43896 0.23333335 4.0 4.0 4.0 4.0 0.0 0.20400001 2 TOUCH_MOVE l
1402129349242 6 4098 640.5 980.4015 0.26666668 4.0 4.0 4.0 4.0 0.0 0.20400001 2 TOUCH_MOVE l
1402129349259 6 4098 640.5 981.201 0.23333335 4.0 4.0 4.0 4.0 0.0 0.20400001 2 TOUCH_MOVE l
1402129349297 6 4098 640.5 981.201 0.23333335 4.0 4.0 4.0 4.0 0.0 0.20400001 1 TOUCH_UP l
1402129349378 6 4098 55.0 967.451 0.16666667 3.0 3.0 3.0 3.0 0.0 0.18400002 0 TOUCH_DOWN a
1402129349499 6 4098 55.0 967.451 0.16666667 3.0 3.0 3.0 3.0 0.0 0.17600001 2 TOUCH_MOVE a
1402129349502 6 4098 55.0 967.451 0.16666667 3.0 3.0 3.0 3.0 0.0 0.17600001 1 TOUCH_UP a
1402129349572 6 4098 514.5 1098.9509 0.26666668 4.0 4.0 4.0 4.0 0.0 0.2 0 TOUCH_DOWN n
1402129349593 6 4098 514.5 1099.5963 0.26666668 4.0 4.0 4.0 4.0 0.0 0.208 2 TOUCH_MOVE n
1402129349610 6 4098 513.3861 1100.5648 0.3 5.0 5.0 5.0 5.0 0.0 0.21200001 2 TOUCH_MOVE n
1402129349638 6 4098 512.404 1102.5469 0.3 5.0 5.0 5.0 5.0 0.0 0.216 2 TOUCH_MOVE n
1402129349643 6 4098 511.45972 1103.4912 0.3 5.0 5.0 5.0 5.0 0.0 0.216 2 TOUCH_MOVE n
1402129349660 6 4098 511.0032 1104.4478 0.3 5.0 5.0 5.0 5.0 0.0 0.216 2 TOUCH_MOVE n
1402129349676 6 4098 510.54376 1105.4071 0.3 5.0 5.0 5.0 5.0 0.0 0.21200001 2 TOUCH_MOVE n
1402129349693 6 4098 509.58066 1106.3702 0.33333334 5.0 5.0 5.0 5.0 0.0 0.20400001 2 TOUCH_MOVE n
1402129349699 6 4098 509.5 1106.4509 0.33333334 5.0 5.0 5.0 5.0 0.0 0.18800001 2 TOUCH_MOVE n
1402129349702 6 4098 509.5 1106.4509 0.33333334 5.0 5.0 5.0 5.0 0.0 0.18800001 1 TOUCH_UP n
1402129349926 6 4098 348.0 923.451 0.26666668 4.0 4.0 4.0 4.0 0.0 0.216 0 TOUCH_DOWN g
1402129349979 6 4098 348.0 924.54736 0.26666668 4.0 4.0 4.0 4.0 0.0 0.22000001 2 TOUCH_MOVE g
1402129349993 6 4098 349.44223 932.82556 0.26666668 5.0 5.0 5.0 5.0 0.0 0.208 2 TOUCH_MOVE g
1402129350011 6 4098 350.0 936.451 0.16666667 3.0 3.0 3.0 3.0 0.0 0.104 2 TOUCH_MOVE g
1402129350014 6 4098 350.0 936.451 0.16666667 3.0 3.0 3.0 3.0 0.0 0.104 1 TOUCH_UP g
1402129350234 6 4098 348.5 1224.4509 0.20000002 3.0 3.0 3.0 3.0 0.0 0.19600001 0 TOUCH_DOWN Space
1402129350294 6 4098 348.5 1224.4509 0.16666667 3.0 3.0 3.0 3.0 0.0 0.16000001 2 TOUCH_MOVE Space
1402129350298 6 4098 348.5 1224.4509 0.16666667 3.0 3.0 3.0 3.0 0.0 0.16000001 1 TOUCH_UP Space
1402129350485 6 4098 423.0 1108.9509 0.26666668 5.0 5.0 5.0 5.0 0.0 0.20400001 0 TOUCH_DOWN b
1402129350550 6 4098 423.0 1108.9509 0.26666668 5.0 5.0 5.0 5.0 0.0 0.20400001 1 TOUCH_UP b
1402129350845 6 4098 551.5 817.951 0.3 5.0 5.0 5.0 5.0 0.0 0.18800001 0 TOUCH_DOWN i
1402129350876 6 4098 551.5 817.951 0.26666668 4.0 4.0 4.0 4.0 0.0 0.192 2 TOUCH_MOVE i
1402129350914 6 4098 551.5 817.951 0.26666668 4.0 4.0 4.0 4.0 0.0 0.192 1 TOUCH_UP i
1402129351165 6 4098 333.0 1209.4509 0.26666668 5.0 5.0 5.0 5.0 0.0 0.192 0 TOUCH_DOWN Space
1402129351257 6 4098 333.0 1209.4509 0.26666668 5.0 5.0 5.0 5.0 0.0 0.192 1 TOUCH_UP Space
1402129351486 6 4098 244.0 811.951 0.20000002 4.0 4.0 4.0 4.0 0.0 0.2 0 TOUCH_DOWN r
1402129351495 6 4098 244.0 812.3359 0.26666668 4.0 4.0 4.0 4.0 0.0 0.208 2 TOUCH_MOVE r
1402129351534 6 4098 245.70587 814.15686 0.26666668 4.0 4.0 4.0 4.0 0.0 0.224 2 TOUCH_MOVE r
1402129351545 6 4098 246.66876 815.11975 0.26666668 4.0 4.0 4.0 4.0 0.0 0.224 2 TOUCH_MOVE r
1402129351561 6 4098 246.5 816.06396 0.26666668 4.0 4.0 4.0 4.0 0.0 0.224 2 TOUCH_MOVE r
1402129351578 6 4098 246.5 816.97626 0.26666668 4.0 4.0 4.0 4.0 0.0 0.216 2 TOUCH_MOVE r
1402129351595 6 4098 245.94412 818.00684 0.23333335 4.0 4.0 4.0 4.0 0.0 0.2 2 TOUCH_MOVE r
1402129351614 6 4098 244.98033 818.97064 0.23333335 5.0 5.0 5.0 5.0 0.0 0.14400001 2 TOUCH_MOVE r
1402129351618 6 4098 244.98033 818.97064 0.23333335 5.0 5.0 5.0 5.0 0.0 0.14400001 1 TOUCH_UP r
1402129351784 6 4098 591.0 821.951 0.23333335 4.0 4.0 4.0 4.0 0.0 0.20400001 0 TOUCH_DOWN o
1402129351800 6 4098 591.0 821.951 0.26666668 4.0 4.0 4.0 4.0 0.0 0.21200001 2 TOUCH_MOVE o
1402129351828 6 4098 590.4973 821.951 0.26666668 4.0 4.0 4.0 4.0 0.0 0.216 2 TOUCH_MOVE o
1402129351895 6 4098 591.5 823.951 0.23333335 4.0 4.0 4.0 4.0 0.0 0.18 2 TOUCH_MOVE o
1402129351900 6 4098 591.5 823.951 0.16666667 3.0 3.0 3.0 3.0 0.0 0.1 2 TOUCH_MOVE o
1402129351903 6 4098 591.5 823.951 0.16666667 3.0 3.0 3.0 3.0 0.0 0.1 1 TOUCH_UP o
1402129352490 6 4098 692.0 1203.4509 0.13333334 2.0 2.0 2.0 2.0 0.0 0.18 0 TOUCH_DOWN Enter
1402129352512 6 4098 692.0 1204.4049 0.20000002 3.0 3.0 3.0 3.0 0.0 0.18800001 2 TOUCH_MOVE Enter
1402129352533 6 4098 690.49176 1206.123 0.20000002 3.0 3.0 3.0 3.0 0.0 0.18800001 2 TOUCH_MOVE Enter
1402129352546 6 4098 686.8781 1208.1989 0.23333335 4.0 4.0 4.0 4.0 0.0 0.192 2 TOUCH_MOVE Enter
1402129352562 6 4098 683.98505 1209.2892 0.23333335 4.0 4.0 4.0 4.0 0.0 0.18800001 2 TOUCH_MOVE Enter
1402129352580 6 4098 683.5 1209.4509 0.16666667 3.0 3.0 3.0 3.0 0.0 0.136 2 TOUCH_MOVE Enter
1402129352589 6 4098 683.5 1209.4509 0.16666667 3.0 3.0 3.0 3.0 0.0 0.136 1 TOUCH_UP Enter
1402129353004 6 4098 287.0 1092.4509 0.23333335 4.0 4.0 4.0 4.0 0.0 0.19600001 0 TOUCH_DOWN C
1402129353013 6 4098 287.0 1092.4509 0.26666668 4.0 4.0 4.0 4.0 0.0 0.20400001 2 TOUCH_MOVE C
1402129353052 6 4098 285.73975 1094.2112 0.26666668 4.0 4.0 4.0 4.0 0.0 0.224 2 TOUCH_MOVE C
1402129353065 6 4098 285.3193 1095.1316 0.26666668 4.0 4.0 4.0 4.0 0.0 0.22800002 2 TOUCH_MOVE C
1402129353079 6 4098 284.3541 1096.0968 0.26666668 4.0 4.0 4.0 4.0 0.0 0.22800002 2 TOUCH_MOVE C
1402129353096 6 4098 284.0 1097.0608 0.26666668 4.0 4.0 4.0 4.0 0.0 0.22800002 2 TOUCH_MOVE C
1402129353113 6 4098 284.0 1097.7009 0.26666668 4.0 4.0 4.0 4.0 0.0 0.22800002 2 TOUCH_MOVE C
1402129353149 6 4098 284.0 1097.7009 0.26666668 4.0 4.0 4.0 4.0 0.0 0.22800002 1 TOUCH_UP C
1402129353258 6 4098 599.0 837.451 0.26666668 4.0 4.0 4.0 4.0 0.0 0.20400001 0 TOUCH_DOWN o
1402129353308 6 4098 599.0 837.451 0.26666668 4.0 4.0 4.0 4.0 0.0 0.208 2 TOUCH_MOVE o
1402129353365 6 4098 599.0 837.451 0.26666668 4.0 4.0 4.0 4.0 0.0 0.208 1 TOUCH_UP o
1402129354181 6 4098 326.0 833.951 0.33333334 5.0 5.0 5.0 5.0 0.0 0.216 0 TOUCH_DOWN t
1402129354197 6 4098 326.0 833.951 0.33333334 5.0 5.0 5.0 5.0 0.0 0.22000001 2 TOUCH_MOVE t
1402129354247 6 4098 327.25 832.701 0.33333334 5.0 5.0 5.0 5.0 0.0 0.23600002 2 TOUCH_MOVE t
1402129354295 6 4098 327.0 832.951 0.26666668 4.0 4.0 4.0 4.0 0.0 0.18 2 TOUCH_MOVE t
1402129354298 6 4098 327.0 832.951 0.26666668 4.0 4.0 4.0 4.0 0.0 0.18 1 TOUCH_UP t
1402129354663 6 4098 294.0 1222.9509 0.20000002 3.0 3.0 3.0 3.0 0.0 0.192 0 TOUCH_DOWN Space
1402129354682 6 4098 294.0 1222.9509 0.20000002 3.0 3.0 3.0 3.0 0.0 0.19600001 2 TOUCH_MOVE Space
1402129354748 6 4098 294.0 1223.9509 0.16666667 3.0 3.0 3.0 3.0 0.0 0.18400002 2 TOUCH_MOVE Space
1402129354755 6 4098 294.0 1223.9509 0.16666667 3.0 3.0 3.0 3.0 0.0 0.136 2 TOUCH_MOVE Space
1402129354758 6 4098 294.0 1223.9509 0.16666667 3.0 3.0 3.0 3.0 0.0 0.136 1 TOUCH_UP Space
1402129354946 6 4098 53.5 837.951 0.23333335 4.0 4.0 4.0 4.0 0.0 0.17600001 0 TOUCH_DOWN q
1402129354966 6 4098 53.5 837.951 0.23333335 4.0 4.0 4.0 4.0 0.0 0.18400002 2 TOUCH_MOVE q
1402129354987 6 4098 52.741646 837.951 0.23333335 4.0 4.0 4.0 4.0 0.0 0.18400002 2 TOUCH_MOVE q
1402129354998 6 4098 51.00814 837.7051 0.23333335 4.0 4.0 4.0 4.0 0.0 0.18800001 2 TOUCH_MOVE q
1402129355017 6 4098 49.0953 837.451 0.23333335 4.0 4.0 4.0 4.0 0.0 0.18800001 2 TOUCH_MOVE q
1402129355031 6 4098 47.82578 837.451 0.23333335 4.0 4.0 4.0 4.0 0.0 0.18800001 2 TOUCH_MOVE q
1402129355048 6 4098 45.775253 837.451 0.23333335 4.0 4.0 4.0 4.0 0.0 0.18400002 2 TOUCH_MOVE q
1402129355067 6 4098 44.5 837.451 0.13333334 3.0 3.0 3.0 3.0 0.0 0.132 2 TOUCH_MOVE q
1402129355070 6 4098 44.5 837.451 0.13333334 3.0 3.0 3.0 3.0 0.0 0.132 1 TOUCH_UP q
1402129355266 6 4098 468.0 838.951 0.23333335 4.0 4.0 4.0 4.0 0.0 0.20400001 0 TOUCH_DOWN u
1402129355348 6 4098 468.43845 840.26636 0.20000002 3.0 3.0 3.0 3.0 0.0 0.20400001 2 TOUCH_MOVE u
1402129355361 6 4098 468.5 840.451 0.13333334 2.0 2.0 2.0 2.0 0.0 0.172 2 TOUCH_MOVE u
1402129355364 6 4098 468.5 840.451 0.13333334 2.0 2.0 2.0 2.0 0.0 0.172 1 TOUCH_UP u
1402129355448 6 4098 58.0 961.451 0.16666667 3.0 3.0 3.0 3.0 0.0 0.18 0 TOUCH_DOWN a
1402129355515 6 4098 58.55922 960.8918 0.20000002 3.0 3.0 3.0 3.0 0.0 0.2 2 TOUCH_MOVE a
1402129355532 6 4098 59.51458 960.4364 0.20000002 3.0 3.0 3.0 3.0 0.0 0.2 2 TOUCH_MOVE a
1402129355582 6 4098 59.5 960.951 0.16666667 3.0 3.0 3.0 3.0 0.0 0.18400002 2 TOUCH_MOVE a
1402129355585 6 4098 59.5 960.951 0.16666667 3.0 3.0 3.0 3.0 0.0 0.18400002 1 TOUCH_UP a
1402129355683 6 4098 331.5 1199.4509 0.23333335 5.0 5.0 5.0 5.0 0.0 0.192 0 TOUCH_DOWN Space
1402129355715 6 4098 331.5 1199.4509 0.26666668 5.0 5.0 5.0 5.0 0.0 0.20400001 2 TOUCH_MOVE Space
1402129355750 6 4098 331.5 1200.9711 0.26666668 5.0 5.0 5.0 5.0 0.0 0.2 2 TOUCH_MOVE Space
1402129355765 6 4098 332.4554 1201.4509 0.26666668 5.0 5.0 5.0 5.0 0.0 0.19600001 2 TOUCH_MOVE Space
1402129355784 6 4098 332.5 1201.4509 0.16666667 3.0 3.0 3.0 3.0 0.0 0.132 2 TOUCH_MOVE Space
1402129355787 6 4098 332.5 1201.4509 0.16666667 3.0 3.0 3.0 3.0 0.0 0.132 1 TOUCH_UP Space
1402129355994 6 4098 555.5 990.451 0.3 5.0 5.0 5.0 5.0 0.0 0.192 0 TOUCH_DOWN k
1402129356084 6 4098 555.5 990.7022 0.33333334 5.0 5.0 5.0 5.0 0.0 0.19600001 2 TOUCH_MOVE k
1402129356090 6 4098 555.5 990.951 0.33333334 5.0 5.0 5.0 5.0 0.0 0.18400002 2 TOUCH_MOVE k
1402129356094 6 4098 555.5 990.951 0.33333334 5.0 5.0 5.0 5.0 0.0 0.18400002 1 TOUCH_UP k
1402129356392 6 4098 194.5 842.951 0.23333335 4.0 4.0 4.0 4.0 0.0 0.192 0 TOUCH_DOWN e
1402129356399 6 4098 194.5 842.951 0.26666668 4.0 4.0 4.0 4.0 0.0 0.20400001 2 TOUCH_MOVE e
1402129356433 6 4098 195.5 841.0556 0.26666668 4.0 4.0 4.0 4.0 0.0 0.216 2 TOUCH_MOVE e
1402129356449 6 4098 195.5 840.08594 0.3 5.0 5.0 5.0 5.0 0.0 0.216 2 TOUCH_MOVE e
1402129356466 6 4098 195.5 839.701 0.3 5.0 5.0 5.0 5.0 0.0 0.216 2 TOUCH_MOVE e
1402129356499 6 4098 195.0 840.451 0.26666668 4.0 4.0 4.0 4.0 0.0 0.19600001 2 TOUCH_MOVE e
1402129356507 6 4098 195.0 840.451 0.13333334 2.0 2.0 2.0 2.0 0.0 0.148 2 TOUCH_MOVE e
1402129356510 6 4098 195.0 840.451 0.13333334 2.0 2.0 2.0 2.0 0.0 0.148 1 TOUCH_UP e
1402129356733 6 4098 598.0 834.451 0.26666668 4.0 4.0 4.0 4.0 0.0 0.20400001 0 TOUCH_DOWN o
1402129356750 6 4098 598.0 834.451 0.26666668 4.0 4.0 4.0 4.0 0.0 0.208 2 TOUCH_MOVE o
1402129356783 6 4098 597.49115 834.451 0.3 5.0 5.0 5.0 5.0 0.0 0.216 2 TOUCH_MOVE o
1402129356852 6 4098 597.5 834.451 0.26666668 4.0 4.0 4.0 4.0 0.0 0.18400002 2 TOUCH_MOVE o
1402129356854 6 4098 597.5 834.451 0.20000002 3.0 3.0 3.0 3.0 0.0 0.1 2 TOUCH_MOVE o
1402129356857 6 4098 597.5 834.451 0.20000002 3.0 3.0 3.0 3.0 0.0 0.1 1 TOUCH_UP o
1402129357389 6 4098 675.5 1197.9509 0.20000002 4.0 4.0 4.0 4.0 0.0 0.19600001 0 TOUCH_DOWN Enter
1402129357417 6 4098 675.5 1197.9509 0.23333335 5.0 5.0 5.0 5.0 0.0 0.19600001 2 TOUCH_MOVE Enter
1402129357435 6 4098 671.65826 1197.8826 0.23333335 5.0 5.0 5.0 5.0 0.0 0.19600001 2 TOUCH_MOVE Enter
1402129357450 6 4098 667.7134 1197.4509 0.20000002 4.0 4.0 4.0 4.0 0.0 0.19600001 2 TOUCH_MOVE Enter
1402129357467 6 4098 666.4229 1197.4509 0.20000002 4.0 4.0 4.0 4.0 0.0 0.192 2 TOUCH_MOVE Enter
1402129357491 6 4098 666.4229 1197.4509 0.20000002 4.0 4.0 4.0 4.0 0.0 0.192 1 TOUCH_UP Enter
1402129357789 6 4098 645.0 943.951 0.23333335 5.0 5.0 5.0 5.0 0.0 0.20400001 0 TOUCH_DOWN L
1402129357819 6 4098 643.95874 943.951 0.3 5.0 5.0 5.0 5.0 0.0 0.208 2 TOUCH_MOVE L
1402129357834 6 4098 642.0436 944.6792 0.3 5.0 5.0 5.0 5.0 0.0 0.21200001 2 TOUCH_MOVE L
1402129357851 6 4098 640.3071 946.33673 0.23333335 4.0 4.0 4.0 4.0 0.0 0.20400001 2 TOUCH_MOVE L
1402129357867 6 4098 638.6813 948.9291 0.20000002 4.0 4.0 4.0 4.0 0.0 0.17600001 2 TOUCH_MOVE L
1402129357870 6 4098 638.6813 948.9291 0.20000002 4.0 4.0 4.0 4.0 0.0 0.17600001 1 TOUCH_UP L
1402129357958 6 4098 45.5 975.451 0.16666667 3.0 3.0 3.0 3.0 0.0 0.18400002 0 TOUCH_DOWN a
1402129357975 6 4098 45.80765 975.451 0.16666667 3.0 3.0 3.0 3.0 0.0 0.18800001 2 TOUCH_MOVE a
1402129358011 6 4098 47.35058 975.451 0.16666667 3.0 3.0 3.0 3.0 0.0 0.19600001 2 TOUCH_MOVE a
1402129358018 6 4098 48.315445 975.451 0.16666667 3.0 3.0 3.0 3.0 0.0 0.19600001 2 TOUCH_MOVE a
1402129358034 6 4098 48.886993 975.451 0.16666667 3.0 3.0 3.0 3.0 0.0 0.19600001 2 TOUCH_MOVE a
1402129358051 6 4098 49.0 976.1898 0.20000002 3.0 3.0 3.0 3.0 0.0 0.192 2 TOUCH_MOVE a
1402129358068 6 4098 49.0 977.3531 0.20000002 3.0 3.0 3.0 3.0 0.0 0.18800001 2 TOUCH_MOVE a
1402129358078 6 4098 49.0 977.951 0.20000002 3.0 3.0 3.0 3.0 0.0 0.18 2 TOUCH_MOVE a
1402129358088 6 4098 49.0 977.951 0.20000002 3.0 3.0 3.0 3.0 0.0 0.18 1 TOUCH_UP a
1402129358260 6 4098 323.5 1230.4509 0.26666668 5.0 5.0 5.0 5.0 0.0 0.19600001 0 TOUCH_DOWN Space
1402129358268 6 4098 323.5 1230.4509 0.23333335 4.0 4.0 4.0 4.0 0.0 0.19600001 2 TOUCH_MOVE Space
1402129358287 6 4098 323.5 1229.7618 0.23333335 4.0 4.0 4.0 4.0 0.0 0.2 2 TOUCH_MOVE Space
1402129358302 6 4098 324.16107 1228.7898 0.26666668 5.0 5.0 5.0 5.0 0.0 0.2 2 TOUCH_MOVE Space
1402129358318 6 4098 325.7462 1227.2047 0.26666668 5.0 5.0 5.0 5.0 0.0 0.192 2 TOUCH_MOVE Space
1402129358334 6 4098 329.12567 1225.3881 0.16666667 3.0 3.0 3.0 3.0 0.0 0.104 2 TOUCH_MOVE Space
1402129358340 6 4098 329.12567 1225.3881 0.16666667 3.0 3.0 3.0 3.0 0.0 0.104 1 TOUCH_UP Space
1402129358588 6 4098 573.5 972.451 0.20000002 4.0 4.0 4.0 4.0 0.0 0.2 0 TOUCH_DOWN k
1402129358602 6 4098 573.5 972.451 0.20000002 4.0 4.0 4.0 4.0 0.0 0.20400001 2 TOUCH_MOVE k
1402129358685 6 4098 573.5 972.451 0.13333334 2.0 2.0 2.0 2.0 0.0 0.164 2 TOUCH_MOVE k
1402129358689 6 4098 573.5 972.451 0.13333334 2.0 2.0 2.0 2.0 0.0 0.164 1 TOUCH_UP k
1402129359012 6 4098 193.5 815.451 0.26666668 4.0 4.0 4.0 4.0 0.0 0.2 0 TOUCH_DOWN e
1402129359018 6 4098 193.5 815.451 0.26666668 4.0 4.0 4.0 4.0 0.0 0.20400001 2 TOUCH_MOVE e
1402129359117 6 4098 192.0 815.951 0.20000002 4.0 4.0 4.0 4.0 0.0 0.17600001 2 TOUCH_MOVE e
1402129359120 6 4098 192.0 815.951 0.20000002 4.0 4.0 4.0 4.0 0.0 0.17600001 1 TOUCH_UP e
1402129359204 6 4098 608.0 844.451 0.26666668 5.0 5.0 5.0 5.0 0.0 0.2 0 TOUCH_DOWN o
1402129359219 6 4098 608.0 844.451 0.26666668 4.0 4.0 4.0 4.0 0.0 0.20400001 2 TOUCH_MOVE o
1402129359237 6 4098 606.7055 844.0537 0.26666668 4.0 4.0 4.0 4.0 0.0 0.21200001 2 TOUCH_MOVE o
1402129359252 6 4098 604.54535 842.97363 0.26666668 4.0 4.0 4.0 4.0 0.0 0.21200001 2 TOUCH_MOVE o
1402129359269 6 4098 603.5704 842.451 0.26666668 4.0 4.0 4.0 4.0 0.0 0.21200001 2 TOUCH_MOVE o
1402129359288 6 4098 603.25 842.451 0.26666668 4.0 4.0 4.0 4.0 0.0 0.21200001 2 TOUCH_MOVE o
1402129359316 6 4098 602.0 843.451 0.13333334 2.0 2.0 2.0 2.0 0.0 0.128 2 TOUCH_MOVE o
1402129359319 6 4098 602.0 843.451 0.13333334 2.0 2.0 2.0 2.0 0.0 0.128 1 TOUCH_UP o
1402129359955 6 4098 342.0 1232.9509 0.23333335 4.0 4.0 4.0 4.0 0.0 0.18800001 0 TOUCH_DOWN Space
1402129359969 6 4098 342.0 1232.9509 0.23333335 4.0 4.0 4.0 4.0 0.0 0.192 2 TOUCH_MOVE Space
1402129360012 6 4098 340.24506 1230.441 0.23333335 4.0 4.0 4.0 4.0 0.0 0.2 2 TOUCH_MOVE Space
1402129360021 6 4098 339.5 1229.2363 0.23333335 4.0 4.0 4.0 4.0 0.0 0.19600001 2 TOUCH_MOVE Space
1402129360036 6 4098 339.5 1228.7009 0.23333335 4.0 4.0 4.0 4.0 0.0 0.19600001 2 TOUCH_MOVE Space
1402129360065 6 4098 339.5 1228.7009 0.23333335 4.0 4.0 4.0 4.0 0.0 0.19600001 1 TOUCH_UP Space
1402129360212 6 4098 26.0 826.951 0.20000002 5.0 5.0 5.0 5.0 0.0 0.156 0 TOUCH_DOWN q
1402129360219 6 4098 26.0 826.951 0.20000002 5.0 5.0 5.0 5.0 0.0 0.172 2 TOUCH_MOVE q
1402129360256 6 4098 29.532965 826.951 0.20000002 5.0 5.0 5.0 5.0 0.0 0.18400002 2 TOUCH_MOVE q
1402129360270 6 4098 31.79047 826.951 0.23333335 5.0 5.0 5.0 5.0 0.0 0.18800001 2 TOUCH_MOVE q
1402129360286 6 4098 33.703396 826.951 0.23333335 5.0 5.0 5.0 5.0 0.0 0.18800001 2 TOUCH_MOVE q
1402129360315 6 4098 35.067463 826.451 0.23333335 5.0 5.0 5.0 5.0 0.0 0.18800001 2 TOUCH_MOVE q
1402129360319 6 4098 36.028397 826.451 0.23333335 5.0 5.0 5.0 5.0 0.0 0.18800001 2 TOUCH_MOVE q
1402129360368 6 4098 36.028397 826.451 0.23333335 5.0 5.0 5.0 5.0 0.0 0.18800001 1 TOUCH_UP q
1402129360596 6 4098 463.0 837.451 0.23333335 4.0 4.0 4.0 4.0 0.0 0.2 0 TOUCH_DOWN u
1402129360609 6 4098 463.0 837.451 0.23333335 4.0 4.0 4.0 4.0 0.0 0.20400001 2 TOUCH_MOVE u
1402129360637 6 4098 463.7989 837.451 0.26666668 5.0 5.0 5.0 5.0 0.0 0.21200001 2 TOUCH_MOVE u
1402129360653 6 4098 464.73254 836.71844 0.26666668 5.0 5.0 5.0 5.0 0.0 0.208 2 TOUCH_MOVE u
1402129360670 6 4098 465.22372 836.951 0.23333335 4.0 4.0 4.0 4.0 0.0 0.2 2 TOUCH_MOVE u
1402129360687 6 4098 465.5 836.951 0.16666667 3.0 3.0 3.0 3.0 0.0 0.112 2 TOUCH_MOVE u
1402129360698 6 4098 465.5 836.951 0.16666667 3.0 3.0 3.0 3.0 0.0 0.112 1 TOUCH_UP u
1402129360716 6 4098 69.5 964.451 0.16666667 3.0 3.0 3.0 3.0 0.0 0.18800001 0 TOUCH_DOWN a
1402129360787 6 4098 70.06613 963.8849 0.23333335 4.0 4.0 4.0 4.0 0.0 0.20400001 2 TOUCH_MOVE a
1402129360851 6 4098 70.0 964.451 0.16666667 3.0 3.0 3.0 3.0 0.0 0.17600001 2 TOUCH_MOVE a
1402129360855 6 4098 70.0 964.451 0.16666667 3.0 3.0 3.0 3.0 0.0 0.17600001 1 TOUCH_UP a
1402129361076 6 4098 380.5 1214.4509 0.26666668 5.0 5.0 5.0 5.0 0.0 0.18800001 0 TOUCH_DOWN Space
1402129361087 6 4098 380.5 1214.7146 0.26666668 5.0 5.0 5.0 5.0 0.0 0.192 2 TOUCH_MOVE Space
1402129361107 6 4098 381.2247 1215.6757 0.26666668 5.0 5.0 5.0 5.0 0.0 0.2 2 TOUCH_MOVE Space
1402129361135 6 4098 382.0 1216.5442 0.26666668 5.0 5.0 5.0 5.0 0.0 0.2 2 TOUCH_MOVE Space
1402129361138 6 4098 382.0 1217.0249 0.26666668 5.0 5.0 5.0 5.0 0.0 0.2 2 TOUCH_MOVE Space
1402129361154 6 4098 382.0 1218.0652 0.26666668 5.0 5.0 5.0 5.0 0.0 0.2 2 TOUCH_MOVE Space
1402129361170 6 4098 382.0 1218.4788 0.26666668 5.0 5.0 5.0 5.0 0.0 0.18400002 2 TOUCH_MOVE Space
1402129361177 6 4098 382.0 1218.4788 0.26666668 5.0 5.0 5.0 5.0 0.0 0.18400002 1 TOUCH_UP Space
1402129361446 6 4098 349.5 1091.9509 0.26666668 4.0 4.0 4.0 4.0 0.0 0.19600001 0 TOUCH_DOWN v
1402129361454 6 4098 349.5 1091.9509 0.26666668 4.0 4.0 4.0 4.0 0.0 0.2 2 TOUCH_MOVE v
1402129361475 6 4098 349.5 1092.8215 0.26666668 4.0 4.0 4.0 4.0 0.0 0.20400001 2 TOUCH_MOVE v
1402129361487 6 4098 349.5 1093.7933 0.23333335 4.0 4.0 4.0 4.0 0.0 0.20400001 2 TOUCH_MOVE v
1402129361504 6 4098 349.5 1094.7009 0.23333335 4.0 4.0 4.0 4.0 0.0 0.18800001 2 TOUCH_MOVE v
1402129361513 6 4098 349.5 1094.7009 0.23333335 4.0 4.0 4.0 4.0 0.0 0.18800001 1 TOUCH_UP v
1402129362004 6 4098 687.0 1076.9509 0.20000002 3.0 3.0 3.0 3.0 0.0 0.19600001 0 TOUCH_DOWN Back
1402129362021 6 4098 687.0 1076.9509 0.23333335 4.0 4.0 4.0 4.0 0.0 0.2 2 TOUCH_MOVE Back
1402129362040 6 4098 685.3439 1077.5289 0.23333335 4.0 4.0 4.0 4.0 0.0 0.20400001 2 TOUCH_MOVE Back
1402129362059 6 4098 683.41864 1079.0323 0.23333335 4.0 4.0 4.0 4.0 0.0 0.2 2 TOUCH_MOVE Back
1402129362071 6 4098 681.5494 1080.9015 0.23333335 4.0 4.0 4.0 4.0 0.0 0.2 2 TOUCH_MOVE Back
1402129362088 6 4098 681.0 1081.9108 0.20000002 4.0 4.0 4.0 4.0 0.0 0.18800001 2 TOUCH_MOVE Back
1402129362092 6 4098 681.0 1081.9509 0.20000002 4.0 4.0 4.0 4.0 0.0 0.17600001 2 TOUCH_MOVE Back
1402129362096 6 4098 681.0 1081.9509 0.20000002 4.0 4.0 4.0 4.0 0.0 0.17600001 1 TOUCH_UP Back
1402129362275 6 4098 289.5 1088.4509 0.23333335 4.0 4.0 4.0 4.0 0.0 0.19600001 0 TOUCH_DOWN c
1402129362294 6 4098 289.5 1088.6997 0.23333335 4.0 4.0 4.0 4.0 0.0 0.208 2 TOUCH_MOVE c
1402129362323 6 4098 289.07782 1090.7953 0.26666668 4.0 4.0 4.0 4.0 0.0 0.224 2 TOUCH_MOVE c
1402129362338 6 4098 288.612 1092.7269 0.26666668 4.0 4.0 4.0 4.0 0.0 0.224 2 TOUCH_MOVE c
1402129362355 6 4098 288.15295 1093.798 0.26666668 4.0 4.0 4.0 4.0 0.0 0.22800002 2 TOUCH_MOVE c
1402129362371 6 4098 287.18564 1094.7653 0.26666668 4.0 4.0 4.0 4.0 0.0 0.224 2 TOUCH_MOVE c
1402129362389 6 4098 286.80078 1095.6501 0.26666668 4.0 4.0 4.0 4.0 0.0 0.216 2 TOUCH_MOVE c
1402129362405 6 4098 286.0 1095.9509 0.26666668 4.0 4.0 4.0 4.0 0.0 0.192 2 TOUCH_MOVE c
1402129362412 6 4098 286.0 1095.9509 0.23333335 4.0 4.0 4.0 4.0 0.0 0.16800001 2 TOUCH_MOVE c
1402129362416 6 4098 286.0 1095.9509 0.23333335 4.0 4.0 4.0 4.0 0.0 0.16800001 1 TOUCH_UP c
1402129362648 6 4098 606.5 825.951 0.33333334 5.0 5.0 5.0 5.0 0.0 0.19600001 0 TOUCH_DOWN o
1402129362690 6 4098 606.5 825.951 0.3 5.0 5.0 5.0 5.0 0.0 0.208 2 TOUCH_MOVE o
1402129362705 6 4098 606.5 828.03876 0.26666668 4.0 4.0 4.0 4.0 0.0 0.2 2 TOUCH_MOVE o
1402129362722 6 4098 605.98914 834.53815 0.23333335 4.0 4.0 4.0 4.0 0.0 0.17600001 2 TOUCH_MOVE o
1402129362736 6 4098 605.98914 834.53815 0.23333335 4.0 4.0 4.0 4.0 0.0 0.17600001 1 TOUCH_UP o
1402129363141 6 4098 321.5 854.451 0.23333335 5.0 5.0 5.0 5.0 0.0 0.20400001 0 TOUCH_DOWN t
1402129363208 6 4098 320.60254 854.451 0.3 5.0 5.0 5.0 5.0 0.0 0.224 2 TOUCH_MOVE t
1402129363222 6 4098 320.0 854.8087 0.26666668 5.0 5.0 5.0 5.0 0.0 0.216 2 TOUCH_MOVE t
1402129363239 6 4098 320.0 855.701 0.20000002 4.0 4.0 4.0 4.0 0.0 0.18800001 2 TOUCH_MOVE t
1402129363248 6 4098 320.0 855.701 0.20000002 4.0 4.0 4.0 4.0 0.0 0.18800001 1 TOUCH_UP t
