1402129101841 6 4098 437.5 1084.9509 0.20000002 4.0 4.0 4.0 4.0 0.0 0.192 0 TOUCH_DOWN B
1402129101927 6 4098 437.5 1084.9509 0.23333335 5.0 5.0 5.0 5.0 0.0 0.15200001 2 TOUCH_MOVE B
1402129101930 6 4098 437.5 1084.9509 0.23333335 5.0 5.0 5.0 5.0 0.0 0.15200001 1 TOUCH_UP B
1402129102028 6 4098 50.0 957.451 0.20000002 3.0 3.0 3.0 3.0 0.0 0.18400002 0 TOUCH_DOWN a
1402129102045 6 4098 50.0 957.451 0.20000002 3.0 3.0 3.0 3.0 0.0 0.18800001 2 TOUCH_MOVE a
1402129102144 6 4098 50.0 957.951 0.16666667 3.0 3.0 3.0 3.0 0.0 0.15200001 2 TOUCH_MOVE a
1402129102147 6 4098 50.0 957.951 0.16666667 3.0 3.0 3.0 3.0 0.0 0.15200001 1 TOUCH_UP a
1402129102309 6 4098 289.0 1096.4509 0.26666668 4.0 4.0 4.0 4.0 0.0 0.18800001 0 TOUCH_DOWN c
1402129102336 6 4098 288.30215 1097.2998 0.26666668 4.0 4.0 4.0 4.0 0.0 0.192 2 TOUCH_MOVE c
1402129102345 6 4098 285.58328 1098.2565 0.3 5.0 5.0 5.0 5.0 0.0 0.2 2 TOUCH_MOVE c
1402129102362 6 4098 283.4792 1099.2113 0.3 5.0 5.0 5.0 5.0 0.0 0.20400001 2 TOUCH_MOVE c
1402129102381 6 4098 282.2699 1100.181 0.3 5.0 5.0 5.0 5.0 0.0 0.208 2 TOUCH_MOVE c
1402129102396 6 4098 282.0 1101.1427 0.26666668 4.0 4.0 4.0 4.0 0.0 0.2 2 TOUCH_MOVE c
1402129102412 6 4098 282.0 1101.7009 0.3 5.0 5.0 5.0 5.0 0.0 0.18800001 2 TOUCH_MOVE c
1402129102416 6 4098 282.0 1101.7009 0.3 5.0 5.0 5.0 5.0 0.0 0.18800001 1 TOUCH_UP c
1402129102591 6 4098 310.5 1230.4509 0.16666667 3.0 3.0 3.0 3.0 0.0 0.18800001 0 TOUCH_DOWN Space
1402129102612 6 4098 310.5 1230.4509 0.16666667 3.0 3.0 3.0 3.0 0.0 0.192 2 TOUCH_MOVE Space
1402129102646 6 4098 314.59543 1230.4509 0.23333335 4.0 4.0 4.0 4.0 0.0 0.18400002 2 TOUCH_MOVE Space
1402129102655 6 4098 318.0 1229.9509 0.26666668 5.0 5.0 5.0 5.0 0.0 0.18 2 TOUCH_MOVE Space
1402129102658 6 4098 318.0 1229.9509 0.26666668 5.0 5.0 5.0 5.0 0.0 0.18 1 TOUCH_UP Space
1402129102900 6 4098 565.5 967.451 0.20000002 4.0 4.0 4.0 4.0 0.0 0.19600001 0 TOUCH_DOWN k
1402129102996 6 4098 566.0 967.451 0.16666667 3.0 3.0 3.0 3.0 0.0 0.18 2 TOUCH_MOVE k
1402129103003 6 4098 566.0 967.451 0.16666667 3.0 3.0 3.0 3.0 0.0 0.112 2 TOUCH_MOVE k
1402129103007 6 4098 566.0 967.451 0.16666667 3.0 3.0 3.0 3.0 0.0 0.112 1 TOUCH_UP k
1402129103213 6 4098 548.0 821.451 0.26666668 4.0 4.0 4.0 4.0 0.0 0.21200001 0 TOUCH_DOWN i
1402129103236 6 4098 548.0 821.451 0.26666668 4.0 4.0 4.0 4.0 0.0 0.216 2 TOUCH_MOVE i
1402129103280 6 4098 549.81586 822.1089 0.33333334 5.0 5.0 5.0 5.0 0.0 0.21200001 2 TOUCH_MOVE i
1402129103296 6 4098 556.9138 827.13635 0.3 5.0 5.0 5.0 5.0 0.0 0.192 2 TOUCH_MOVE i
1402129103307 6 4098 560.0 830.451 0.26666668 4.0 4.0 4.0 4.0 0.0 0.17600001 2 TOUCH_MOVE i
1402129103310 6 4098 560.0 830.451 0.26666668 4.0 4.0 4.0 4.0 0.0 0.17600001 1 TOUCH_UP i
1402129103507 6 4098 568.0 1085.9509 0.20000002 4.0 4.0 4.0 4.0 0.0 0.19600001 0 TOUCH_DOWN m
1402129103515 6 4098 568.0 1085.9509 0.23333335 4.0 4.0 4.0 4.0 0.0 0.20400001 2 TOUCH_MOVE m
1402129103551 6 4098 568.0 1092.136 0.26666668 4.0 4.0 4.0 4.0 0.0 0.21200001 2 TOUCH_MOVE m
1402129103563 6 4098 568.0 1096.9349 0.26666668 4.0 4.0 4.0 4.0 0.0 0.21200001 2 TOUCH_MOVE m
1402129103583 6 4098 568.3392 1099.9685 0.26666668 4.0 4.0 4.0 4.0 0.0 0.208 2 TOUCH_MOVE m
1402129103596 6 4098 568.90533 1101.8563 0.26666668 4.0 4.0 4.0 4.0 0.0 0.20400001 2 TOUCH_MOVE m
1402129103601 6 4098 569.0 1101.9509 0.26666668 4.0 4.0 4.0 4.0 0.0 0.18400002 2 TOUCH_MOVE m
1402129103604 6 4098 569.0 1101.9509 0.26666668 4.0 4.0 4.0 4.0 0.0 0.18400002 1 TOUCH_UP m
1402129103824 6 4098 377.0 1226.4509 0.23333335 4.0 4.0 4.0 4.0 0.0 0.2 0 TOUCH_DOWN Space
1402129103845 6 4098 377.0 1226.4509 0.23333335 4.0 4.0 4.0 4.0 0.0 0.20400001 2 TOUCH_MOVE Space
1402129103868 6 4098 376.2055 1226.4509 0.23333335 4.0 4.0 4.0 4.0 0.0 0.20400001 2 TOUCH_MOVE Space
1402129103881 6 4098 375.24005 1225.931 0.23333335 4.0 4.0 4.0 4.0 0.0 0.2 2 TOUCH_MOVE Space
1402129103896 6 4098 375.0 1220.9509 0.23333335 4.0 4.0 4.0 4.0 0.0 0.18 2 TOUCH_MOVE Space
1402129103900 6 4098 375.0 1220.9509 0.23333335 4.0 4.0 4.0 4.0 0.0 0.18 1 TOUCH_UP Space
1402129104192 6 4098 347.5 834.951 0.26666668 4.0 4.0 4.0 4.0 0.0 0.208 0 TOUCH_DOWN t
1402129104197 6 4098 347.5 834.951 0.3 5.0 5.0 5.0 5.0 0.0 0.21200001 2 TOUCH_MOVE t
1402129104264 6 4098 353.45428 843.0567 0.20000002 3.0 3.0 3.0 3.0 0.0 0.2 2 TOUCH_MOVE t
1402129104282 6 4098 354.5 844.451 0.16666667 3.0 3.0 3.0 3.0 0.0 0.112 2 TOUCH_MOVE t
1402129104286 6 4098 354.5 844.451 0.16666667 3.0 3.0 3.0 3.0 0.0 0.112 1 TOUCH_UP t
1402129104390 6 4098 450.0 965.951 0.20000002 4.0 4.0 4.0 4.0 0.0 0.19600001 0 TOUCH_DOWN h
1402129104404 6 4098 450.0 965.951 0.20000002 4.0 4.0 4.0 4.0 0.0 0.2 2 TOUCH_MOVE h
1402129104481 6 4098 451.76016 967.33105 0.20000002 4.0 4.0 4.0 4.0 0.0 0.19600001 2 TOUCH_MOVE h
1402129104497 6 4098 456.18994 969.29596 0.13333334 2.0 2.0 2.0 2.0 0.0 0.16800001 2 TOUCH_MOVE h
1402129104503 6 4098 456.5 969.451 0.13333334 2.0 2.0 2.0 2.0 0.0 0.1 2 TOUCH_MOVE h
1402129104506 6 4098 456.5 969.451 0.13333334 2.0 2.0 2.0 2.0 0.0 0.1 1 TOUCH_UP h
1402129104621 6 4098 53.0 962.451 0.16666667 3.0 3.0 3.0 3.0 0.0 0.18 0 TOUCH_DOWN a
1402129104631 6 4098 53.0 962.451 0.16666667 3.0 3.0 3.0 3.0 0.0 0.18400002 2 TOUCH_MOVE a
1402129104681 6 4098 53.0 963.03564 0.16666667 3.0 3.0 3.0 3.0 0.0 0.192 2 TOUCH_MOVE a
1402129104697 6 4098 53.0 963.6398 0.16666667 3.0 3.0 3.0 3.0 0.0 0.192 2 TOUCH_MOVE a
1402129104748 6 4098 53.0 963.6398 0.16666667 3.0 3.0 3.0 3.0 0.0 0.192 1 TOUCH_UP a
1402129104887 6 4098 524.0 1106.9509 0.23333335 5.0 5.0 5.0 5.0 0.0 0.2 0 TOUCH_DOWN n
1402129104898 6 4098 524.0 1106.9509 0.26666668 5.0 5.0 5.0 5.0 0.0 0.208 2 TOUCH_MOVE n
1402129104933 6 4098 523.1605 1107.4509 0.3 5.0 5.0 5.0 5.0 0.0 0.216 2 TOUCH_MOVE n
1402129104948 6 4098 522.2292 1107.4509 0.3 5.0 5.0 5.0 5.0 0.0 0.21200001 2 TOUCH_MOVE n
1402129104964 6 4098 521.2356 1107.1865 0.26666668 4.0 4.0 4.0 4.0 0.0 0.208 2 TOUCH_MOVE n
1402129104981 6 4098 519.7726 1105.7235 0.26666668 4.0 4.0 4.0 4.0 0.0 0.18800001 2 TOUCH_MOVE n
1402129104989 6 4098 519.5 1105.4509 0.16666667 3.0 3.0 3.0 3.0 0.0 0.104 2 TOUCH_MOVE n
1402129104992 6 4098 519.5 1105.4509 0.16666667 3.0 3.0 3.0 3.0 0.0 0.104 1 TOUCH_UP n
1402129105183 6 4098 359.5 965.451 0.20000002 3.0 3.0 3.0 3.0 0.0 0.20400001 0 TOUCH_DOWN g
1402129105202 6 4098 359.5 965.451 0.23333335 4.0 4.0 4.0 4.0 0.0 0.208 2 TOUCH_MOVE g
1402129105249 6 4098 362.46164 964.8356 0.23333335 4.0 4.0 4.0 4.0 0.0 0.19600001 2 TOUCH_MOVE g
1402129105258 6 4098 365.0 964.451 0.20000002 4.0 4.0 4.0 4.0 0.0 0.17600001 2 TOUCH_MOVE g
1402129105262 6 4098 365.0 964.451 0.20000002 4.0 4.0 4.0 4.0 0.0 0.17600001 1 TOUCH_UP g
1402129105775 6 4098 696.5 1207.9509 0.16666667 3.0 3.0 3.0 3.0 0.0 0.19600001 0 TOUCH_DOWN Enter
1402129105799 6 4098 696.1564 1208.7946 0.20000002 3.0 3.0 3.0 3.0 0.0 0.2 2 TOUCH_MOVE Enter
1402129105815 6 4098 693.6067 1209.7487 0.23333335 4.0 4.0 4.0 4.0 0.0 0.2 2 TOUCH_MOVE Enter
1402129105832 6 4098 690.98474 1209.9509 0.23333335 4.0 4.0 4.0 4.0 0.0 0.20400001 2 TOUCH_MOVE Enter
1402129105849 6 4098 689.2716 1209.9509 0.23333335 4.0 4.0 4.0 4.0 0.0 0.20400001 2 TOUCH_MOVE Enter
1402129105867 6 4098 688.3113 1209.9509 0.20000002 3.0 3.0 3.0 3.0 0.0 0.19600001 2 TOUCH_MOVE Enter
1402129105886 6 4098 688.0 1209.9509 0.16666667 3.0 3.0 3.0 3.0 0.0 0.1 2 TOUCH_MOVE Enter
1402129105891 6 4098 688.0 1209.9509 0.16666667 3.0 3.0 3.0 3.0 0.0 0.1 1 TOUCH_UP Enter
1402129106270 6 4098 290.0 1105.9509 0.3 5.0 5.0 5.0 5.0 0.0 0.2 0 TOUCH_DOWN C
1402129106350 6 4098 288.94882 1105.9509 0.3 5.0 5.0 5.0 5.0 0.0 0.22800002 2 TOUCH_MOVE C
1402129106366 6 4098 286.90402 1106.9829 0.3 5.0 5.0 5.0 5.0 0.0 0.224 2 TOUCH_MOVE C
1402129106382 6 4098 281.7297 1106.4838 0.33333334 5.0 5.0 5.0 5.0 0.0 0.22000001 2 TOUCH_MOVE C
1402129106395 6 4098 274.5 1103.9509 0.26666668 4.0 4.0 4.0 4.0 0.0 0.18800001 2 TOUCH_MOVE C
1402129106399 6 4098 274.5 1103.9509 0.26666668 4.0 4.0 4.0 4.0 0.0 0.18800001 1 TOUCH_UP C
1402129106586 6 4098 67.5 967.451 0.16666667 3.0 3.0 3.0 3.0 0.0 0.17600001 0 TOUCH_DOWN a
1402129106599 6 4098 67.00319 967.451 0.16666667 3.0 3.0 3.0 3.0 0.0 0.18 2 TOUCH_MOVE a
1402129106617 6 4098 66.09378 967.451 0.16666667 3.0 3.0 3.0 3.0 0.0 0.18800001 2 TOUCH_MOVE a
1402129106633 6 4098 65.08792 967.451 0.16666667 3.0 3.0 3.0 3.0 0.0 0.192 2 TOUCH_MOVE a
1402129106651 6 4098 64.11943 967.451 0.16666667 3.0 3.0 3.0 3.0 0.0 0.192 2 TOUCH_MOVE a
1402129106666 6 4098 63.15813 967.451 0.16666667 3.0 3.0 3.0 3.0 0.0 0.192 2 TOUCH_MOVE a
1402129106683 6 4098 62.75 967.451 0.16666667 3.0 3.0 3.0 3.0 0.0 0.192 2 TOUCH_MOVE a
1402129106715 6 4098 62.5 967.451 0.16666667 3.0 3.0 3.0 3.0 0.0 0.17600001 2 TOUCH_MOVE a
1402129106719 6 4098 62.5 967.451 0.16666667 3.0 3.0 3.0 3.0 0.0 0.17600001 1 TOUCH_UP a
1402129106881 6 4098 295.0 1187.4509 0.23333335 4.0 4.0 4.0 4.0 0.0 0.208 0 TOUCH_DOWN Space
1402129106912 6 4098 295.0 1187.4509 0.23333335 4.0 4.0 4.0 4.0 0.0 0.21200001 2 TOUCH_MOVE Space
1402129106935 6 4098 295.2024 1188.1533 0.23333335 4.0 4.0 4.0 4.0 0.0 0.216 2 TOUCH_MOVE Space
1402129106950 6 4098 298.2457 1189.8237 0.23333335 4.0 4.0 4.0 4.0 0.0 0.208 2 TOUCH_MOVE Space
1402129106966 6 4098 313.27817 1189.1661 0.26666668 5.0 5.0 5.0 5.0 0.0 0.18800001 2 TOUCH_MOVE Space
1402129106975 6 4098 311.0 1189.4509 0.20000002 3.0 3.0 3.0 3.0 0.0 0.108 2 TOUCH_MOVE Space
1402129106978 6 4098 311.0 1189.4509 0.20000002 3.0 3.0 3.0 3.0 0.0 0.108 1 TOUCH_UP Space
1402129107165 6 4098 631.0 952.451 0.26666668 4.0 4.0 4.0 4.0 0.0 0.19600001 0 TOUCH_DOWN l
1402129107185 6 4098 631.0 952.451 0.26666668 4.0 4.0 4.0 4.0 0.0 0.20400001 2 TOUCH_MOVE l
1402129107250 6 4098 631.9896 952.9406 0.26666668 4.0 4.0 4.0 4.0 0.0 0.2 2 TOUCH_MOVE l
1402129107262 6 4098 632.0 952.951 0.13333334 2.0 2.0 2.0 2.0 0.0 0.14 2 TOUCH_MOVE l
1402129107265 6 4098 632.0 952.951 0.13333334 2.0 2.0 2.0 2.0 0.0 0.14 1 TOUCH_UP l
1402129107344 6 4098 52.5 960.451 0.20000002 3.0 3.0 3.0 3.0 0.0 0.18 0 TOUCH_DOWN a
1402129107350 6 4098 52.5 960.451 0.20000002 3.0 3.0 3.0 3.0 0.0 0.18400002 2 TOUCH_MOVE a
1402129107384 6 4098 53.115276 960.451 0.20000002 3.0 3.0 3.0 3.0 0.0 0.192 2 TOUCH_MOVE a
1402129107400 6 4098 53.536232 959.91473 0.20000002 3.0 3.0 3.0 3.0 0.0 0.19600001 2 TOUCH_MOVE a
1402129107417 6 4098 54.25 959.201 0.20000002 3.0 3.0 3.0 3.0 0.0 0.19600001 2 TOUCH_MOVE a
1402129107433 6 4098 54.0 959.9715 0.16666667 3.0 3.0 3.0 3.0 0.0 0.18400002 2 TOUCH_MOVE a
1402129107444 6 4098 54.0 960.451 0.16666667 3.0 3.0 3.0 3.0 0.0 0.17600001 2 TOUCH_MOVE a
1402129107448 6 4098 54.0 960.451 0.16666667 3.0 3.0 3.0 3.0 0.0 0.17600001 1 TOUCH_UP a
1402129107505 6 4098 506.5 1112.9509 0.3 5.0 5.0 5.0 5.0 0.0 0.20400001 0 TOUCH_DOWN n
1402129107550 6 4098 506.5 1112.9509 0.33333334 5.0 5.0 5.0 5.0 0.0 0.21200001 2 TOUCH_MOVE n
1402129107587 6 4098 506.5 1113.5667 0.33333334 5.0 5.0 5.0 5.0 0.0 0.208 2 TOUCH_MOVE n
1402129107601 6 4098 506.5 1114.1727 0.3 5.0 5.0 5.0 5.0 0.0 0.2 2 TOUCH_MOVE n
1402129107611 6 4098 506.5 1114.1727 0.3 5.0 5.0 5.0 5.0 0.0 0.2 1 TOUCH_UP n
1402129108025 6 4098 360.5 957.451 0.26666668 4.0 4.0 4.0 4.0 0.0 0.208 0 TOUCH_DOWN g
1402129108085 6 4098 360.5 957.451 0.26666668 4.0 4.0 4.0 4.0 0.0 0.22000001 2 TOUCH_MOVE g
1402129108102 6 4098 363.10693 959.5312 0.23333335 4.0 4.0 4.0 4.0 0.0 0.208 2 TOUCH_MOVE g
1402129108117 6 4098 365.5 961.451 0.20000002 4.0 4.0 4.0 4.0 0.0 0.192 2 TOUCH_MOVE g
1402129108124 6 4098 365.5 961.451 0.16666667 3.0 3.0 3.0 3.0 0.0 0.120000005 2 TOUCH_MOVE g
1402129108131 6 4098 365.5 961.451 0.16666667 3.0 3.0 3.0 3.0 0.0 0.120000005 1 TOUCH_UP g
1402129108424 6 4098 362.0 1244.9509 0.10000001 2.0 2.0 2.0 2.0 0.0 0.18400002 0 TOUCH_DOWN Space
1402129108434 6 4098 362.0 1244.9509 0.16666667 3.0 3.0 3.0 3.0 0.0 0.192 2 TOUCH_MOVE Space
1402129108468 6 4098 362.0 1240.4078 0.20000002 4.0 4.0 4.0 4.0 0.0 0.19600001 2 TOUCH_MOVE Space
1402129108485 6 4098 362.0 1239.3444 0.20000002 4.0 4.0 4.0 4.0 0.0 0.192 2 TOUCH_MOVE Space
1402129108519 6 4098 362.5 1239.4509 0.13333334 3.0 3.0 3.0 3.0 0.0 0.14400001 2 TOUCH_MOVE Space
1402129108547 6 4098 362.5 1239.4509 0.13333334 3.0 3.0 3.0 3.0 0.0 0.14400001 1 TOUCH_UP Space
1402129109060 6 4098 428.0 1091.9509 0.26666668 4.0 4.0 4.0 4.0 0.0 0.2 0 TOUCH_DOWN b
1402129109069 6 4098 428.0 1091.9509 0.26666668 4.0 4.0 4.0 4.0 0.0 0.20400001 2 TOUCH_MOVE b
1402129109085 6 4098 428.0 1092.6919 0.26666668 4.0 4.0 4.0 4.0 0.0 0.21200001 2 TOUCH_MOVE b
1402129109102 6 4098 428.0 1093.6451 0.26666668 4.0 4.0 4.0 4.0 0.0 0.21200001 2 TOUCH_MOVE b
1402129109154 6 4098 432.6279 1087.1138 0.23333335 5.0 5.0 5.0 5.0 0.0 0.192 2 TOUCH_MOVE b
1402129109162 6 4098 436.0 1082.9509 0.26666668 5.0 5.0 5.0 5.0 0.0 0.17600001 2 TOUCH_MOVE b
1402129109165 6 4098 436.0 1082.9509 0.26666668 5.0 5.0 5.0 5.0 0.0 0.17600001 1 TOUCH_UP b
1402129109432 6 4098 536.0 816.451 0.26666668 4.0 4.0 4.0 4.0 0.0 0.20400001 0 TOUCH_DOWN i
1402129109487 6 4098 536.0 816.77106 0.26666668 4.0 4.0 4.0 4.0 0.0 0.21200001 2 TOUCH_MOVE i
1402129109502 6 4098 536.0 817.951 0.3 5.0 5.0 5.0 5.0 0.0 0.19600001 2 TOUCH_MOVE i
1402129109511 6 4098 536.0 817.951 0.26666668 5.0 5.0 5.0 5.0 0.0 0.16800001 2 TOUCH_MOVE i
1402129109515 6 4098 536.0 817.951 0.26666668 5.0 5.0 5.0 5.0 0.0 0.16800001 1 TOUCH_UP i
1402129109730 6 4098 363.5 1218.9509 0.20000002 3.0 3.0 3.0 3.0 0.0 0.2 0 TOUCH_DOWN Space
1402129109836 6 4098 363.5 1218.9509 0.16666667 3.0 3.0 3.0 3.0 0.0 0.18800001 2 TOUCH_MOVE Space
1402129109841 6 4098 363.5 1218.9509 0.16666667 3.0 3.0 3.0 3.0 0.0 0.18800001 1 TOUCH_UP Space
1402129110057 6 4098 250.5 836.451 0.26666668 5.0 5.0 5.0 5.0 0.0 0.19600001 0 TOUCH_DOWN r
1402129110078 6 4098 250.74664 836.20435 0.3 5.0 5.0 5.0 5.0 0.0 0.20400001 2 TOUCH_MOVE r
1402129110086 6 4098 251.43889 835.5121 0.3 5.0 5.0 5.0 5.0 0.0 0.216 2 TOUCH_MOVE r
1402129110104 6 4098 253.30696 834.0475 0.33333334 5.0 5.0 5.0 5.0 0.0 0.224 2 TOUCH_MOVE r
1402129110119 6 4098 254.8665 833.0845 0.33333334 5.0 5.0 5.0 5.0 0.0 0.224 2 TOUCH_MOVE r
1402129110139 6 4098 255.75 832.201 0.33333334 5.0 5.0 5.0 5.0 0.0 0.224 2 TOUCH_MOVE r
1402129110185 6 4098 255.5 832.451 0.26666668 5.0 5.0 5.0 5.0 0.0 0.156 2 TOUCH_MOVE r
1402129110189 6 4098 255.5 832.451 0.26666668 5.0 5.0 5.0 5.0 0.0 0.156 1 TOUCH_UP r
1402129110341 6 4098 599.0 840.951 0.26666668 4.0 4.0 4.0 4.0 0.0 0.20400001 0 TOUCH_DOWN o
1402129110353 6 4098 599.0 840.951 0.26666668 4.0 4.0 4.0 4.0 0.0 0.21200001 2 TOUCH_MOVE o
1402129110387 6 4098 597.4404 839.9212 0.26666668 4.0 4.0 4.0 4.0 0.0 0.22000001 2 TOUCH_MOVE o
1402129110403 6 4098 595.79266 839.451 0.26666668 4.0 4.0 4.0 4.0 0.0 0.22000001 2 TOUCH_MOVE o
1402129110419 6 4098 594.85565 838.80664 0.26666668 4.0 4.0 4.0 4.0 0.0 0.21200001 2 TOUCH_MOVE o
1402129110446 6 4098 595.0 838.951 0.23333335 4.0 4.0 4.0 4.0 0.0 0.16000001 2 TOUCH_MOVE o
1402129110450 6 4098 595.0 838.951 0.23333335 4.0 4.0 4.0 4.0 0.0 0.16000001 1 TOUCH_UP o
1402129110882 6 4098 670.5 1232.4509 0.23333335 5.0 5.0 5.0 5.0 0.0 0.18800001 0 TOUCH_DOWN Enter
1402129110890 6 4098 670.5 1232.4509 0.23333335 5.0 5.0 5.0 5.0 0.0 0.192 2 TOUCH_MOVE Enter
1402129110920 6 4098 669.482 1232.4509 0.26666668 5.0 5.0 5.0 5.0 0.0 0.2 2 TOUCH_MOVE Enter
1402129110937 6 4098 667.57135 1231.4866 0.23333335 4.0 4.0 4.0 4.0 0.0 0.2 2 TOUCH_MOVE Enter
1402129110953 6 4098 666.0611 1231.4509 0.23333335 4.0 4.0 4.0 4.0 0.0 0.19600001 2 TOUCH_MOVE Enter
1402129110970 6 4098 665.1052 1231.4509 0.23333335 4.0 4.0 4.0 4.0 0.0 0.19600001 2 TOUCH_MOVE Enter
1402129110987 6 4098 665.0 1231.4509 0.23333335 4.0 4.0 4.0 4.0 0.0 0.192 2 TOUCH_MOVE Enter
1402129110992 6 4098 665.0 1231.4509 0.23333335 4.0 4.0 4.0 4.0 0.0 0.192 1 TOUCH_UP Enter
1402129111358 6 4098 288.5 1120.9509 0.3 5.0 5.0 5.0 5.0 0.0 0.2 0 TOUCH_DOWN C
1402129111370 6 4098 288.5 1120.9509 0.3 5.0 5.0 5.0 5.0 0.0 0.208 2 TOUCH_MOVE C
1402129111388 6 4098 287.62875 1119.7084 0.3 5.0 5.0 5.0 5.0 0.0 0.216 2 TOUCH_MOVE C
1402129111405 6 4098 286.6045 1117.6599 0.3 5.0 5.0 5.0 5.0 0.0 0.22000001 2 TOUCH_MOVE C
1402129111420 6 4098 286.5 1116.5897 0.3 5.0 5.0 5.0 5.0 0.0 0.224 2 TOUCH_MOVE C
1402129111437 6 4098 286.2271 1115.678 0.3 5.0 5.0 5.0 5.0 0.0 0.224 2 TOUCH_MOVE C
1402129111455 6 4098 285.25 1115.4509 0.3 5.0 5.0 5.0 5.0 0.0 0.224 2 TOUCH_MOVE C
1402129111487 6 4098 285.294 1115.245 0.3 5.0 5.0 5.0 5.0 0.0 0.19600001 2 TOUCH_MOVE C
1402129111495 6 4098 285.0 1114.9509 0.3 5.0 5.0 5.0 5.0 0.0 0.17600001 2 TOUCH_MOVE C
1402129111498 6 4098 285.0 1114.9509 0.3 5.0 5.0 5.0 5.0 0.0 0.17600001 1 TOUCH_UP C
1402129111631 6 4098 624.0 825.951 0.3 5.0 5.0 5.0 5.0 0.0 0.21200001 0 TOUCH_DOWN o
1402129111655 6 4098 624.0 825.951 0.3 5.0 5.0 5.0 5.0 0.0 0.216 2 TOUCH_MOVE o
1402129111688 6 4098 623.2731 825.951 0.33333334 5.0 5.0 5.0 5.0 0.0 0.224 2 TOUCH_MOVE o
1402129111705 6 4098 622.75 825.951 0.33333334 5.0 5.0 5.0 5.0 0.0 0.224 2 TOUCH_MOVE o
1402129111722 6 4098 623.0 826.6156 0.3 5.0 5.0 5.0 5.0 0.0 0.22000001 2 TOUCH_MOVE o
1402129111737 6 4098 622.3791 828.1929 0.3 5.0 5.0 5.0 5.0 0.0 0.2 2 TOUCH_MOVE o
1402129111747 6 4098 622.5 827.951 0.26666668 5.0 5.0 5.0 5.0 0.0 0.17600001 2 TOUCH_MOVE o
1402129111750 6 4098 622.5 827.951 0.26666668 5.0 5.0 5.0 5.0 0.0 0.17600001 1 TOUCH_UP o
1402129112078 6 4098 327.0 816.951 0.3 5.0 5.0 5.0 5.0 0.0 0.216 0 TOUCH_DOWN t
1402129112089 6 4098 327.0 816.951 0.3 5.0 5.0 5.0 5.0 0.0 0.22000001 2 TOUCH_MOVE t
1402129112121 6 4098 328.24152 818.1925 0.3 5.0 5.0 5.0 5.0 0.0 0.22800002 2 TOUCH_MOVE t
1402129112138 6 4098 328.75 818.701 0.33333334 5.0 5.0 5.0 5.0 0.0 0.22800002 2 TOUCH_MOVE t
1402129112154 6 4098 328.5 819.00494 0.3 5.0 5.0 5.0 5.0 0.0 0.22800002 2 TOUCH_MOVE t
1402129112171 6 4098 328.5 820.07806 0.33333334 5.0 5.0 5.0 5.0 0.0 0.22000001 2 TOUCH_MOVE t
1402129112190 6 4098 328.5 820.951 0.33333334 5.0 5.0 5.0 5.0 0.0 0.18400002 2 TOUCH_MOVE t
1402129112193 6 4098 328.5 820.951 0.33333334 5.0 5.0 5.0 5.0 0.0 0.18400002 1 TOUCH_UP t
1402129112428 6 4098 307.5 1222.9509 0.16666667 3.0 3.0 3.0 3.0 0.0 0.19600001 0 TOUCH_DOWN Space
1402129112438 6 4098 307.5 1222.9509 0.16666667 3.0 3.0 3.0 3.0 0.0 0.2 2 TOUCH_MOVE Space
1402129112488 6 4098 307.5 1221.7009 0.23333335 4.0 4.0 4.0 4.0 0.0 0.21200001 2 TOUCH_MOVE Space
1402129112505 6 4098 307.5 1221.2813 0.23333335 4.0 4.0 4.0 4.0 0.0 0.208 2 TOUCH_MOVE Space
1402129112542 6 4098 307.5 1221.2813 0.23333335 4.0 4.0 4.0 4.0 0.0 0.208 1 TOUCH_UP Space
1402129112692 6 4098 45.0 821.451 0.23333335 4.0 4.0 4.0 4.0 0.0 0.18400002 0 TOUCH_DOWN q
1402129112789 6 4098 45.0 821.99646 0.26666668 5.0 5.0 5.0 5.0 0.0 0.19600001 2 TOUCH_MOVE q
1402129112805 6 4098 44.5 823.451 0.26666668 5.0 5.0 5.0 5.0 0.0 0.18 2 TOUCH_MOVE q
1402129112809 6 4098 44.5 823.451 0.26666668 5.0 5.0 5.0 5.0 0.0 0.18 1 TOUCH_UP q
1402129112945 6 4098 483.5 821.951 0.26666668 4.0 4.0 4.0 4.0 0.0 0.22000001 0 TOUCH_DOWN u
1402129112988 6 4098 482.96783 821.951 0.26666668 4.0 4.0 4.0 4.0 0.0 0.22800002 2 TOUCH_MOVE u
1402129113056 6 4098 483.0 821.951 0.3 5.0 5.0 5.0 5.0 0.0 0.20400001 2 TOUCH_MOVE u
1402129113065 6 4098 484.0 822.951 0.3 5.0 5.0 5.0 5.0 0.0 0.18400002 2 TOUCH_MOVE u
1402129113068 6 4098 484.0 822.951 0.3 5.0 5.0 5.0 5.0 0.0 0.18400002 1 TOUCH_UP u
1402129113123 6 4098 44.0 953.451 0.20000002 3.0 3.0 3.0 3.0 0.0 0.18 0 TOUCH_DOWN a
1402129113139 6 4098 44.0 953.451 0.20000002 3.0 3.0 3.0 3.0 0.0 0.18400002 2 TOUCH_MOVE a
1402129113206 6 4098 44.0 952.21124 0.23333335 4.0 4.0 4.0 4.0 0.0 0.19600001 2 TOUCH_MOVE a
1402129113222 6 4098 44.0 951.701 0.23333335 4.0 4.0 4.0 4.0 0.0 0.19600001 2 TOUCH_MOVE a
1402129113239 6 4098 45.160545 951.451 0.23333335 4.0 4.0 4.0 4.0 0.0 0.192 2 TOUCH_MOVE a
1402129113257 6 4098 47.25061 950.951 0.23333335 4.0 4.0 4.0 4.0 0.0 0.18800001 2 TOUCH_MOVE a
1402129113272 6 4098 50.24226 950.951 0.23333335 4.0 4.0 4.0 4.0 0.0 0.18 2 TOUCH_MOVE a
1402129113289 6 4098 51.5 950.951 0.23333335 4.0 4.0 4.0 4.0 0.0 0.17600001 2 TOUCH_MOVE a
1402129113291 6 4098 51.5 950.951 0.20000002 3.0 3.0 3.0 3.0 0.0 0.148 2 TOUCH_MOVE a
1402129113295 6 4098 51.5 950.951 0.20000002 3.0 3.0 3.0 3.0 0.0 0.148 1 TOUCH_UP a
1402129113412 6 4098 356.0 1211.9509 0.16666667 3.0 3.0 3.0 3.0 0.0 0.19600001 0 TOUCH_DOWN Space
1402129113506 6 4098 358.86768 1212.4509 0.23333335 4.0 4.0 4.0 4.0 0.0 0.208 2 TOUCH_MOVE Space
1402129113522 6 4098 363.0 1211.9509 0.23333335 4.0 4.0 4.0 4.0 0.0 0.18800001 2 TOUCH_MOVE Space
1402129113532 6 4098 363.0 1211.9509 0.23333335 4.0 4.0 4.0 4.0 0.0 0.15200001 2 TOUCH_MOVE Space
1402129113535 6 4098 363.0 1211.9509 0.23333335 4.0 4.0 4.0 4.0 0.0 0.15200001 1 TOUCH_UP Space
1402129113773 6 4098 584.0 990.451 0.23333335 5.0 5.0 5.0 5.0 0.0 0.208 0 TOUCH_DOWN k
1402129113797 6 4098 584.0 990.8935 0.3 5.0 5.0 5.0 5.0 0.0 0.21200001 2 TOUCH_MOVE k
1402129113806 6 4098 583.15356 991.7974 0.3 5.0 5.0 5.0 5.0 0.0 0.216 2 TOUCH_MOVE k
1402129113823 6 4098 582.2118 992.7392 0.3 5.0 5.0 5.0 5.0 0.0 0.216 2 TOUCH_MOVE k
1402129113840 6 4098 581.23596 994.74316 0.3 5.0 5.0 5.0 5.0 0.0 0.216 2 TOUCH_MOVE k
1402129113856 6 4098 579.76385 997.6594 0.23333335 4.0 4.0 4.0 4.0 0.0 0.19600001 2 TOUCH_MOVE k
1402129113864 6 4098 579.5 998.451 0.23333335 4.0 4.0 4.0 4.0 0.0 0.17600001 2 TOUCH_MOVE k
1402129113867 6 4098 579.5 998.451 0.23333335 4.0 4.0 4.0 4.0 0.0 0.17600001 1 TOUCH_UP k
1402129114072 6 4098 175.5 855.951 0.20000002 4.0 4.0 4.0 4.0 0.0 0.18400002 0 TOUCH_DOWN e
1402129114079 6 4098 175.5 855.951 0.20000002 4.0 4.0 4.0 4.0 0.0 0.192 2 TOUCH_MOVE e
1402129114106 6 4098 176.15634 854.1383 0.23333335 4.0 4.0 4.0 4.0 0.0 0.208 2 TOUCH_MOVE e
1402129114125 6 4098 177.73215 852.2189 0.23333335 4.0 4.0 4.0 4.0 0.0 0.21200001 2 TOUCH_MOVE e
1402129114140 6 4098 179.63875 850.8816 0.23333335 4.0 4.0 4.0 4.0 0.0 0.21200001 2 TOUCH_MOVE e
1402129114156 6 4098 180.5462 849.9048 0.23333335 4.0 4.0 4.0 4.0 0.0 0.216 2 TOUCH_MOVE e
1402129114173 6 4098 181.50029 849.951 0.23333335 4.0 4.0 4.0 4.0 0.0 0.21200001 2 TOUCH_MOVE e
1402129114219 6 4098 181.5 849.951 0.16666667 3.0 3.0 3.0 3.0 0.0 0.120000005 2 TOUCH_MOVE e
1402129114224 6 4098 181.5 849.951 0.16666667 3.0 3.0 3.0 3.0 0.0 0.120000005 1 TOUCH_UP e
1402129114336 6 4098 606.0 825.451 0.3 5.0 5.0 5.0 5.0 0.0 0.208 0 TOUCH_DOWN o
1402129114340 6 4098 606.0 825.451 0.3 5.0 5.0 5.0 5.0 0.0 0.216 2 TOUCH_MOVE o
1402129114360 6 4098 605.42535 825.451 0.3 5.0 5.0 5.0 5.0 0.0 0.22000001 2 TOUCH_MOVE o
1402129114374 6 4098 603.9188 825.451 0.3 5.0 5.0 5.0 5.0 0.0 0.224 2 TOUCH_MOVE o
1402129114390 6 4098 603.02783 825.451 0.3 5.0 5.0 5.0 5.0 0.0 0.224 2 TOUCH_MOVE o
1402129114407 6 4098 602.0504 825.451 0.3 5.0 5.0 5.0 5.0 0.0 0.224 2 TOUCH_MOVE o
1402129114425 6 4098 601.75 825.451 0.3 5.0 5.0 5.0 5.0 0.0 0.224 2 TOUCH_MOVE o
1402129114457 6 4098 602.0 825.451 0.3 5.0 5.0 5.0 5.0 0.0 0.18400002 2 TOUCH_MOVE o
1402129114462 6 4098 602.0 825.451 0.20000002 3.0 3.0 3.0 3.0 0.0 0.1 2 TOUCH_MOVE o
1402129114467 6 4098 602.0 825.451 0.20000002 3.0 3.0 3.0 3.0 0.0 0.1 1 TOUCH_UP o
1402129114888 6 4098 672.0 1211.4509 0.26666668 5.0 5.0 5.0 5.0 0.0 0.192 0 TOUCH_DOWN Enter
1402129114908 6 4098 671.6015 1211.8494 0.26666668 5.0 5.0 5.0 5.0 0.0 0.19600001 2 TOUCH_MOVE Enter
1402129114931 6 4098 668.706 1212.7097 0.23333335 4.0 4.0 4.0 4.0 0.0 0.2 2 TOUCH_MOVE Enter
1402129114940 6 4098 664.07623 1212.9509 0.23333335 4.0 4.0 4.0 4.0 0.0 0.2 2 TOUCH_MOVE Enter
1402129114958 6 4098 661.0157 1213.4509 0.23333335 4.0 4.0 4.0 4.0 0.0 0.2 2 TOUCH_MOVE Enter
1402129114974 6 4098 658.67566 1213.4509 0.23333335 4.0 4.0 4.0 4.0 0.0 0.19600001 2 TOUCH_MOVE Enter
1402129114990 6 4098 657.8848 1213.4509 0.23333335 4.0 4.0 4.0 4.0 0.0 0.17600001 2 TOUCH_MOVE Enter
1402129114995 6 4098 657.8848 1213.4509 0.23333335 4.0 4.0 4.0 4.0 0.0 0.17600001 1 TOUCH_UP Enter
1402129115287 6 4098 646.0 960.951 0.23333335 4.0 4.0 4.0 4.0 0.0 0.208 0 TOUCH_DOWN L
1402129115295 6 4098 646.0 960.951 0.23333335 4.0 4.0 4.0 4.0 0.0 0.21200001 2 TOUCH_MOVE L
1402129115324 6 4098 645.16754 960.951 0.23333335 4.0 4.0 4.0 4.0 0.0 0.21200001 2 TOUCH_MOVE L
1402129115341 6 4098 644.75 960.951 0.23333335 4.0 4.0 4.0 4.0 0.0 0.21200001 2 TOUCH_MOVE L
1402129115374 6 4098 645.0 960.951 0.13333334 2.0 2.0 2.0 2.0 0.0 0.124000005 2 TOUCH_MOVE L
1402129115379 6 4098 645.0 960.951 0.13333334 2.0 2.0 2.0 2.0 0.0 0.124000005 1 TOUCH_UP L
1402129115556 6 4098 50.0 979.951 0.20000002 3.0 3.0 3.0 3.0 0.0 0.17600001 0 TOUCH_DOWN a
1402129115684 6 4098 50.0 979.951 0.20000002 3.0 3.0 3.0 3.0 0.0 0.17600001 1 TOUCH_UP a
1402129115788 6 4098 406.5 1222.4509 0.20000002 3.0 3.0 3.0 3.0 0.0 0.19600001 0 TOUCH_DOWN ,
1402129115808 6 4098 406.5 1222.4509 0.23333335 4.0 4.0 4.0 4.0 0.0 0.2 2 TOUCH_MOVE ,
1402129115842 6 4098 406.0 1221.8035 0.23333335 4.0 4.0 4.0 4.0 0.0 0.20400001 2 TOUCH_MOVE ,
1402129115858 6 4098 407.82773 1220.2324 0.16666667 3.0 3.0 3.0 3.0 0.0 0.2 2 TOUCH_MOVE ,
1402129115876 6 4098 424.38165 1210.0784 0.20000002 4.0 4.0 4.0 4.0 0.0 0.18 2 TOUCH_MOVE ,
1402129115879 6 4098 424.38165 1210.0784 0.20000002 4.0 4.0 4.0 4.0 0.0 0.18 1 TOUCH_UP ,
1402129116071 6 4098 582.5 969.451 0.16666667 3.0 3.0 3.0 3.0 0.0 0.19600001 0 TOUCH_DOWN k
1402129116108 6 4098 580.9357 968.9188 0.23333335 4.0 4.0 4.0 4.0 0.0 0.20400001 2 TOUCH_MOVE k
1402129116133 6 4098 578.9405 967.8915 0.23333335 4.0 4.0 4.0 4.0 0.0 0.20400001 2 TOUCH_MOVE k
1402129116145 6 4098 578.04596 967.451 0.23333335 4.0 4.0 4.0 4.0 0.0 0.19600001 2 TOUCH_MOVE k
1402129116154 6 4098 577.5 967.451 0.13333334 2.0 2.0 2.0 2.0 0.0 0.124000005 2 TOUCH_MOVE k
1402129116158 6 4098 577.5 967.451 0.13333334 2.0 2.0 2.0 2.0 0.0 0.124000005 1 TOUCH_UP k
1402129116411 6 4098 194.0 839.451 0.26666668 4.0 4.0 4.0 4.0 0.0 0.19600001 0 TOUCH_DOWN e
1402129116434 6 4098 194.0 839.451 0.26666668 4.0 4.0 4.0 4.0 0.0 0.20400001 2 TOUCH_MOVE e
1402129116509 6 4098 193.49117 839.95984 0.26666668 4.0 4.0 4.0 4.0 0.0 0.216 2 TOUCH_MOVE e
1402129116532 6 4098 191.98999 841.461 0.20000002 3.0 3.0 3.0 3.0 0.0 0.18800001 2 TOUCH_MOVE e
1402129116536 6 4098 192.0 841.451 0.13333334 2.0 2.0 2.0 2.0 0.0 0.120000005 2 TOUCH_MOVE e
1402129116541 6 4098 192.0 841.451 0.13333334 2.0 2.0 2.0 2.0 0.0 0.120000005 1 TOUCH_UP e
1402129116566 6 4098 636.5 841.951 0.23333335 4.0 4.0 4.0 4.0 0.0 0.19600001 0 TOUCH_DOWN o
1402129116575 6 4098 636.5 841.951 0.26666668 4.0 4.0 4.0 4.0 0.0 0.20400001 2 TOUCH_MOVE o
1402129116592 6 4098 634.3052 841.451 0.26666668 4.0 4.0 4.0 4.0 0.0 0.21200001 2 TOUCH_MOVE o
1402129116609 6 4098 631.374 840.5757 0.26666668 4.0 4.0 4.0 4.0 0.0 0.216 2 TOUCH_MOVE o
1402129116626 6 4098 629.32446 839.951 0.26666668 4.0 4.0 4.0 4.0 0.0 0.22000001 2 TOUCH_MOVE o
1402129116643 6 4098 628.26276 839.951 0.26666668 4.0 4.0 4.0 4.0 0.0 0.22000001 2 TOUCH_MOVE o
1402129116692 6 4098 627.9706 841.00977 0.23333335 4.0 4.0 4.0 4.0 0.0 0.18 2 TOUCH_MOVE o
1402129116696 6 4098 627.9706 841.00977 0.23333335 4.0 4.0 4.0 4.0 0.0 0.18 1 TOUCH_UP o
1402129117035 6 4098 690.0 1119.9509 0.23333335 4.0 4.0 4.0 4.0 0.0 0.192 0 TOUCH_DOWN Back
1402129117060 6 4098 690.0 1119.9509 0.23333335 4.0 4.0 4.0 4.0 0.0 0.19600001 2 TOUCH_MOVE Back
1402129117093 6 4098 689.4486 1119.9509 0.26666668 5.0 5.0 5.0 5.0 0.0 0.19600001 2 TOUCH_MOVE Back
1402129117109 6 4098 689.5 1119.4509 0.23333335 5.0 5.0 5.0 5.0 0.0 0.18 2 TOUCH_MOVE Back
1402129117117 6 4098 689.5 1119.4509 0.23333335 5.0 5.0 5.0 5.0 0.0 0.124000005 2 TOUCH_MOVE Back
1402129117120 6 4098 689.5 1119.4509 0.23333335 5.0 5.0 5.0 5.0 0.0 0.124000005 1 TOUCH_UP Back
1402129117209 6 4098 694.5 1111.4509 0.23333335 5.0 5.0 5.0 5.0 0.0 0.192 0 TOUCH_DOWN Back
1402129117259 6 4098 694.5 1112.7009 0.23333335 5.0 5.0 5.0 5.0 0.0 0.192 2 TOUCH_MOVE Back
1402129117279 6 4098 694.5 1112.7009 0.23333335 5.0 5.0 5.0 5.0 0.0 0.192 1 TOUCH_UP Back
1402129117352 6 4098 694.5 1112.9509 0.23333335 5.0 5.0 5.0 5.0 0.0 0.18 0 TOUCH_DOWN Back
1402129117380 6 4098 694.5 1112.9509 0.23333335 5.0 5.0 5.0 5.0 0.0 0.18 1 TOUCH_UP Back
1402129117459 6 4098 697.5 1107.9509 0.23333335 5.0 5.0 5.0 5.0 0.0 0.18800001 0 TOUCH_DOWN Back
1402129117509 6 4098 697.5 1108.7009 0.23333335 5.0 5.0 5.0 5.0 0.0 0.192 2 TOUCH_MOVE Back
1402129117534 6 4098 697.5 1108.7009 0.23333335 5.0 5.0 5.0 5.0 0.0 0.192 1 TOUCH_UP Back
1402129118149 6 4098 299.0 1221.9509 0.16666667 3.0 3.0 3.0 3.0 0.0 0.19600001 0 TOUCH_DOWN Space
1402129118160 6 4098 299.0 1221.9509 0.16666667 3.0 3.0 3.0 3.0 0.0 0.2 2 TOUCH_MOVE Space
1402129118194 6 4098 297.78217 1221.4509 0.20000002 3.0 3.0 3.0 3.0 0.0 0.20400001 2 TOUCH_MOVE Space
1402129118212 6 4098 297.25 1221.4509 0.20000002 3.0 3.0 3.0 3.0 0.0 0.20400001 2 TOUCH_MOVE Space
1402129118227 6 4098 298.047 1222.5449 0.16666667 3.0 3.0 3.0 3.0 0.0 0.18800001 2 TOUCH_MOVE Space
1402129118236 6 4098 298.0 1222.4509 0.20000002 3.0 3.0 3.0 3.0 0.0 0.164 2 TOUCH_MOVE Space
1402129118239 6 4098 298.0 1222.4509 0.20000002 3.0 3.0 3.0 3.0 0.0 0.164 1 TOUCH_UP Space
1402129118588 6 4098 576.5 946.451 0.3 5.0 5.0 5.0 5.0 0.0 0.208 0 TOUCH_DOWN k
1402129118611 6 4098 576.5 946.451 0.3 5.0 5.0 5.0 5.0 0.0 0.21200001 2 TOUCH_MOVE k
1402129118627 6 4098 575.57837 947.1618 0.26666668 4.0 4.0 4.0 4.0 0.0 0.216 2 TOUCH_MOVE k
1402129118644 6 4098 573.6484 948.12683 0.26666668 4.0 4.0 4.0 4.0 0.0 0.21200001 2 TOUCH_MOVE k
1402129118660 6 4098 571.7416 951.4678 0.26666668 4.0 4.0 4.0 4.0 0.0 0.20400001 2 TOUCH_MOVE k
1402129118677 6 4098 570.40076 956.44727 0.23333335 4.0 4.0 4.0 4.0 0.0 0.18800001 2 TOUCH_MOVE k
1402129118687 6 4098 570.5 955.951 0.16666667 3.0 3.0 3.0 3.0 0.0 0.124000005 2 TOUCH_MOVE k
1402129118690 6 4098 570.5 955.951 0.16666667 3.0 3.0 3.0 3.0 0.0 0.124000005 1 TOUCH_UP k
1402129118905 6 4098 192.5 795.951 0.20000002 4.0 4.0 4.0 4.0 0.0 0.2 0 TOUCH_DOWN e
1402129118911 6 4098 192.5 795.951 0.23333335 4.0 4.0 4.0 4.0 0.0 0.208 2 TOUCH_MOVE e
1402129119011 6 4098 192.0 797.951 0.13333334 2.0 2.0 2.0 2.0 0.0 0.18 2 TOUCH_MOVE e
1402129119018 6 4098 192.0 797.951 0.13333334 2.0 2.0 2.0 2.0 0.0 0.112 2 TOUCH_MOVE e
1402129119021 6 4098 192.0 797.951 0.13333334 2.0 2.0 2.0 2.0 0.0 0.112 1 TOUCH_UP e
1402129119094 6 4098 666.5 844.951 0.26666668 5.0 5.0 5.0 5.0 0.0 0.20400001 0 TOUCH_DOWN p
1402129119111 6 4098 666.5 844.951 0.3 5.0 5.0 5.0 5.0 0.0 0.208 2 TOUCH_MOVE p
1402129119145 6 4098 665.99786 844.951 0.3 5.0 5.0 5.0 5.0 0.0 0.21200001 2 TOUCH_MOVE p
1402129119161 6 4098 665.01904 844.951 0.3 5.0 5.0 5.0 5.0 0.0 0.216 2 TOUCH_MOVE p
1402129119182 6 4098 664.75 844.951 0.3 5.0 5.0 5.0 5.0 0.0 0.21200001 2 TOUCH_MOVE p
1402129119208 6 4098 665.0 844.951 0.16666667 3.0 3.0 3.0 3.0 0.0 0.108 2 TOUCH_MOVE p
1402129119212 6 4098 665.0 844.951 0.16666667 3.0 3.0 3.0 3.0 0.0 0.108 1 TOUCH_UP p
1402129119505 6 4098 308.5 1230.4509 0.20000002 3.0 3.0 3.0 3.0 0.0 0.192 0 TOUCH_DOWN Space
1402129119511 6 4098 308.5 1230.4509 0.20000002 3.0 3.0 3.0 3.0 0.0 0.19600001 2 TOUCH_MOVE Space
1402129119598 6 4098 308.5 1230.4509 0.20000002 3.0 3.0 3.0 3.0 0.0 0.15200001 2 TOUCH_MOVE Space
1402129119604 6 4098 308.5 1230.4509 0.20000002 3.0 3.0 3.0 3.0 0.0 0.15200001 1 TOUCH_UP Space
1402129119748 6 4098 42.0 823.951 0.23333335 4.0 4.0 4.0 4.0 0.0 0.18 0 TOUCH_DOWN q
1402129119767 6 4098 42.0 823.951 0.23333335 4.0 4.0 4.0 4.0 0.0 0.18400002 2 TOUCH_MOVE q
1402129119795 6 4098 42.0 823.4474 0.23333335 4.0 4.0 4.0 4.0 0.0 0.192 2 TOUCH_MOVE q
1402129119845 6 4098 42.57658 823.451 0.23333335 4.0 4.0 4.0 4.0 0.0 0.19600001 2 TOUCH_MOVE q
1402129119893 6 4098 42.5 823.451 0.20000002 5.0 5.0 5.0 5.0 0.0 0.148 2 TOUCH_MOVE q
1402129119896 6 4098 42.5 823.451 0.20000002 5.0 5.0 5.0 5.0 0.0 0.148 1 TOUCH_UP q
1402129120611 6 4098 667.0 1130.4509 0.26666668 5.0 5.0 5.0 5.0 0.0 0.2 0 TOUCH_DOWN Back
1402129120619 6 4098 667.0 1130.4509 0.26666668 5.0 5.0 5.0 5.0 0.0 0.208 2 TOUCH_MOVE Back
1402129120646 6 4098 666.4876 1130.4509 0.3 5.0 5.0 5.0 5.0 0.0 0.21200001 2 TOUCH_MOVE Back
1402129120662 6 4098 665.75 1130.4509 0.26666668 4.0 4.0 4.0 4.0 0.0 0.21200001 2 TOUCH_MOVE Back
1402129120679 6 4098 666.0 1131.1959 0.3 5.0 5.0 5.0 5.0 0.0 0.21200001 2 TOUCH_MOVE Back
1402129120717 6 4098 666.0 1130.9509 0.23333335 5.0 5.0 5.0 5.0 0.0 0.18400002 2 TOUCH_MOVE Back
1402129120721 6 4098 666.0 1130.9509 0.23333335 5.0 5.0 5.0 5.0 0.0 0.18400002 1 TOUCH_UP Back
1402129120817 6 4098 676.5 1116.9509 0.26666668 4.0 4.0 4.0 4.0 0.0 0.19600001 0 TOUCH_DOWN Back
1402129120832 6 4098 676.5 1116.9509 0.26666668 4.0 4.0 4.0 4.0 0.0 0.192 2 TOUCH_MOVE Back
1402129120879 6 4098 676.5 1116.9509 0.26666668 4.0 4.0 4.0 4.0 0.0 0.192 1 TOUCH_UP Back
1402129120942 6 4098 676.0 1112.4509 0.3 5.0 5.0 5.0 5.0 0.0 0.19600001 0 TOUCH_DOWN Back
1402129121013 6 4098 676.0 1111.9509 0.26666668 5.0 5.0 5.0 5.0 0.0 0.17600001 2 TOUCH_MOVE Back
1402129121016 6 4098 676.0 1111.9509 0.26666668 5.0 5.0 5.0 5.0 0.0 0.17600001 1 TOUCH_UP Back
1402129121602 6 4098 603.0 820.451 0.26666668 4.0 4.0 4.0 4.0 0.0 0.216 0 TOUCH_DOWN o
1402129121613 6 4098 603.0 820.451 0.26666668 4.0 4.0 4.0 4.0 0.0 0.22000001 2 TOUCH_MOVE o
1402129121647 6 4098 601.76025 820.451 0.26666668 4.0 4.0 4.0 4.0 0.0 0.22000001 2 TOUCH_MOVE o
1402129121663 6 4098 601.25 820.451 0.26666668 4.0 4.0 4.0 4.0 0.0 0.22000001 2 TOUCH_MOVE o
1402129121689 6 4098 601.5 820.451 0.3 5.0 5.0 5.0 5.0 0.0 0.18800001 2 TOUCH_MOVE o
1402129121692 6 4098 601.5 820.451 0.3 5.0 5.0 5.0 5.0 0.0 0.18800001 1 TOUCH_UP o
1402129121934 6 4098 304.0 1228.4509 0.16666667 3.0 3.0 3.0 3.0 0.0 0.19600001 0 TOUCH_DOWN Space
1402129121947 6 4098 304.0 1228.4509 0.16666667 3.0 3.0 3.0 3.0 0.0 0.2 2 TOUCH_MOVE Space
1402129122028 6 4098 304.0 1228.9509 0.13333334 2.0 2.0 2.0 2.0 0.0 0.18 2 TOUCH_MOVE Space
1402129122031 6 4098 304.0 1228.9509 0.13333334 2.0 2.0 2.0 2.0 0.0 0.18 1 TOUCH_UP Space
1402129122424 6 4098 34.5 813.451 0.16666667 3.0 3.0 3.0 3.0 0.0 0.18 0 TOUCH_DOWN q
1402129122465 6 4098 35.567814 813.451 0.20000002 3.0 3.0 3.0 3.0 0.0 0.192 2 TOUCH_MOVE q
1402129122481 6 4098 36.811455 813.451 0.20000002 3.0 3.0 3.0 3.0 0.0 0.19600001 2 TOUCH_MOVE q
1402129122497 6 4098 37.778492 813.451 0.20000002 3.0 3.0 3.0 3.0 0.0 0.19600001 2 TOUCH_MOVE q
1402129122514 6 4098 38.738876 813.451 0.23333335 4.0 4.0 4.0 4.0 0.0 0.19600001 2 TOUCH_MOVE q
1402129122564 6 4098 37.98065 813.97034 0.20000002 4.0 4.0 4.0 4.0 0.0 0.18 2 TOUCH_MOVE q
1402129122581 6 4098 38.0 813.951 0.16666667 4.0 4.0 4.0 4.0 0.0 0.15200001 2 TOUCH_MOVE q
1402129122585 6 4098 38.0 813.951 0.16666667 4.0 4.0 4.0 4.0 0.0 0.15200001 1 TOUCH_UP q
1402129122768 6 4098 475.5 838.451 0.23333335 4.0 4.0 4.0 4.0 0.0 0.208 0 TOUCH_DOWN u
1402129122781 6 4098 475.5 838.451 0.26666668 4.0 4.0 4.0 4.0 0.0 0.21200001 2 TOUCH_MOVE u
1402129122802 6 4098 474.92957 838.451 0.26666668 4.0 4.0 4.0 4.0 0.0 0.22000001 2 TOUCH_MOVE u
1402129122814 6 4098 474.25 838.451 0.26666668 4.0 4.0 4.0 4.0 0.0 0.22000001 2 TOUCH_MOVE u
1402129122866 6 4098 474.5 840.2068 0.23333335 4.0 4.0 4.0 4.0 0.0 0.20400001 2 TOUCH_MOVE u
1402129122882 6 4098 474.0 843.951 0.13333334 2.0 2.0 2.0 2.0 0.0 0.17600001 2 TOUCH_MOVE u
1402129122896 6 4098 474.0 843.951 0.13333334 2.0 2.0 2.0 2.0 0.0 0.112 2 TOUCH_MOVE u
1402129122900 6 4098 474.0 843.951 0.13333334 2.0 2.0 2.0 2.0 0.0 0.112 1 TOUCH_UP u
1402129122908 6 4098 52.0 967.951 0.16666667 3.0 3.0 3.0 3.0 0.0 0.18800001 0 TOUCH_DOWN a
1402129122932 6 4098 52.0 967.201 0.16666667 3.0 3.0 3.0 3.0 0.0 0.192 2 TOUCH_MOVE a
1402129122981 6 4098 52.0 966.87396 0.16666667 3.0 3.0 3.0 3.0 0.0 0.19600001 2 TOUCH_MOVE a
1402129123045 6 4098 52.0 966.87396 0.16666667 3.0 3.0 3.0 3.0 0.0 0.19600001 1 TOUCH_UP a
1402129123168 6 4098 361.5 1210.4509 0.16666667 3.0 3.0 3.0 3.0 0.0 0.192 0 TOUCH_DOWN Space
1402129123182 6 4098 361.5 1210.4509 0.16666667 3.0 3.0 3.0 3.0 0.0 0.19600001 2 TOUCH_MOVE Space
1402129123199 6 4098 361.5 1211.6074 0.20000002 3.0 3.0 3.0 3.0 0.0 0.20400001 2 TOUCH_MOVE Space
1402129123215 6 4098 361.5 1212.5692 0.20000002 3.0 3.0 3.0 3.0 0.0 0.208 2 TOUCH_MOVE Space
1402129123237 6 4098 361.5 1213.3331 0.20000002 3.0 3.0 3.0 3.0 0.0 0.208 2 TOUCH_MOVE Space
1402129123262 6 4098 361.54092 1214.4509 0.20000002 3.0 3.0 3.0 3.0 0.0 0.208 2 TOUCH_MOVE Space
1402129123265 6 4098 362.50385 1214.4509 0.23333335 4.0 4.0 4.0 4.0 0.0 0.20400001 2 TOUCH_MOVE Space
1402129123290 6 4098 364.8904 1212.5605 0.23333335 4.0 4.0 4.0 4.0 0.0 0.2 2 TOUCH_MOVE Space
1402129123296 6 4098 365.0 1212.4509 0.20000002 4.0 4.0 4.0 4.0 0.0 0.148 2 TOUCH_MOVE Space
1402129123300 6 4098 365.0 1212.4509 0.20000002 4.0 4.0 4.0 4.0 0.0 0.148 1 TOUCH_UP Space
1402129123618 6 4098 275.0 1111.4509 0.33333334 5.0 5.0 5.0 5.0 0.0 0.20400001 0 TOUCH_DOWN c
1402129123728 6 4098 275.0 1111.4509 0.3 5.0 5.0 5.0 5.0 0.0 0.18400002 2 TOUCH_MOVE c
1402129123731 6 4098 275.0 1111.4509 0.3 5.0 5.0 5.0 5.0 0.0 0.18400002 1 TOUCH_UP c
1402129123938 6 4098 600.5 858.451 0.20000002 4.0 4.0 4.0 4.0 0.0 0.19600001 0 TOUCH_DOWN o
1402129124049 6 4098 600.5 858.951 0.16666667 3.0 3.0 3.0 3.0 0.0 0.104 2 TOUCH_MOVE o
1402129124054 6 4098 600.5 858.951 0.16666667 3.0 3.0 3.0 3.0 0.0 0.104 1 TOUCH_UP o
1402129124509 6 4098 339.5 843.451 0.23333335 4.0 4.0 4.0 4.0 0.0 0.18400002 0 TOUCH_DOWN t
1402129124520 6 4098 339.5 843.451 0.26666668 4.0 4.0 4.0 4.0 0.0 0.192 2 TOUCH_MOVE t
1402129124549 6 4098 338.47125 843.451 0.3 5.0 5.0 5.0 5.0 0.0 0.21200001 2 TOUCH_MOVE t
1402129124566 6 4098 337.5104 842.951 0.26666668 4.0 4.0 4.0 4.0 0.0 0.21200001 2 TOUCH_MOVE t
1402129124583 6 4098 336.75 842.951 0.3 5.0 5.0 5.0 5.0 0.0 0.21200001 2 TOUCH_MOVE t
1402129124630 6 4098 336.5 843.951 0.23333335 5.0 5.0 5.0 5.0 0.0 0.172 2 TOUCH_MOVE t
1402129124642 6 4098 336.5 843.951 0.23333335 5.0 5.0 5.0 5.0 0.0 0.172 1 TOUCH_UP t
1402129125270 6 4098 663.5 1225.4509 0.23333335 4.0 4.0 4.0 4.0 0.0 0.18800001 0 TOUCH_DOWN Enter
1402129125351 6 4098 664.5 1225.4509 0.26666668 5.0 5.0 5.0 5.0 0.0 0.18 2 TOUCH_MOVE Enter
1402129125359 6 4098 664.5 1225.4509 0.26666668 5.0 5.0 5.0 5.0 0.0 0.14400001 2 TOUCH_MOVE Enter
1402129125362 6 4098 664.5 1225.4509 0.26666668 5.0 5.0 5.0 5.0 0.0 0.14400001 1 TOUCH_UP Enter
1402129126878 6 4098 666.0 1095.9509 0.26666668 5.0 5.0 5.0 5.0 0.0 0.18800001 0 TOUCH_DOWN Back
1402129126885 6 4098 666.0 1095.9509 0.3 5.0 5.0 5.0 5.0 0.0 0.192 2 TOUCH_MOVE Back
1402129126902 6 4098 666.0 1096.4695 0.3 5.0 5.0 5.0 5.0 0.0 0.18800001 2 TOUCH_MOVE Back
1402129126918 6 4098 666.0 1097.4254 0.3 5.0 5.0 5.0 5.0 0.0 0.18800001 2 TOUCH_MOVE Back
1402129126936 6 4098 666.5 1097.9509 0.26666668 5.0 5.0 5.0 5.0 0.0 0.14 2 TOUCH_MOVE Back
1402129126940 6 4098 666.5 1097.9509 0.26666668 5.0 5.0 5.0 5.0 0.0 0.14 1 TOUCH_UP Back
