959417687 6 4098 99.0 830.451 0.33333334 5.0 5.0 5.0 5.0 0.0 0.22800002 0 TOUCH_DOWN W
959417698 6 4098 99.0 830.451 0.33333334 5.0 5.0 5.0 5.0 0.0 0.24000001 2 TOUCH_MOVE W
959417714 6 4098 99.0 831.01404 0.36666667 6.0 6.0 6.0 6.0 0.0 0.252 2 TOUCH_MOVE W
959417731 6 4098 99.0 831.9432 0.36666667 6.0 6.0 6.0 6.0 0.0 0.252 2 TOUCH_MOVE W
959417752 6 4098 99.0 833.201 0.36666667 6.0 6.0 6.0 6.0 0.0 0.252 2 TOUCH_MOVE W
959417782 6 4098 99.0 833.201 0.36666667 6.0 6.0 6.0 6.0 0.0 0.252 1 TOUCH_UP W
959417929 6 4098 170.5 851.451 0.3 5.0 5.0 5.0 5.0 0.0 0.22000001 0 TOUCH_DOWN e
959417943 6 4098 170.5 851.451 0.33333334 5.0 5.0 5.0 5.0 0.0 0.22800002 2 TOUCH_MOVE e
959417964 6 4098 169.48193 851.451 0.33333334 5.0 5.0 5.0 5.0 0.0 0.24000001 2 TOUCH_MOVE e
959417981 6 4098 167.53104 851.451 0.33333334 5.0 5.0 5.0 5.0 0.0 0.23600002 2 TOUCH_MOVE e
959417998 6 4098 164.67972 850.951 0.3 5.0 5.0 5.0 5.0 0.0 0.208 2 TOUCH_MOVE e
959417999 6 4098 164.5 850.951 0.23333335 5.0 5.0 5.0 5.0 0.0 0.16000001 2 TOUCH_MOVE e
959418007 6 4098 164.5 850.951 0.23333335 5.0 5.0 5.0 5.0 0.0 0.16000001 1 TOUCH_UP e
959418172 6 4098 348.5 1187.9509 0.23333335 4.0 4.0 4.0 4.0 0.0 0.208 0 TOUCH_DOWN Space
959418181 6 4098 348.5 1187.9509 0.26666668 4.0 4.0 4.0 4.0 0.0 0.21200001 2 TOUCH_MOVE Space
959418231 6 4098 348.0653 1187.0162 0.3 5.0 5.0 5.0 5.0 0.0 0.22000001 2 TOUCH_MOVE Space
959418233 6 4098 348.0 1186.9509 0.26666668 4.0 4.0 4.0 4.0 0.0 0.208 2 TOUCH_MOVE Space
959418249 6 4098 348.0 1186.9509 0.26666668 4.0 4.0 4.0 4.0 0.0 0.208 1 TOUCH_UP Space
959418406 6 4098 61.0 973.951 0.23333335 4.0 4.0 4.0 4.0 0.0 0.21200001 0 TOUCH_DOWN a
959418415 6 4098 61.0 973.951 0.3 5.0 5.0 5.0 5.0 0.0 0.224 2 TOUCH_MOVE a
959418448 6 4098 63.859875 974.9043 0.3 5.0 5.0 5.0 5.0 0.0 0.24000001 2 TOUCH_MOVE a
959418465 6 4098 65.832146 974.951 0.33333334 5.0 5.0 5.0 5.0 0.0 0.23600002 2 TOUCH_MOVE a
959418482 6 4098 68.26471 973.3039 0.33333334 5.0 5.0 5.0 5.0 0.0 0.23200001 2 TOUCH_MOVE a
959418492 6 4098 69.5 969.951 0.20000002 3.0 3.0 3.0 3.0 0.0 0.18800001 2 TOUCH_MOVE a
959418501 6 4098 69.5 969.951 0.20000002 3.0 3.0 3.0 3.0 0.0 0.18800001 1 TOUCH_UP a
959418718 6 4098 260.0 853.451 0.33333334 5.0 5.0 5.0 5.0 0.0 0.24000001 0 TOUCH_DOWN r
959418730 6 4098 260.0 853.451 0.33333334 5.0 5.0 5.0 5.0 0.0 0.24400002 2 TOUCH_MOVE r
959418782 6 4098 260.0 854.1694 0.36666667 6.0 6.0 6.0 6.0 0.0 0.252 2 TOUCH_MOVE r
959418799 6 4098 259.5 854.951 0.33333334 5.0 5.0 5.0 5.0 0.0 0.23200001 2 TOUCH_MOVE r
959418805 6 4098 259.5 854.951 0.26666668 4.0 4.0 4.0 4.0 0.0 0.20400001 2 TOUCH_MOVE r
959418812 6 4098 259.5 854.951 0.26666668 4.0 4.0 4.0 4.0 0.0 0.20400001 1 TOUCH_UP r
959418969 6 4098 153.5 833.451 0.33333334 5.0 5.0 5.0 5.0 0.0 0.23200001 0 TOUCH_DOWN e
959418982 6 4098 153.5 833.5911 0.33333334 5.0 5.0 5.0 5.0 0.0 0.23600002 2 TOUCH_MOVE e
959418999 6 4098 153.5 834.1672 0.33333334 5.0 5.0 5.0 5.0 0.0 0.24400002 2 TOUCH_MOVE e
959419015 6 4098 153.5 835.2645 0.33333334 5.0 5.0 5.0 5.0 0.0 0.24800001 2 TOUCH_MOVE e
959419032 6 4098 153.5 837.3262 0.33333334 5.0 5.0 5.0 5.0 0.0 0.24800001 2 TOUCH_MOVE e
959419049 6 4098 152.86763 838.5834 0.33333334 5.0 5.0 5.0 5.0 0.0 0.24800001 2 TOUCH_MOVE e
959419066 6 4098 151.95262 839.49835 0.33333334 5.0 5.0 5.0 5.0 0.0 0.24400002 2 TOUCH_MOVE e
959419082 6 4098 150.94435 839.451 0.33333334 5.0 5.0 5.0 5.0 0.0 0.23200001 2 TOUCH_MOVE e
959419099 6 4098 149.97337 839.451 0.26666668 4.0 4.0 4.0 4.0 0.0 0.216 2 TOUCH_MOVE e
959419116 6 4098 149.01213 839.451 0.26666668 4.0 4.0 4.0 4.0 0.0 0.208 2 TOUCH_MOVE e
959419125 6 4098 149.0 839.451 0.26666668 5.0 5.0 5.0 5.0 0.0 0.16000001 2 TOUCH_MOVE e
959419132 6 4098 149.0 839.451 0.26666668 5.0 5.0 5.0 5.0 0.0 0.16000001 1 TOUCH_UP e
959419488 6 4098 346.0 1212.4509 0.23333335 4.0 4.0 4.0 4.0 0.0 0.20400001 0 TOUCH_DOWN Space
959419574 6 4098 346.0 1212.4509 0.23333335 4.0 4.0 4.0 4.0 0.0 0.20400001 1 TOUCH_UP Space
959419687 6 4098 345.5 850.951 0.33333334 5.0 5.0 5.0 5.0 0.0 0.23200001 0 TOUCH_DOWN t
959419699 6 4098 345.5 850.951 0.33333334 5.0 5.0 5.0 5.0 0.0 0.24000001 2 TOUCH_MOVE t
959419765 6 4098 345.5 850.951 0.33333334 5.0 5.0 5.0 5.0 0.0 0.24000001 1 TOUCH_UP t
959419913 6 4098 422.0 959.451 0.26666668 4.0 4.0 4.0 4.0 0.0 0.216 0 TOUCH_DOWN h
959419926 6 4098 422.0 959.451 0.3 5.0 5.0 5.0 5.0 0.0 0.224 2 TOUCH_MOVE h
959419983 6 4098 422.0 959.451 0.23333335 4.0 4.0 4.0 4.0 0.0 0.16000001 2 TOUCH_MOVE h
959419990 6 4098 422.0 959.451 0.23333335 4.0 4.0 4.0 4.0 0.0 0.16000001 1 TOUCH_UP h
959420718 6 4098 182.5 843.451 0.33333334 5.0 5.0 5.0 5.0 0.0 0.23200001 0 TOUCH_DOWN e
959420731 6 4098 182.5 843.451 0.33333334 5.0 5.0 5.0 5.0 0.0 0.23600002 2 TOUCH_MOVE e
959420800 6 4098 182.0 843.451 0.33333334 5.0 5.0 5.0 5.0 0.0 0.23600002 2 TOUCH_MOVE e
959420805 6 4098 182.0 843.451 0.26666668 4.0 4.0 4.0 4.0 0.0 0.21200001 2 TOUCH_MOVE e
959420812 6 4098 182.0 843.451 0.26666668 4.0 4.0 4.0 4.0 0.0 0.21200001 1 TOUCH_UP e
959421159 6 4098 343.5 1203.9509 0.23333335 4.0 4.0 4.0 4.0 0.0 0.21200001 0 TOUCH_DOWN Space
959421201 6 4098 343.89783 1203.9509 0.3 5.0 5.0 5.0 5.0 0.0 0.22800002 2 TOUCH_MOVE Space
959421218 6 4098 344.85284 1203.9509 0.3 5.0 5.0 5.0 5.0 0.0 0.224 2 TOUCH_MOVE Space
959421234 6 4098 345.0 1203.9509 0.3 5.0 5.0 5.0 5.0 0.0 0.216 2 TOUCH_MOVE Space
959421237 6 4098 345.0 1203.9509 0.20000002 4.0 4.0 4.0 4.0 0.0 0.18 2 TOUCH_MOVE Space
959421245 6 4098 345.0 1203.9509 0.20000002 4.0 4.0 4.0 4.0 0.0 0.18 1 TOUCH_UP Space
959421774 6 4098 127.5 846.951 0.33333334 5.0 5.0 5.0 5.0 0.0 0.22800002 0 TOUCH_DOWN w
959421785 6 4098 127.5 846.951 0.33333334 5.0 5.0 5.0 5.0 0.0 0.23200001 2 TOUCH_MOVE w
959421818 6 4098 127.5339 847.48486 0.33333334 5.0 5.0 5.0 5.0 0.0 0.24000001 2 TOUCH_MOVE w
959421835 6 4098 128.0 848.4549 0.33333334 5.0 5.0 5.0 5.0 0.0 0.23600002 2 TOUCH_MOVE w
959421848 6 4098 128.0 849.201 0.3 5.0 5.0 5.0 5.0 0.0 0.23600002 2 TOUCH_MOVE w
959421869 6 4098 128.0 848.951 0.23333335 4.0 4.0 4.0 4.0 0.0 0.2 2 TOUCH_MOVE w
959421877 6 4098 128.0 848.951 0.23333335 4.0 4.0 4.0 4.0 0.0 0.2 1 TOUCH_UP w
959422086 6 4098 613.0 846.951 0.3 5.0 5.0 5.0 5.0 0.0 0.208 0 TOUCH_DOWN o
959422180 6 4098 613.0 846.40454 0.3 5.0 5.0 5.0 5.0 0.0 0.20400001 2 TOUCH_MOVE o
959422198 6 4098 613.0 846.40454 0.3 5.0 5.0 5.0 5.0 0.0 0.20400001 1 TOUCH_UP o
959422372 6 4098 278.0 847.451 0.33333334 5.0 5.0 5.0 5.0 0.0 0.24000001 0 TOUCH_DOWN r
959422475 6 4098 278.0 847.451 0.33333334 5.0 5.0 5.0 5.0 0.0 0.24000001 1 TOUCH_UP r
959422572 6 4098 584.0 989.451 0.20000002 4.0 4.0 4.0 4.0 0.0 0.192 0 TOUCH_DOWN k
959422635 6 4098 584.0 989.451 0.23333335 4.0 4.0 4.0 4.0 0.0 0.18800001 2 TOUCH_MOVE k
959422640 6 4098 584.0 989.451 0.16666667 3.0 3.0 3.0 3.0 0.0 0.108 2 TOUCH_MOVE k
959422649 6 4098 584.0 989.451 0.16666667 3.0 3.0 3.0 3.0 0.0 0.108 1 TOUCH_UP k
959423272 6 4098 683.0 1106.9509 0.3 5.0 5.0 5.0 5.0 0.0 0.22800002 0 TOUCH_DOWN Back
959423319 6 4098 681.7591 1106.9509 0.33333334 5.0 5.0 5.0 5.0 0.0 0.23200001 2 TOUCH_MOVE Back
959423336 6 4098 680.9024 1106.9509 0.3 5.0 5.0 5.0 5.0 0.0 0.224 2 TOUCH_MOVE Back
959423350 6 4098 681.0 1106.9509 0.26666668 4.0 4.0 4.0 4.0 0.0 0.17600001 2 TOUCH_MOVE Back
959423358 6 4098 681.0 1106.9509 0.26666668 4.0 4.0 4.0 4.0 0.0 0.17600001 1 TOUCH_UP Back
959423532 6 4098 675.5 927.951 0.33333334 5.0 5.0 5.0 5.0 0.0 0.22000001 0 TOUCH_DOWN l
959423553 6 4098 675.13916 927.951 0.33333334 5.0 5.0 5.0 5.0 0.0 0.224 2 TOUCH_MOVE l
959423570 6 4098 674.1253 927.951 0.33333334 5.0 5.0 5.0 5.0 0.0 0.22000001 2 TOUCH_MOVE l
959423586 6 4098 671.5555 928.5992 0.33333334 5.0 5.0 5.0 5.0 0.0 0.216 2 TOUCH_MOVE l
959423597 6 4098 671.25 928.451 0.33333334 5.0 5.0 5.0 5.0 0.0 0.216 2 TOUCH_MOVE l
959423626 6 4098 671.25 928.451 0.33333334 5.0 5.0 5.0 5.0 0.0 0.216 1 TOUCH_UP l
959423732 6 4098 220.5 972.451 0.3 5.0 5.0 5.0 5.0 0.0 0.216 0 TOUCH_DOWN d
959423744 6 4098 220.5 972.451 0.3 5.0 5.0 5.0 5.0 0.0 0.22800002 2 TOUCH_MOVE d
959423770 6 4098 220.5 973.1995 0.33333334 5.0 5.0 5.0 5.0 0.0 0.23600002 2 TOUCH_MOVE d
959423787 6 4098 220.5 973.8018 0.33333334 5.0 5.0 5.0 5.0 0.0 0.24400002 2 TOUCH_MOVE d
959423803 6 4098 220.5 973.951 0.33333334 5.0 5.0 5.0 5.0 0.0 0.23200001 2 TOUCH_MOVE d
959423817 6 4098 220.5 973.951 0.3 5.0 5.0 5.0 5.0 0.0 0.208 2 TOUCH_MOVE d
959423826 6 4098 220.5 973.951 0.3 5.0 5.0 5.0 5.0 0.0 0.208 1 TOUCH_UP d
959425023 6 4098 445.0 1232.9509 0.26666668 5.0 5.0 5.0 5.0 0.0 0.192 0 TOUCH_DOWN ,
959425033 6 4098 445.0 1232.9509 0.26666668 5.0 5.0 5.0 5.0 0.0 0.19600001 2 TOUCH_MOVE ,
959425071 6 4098 445.0 1231.7009 0.26666668 5.0 5.0 5.0 5.0 0.0 0.19600001 2 TOUCH_MOVE ,
959425081 6 4098 445.0 1231.7009 0.26666668 5.0 5.0 5.0 5.0 0.0 0.19600001 1 TOUCH_UP ,
959425316 6 4098 295.0 1234.4509 0.26666668 5.0 5.0 5.0 5.0 0.0 0.20400001 0 TOUCH_DOWN Space
959425355 6 4098 294.5 1233.2225 0.26666668 5.0 5.0 5.0 5.0 0.0 0.208 2 TOUCH_MOVE Space
959425363 6 4098 294.5 1232.7009 0.26666668 5.0 5.0 5.0 5.0 0.0 0.20400001 2 TOUCH_MOVE Space
959425384 6 4098 294.5 1232.7009 0.26666668 5.0 5.0 5.0 5.0 0.0 0.20400001 1 TOUCH_UP Space
959425524 6 4098 102.5 846.951 0.3 5.0 5.0 5.0 5.0 0.0 0.216 0 TOUCH_DOWN w
959425572 6 4098 104.84598 846.669 0.33333334 5.0 5.0 5.0 5.0 0.0 0.24800001 2 TOUCH_MOVE w
959425588 6 4098 106.74417 845.7068 0.33333334 5.0 5.0 5.0 5.0 0.0 0.24400002 2 TOUCH_MOVE w
959425605 6 4098 107.5 844.451 0.3 5.0 5.0 5.0 5.0 0.0 0.224 2 TOUCH_MOVE w
959425611 6 4098 107.5 844.451 0.3 5.0 5.0 5.0 5.0 0.0 0.2 2 TOUCH_MOVE w
959425618 6 4098 107.5 844.451 0.3 5.0 5.0 5.0 5.0 0.0 0.2 1 TOUCH_UP w
959425775 6 4098 197.5 849.951 0.3 5.0 5.0 5.0 5.0 0.0 0.22800002 0 TOUCH_DOWN e
959425787 6 4098 197.5 849.951 0.33333334 5.0 5.0 5.0 5.0 0.0 0.23200001 2 TOUCH_MOVE e
959425835 6 4098 197.0 849.951 0.13333334 2.0 2.0 2.0 2.0 0.0 0.14 2 TOUCH_MOVE e
959425843 6 4098 197.0 849.951 0.13333334 2.0 2.0 2.0 2.0 0.0 0.14 1 TOUCH_UP e
959426000 6 4098 342.0 1220.9509 0.23333335 4.0 4.0 4.0 4.0 0.0 0.19600001 0 TOUCH_DOWN Space
959426012 6 4098 342.0 1220.9509 0.23333335 4.0 4.0 4.0 4.0 0.0 0.2 2 TOUCH_MOVE Space
959426060 6 4098 342.0 1220.9509 0.23333335 4.0 4.0 4.0 4.0 0.0 0.2 1 TOUCH_UP Space
959426191 6 4098 54.5 976.951 0.26666668 5.0 5.0 5.0 5.0 0.0 0.224 0 TOUCH_DOWN a
959426239 6 4098 58.12256 976.951 0.3 5.0 5.0 5.0 5.0 0.0 0.23200001 2 TOUCH_MOVE a
959426256 6 4098 59.24741 976.951 0.3 5.0 5.0 5.0 5.0 0.0 0.23200001 2 TOUCH_MOVE a
959426272 6 4098 59.5 976.451 0.23333335 4.0 4.0 4.0 4.0 0.0 0.208 2 TOUCH_MOVE a
959426277 6 4098 59.5 976.451 0.16666667 3.0 3.0 3.0 3.0 0.0 0.18400002 2 TOUCH_MOVE a
959426285 6 4098 59.5 976.451 0.16666667 3.0 3.0 3.0 3.0 0.0 0.18400002 1 TOUCH_UP a
959426563 6 4098 287.5 840.951 0.33333334 5.0 5.0 5.0 5.0 0.0 0.224 0 TOUCH_DOWN r
959426572 6 4098 287.5 840.951 0.33333334 5.0 5.0 5.0 5.0 0.0 0.23600002 2 TOUCH_MOVE r
959426589 6 4098 285.9098 840.951 0.33333334 5.0 5.0 5.0 5.0 0.0 0.24400002 2 TOUCH_MOVE r
959426606 6 4098 282.999 840.451 0.36666667 6.0 6.0 6.0 6.0 0.0 0.24800001 2 TOUCH_MOVE r
959426623 6 4098 280.0888 840.9214 0.33333334 5.0 5.0 5.0 5.0 0.0 0.24400002 2 TOUCH_MOVE r
959426639 6 4098 276.65005 840.951 0.3 5.0 5.0 5.0 5.0 0.0 0.21200001 2 TOUCH_MOVE r
959426640 6 4098 276.5 840.951 0.16666667 3.0 3.0 3.0 3.0 0.0 0.120000005 2 TOUCH_MOVE r
959426648 6 4098 276.5 840.951 0.16666667 3.0 3.0 3.0 3.0 0.0 0.120000005 1 TOUCH_UP r
959426858 6 4098 167.0 830.451 0.33333334 5.0 5.0 5.0 5.0 0.0 0.24000001 0 TOUCH_DOWN e
959426869 6 4098 167.0 830.451 0.36666667 6.0 6.0 6.0 6.0 0.0 0.24800001 2 TOUCH_MOVE e
959426889 6 4098 167.76389 831.71484 0.40000004 6.0 6.0 6.0 6.0 0.0 0.256 2 TOUCH_MOVE e
959426906 6 4098 169.18857 833.6395 0.40000004 6.0 6.0 6.0 6.0 0.0 0.256 2 TOUCH_MOVE e
959426923 6 4098 170.305 835.256 0.40000004 6.0 6.0 6.0 6.0 0.0 0.26000002 2 TOUCH_MOVE e
959426940 6 4098 170.5 836.2216 0.40000004 6.0 6.0 6.0 6.0 0.0 0.252 2 TOUCH_MOVE e
959426956 6 4098 170.5 836.451 0.40000004 6.0 6.0 6.0 6.0 0.0 0.256 2 TOUCH_MOVE e
959426969 6 4098 170.5 836.451 0.3 5.0 5.0 5.0 5.0 0.0 0.2 2 TOUCH_MOVE e
959426978 6 4098 170.5 836.451 0.3 5.0 5.0 5.0 5.0 0.0 0.2 1 TOUCH_UP e
959427454 6 4098 348.5 1223.9509 0.23333335 4.0 4.0 4.0 4.0 0.0 0.20400001 0 TOUCH_DOWN Space
959427532 6 4098 348.5 1223.9509 0.23333335 4.0 4.0 4.0 4.0 0.0 0.20400001 1 TOUCH_UP Space
959427706 6 4098 315.5 842.451 0.3 5.0 5.0 5.0 5.0 0.0 0.22000001 0 TOUCH_DOWN t
959427724 6 4098 315.5 842.1891 0.33333334 5.0 5.0 5.0 5.0 0.0 0.224 2 TOUCH_MOVE t
959427740 6 4098 315.5 841.70776 0.33333334 5.0 5.0 5.0 5.0 0.0 0.23200001 2 TOUCH_MOVE t
959427757 6 4098 315.5 841.20874 0.33333334 5.0 5.0 5.0 5.0 0.0 0.23600002 2 TOUCH_MOVE t
959427802 6 4098 315.5 841.20874 0.33333334 5.0 5.0 5.0 5.0 0.0 0.23600002 1 TOUCH_UP t
959427939 6 4098 432.0 953.451 0.26666668 4.0 4.0 4.0 4.0 0.0 0.19600001 0 TOUCH_DOWN h
959427952 6 4098 432.0 953.451 0.3 5.0 5.0 5.0 5.0 0.0 0.2 2 TOUCH_MOVE h
959427974 6 4098 432.99857 952.45245 0.26666668 4.0 4.0 4.0 4.0 0.0 0.2 2 TOUCH_MOVE h
959427987 6 4098 433.75 951.701 0.26666668 4.0 4.0 4.0 4.0 0.0 0.192 2 TOUCH_MOVE h
959427999 6 4098 433.75 951.701 0.26666668 4.0 4.0 4.0 4.0 0.0 0.192 1 TOUCH_UP h
959428165 6 4098 192.0 828.451 0.33333334 5.0 5.0 5.0 5.0 0.0 0.22800002 0 TOUCH_DOWN e
959428224 6 4098 191.52547 828.92554 0.33333334 5.0 5.0 5.0 5.0 0.0 0.24400002 2 TOUCH_MOVE e
959428241 6 4098 190.17896 829.3615 0.33333334 5.0 5.0 5.0 5.0 0.0 0.23600002 2 TOUCH_MOVE e
959428254 6 4098 190.0 829.451 0.26666668 5.0 5.0 5.0 5.0 0.0 0.18 2 TOUCH_MOVE e
959428259 6 4098 190.0 829.451 0.26666668 5.0 5.0 5.0 5.0 0.0 0.18 1 TOUCH_UP e
959428433 6 4098 333.0 1236.4509 0.20000002 5.0 5.0 5.0 5.0 0.0 0.18800001 0 TOUCH_DOWN Space
959428458 6 4098 333.0 1235.9858 0.23333335 5.0 5.0 5.0 5.0 0.0 0.19600001 2 TOUCH_MOVE Space
959428474 6 4098 333.5 1234.76 0.26666668 5.0 5.0 5.0 5.0 0.0 0.20400001 2 TOUCH_MOVE Space
959428491 6 4098 333.86218 1233.5887 0.26666668 5.0 5.0 5.0 5.0 0.0 0.2 2 TOUCH_MOVE Space
959428502 6 4098 335.0 1232.9509 0.23333335 4.0 4.0 4.0 4.0 0.0 0.18 2 TOUCH_MOVE Space
959428511 6 4098 335.0 1232.9509 0.23333335 4.0 4.0 4.0 4.0 0.0 0.18 1 TOUCH_UP Space
959428684 6 4098 264.5 1092.4509 0.3 5.0 5.0 5.0 5.0 0.0 0.21200001 0 TOUCH_DOWN c
959428724 6 4098 263.15317 1094.2977 0.33333334 5.0 5.0 5.0 5.0 0.0 0.22800002 2 TOUCH_MOVE c
959428741 6 4098 262.1905 1094.9509 0.3 5.0 5.0 5.0 5.0 0.0 0.22000001 2 TOUCH_MOVE c
959428744 6 4098 262.0 1094.9509 0.26666668 4.0 4.0 4.0 4.0 0.0 0.20400001 2 TOUCH_MOVE c
959428753 6 4098 262.0 1094.9509 0.26666668 4.0 4.0 4.0 4.0 0.0 0.20400001 1 TOUCH_UP c
959428822 6 4098 417.5 963.951 0.26666668 4.0 4.0 4.0 4.0 0.0 0.216 0 TOUCH_DOWN h
959428836 6 4098 417.5 963.951 0.3 5.0 5.0 5.0 5.0 0.0 0.22800002 2 TOUCH_MOVE h
959428858 6 4098 416.45215 963.951 0.3 5.0 5.0 5.0 5.0 0.0 0.23200001 2 TOUCH_MOVE h
959428875 6 4098 415.48563 962.93665 0.3 5.0 5.0 5.0 5.0 0.0 0.24000001 2 TOUCH_MOVE h
959428891 6 4098 414.52594 961.9769 0.3 5.0 5.0 5.0 5.0 0.0 0.23200001 2 TOUCH_MOVE h
959428908 6 4098 413.12292 960.5739 0.3 5.0 5.0 5.0 5.0 0.0 0.22000001 2 TOUCH_MOVE h
959428918 6 4098 413.0 960.451 0.20000002 4.0 4.0 4.0 4.0 0.0 0.16000001 2 TOUCH_MOVE h
959428926 6 4098 413.0 960.451 0.20000002 4.0 4.0 4.0 4.0 0.0 0.16000001 1 TOUCH_UP h
959429109 6 4098 520.5 808.951 0.26666668 4.0 4.0 4.0 4.0 0.0 0.224 0 TOUCH_DOWN i
959429175 6 4098 521.5594 809.30414 0.3 5.0 5.0 5.0 5.0 0.0 0.22800002 2 TOUCH_MOVE i
959429186 6 4098 525.0 810.451 0.26666668 4.0 4.0 4.0 4.0 0.0 0.19600001 2 TOUCH_MOVE i
959429194 6 4098 525.0 810.451 0.26666668 4.0 4.0 4.0 4.0 0.0 0.19600001 1 TOUCH_UP i
959429420 6 4098 657.5 974.451 0.23333335 4.0 4.0 4.0 4.0 0.0 0.19600001 0 TOUCH_DOWN l
959429459 6 4098 657.5 975.6837 0.26666668 4.0 4.0 4.0 4.0 0.0 0.19600001 2 TOUCH_MOVE l
959429481 6 4098 657.5 976.951 0.26666668 4.0 4.0 4.0 4.0 0.0 0.19600001 2 TOUCH_MOVE l
959429498 6 4098 657.5 976.951 0.26666668 4.0 4.0 4.0 4.0 0.0 0.19600001 1 TOUCH_UP l
959429698 6 4098 213.5 981.951 0.3 5.0 5.0 5.0 5.0 0.0 0.224 0 TOUCH_DOWN d
959429709 6 4098 213.5 981.951 0.33333334 5.0 5.0 5.0 5.0 0.0 0.23600002 2 TOUCH_MOVE d
959429759 6 4098 214.96175 981.951 0.40000004 6.0 6.0 6.0 6.0 0.0 0.256 2 TOUCH_MOVE d
959429775 6 4098 216.55655 981.951 0.36666667 6.0 6.0 6.0 6.0 0.0 0.24800001 2 TOUCH_MOVE d
959429801 6 4098 216.5 980.951 0.23333335 5.0 5.0 5.0 5.0 0.0 0.192 2 TOUCH_MOVE d
959429809 6 4098 216.5 980.951 0.23333335 5.0 5.0 5.0 5.0 0.0 0.192 1 TOUCH_UP d
959430044 6 4098 271.5 835.451 0.33333334 5.0 5.0 5.0 5.0 0.0 0.24000001 0 TOUCH_DOWN r
959430109 6 4098 271.20685 835.451 0.40000004 6.0 6.0 6.0 6.0 0.0 0.256 2 TOUCH_MOVE r
959430117 6 4098 270.75 835.451 0.36666667 6.0 6.0 6.0 6.0 0.0 0.252 2 TOUCH_MOVE r
959430139 6 4098 271.0 835.451 0.3 5.0 5.0 5.0 5.0 0.0 0.18800001 2 TOUCH_MOVE r
959430147 6 4098 271.0 835.451 0.3 5.0 5.0 5.0 5.0 0.0 0.18800001 1 TOUCH_UP r
959430347 6 4098 142.0 828.451 0.36666667 6.0 6.0 6.0 6.0 0.0 0.252 0 TOUCH_DOWN w
959430376 6 4098 142.19928 829.34955 0.40000004 6.0 6.0 6.0 6.0 0.0 0.26000002 2 TOUCH_MOVE w
959430393 6 4098 143.15842 830.7678 0.40000004 6.0 6.0 6.0 6.0 0.0 0.264 2 TOUCH_MOVE w
959430409 6 4098 144.13815 832.0891 0.40000004 6.0 6.0 6.0 6.0 0.0 0.264 2 TOUCH_MOVE w
959430426 6 4098 144.0 833.0499 0.40000004 6.0 6.0 6.0 6.0 0.0 0.256 2 TOUCH_MOVE w
959430443 6 4098 142.37926 832.951 0.33333334 5.0 5.0 5.0 5.0 0.0 0.24000001 2 TOUCH_MOVE w
959430454 6 4098 142.5 832.951 0.3 5.0 5.0 5.0 5.0 0.0 0.208 2 TOUCH_MOVE w
959430458 6 4098 142.5 832.951 0.3 5.0 5.0 5.0 5.0 0.0 0.208 1 TOUCH_UP w
959430607 6 4098 498.0 1110.4509 0.33333334 5.0 5.0 5.0 5.0 0.0 0.208 0 TOUCH_DOWN n
959430692 6 4098 498.0 1110.4509 0.33333334 5.0 5.0 5.0 5.0 0.0 0.208 1 TOUCH_UP n
959431342 6 4098 690.5 1103.4509 0.3 5.0 5.0 5.0 5.0 0.0 0.22000001 0 TOUCH_DOWN Back
959431355 6 4098 690.5 1103.4509 0.3 5.0 5.0 5.0 5.0 0.0 0.216 2 TOUCH_MOVE Back
959431377 6 4098 690.5 1104.4619 0.3 5.0 5.0 5.0 5.0 0.0 0.224 2 TOUCH_MOVE Back
959431394 6 4098 690.5 1105.4231 0.3 5.0 5.0 5.0 5.0 0.0 0.22800002 2 TOUCH_MOVE Back
959431410 6 4098 690.5 1106.2009 0.3 5.0 5.0 5.0 5.0 0.0 0.224 2 TOUCH_MOVE Back
959431427 6 4098 690.5 1106.6664 0.3 5.0 5.0 5.0 5.0 0.0 0.21200001 2 TOUCH_MOVE Back
959431437 6 4098 690.5 1106.6664 0.3 5.0 5.0 5.0 5.0 0.0 0.21200001 1 TOUCH_UP Back
959431533 6 4098 704.0 1089.9509 0.23333335 4.0 4.0 4.0 4.0 0.0 0.208 0 TOUCH_DOWN Back
959431560 6 4098 704.0 1091.0933 0.26666668 5.0 5.0 5.0 5.0 0.0 0.21200001 2 TOUCH_MOVE Back
959431577 6 4098 704.0 1092.0217 0.26666668 5.0 5.0 5.0 5.0 0.0 0.21200001 2 TOUCH_MOVE Back
959431589 6 4098 704.0 1092.7009 0.23333335 4.0 4.0 4.0 4.0 0.0 0.21200001 2 TOUCH_MOVE Back
959431611 6 4098 704.65625 1092.4509 0.23333335 4.0 4.0 4.0 4.0 0.0 0.19600001 2 TOUCH_MOVE Back
959431619 6 4098 704.65625 1092.4509 0.23333335 4.0 4.0 4.0 4.0 0.0 0.19600001 1 TOUCH_UP Back
959432875 6 4098 185.5 854.951 0.3 5.0 5.0 5.0 5.0 0.0 0.23200001 0 TOUCH_DOWN e
959432888 6 4098 185.5 854.951 0.33333334 5.0 5.0 5.0 5.0 0.0 0.24000001 2 TOUCH_MOVE e
959432945 6 4098 184.9929 854.951 0.33333334 5.0 5.0 5.0 5.0 0.0 0.23600002 2 TOUCH_MOVE e
959432962 6 4098 184.5 854.951 0.26666668 4.0 4.0 4.0 4.0 0.0 0.216 2 TOUCH_MOVE e
959432962 6 4098 184.5 854.951 0.20000002 4.0 4.0 4.0 4.0 0.0 0.18 2 TOUCH_MOVE e
959432970 6 4098 184.5 854.951 0.20000002 4.0 4.0 4.0 4.0 0.0 0.18 1 TOUCH_UP e
959433421 6 4098 505.0 1083.4509 0.26666668 4.0 4.0 4.0 4.0 0.0 0.208 0 TOUCH_DOWN n
959433446 6 4098 505.47388 1083.4509 0.3 5.0 5.0 5.0 5.0 0.0 0.21200001 2 TOUCH_MOVE n
959433462 6 4098 506.70834 1083.4509 0.3 5.0 5.0 5.0 5.0 0.0 0.22000001 2 TOUCH_MOVE n
959433479 6 4098 508.23688 1083.4509 0.26666668 4.0 4.0 4.0 4.0 0.0 0.21200001 2 TOUCH_MOVE n
959433490 6 4098 509.0 1083.4509 0.20000002 4.0 4.0 4.0 4.0 0.0 0.18400002 2 TOUCH_MOVE n
959433498 6 4098 509.0 1083.4509 0.20000002 4.0 4.0 4.0 4.0 0.0 0.18400002 1 TOUCH_UP n
959433888 6 4098 690.0 1231.9509 0.23333335 4.0 4.0 4.0 4.0 0.0 0.19600001 0 TOUCH_DOWN Enter
959433913 6 4098 690.2313 1231.9509 0.23333335 4.0 4.0 4.0 4.0 0.0 0.2 2 TOUCH_MOVE Enter
959433946 6 4098 690.9188 1231.9509 0.23333335 4.0 4.0 4.0 4.0 0.0 0.2 2 TOUCH_MOVE Enter
959433962 6 4098 691.75 1231.2009 0.23333335 4.0 4.0 4.0 4.0 0.0 0.2 2 TOUCH_MOVE Enter
959433983 6 4098 691.75 1231.2009 0.23333335 4.0 4.0 4.0 4.0 0.0 0.2 1 TOUCH_UP Enter
959434832 6 4098 89.5 843.451 0.36666667 6.0 6.0 6.0 6.0 0.0 0.24400002 0 TOUCH_DOWN W
959434864 6 4098 90.3301 843.451 0.36666667 6.0 6.0 6.0 6.0 0.0 0.256 2 TOUCH_MOVE W
959434880 6 4098 91.2943 842.6567 0.36666667 6.0 6.0 6.0 6.0 0.0 0.252 2 TOUCH_MOVE W
959434888 6 4098 91.75 842.201 0.36666667 6.0 6.0 6.0 6.0 0.0 0.252 2 TOUCH_MOVE W
959434914 6 4098 91.0 840.951 0.3 5.0 5.0 5.0 5.0 0.0 0.21200001 2 TOUCH_MOVE W
959434918 6 4098 91.0 840.951 0.23333335 4.0 4.0 4.0 4.0 0.0 0.17600001 2 TOUCH_MOVE W
959434926 6 4098 91.0 840.951 0.23333335 4.0 4.0 4.0 4.0 0.0 0.17600001 1 TOUCH_UP W
959435083 6 4098 172.5 841.451 0.36666667 6.0 6.0 6.0 6.0 0.0 0.24800001 0 TOUCH_DOWN e
959435097 6 4098 172.5 841.451 0.40000004 6.0 6.0 6.0 6.0 0.0 0.252 2 TOUCH_MOVE e
959435144 6 4098 172.0 841.451 0.3 5.0 5.0 5.0 5.0 0.0 0.19600001 2 TOUCH_MOVE e
959435152 6 4098 172.0 841.451 0.3 5.0 5.0 5.0 5.0 0.0 0.19600001 1 TOUCH_UP e
959435361 6 4098 299.0 1199.9509 0.23333335 4.0 4.0 4.0 4.0 0.0 0.216 0 TOUCH_DOWN Space
959435373 6 4098 299.0 1199.9509 0.26666668 4.0 4.0 4.0 4.0 0.0 0.224 2 TOUCH_MOVE Space
959435440 6 4098 299.0 1199.9509 0.16666667 3.0 3.0 3.0 3.0 0.0 0.18400002 2 TOUCH_MOVE Space
959435446 6 4098 299.0 1199.9509 0.16666667 3.0 3.0 3.0 3.0 0.0 0.18400002 1 TOUCH_UP Space
959435589 6 4098 75.0 954.451 0.3 5.0 5.0 5.0 5.0 0.0 0.224 0 TOUCH_DOWN a
959435596 6 4098 75.0 954.451 0.33333334 5.0 5.0 5.0 5.0 0.0 0.23200001 2 TOUCH_MOVE a
959435614 6 4098 76.52056 953.60394 0.33333334 5.0 5.0 5.0 5.0 0.0 0.24400002 2 TOUCH_MOVE a
959435631 6 4098 80.69448 951.6732 0.36666667 6.0 6.0 6.0 6.0 0.0 0.24400002 2 TOUCH_MOVE a
959435648 6 4098 83.27532 949.67566 0.33333334 5.0 5.0 5.0 5.0 0.0 0.24000001 2 TOUCH_MOVE a
959435664 6 4098 84.5 945.3151 0.26666668 5.0 5.0 5.0 5.0 0.0 0.208 2 TOUCH_MOVE a
959435672 6 4098 84.5 944.451 0.16666667 3.0 3.0 3.0 3.0 0.0 0.1 2 TOUCH_MOVE a
959435680 6 4098 84.5 944.451 0.16666667 3.0 3.0 3.0 3.0 0.0 0.1 1 TOUCH_UP a
959435871 6 4098 256.0 827.451 0.33333334 5.0 5.0 5.0 5.0 0.0 0.22800002 0 TOUCH_DOWN r
959435881 6 4098 256.0 827.451 0.36666667 6.0 6.0 6.0 6.0 0.0 0.24400002 2 TOUCH_MOVE r
959435948 6 4098 255.06334 828.38763 0.40000004 6.0 6.0 6.0 6.0 0.0 0.264 2 TOUCH_MOVE r
959435965 6 4098 254.0972 829.35376 0.40000004 6.0 6.0 6.0 6.0 0.0 0.256 2 TOUCH_MOVE r
959435975 6 4098 253.5 830.451 0.33333334 5.0 5.0 5.0 5.0 0.0 0.224 2 TOUCH_MOVE r
959435983 6 4098 253.5 830.451 0.33333334 5.0 5.0 5.0 5.0 0.0 0.224 1 TOUCH_UP r
959436175 6 4098 149.5 861.451 0.33333334 5.0 5.0 5.0 5.0 0.0 0.24800001 0 TOUCH_DOWN e
959436215 6 4098 151.7048 863.6558 0.40000004 6.0 6.0 6.0 6.0 0.0 0.252 2 TOUCH_MOVE e
959436231 6 4098 153.63185 865.5828 0.40000004 6.0 6.0 6.0 6.0 0.0 0.26000002 2 TOUCH_MOVE e
959436248 6 4098 155.40826 867.15515 0.36666667 6.0 6.0 6.0 6.0 0.0 0.252 2 TOUCH_MOVE e
959436264 6 4098 156.0 868.201 0.40000004 6.0 6.0 6.0 6.0 0.0 0.256 2 TOUCH_MOVE e
959436295 6 4098 155.0 867.451 0.23333335 4.0 4.0 4.0 4.0 0.0 0.20400001 2 TOUCH_MOVE e
959436303 6 4098 155.0 867.451 0.23333335 4.0 4.0 4.0 4.0 0.0 0.20400001 1 TOUCH_UP e
959436461 6 4098 351.0 1210.4509 0.23333335 4.0 4.0 4.0 4.0 0.0 0.20400001 0 TOUCH_DOWN Space
959436482 6 4098 351.0 1211.2216 0.26666668 5.0 5.0 5.0 5.0 0.0 0.216 2 TOUCH_MOVE Space
959436498 6 4098 350.76825 1212.1827 0.26666668 5.0 5.0 5.0 5.0 0.0 0.22000001 2 TOUCH_MOVE Space
959436515 6 4098 349.84137 1212.4509 0.26666668 5.0 5.0 5.0 5.0 0.0 0.224 2 TOUCH_MOVE Space
959436549 6 4098 349.45886 1212.4509 0.23333335 4.0 4.0 4.0 4.0 0.0 0.20400001 2 TOUCH_MOVE Space
959436563 6 4098 349.45886 1212.4509 0.23333335 4.0 4.0 4.0 4.0 0.0 0.20400001 1 TOUCH_UP Space
959436685 6 4098 321.5 839.951 0.33333334 5.0 5.0 5.0 5.0 0.0 0.24400002 0 TOUCH_DOWN t
959436698 6 4098 321.5 839.951 0.33333334 5.0 5.0 5.0 5.0 0.0 0.24800001 2 TOUCH_MOVE t
959436771 6 4098 321.5 839.951 0.33333334 5.0 5.0 5.0 5.0 0.0 0.24800001 1 TOUCH_UP t
959436893 6 4098 448.5 931.951 0.33333334 5.0 5.0 5.0 5.0 0.0 0.22000001 0 TOUCH_DOWN h
959436966 6 4098 448.0 931.951 0.33333334 5.0 5.0 5.0 5.0 0.0 0.22800002 2 TOUCH_MOVE h
959436979 6 4098 448.0 931.951 0.26666668 5.0 5.0 5.0 5.0 0.0 0.17600001 2 TOUCH_MOVE h
959436987 6 4098 448.0 931.951 0.26666668 5.0 5.0 5.0 5.0 0.0 0.17600001 1 TOUCH_UP h
959437161 6 4098 194.5 846.951 0.33333334 5.0 5.0 5.0 5.0 0.0 0.23600002 0 TOUCH_DOWN e
959437176 6 4098 194.5 846.951 0.33333334 5.0 5.0 5.0 5.0 0.0 0.24000001 2 TOUCH_MOVE e
959437232 6 4098 193.50261 847.451 0.33333334 5.0 5.0 5.0 5.0 0.0 0.24000001 2 TOUCH_MOVE e
959437239 6 4098 193.5 847.451 0.26666668 4.0 4.0 4.0 4.0 0.0 0.2 2 TOUCH_MOVE e
959437247 6 4098 193.5 847.451 0.26666668 4.0 4.0 4.0 4.0 0.0 0.2 1 TOUCH_UP e
959437396 6 4098 341.5 1211.9509 0.23333335 4.0 4.0 4.0 4.0 0.0 0.208 0 TOUCH_DOWN Space
959437456 6 4098 341.5 1211.9509 0.23333335 4.0 4.0 4.0 4.0 0.0 0.18800001 2 TOUCH_MOVE Space
959437464 6 4098 341.5 1211.9509 0.23333335 4.0 4.0 4.0 4.0 0.0 0.18800001 1 TOUCH_UP Space
959437725 6 4098 586.0 809.451 0.3 5.0 5.0 5.0 5.0 0.0 0.224 0 TOUCH_DOWN o
959437750 6 4098 585.67816 809.451 0.3 5.0 5.0 5.0 5.0 0.0 0.23200001 2 TOUCH_MOVE o
959437766 6 4098 585.066 809.451 0.33333334 5.0 5.0 5.0 5.0 0.0 0.24000001 2 TOUCH_MOVE o
959437783 6 4098 584.10425 809.451 0.33333334 5.0 5.0 5.0 5.0 0.0 0.23600002 2 TOUCH_MOVE o
959437789 6 4098 583.75 809.451 0.3 5.0 5.0 5.0 5.0 0.0 0.23200001 2 TOUCH_MOVE o
959437819 6 4098 583.75 809.451 0.3 5.0 5.0 5.0 5.0 0.0 0.23200001 1 TOUCH_UP o
959438331 6 4098 461.5 1101.9509 0.23333335 4.0 4.0 4.0 4.0 0.0 0.20400001 0 TOUCH_DOWN b
959438399 6 4098 461.5 1101.9509 0.23333335 4.0 4.0 4.0 4.0 0.0 0.20400001 1 TOUCH_UP b
959438547 6 4098 189.0 833.951 0.33333334 5.0 5.0 5.0 5.0 0.0 0.23200001 0 TOUCH_DOWN e
959438633 6 4098 189.0 833.951 0.26666668 4.0 4.0 4.0 4.0 0.0 0.2 2 TOUCH_MOVE e
959438643 6 4098 189.0 833.951 0.26666668 4.0 4.0 4.0 4.0 0.0 0.2 1 TOUCH_UP e
959439352 6 4098 697.0 1130.4509 0.20000002 4.0 4.0 4.0 4.0 0.0 0.20400001 0 TOUCH_DOWN Back
959439365 6 4098 697.0 1130.4509 0.23333335 4.0 4.0 4.0 4.0 0.0 0.208 2 TOUCH_MOVE Back
959439384 6 4098 697.0 1129.5779 0.3 5.0 5.0 5.0 5.0 0.0 0.216 2 TOUCH_MOVE Back
959439400 6 4098 696.25 1128.7009 0.3 5.0 5.0 5.0 5.0 0.0 0.22000001 2 TOUCH_MOVE Back
959439418 6 4098 696.5 1128.1549 0.3 5.0 5.0 5.0 5.0 0.0 0.216 2 TOUCH_MOVE Back
959439431 6 4098 697.0 1127.4509 0.20000002 4.0 4.0 4.0 4.0 0.0 0.17600001 2 TOUCH_MOVE Back
959439438 6 4098 697.0 1127.4509 0.20000002 4.0 4.0 4.0 4.0 0.0 0.17600001 1 TOUCH_UP Back
959439561 6 4098 699.0 1094.4509 0.20000002 4.0 4.0 4.0 4.0 0.0 0.19600001 0 TOUCH_DOWN Back
959439572 6 4098 699.0 1094.4509 0.20000002 4.0 4.0 4.0 4.0 0.0 0.2 2 TOUCH_MOVE Back
959439629 6 4098 699.0 1094.4509 0.20000002 4.0 4.0 4.0 4.0 0.0 0.2 1 TOUCH_UP Back
959439882 6 4098 508.0 1120.4509 0.26666668 4.0 4.0 4.0 4.0 0.0 0.208 0 TOUCH_DOWN n
959439941 6 4098 508.0 1120.4509 0.26666668 4.0 4.0 4.0 4.0 0.0 0.18400002 2 TOUCH_MOVE n
959439949 6 4098 508.0 1120.4509 0.26666668 4.0 4.0 4.0 4.0 0.0 0.18400002 1 TOUCH_UP n
959440097 6 4098 174.0 847.451 0.33333334 5.0 5.0 5.0 5.0 0.0 0.23200001 0 TOUCH_DOWN e
959440110 6 4098 174.0 847.451 0.33333334 5.0 5.0 5.0 5.0 0.0 0.24000001 2 TOUCH_MOVE e
959440169 6 4098 173.5 847.451 0.33333334 5.0 5.0 5.0 5.0 0.0 0.22800002 2 TOUCH_MOVE e
959440175 6 4098 173.5 847.451 0.3 5.0 5.0 5.0 5.0 0.0 0.192 2 TOUCH_MOVE e
959440183 6 4098 173.5 847.451 0.3 5.0 5.0 5.0 5.0 0.0 0.192 1 TOUCH_UP e
959440547 6 4098 175.5 954.451 0.26666668 4.0 4.0 4.0 4.0 0.0 0.216 0 TOUCH_DOWN s
959440616 6 4098 175.5 954.451 0.26666668 4.0 4.0 4.0 4.0 0.0 0.216 1 TOUCH_UP s
959440920 6 4098 358.0 1225.4509 0.16666667 3.0 3.0 3.0 3.0 0.0 0.2 0 TOUCH_DOWN Space
959440932 6 4098 358.0 1225.4509 0.23333335 4.0 4.0 4.0 4.0 0.0 0.20400001 2 TOUCH_MOVE Space
959440986 6 4098 358.91837 1225.4509 0.26666668 5.0 5.0 5.0 5.0 0.0 0.216 2 TOUCH_MOVE Space
959441002 6 4098 359.75 1225.4509 0.23333335 4.0 4.0 4.0 4.0 0.0 0.21200001 2 TOUCH_MOVE Space
959441023 6 4098 359.75 1225.4509 0.23333335 4.0 4.0 4.0 4.0 0.0 0.21200001 1 TOUCH_UP Space
959441153 6 4098 140.5 852.451 0.33333334 5.0 5.0 5.0 5.0 0.0 0.22800002 0 TOUCH_DOWN w
959441167 6 4098 140.5 852.451 0.33333334 5.0 5.0 5.0 5.0 0.0 0.24000001 2 TOUCH_MOVE w
959441203 6 4098 144.73207 852.451 0.40000004 6.0 6.0 6.0 6.0 0.0 0.26000002 2 TOUCH_MOVE w
959441220 6 4098 145.82724 852.451 0.40000004 6.0 6.0 6.0 6.0 0.0 0.26000002 2 TOUCH_MOVE w
959441236 6 4098 145.62737 852.07837 0.36666667 6.0 6.0 6.0 6.0 0.0 0.256 2 TOUCH_MOVE w
959441252 6 4098 145.5 851.951 0.26666668 4.0 4.0 4.0 4.0 0.0 0.208 2 TOUCH_MOVE w
959441256 6 4098 145.5 851.951 0.26666668 4.0 4.0 4.0 4.0 0.0 0.208 1 TOUCH_UP w
959441397 6 4098 401.0 988.951 0.3 5.0 5.0 5.0 5.0 0.0 0.22000001 0 TOUCH_DOWN h
959441453 6 4098 402.0 987.451 0.26666668 4.0 4.0 4.0 4.0 0.0 0.208 2 TOUCH_MOVE h
959441456 6 4098 402.0 987.451 0.13333334 2.0 2.0 2.0 2.0 0.0 0.18 2 TOUCH_MOVE h
959441464 6 4098 402.0 987.451 0.13333334 2.0 2.0 2.0 2.0 0.0 0.18 1 TOUCH_UP h
959441673 6 4098 589.0 807.451 0.26666668 4.0 4.0 4.0 4.0 0.0 0.21200001 0 TOUCH_DOWN o
959441686 6 4098 589.0 807.451 0.3 5.0 5.0 5.0 5.0 0.0 0.224 2 TOUCH_MOVE o
959441720 6 4098 589.0 808.676 0.3 5.0 5.0 5.0 5.0 0.0 0.23200001 2 TOUCH_MOVE o
959441737 6 4098 589.0 809.64166 0.3 5.0 5.0 5.0 5.0 0.0 0.22800002 2 TOUCH_MOVE o
959441753 6 4098 589.0 810.58374 0.23333335 4.0 4.0 4.0 4.0 0.0 0.2 2 TOUCH_MOVE o
959441759 6 4098 589.0 810.951 0.16666667 3.0 3.0 3.0 3.0 0.0 0.104 2 TOUCH_MOVE o
959441767 6 4098 589.0 810.951 0.16666667 3.0 3.0 3.0 3.0 0.0 0.104 1 TOUCH_UP o
959441985 6 4098 349.0 1225.4509 0.23333335 4.0 4.0 4.0 4.0 0.0 0.21200001 0 TOUCH_DOWN Space
959441997 6 4098 349.0 1225.4509 0.26666668 5.0 5.0 5.0 5.0 0.0 0.216 2 TOUCH_MOVE Space
959442037 6 4098 349.0 1223.919 0.26666668 5.0 5.0 5.0 5.0 0.0 0.216 2 TOUCH_MOVE Space
959442054 6 4098 349.0 1223.9509 0.23333335 4.0 4.0 4.0 4.0 0.0 0.192 2 TOUCH_MOVE Space
959442062 6 4098 349.0 1223.9509 0.23333335 4.0 4.0 4.0 4.0 0.0 0.192 1 TOUCH_UP Space
959442305 6 4098 603.0 1077.4509 0.20000002 4.0 4.0 4.0 4.0 0.0 0.19600001 0 TOUCH_DOWN m
959442356 6 4098 603.0 1077.4509 0.20000002 4.0 4.0 4.0 4.0 0.0 0.19600001 1 TOUCH_UP m
959442495 6 4098 57.0 966.951 0.23333335 4.0 4.0 4.0 4.0 0.0 0.216 0 TOUCH_DOWN a
959442504 6 4098 57.0 966.951 0.3 5.0 5.0 5.0 5.0 0.0 0.224 2 TOUCH_MOVE a
959442521 6 4098 58.388397 967.9138 0.3 5.0 5.0 5.0 5.0 0.0 0.224 2 TOUCH_MOVE a
959442537 6 4098 61.25958 969.7907 0.3 5.0 5.0 5.0 5.0 0.0 0.23200001 2 TOUCH_MOVE a
959442554 6 4098 62.88382 970.83484 0.3 5.0 5.0 5.0 5.0 0.0 0.23200001 2 TOUCH_MOVE a
959442571 6 4098 63.0 971.451 0.26666668 4.0 4.0 4.0 4.0 0.0 0.22000001 2 TOUCH_MOVE a
959442582 6 4098 63.0 971.451 0.16666667 3.0 3.0 3.0 3.0 0.0 0.17600001 2 TOUCH_MOVE a
959442591 6 4098 63.0 971.451 0.16666667 3.0 3.0 3.0 3.0 0.0 0.17600001 1 TOUCH_UP a
959442661 6 4098 568.0 943.951 0.3 5.0 5.0 5.0 5.0 0.0 0.21200001 0 TOUCH_DOWN k
959442738 6 4098 568.0 943.951 0.26666668 4.0 4.0 4.0 4.0 0.0 0.19600001 2 TOUCH_MOVE k
959442738 6 4098 568.0 943.951 0.20000002 3.0 3.0 3.0 3.0 0.0 0.108 2 TOUCH_MOVE k
959442746 6 4098 568.0 943.951 0.20000002 3.0 3.0 3.0 3.0 0.0 0.108 1 TOUCH_UP k
959442972 6 4098 163.0 818.451 0.36666667 6.0 6.0 6.0 6.0 0.0 0.252 0 TOUCH_DOWN e
959443004 6 4098 164.28937 818.84564 0.40000004 6.0 6.0 6.0 6.0 0.0 0.264 2 TOUCH_MOVE e
959443021 6 4098 166.22147 819.8117 0.40000004 6.0 6.0 6.0 6.0 0.0 0.264 2 TOUCH_MOVE e
959443038 6 4098 167.32425 819.951 0.40000004 6.0 6.0 6.0 6.0 0.0 0.26000002 2 TOUCH_MOVE e
959443055 6 4098 167.10912 819.951 0.40000004 6.0 6.0 6.0 6.0 0.0 0.26000002 2 TOUCH_MOVE e
959443067 6 4098 167.0 819.951 0.3 5.0 5.0 5.0 5.0 0.0 0.216 2 TOUCH_MOVE e
959443075 6 4098 167.0 819.951 0.3 5.0 5.0 5.0 5.0 0.0 0.216 1 TOUCH_UP e
959443275 6 4098 329.0 1199.9509 0.23333335 5.0 5.0 5.0 5.0 0.0 0.216 0 TOUCH_DOWN Space
959443287 6 4098 329.0 1199.9509 0.3 5.0 5.0 5.0 5.0 0.0 0.224 2 TOUCH_MOVE Space
959443321 6 4098 328.2997 1198.5503 0.3 5.0 5.0 5.0 5.0 0.0 0.23200001 2 TOUCH_MOVE Space
959443338 6 4098 328.16287 1196.2994 0.3 5.0 5.0 5.0 5.0 0.0 0.216 2 TOUCH_MOVE Space
959443356 6 4098 330.5 1192.4509 0.26666668 5.0 5.0 5.0 5.0 0.0 0.18400002 2 TOUCH_MOVE Space
959443361 6 4098 330.5 1192.4509 0.26666668 5.0 5.0 5.0 5.0 0.0 0.18400002 1 TOUCH_UP Space
959443500 6 4098 43.0 970.451 0.23333335 4.0 4.0 4.0 4.0 0.0 0.20400001 0 TOUCH_DOWN a
959443522 6 4098 43.381992 970.833 0.26666668 5.0 5.0 5.0 5.0 0.0 0.22000001 2 TOUCH_MOVE a
959443538 6 4098 45.17064 971.67456 0.3 6.0 6.0 6.0 6.0 0.0 0.22800002 2 TOUCH_MOVE a
959443555 6 4098 48.026836 972.6266 0.3 6.0 6.0 6.0 6.0 0.0 0.23200001 2 TOUCH_MOVE a
959443572 6 4098 50.15226 973.451 0.3 6.0 6.0 6.0 6.0 0.0 0.22800002 2 TOUCH_MOVE a
959443588 6 4098 51.114365 973.451 0.3 6.0 6.0 6.0 6.0 0.0 0.22800002 2 TOUCH_MOVE a
959443612 6 4098 50.0 972.951 0.16666667 3.0 3.0 3.0 3.0 0.0 0.18400002 2 TOUCH_MOVE a
959443621 6 4098 50.0 972.951 0.16666667 3.0 3.0 3.0 3.0 0.0 0.18400002 1 TOUCH_UP a
959443734 6 4098 362.0 1188.9509 0.26666668 4.0 4.0 4.0 4.0 0.0 0.21200001 0 TOUCH_DOWN Space
959443747 6 4098 362.0 1188.9509 0.26666668 4.0 4.0 4.0 4.0 0.0 0.216 2 TOUCH_MOVE Space
959443789 6 4098 362.53238 1188.9509 0.26666668 4.0 4.0 4.0 4.0 0.0 0.216 2 TOUCH_MOVE Space
959443805 6 4098 365.66318 1188.9509 0.23333335 4.0 4.0 4.0 4.0 0.0 0.192 2 TOUCH_MOVE Space
959443811 6 4098 365.5 1188.9509 0.23333335 4.0 4.0 4.0 4.0 0.0 0.16000001 2 TOUCH_MOVE Space
959443820 6 4098 365.5 1188.9509 0.23333335 4.0 4.0 4.0 4.0 0.0 0.16000001 1 TOUCH_UP Space
959444341 6 4098 423.0 1098.4509 0.3 5.0 5.0 5.0 5.0 0.0 0.21200001 0 TOUCH_DOWN b
959444356 6 4098 423.0 1098.8743 0.3 5.0 5.0 5.0 5.0 0.0 0.22000001 2 TOUCH_MOVE b
959444389 6 4098 424.0 1101.6421 0.3 5.0 5.0 5.0 5.0 0.0 0.23200001 2 TOUCH_MOVE b
959444406 6 4098 424.5 1102.743 0.33333334 5.0 5.0 5.0 5.0 0.0 0.22800002 2 TOUCH_MOVE b
959444422 6 4098 425.0 1103.7219 0.3 5.0 5.0 5.0 5.0 0.0 0.224 2 TOUCH_MOVE b
959444439 6 4098 425.0 1104.6986 0.3 5.0 5.0 5.0 5.0 0.0 0.208 2 TOUCH_MOVE b
959444452 6 4098 425.0 1104.6986 0.3 5.0 5.0 5.0 5.0 0.0 0.208 1 TOUCH_UP b
959444686 6 4098 220.5 822.451 0.33333334 5.0 5.0 5.0 5.0 0.0 0.24000001 0 TOUCH_DOWN r
959444706 6 4098 220.8247 822.451 0.33333334 5.0 5.0 5.0 5.0 0.0 0.24400002 2 TOUCH_MOVE r
959444723 6 4098 221.56378 822.451 0.36666667 6.0 6.0 6.0 6.0 0.0 0.252 2 TOUCH_MOVE r
959444739 6 4098 222.65253 822.951 0.36666667 6.0 6.0 6.0 6.0 0.0 0.252 2 TOUCH_MOVE r
959444756 6 4098 224.03888 822.951 0.36666667 6.0 6.0 6.0 6.0 0.0 0.24800001 2 TOUCH_MOVE r
959444782 6 4098 224.0 822.951 0.33333334 5.0 5.0 5.0 5.0 0.0 0.192 2 TOUCH_MOVE r
959444789 6 4098 224.0 822.951 0.33333334 5.0 5.0 5.0 5.0 0.0 0.192 1 TOUCH_UP r
959445059 6 4098 541.5 817.451 0.33333334 5.0 5.0 5.0 5.0 0.0 0.224 0 TOUCH_DOWN i
959445071 6 4098 541.5 817.451 0.33333334 5.0 5.0 5.0 5.0 0.0 0.22800002 2 TOUCH_MOVE i
959445090 6 4098 540.69824 817.14923 0.33333334 5.0 5.0 5.0 5.0 0.0 0.24000001 2 TOUCH_MOVE i
959445106 6 4098 539.7514 816.2024 0.33333334 5.0 5.0 5.0 5.0 0.0 0.24400002 2 TOUCH_MOVE i
959445123 6 4098 538.2716 815.451 0.33333334 5.0 5.0 5.0 5.0 0.0 0.24000001 2 TOUCH_MOVE i
959445132 6 4098 537.75 815.451 0.33333334 5.0 5.0 5.0 5.0 0.0 0.24000001 2 TOUCH_MOVE i
959445179 6 4098 537.75 815.451 0.33333334 5.0 5.0 5.0 5.0 0.0 0.24000001 1 TOUCH_UP i
959445267 6 4098 360.5 969.451 0.33333334 5.0 5.0 5.0 5.0 0.0 0.23600002 0 TOUCH_DOWN g
959445307 6 4098 359.69733 970.25366 0.33333334 5.0 5.0 5.0 5.0 0.0 0.24400002 2 TOUCH_MOVE g
959445323 6 4098 358.42694 971.23755 0.36666667 6.0 6.0 6.0 6.0 0.0 0.24400002 2 TOUCH_MOVE g
959445340 6 4098 357.24792 972.20306 0.36666667 6.0 6.0 6.0 6.0 0.0 0.24800001 2 TOUCH_MOVE g
959445357 6 4098 355.88617 973.0648 0.33333334 5.0 5.0 5.0 5.0 0.0 0.23600002 2 TOUCH_MOVE g
959445370 6 4098 354.0 973.951 0.23333335 4.0 4.0 4.0 4.0 0.0 0.192 2 TOUCH_MOVE g
959445378 6 4098 354.0 973.951 0.23333335 4.0 4.0 4.0 4.0 0.0 0.192 1 TOUCH_UP g
959445493 6 4098 439.5 974.451 0.3 5.0 5.0 5.0 5.0 0.0 0.21200001 0 TOUCH_DOWN h
959445506 6 4098 439.5 974.451 0.33333334 5.0 5.0 5.0 5.0 0.0 0.224 2 TOUCH_MOVE h
959445595 6 4098 439.5 974.451 0.33333334 5.0 5.0 5.0 5.0 0.0 0.224 1 TOUCH_UP h
959445708 6 4098 306.5 855.451 0.26666668 4.0 4.0 4.0 4.0 0.0 0.224 0 TOUCH_DOWN t
959445721 6 4098 306.5 855.451 0.33333334 5.0 5.0 5.0 5.0 0.0 0.24000001 2 TOUCH_MOVE t
959445774 6 4098 309.29453 857.24554 0.40000004 6.0 6.0 6.0 6.0 0.0 0.264 2 TOUCH_MOVE t
959445790 6 4098 310.75476 858.20575 0.40000004 6.0 6.0 6.0 6.0 0.0 0.264 2 TOUCH_MOVE t
959445824 6 4098 310.5 859.451 0.33333334 5.0 5.0 5.0 5.0 0.0 0.23600002 2 TOUCH_MOVE t
959445829 6 4098 310.5 859.451 0.13333334 2.0 2.0 2.0 2.0 0.0 0.17600001 2 TOUCH_MOVE t
959445837 6 4098 310.5 859.451 0.13333334 2.0 2.0 2.0 2.0 0.0 0.17600001 1 TOUCH_UP t
959446012 6 4098 198.5 813.451 0.33333334 5.0 5.0 5.0 5.0 0.0 0.23200001 0 TOUCH_DOWN e
959446024 6 4098 198.5 813.696 0.33333334 5.0 5.0 5.0 5.0 0.0 0.24000001 2 TOUCH_MOVE e
959446041 6 4098 199.61555 816.4769 0.36666667 6.0 6.0 6.0 6.0 0.0 0.252 2 TOUCH_MOVE e
959446057 6 4098 202.34102 821.13306 0.40000004 6.0 6.0 6.0 6.0 0.0 0.252 2 TOUCH_MOVE e
959446074 6 4098 204.24121 824.3128 0.40000004 6.0 6.0 6.0 6.0 0.0 0.256 2 TOUCH_MOVE e
959446091 6 4098 205.60568 826.16235 0.40000004 6.0 6.0 6.0 6.0 0.0 0.26000002 2 TOUCH_MOVE e
959446107 6 4098 206.0 827.0109 0.40000004 6.0 6.0 6.0 6.0 0.0 0.256 2 TOUCH_MOVE e
959446124 6 4098 204.98041 826.951 0.33333334 5.0 5.0 5.0 5.0 0.0 0.24400002 2 TOUCH_MOVE e
959446141 6 4098 202.0 825.451 0.3 5.0 5.0 5.0 5.0 0.0 0.224 2 TOUCH_MOVE e
959446141 6 4098 202.0 825.451 0.16666667 3.0 3.0 3.0 3.0 0.0 0.104 2 TOUCH_MOVE e
959446149 6 4098 202.0 825.451 0.16666667 3.0 3.0 3.0 3.0 0.0 0.104 1 TOUCH_UP e
959447607 6 4098 256.0 841.451 0.33333334 5.0 5.0 5.0 5.0 0.0 0.24000001 0 TOUCH_DOWN r
959447616 6 4098 256.0 841.451 0.33333334 5.0 5.0 5.0 5.0 0.0 0.24400002 2 TOUCH_MOVE r
959447659 6 4098 255.5 841.451 0.33333334 5.0 5.0 5.0 5.0 0.0 0.24000001 2 TOUCH_MOVE r
959447675 6 4098 255.5 841.451 0.13333334 2.0 2.0 2.0 2.0 0.0 0.104 2 TOUCH_MOVE r
959447682 6 4098 255.5 841.451 0.13333334 2.0 2.0 2.0 2.0 0.0 0.104 1 TOUCH_UP r
959447926 6 4098 347.0 1197.9509 0.20000002 4.0 4.0 4.0 4.0 0.0 0.20400001 0 TOUCH_DOWN Space
959447942 6 4098 346.7859 1197.9509 0.23333335 5.0 5.0 5.0 5.0 0.0 0.208 2 TOUCH_MOVE Space
959447976 6 4098 345.0523 1197.9509 0.23333335 5.0 5.0 5.0 5.0 0.0 0.208 2 TOUCH_MOVE Space
959447985 6 4098 344.5 1197.4509 0.20000002 4.0 4.0 4.0 4.0 0.0 0.17600001 2 TOUCH_MOVE Space
959447993 6 4098 344.5 1197.4509 0.20000002 4.0 4.0 4.0 4.0 0.0 0.17600001 1 TOUCH_UP Space
959448142 6 4098 231.0 963.451 0.33333334 5.0 5.0 5.0 5.0 0.0 0.24400002 0 TOUCH_DOWN d
959448154 6 4098 231.0 963.451 0.36666667 6.0 6.0 6.0 6.0 0.0 0.24400002 2 TOUCH_MOVE d
959448209 6 4098 230.0 963.951 0.33333334 5.0 5.0 5.0 5.0 0.0 0.23200001 2 TOUCH_MOVE d
959448211 6 4098 230.0 963.951 0.23333335 5.0 5.0 5.0 5.0 0.0 0.192 2 TOUCH_MOVE d
959448219 6 4098 230.0 963.951 0.23333335 5.0 5.0 5.0 5.0 0.0 0.192 1 TOUCH_UP d
959448696 6 4098 374.5 828.951 0.3 5.0 5.0 5.0 5.0 0.0 0.216 0 TOUCH_DOWN y
959448709 6 4098 374.5 828.951 0.3 5.0 5.0 5.0 5.0 0.0 0.22000001 2 TOUCH_MOVE y
959448799 6 4098 374.5 828.951 0.26666668 4.0 4.0 4.0 4.0 0.0 0.192 2 TOUCH_MOVE y
959448807 6 4098 374.5 828.951 0.26666668 4.0 4.0 4.0 4.0 0.0 0.192 1 TOUCH_UP y
959449848 6 4098 696.5 1131.9509 0.13333334 2.0 2.0 2.0 2.0 0.0 0.164 0 TOUCH_DOWN Back
959449873 6 4098 696.5 1131.9509 0.13333334 2.0 2.0 2.0 2.0 0.0 0.164 1 TOUCH_UP Back
959450770 6 4098 51.0 972.451 0.16666667 3.0 3.0 3.0 3.0 0.0 0.19600001 0 TOUCH_DOWN a
959450812 6 4098 55.54195 975.8123 0.3 5.0 5.0 5.0 5.0 0.0 0.23200001 2 TOUCH_MOVE a
959450862 6 4098 58.914406 980.53656 0.26666668 5.0 5.0 5.0 5.0 0.0 0.224 2 TOUCH_MOVE a
959450878 6 4098 58.5 980.951 0.20000002 3.0 3.0 3.0 3.0 0.0 0.18 2 TOUCH_MOVE a
959450886 6 4098 58.5 980.951 0.20000002 3.0 3.0 3.0 3.0 0.0 0.18 1 TOUCH_UP a
959451087 6 4098 398.0 823.451 0.3 5.0 5.0 5.0 5.0 0.0 0.22000001 0 TOUCH_DOWN y
959451155 6 4098 398.0 823.451 0.26666668 5.0 5.0 5.0 5.0 0.0 0.16800001 2 TOUCH_MOVE y
959451163 6 4098 398.0 823.451 0.26666668 5.0 5.0 5.0 5.0 0.0 0.16800001 1 TOUCH_UP y
959451903 6 4098 699.5 1224.4509 0.16666667 3.0 3.0 3.0 3.0 0.0 0.2 0 TOUCH_DOWN Enter
959451946 6 4098 698.9604 1224.4509 0.23333335 4.0 4.0 4.0 4.0 0.0 0.2 2 TOUCH_MOVE Enter
959451968 6 4098 698.9604 1224.4509 0.23333335 4.0 4.0 4.0 4.0 0.0 0.2 1 TOUCH_UP Enter
959452610 6 4098 121.0 973.451 0.26666668 4.0 4.0 4.0 4.0 0.0 0.216 0 TOUCH_DOWN S
959452625 6 4098 121.0 973.451 0.3 5.0 5.0 5.0 5.0 0.0 0.22000001 2 TOUCH_MOVE S
959452647 6 4098 121.55408 973.451 0.3 5.0 5.0 5.0 5.0 0.0 0.22000001 2 TOUCH_MOVE S
959452664 6 4098 123.68084 973.951 0.3 5.0 5.0 5.0 5.0 0.0 0.224 2 TOUCH_MOVE S
959452674 6 4098 124.25 973.951 0.3 5.0 5.0 5.0 5.0 0.0 0.224 2 TOUCH_MOVE S
959452704 6 4098 124.25 973.951 0.3 5.0 5.0 5.0 5.0 0.0 0.224 1 TOUCH_UP S
959452871 6 4098 585.0 822.951 0.3 5.0 5.0 5.0 5.0 0.0 0.21200001 0 TOUCH_DOWN o
959452921 6 4098 585.0 822.951 0.23333335 5.0 5.0 5.0 5.0 0.0 0.148 2 TOUCH_MOVE o
959452929 6 4098 585.0 822.951 0.23333335 5.0 5.0 5.0 5.0 0.0 0.148 1 TOUCH_UP o
959453234 6 4098 320.5 1198.4509 0.20000002 4.0 4.0 4.0 4.0 0.0 0.20400001 0 TOUCH_DOWN Space
959453247 6 4098 320.5 1198.4509 0.20000002 4.0 4.0 4.0 4.0 0.0 0.21200001 2 TOUCH_MOVE Space
959453298 6 4098 320.5 1199.6941 0.23333335 4.0 4.0 4.0 4.0 0.0 0.21200001 2 TOUCH_MOVE Space
959453311 6 4098 321.0 1200.4509 0.23333335 5.0 5.0 5.0 5.0 0.0 0.18800001 2 TOUCH_MOVE Space
959453319 6 4098 321.0 1200.4509 0.23333335 5.0 5.0 5.0 5.0 0.0 0.18800001 1 TOUCH_UP Space
959453909 6 4098 143.5 968.451 0.3 5.0 5.0 5.0 5.0 0.0 0.22800002 0 TOUCH_DOWN s
959453922 6 4098 143.5 968.451 0.33333334 5.0 5.0 5.0 5.0 0.0 0.23600002 2 TOUCH_MOVE s
959453960 6 4098 143.5 969.0671 0.33333334 5.0 5.0 5.0 5.0 0.0 0.24400002 2 TOUCH_MOVE s
959453981 6 4098 143.0 969.451 0.3 5.0 5.0 5.0 5.0 0.0 0.224 2 TOUCH_MOVE s
959453986 6 4098 143.0 969.451 0.23333335 4.0 4.0 4.0 4.0 0.0 0.2 2 TOUCH_MOVE s
959453994 6 4098 143.0 969.451 0.23333335 4.0 4.0 4.0 4.0 0.0 0.2 1 TOUCH_UP s
959454229 6 4098 321.0 842.951 0.26666668 4.0 4.0 4.0 4.0 0.0 0.216 0 TOUCH_DOWN t
959454242 6 4098 321.0 842.951 0.26666668 4.0 4.0 4.0 4.0 0.0 0.224 2 TOUCH_MOVE t
959454265 6 4098 321.0 842.4243 0.33333334 5.0 5.0 5.0 5.0 0.0 0.23200001 2 TOUCH_MOVE t
959454282 6 4098 321.0 841.4073 0.33333334 5.0 5.0 5.0 5.0 0.0 0.23200001 2 TOUCH_MOVE t
959454298 6 4098 319.9838 840.4348 0.3 5.0 5.0 5.0 5.0 0.0 0.22800002 2 TOUCH_MOVE t
959454311 6 4098 320.0 839.701 0.26666668 4.0 4.0 4.0 4.0 0.0 0.22800002 2 TOUCH_MOVE t
959454332 6 4098 319.27902 839.23 0.26666668 4.0 4.0 4.0 4.0 0.0 0.216 2 TOUCH_MOVE t
959454341 6 4098 319.5 839.451 0.23333335 4.0 4.0 4.0 4.0 0.0 0.18800001 2 TOUCH_MOVE t
959454350 6 4098 319.5 839.451 0.23333335 4.0 4.0 4.0 4.0 0.0 0.18800001 1 TOUCH_UP t
959455277 6 4098 701.5 1087.4509 0.20000002 4.0 4.0 4.0 4.0 0.0 0.20400001 0 TOUCH_DOWN Back
959455299 6 4098 701.5 1087.8573 0.20000002 4.0 4.0 4.0 4.0 0.0 0.208 2 TOUCH_MOVE Back
959455316 6 4098 701.5 1088.7279 0.20000002 4.0 4.0 4.0 4.0 0.0 0.21200001 2 TOUCH_MOVE Back
959455333 6 4098 701.5 1089.6873 0.20000002 4.0 4.0 4.0 4.0 0.0 0.21200001 2 TOUCH_MOVE Back
959455349 6 4098 701.8506 1089.9509 0.20000002 4.0 4.0 4.0 4.0 0.0 0.208 2 TOUCH_MOVE Back
959455354 6 4098 702.0 1089.9509 0.20000002 3.0 3.0 3.0 3.0 0.0 0.18800001 2 TOUCH_MOVE Back
959455363 6 4098 702.0 1089.9509 0.20000002 3.0 3.0 3.0 3.0 0.0 0.18800001 1 TOUCH_UP Back
959455459 6 4098 708.5 1079.4509 0.23333335 4.0 4.0 4.0 4.0 0.0 0.20400001 0 TOUCH_DOWN Back
959455471 6 4098 708.5 1079.4509 0.23333335 4.0 4.0 4.0 4.0 0.0 0.208 2 TOUCH_MOVE Back
959455510 6 4098 708.5 1080.0665 0.23333335 4.0 4.0 4.0 4.0 0.0 0.21200001 2 TOUCH_MOVE Back
959455545 6 4098 709.0 1079.9509 0.16666667 3.0 3.0 3.0 3.0 0.0 0.136 2 TOUCH_MOVE Back
959455553 6 4098 709.0 1079.9509 0.16666667 3.0 3.0 3.0 3.0 0.0 0.136 1 TOUCH_UP Back
959456593 6 4098 639.5 969.451 0.26666668 4.0 4.0 4.0 4.0 0.0 0.208 0 TOUCH_DOWN l
959456607 6 4098 639.5 969.451 0.26666668 4.0 4.0 4.0 4.0 0.0 0.21200001 2 TOUCH_MOVE l
959456671 6 4098 639.5 969.451 0.26666668 4.0 4.0 4.0 4.0 0.0 0.21200001 1 TOUCH_UP l
959456888 6 4098 195.0 839.451 0.33333334 5.0 5.0 5.0 5.0 0.0 0.23200001 0 TOUCH_DOWN e
959456900 6 4098 195.0 839.451 0.36666667 6.0 6.0 6.0 6.0 0.0 0.24400002 2 TOUCH_MOVE e
959456917 6 4098 195.24316 838.46466 0.40000004 6.0 6.0 6.0 6.0 0.0 0.256 2 TOUCH_MOVE e
959456934 6 4098 196.2088 836.7422 0.40000004 6.0 6.0 6.0 6.0 0.0 0.256 2 TOUCH_MOVE e
959456951 6 4098 196.5 835.77814 0.40000004 6.0 6.0 6.0 6.0 0.0 0.252 2 TOUCH_MOVE e
959456974 6 4098 196.5 835.951 0.3 5.0 5.0 5.0 5.0 0.0 0.21200001 2 TOUCH_MOVE e
959456982 6 4098 196.5 835.951 0.3 5.0 5.0 5.0 5.0 0.0 0.21200001 1 TOUCH_UP e
959457269 6 4098 294.0 837.451 0.26666668 4.0 4.0 4.0 4.0 0.0 0.21200001 0 TOUCH_DOWN t
959457281 6 4098 294.0 837.451 0.26666668 4.0 4.0 4.0 4.0 0.0 0.216 2 TOUCH_MOVE t
959457335 6 4098 294.0 837.451 0.20000002 4.0 4.0 4.0 4.0 0.0 0.18400002 2 TOUCH_MOVE t
959457337 6 4098 294.0 837.451 0.13333334 2.0 2.0 2.0 2.0 0.0 0.108 2 TOUCH_MOVE t
959457346 6 4098 294.0 837.451 0.13333334 2.0 2.0 2.0 2.0 0.0 0.108 1 TOUCH_UP t
959457961 6 4098 578.5 1223.4509 0.16666667 3.0 3.0 3.0 3.0 0.0 0.192 0 TOUCH_DOWN '
959458039 6 4098 579.0 1223.9509 0.16666667 3.0 3.0 3.0 3.0 0.0 0.15200001 2 TOUCH_MOVE '
959458047 6 4098 579.0 1223.9509 0.16666667 3.0 3.0 3.0 3.0 0.0 0.15200001 1 TOUCH_UP '
959458204 6 4098 126.5 980.951 0.33333334 5.0 5.0 5.0 5.0 0.0 0.24000001 0 TOUCH_DOWN s
959458216 6 4098 126.5 980.951 0.33333334 5.0 5.0 5.0 5.0 0.0 0.24800001 2 TOUCH_MOVE s
959458252 6 4098 126.5 982.25696 0.40000004 6.0 6.0 6.0 6.0 0.0 0.26000002 2 TOUCH_MOVE s
959458269 6 4098 126.229385 982.951 0.33333334 5.0 5.0 5.0 5.0 0.0 0.24400002 2 TOUCH_MOVE s
959458282 6 4098 126.0 982.951 0.26666668 4.0 4.0 4.0 4.0 0.0 0.18800001 2 TOUCH_MOVE s
959458289 6 4098 126.0 982.951 0.26666668 4.0 4.0 4.0 4.0 0.0 0.18800001 1 TOUCH_UP s
959458417 6 4098 326.5 1211.4509 0.23333335 4.0 4.0 4.0 4.0 0.0 0.21200001 0 TOUCH_DOWN Space
959458469 6 4098 326.5 1211.9509 0.26666668 5.0 5.0 5.0 5.0 0.0 0.2 2 TOUCH_MOVE Space
959458472 6 4098 326.5 1211.9509 0.26666668 5.0 5.0 5.0 5.0 0.0 0.17600001 2 TOUCH_MOVE Space
959458480 6 4098 326.5 1211.9509 0.26666668 5.0 5.0 5.0 5.0 0.0 0.17600001 1 TOUCH_UP Space
959458715 6 4098 130.0 964.951 0.33333334 5.0 5.0 5.0 5.0 0.0 0.24400002 0 TOUCH_DOWN s
959458736 6 4098 130.0 965.3189 0.36666667 6.0 6.0 6.0 6.0 0.0 0.24800001 2 TOUCH_MOVE s
959458752 6 4098 130.90343 967.05615 0.40000004 6.0 6.0 6.0 6.0 0.0 0.264 2 TOUCH_MOVE s
959458769 6 4098 132.16817 969.9555 0.40000004 6.0 6.0 6.0 6.0 0.0 0.264 2 TOUCH_MOVE s
959458786 6 4098 132.5 972.21216 0.40000004 6.0 6.0 6.0 6.0 0.0 0.26000002 2 TOUCH_MOVE s
959458803 6 4098 131.91257 973.53845 0.36666667 6.0 6.0 6.0 6.0 0.0 0.256 2 TOUCH_MOVE s
959458819 6 4098 128.86557 974.5182 0.16666667 3.0 3.0 3.0 3.0 0.0 0.124000005 2 TOUCH_MOVE s
959458826 6 4098 128.86557 974.5182 0.16666667 3.0 3.0 3.0 3.0 0.0 0.124000005 1 TOUCH_UP s
959458983 6 4098 310.0 843.951 0.26666668 4.0 4.0 4.0 4.0 0.0 0.22800002 0 TOUCH_DOWN t
959458996 6 4098 310.0 843.951 0.33333334 5.0 5.0 5.0 5.0 0.0 0.23200001 2 TOUCH_MOVE t
959459037 6 4098 310.0 842.8176 0.33333334 5.0 5.0 5.0 5.0 0.0 0.24000001 2 TOUCH_MOVE t
959459078 6 4098 309.5 842.951 0.20000002 4.0 4.0 4.0 4.0 0.0 0.16000001 2 TOUCH_MOVE t
959459086 6 4098 309.5 842.951 0.20000002 4.0 4.0 4.0 4.0 0.0 0.16000001 1 TOUCH_UP t
959459199 6 4098 34.5 982.951 0.20000002 4.0 4.0 4.0 4.0 0.0 0.2 0 TOUCH_DOWN a
959459220 6 4098 35.03441 983.80725 0.26666668 5.0 5.0 5.0 5.0 0.0 0.216 2 TOUCH_MOVE a
959459236 6 4098 37.9439 985.74695 0.26666668 5.0 5.0 5.0 5.0 0.0 0.22000001 2 TOUCH_MOVE a
959459253 6 4098 39.413147 987.36414 0.26666668 5.0 5.0 5.0 5.0 0.0 0.22000001 2 TOUCH_MOVE a
959459263 6 4098 39.5 988.201 0.26666668 5.0 5.0 5.0 5.0 0.0 0.208 2 TOUCH_MOVE a
959459277 6 4098 39.5 987.951 0.13333334 3.0 3.0 3.0 3.0 0.0 0.164 2 TOUCH_MOVE a
959459285 6 4098 39.5 987.951 0.13333334 3.0 3.0 3.0 3.0 0.0 0.164 1 TOUCH_UP a
959459460 6 4098 241.5 842.951 0.26666668 4.0 4.0 4.0 4.0 0.0 0.21200001 0 TOUCH_DOWN r
959459470 6 4098 241.5 842.951 0.26666668 4.0 4.0 4.0 4.0 0.0 0.22000001 2 TOUCH_MOVE r
959459486 6 4098 241.5 842.40594 0.3 5.0 5.0 5.0 5.0 0.0 0.22800002 2 TOUCH_MOVE r
959459503 6 4098 242.0533 841.3977 0.26666668 4.0 4.0 4.0 4.0 0.0 0.224 2 TOUCH_MOVE r
959459520 6 4098 243.53322 840.4344 0.26666668 4.0 4.0 4.0 4.0 0.0 0.216 2 TOUCH_MOVE r
959459537 6 4098 248.34605 840.451 0.26666668 4.0 4.0 4.0 4.0 0.0 0.208 2 TOUCH_MOVE r
959459546 6 4098 254.0 839.951 0.33333334 5.0 5.0 5.0 5.0 0.0 0.17600001 2 TOUCH_MOVE r
959459554 6 4098 254.0 839.951 0.33333334 5.0 5.0 5.0 5.0 0.0 0.17600001 1 TOUCH_UP r
959459684 6 4098 330.0 816.451 0.3 5.0 5.0 5.0 5.0 0.0 0.216 0 TOUCH_DOWN t
959459697 6 4098 330.0 816.451 0.33333334 5.0 5.0 5.0 5.0 0.0 0.22000001 2 TOUCH_MOVE t
959459720 6 4098 330.0 816.9763 0.33333334 5.0 5.0 5.0 5.0 0.0 0.22800002 2 TOUCH_MOVE t
959459737 6 4098 330.0 817.9935 0.33333334 5.0 5.0 5.0 5.0 0.0 0.23200001 2 TOUCH_MOVE t
959459749 6 4098 330.75 818.701 0.33333334 5.0 5.0 5.0 5.0 0.0 0.23200001 2 TOUCH_MOVE t
959459770 6 4098 331.23077 819.18176 0.33333334 5.0 5.0 5.0 5.0 0.0 0.23200001 2 TOUCH_MOVE t
959459805 6 4098 331.23077 819.18176 0.33333334 5.0 5.0 5.0 5.0 0.0 0.23200001 1 TOUCH_UP t
959460870 6 4098 332.5 1207.9509 0.26666668 5.0 5.0 5.0 5.0 0.0 0.20400001 0 TOUCH_DOWN Space
959460955 6 4098 332.92358 1207.9509 0.26666668 5.0 5.0 5.0 5.0 0.0 0.208 2 TOUCH_MOVE Space
959460957 6 4098 333.0 1207.9509 0.26666668 5.0 5.0 5.0 5.0 0.0 0.192 2 TOUCH_MOVE Space
959460974 6 4098 333.0 1207.9509 0.26666668 5.0 5.0 5.0 5.0 0.0 0.192 1 TOUCH_UP Space
959461269 6 4098 355.5 960.951 0.3 5.0 5.0 5.0 5.0 0.0 0.22800002 0 TOUCH_DOWN g
959461338 6 4098 356.54315 960.951 0.26666668 4.0 4.0 4.0 4.0 0.0 0.18800001 2 TOUCH_MOVE g
959461346 6 4098 356.54315 960.951 0.26666668 4.0 4.0 4.0 4.0 0.0 0.18800001 1 TOUCH_UP g
959461555 6 4098 517.5 797.951 0.26666668 4.0 4.0 4.0 4.0 0.0 0.22000001 0 TOUCH_DOWN i
959461622 6 4098 517.9439 798.8949 0.26666668 4.0 4.0 4.0 4.0 0.0 0.224 2 TOUCH_MOVE i
959461636 6 4098 518.0 798.951 0.13333334 2.0 2.0 2.0 2.0 0.0 0.16800001 2 TOUCH_MOVE i
959461645 6 4098 518.0 798.951 0.13333334 2.0 2.0 2.0 2.0 0.0 0.16800001 1 TOUCH_UP i
959462092 6 4098 352.0 1138.9509 0.3 5.0 5.0 5.0 5.0 0.0 0.23200001 0 TOUCH_DOWN v
959462104 6 4098 352.0 1138.9509 0.3 5.0 5.0 5.0 5.0 0.0 0.24000001 2 TOUCH_MOVE v
959462139 6 4098 349.50302 1138.9509 0.36666667 6.0 6.0 6.0 6.0 0.0 0.252 2 TOUCH_MOVE v
959462156 6 4098 347.58386 1138.9509 0.36666667 6.0 6.0 6.0 6.0 0.0 0.252 2 TOUCH_MOVE v
959462172 6 4098 345.94388 1139.1364 0.3 5.0 5.0 5.0 5.0 0.0 0.22800002 2 TOUCH_MOVE v
959462178 6 4098 345.0 1139.4509 0.20000002 4.0 4.0 4.0 4.0 0.0 0.18800001 2 TOUCH_MOVE v
959462187 6 4098 345.0 1139.4509 0.20000002 4.0 4.0 4.0 4.0 0.0 0.18800001 1 TOUCH_UP v
959462321 6 4098 521.5 809.951 0.26666668 4.0 4.0 4.0 4.0 0.0 0.21200001 0 TOUCH_DOWN i
959462339 6 4098 521.5 810.3605 0.26666668 4.0 4.0 4.0 4.0 0.0 0.22000001 2 TOUCH_MOVE i
959462356 6 4098 521.5 811.2181 0.3 5.0 5.0 5.0 5.0 0.0 0.22000001 2 TOUCH_MOVE i
959462373 6 4098 521.5 812.3802 0.26666668 4.0 4.0 4.0 4.0 0.0 0.216 2 TOUCH_MOVE i
959462389 6 4098 522.21234 814.1633 0.20000002 4.0 4.0 4.0 4.0 0.0 0.192 2 TOUCH_MOVE i
959462394 6 4098 522.5 814.451 0.16666667 3.0 3.0 3.0 3.0 0.0 0.104 2 TOUCH_MOVE i
959462404 6 4098 522.5 814.451 0.16666667 3.0 3.0 3.0 3.0 0.0 0.104 1 TOUCH_UP i
959462751 6 4098 428.0 1136.4509 0.26666668 4.0 4.0 4.0 4.0 0.0 0.21200001 0 TOUCH_DOWN b
959462762 6 4098 428.0 1136.4509 0.26666668 4.0 4.0 4.0 4.0 0.0 0.22000001 2 TOUCH_MOVE b
959462827 6 4098 428.0 1136.4509 0.26666668 4.0 4.0 4.0 4.0 0.0 0.22000001 1 TOUCH_UP b
959463494 6 4098 688.5 1105.9509 0.3 5.0 5.0 5.0 5.0 0.0 0.224 0 TOUCH_DOWN Back
959463571 6 4098 688.5 1105.9509 0.3 5.0 5.0 5.0 5.0 0.0 0.224 1 TOUCH_UP Back
959463859 6 4098 499.5 1113.4509 0.33333334 5.0 5.0 5.0 5.0 0.0 0.21200001 0 TOUCH_DOWN n
959463926 6 4098 499.5 1113.4509 0.33333334 5.0 5.0 5.0 5.0 0.0 0.21200001 1 TOUCH_UP n
959464171 6 4098 376.5 978.451 0.3 5.0 5.0 5.0 5.0 0.0 0.22800002 0 TOUCH_DOWN g
959464181 6 4098 376.5 978.451 0.33333334 5.0 5.0 5.0 5.0 0.0 0.23200001 2 TOUCH_MOVE g
959464246 6 4098 376.5 978.451 0.33333334 5.0 5.0 5.0 5.0 0.0 0.23200001 1 TOUCH_UP g
