1401606710610 6 4098 676.0 1091.4509 0.23333335 4.0 4.0 4.0 4.0 0.0 0.18800001 0 TOUCH_DOWN Back
1401606710617 6 4098 676.0 1091.4509 0.23333335 4.0 4.0 4.0 4.0 0.0 0.192 2 TOUCH_MOVE Back
1401606710667 6 4098 674.75 1091.4509 0.23333335 5.0 5.0 5.0 5.0 0.0 0.192 2 TOUCH_MOVE Back
1401606710704 6 4098 674.75 1091.4509 0.23333335 5.0 5.0 5.0 5.0 0.0 0.192 1 TOUCH_UP Back
1401606711675 6 4098 290.5 1088.4509 0.20000002 3.0 3.0 3.0 3.0 0.0 0.18800001 0 TOUCH_DOWN c
1401606711685 6 4098 290.5 1088.4509 0.20000002 3.0 3.0 3.0 3.0 0.0 0.192 2 TOUCH_MOVE c
1401606711718 6 4098 290.5 1089.1034 0.20000002 3.0 3.0 3.0 3.0 0.0 0.192 2 TOUCH_MOVE c
1401606711735 6 4098 290.5 1089.6842 0.20000002 3.0 3.0 3.0 3.0 0.0 0.18400002 2 TOUCH_MOVE c
1401606711744 6 4098 290.5 1089.6842 0.20000002 3.0 3.0 3.0 3.0 0.0 0.18400002 1 TOUCH_UP c
1401606711912 6 4098 415.0 962.451 0.13333334 2.0 2.0 2.0 2.0 0.0 0.18400002 0 TOUCH_DOWN h
1401606712013 6 4098 415.0 962.451 0.13333334 2.0 2.0 2.0 2.0 0.0 0.18400002 1 TOUCH_UP h
1401606712408 6 4098 38.5 921.951 0.20000002 3.0 3.0 3.0 3.0 0.0 0.16800001 0 TOUCH_DOWN a
1401606712419 6 4098 38.5 921.951 0.20000002 3.0 3.0 3.0 3.0 0.0 0.17600001 2 TOUCH_MOVE a
1401606712452 6 4098 39.0 923.2981 0.20000002 3.0 3.0 3.0 3.0 0.0 0.18 2 TOUCH_MOVE a
1401606712469 6 4098 39.0 924.2605 0.20000002 3.0 3.0 3.0 3.0 0.0 0.16800001 2 TOUCH_MOVE a
1401606712484 6 4098 39.0 924.951 0.13333334 3.0 3.0 3.0 3.0 0.0 0.108 2 TOUCH_MOVE a
1401606712488 6 4098 39.0 924.951 0.13333334 3.0 3.0 3.0 3.0 0.0 0.108 1 TOUCH_UP a
1401606712588 6 4098 471.0 850.951 0.13333334 2.0 2.0 2.0 2.0 0.0 0.18400002 0 TOUCH_DOWN u
1401606712663 6 4098 471.0 850.951 0.13333334 2.0 2.0 2.0 2.0 0.0 0.18400002 1 TOUCH_UP u
1401606713065 6 4098 341.0 1203.9509 0.23333335 4.0 4.0 4.0 4.0 0.0 0.19600001 0 TOUCH_DOWN Space
1401606713120 6 4098 341.82584 1203.9509 0.23333335 4.0 4.0 4.0 4.0 0.0 0.192 2 TOUCH_MOVE Space
1401606713134 6 4098 342.0 1203.9509 0.13333334 2.0 2.0 2.0 2.0 0.0 0.112 2 TOUCH_MOVE Space
1401606713139 6 4098 342.0 1203.9509 0.13333334 2.0 2.0 2.0 2.0 0.0 0.112 1 TOUCH_UP Space
1401606713504 6 4098 667.5 979.451 0.26666668 5.0 5.0 5.0 5.0 0.0 0.18800001 0 TOUCH_DOWN l
1401606713527 6 4098 667.5 979.451 0.26666668 5.0 5.0 5.0 5.0 0.0 0.192 2 TOUCH_MOVE l
1401606713570 6 4098 666.9628 979.451 0.26666668 5.0 5.0 5.0 5.0 0.0 0.192 2 TOUCH_MOVE l
1401606713585 6 4098 667.0 979.451 0.26666668 5.0 5.0 5.0 5.0 0.0 0.16000001 2 TOUCH_MOVE l
1401606713588 6 4098 667.0 979.451 0.26666668 5.0 5.0 5.0 5.0 0.0 0.16000001 1 TOUCH_UP l
1401606713798 6 4098 197.0 814.451 0.23333335 4.0 4.0 4.0 4.0 0.0 0.18400002 0 TOUCH_DOWN e
1401606713811 6 4098 197.0 814.451 0.26666668 4.0 4.0 4.0 4.0 0.0 0.18800001 2 TOUCH_MOVE e
1401606713828 6 4098 197.72804 814.679 0.26666668 4.0 4.0 4.0 4.0 0.0 0.18800001 2 TOUCH_MOVE e
1401606713838 6 4098 199.19748 815.6485 0.26666668 4.0 4.0 4.0 4.0 0.0 0.18800001 2 TOUCH_MOVE e
1401606713855 6 4098 200.15875 815.951 0.26666668 4.0 4.0 4.0 4.0 0.0 0.18 2 TOUCH_MOVE e
1401606713863 6 4098 200.5 815.951 0.20000002 3.0 3.0 3.0 3.0 0.0 0.112 2 TOUCH_MOVE e
1401606713867 6 4098 200.5 815.951 0.20000002 3.0 3.0 3.0 3.0 0.0 0.112 1 TOUCH_UP e
1401606714108 6 4098 486.0 1095.9509 0.23333335 4.0 4.0 4.0 4.0 0.0 0.18400002 0 TOUCH_DOWN n
1401606714120 6 4098 486.0 1095.9509 0.23333335 4.0 4.0 4.0 4.0 0.0 0.192 2 TOUCH_MOVE n
1401606714138 6 4098 487.01462 1095.9509 0.23333335 4.0 4.0 4.0 4.0 0.0 0.192 2 TOUCH_MOVE n
1401606714154 6 4098 487.97736 1095.9509 0.23333335 4.0 4.0 4.0 4.0 0.0 0.18800001 2 TOUCH_MOVE n
1401606714166 6 4098 488.5 1095.9509 0.26666668 4.0 4.0 4.0 4.0 0.0 0.17600001 2 TOUCH_MOVE n
1401606714173 6 4098 488.5 1095.9509 0.26666668 4.0 4.0 4.0 4.0 0.0 0.17600001 1 TOUCH_UP n
1401606714410 6 4098 407.0 1227.9509 0.20000002 3.0 3.0 3.0 3.0 0.0 0.18400002 0 TOUCH_DOWN ,
1401606714475 6 4098 407.0 1227.9509 0.20000002 3.0 3.0 3.0 3.0 0.0 0.18400002 1 TOUCH_UP ,
1401606714668 6 4098 453.5 1112.9509 0.3 5.0 5.0 5.0 5.0 0.0 0.192 0 TOUCH_DOWN b
1401606714693 6 4098 453.5 1112.9509 0.3 5.0 5.0 5.0 5.0 0.0 0.19600001 2 TOUCH_MOVE b
1401606714754 6 4098 453.5 1112.9509 0.26666668 5.0 5.0 5.0 5.0 0.0 0.16800001 2 TOUCH_MOVE b
1401606714757 6 4098 453.5 1112.9509 0.26666668 5.0 5.0 5.0 5.0 0.0 0.16800001 1 TOUCH_UP b
1401606715315 6 4098 62.0 966.951 0.16666667 3.0 3.0 3.0 3.0 0.0 0.164 0 TOUCH_DOWN a
1401606715338 6 4098 62.0 966.951 0.16666667 3.0 3.0 3.0 3.0 0.0 0.17600001 2 TOUCH_MOVE a
1401606715415 6 4098 61.5 966.951 0.16666667 3.0 3.0 3.0 3.0 0.0 0.156 2 TOUCH_MOVE a
1401606715418 6 4098 61.5 966.951 0.16666667 3.0 3.0 3.0 3.0 0.0 0.156 1 TOUCH_UP a
1401606715661 6 4098 684.5 1087.9509 0.20000002 4.0 4.0 4.0 4.0 0.0 0.18 0 TOUCH_DOWN Back
1401606715673 6 4098 684.5 1087.9509 0.20000002 4.0 4.0 4.0 4.0 0.0 0.18400002 2 TOUCH_MOVE Back
1401606715724 6 4098 683.5546 1088.8962 0.20000002 4.0 4.0 4.0 4.0 0.0 0.18 2 TOUCH_MOVE Back
1401606715731 6 4098 683.5 1088.9509 0.20000002 4.0 4.0 4.0 4.0 0.0 0.16800001 2 TOUCH_MOVE Back
1401606715734 6 4098 683.5 1088.9509 0.20000002 4.0 4.0 4.0 4.0 0.0 0.16800001 1 TOUCH_UP Back
1401606715858 6 4098 673.0 1092.4509 0.23333335 4.0 4.0 4.0 4.0 0.0 0.18 0 TOUCH_DOWN Back
1401606715882 6 4098 673.0 1092.4509 0.20000002 4.0 4.0 4.0 4.0 0.0 0.18400002 2 TOUCH_MOVE Back
1401606715933 6 4098 673.0 1092.4509 0.20000002 4.0 4.0 4.0 4.0 0.0 0.18400002 1 TOUCH_UP Back
1401606716057 6 4098 672.0 1084.4509 0.20000002 4.0 4.0 4.0 4.0 0.0 0.18400002 0 TOUCH_DOWN Back
1401606716148 6 4098 672.0 1084.4509 0.20000002 4.0 4.0 4.0 4.0 0.0 0.18400002 1 TOUCH_UP Back
1401606716595 6 4098 313.5 1221.9509 0.23333335 4.0 4.0 4.0 4.0 0.0 0.192 0 TOUCH_DOWN Space
1401606716626 6 4098 313.94855 1221.5023 0.23333335 4.0 4.0 4.0 4.0 0.0 0.2 2 TOUCH_MOVE Space
1401606716657 6 4098 318.5 1216.9509 0.26666668 5.0 5.0 5.0 5.0 0.0 0.18 2 TOUCH_MOVE Space
1401606716662 6 4098 318.5 1216.9509 0.26666668 5.0 5.0 5.0 5.0 0.0 0.18 1 TOUCH_UP Space
1401606717295 6 4098 440.0 1079.4509 0.23333335 5.0 5.0 5.0 5.0 0.0 0.18800001 0 TOUCH_DOWN b
1401606717307 6 4098 440.0 1079.4509 0.23333335 5.0 5.0 5.0 5.0 0.0 0.192 2 TOUCH_MOVE b
1401606717324 6 4098 440.2678 1080.2188 0.23333335 5.0 5.0 5.0 5.0 0.0 0.192 2 TOUCH_MOVE b
1401606717342 6 4098 441.42914 1081.3801 0.23333335 5.0 5.0 5.0 5.0 0.0 0.18800001 2 TOUCH_MOVE b
1401606717356 6 4098 443.0 1083.4509 0.23333335 5.0 5.0 5.0 5.0 0.0 0.156 2 TOUCH_MOVE b
1401606717362 6 4098 443.0 1083.4509 0.23333335 5.0 5.0 5.0 5.0 0.0 0.156 1 TOUCH_UP b
1401606717837 6 4098 51.0 970.451 0.16666667 3.0 3.0 3.0 3.0 0.0 0.14 0 TOUCH_DOWN a
1401606717927 6 4098 51.0 970.451 0.16666667 3.0 3.0 3.0 3.0 0.0 0.14 1 TOUCH_UP a
1401606718202 6 4098 336.0 1225.4509 0.26666668 5.0 5.0 5.0 5.0 0.0 0.192 0 TOUCH_DOWN Space
1401606718228 6 4098 336.0 1225.4509 0.26666668 5.0 5.0 5.0 5.0 0.0 0.19600001 2 TOUCH_MOVE Space
1401606718291 6 4098 337.01532 1225.4509 0.23333335 4.0 4.0 4.0 4.0 0.0 0.18800001 2 TOUCH_MOVE Space
1401606718301 6 4098 337.0 1225.4509 0.20000002 3.0 3.0 3.0 3.0 0.0 0.136 2 TOUCH_MOVE Space
1401606718304 6 4098 337.0 1225.4509 0.20000002 3.0 3.0 3.0 3.0 0.0 0.136 1 TOUCH_UP Space
1401606718961 6 4098 297.5 1114.9509 0.23333335 5.0 5.0 5.0 5.0 0.0 0.18 0 TOUCH_DOWN c
1401606718980 6 4098 297.5 1114.9509 0.26666668 5.0 5.0 5.0 5.0 0.0 0.18 2 TOUCH_MOVE c
1401606719004 6 4098 297.5 1114.9509 0.23333335 4.0 4.0 4.0 4.0 0.0 0.156 2 TOUCH_MOVE c
1401606719007 6 4098 297.5 1114.9509 0.23333335 4.0 4.0 4.0 4.0 0.0 0.156 1 TOUCH_UP c
1401606719116 6 4098 431.5 971.451 0.20000002 4.0 4.0 4.0 4.0 0.0 0.19600001 0 TOUCH_DOWN h
1401606719195 6 4098 430.5 971.951 0.20000002 4.0 4.0 4.0 4.0 0.0 0.18 2 TOUCH_MOVE h
1401606719198 6 4098 430.5 971.951 0.20000002 4.0 4.0 4.0 4.0 0.0 0.18 1 TOUCH_UP h
1401606719334 6 4098 51.0 958.951 0.20000002 3.0 3.0 3.0 3.0 0.0 0.17600001 0 TOUCH_DOWN a
1401606719377 6 4098 51.0 959.5056 0.20000002 3.0 3.0 3.0 3.0 0.0 0.18400002 2 TOUCH_MOVE a
1401606719393 6 4098 51.0 960.51996 0.16666667 3.0 3.0 3.0 3.0 0.0 0.18400002 2 TOUCH_MOVE a
1401606719437 6 4098 51.0 960.951 0.16666667 3.0 3.0 3.0 3.0 0.0 0.18 2 TOUCH_MOVE a
1401606719441 6 4098 51.0 960.951 0.16666667 3.0 3.0 3.0 3.0 0.0 0.18 1 TOUCH_UP a
1401606719511 6 4098 474.0 859.451 0.16666667 3.0 3.0 3.0 3.0 0.0 0.192 0 TOUCH_DOWN u
1401606719525 6 4098 474.0 859.451 0.20000002 4.0 4.0 4.0 4.0 0.0 0.20400001 2 TOUCH_MOVE u
1401606719581 6 4098 474.79184 859.451 0.23333335 4.0 4.0 4.0 4.0 0.0 0.2 2 TOUCH_MOVE u
1401606719593 6 4098 476.0 859.451 0.16666667 3.0 3.0 3.0 3.0 0.0 0.18800001 2 TOUCH_MOVE u
1401606719597 6 4098 476.0 859.451 0.16666667 3.0 3.0 3.0 3.0 0.0 0.18800001 1 TOUCH_UP u
1401606719906 6 4098 376.0 1224.9509 0.20000002 3.0 3.0 3.0 3.0 0.0 0.18 0 TOUCH_DOWN Space
1401606719927 6 4098 376.0 1224.9509 0.20000002 3.0 3.0 3.0 3.0 0.0 0.18400002 2 TOUCH_MOVE Space
1401606719961 6 4098 376.74713 1224.9509 0.23333335 4.0 4.0 4.0 4.0 0.0 0.18800001 2 TOUCH_MOVE Space
1401606719975 6 4098 378.5 1224.4509 0.26666668 5.0 5.0 5.0 5.0 0.0 0.17600001 2 TOUCH_MOVE Space
1401606719979 6 4098 378.5 1224.4509 0.26666668 5.0 5.0 5.0 5.0 0.0 0.17600001 1 TOUCH_UP Space
1401606720171 6 4098 358.5 1088.4509 0.13333334 2.0 2.0 2.0 2.0 0.0 0.17600001 0 TOUCH_DOWN v
1401606720196 6 4098 358.8745 1088.4509 0.13333334 2.0 2.0 2.0 2.0 0.0 0.18 2 TOUCH_MOVE v
1401606720210 6 4098 361.09445 1088.4509 0.16666667 3.0 3.0 3.0 3.0 0.0 0.192 2 TOUCH_MOVE v
1401606720226 6 4098 364.02414 1088.4509 0.16666667 3.0 3.0 3.0 3.0 0.0 0.19600001 2 TOUCH_MOVE v
1401606720262 6 4098 366.75 1088.4509 0.16666667 3.0 3.0 3.0 3.0 0.0 0.18800001 2 TOUCH_MOVE v
1401606720274 6 4098 366.75 1088.4509 0.16666667 3.0 3.0 3.0 3.0 0.0 0.18800001 1 TOUCH_UP v
1401606720497 6 4098 614.5 831.451 0.33333334 5.0 5.0 5.0 5.0 0.0 0.2 0 TOUCH_DOWN o
1401606720509 6 4098 614.5 831.451 0.33333334 5.0 5.0 5.0 5.0 0.0 0.208 2 TOUCH_MOVE o
1401606720577 6 4098 612.26196 834.0366 0.3 5.0 5.0 5.0 5.0 0.0 0.20400001 2 TOUCH_MOVE o
1401606720590 6 4098 611.5 834.951 0.20000002 4.0 4.0 4.0 4.0 0.0 0.16800001 2 TOUCH_MOVE o
1401606720594 6 4098 611.5 834.951 0.20000002 4.0 4.0 4.0 4.0 0.0 0.16800001 1 TOUCH_UP o
1401606720835 6 4098 376.5 1211.9509 0.23333335 4.0 4.0 4.0 4.0 0.0 0.18800001 0 TOUCH_DOWN Space
1401606720871 6 4098 376.5 1213.1771 0.23333335 4.0 4.0 4.0 4.0 0.0 0.19600001 2 TOUCH_MOVE Space
1401606720877 6 4098 376.5 1214.1472 0.23333335 4.0 4.0 4.0 4.0 0.0 0.2 2 TOUCH_MOVE Space
1401606720893 6 4098 376.5 1215.1078 0.23333335 4.0 4.0 4.0 4.0 0.0 0.19600001 2 TOUCH_MOVE Space
1401606720910 6 4098 377.59152 1215.4509 0.26666668 5.0 5.0 5.0 5.0 0.0 0.18800001 2 TOUCH_MOVE Space
1401606720925 6 4098 378.5 1215.4509 0.26666668 5.0 5.0 5.0 5.0 0.0 0.17600001 2 TOUCH_MOVE Space
1401606720930 6 4098 378.5 1215.4509 0.26666668 5.0 5.0 5.0 5.0 0.0 0.17600001 1 TOUCH_UP Space
1401606721464 6 4098 580.5 1081.9509 0.13333334 2.0 2.0 2.0 2.0 0.0 0.17600001 0 TOUCH_DOWN m
1401606721478 6 4098 580.08887 1081.9509 0.13333334 2.0 2.0 2.0 2.0 0.0 0.18 2 TOUCH_MOVE m
1401606721499 6 4098 578.6306 1082.4509 0.16666667 3.0 3.0 3.0 3.0 0.0 0.18800001 2 TOUCH_MOVE m
1401606721512 6 4098 575.05804 1082.4509 0.20000002 4.0 4.0 4.0 4.0 0.0 0.18 2 TOUCH_MOVE m
1401606721519 6 4098 574.0 1082.4509 0.20000002 4.0 4.0 4.0 4.0 0.0 0.148 2 TOUCH_MOVE m
1401606721522 6 4098 574.0 1082.4509 0.20000002 4.0 4.0 4.0 4.0 0.0 0.148 1 TOUCH_UP m
1401606721808 6 4098 469.5 854.451 0.20000002 4.0 4.0 4.0 4.0 0.0 0.20400001 0 TOUCH_DOWN u
1401606721861 6 4098 467.64264 854.451 0.20000002 4.0 4.0 4.0 4.0 0.0 0.19600001 2 TOUCH_MOVE u
1401606721874 6 4098 467.5 854.451 0.16666667 3.0 3.0 3.0 3.0 0.0 0.132 2 TOUCH_MOVE u
1401606721877 6 4098 467.5 854.451 0.16666667 3.0 3.0 3.0 3.0 0.0 0.132 1 TOUCH_UP u
1401606722186 6 4098 323.0 1235.4509 0.16666667 4.0 4.0 4.0 4.0 0.0 0.18 0 TOUCH_DOWN Space
1401606722196 6 4098 323.0 1235.4509 0.20000002 4.0 4.0 4.0 4.0 0.0 0.18800001 2 TOUCH_MOVE Space
1401606722213 6 4098 321.68243 1235.2921 0.20000002 4.0 4.0 4.0 4.0 0.0 0.192 2 TOUCH_MOVE Space
1401606722228 6 4098 319.7608 1234.3313 0.20000002 4.0 4.0 4.0 4.0 0.0 0.192 2 TOUCH_MOVE Space
1401606722244 6 4098 318.9187 1233.3696 0.23333335 4.0 4.0 4.0 4.0 0.0 0.192 2 TOUCH_MOVE Space
1401606722261 6 4098 319.5385 1231.8739 0.23333335 4.0 4.0 4.0 4.0 0.0 0.16800001 2 TOUCH_MOVE Space
1401606722266 6 4098 319.5385 1231.8739 0.23333335 4.0 4.0 4.0 4.0 0.0 0.16800001 1 TOUCH_UP Space
1401606722438 6 4098 377.0 962.451 0.20000002 4.0 4.0 4.0 4.0 0.0 0.192 0 TOUCH_DOWN g
1401606722445 6 4098 377.0 962.451 0.23333335 4.0 4.0 4.0 4.0 0.0 0.2 2 TOUCH_MOVE g
1401606722463 6 4098 376.46146 962.9895 0.23333335 4.0 4.0 4.0 4.0 0.0 0.20400001 2 TOUCH_MOVE g
1401606722478 6 4098 373.9285 965.0225 0.16666667 3.0 3.0 3.0 3.0 0.0 0.192 2 TOUCH_MOVE g
1401606722496 6 4098 366.86966 969.5234 0.13333334 2.0 2.0 2.0 2.0 0.0 0.16800001 2 TOUCH_MOVE g
1401606722506 6 4098 365.5 969.951 0.13333334 2.0 2.0 2.0 2.0 0.0 0.104 2 TOUCH_MOVE g
1401606722510 6 4098 365.5 969.951 0.13333334 2.0 2.0 2.0 2.0 0.0 0.104 1 TOUCH_UP g
1401606722673 6 4098 547.5 848.451 0.23333335 4.0 4.0 4.0 4.0 0.0 0.208 0 TOUCH_DOWN i
1401606722685 6 4098 547.5 848.451 0.23333335 4.0 4.0 4.0 4.0 0.0 0.21200001 2 TOUCH_MOVE i
1401606722712 6 4098 545.974 846.925 0.26666668 4.0 4.0 4.0 4.0 0.0 0.22000001 2 TOUCH_MOVE i
1401606722728 6 4098 545.04486 845.49585 0.26666668 4.0 4.0 4.0 4.0 0.0 0.216 2 TOUCH_MOVE i
1401606722745 6 4098 545.0 845.451 0.23333335 4.0 4.0 4.0 4.0 0.0 0.208 2 TOUCH_MOVE i
1401606722759 6 4098 545.0 845.451 0.16666667 3.0 3.0 3.0 3.0 0.0 0.112 2 TOUCH_MOVE i
1401606722762 6 4098 545.0 845.451 0.16666667 3.0 3.0 3.0 3.0 0.0 0.112 1 TOUCH_UP i
1401606722834 6 4098 36.5 967.951 0.13333334 2.0 2.0 2.0 2.0 0.0 0.18 0 TOUCH_DOWN a
1401606722845 6 4098 36.5 968.30634 0.16666667 3.0 3.0 3.0 3.0 0.0 0.17600001 2 TOUCH_MOVE a
1401606722862 6 4098 37.178127 969.1291 0.16666667 3.0 3.0 3.0 3.0 0.0 0.18 2 TOUCH_MOVE a
1401606722881 6 4098 38.877518 969.8898 0.16666667 3.0 3.0 3.0 3.0 0.0 0.18 2 TOUCH_MOVE a
1401606722895 6 4098 40.60463 970.5556 0.16666667 3.0 3.0 3.0 3.0 0.0 0.18 2 TOUCH_MOVE a
1401606722914 6 4098 41.566143 970.451 0.16666667 3.0 3.0 3.0 3.0 0.0 0.17600001 2 TOUCH_MOVE a
1401606722946 6 4098 41.566143 970.451 0.16666667 3.0 3.0 3.0 3.0 0.0 0.17600001 1 TOUCH_UP a
1401606723043 6 4098 609.5 863.951 0.26666668 5.0 5.0 5.0 5.0 0.0 0.192 0 TOUCH_DOWN o
1401606723133 6 4098 609.5 863.951 0.26666668 5.0 5.0 5.0 5.0 0.0 0.192 1 TOUCH_UP o
1401606723922 6 4098 664.0 1203.4509 0.23333335 5.0 5.0 5.0 5.0 0.0 0.18 0 TOUCH_DOWN Enter
1401606723935 6 4098 664.0 1203.4509 0.20000002 4.0 4.0 4.0 4.0 0.0 0.18 2 TOUCH_MOVE Enter
1401606723963 6 4098 664.0 1204.6202 0.23333335 4.0 4.0 4.0 4.0 0.0 0.18 2 TOUCH_MOVE Enter
1401606723979 6 4098 664.0 1205.5835 0.23333335 4.0 4.0 4.0 4.0 0.0 0.18 2 TOUCH_MOVE Enter
1401606723996 6 4098 664.0 1206.2009 0.23333335 4.0 4.0 4.0 4.0 0.0 0.17600001 2 TOUCH_MOVE Enter
1401606724000 6 4098 664.0 1206.2009 0.23333335 4.0 4.0 4.0 4.0 0.0 0.17600001 1 TOUCH_UP Enter
1401606724442 6 4098 283.5 1093.4509 0.23333335 4.0 4.0 4.0 4.0 0.0 0.18800001 0 TOUCH_DOWN C
1401606724480 6 4098 283.5 1094.0868 0.23333335 4.0 4.0 4.0 4.0 0.0 0.192 2 TOUCH_MOVE C
1401606724497 6 4098 283.06006 1095.7708 0.26666668 4.0 4.0 4.0 4.0 0.0 0.18400002 2 TOUCH_MOVE C
1401606724500 6 4098 283.0 1095.9509 0.26666668 4.0 4.0 4.0 4.0 0.0 0.17600001 2 TOUCH_MOVE C
1401606724504 6 4098 283.0 1095.9509 0.26666668 4.0 4.0 4.0 4.0 0.0 0.17600001 1 TOUCH_UP C
1401606724626 6 4098 620.5 850.951 0.23333335 5.0 5.0 5.0 5.0 0.0 0.19600001 0 TOUCH_DOWN o
1401606724650 6 4098 619.81573 850.3589 0.26666668 5.0 5.0 5.0 5.0 0.0 0.20400001 2 TOUCH_MOVE o
1401606724666 6 4098 618.3545 849.37823 0.26666668 5.0 5.0 5.0 5.0 0.0 0.20400001 2 TOUCH_MOVE o
1401606724682 6 4098 616.99304 848.44403 0.26666668 5.0 5.0 5.0 5.0 0.0 0.192 2 TOUCH_MOVE o
1401606724692 6 4098 616.0 848.451 0.23333335 5.0 5.0 5.0 5.0 0.0 0.17600001 2 TOUCH_MOVE o
1401606724696 6 4098 616.0 848.451 0.23333335 5.0 5.0 5.0 5.0 0.0 0.17600001 1 TOUCH_UP o
1401606724978 6 4098 353.5 1211.4509 0.20000002 3.0 3.0 3.0 3.0 0.0 0.18400002 0 TOUCH_DOWN Space
1401606725000 6 4098 353.18054 1212.2704 0.20000002 3.0 3.0 3.0 3.0 0.0 0.192 2 TOUCH_MOVE Space
1401606725015 6 4098 352.26743 1213.1835 0.23333335 4.0 4.0 4.0 4.0 0.0 0.2 2 TOUCH_MOVE Space
1401606725030 6 4098 351.26126 1214.1897 0.20000002 3.0 3.0 3.0 3.0 0.0 0.19600001 2 TOUCH_MOVE Space
1401606725047 6 4098 351.0 1215.1537 0.20000002 3.0 3.0 3.0 3.0 0.0 0.19600001 2 TOUCH_MOVE Space
1401606725065 6 4098 351.33292 1215.4509 0.20000002 3.0 3.0 3.0 3.0 0.0 0.192 2 TOUCH_MOVE Space
1401606725076 6 4098 351.5 1215.4509 0.16666667 3.0 3.0 3.0 3.0 0.0 0.17600001 2 TOUCH_MOVE Space
1401606725079 6 4098 351.5 1215.4509 0.16666667 3.0 3.0 3.0 3.0 0.0 0.17600001 1 TOUCH_UP Space
1401606725140 6 4098 317.5 851.451 0.20000002 4.0 4.0 4.0 4.0 0.0 0.19600001 0 TOUCH_DOWN t
1401606725164 6 4098 317.5 851.451 0.20000002 4.0 4.0 4.0 4.0 0.0 0.20400001 2 TOUCH_MOVE t
1401606725181 6 4098 317.5 850.5577 0.26666668 5.0 5.0 5.0 5.0 0.0 0.21200001 2 TOUCH_MOVE t
1401606725197 6 4098 317.5 849.13196 0.26666668 5.0 5.0 5.0 5.0 0.0 0.21200001 2 TOUCH_MOVE t
1401606725215 6 4098 317.5 848.14264 0.26666668 5.0 5.0 5.0 5.0 0.0 0.21200001 2 TOUCH_MOVE t
1401606725231 6 4098 317.5 847.701 0.26666668 5.0 5.0 5.0 5.0 0.0 0.21200001 2 TOUCH_MOVE t
1401606725257 6 4098 317.5 847.951 0.20000002 4.0 4.0 4.0 4.0 0.0 0.17600001 2 TOUCH_MOVE t
1401606725261 6 4098 317.5 847.951 0.20000002 4.0 4.0 4.0 4.0 0.0 0.17600001 1 TOUCH_UP t
1401606725490 6 4098 430.0 952.951 0.26666668 4.0 4.0 4.0 4.0 0.0 0.19600001 0 TOUCH_DOWN h
1401606725524 6 4098 430.0 952.451 0.3 5.0 5.0 5.0 5.0 0.0 0.18400002 2 TOUCH_MOVE h
1401606725527 6 4098 430.0 952.451 0.3 5.0 5.0 5.0 5.0 0.0 0.18400002 1 TOUCH_UP h
1401606725723 6 4098 471.5 825.951 0.23333335 5.0 5.0 5.0 5.0 0.0 0.19600001 0 TOUCH_DOWN u
1401606725749 6 4098 471.5 825.951 0.3 5.0 5.0 5.0 5.0 0.0 0.20400001 2 TOUCH_MOVE u
1401606725764 6 4098 479.4691 824.4594 0.3 5.0 5.0 5.0 5.0 0.0 0.2 2 TOUCH_MOVE u
1401606725779 6 4098 479.5 824.451 0.16666667 3.0 3.0 3.0 3.0 0.0 0.1 2 TOUCH_MOVE u
1401606725782 6 4098 479.5 824.451 0.16666667 3.0 3.0 3.0 3.0 0.0 0.1 1 TOUCH_UP u
1401606725943 6 4098 630.5 811.951 0.26666668 4.0 4.0 4.0 4.0 0.0 0.2 0 TOUCH_DOWN o
1401606725950 6 4098 630.5 811.951 0.26666668 4.0 4.0 4.0 4.0 0.0 0.20400001 2 TOUCH_MOVE o
1401606725986 6 4098 630.5 813.59735 0.26666668 4.0 4.0 4.0 4.0 0.0 0.20400001 2 TOUCH_MOVE o
1401606725998 6 4098 630.5 816.067 0.3 5.0 5.0 5.0 5.0 0.0 0.19600001 2 TOUCH_MOVE o
1401606726009 6 4098 630.0 819.951 0.26666668 5.0 5.0 5.0 5.0 0.0 0.172 2 TOUCH_MOVE o
1401606726012 6 4098 630.0 819.951 0.26666668 5.0 5.0 5.0 5.0 0.0 0.172 1 TOUCH_UP o
1401606726302 6 4098 498.5 1086.4509 0.23333335 5.0 5.0 5.0 5.0 0.0 0.18 0 TOUCH_DOWN n
1401606726315 6 4098 498.5 1086.4509 0.23333335 5.0 5.0 5.0 5.0 0.0 0.18400002 2 TOUCH_MOVE n
1401606726380 6 4098 498.5 1086.4509 0.23333335 5.0 5.0 5.0 5.0 0.0 0.18400002 1 TOUCH_UP n
1401606726456 6 4098 357.5 976.951 0.13333334 2.0 2.0 2.0 2.0 0.0 0.18 0 TOUCH_DOWN g
1401606726482 6 4098 359.3108 976.51404 0.16666667 3.0 3.0 3.0 3.0 0.0 0.19600001 2 TOUCH_MOVE g
1401606726498 6 4098 365.3892 975.5528 0.20000002 4.0 4.0 4.0 4.0 0.0 0.2 2 TOUCH_MOVE g
1401606726527 6 4098 370.88635 974.6044 0.20000002 4.0 4.0 4.0 4.0 0.0 0.2 2 TOUCH_MOVE g
1401606726532 6 4098 373.96902 974.451 0.20000002 4.0 4.0 4.0 4.0 0.0 0.2 2 TOUCH_MOVE g
1401606726549 6 4098 375.78375 974.451 0.20000002 4.0 4.0 4.0 4.0 0.0 0.2 2 TOUCH_MOVE g
1401606726567 6 4098 376.5 975.19604 0.23333335 4.0 4.0 4.0 4.0 0.0 0.19600001 2 TOUCH_MOVE g
1401606726582 6 4098 376.5 976.951 0.23333335 4.0 4.0 4.0 4.0 0.0 0.17600001 2 TOUCH_MOVE g
1401606726587 6 4098 376.5 976.951 0.23333335 4.0 4.0 4.0 4.0 0.0 0.17600001 1 TOUCH_UP g
1401606726841 6 4098 358.0 1229.4509 0.16666667 3.0 3.0 3.0 3.0 0.0 0.18800001 0 TOUCH_DOWN Space
1401606726861 6 4098 358.0 1229.4509 0.16666667 3.0 3.0 3.0 3.0 0.0 0.192 2 TOUCH_MOVE Space
1401606726916 6 4098 360.80496 1228.9996 0.20000002 3.0 3.0 3.0 3.0 0.0 0.18800001 2 TOUCH_MOVE Space
1401606726929 6 4098 361.0 1228.9509 0.20000002 3.0 3.0 3.0 3.0 0.0 0.18 2 TOUCH_MOVE Space
1401606726932 6 4098 361.0 1228.9509 0.20000002 3.0 3.0 3.0 3.0 0.0 0.18 1 TOUCH_UP Space
1401606727085 6 4098 272.0 1118.4509 0.3 5.0 5.0 5.0 5.0 0.0 0.18800001 0 TOUCH_DOWN c
1401606727198 6 4098 272.0 1118.4509 0.3 5.0 5.0 5.0 5.0 0.0 0.18800001 1 TOUCH_UP c
1401606727335 6 4098 433.0 984.951 0.26666668 4.0 4.0 4.0 4.0 0.0 0.19600001 0 TOUCH_DOWN h
1401606727351 6 4098 433.0 985.4127 0.3 5.0 5.0 5.0 5.0 0.0 0.19600001 2 TOUCH_MOVE h
1401606727366 6 4098 433.5 988.2248 0.3 5.0 5.0 5.0 5.0 0.0 0.20400001 2 TOUCH_MOVE h
1401606727385 6 4098 434.0 991.1066 0.33333334 5.0 5.0 5.0 5.0 0.0 0.21200001 2 TOUCH_MOVE h
1401606727400 6 4098 434.0 992.7987 0.3 5.0 5.0 5.0 5.0 0.0 0.21200001 2 TOUCH_MOVE h
1401606727416 6 4098 434.31018 993.76117 0.3 5.0 5.0 5.0 5.0 0.0 0.208 2 TOUCH_MOVE h
1401606727431 6 4098 435.5 994.451 0.33333334 5.0 5.0 5.0 5.0 0.0 0.18 2 TOUCH_MOVE h
1401606727435 6 4098 435.5 994.451 0.33333334 5.0 5.0 5.0 5.0 0.0 0.18 1 TOUCH_UP h
1401606728095 6 4098 69.0 962.951 0.16666667 3.0 3.0 3.0 3.0 0.0 0.172 0 TOUCH_DOWN a
1401606728118 6 4098 68.281166 962.951 0.20000002 3.0 3.0 3.0 3.0 0.0 0.18400002 2 TOUCH_MOVE a
1401606728134 6 4098 67.32422 962.951 0.20000002 3.0 3.0 3.0 3.0 0.0 0.18400002 2 TOUCH_MOVE a
1401606728150 6 4098 66.35533 962.951 0.20000002 3.0 3.0 3.0 3.0 0.0 0.18400002 2 TOUCH_MOVE a
1401606728167 6 4098 65.41093 962.951 0.20000002 3.0 3.0 3.0 3.0 0.0 0.18400002 2 TOUCH_MOVE a
1401606728183 6 4098 65.0 962.951 0.16666667 3.0 3.0 3.0 3.0 0.0 0.136 2 TOUCH_MOVE a
1401606728188 6 4098 65.0 962.951 0.16666667 3.0 3.0 3.0 3.0 0.0 0.136 1 TOUCH_UP a
1401606728395 6 4098 454.0 846.951 0.26666668 5.0 5.0 5.0 5.0 0.0 0.19600001 0 TOUCH_DOWN u
1401606728400 6 4098 454.0 846.951 0.26666668 5.0 5.0 5.0 5.0 0.0 0.20400001 2 TOUCH_MOVE u
1401606728419 6 4098 454.0 846.435 0.3 5.0 5.0 5.0 5.0 0.0 0.21200001 2 TOUCH_MOVE u
1401606728434 6 4098 453.0073 844.4656 0.3 5.0 5.0 5.0 5.0 0.0 0.21200001 2 TOUCH_MOVE u
1401606728450 6 4098 453.0 843.701 0.23333335 4.0 4.0 4.0 4.0 0.0 0.20400001 2 TOUCH_MOVE u
1401606728456 6 4098 453.0 843.701 0.23333335 4.0 4.0 4.0 4.0 0.0 0.20400001 1 TOUCH_UP u
1401606728753 6 4098 381.5 1218.9509 0.23333335 4.0 4.0 4.0 4.0 0.0 0.192 0 TOUCH_DOWN Space
1401606728817 6 4098 381.5 1218.9509 0.26666668 5.0 5.0 5.0 5.0 0.0 0.18 2 TOUCH_MOVE Space
1401606728827 6 4098 381.5 1218.9509 0.20000002 3.0 3.0 3.0 3.0 0.0 0.104 2 TOUCH_MOVE Space
1401606728830 6 4098 381.5 1218.9509 0.20000002 3.0 3.0 3.0 3.0 0.0 0.104 1 TOUCH_UP Space
1401606729434 6 4098 310.0 839.451 0.23333335 4.0 4.0 4.0 4.0 0.0 0.18400002 0 TOUCH_DOWN t
1401606729448 6 4098 310.0 839.34265 0.23333335 4.0 4.0 4.0 4.0 0.0 0.18800001 2 TOUCH_MOVE t
1401606729459 6 4098 310.17596 838.775 0.26666668 4.0 4.0 4.0 4.0 0.0 0.192 2 TOUCH_MOVE t
1401606729468 6 4098 310.75 838.201 0.26666668 4.0 4.0 4.0 4.0 0.0 0.192 2 TOUCH_MOVE t
1401606729487 6 4098 310.5 839.15936 0.23333335 4.0 4.0 4.0 4.0 0.0 0.18800001 2 TOUCH_MOVE t
1401606729501 6 4098 310.5 841.65875 0.20000002 3.0 3.0 3.0 3.0 0.0 0.17600001 2 TOUCH_MOVE t
1401606729514 6 4098 310.5 841.451 0.13333334 2.0 2.0 2.0 2.0 0.0 0.116000004 2 TOUCH_MOVE t
1401606729517 6 4098 310.5 841.451 0.13333334 2.0 2.0 2.0 2.0 0.0 0.116000004 1 TOUCH_UP t
1401606729959 6 4098 426.0 940.951 0.26666668 5.0 5.0 5.0 5.0 0.0 0.18800001 0 TOUCH_DOWN h
1401606729983 6 4098 426.0 940.951 0.26666668 5.0 5.0 5.0 5.0 0.0 0.18800001 1 TOUCH_UP h
1401606730190 6 4098 559.0 824.951 0.33333334 5.0 5.0 5.0 5.0 0.0 0.19600001 0 TOUCH_DOWN i
1401606730232 6 4098 559.0 825.451 0.26666668 5.0 5.0 5.0 5.0 0.0 0.156 2 TOUCH_MOVE i
1401606730248 6 4098 559.0 825.451 0.26666668 5.0 5.0 5.0 5.0 0.0 0.156 1 TOUCH_UP i
1401606731038 6 4098 363.0 1237.9509 0.13333334 2.0 2.0 2.0 2.0 0.0 0.18800001 0 TOUCH_DOWN Space
1401606731053 6 4098 363.0 1237.9509 0.16666667 3.0 3.0 3.0 3.0 0.0 0.192 2 TOUCH_MOVE Space
1401606731070 6 4098 363.0 1236.9465 0.20000002 4.0 4.0 4.0 4.0 0.0 0.2 2 TOUCH_MOVE Space
1401606731086 6 4098 363.0 1235.9882 0.20000002 4.0 4.0 4.0 4.0 0.0 0.2 2 TOUCH_MOVE Space
1401606731103 6 4098 363.4266 1235.0243 0.23333335 4.0 4.0 4.0 4.0 0.0 0.2 2 TOUCH_MOVE Space
1401606731120 6 4098 364.38666 1234.0642 0.23333335 4.0 4.0 4.0 4.0 0.0 0.19600001 2 TOUCH_MOVE Space
1401606731133 6 4098 366.0 1232.9509 0.20000002 3.0 3.0 3.0 3.0 0.0 0.17600001 2 TOUCH_MOVE Space
1401606731138 6 4098 366.0 1232.9509 0.20000002 3.0 3.0 3.0 3.0 0.0 0.17600001 1 TOUCH_UP Space
1401606731306 6 4098 291.0 1087.9509 0.16666667 3.0 3.0 3.0 3.0 0.0 0.16000001 0 TOUCH_DOWN c
1401606731370 6 4098 291.81882 1087.9509 0.13333334 2.0 2.0 2.0 2.0 0.0 0.18 2 TOUCH_MOVE c
1401606731386 6 4098 292.78375 1087.9509 0.13333334 2.0 2.0 2.0 2.0 0.0 0.17600001 2 TOUCH_MOVE c
1401606731402 6 4098 293.0 1087.9509 0.13333334 2.0 2.0 2.0 2.0 0.0 0.18 2 TOUCH_MOVE c
1401606731405 6 4098 293.0 1087.9509 0.13333334 2.0 2.0 2.0 2.0 0.0 0.18 1 TOUCH_UP c
1401606731549 6 4098 429.5 973.951 0.20000002 4.0 4.0 4.0 4.0 0.0 0.2 0 TOUCH_DOWN h
1401606731570 6 4098 429.5 973.951 0.23333335 4.0 4.0 4.0 4.0 0.0 0.208 2 TOUCH_MOVE h
1401606731603 6 4098 429.5 975.201 0.23333335 4.0 4.0 4.0 4.0 0.0 0.21200001 2 TOUCH_MOVE h
1401606731620 6 4098 428.87463 975.57635 0.23333335 4.0 4.0 4.0 4.0 0.0 0.19600001 2 TOUCH_MOVE h
1401606731639 6 4098 428.87463 975.57635 0.23333335 4.0 4.0 4.0 4.0 0.0 0.19600001 1 TOUCH_UP h
1401606731794 6 4098 60.0 953.451 0.20000002 3.0 3.0 3.0 3.0 0.0 0.14400001 0 TOUCH_DOWN a
1401606731811 6 4098 59.708336 953.451 0.20000002 3.0 3.0 3.0 3.0 0.0 0.18 2 TOUCH_MOVE a
1401606731831 6 4098 58.716515 952.6675 0.23333335 4.0 4.0 4.0 4.0 0.0 0.18 2 TOUCH_MOVE a
1401606731837 6 4098 57.74263 951.6936 0.23333335 4.0 4.0 4.0 4.0 0.0 0.18 2 TOUCH_MOVE a
1401606731853 6 4098 57.25 951.201 0.23333335 4.0 4.0 4.0 4.0 0.0 0.18 2 TOUCH_MOVE a
1401606731865 6 4098 57.25 951.201 0.23333335 4.0 4.0 4.0 4.0 0.0 0.18 1 TOUCH_UP a
1401606731980 6 4098 472.0 838.951 0.26666668 4.0 4.0 4.0 4.0 0.0 0.21200001 0 TOUCH_DOWN u
1401606731987 6 4098 472.0 838.951 0.26666668 4.0 4.0 4.0 4.0 0.0 0.216 2 TOUCH_MOVE u
1401606732048 6 4098 472.0 838.951 0.26666668 4.0 4.0 4.0 4.0 0.0 0.216 1 TOUCH_UP u
1401606732447 6 4098 367.0 1215.4509 0.20000002 3.0 3.0 3.0 3.0 0.0 0.18400002 0 TOUCH_DOWN Space
1401606732521 6 4098 369.0 1214.4509 0.23333335 4.0 4.0 4.0 4.0 0.0 0.17600001 2 TOUCH_MOVE Space
1401606732529 6 4098 369.0 1214.4509 0.23333335 4.0 4.0 4.0 4.0 0.0 0.14 2 TOUCH_MOVE Space
1401606732533 6 4098 369.0 1214.4509 0.23333335 4.0 4.0 4.0 4.0 0.0 0.14 1 TOUCH_UP Space
1401606732997 6 4098 609.5 964.451 0.23333335 5.0 5.0 5.0 5.0 0.0 0.18400002 0 TOUCH_DOWN k
1401606733040 6 4098 609.5 964.451 0.20000002 4.0 4.0 4.0 4.0 0.0 0.17600001 2 TOUCH_MOVE k
1401606733051 6 4098 609.5 964.451 0.16666667 3.0 3.0 3.0 3.0 0.0 0.124000005 2 TOUCH_MOVE k
1401606733054 6 4098 609.5 964.451 0.16666667 3.0 3.0 3.0 3.0 0.0 0.124000005 1 TOUCH_UP k
1401606733427 6 4098 448.5 965.951 0.23333335 5.0 5.0 5.0 5.0 0.0 0.192 0 TOUCH_DOWN h
1401606733438 6 4098 448.5 965.951 0.23333335 5.0 5.0 5.0 5.0 0.0 0.19600001 2 TOUCH_MOVE h
1401606733457 6 4098 447.97583 965.951 0.23333335 5.0 5.0 5.0 5.0 0.0 0.2 2 TOUCH_MOVE h
1401606733475 6 4098 447.25 965.951 0.23333335 5.0 5.0 5.0 5.0 0.0 0.2 2 TOUCH_MOVE h
1401606733487 6 4098 447.25 965.951 0.23333335 5.0 5.0 5.0 5.0 0.0 0.2 1 TOUCH_UP h
1401606733702 6 4098 629.0 835.951 0.26666668 4.0 4.0 4.0 4.0 0.0 0.20400001 0 TOUCH_DOWN o
1401606733711 6 4098 629.0 835.951 0.26666668 4.0 4.0 4.0 4.0 0.0 0.208 2 TOUCH_MOVE o
1401606733773 6 4098 626.1455 838.67633 0.23333335 4.0 4.0 4.0 4.0 0.0 0.208 2 TOUCH_MOVE o
1401606733781 6 4098 625.5 839.451 0.23333335 5.0 5.0 5.0 5.0 0.0 0.18800001 2 TOUCH_MOVE o
1401606733784 6 4098 625.5 839.451 0.23333335 5.0 5.0 5.0 5.0 0.0 0.18800001 1 TOUCH_UP o
1401606734007 6 4098 490.0 1120.9509 0.26666668 4.0 4.0 4.0 4.0 0.0 0.192 0 TOUCH_DOWN n
1401606734030 6 4098 490.0 1120.9509 0.26666668 4.0 4.0 4.0 4.0 0.0 0.19600001 2 TOUCH_MOVE n
1401606734067 6 4098 490.0 1120.9509 0.26666668 4.0 4.0 4.0 4.0 0.0 0.19600001 1 TOUCH_UP n
1401606734150 6 4098 353.5 968.451 0.16666667 3.0 3.0 3.0 3.0 0.0 0.192 0 TOUCH_DOWN g
1401606734206 6 4098 355.5 968.451 0.16666667 3.0 3.0 3.0 3.0 0.0 0.18 2 TOUCH_MOVE g
1401606734211 6 4098 355.5 968.451 0.13333334 2.0 2.0 2.0 2.0 0.0 0.14 2 TOUCH_MOVE g
1401606734215 6 4098 355.5 968.451 0.13333334 2.0 2.0 2.0 2.0 0.0 0.14 1 TOUCH_UP g
1401606734369 6 4098 342.5 1234.4509 0.16666667 4.0 4.0 4.0 4.0 0.0 0.18 0 TOUCH_DOWN Space
1401606734393 6 4098 340.70316 1234.0187 0.26666668 5.0 5.0 5.0 5.0 0.0 0.18800001 2 TOUCH_MOVE Space
1401606734406 6 4098 336.03683 1231.7194 0.26666668 5.0 5.0 5.0 5.0 0.0 0.2 2 TOUCH_MOVE Space
1401606734423 6 4098 331.6486 1230.113 0.26666668 5.0 5.0 5.0 5.0 0.0 0.2 2 TOUCH_MOVE Space
1401606734440 6 4098 328.51178 1229.1215 0.23333335 4.0 4.0 4.0 4.0 0.0 0.2 2 TOUCH_MOVE Space
1401606734456 6 4098 326.70392 1228.9509 0.23333335 4.0 4.0 4.0 4.0 0.0 0.2 2 TOUCH_MOVE Space
1401606734474 6 4098 325.75 1228.9509 0.23333335 4.0 4.0 4.0 4.0 0.0 0.192 2 TOUCH_MOVE Space
1401606734486 6 4098 325.75 1228.9509 0.23333335 4.0 4.0 4.0 4.0 0.0 0.192 1 TOUCH_UP Space
1401606734758 6 4098 591.0 973.951 0.16666667 3.0 3.0 3.0 3.0 0.0 0.18800001 0 TOUCH_DOWN k
1401606734806 6 4098 591.0 973.951 0.16666667 3.0 3.0 3.0 3.0 0.0 0.116000004 2 TOUCH_MOVE k
1401606734812 6 4098 591.0 973.951 0.16666667 3.0 3.0 3.0 3.0 0.0 0.116000004 1 TOUCH_UP k
1401606735071 6 4098 437.0 953.451 0.26666668 4.0 4.0 4.0 4.0 0.0 0.2 0 TOUCH_DOWN h
1401606735090 6 4098 437.0 953.451 0.3 5.0 5.0 5.0 5.0 0.0 0.2 2 TOUCH_MOVE h
1401606735118 6 4098 435.94144 953.7303 0.26666668 4.0 4.0 4.0 4.0 0.0 0.2 2 TOUCH_MOVE h
1401606735123 6 4098 434.0 955.451 0.20000002 4.0 4.0 4.0 4.0 0.0 0.18400002 2 TOUCH_MOVE h
1401606735130 6 4098 434.0 955.451 0.16666667 3.0 3.0 3.0 3.0 0.0 0.128 2 TOUCH_MOVE h
1401606735150 6 4098 434.0 955.451 0.16666667 3.0 3.0 3.0 3.0 0.0 0.128 1 TOUCH_UP h
1401606735235 6 4098 609.0 851.451 0.23333335 5.0 5.0 5.0 5.0 0.0 0.19600001 0 TOUCH_DOWN o
1401606735240 6 4098 609.0 851.451 0.26666668 5.0 5.0 5.0 5.0 0.0 0.2 2 TOUCH_MOVE o
1401606735273 6 4098 608.5648 850.0158 0.26666668 5.0 5.0 5.0 5.0 0.0 0.21200001 2 TOUCH_MOVE o
1401606735290 6 4098 608.5 849.06006 0.26666668 5.0 5.0 5.0 5.0 0.0 0.21200001 2 TOUCH_MOVE o
1401606735308 6 4098 608.5 848.951 0.26666668 5.0 5.0 5.0 5.0 0.0 0.208 2 TOUCH_MOVE o
1401606735321 6 4098 608.5 848.951 0.16666667 3.0 3.0 3.0 3.0 0.0 0.104 2 TOUCH_MOVE o
1401606735325 6 4098 608.5 848.951 0.16666667 3.0 3.0 3.0 3.0 0.0 0.104 1 TOUCH_UP o
1401606735644 6 4098 301.0 1080.9509 0.13333334 2.0 2.0 2.0 2.0 0.0 0.18400002 0 TOUCH_DOWN c
1401606735657 6 4098 301.0 1080.9509 0.13333334 2.0 2.0 2.0 2.0 0.0 0.17600001 2 TOUCH_MOVE c
1401606735678 6 4098 301.0 1080.9509 0.13333334 2.0 2.0 2.0 2.0 0.0 0.17600001 1 TOUCH_UP c
1401606735859 6 4098 354.0 1225.9509 0.16666667 3.0 3.0 3.0 3.0 0.0 0.18400002 0 TOUCH_DOWN Space
1401606735880 6 4098 354.0 1225.9509 0.16666667 3.0 3.0 3.0 3.0 0.0 0.18800001 2 TOUCH_MOVE Space
1401606735941 6 4098 354.84235 1222.845 0.16666667 3.0 3.0 3.0 3.0 0.0 0.192 2 TOUCH_MOVE Space
1401606735945 6 4098 355.0 1222.4509 0.16666667 3.0 3.0 3.0 3.0 0.0 0.18 2 TOUCH_MOVE Space
1401606735948 6 4098 355.0 1222.4509 0.16666667 3.0 3.0 3.0 3.0 0.0 0.18 1 TOUCH_UP Space
1401606736170 6 4098 502.0 1079.4509 0.23333335 5.0 5.0 5.0 5.0 0.0 0.18800001 0 TOUCH_DOWN n
1401606736227 6 4098 502.0 1079.4509 0.23333335 5.0 5.0 5.0 5.0 0.0 0.172 2 TOUCH_MOVE n
1401606736231 6 4098 502.0 1079.4509 0.23333335 5.0 5.0 5.0 5.0 0.0 0.172 1 TOUCH_UP n
1401606736424 6 4098 452.5 967.951 0.20000002 4.0 4.0 4.0 4.0 0.0 0.2 0 TOUCH_DOWN h
1401606736479 6 4098 452.5 967.951 0.20000002 4.0 4.0 4.0 4.0 0.0 0.2 1 TOUCH_UP h
1401606736602 6 4098 194.0 843.451 0.16666667 3.0 3.0 3.0 3.0 0.0 0.17600001 0 TOUCH_DOWN e
1401606736614 6 4098 194.0 843.451 0.23333335 4.0 4.0 4.0 4.0 0.0 0.18800001 2 TOUCH_MOVE e
1401606736641 6 4098 194.0 842.6292 0.26666668 4.0 4.0 4.0 4.0 0.0 0.19600001 2 TOUCH_MOVE e
1401606736658 6 4098 194.0 841.701 0.26666668 4.0 4.0 4.0 4.0 0.0 0.192 2 TOUCH_MOVE e
1401606736677 6 4098 194.0 841.3256 0.20000002 4.0 4.0 4.0 4.0 0.0 0.17600001 2 TOUCH_MOVE e
1401606736681 6 4098 194.0 841.3256 0.20000002 4.0 4.0 4.0 4.0 0.0 0.17600001 1 TOUCH_UP e
