1402905628270 6 4098 486.5 1089.9509 0.26666668 4.0 4.0 4.0 4.0 0.0 0.21200001 0 TOUCH_DOWN N
1402905628280 6 4098 486.5 1089.9509 0.3 5.0 5.0 5.0 5.0 0.0 0.216 2 TOUCH_MOVE N
1402905628318 6 4098 484.72693 1090.4509 0.3 5.0 5.0 5.0 5.0 0.0 0.22000001 2 TOUCH_MOVE N
1402905628327 6 4098 484.25 1090.4509 0.26666668 5.0 5.0 5.0 5.0 0.0 0.216 2 TOUCH_MOVE N
1402905628349 6 4098 484.25 1090.4509 0.26666668 5.0 5.0 5.0 5.0 0.0 0.216 1 TOUCH_UP N
1402905628469 6 4098 62.5 968.451 0.16666667 3.0 3.0 3.0 3.0 0.0 0.192 0 TOUCH_DOWN a
1402905628491 6 4098 64.264084 968.451 0.23333335 5.0 5.0 5.0 5.0 0.0 0.20400001 2 TOUCH_MOVE a
1402905628505 6 4098 66.77446 968.451 0.23333335 5.0 5.0 5.0 5.0 0.0 0.20400001 2 TOUCH_MOVE a
1402905628510 6 4098 68.31184 968.451 0.23333335 5.0 5.0 5.0 5.0 0.0 0.208 2 TOUCH_MOVE a
1402905628527 6 4098 68.75 968.451 0.23333335 5.0 5.0 5.0 5.0 0.0 0.20400001 2 TOUCH_MOVE a
1402905628543 6 4098 67.16335 968.1721 0.20000002 4.0 4.0 4.0 4.0 0.0 0.192 2 TOUCH_MOVE a
1402905628551 6 4098 66.5 967.951 0.16666667 3.0 3.0 3.0 3.0 0.0 0.18 2 TOUCH_MOVE a
1402905628554 6 4098 66.5 967.951 0.16666667 3.0 3.0 3.0 3.0 0.0 0.18 1 TOUCH_UP a
1402905628849 6 4098 576.5 1097.4509 0.26666668 4.0 4.0 4.0 4.0 0.0 0.19600001 0 TOUCH_DOWN m
1402905628862 6 4098 576.5 1097.4509 0.26666668 4.0 4.0 4.0 4.0 0.0 0.2 2 TOUCH_MOVE m
1402905628896 6 4098 576.5 1097.4509 0.13333334 2.0 2.0 2.0 2.0 0.0 0.164 2 TOUCH_MOVE m
1402905628901 6 4098 576.5 1097.4509 0.13333334 2.0 2.0 2.0 2.0 0.0 0.164 1 TOUCH_UP m
1402905628966 6 4098 76.5 963.451 0.13333334 2.0 2.0 2.0 2.0 0.0 0.18 0 TOUCH_DOWN a
1402905629012 6 4098 76.5 963.451 0.13333334 2.0 2.0 2.0 2.0 0.0 0.18 1 TOUCH_UP a
1402905629168 6 4098 371.5 1220.9509 0.23333335 4.0 4.0 4.0 4.0 0.0 0.21200001 0 TOUCH_DOWN Space
1402905629191 6 4098 371.5 1221.3381 0.23333335 4.0 4.0 4.0 4.0 0.0 0.208 2 TOUCH_MOVE Space
1402905629208 6 4098 371.5 1222.9509 0.20000002 3.0 3.0 3.0 3.0 0.0 0.18 2 TOUCH_MOVE Space
1402905629214 6 4098 371.5 1222.9509 0.20000002 3.0 3.0 3.0 3.0 0.0 0.18 1 TOUCH_UP Space
1402905629306 6 4098 59.0 971.951 0.16666667 3.0 3.0 3.0 3.0 0.0 0.18400002 0 TOUCH_DOWN a
1402905629372 6 4098 59.0 971.951 0.16666667 3.0 3.0 3.0 3.0 0.0 0.18400002 1 TOUCH_UP a
1402905629563 6 4098 165.5 969.951 0.23333335 5.0 5.0 5.0 5.0 0.0 0.2 0 TOUCH_DOWN s
1402905629610 6 4098 165.5 969.951 0.23333335 5.0 5.0 5.0 5.0 0.0 0.2 1 TOUCH_UP s
1402905629811 6 4098 690.5 1095.9509 0.20000002 3.0 3.0 3.0 3.0 0.0 0.18800001 0 TOUCH_DOWN Back
1402905629845 6 4098 690.5 1096.6068 0.23333335 4.0 4.0 4.0 4.0 0.0 0.18800001 2 TOUCH_MOVE Back
1402905629852 6 4098 690.5 1096.6068 0.23333335 4.0 4.0 4.0 4.0 0.0 0.18800001 1 TOUCH_UP Back
1402905629936 6 4098 679.5 1093.9509 0.26666668 4.0 4.0 4.0 4.0 0.0 0.19600001 0 TOUCH_DOWN Back
1402905629945 6 4098 679.5 1094.1572 0.3 5.0 5.0 5.0 5.0 0.0 0.2 2 TOUCH_MOVE Back
1402905629962 6 4098 678.83704 1095.1139 0.3 5.0 5.0 5.0 5.0 0.0 0.20400001 2 TOUCH_MOVE Back
1402905629979 6 4098 677.8747 1096.0763 0.3 5.0 5.0 5.0 5.0 0.0 0.208 2 TOUCH_MOVE Back
1402905629995 6 4098 676.90955 1097.0414 0.3 5.0 5.0 5.0 5.0 0.0 0.208 2 TOUCH_MOVE Back
1402905630012 6 4098 677.0 1097.9902 0.3 5.0 5.0 5.0 5.0 0.0 0.20400001 2 TOUCH_MOVE Back
1402905630030 6 4098 677.0 1097.9509 0.23333335 5.0 5.0 5.0 5.0 0.0 0.17600001 2 TOUCH_MOVE Back
1402905630034 6 4098 677.0 1097.9509 0.23333335 5.0 5.0 5.0 5.0 0.0 0.17600001 1 TOUCH_UP Back
1402905630076 6 4098 152.0 970.951 0.26666668 5.0 5.0 5.0 5.0 0.0 0.21200001 0 TOUCH_DOWN s
1402905630082 6 4098 152.0 970.951 0.26666668 5.0 5.0 5.0 5.0 0.0 0.216 2 TOUCH_MOVE s
1402905630122 6 4098 150.86198 970.13196 0.3 6.0 6.0 6.0 6.0 0.0 0.224 2 TOUCH_MOVE s
1402905630128 6 4098 144.69669 968.3504 0.26666668 5.0 5.0 5.0 5.0 0.0 0.21200001 2 TOUCH_MOVE s
1402905630143 6 4098 142.5 967.951 0.20000002 4.0 4.0 4.0 4.0 0.0 0.16800001 2 TOUCH_MOVE s
1402905630148 6 4098 142.5 967.951 0.20000002 4.0 4.0 4.0 4.0 0.0 0.16800001 1 TOUCH_UP s
1402905630245 6 4098 76.0 976.451 0.23333335 4.0 4.0 4.0 4.0 0.0 0.21200001 0 TOUCH_DOWN a
1402905630262 6 4098 76.0 976.451 0.26666668 5.0 5.0 5.0 5.0 0.0 0.21200001 2 TOUCH_MOVE a
1402905630329 6 4098 76.0 976.451 0.16666667 3.0 3.0 3.0 3.0 0.0 0.18800001 2 TOUCH_MOVE a
1402905630335 6 4098 76.0 976.451 0.16666667 3.0 3.0 3.0 3.0 0.0 0.18800001 1 TOUCH_UP a
1402905630343 6 4098 406.5 841.451 0.33333334 6.0 6.0 6.0 6.0 0.0 0.24000001 0 TOUCH_DOWN y
1402905630381 6 4098 410.0 844.451 0.20000002 4.0 4.0 4.0 4.0 0.0 0.18 2 TOUCH_MOVE y
1402905630385 6 4098 410.0 844.451 0.20000002 4.0 4.0 4.0 4.0 0.0 0.18 1 TOUCH_UP y
1402905630446 6 4098 65.5 955.951 0.23333335 4.0 4.0 4.0 4.0 0.0 0.20400001 0 TOUCH_DOWN a
1402905630462 6 4098 65.5 955.951 0.26666668 4.0 4.0 4.0 4.0 0.0 0.20400001 2 TOUCH_MOVE a
1402905630495 6 4098 66.75 955.951 0.26666668 4.0 4.0 4.0 4.0 0.0 0.2 2 TOUCH_MOVE a
1402905630507 6 4098 66.0 955.951 0.20000002 3.0 3.0 3.0 3.0 0.0 0.18 2 TOUCH_MOVE a
1402905630513 6 4098 66.0 955.951 0.20000002 3.0 3.0 3.0 3.0 0.0 0.18 1 TOUCH_UP a
1402905630613 6 4098 339.5 1224.9509 0.26666668 5.0 5.0 5.0 5.0 0.0 0.20400001 0 TOUCH_DOWN Space
1402905630639 6 4098 339.5 1224.9509 0.26666668 5.0 5.0 5.0 5.0 0.0 0.19600001 2 TOUCH_MOVE Space
1402905630643 6 4098 339.5 1224.9509 0.26666668 5.0 5.0 5.0 5.0 0.0 0.19600001 1 TOUCH_UP Space
1402905630737 6 4098 88.5 967.451 0.20000002 4.0 4.0 4.0 4.0 0.0 0.19600001 0 TOUCH_DOWN a
1402905630762 6 4098 88.5 966.99475 0.20000002 4.0 4.0 4.0 4.0 0.0 0.2 2 TOUCH_MOVE a
1402905630779 6 4098 88.83465 965.7817 0.26666668 5.0 5.0 5.0 5.0 0.0 0.20400001 2 TOUCH_MOVE a
1402905630797 6 4098 93.4863 961.96014 0.26666668 5.0 5.0 5.0 5.0 0.0 0.2 2 TOUCH_MOVE a
1402905630810 6 4098 95.0 960.951 0.16666667 3.0 3.0 3.0 3.0 0.0 0.1 2 TOUCH_MOVE a
1402905630815 6 4098 95.0 960.951 0.16666667 3.0 3.0 3.0 3.0 0.0 0.1 1 TOUCH_UP a
1402905630924 6 4098 286.0 841.451 0.33333334 5.0 5.0 5.0 5.0 0.0 0.224 0 TOUCH_DOWN r
1402905630946 6 4098 286.0 839.93506 0.33333334 5.0 5.0 5.0 5.0 0.0 0.224 2 TOUCH_MOVE r
1402905630962 6 4098 284.54886 838.4754 0.33333334 5.0 5.0 5.0 5.0 0.0 0.224 2 TOUCH_MOVE r
1402905630980 6 4098 282.0 838.451 0.3 5.0 5.0 5.0 5.0 0.0 0.20400001 2 TOUCH_MOVE r
1402905630983 6 4098 282.0 838.451 0.23333335 5.0 5.0 5.0 5.0 0.0 0.14400001 2 TOUCH_MOVE r
1402905630987 6 4098 282.0 838.451 0.23333335 5.0 5.0 5.0 5.0 0.0 0.14400001 1 TOUCH_UP r
1402905631113 6 4098 230.5 943.951 0.33333334 5.0 5.0 5.0 5.0 0.0 0.216 0 TOUCH_DOWN d
1402905631142 6 4098 230.5 943.951 0.36666667 6.0 6.0 6.0 6.0 0.0 0.224 2 TOUCH_MOVE d
1402905631174 6 4098 229.5 942.451 0.3 5.0 5.0 5.0 5.0 0.0 0.18 2 TOUCH_MOVE d
1402905631181 6 4098 229.5 942.451 0.3 5.0 5.0 5.0 5.0 0.0 0.18 1 TOUCH_UP d
1402905631214 6 4098 565.0 801.951 0.26666668 5.0 5.0 5.0 5.0 0.0 0.216 0 TOUCH_DOWN i
1402905631229 6 4098 565.0 801.951 0.26666668 5.0 5.0 5.0 5.0 0.0 0.224 2 TOUCH_MOVE i
1402905631263 6 4098 565.5 801.951 0.26666668 5.0 5.0 5.0 5.0 0.0 0.21200001 2 TOUCH_MOVE i
1402905631269 6 4098 565.5 801.951 0.20000002 4.0 4.0 4.0 4.0 0.0 0.17600001 2 TOUCH_MOVE i
1402905631275 6 4098 565.5 801.951 0.20000002 4.0 4.0 4.0 4.0 0.0 0.17600001 1 TOUCH_UP i
1402905631564 6 4098 159.0 966.451 0.23333335 5.0 5.0 5.0 5.0 0.0 0.192 0 TOUCH_DOWN s
1402905631583 6 4098 159.0 966.451 0.23333335 5.0 5.0 5.0 5.0 0.0 0.19600001 2 TOUCH_MOVE s
1402905631638 6 4098 159.0 966.451 0.23333335 5.0 5.0 5.0 5.0 0.0 0.19600001 1 TOUCH_UP s
1402905631781 6 4098 280.0 852.951 0.26666668 6.0 6.0 6.0 6.0 0.0 0.216 0 TOUCH_DOWN r
1402905631798 6 4098 280.0 852.951 0.26666668 6.0 6.0 6.0 6.0 0.0 0.22000001 2 TOUCH_MOVE r
1402905631830 6 4098 276.18292 852.39813 0.23333335 5.0 5.0 5.0 5.0 0.0 0.18800001 2 TOUCH_MOVE r
1402905631834 6 4098 276.18292 852.39813 0.23333335 5.0 5.0 5.0 5.0 0.0 0.18800001 1 TOUCH_UP r
1402905632132 6 4098 681.0 1090.9509 0.23333335 4.0 4.0 4.0 4.0 0.0 0.192 0 TOUCH_DOWN Back
1402905632165 6 4098 680.6564 1092.2946 0.23333335 4.0 4.0 4.0 4.0 0.0 0.19600001 2 TOUCH_MOVE Back
1402905632170 6 4098 680.5 1092.4509 0.23333335 4.0 4.0 4.0 4.0 0.0 0.18400002 2 TOUCH_MOVE Back
1402905632173 6 4098 680.5 1092.4509 0.23333335 4.0 4.0 4.0 4.0 0.0 0.18400002 1 TOUCH_UP Back
1402905632279 6 4098 663.0 1091.9509 0.23333335 4.0 4.0 4.0 4.0 0.0 0.2 0 TOUCH_DOWN Back
1402905632303 6 4098 663.0 1091.9509 0.23333335 4.0 4.0 4.0 4.0 0.0 0.20400001 2 TOUCH_MOVE Back
1402905632334 6 4098 662.09607 1092.4509 0.26666668 5.0 5.0 5.0 5.0 0.0 0.208 2 TOUCH_MOVE Back
1402905632350 6 4098 658.72974 1092.0084 0.23333335 4.0 4.0 4.0 4.0 0.0 0.19600001 2 TOUCH_MOVE Back
1402905632352 6 4098 658.5 1091.9509 0.16666667 3.0 3.0 3.0 3.0 0.0 0.17600001 2 TOUCH_MOVE Back
1402905632356 6 4098 658.5 1091.9509 0.16666667 3.0 3.0 3.0 3.0 0.0 0.17600001 1 TOUCH_UP Back
1402905632913 6 4098 437.5 1198.4509 0.26666668 5.0 5.0 5.0 5.0 0.0 0.22000001 0 TOUCH_DOWN ,
1402905632923 6 4098 437.15216 1198.4509 0.23333335 5.0 5.0 5.0 5.0 0.0 0.224 2 TOUCH_MOVE ,
1402905632939 6 4098 435.92337 1198.4509 0.23333335 5.0 5.0 5.0 5.0 0.0 0.22000001 2 TOUCH_MOVE ,
1402905632948 6 4098 435.25 1198.4509 0.23333335 5.0 5.0 5.0 5.0 0.0 0.21200001 2 TOUCH_MOVE ,
1402905632972 6 4098 435.25 1198.4509 0.23333335 5.0 5.0 5.0 5.0 0.0 0.21200001 1 TOUCH_UP ,
1402905633114 6 4098 337.0 1219.4509 0.26666668 5.0 5.0 5.0 5.0 0.0 0.22000001 0 TOUCH_DOWN Space
1402905633148 6 4098 336.0 1219.9509 0.26666668 5.0 5.0 5.0 5.0 0.0 0.18800001 2 TOUCH_MOVE Space
1402905633155 6 4098 336.0 1219.9509 0.26666668 5.0 5.0 5.0 5.0 0.0 0.18800001 1 TOUCH_UP Space
1402905633373 6 4098 618.0 857.951 0.23333335 5.0 5.0 5.0 5.0 0.0 0.208 0 TOUCH_DOWN o
1402905633381 6 4098 618.0 857.951 0.23333335 5.0 5.0 5.0 5.0 0.0 0.216 2 TOUCH_MOVE o
1402905633416 6 4098 618.0 858.477 0.26666668 5.0 5.0 5.0 5.0 0.0 0.224 2 TOUCH_MOVE o
1402905633431 6 4098 619.06464 860.58026 0.26666668 5.0 5.0 5.0 5.0 0.0 0.208 2 TOUCH_MOVE o
1402905633442 6 4098 619.0 860.451 0.26666668 4.0 4.0 4.0 4.0 0.0 0.18400002 2 TOUCH_MOVE o
1402905633446 6 4098 619.0 860.451 0.26666668 4.0 4.0 4.0 4.0 0.0 0.18400002 1 TOUCH_UP o
1402905633495 6 4098 280.5 861.951 0.26666668 5.0 5.0 5.0 5.0 0.0 0.216 0 TOUCH_DOWN r
1402905633533 6 4098 281.0 861.951 0.26666668 5.0 5.0 5.0 5.0 0.0 0.21200001 2 TOUCH_MOVE r
1402905633549 6 4098 281.0 861.951 0.23333335 5.0 5.0 5.0 5.0 0.0 0.18800001 2 TOUCH_MOVE r
1402905633557 6 4098 281.0 861.951 0.23333335 5.0 5.0 5.0 5.0 0.0 0.18800001 1 TOUCH_UP r
1402905633710 6 4098 89.0 964.951 0.20000002 4.0 4.0 4.0 4.0 0.0 0.19600001 0 TOUCH_DOWN a
1402905633732 6 4098 89.0 964.951 0.26666668 5.0 5.0 5.0 5.0 0.0 0.2 2 TOUCH_MOVE a
1402905633748 6 4098 89.0 964.09357 0.23333335 4.0 4.0 4.0 4.0 0.0 0.20400001 2 TOUCH_MOVE a
1402905633766 6 4098 89.0 963.1283 0.23333335 4.0 4.0 4.0 4.0 0.0 0.2 2 TOUCH_MOVE a
1402905633781 6 4098 89.0 962.951 0.23333335 4.0 4.0 4.0 4.0 0.0 0.18800001 2 TOUCH_MOVE a
1402905633784 6 4098 89.0 962.951 0.23333335 4.0 4.0 4.0 4.0 0.0 0.18800001 1 TOUCH_UP a
1402905633792 6 4098 470.0 1110.9509 0.3 5.0 5.0 5.0 5.0 0.0 0.21200001 0 TOUCH_DOWN n
1402905633826 6 4098 464.0 1110.9509 0.23333335 4.0 4.0 4.0 4.0 0.0 0.16800001 2 TOUCH_MOVE n
1402905633832 6 4098 464.0 1110.9509 0.23333335 4.0 4.0 4.0 4.0 0.0 0.16800001 1 TOUCH_UP n
1402905633954 6 4098 315.0 961.951 0.33333334 5.0 5.0 5.0 5.0 0.0 0.24400002 0 TOUCH_DOWN f
1402905633966 6 4098 315.0 962.3492 0.3 5.0 5.0 5.0 5.0 0.0 0.24000001 2 TOUCH_MOVE f
1402905633991 6 4098 315.5 964.951 0.20000002 3.0 3.0 3.0 3.0 0.0 0.104 2 TOUCH_MOVE f
1402905633994 6 4098 315.5 964.951 0.20000002 3.0 3.0 3.0 3.0 0.0 0.104 1 TOUCH_UP f
1402905634141 6 4098 292.0 1224.9509 0.26666668 5.0 5.0 5.0 5.0 0.0 0.21200001 0 TOUCH_DOWN Space
1402905634185 6 4098 291.5 1225.9509 0.20000002 4.0 4.0 4.0 4.0 0.0 0.192 2 TOUCH_MOVE Space
1402905634187 6 4098 291.5 1225.9509 0.16666667 4.0 4.0 4.0 4.0 0.0 0.16000001 2 TOUCH_MOVE Space
1402905634191 6 4098 291.5 1225.9509 0.16666667 4.0 4.0 4.0 4.0 0.0 0.16000001 1 TOUCH_UP Space
1402905634282 6 4098 224.0 965.451 0.23333335 5.0 5.0 5.0 5.0 0.0 0.216 0 TOUCH_DOWN d
1402905634303 6 4098 224.0 965.451 0.3 6.0 6.0 6.0 6.0 0.0 0.224 2 TOUCH_MOVE d
1402905634332 6 4098 222.39806 964.9 0.26666668 5.0 5.0 5.0 5.0 0.0 0.21200001 2 TOUCH_MOVE d
1402905634350 6 4098 218.5 964.451 0.20000002 4.0 4.0 4.0 4.0 0.0 0.17600001 2 TOUCH_MOVE d
1402905634355 6 4098 218.5 964.451 0.20000002 4.0 4.0 4.0 4.0 0.0 0.17600001 1 TOUCH_UP d
1402905634588 6 4098 674.0 1096.4509 0.3 5.0 5.0 5.0 5.0 0.0 0.19600001 0 TOUCH_DOWN Back
1402905634599 6 4098 674.0 1096.9639 0.3 5.0 5.0 5.0 5.0 0.0 0.2 2 TOUCH_MOVE Back
1402905634624 6 4098 674.0 1097.9063 0.3 5.0 5.0 5.0 5.0 0.0 0.2 2 TOUCH_MOVE Back
1402905634635 6 4098 674.0 1098.8805 0.26666668 4.0 4.0 4.0 4.0 0.0 0.2 2 TOUCH_MOVE Back
1402905634649 6 4098 674.0 1099.2009 0.26666668 4.0 4.0 4.0 4.0 0.0 0.19600001 2 TOUCH_MOVE Back
1402905634657 6 4098 674.0 1099.2009 0.26666668 4.0 4.0 4.0 4.0 0.0 0.19600001 1 TOUCH_UP Back
1402905634736 6 4098 670.0 1099.4509 0.3 5.0 5.0 5.0 5.0 0.0 0.2 0 TOUCH_DOWN Back
1402905634750 6 4098 670.0 1099.4509 0.3 5.0 5.0 5.0 5.0 0.0 0.20400001 2 TOUCH_MOVE Back
1402905634771 6 4098 670.64874 1100.0996 0.3 5.0 5.0 5.0 5.0 0.0 0.20400001 2 TOUCH_MOVE Back
1402905634785 6 4098 671.66986 1101.0359 0.3 5.0 5.0 5.0 5.0 0.0 0.208 2 TOUCH_MOVE Back
1402905634799 6 4098 673.0763 1102.0272 0.26666668 4.0 4.0 4.0 4.0 0.0 0.19600001 2 TOUCH_MOVE Back
1402905634810 6 4098 673.5 1102.4509 0.33333334 5.0 5.0 5.0 5.0 0.0 0.18 2 TOUCH_MOVE Back
1402905634814 6 4098 673.5 1102.4509 0.33333334 5.0 5.0 5.0 5.0 0.0 0.18 1 TOUCH_UP Back
1402905634885 6 4098 670.5 1096.9509 0.3 5.0 5.0 5.0 5.0 0.0 0.20400001 0 TOUCH_DOWN Back
1402905634899 6 4098 670.5 1097.3771 0.3 5.0 5.0 5.0 5.0 0.0 0.208 2 TOUCH_MOVE Back
1402905634919 6 4098 670.5 1098.2684 0.3 5.0 5.0 5.0 5.0 0.0 0.208 2 TOUCH_MOVE Back
1402905634934 6 4098 671.2656 1099.2166 0.3 5.0 5.0 5.0 5.0 0.0 0.208 2 TOUCH_MOVE Back
1402905634950 6 4098 672.245 1100.1959 0.3 5.0 5.0 5.0 5.0 0.0 0.20400001 2 TOUCH_MOVE Back
1402905634966 6 4098 672.5 1100.4509 0.26666668 4.0 4.0 4.0 4.0 0.0 0.2 2 TOUCH_MOVE Back
1402905634975 6 4098 672.5 1100.4509 0.26666668 4.0 4.0 4.0 4.0 0.0 0.2 1 TOUCH_UP Back
1402905635035 6 4098 383.5 949.951 0.3 5.0 5.0 5.0 5.0 0.0 0.22000001 0 TOUCH_DOWN g
1402905635095 6 4098 383.5 949.951 0.3 5.0 5.0 5.0 5.0 0.0 0.192 2 TOUCH_MOVE g
1402905635099 6 4098 383.5 949.951 0.3 5.0 5.0 5.0 5.0 0.0 0.192 1 TOUCH_UP g
1402905635444 6 4098 329.0 1203.4509 0.26666668 5.0 5.0 5.0 5.0 0.0 0.224 0 TOUCH_DOWN Space
1402905635451 6 4098 329.0 1203.4509 0.26666668 5.0 5.0 5.0 5.0 0.0 0.216 2 TOUCH_MOVE Space
1402905635492 6 4098 329.0 1203.4509 0.26666668 5.0 5.0 5.0 5.0 0.0 0.216 1 TOUCH_UP Space
1402905635669 6 4098 365.5 924.451 0.33333334 6.0 6.0 6.0 6.0 0.0 0.24000001 0 TOUCH_DOWN g
1402905635701 6 4098 365.5 925.55273 0.33333334 6.0 6.0 6.0 6.0 0.0 0.23600002 2 TOUCH_MOVE g
1402905635717 6 4098 366.5 926.451 0.33333334 5.0 5.0 5.0 5.0 0.0 0.20400001 2 TOUCH_MOVE g
1402905635731 6 4098 367.5 927.451 0.20000002 3.0 3.0 3.0 3.0 0.0 0.108 2 TOUCH_MOVE g
1402905635735 6 4098 367.5 927.451 0.20000002 3.0 3.0 3.0 3.0 0.0 0.108 1 TOUCH_UP g
1402905635760 6 4098 78.5 964.951 0.20000002 4.0 4.0 4.0 4.0 0.0 0.192 0 TOUCH_DOWN a
1402905635780 6 4098 78.5 964.951 0.20000002 4.0 4.0 4.0 4.0 0.0 0.19600001 2 TOUCH_MOVE a
1402905635803 6 4098 80.381935 964.951 0.20000002 4.0 4.0 4.0 4.0 0.0 0.19600001 2 TOUCH_MOVE a
1402905635817 6 4098 82.1775 964.951 0.20000002 4.0 4.0 4.0 4.0 0.0 0.192 2 TOUCH_MOVE a
1402905635832 6 4098 83.5 964.451 0.23333335 4.0 4.0 4.0 4.0 0.0 0.17600001 2 TOUCH_MOVE a
1402905635835 6 4098 83.5 964.451 0.23333335 4.0 4.0 4.0 4.0 0.0 0.17600001 1 TOUCH_UP a
1402905635871 6 4098 497.5 1080.4509 0.23333335 5.0 5.0 5.0 5.0 0.0 0.208 0 TOUCH_DOWN n
1402905635908 6 4098 497.5 1080.4509 0.23333335 5.0 5.0 5.0 5.0 0.0 0.208 1 TOUCH_UP n
1402905636032 6 4098 361.5 856.451 0.23333335 5.0 5.0 5.0 5.0 0.0 0.20400001 0 TOUCH_DOWN y
1402905636067 6 4098 362.0 852.451 0.26666668 5.0 5.0 5.0 5.0 0.0 0.19600001 2 TOUCH_MOVE y
1402905636080 6 4098 362.0 852.451 0.16666667 3.0 3.0 3.0 3.0 0.0 0.124000005 2 TOUCH_MOVE y
1402905636087 6 4098 362.0 852.451 0.16666667 3.0 3.0 3.0 3.0 0.0 0.124000005 1 TOUCH_UP y
1402905636235 6 4098 200.5 797.951 0.20000002 4.0 4.0 4.0 4.0 0.0 0.18400002 0 TOUCH_DOWN e
1402905636267 6 4098 200.5 797.951 0.20000002 4.0 4.0 4.0 4.0 0.0 0.18400002 1 TOUCH_UP e
1402905636410 6 4098 486.5 1081.4509 0.20000002 4.0 4.0 4.0 4.0 0.0 0.192 0 TOUCH_DOWN n
1402905636418 6 4098 486.5 1081.4509 0.16666667 3.0 3.0 3.0 3.0 0.0 0.18400002 2 TOUCH_MOVE n
1402905636436 6 4098 486.5 1081.4509 0.16666667 3.0 3.0 3.0 3.0 0.0 0.18400002 1 TOUCH_UP n
1402905636676 6 4098 691.0 1098.4509 0.23333335 4.0 4.0 4.0 4.0 0.0 0.2 0 TOUCH_DOWN Back
1402905636720 6 4098 692.75793 1099.3298 0.20000002 4.0 4.0 4.0 4.0 0.0 0.20400001 2 TOUCH_MOVE Back
1402905636734 6 4098 694.0 1099.4509 0.20000002 4.0 4.0 4.0 4.0 0.0 0.18800001 2 TOUCH_MOVE Back
1402905636740 6 4098 694.0 1099.4509 0.16666667 3.0 3.0 3.0 3.0 0.0 0.108 2 TOUCH_MOVE Back
1402905636745 6 4098 694.0 1099.4509 0.16666667 3.0 3.0 3.0 3.0 0.0 0.108 1 TOUCH_UP Back
1402905636815 6 4098 688.5 1097.4509 0.26666668 4.0 4.0 4.0 4.0 0.0 0.20400001 0 TOUCH_DOWN Back
1402905636834 6 4098 688.5 1098.0122 0.26666668 4.0 4.0 4.0 4.0 0.0 0.20400001 2 TOUCH_MOVE Back
1402905636851 6 4098 687.94037 1099.0105 0.26666668 4.0 4.0 4.0 4.0 0.0 0.208 2 TOUCH_MOVE Back
1402905636868 6 4098 688.0 1100.0024 0.26666668 4.0 4.0 4.0 4.0 0.0 0.20400001 2 TOUCH_MOVE Back
1402905636885 6 4098 688.0 1099.9509 0.13333334 2.0 2.0 2.0 2.0 0.0 0.16000001 2 TOUCH_MOVE Back
1402905636890 6 4098 688.0 1099.9509 0.13333334 2.0 2.0 2.0 2.0 0.0 0.16000001 1 TOUCH_UP Back
1402905636987 6 4098 678.5 1083.9509 0.20000002 4.0 4.0 4.0 4.0 0.0 0.2 0 TOUCH_DOWN Back
1402905637020 6 4098 678.7193 1084.6702 0.20000002 4.0 4.0 4.0 4.0 0.0 0.2 2 TOUCH_MOVE Back
1402905637035 6 4098 679.64026 1085.5912 0.20000002 4.0 4.0 4.0 4.0 0.0 0.19600001 2 TOUCH_MOVE Back
1402905637043 6 4098 680.0 1085.4509 0.20000002 4.0 4.0 4.0 4.0 0.0 0.18400002 2 TOUCH_MOVE Back
1402905637047 6 4098 680.0 1085.4509 0.20000002 4.0 4.0 4.0 4.0 0.0 0.18400002 1 TOUCH_UP Back
1402905637111 6 4098 328.5 844.451 0.26666668 5.0 5.0 5.0 5.0 0.0 0.216 0 TOUCH_DOWN t
1402905637125 6 4098 328.5 844.451 0.3 5.0 5.0 5.0 5.0 0.0 0.216 2 TOUCH_MOVE t
1402905637152 6 4098 328.07785 842.6067 0.3 5.0 5.0 5.0 5.0 0.0 0.22000001 2 TOUCH_MOVE t
1402905637168 6 4098 322.6795 839.09436 0.3 5.0 5.0 5.0 5.0 0.0 0.20400001 2 TOUCH_MOVE t
1402905637176 6 4098 321.5 838.451 0.23333335 4.0 4.0 4.0 4.0 0.0 0.17600001 2 TOUCH_MOVE t
1402905637183 6 4098 321.5 838.451 0.23333335 4.0 4.0 4.0 4.0 0.0 0.17600001 1 TOUCH_UP t
1402905637333 6 4098 168.5 798.451 0.23333335 5.0 5.0 5.0 5.0 0.0 0.19600001 0 TOUCH_DOWN e
1402905637344 6 4098 170.04991 798.451 0.26666668 6.0 6.0 6.0 6.0 0.0 0.208 2 TOUCH_MOVE e
1402905637361 6 4098 171.97932 798.451 0.26666668 6.0 6.0 6.0 6.0 0.0 0.208 2 TOUCH_MOVE e
1402905637368 6 4098 172.04616 798.451 0.23333335 5.0 5.0 5.0 5.0 0.0 0.2 2 TOUCH_MOVE e
1402905637378 6 4098 172.0 798.451 0.23333335 5.0 5.0 5.0 5.0 0.0 0.18 2 TOUCH_MOVE e
1402905637382 6 4098 172.0 798.451 0.23333335 5.0 5.0 5.0 5.0 0.0 0.18 1 TOUCH_UP e
1402905637482 6 4098 505.0 1078.9509 0.26666668 5.0 5.0 5.0 5.0 0.0 0.22000001 0 TOUCH_DOWN n
1402905637519 6 4098 501.52853 1078.333 0.3 5.0 5.0 5.0 5.0 0.0 0.224 2 TOUCH_MOVE n
1402905637535 6 4098 497.0567 1075.0963 0.3 5.0 5.0 5.0 5.0 0.0 0.22000001 2 TOUCH_MOVE n
1402905637552 6 4098 490.6404 1065.9373 0.3 5.0 5.0 5.0 5.0 0.0 0.19600001 2 TOUCH_MOVE n
1402905637557 6 4098 490.6404 1065.9373 0.3 5.0 5.0 5.0 5.0 0.0 0.19600001 1 TOUCH_UP n
1402905637704 6 4098 340.0 937.451 0.36666667 6.0 6.0 6.0 6.0 0.0 0.23200001 0 TOUCH_DOWN g
1402905637724 6 4098 340.0 937.451 0.33333334 5.0 5.0 5.0 5.0 0.0 0.23600002 2 TOUCH_MOVE g
1402905637735 6 4098 340.0 937.451 0.23333335 4.0 4.0 4.0 4.0 0.0 0.17600001 2 TOUCH_MOVE g
1402905637739 6 4098 340.0 937.451 0.23333335 4.0 4.0 4.0 4.0 0.0 0.17600001 1 TOUCH_UP g
1402905637911 6 4098 321.0 1212.9509 0.26666668 5.0 5.0 5.0 5.0 0.0 0.22000001 0 TOUCH_DOWN Space
1402905637953 6 4098 320.5 1214.6332 0.23333335 4.0 4.0 4.0 4.0 0.0 0.21200001 2 TOUCH_MOVE Space
1402905637969 6 4098 320.5 1215.5948 0.23333335 4.0 4.0 4.0 4.0 0.0 0.17600001 2 TOUCH_MOVE Space
1402905637975 6 4098 320.5 1215.5948 0.23333335 4.0 4.0 4.0 4.0 0.0 0.17600001 1 TOUCH_UP Space
1402905638051 6 4098 218.0 990.951 0.3 5.0 5.0 5.0 5.0 0.0 0.216 0 TOUCH_DOWN d
1402905638102 6 4098 217.3372 990.61957 0.3 5.0 5.0 5.0 5.0 0.0 0.22000001 2 TOUCH_MOVE d
1402905638119 6 4098 213.5 987.951 0.26666668 5.0 5.0 5.0 5.0 0.0 0.20400001 2 TOUCH_MOVE d
1402905638131 6 4098 213.5 987.951 0.13333334 2.0 2.0 2.0 2.0 0.0 0.128 2 TOUCH_MOVE d
1402905638135 6 4098 213.5 987.951 0.13333334 2.0 2.0 2.0 2.0 0.0 0.128 1 TOUCH_UP d
1402905638249 6 4098 78.5 926.951 0.23333335 4.0 4.0 4.0 4.0 0.0 0.192 0 TOUCH_DOWN a
1402905638275 6 4098 79.41427 927.40814 0.26666668 4.0 4.0 4.0 4.0 0.0 0.2 2 TOUCH_MOVE a
1402905638286 6 4098 81.88799 928.39496 0.26666668 4.0 4.0 4.0 4.0 0.0 0.2 2 TOUCH_MOVE a
1402905638303 6 4098 84.7385 927.6253 0.23333335 4.0 4.0 4.0 4.0 0.0 0.19600001 2 TOUCH_MOVE a
1402905638317 6 4098 85.0 927.451 0.20000002 4.0 4.0 4.0 4.0 0.0 0.18 2 TOUCH_MOVE a
1402905638326 6 4098 85.0 927.451 0.20000002 4.0 4.0 4.0 4.0 0.0 0.18 1 TOUCH_UP a
1402905638429 6 4098 258.5 837.451 0.3 5.0 5.0 5.0 5.0 0.0 0.21200001 0 TOUCH_DOWN r
1402905638436 6 4098 258.5 837.451 0.33333334 5.0 5.0 5.0 5.0 0.0 0.22000001 2 TOUCH_MOVE r
1402905638458 6 4098 260.11108 836.87695 0.33333334 5.0 5.0 5.0 5.0 0.0 0.224 2 TOUCH_MOVE r
1402905638478 6 4098 262.04138 835.4096 0.33333334 5.0 5.0 5.0 5.0 0.0 0.22000001 2 TOUCH_MOVE r
1402905638486 6 4098 262.75 834.701 0.33333334 5.0 5.0 5.0 5.0 0.0 0.21200001 2 TOUCH_MOVE r
1402905638501 6 4098 262.75 834.701 0.33333334 5.0 5.0 5.0 5.0 0.0 0.21200001 1 TOUCH_UP r
1402905638574 6 4098 559.5 824.451 0.33333334 5.0 5.0 5.0 5.0 0.0 0.22800002 0 TOUCH_DOWN i
1402905638588 6 4098 559.5 824.451 0.33333334 5.0 5.0 5.0 5.0 0.0 0.23200001 2 TOUCH_MOVE i
1402905638627 6 4098 559.5 824.451 0.33333334 5.0 5.0 5.0 5.0 0.0 0.23200001 1 TOUCH_UP i
1402905638879 6 4098 349.5 1229.4509 0.26666668 5.0 5.0 5.0 5.0 0.0 0.208 0 TOUCH_DOWN Space
1402905638923 6 4098 349.0 1229.4509 0.20000002 4.0 4.0 4.0 4.0 0.0 0.18 2 TOUCH_MOVE Space
1402905638927 6 4098 349.0 1229.4509 0.20000002 4.0 4.0 4.0 4.0 0.0 0.18 1 TOUCH_UP Space
1402905639310 6 4098 139.0 974.951 0.26666668 5.0 5.0 5.0 5.0 0.0 0.20400001 0 TOUCH_DOWN s
1402905639321 6 4098 139.0 974.951 0.26666668 5.0 5.0 5.0 5.0 0.0 0.208 2 TOUCH_MOVE s
1402905639355 6 4098 139.1717 975.951 0.26666668 5.0 5.0 5.0 5.0 0.0 0.208 2 TOUCH_MOVE s
1402905639370 6 4098 140.56479 975.951 0.26666668 5.0 5.0 5.0 5.0 0.0 0.20400001 2 TOUCH_MOVE s
1402905639387 6 4098 142.0 975.451 0.20000002 4.0 4.0 4.0 4.0 0.0 0.14400001 2 TOUCH_MOVE s
1402905639392 6 4098 142.0 975.451 0.20000002 4.0 4.0 4.0 4.0 0.0 0.14400001 1 TOUCH_UP s
1402905639527 6 4098 270.5 853.451 0.23333335 5.0 5.0 5.0 5.0 0.0 0.20400001 0 TOUCH_DOWN r
1402905639557 6 4098 270.5 853.451 0.20000002 4.0 4.0 4.0 4.0 0.0 0.17600001 2 TOUCH_MOVE r
1402905639562 6 4098 270.5 853.451 0.20000002 4.0 4.0 4.0 4.0 0.0 0.17600001 1 TOUCH_UP r
1402905639718 6 4098 78.5 943.951 0.3 5.0 5.0 5.0 5.0 0.0 0.192 0 TOUCH_DOWN a
1402905639742 6 4098 78.5 943.951 0.3 5.0 5.0 5.0 5.0 0.0 0.19600001 2 TOUCH_MOVE a
1402905639776 6 4098 77.95909 943.951 0.3 5.0 5.0 5.0 5.0 0.0 0.192 2 TOUCH_MOVE a
1402905639806 6 4098 77.5 943.451 0.23333335 5.0 5.0 5.0 5.0 0.0 0.14 2 TOUCH_MOVE a
1402905639810 6 4098 77.5 943.451 0.23333335 5.0 5.0 5.0 5.0 0.0 0.14 1 TOUCH_UP a
1402905639869 6 4098 330.0 936.451 0.33333334 5.0 5.0 5.0 5.0 0.0 0.224 0 TOUCH_DOWN g
1402905639893 6 4098 330.0 937.0768 0.33333334 5.0 5.0 5.0 5.0 0.0 0.22000001 2 TOUCH_MOVE g
1402905639904 6 4098 330.0 937.451 0.33333334 5.0 5.0 5.0 5.0 0.0 0.2 2 TOUCH_MOVE g
1402905639909 6 4098 330.0 937.451 0.26666668 5.0 5.0 5.0 5.0 0.0 0.14400001 2 TOUCH_MOVE g
1402905639913 6 4098 330.0 937.451 0.26666668 5.0 5.0 5.0 5.0 0.0 0.14400001 1 TOUCH_UP g
1402905639984 6 4098 200.0 817.951 0.3 5.0 5.0 5.0 5.0 0.0 0.208 0 TOUCH_DOWN e
1402905640029 6 4098 200.5 818.0969 0.3 5.0 5.0 5.0 5.0 0.0 0.208 2 TOUCH_MOVE e
1402905640039 6 4098 200.5 818.451 0.26666668 5.0 5.0 5.0 5.0 0.0 0.18 2 TOUCH_MOVE e
1402905640043 6 4098 200.5 818.451 0.26666668 5.0 5.0 5.0 5.0 0.0 0.18 1 TOUCH_UP e
1402905640152 6 4098 454.5 1089.9509 0.26666668 5.0 5.0 5.0 5.0 0.0 0.21200001 0 TOUCH_DOWN b
1402905640176 6 4098 454.5 1089.9509 0.26666668 5.0 5.0 5.0 5.0 0.0 0.208 2 TOUCH_MOVE b
1402905640182 6 4098 454.5 1089.9509 0.26666668 5.0 5.0 5.0 5.0 0.0 0.208 1 TOUCH_UP b
1402905640798 6 4098 686.0 1094.4509 0.23333335 4.0 4.0 4.0 4.0 0.0 0.19600001 0 TOUCH_DOWN Back
1402905640822 6 4098 686.0 1094.4509 0.23333335 4.0 4.0 4.0 4.0 0.0 0.2 2 TOUCH_MOVE Back
1402905640856 6 4098 687.5782 1094.4509 0.26666668 4.0 4.0 4.0 4.0 0.0 0.208 2 TOUCH_MOVE Back
1402905640872 6 4098 690.3618 1094.4509 0.26666668 4.0 4.0 4.0 4.0 0.0 0.20400001 2 TOUCH_MOVE Back
1402905640890 6 4098 691.5 1094.4509 0.20000002 3.0 3.0 3.0 3.0 0.0 0.18800001 2 TOUCH_MOVE Back
1402905640896 6 4098 691.5 1094.4509 0.13333334 2.0 2.0 2.0 2.0 0.0 0.108 2 TOUCH_MOVE Back
1402905640901 6 4098 691.5 1094.4509 0.13333334 2.0 2.0 2.0 2.0 0.0 0.108 1 TOUCH_UP Back
1402905641293 6 4098 487.5 1080.9509 0.26666668 5.0 5.0 5.0 5.0 0.0 0.216 0 TOUCH_DOWN n
1402905641323 6 4098 487.5 1080.9509 0.23333335 5.0 5.0 5.0 5.0 0.0 0.18800001 2 TOUCH_MOVE n
1402905641331 6 4098 487.5 1080.9509 0.23333335 5.0 5.0 5.0 5.0 0.0 0.148 2 TOUCH_MOVE n
1402905641363 6 4098 487.5 1080.9509 0.23333335 5.0 5.0 5.0 5.0 0.0 0.148 1 TOUCH_UP n
1402905641602 6 4098 433.0 1231.4509 0.23333335 5.0 5.0 5.0 5.0 0.0 0.2 0 TOUCH_DOWN ,
1402905641641 6 4098 433.0 1231.9509 0.16666667 4.0 4.0 4.0 4.0 0.0 0.18400002 2 TOUCH_MOVE ,
1402905641646 6 4098 433.0 1231.9509 0.16666667 4.0 4.0 4.0 4.0 0.0 0.18400002 1 TOUCH_UP ,
1402905641825 6 4098 333.0 1241.4509 0.20000002 5.0 5.0 5.0 5.0 0.0 0.18 0 TOUCH_DOWN Space
1402905641848 6 4098 333.0 1241.4509 0.20000002 5.0 5.0 5.0 5.0 0.0 0.18 1 TOUCH_UP Space
1402905644561 6 4098 158.0 948.951 0.3 5.0 5.0 5.0 5.0 0.0 0.2 0 TOUCH_DOWN s
1402905644593 6 4098 158.0 948.951 0.3 5.0 5.0 5.0 5.0 0.0 0.20400001 2 TOUCH_MOVE s
1402905644608 6 4098 158.0 948.4312 0.33333334 5.0 5.0 5.0 5.0 0.0 0.20400001 2 TOUCH_MOVE s
1402905644625 6 4098 157.5 945.951 0.16666667 3.0 3.0 3.0 3.0 0.0 0.104 2 TOUCH_MOVE s
1402905644634 6 4098 157.5 945.951 0.16666667 3.0 3.0 3.0 3.0 0.0 0.104 1 TOUCH_UP s
1402905644739 6 4098 190.0 836.451 0.3 5.0 5.0 5.0 5.0 0.0 0.20400001 0 TOUCH_DOWN e
1402905644763 6 4098 190.38551 836.0655 0.33333334 5.0 5.0 5.0 5.0 0.0 0.208 2 TOUCH_MOVE e
1402905644777 6 4098 191.72159 835.0078 0.33333334 5.0 5.0 5.0 5.0 0.0 0.216 2 TOUCH_MOVE e
1402905644796 6 4098 192.70772 833.7433 0.3 5.0 5.0 5.0 5.0 0.0 0.21200001 2 TOUCH_MOVE e
1402905644818 6 4098 192.5 833.951 0.13333334 2.0 2.0 2.0 2.0 0.0 0.148 2 TOUCH_MOVE e
1402905644828 6 4098 192.5 833.951 0.13333334 2.0 2.0 2.0 2.0 0.0 0.148 1 TOUCH_UP e
1402905644897 6 4098 577.0 953.451 0.26666668 4.0 4.0 4.0 4.0 0.0 0.20400001 0 TOUCH_DOWN k
1402905644909 6 4098 577.0 953.451 0.26666668 4.0 4.0 4.0 4.0 0.0 0.208 2 TOUCH_MOVE k
1402905644932 6 4098 576.22174 952.6727 0.3 5.0 5.0 5.0 5.0 0.0 0.21200001 2 TOUCH_MOVE k
1402905644942 6 4098 575.25 951.701 0.26666668 4.0 4.0 4.0 4.0 0.0 0.20400001 2 TOUCH_MOVE k
1402905644960 6 4098 575.25 951.701 0.26666668 4.0 4.0 4.0 4.0 0.0 0.20400001 1 TOUCH_UP k
1402905645018 6 4098 78.0 949.451 0.23333335 5.0 5.0 5.0 5.0 0.0 0.18800001 0 TOUCH_DOWN a
1402905645043 6 4098 76.85661 949.451 0.33333334 5.0 5.0 5.0 5.0 0.0 0.192 2 TOUCH_MOVE a
1402905645059 6 4098 76.5 945.9973 0.33333334 5.0 5.0 5.0 5.0 0.0 0.19600001 2 TOUCH_MOVE a
1402905645087 6 4098 81.5 928.951 0.20000002 4.0 4.0 4.0 4.0 0.0 0.18400002 2 TOUCH_MOVE a
1402905645092 6 4098 81.5 928.951 0.20000002 4.0 4.0 4.0 4.0 0.0 0.18400002 1 TOUCH_UP a
1402905645238 6 4098 278.5 857.451 0.23333335 5.0 5.0 5.0 5.0 0.0 0.21200001 0 TOUCH_DOWN r
1402905645246 6 4098 278.5 857.451 0.26666668 6.0 6.0 6.0 6.0 0.0 0.216 2 TOUCH_MOVE r
1402905645279 6 4098 273.5511 856.1799 0.20000002 4.0 4.0 4.0 4.0 0.0 0.192 2 TOUCH_MOVE r
1402905645284 6 4098 273.5511 856.1799 0.20000002 4.0 4.0 4.0 4.0 0.0 0.192 1 TOUCH_UP r
1402905645450 6 4098 84.0 940.951 0.3 5.0 5.0 5.0 5.0 0.0 0.18800001 0 TOUCH_DOWN a
1402905645493 6 4098 84.53112 940.41986 0.26666668 4.0 4.0 4.0 4.0 0.0 0.192 2 TOUCH_MOVE a
1402905645509 6 4098 86.123566 939.3274 0.26666668 4.0 4.0 4.0 4.0 0.0 0.18400002 2 TOUCH_MOVE a
1402905645519 6 4098 86.0 939.451 0.16666667 3.0 3.0 3.0 3.0 0.0 0.128 2 TOUCH_MOVE a
1402905645529 6 4098 86.0 939.451 0.16666667 3.0 3.0 3.0 3.0 0.0 0.128 1 TOUCH_UP a
1402905645614 6 4098 493.5 1102.4509 0.3 5.0 5.0 5.0 5.0 0.0 0.22000001 0 TOUCH_DOWN n
1402905645677 6 4098 493.5 1102.4509 0.23333335 4.0 4.0 4.0 4.0 0.0 0.172 2 TOUCH_MOVE n
1402905645683 6 4098 493.5 1102.4509 0.23333335 4.0 4.0 4.0 4.0 0.0 0.172 1 TOUCH_UP n
1402905645848 6 4098 337.5 995.451 0.33333334 5.0 5.0 5.0 5.0 0.0 0.24400002 0 TOUCH_DOWN g
1402905645893 6 4098 336.25 995.451 0.33333334 5.0 5.0 5.0 5.0 0.0 0.23600002 2 TOUCH_MOVE g
1402905645908 6 4098 336.5 995.451 0.26666668 5.0 5.0 5.0 5.0 0.0 0.16800001 2 TOUCH_MOVE g
1402905645912 6 4098 336.5 995.451 0.26666668 5.0 5.0 5.0 5.0 0.0 0.16800001 1 TOUCH_UP g
1402905646151 6 4098 317.5 1219.9509 0.23333335 4.0 4.0 4.0 4.0 0.0 0.208 0 TOUCH_DOWN Space
1402905646199 6 4098 317.5 1219.9509 0.23333335 4.0 4.0 4.0 4.0 0.0 0.208 1 TOUCH_UP Space
1402905647111 6 4098 465.5 974.451 0.26666668 5.0 5.0 5.0 5.0 0.0 0.21200001 0 TOUCH_DOWN h
1402905647145 6 4098 465.5 974.9559 0.23333335 4.0 4.0 4.0 4.0 0.0 0.208 2 TOUCH_MOVE h
1402905647161 6 4098 465.5 974.951 0.20000002 4.0 4.0 4.0 4.0 0.0 0.18400002 2 TOUCH_MOVE h
1402905647176 6 4098 465.5 974.951 0.13333334 2.0 2.0 2.0 2.0 0.0 0.120000005 2 TOUCH_MOVE h
1402905647180 6 4098 465.5 974.951 0.13333334 2.0 2.0 2.0 2.0 0.0 0.120000005 1 TOUCH_UP h
1402905649303 6 4098 668.0 1083.9509 0.23333335 5.0 5.0 5.0 5.0 0.0 0.18800001 0 TOUCH_DOWN Back
1402905649313 6 4098 668.0 1083.9509 0.23333335 5.0 5.0 5.0 5.0 0.0 0.19600001 2 TOUCH_MOVE Back
1402905649330 6 4098 668.74243 1083.9509 0.23333335 5.0 5.0 5.0 5.0 0.0 0.19600001 2 TOUCH_MOVE Back
1402905649349 6 4098 670.41156 1084.6567 0.20000002 4.0 4.0 4.0 4.0 0.0 0.19600001 2 TOUCH_MOVE Back
1402905649363 6 4098 672.3447 1084.9509 0.20000002 4.0 4.0 4.0 4.0 0.0 0.19600001 2 TOUCH_MOVE Back
1402905649380 6 4098 673.49084 1084.9509 0.20000002 4.0 4.0 4.0 4.0 0.0 0.19600001 2 TOUCH_MOVE Back
1402905649401 6 4098 674.0 1084.9509 0.20000002 4.0 4.0 4.0 4.0 0.0 0.18400002 2 TOUCH_MOVE Back
1402905649406 6 4098 674.0 1084.9509 0.20000002 4.0 4.0 4.0 4.0 0.0 0.18400002 1 TOUCH_UP Back
1402905661991 6 4098 677.5 951.951 0.3 5.0 5.0 5.0 5.0 0.0 0.19600001 0 TOUCH_DOWN l
1402905662072 6 4098 676.5296 950.951 0.26666668 4.0 4.0 4.0 4.0 0.0 0.20400001 2 TOUCH_MOVE l
1402905662084 6 4098 677.0 950.951 0.20000002 3.0 3.0 3.0 3.0 0.0 0.116000004 2 TOUCH_MOVE l
1402905662090 6 4098 677.0 950.951 0.20000002 3.0 3.0 3.0 3.0 0.0 0.116000004 1 TOUCH_UP l
1402905662105 6 4098 90.0 971.951 0.20000002 4.0 4.0 4.0 4.0 0.0 0.18 0 TOUCH_DOWN a
1402905662135 6 4098 90.0 971.951 0.20000002 4.0 4.0 4.0 4.0 0.0 0.18400002 2 TOUCH_MOVE a
1402905662158 6 4098 90.0 971.43896 0.20000002 4.0 4.0 4.0 4.0 0.0 0.18800001 2 TOUCH_MOVE a
1402905662176 6 4098 91.056015 967.811 0.23333335 4.0 4.0 4.0 4.0 0.0 0.17600001 2 TOUCH_MOVE a
1402905662181 6 4098 91.056015 967.811 0.23333335 4.0 4.0 4.0 4.0 0.0 0.17600001 1 TOUCH_UP a
1402905662394 6 4098 376.0 924.451 0.23333335 4.0 4.0 4.0 4.0 0.0 0.18800001 0 TOUCH_DOWN g
1402905662431 6 4098 376.0 924.451 0.23333335 4.0 4.0 4.0 4.0 0.0 0.18800001 1 TOUCH_UP g
1402905662494 6 4098 563.5 833.951 0.3 5.0 5.0 5.0 5.0 0.0 0.22800002 0 TOUCH_DOWN i
1402905662513 6 4098 563.5 833.951 0.33333334 5.0 5.0 5.0 5.0 0.0 0.23200001 2 TOUCH_MOVE i
1402905662527 6 4098 562.74615 833.951 0.33333334 5.0 5.0 5.0 5.0 0.0 0.23600002 2 TOUCH_MOVE i
1402905662543 6 4098 562.0 834.451 0.3 5.0 5.0 5.0 5.0 0.0 0.21200001 2 TOUCH_MOVE i
1402905662550 6 4098 562.0 834.451 0.23333335 5.0 5.0 5.0 5.0 0.0 0.18400002 2 TOUCH_MOVE i
1402905662553 6 4098 562.0 834.451 0.23333335 5.0 5.0 5.0 5.0 0.0 0.18400002 1 TOUCH_UP i
1402905662776 6 4098 363.5 1237.4509 0.20000002 3.0 3.0 3.0 3.0 0.0 0.192 0 TOUCH_DOWN Space
1402905662814 6 4098 363.5 1236.9509 0.16666667 3.0 3.0 3.0 3.0 0.0 0.18 2 TOUCH_MOVE Space
1402905662817 6 4098 363.5 1236.9509 0.16666667 3.0 3.0 3.0 3.0 0.0 0.18 1 TOUCH_UP Space
1402905663081 6 4098 508.0 1089.4509 0.26666668 5.0 5.0 5.0 5.0 0.0 0.208 0 TOUCH_DOWN n
1402905663134 6 4098 508.0 1089.4509 0.26666668 5.0 5.0 5.0 5.0 0.0 0.208 1 TOUCH_UP n
1402905663283 6 4098 356.0 969.451 0.3 5.0 5.0 5.0 5.0 0.0 0.23600002 0 TOUCH_DOWN g
1402905663293 6 4098 356.0 969.451 0.3 5.0 5.0 5.0 5.0 0.0 0.24000001 2 TOUCH_MOVE g
1402905663313 6 4098 356.0 969.451 0.26666668 5.0 5.0 5.0 5.0 0.0 0.21200001 2 TOUCH_MOVE g
1402905663329 6 4098 356.0 969.451 0.13333334 2.0 2.0 2.0 2.0 0.0 0.112 2 TOUCH_MOVE g
1402905663334 6 4098 356.0 969.451 0.13333334 2.0 2.0 2.0 2.0 0.0 0.112 1 TOUCH_UP g
1402905663512 6 4098 622.0 976.451 0.23333335 4.0 4.0 4.0 4.0 0.0 0.18800001 0 TOUCH_DOWN l
1402905663543 6 4098 623.0163 977.4673 0.23333335 4.0 4.0 4.0 4.0 0.0 0.192 2 TOUCH_MOVE l
1402905663560 6 4098 624.4824 978.9334 0.23333335 4.0 4.0 4.0 4.0 0.0 0.18800001 2 TOUCH_MOVE l
1402905663578 6 4098 625.0 979.451 0.16666667 3.0 3.0 3.0 3.0 0.0 0.104 2 TOUCH_MOVE l
1402905663582 6 4098 625.0 979.451 0.16666667 3.0 3.0 3.0 3.0 0.0 0.104 1 TOUCH_UP l
1402905663937 6 4098 673.0 1081.4509 0.23333335 5.0 5.0 5.0 5.0 0.0 0.192 0 TOUCH_DOWN Back
1402905663943 6 4098 673.0 1081.4509 0.23333335 5.0 5.0 5.0 5.0 0.0 0.19600001 2 TOUCH_MOVE Back
1402905663979 6 4098 672.0 1080.4509 0.26666668 5.0 5.0 5.0 5.0 0.0 0.18800001 2 TOUCH_MOVE Back
1402905663984 6 4098 672.0 1080.4509 0.26666668 5.0 5.0 5.0 5.0 0.0 0.18800001 1 TOUCH_UP Back
1402905664121 6 4098 463.0 853.451 0.3 5.0 5.0 5.0 5.0 0.0 0.23200001 0 TOUCH_DOWN u
1402905664146 6 4098 463.5 853.451 0.26666668 5.0 5.0 5.0 5.0 0.0 0.22000001 2 TOUCH_MOVE u
1402905664152 6 4098 463.5 853.451 0.20000002 4.0 4.0 4.0 4.0 0.0 0.18400002 2 TOUCH_MOVE u
1402905664157 6 4098 463.5 853.451 0.20000002 4.0 4.0 4.0 4.0 0.0 0.18400002 1 TOUCH_UP u
1402905664292 6 4098 632.5 990.951 0.23333335 4.0 4.0 4.0 4.0 0.0 0.19600001 0 TOUCH_DOWN l
1402905664312 6 4098 632.9098 991.3608 0.3 5.0 5.0 5.0 5.0 0.0 0.2 2 TOUCH_MOVE l
1402905664327 6 4098 634.07104 991.16547 0.26666668 4.0 4.0 4.0 4.0 0.0 0.2 2 TOUCH_MOVE l
1402905664342 6 4098 634.5 990.951 0.13333334 2.0 2.0 2.0 2.0 0.0 0.124000005 2 TOUCH_MOVE l
1402905664346 6 4098 634.5 990.951 0.13333334 2.0 2.0 2.0 2.0 0.0 0.124000005 1 TOUCH_UP l
1402905664451 6 4098 525.0 846.451 0.3 5.0 5.0 5.0 5.0 0.0 0.22800002 0 TOUCH_DOWN i
1402905664477 6 4098 525.0 846.451 0.33333334 6.0 6.0 6.0 6.0 0.0 0.23600002 2 TOUCH_MOVE i
1402905664506 6 4098 526.3284 846.451 0.33333334 6.0 6.0 6.0 6.0 0.0 0.23200001 2 TOUCH_MOVE i
1402905664507 6 4098 526.5 846.451 0.23333335 4.0 4.0 4.0 4.0 0.0 0.2 2 TOUCH_MOVE i
1402905664512 6 4098 526.5 846.451 0.23333335 4.0 4.0 4.0 4.0 0.0 0.2 1 TOUCH_UP i
1402905664737 6 4098 341.0 1222.9509 0.26666668 5.0 5.0 5.0 5.0 0.0 0.208 0 TOUCH_DOWN Space
1402905664745 6 4098 341.0 1222.9509 0.26666668 5.0 5.0 5.0 5.0 0.0 0.20400001 2 TOUCH_MOVE Space
1402905664761 6 4098 341.0 1222.9509 0.26666668 5.0 5.0 5.0 5.0 0.0 0.17600001 2 TOUCH_MOVE Space
1402905664765 6 4098 341.0 1222.9509 0.26666668 5.0 5.0 5.0 5.0 0.0 0.17600001 1 TOUCH_UP Space
1402905664846 6 4098 226.0 963.451 0.23333335 5.0 5.0 5.0 5.0 0.0 0.208 0 TOUCH_DOWN d
1402905664866 6 4098 226.0 963.451 0.26666668 5.0 5.0 5.0 5.0 0.0 0.216 2 TOUCH_MOVE d
1402905664911 6 4098 225.4997 963.451 0.26666668 5.0 5.0 5.0 5.0 0.0 0.208 2 TOUCH_MOVE d
1402905664928 6 4098 222.5 963.451 0.26666668 5.0 5.0 5.0 5.0 0.0 0.19600001 2 TOUCH_MOVE d
1402905664931 6 4098 222.5 963.451 0.23333335 5.0 5.0 5.0 5.0 0.0 0.14 2 TOUCH_MOVE d
1402905664935 6 4098 222.5 963.451 0.23333335 5.0 5.0 5.0 5.0 0.0 0.14 1 TOUCH_UP d
1402905664971 6 4098 535.5 842.451 0.33333334 6.0 6.0 6.0 6.0 0.0 0.23200001 0 TOUCH_DOWN i
1402905665027 6 4098 535.5 842.451 0.23333335 5.0 5.0 5.0 5.0 0.0 0.2 2 TOUCH_MOVE i
1402905665031 6 4098 535.5 842.451 0.23333335 5.0 5.0 5.0 5.0 0.0 0.2 1 TOUCH_UP i
1402905665226 6 4098 328.0 1218.9509 0.26666668 5.0 5.0 5.0 5.0 0.0 0.21200001 0 TOUCH_DOWN Space
1402905665264 6 4098 328.0 1218.9509 0.26666668 5.0 5.0 5.0 5.0 0.0 0.21200001 1 TOUCH_UP Space
1402905665455 6 4098 569.5 951.451 0.3 5.0 5.0 5.0 5.0 0.0 0.21200001 0 TOUCH_DOWN k
1402905665494 6 4098 569.5 951.451 0.23333335 4.0 4.0 4.0 4.0 0.0 0.18 2 TOUCH_MOVE k
1402905665499 6 4098 569.5 951.451 0.23333335 4.0 4.0 4.0 4.0 0.0 0.18 1 TOUCH_UP k
1402905665617 6 4098 627.0 846.951 0.23333335 4.0 4.0 4.0 4.0 0.0 0.19600001 0 TOUCH_DOWN o
1402905665632 6 4098 627.0 846.951 0.26666668 5.0 5.0 5.0 5.0 0.0 0.208 2 TOUCH_MOVE o
1402905665677 6 4098 625.5 845.10187 0.3 5.0 5.0 5.0 5.0 0.0 0.21200001 2 TOUCH_MOVE o
1402905665680 6 4098 625.5 844.951 0.3 5.0 5.0 5.0 5.0 0.0 0.20400001 2 TOUCH_MOVE o
1402905665684 6 4098 625.5 844.951 0.3 5.0 5.0 5.0 5.0 0.0 0.20400001 1 TOUCH_UP o
1402905665782 6 4098 276.0 857.451 0.23333335 5.0 5.0 5.0 5.0 0.0 0.208 0 TOUCH_DOWN r
1402905665795 6 4098 276.0 857.451 0.26666668 6.0 6.0 6.0 6.0 0.0 0.22000001 2 TOUCH_MOVE r
1402905665812 6 4098 278.55933 856.4312 0.26666668 6.0 6.0 6.0 6.0 0.0 0.22000001 2 TOUCH_MOVE r
1402905665829 6 4098 279.97754 855.47345 0.26666668 6.0 6.0 6.0 6.0 0.0 0.22000001 2 TOUCH_MOVE r
1402905665845 6 4098 280.0 854.701 0.26666668 6.0 6.0 6.0 6.0 0.0 0.21200001 2 TOUCH_MOVE r
1402905665857 6 4098 278.0 854.451 0.23333335 5.0 5.0 5.0 5.0 0.0 0.15200001 2 TOUCH_MOVE r
1402905665861 6 4098 278.0 854.451 0.23333335 5.0 5.0 5.0 5.0 0.0 0.15200001 1 TOUCH_UP r
1402905665961 6 4098 206.5 802.451 0.23333335 5.0 5.0 5.0 5.0 0.0 0.2 0 TOUCH_DOWN e
1402905665978 6 4098 206.5 802.451 0.23333335 5.0 5.0 5.0 5.0 0.0 0.20400001 2 TOUCH_MOVE e
1402905665995 6 4098 207.61777 802.451 0.23333335 5.0 5.0 5.0 5.0 0.0 0.208 2 TOUCH_MOVE e
1402905666012 6 4098 208.57951 802.451 0.23333335 5.0 5.0 5.0 5.0 0.0 0.20400001 2 TOUCH_MOVE e
1402905666028 6 4098 208.5 802.451 0.20000002 4.0 4.0 4.0 4.0 0.0 0.18 2 TOUCH_MOVE e
1402905666033 6 4098 208.5 802.451 0.20000002 4.0 4.0 4.0 4.0 0.0 0.18 1 TOUCH_UP e
1402905666299 6 4098 60.0 974.451 0.16666667 3.0 3.0 3.0 3.0 0.0 0.192 0 TOUCH_DOWN a
1402905666312 6 4098 60.0 974.451 0.20000002 3.0 3.0 3.0 3.0 0.0 0.19600001 2 TOUCH_MOVE a
1402905666354 6 4098 60.0 974.451 0.20000002 3.0 3.0 3.0 3.0 0.0 0.19600001 1 TOUCH_UP a
1402905666847 6 4098 433.5 1209.4509 0.26666668 5.0 5.0 5.0 5.0 0.0 0.22000001 0 TOUCH_DOWN ,
1402905666893 6 4098 432.2168 1209.4509 0.26666668 5.0 5.0 5.0 5.0 0.0 0.224 2 TOUCH_MOVE ,
1402905666901 6 4098 430.87378 1209.4509 0.26666668 5.0 5.0 5.0 5.0 0.0 0.216 2 TOUCH_MOVE ,
1402905666912 6 4098 429.90393 1209.4509 0.23333335 4.0 4.0 4.0 4.0 0.0 0.18 2 TOUCH_MOVE ,
1402905666916 6 4098 429.90393 1209.4509 0.23333335 4.0 4.0 4.0 4.0 0.0 0.18 1 TOUCH_UP ,
1402905667056 6 4098 328.5 1228.4509 0.26666668 5.0 5.0 5.0 5.0 0.0 0.20400001 0 TOUCH_DOWN Space
1402905667082 6 4098 327.80975 1229.1412 0.26666668 5.0 5.0 5.0 5.0 0.0 0.19600001 2 TOUCH_MOVE Space
1402905667097 6 4098 327.5 1229.4509 0.16666667 4.0 4.0 4.0 4.0 0.0 0.17600001 2 TOUCH_MOVE Space
1402905667101 6 4098 327.5 1229.4509 0.16666667 4.0 4.0 4.0 4.0 0.0 0.17600001 1 TOUCH_UP Space
1402905667368 6 4098 391.0 1110.9509 0.33333334 5.0 5.0 5.0 5.0 0.0 0.23200001 0 TOUCH_DOWN v
1402905667396 6 4098 391.18454 1110.9971 0.33333334 5.0 5.0 5.0 5.0 0.0 0.224 2 TOUCH_MOVE v
1402905667416 6 4098 398.5 1113.9509 0.16666667 3.0 3.0 3.0 3.0 0.0 0.116000004 2 TOUCH_MOVE v
1402905667419 6 4098 398.5 1113.9509 0.16666667 3.0 3.0 3.0 3.0 0.0 0.116000004 1 TOUCH_UP v
1402905667457 6 4098 207.5 837.951 0.3 5.0 5.0 5.0 5.0 0.0 0.208 0 TOUCH_DOWN e
1402905667482 6 4098 207.91821 837.951 0.3 5.0 5.0 5.0 5.0 0.0 0.21200001 2 TOUCH_MOVE e
1402905667496 6 4098 209.30418 837.1468 0.3 5.0 5.0 5.0 5.0 0.0 0.216 2 TOUCH_MOVE e
1402905667516 6 4098 210.25 836.201 0.3 5.0 5.0 5.0 5.0 0.0 0.21200001 2 TOUCH_MOVE e
1402905667529 6 4098 210.0 836.451 0.26666668 5.0 5.0 5.0 5.0 0.0 0.172 2 TOUCH_MOVE e
1402905667534 6 4098 210.0 836.451 0.26666668 5.0 5.0 5.0 5.0 0.0 0.172 1 TOUCH_UP e
1402905667598 6 4098 461.5 1131.9509 0.3 5.0 5.0 5.0 5.0 0.0 0.22000001 0 TOUCH_DOWN b
1402905667638 6 4098 461.5 1131.9509 0.3 5.0 5.0 5.0 5.0 0.0 0.22000001 1 TOUCH_UP b
1402905667716 6 4098 336.5 851.451 0.23333335 5.0 5.0 5.0 5.0 0.0 0.2 0 TOUCH_DOWN t
1402905667766 6 4098 336.5 851.451 0.23333335 5.0 5.0 5.0 5.0 0.0 0.2 1 TOUCH_UP t
1402905668012 6 4098 669.5 1105.4509 0.33333334 5.0 5.0 5.0 5.0 0.0 0.2 0 TOUCH_DOWN Back
1402905668032 6 4098 669.5 1105.4509 0.33333334 5.0 5.0 5.0 5.0 0.0 0.19600001 2 TOUCH_MOVE Back
1402905668064 6 4098 670.551 1106.502 0.33333334 5.0 5.0 5.0 5.0 0.0 0.18800001 2 TOUCH_MOVE Back
1402905668078 6 4098 670.551 1106.502 0.33333334 5.0 5.0 5.0 5.0 0.0 0.18800001 1 TOUCH_UP Back
1402905668141 6 4098 663.0 1109.4509 0.33333334 5.0 5.0 5.0 5.0 0.0 0.2 0 TOUCH_DOWN Back
1402905668231 6 4098 663.0 1109.4509 0.26666668 4.0 4.0 4.0 4.0 0.0 0.17600001 2 TOUCH_MOVE Back
1402905668235 6 4098 663.0 1109.4509 0.26666668 4.0 4.0 4.0 4.0 0.0 0.17600001 1 TOUCH_UP Back
1402905668314 6 4098 656.5 1108.9509 0.3 5.0 5.0 5.0 5.0 0.0 0.20400001 0 TOUCH_DOWN Back
1402905668364 6 4098 658.2081 1109.8049 0.33333334 5.0 5.0 5.0 5.0 0.0 0.21200001 2 TOUCH_MOVE Back
1402905668382 6 4098 659.87573 1110.3267 0.33333334 5.0 5.0 5.0 5.0 0.0 0.21200001 2 TOUCH_MOVE Back
1402905668397 6 4098 660.75 1110.4509 0.33333334 5.0 5.0 5.0 5.0 0.0 0.20400001 2 TOUCH_MOVE Back
1402905668407 6 4098 660.75 1110.4509 0.33333334 5.0 5.0 5.0 5.0 0.0 0.20400001 1 TOUCH_UP Back
1402905668490 6 4098 651.0 1104.4509 0.3 5.0 5.0 5.0 5.0 0.0 0.20400001 0 TOUCH_DOWN Back
1402905668506 6 4098 651.0 1104.4509 0.26666668 4.0 4.0 4.0 4.0 0.0 0.208 2 TOUCH_MOVE Back
1402905668547 6 4098 651.9897 1104.4509 0.3 5.0 5.0 5.0 5.0 0.0 0.21200001 2 TOUCH_MOVE Back
1402905668564 6 4098 652.75 1104.4509 0.26666668 4.0 4.0 4.0 4.0 0.0 0.2 2 TOUCH_MOVE Back
1402905668571 6 4098 652.75 1104.4509 0.26666668 4.0 4.0 4.0 4.0 0.0 0.2 1 TOUCH_UP Back
1402905668874 6 4098 163.0 942.451 0.33333334 5.0 5.0 5.0 5.0 0.0 0.2 0 TOUCH_DOWN s
1402905668915 6 4098 164.07236 940.3063 0.3 5.0 5.0 5.0 5.0 0.0 0.192 2 TOUCH_MOVE s
1402905668924 6 4098 165.0 934.951 0.26666668 5.0 5.0 5.0 5.0 0.0 0.18 2 TOUCH_MOVE s
1402905668927 6 4098 165.0 934.951 0.26666668 5.0 5.0 5.0 5.0 0.0 0.18 1 TOUCH_UP s
1402905669036 6 4098 226.5 848.951 0.26666668 5.0 5.0 5.0 5.0 0.0 0.20400001 0 TOUCH_DOWN r
1402905669048 6 4098 226.5 848.951 0.26666668 5.0 5.0 5.0 5.0 0.0 0.208 2 TOUCH_MOVE r
1402905669086 6 4098 227.23076 848.951 0.26666668 5.0 5.0 5.0 5.0 0.0 0.216 2 TOUCH_MOVE r
1402905669098 6 4098 225.68582 848.951 0.23333335 5.0 5.0 5.0 5.0 0.0 0.19600001 2 TOUCH_MOVE r
1402905669105 6 4098 225.0 848.951 0.23333335 5.0 5.0 5.0 5.0 0.0 0.18 2 TOUCH_MOVE r
1402905669109 6 4098 225.0 848.951 0.23333335 5.0 5.0 5.0 5.0 0.0 0.18 1 TOUCH_UP r
1402905669172 6 4098 397.0 1086.4509 0.3 5.0 5.0 5.0 5.0 0.0 0.23600002 0 TOUCH_DOWN b
1402905669181 6 4098 397.0 1086.4509 0.3 5.0 5.0 5.0 5.0 0.0 0.23200001 2 TOUCH_MOVE b
1402905669215 6 4098 400.09256 1085.4324 0.23333335 4.0 4.0 4.0 4.0 0.0 0.21200001 2 TOUCH_MOVE b
1402905669233 6 4098 404.5 1085.4509 0.23333335 4.0 4.0 4.0 4.0 0.0 0.19600001 2 TOUCH_MOVE b
1402905669235 6 4098 404.5 1085.4509 0.13333334 2.0 2.0 2.0 2.0 0.0 0.132 2 TOUCH_MOVE b
1402905669252 6 4098 404.5 1085.4509 0.13333334 2.0 2.0 2.0 2.0 0.0 0.132 1 TOUCH_UP b
1402905669268 6 4098 212.0 812.451 0.26666668 5.0 5.0 5.0 5.0 0.0 0.20400001 0 TOUCH_DOWN e
1402905669314 6 4098 212.0 812.69196 0.3 5.0 5.0 5.0 5.0 0.0 0.208 2 TOUCH_MOVE e
1402905669330 6 4098 212.0 813.451 0.3 5.0 5.0 5.0 5.0 0.0 0.192 2 TOUCH_MOVE e
1402905669334 6 4098 212.0 813.451 0.3 5.0 5.0 5.0 5.0 0.0 0.192 1 TOUCH_UP e
1402905669397 6 4098 494.0 1092.4509 0.26666668 5.0 5.0 5.0 5.0 0.0 0.216 0 TOUCH_DOWN n
1402905669415 6 4098 494.0 1092.4509 0.26666668 5.0 5.0 5.0 5.0 0.0 0.21200001 2 TOUCH_MOVE n
1402905669447 6 4098 494.0 1092.4509 0.26666668 5.0 5.0 5.0 5.0 0.0 0.21200001 1 TOUCH_UP n
1402905669752 6 4098 679.0 1095.9509 0.23333335 4.0 4.0 4.0 4.0 0.0 0.19600001 0 TOUCH_DOWN Back
1402905669765 6 4098 679.0 1095.9509 0.26666668 4.0 4.0 4.0 4.0 0.0 0.2 2 TOUCH_MOVE Back
1402905669800 6 4098 680.70416 1097.6552 0.26666668 4.0 4.0 4.0 4.0 0.0 0.2 2 TOUCH_MOVE Back
1402905669808 6 4098 681.0 1097.9509 0.26666668 4.0 4.0 4.0 4.0 0.0 0.18400002 2 TOUCH_MOVE Back
1402905669816 6 4098 681.0 1097.9509 0.26666668 4.0 4.0 4.0 4.0 0.0 0.18400002 1 TOUCH_UP Back
1402905669898 6 4098 674.0 1095.4509 0.3 5.0 5.0 5.0 5.0 0.0 0.2 0 TOUCH_DOWN Back
1402905669915 6 4098 674.0 1095.4509 0.3 5.0 5.0 5.0 5.0 0.0 0.20400001 2 TOUCH_MOVE Back
1402905669950 6 4098 674.0 1096.0508 0.3 5.0 5.0 5.0 5.0 0.0 0.20400001 2 TOUCH_MOVE Back
1402905669983 6 4098 674.0 1096.0508 0.3 5.0 5.0 5.0 5.0 0.0 0.20400001 1 TOUCH_UP Back
1402905670054 6 4098 669.0 1101.4509 0.3 5.0 5.0 5.0 5.0 0.0 0.2 0 TOUCH_DOWN Back
1402905670122 6 4098 669.0 1101.4509 0.3 5.0 5.0 5.0 5.0 0.0 0.2 1 TOUCH_UP Back
1402905670219 6 4098 666.5 1104.9509 0.3 5.0 5.0 5.0 5.0 0.0 0.2 0 TOUCH_DOWN Back
1402905670233 6 4098 666.5 1104.9509 0.3 5.0 5.0 5.0 5.0 0.0 0.20400001 2 TOUCH_MOVE Back
1402905670289 6 4098 666.5 1104.9509 0.3 5.0 5.0 5.0 5.0 0.0 0.20400001 1 TOUCH_UP Back
1402905670446 6 4098 209.0 834.451 0.3 5.0 5.0 5.0 5.0 0.0 0.19600001 0 TOUCH_DOWN e
1402905670468 6 4098 209.0 834.451 0.3 5.0 5.0 5.0 5.0 0.0 0.2 2 TOUCH_MOVE e
1402905670508 6 4098 208.5 834.451 0.26666668 4.0 4.0 4.0 4.0 0.0 0.18400002 2 TOUCH_MOVE e
1402905670512 6 4098 208.5 834.451 0.26666668 4.0 4.0 4.0 4.0 0.0 0.18400002 1 TOUCH_UP e
1402905670858 6 4098 418.5 1079.9509 0.26666668 4.0 4.0 4.0 4.0 0.0 0.22000001 0 TOUCH_DOWN b
1402905670866 6 4098 418.5 1079.9509 0.26666668 5.0 5.0 5.0 5.0 0.0 0.22000001 2 TOUCH_MOVE b
1402905670891 6 4098 418.5 1079.9509 0.26666668 5.0 5.0 5.0 5.0 0.0 0.22000001 1 TOUCH_UP b
1402905670987 6 4098 217.0 832.451 0.33333334 5.0 5.0 5.0 5.0 0.0 0.2 0 TOUCH_DOWN r
1402905670992 6 4098 217.0 832.451 0.33333334 5.0 5.0 5.0 5.0 0.0 0.20400001 2 TOUCH_MOVE r
1402905671028 6 4098 217.0 832.451 0.3 5.0 5.0 5.0 5.0 0.0 0.18 2 TOUCH_MOVE r
1402905671032 6 4098 217.0 832.451 0.3 5.0 5.0 5.0 5.0 0.0 0.18 1 TOUCH_UP r
1402905671110 6 4098 491.5 1119.4509 0.3 5.0 5.0 5.0 5.0 0.0 0.21200001 0 TOUCH_DOWN n
1402905671136 6 4098 491.5 1119.4509 0.26666668 4.0 4.0 4.0 4.0 0.0 0.21200001 2 TOUCH_MOVE n
1402905671155 6 4098 491.5 1119.4509 0.26666668 4.0 4.0 4.0 4.0 0.0 0.21200001 1 TOUCH_UP n
1402905671539 6 4098 688.5 1097.4509 0.23333335 4.0 4.0 4.0 4.0 0.0 0.192 0 TOUCH_DOWN Back
1402905671554 6 4098 688.5 1097.4509 0.26666668 4.0 4.0 4.0 4.0 0.0 0.19600001 2 TOUCH_MOVE Back
1402905671577 6 4098 688.1458 1098.3052 0.26666668 4.0 4.0 4.0 4.0 0.0 0.2 2 TOUCH_MOVE Back
1402905671586 6 4098 685.9828 1098.6475 0.26666668 4.0 4.0 4.0 4.0 0.0 0.19600001 2 TOUCH_MOVE Back
1402905671591 6 4098 685.0 1098.4509 0.23333335 4.0 4.0 4.0 4.0 0.0 0.18 2 TOUCH_MOVE Back
1402905671596 6 4098 685.0 1098.4509 0.23333335 4.0 4.0 4.0 4.0 0.0 0.18 1 TOUCH_UP Back
1402905671677 6 4098 672.0 1096.9509 0.3 5.0 5.0 5.0 5.0 0.0 0.2 0 TOUCH_DOWN Back
1402905671701 6 4098 672.0 1097.4622 0.3 5.0 5.0 5.0 5.0 0.0 0.208 2 TOUCH_MOVE Back
1402905671717 6 4098 672.0 1098.2009 0.3 5.0 5.0 5.0 5.0 0.0 0.208 2 TOUCH_MOVE Back
1402905671751 6 4098 672.0 1098.6044 0.3 5.0 5.0 5.0 5.0 0.0 0.208 2 TOUCH_MOVE Back
1402905671766 6 4098 672.0 1098.6044 0.3 5.0 5.0 5.0 5.0 0.0 0.208 1 TOUCH_UP Back
1402905671876 6 4098 207.5 833.951 0.33333334 5.0 5.0 5.0 5.0 0.0 0.2 0 TOUCH_DOWN e
1402905671884 6 4098 207.5 833.951 0.33333334 5.0 5.0 5.0 5.0 0.0 0.20400001 2 TOUCH_MOVE e
1402905671952 6 4098 207.5 833.951 0.33333334 5.0 5.0 5.0 5.0 0.0 0.20400001 1 TOUCH_UP e
1402905672141 6 4098 497.5 1091.4509 0.3 5.0 5.0 5.0 5.0 0.0 0.216 0 TOUCH_DOWN n
1402905672168 6 4098 496.99307 1091.4509 0.26666668 5.0 5.0 5.0 5.0 0.0 0.216 2 TOUCH_MOVE n
1402905672184 6 4098 496.25 1091.4509 0.26666668 5.0 5.0 5.0 5.0 0.0 0.21200001 2 TOUCH_MOVE n
1402905672198 6 4098 496.25 1091.4509 0.26666668 5.0 5.0 5.0 5.0 0.0 0.21200001 1 TOUCH_UP n
1402905672449 6 4098 341.5 839.951 0.23333335 4.0 4.0 4.0 4.0 0.0 0.18 0 TOUCH_DOWN t
1402905672468 6 4098 341.5 839.951 0.3 5.0 5.0 5.0 5.0 0.0 0.18400002 2 TOUCH_MOVE t
1402905672472 6 4098 341.5 839.951 0.3 5.0 5.0 5.0 5.0 0.0 0.18400002 1 TOUCH_UP t
1402905672730 6 4098 85.5 942.951 0.3 5.0 5.0 5.0 5.0 0.0 0.18800001 0 TOUCH_DOWN a
1402905672768 6 4098 85.5 942.951 0.26666668 4.0 4.0 4.0 4.0 0.0 0.18 2 TOUCH_MOVE a
1402905672779 6 4098 85.5 942.951 0.26666668 4.0 4.0 4.0 4.0 0.0 0.18 1 TOUCH_UP a
1402905672933 6 4098 276.5 839.451 0.3 5.0 5.0 5.0 5.0 0.0 0.208 0 TOUCH_DOWN r
1402905672955 6 4098 276.1056 838.2678 0.33333334 5.0 5.0 5.0 5.0 0.0 0.21200001 2 TOUCH_MOVE r
1402905672968 6 4098 273.9636 834.6555 0.33333334 5.0 5.0 5.0 5.0 0.0 0.208 2 TOUCH_MOVE r
1402905672984 6 4098 269.0 829.951 0.26666668 4.0 4.0 4.0 4.0 0.0 0.18400002 2 TOUCH_MOVE r
1402905672988 6 4098 269.0 829.951 0.26666668 4.0 4.0 4.0 4.0 0.0 0.18400002 1 TOUCH_UP r
1402905673081 6 4098 332.0 1204.4509 0.26666668 5.0 5.0 5.0 5.0 0.0 0.208 0 TOUCH_DOWN Space
1402905673117 6 4098 332.0 1204.4509 0.26666668 5.0 5.0 5.0 5.0 0.0 0.208 1 TOUCH_UP Space
1402905673340 6 4098 675.5 967.951 0.20000002 4.0 4.0 4.0 4.0 0.0 0.192 0 TOUCH_DOWN l
1402905673379 6 4098 675.5 967.951 0.20000002 4.0 4.0 4.0 4.0 0.0 0.192 1 TOUCH_UP l
1402905673406 6 4098 80.5 966.451 0.20000002 4.0 4.0 4.0 4.0 0.0 0.18800001 0 TOUCH_DOWN a
1402905673419 6 4098 80.5 966.451 0.20000002 4.0 4.0 4.0 4.0 0.0 0.192 2 TOUCH_MOVE a
1402905673439 6 4098 80.70531 966.951 0.20000002 4.0 4.0 4.0 4.0 0.0 0.192 2 TOUCH_MOVE a
1402905673452 6 4098 82.54892 967.451 0.20000002 4.0 4.0 4.0 4.0 0.0 0.18800001 2 TOUCH_MOVE a
1402905673461 6 4098 83.5 967.451 0.20000002 4.0 4.0 4.0 4.0 0.0 0.18400002 2 TOUCH_MOVE a
1402905673466 6 4098 83.5 967.451 0.20000002 4.0 4.0 4.0 4.0 0.0 0.18400002 1 TOUCH_UP a
1402905673637 6 4098 366.0 925.451 0.26666668 5.0 5.0 5.0 5.0 0.0 0.208 0 TOUCH_DOWN g
1402905673685 6 4098 366.0 925.451 0.26666668 5.0 5.0 5.0 5.0 0.0 0.208 1 TOUCH_UP g
1402905673745 6 4098 553.0 843.451 0.3 5.0 5.0 5.0 5.0 0.0 0.224 0 TOUCH_DOWN i
1402905673786 6 4098 552.5 842.951 0.3 5.0 5.0 5.0 5.0 0.0 0.224 2 TOUCH_MOVE i
1402905673789 6 4098 552.5 842.951 0.23333335 5.0 5.0 5.0 5.0 0.0 0.17600001 2 TOUCH_MOVE i
1402905673794 6 4098 552.5 842.951 0.23333335 5.0 5.0 5.0 5.0 0.0 0.17600001 1 TOUCH_UP i
1402905674032 6 4098 339.5 1220.4509 0.26666668 5.0 5.0 5.0 5.0 0.0 0.208 0 TOUCH_DOWN Space
1402905674056 6 4098 339.5 1220.4509 0.26666668 5.0 5.0 5.0 5.0 0.0 0.20400001 2 TOUCH_MOVE Space
1402905674061 6 4098 339.5 1220.4509 0.26666668 5.0 5.0 5.0 5.0 0.0 0.17600001 2 TOUCH_MOVE Space
1402905674065 6 4098 339.5 1220.4509 0.26666668 5.0 5.0 5.0 5.0 0.0 0.17600001 1 TOUCH_UP Space
1402905674275 6 4098 563.0 1087.4509 0.23333335 5.0 5.0 5.0 5.0 0.0 0.20400001 0 TOUCH_DOWN m
1402905674286 6 4098 563.0 1087.4509 0.26666668 5.0 5.0 5.0 5.0 0.0 0.2 2 TOUCH_MOVE m
1402905674309 6 4098 563.0 1086.4509 0.20000002 4.0 4.0 4.0 4.0 0.0 0.18400002 2 TOUCH_MOVE m
1402905674314 6 4098 563.0 1086.4509 0.20000002 4.0 4.0 4.0 4.0 0.0 0.18400002 1 TOUCH_UP m
1402905674475 6 4098 469.0 860.451 0.33333334 6.0 6.0 6.0 6.0 0.0 0.22800002 0 TOUCH_DOWN u
1402905674486 6 4098 469.0 860.451 0.26666668 5.0 5.0 5.0 5.0 0.0 0.224 2 TOUCH_MOVE u
1402905674520 6 4098 469.0 860.451 0.20000002 4.0 4.0 4.0 4.0 0.0 0.18400002 2 TOUCH_MOVE u
1402905674524 6 4098 469.0 860.451 0.20000002 4.0 4.0 4.0 4.0 0.0 0.18400002 1 TOUCH_UP u
1402905674586 6 4098 216.5 972.951 0.23333335 5.0 5.0 5.0 5.0 0.0 0.20400001 0 TOUCH_DOWN d
1402905674654 6 4098 216.5 972.951 0.23333335 5.0 5.0 5.0 5.0 0.0 0.20400001 1 TOUCH_UP d
1402905674666 6 4098 540.5 853.451 0.26666668 5.0 5.0 5.0 5.0 0.0 0.224 0 TOUCH_DOWN i
1402905674670 6 4098 540.5 852.701 0.26666668 5.0 5.0 5.0 5.0 0.0 0.224 2 TOUCH_MOVE i
1402905674689 6 4098 545.6923 850.1219 0.26666668 5.0 5.0 5.0 5.0 0.0 0.22000001 2 TOUCH_MOVE i
1402905674699 6 4098 551.5 848.951 0.23333335 5.0 5.0 5.0 5.0 0.0 0.18400002 2 TOUCH_MOVE i
1402905674705 6 4098 551.5 848.951 0.23333335 5.0 5.0 5.0 5.0 0.0 0.18400002 1 TOUCH_UP i
1402905674838 6 4098 582.5 963.951 0.26666668 5.0 5.0 5.0 5.0 0.0 0.21200001 0 TOUCH_DOWN k
1402905674870 6 4098 583.4824 963.4598 0.26666668 5.0 5.0 5.0 5.0 0.0 0.208 2 TOUCH_MOVE k
1402905674880 6 4098 583.5 963.451 0.16666667 3.0 3.0 3.0 3.0 0.0 0.116000004 2 TOUCH_MOVE k
1402905674886 6 4098 583.5 963.451 0.16666667 3.0 3.0 3.0 3.0 0.0 0.116000004 1 TOUCH_UP k
