1402905334946 6 4098 482.5 1080.4509 0.23333335 4.0 4.0 4.0 4.0 0.0 0.208 0 TOUCH_DOWN N
1402905334955 6 4098 482.5 1080.4509 0.23333335 4.0 4.0 4.0 4.0 0.0 0.21200001 2 TOUCH_MOVE N
1402905335013 6 4098 482.5 1080.4509 0.20000002 4.0 4.0 4.0 4.0 0.0 0.18 2 TOUCH_MOVE N
1402905335018 6 4098 482.5 1080.4509 0.20000002 4.0 4.0 4.0 4.0 0.0 0.18 1 TOUCH_UP N
1402905335206 6 4098 57.0 981.951 0.20000002 3.0 3.0 3.0 3.0 0.0 0.18 0 TOUCH_DOWN a
1402905335222 6 4098 57.235687 982.56885 0.23333335 4.0 4.0 4.0 4.0 0.0 0.18800001 2 TOUCH_MOVE a
1402905335237 6 4098 59.16312 983.53253 0.23333335 4.0 4.0 4.0 4.0 0.0 0.192 2 TOUCH_MOVE a
1402905335253 6 4098 60.525803 984.4768 0.20000002 3.0 3.0 3.0 3.0 0.0 0.18800001 2 TOUCH_MOVE a
1402905335282 6 4098 59.5 983.951 0.16666667 3.0 3.0 3.0 3.0 0.0 0.172 2 TOUCH_MOVE a
1402905335300 6 4098 59.5 983.951 0.16666667 3.0 3.0 3.0 3.0 0.0 0.172 1 TOUCH_UP a
1402905335686 6 4098 562.0 1102.9509 0.3 5.0 5.0 5.0 5.0 0.0 0.208 0 TOUCH_DOWN m
1402905335753 6 4098 562.0 1102.9509 0.3 5.0 5.0 5.0 5.0 0.0 0.208 1 TOUCH_UP m
1402905335806 6 4098 52.0 985.951 0.23333335 4.0 4.0 4.0 4.0 0.0 0.18400002 0 TOUCH_DOWN a
1402905335821 6 4098 52.0 985.951 0.23333335 4.0 4.0 4.0 4.0 0.0 0.18800001 2 TOUCH_MOVE a
1402905335838 6 4098 52.222923 986.6739 0.23333335 4.0 4.0 4.0 4.0 0.0 0.18800001 2 TOUCH_MOVE a
1402905335854 6 4098 53.19181 987.6428 0.23333335 4.0 4.0 4.0 4.0 0.0 0.18800001 2 TOUCH_MOVE a
1402905335872 6 4098 52.5 988.451 0.23333335 4.0 4.0 4.0 4.0 0.0 0.18400002 2 TOUCH_MOVE a
1402905335881 6 4098 52.5 988.451 0.20000002 3.0 3.0 3.0 3.0 0.0 0.16000001 2 TOUCH_MOVE a
1402905335885 6 4098 52.5 988.451 0.20000002 3.0 3.0 3.0 3.0 0.0 0.16000001 1 TOUCH_UP a
1402905336133 6 4098 353.5 1239.4509 0.10000001 2.0 2.0 2.0 2.0 0.0 0.148 0 TOUCH_DOWN Space
1402905336136 6 4098 353.5 1239.4509 0.10000001 2.0 2.0 2.0 2.0 0.0 0.148 1 TOUCH_UP Space
1402905336419 6 4098 136.0 991.451 0.3 5.0 5.0 5.0 5.0 0.0 0.2 0 TOUCH_DOWN s
1402905336438 6 4098 136.0 991.451 0.3 5.0 5.0 5.0 5.0 0.0 0.20400001 2 TOUCH_MOVE s
1402905336471 6 4098 131.92012 991.451 0.33333334 5.0 5.0 5.0 5.0 0.0 0.20400001 2 TOUCH_MOVE s
1402905336498 6 4098 124.0 990.951 0.3 5.0 5.0 5.0 5.0 0.0 0.18 2 TOUCH_MOVE s
1402905336502 6 4098 124.0 990.951 0.3 5.0 5.0 5.0 5.0 0.0 0.18 1 TOUCH_UP s
1402905336609 6 4098 46.5 981.451 0.20000002 3.0 3.0 3.0 3.0 0.0 0.18 0 TOUCH_DOWN a
1402905336655 6 4098 47.75 981.451 0.20000002 3.0 3.0 3.0 3.0 0.0 0.18400002 2 TOUCH_MOVE a
1402905336682 6 4098 47.5 981.451 0.20000002 3.0 3.0 3.0 3.0 0.0 0.148 2 TOUCH_MOVE a
1402905336685 6 4098 47.5 981.451 0.20000002 3.0 3.0 3.0 3.0 0.0 0.148 1 TOUCH_UP a
1402905336746 6 4098 400.5 836.451 0.33333334 5.0 5.0 5.0 5.0 0.0 0.23200001 0 TOUCH_DOWN y
1402905336755 6 4098 400.5 836.451 0.33333334 5.0 5.0 5.0 5.0 0.0 0.23600002 2 TOUCH_MOVE y
1402905336772 6 4098 398.76425 835.8331 0.33333334 5.0 5.0 5.0 5.0 0.0 0.24000001 2 TOUCH_MOVE y
1402905336802 6 4098 396.41754 834.3685 0.33333334 5.0 5.0 5.0 5.0 0.0 0.23600002 2 TOUCH_MOVE y
1402905336805 6 4098 395.75 833.701 0.33333334 5.0 5.0 5.0 5.0 0.0 0.224 2 TOUCH_MOVE y
1402905336838 6 4098 395.75 833.701 0.33333334 5.0 5.0 5.0 5.0 0.0 0.224 1 TOUCH_UP y
1402905336864 6 4098 39.0 980.451 0.20000002 3.0 3.0 3.0 3.0 0.0 0.17600001 0 TOUCH_DOWN a
1402905336889 6 4098 39.861526 981.3125 0.20000002 3.0 3.0 3.0 3.0 0.0 0.17600001 2 TOUCH_MOVE a
1402905336905 6 4098 40.75 981.451 0.20000002 3.0 3.0 3.0 3.0 0.0 0.17600001 2 TOUCH_MOVE a
1402905336914 6 4098 40.75 981.451 0.20000002 3.0 3.0 3.0 3.0 0.0 0.17600001 1 TOUCH_UP a
1402905337214 6 4098 353.5 1217.4509 0.23333335 4.0 4.0 4.0 4.0 0.0 0.216 0 TOUCH_DOWN Space
1402905337222 6 4098 353.5 1217.4509 0.23333335 4.0 4.0 4.0 4.0 0.0 0.21200001 2 TOUCH_MOVE Space
1402905337255 6 4098 353.5 1218.4774 0.23333335 4.0 4.0 4.0 4.0 0.0 0.2 2 TOUCH_MOVE Space
1402905337278 6 4098 354.0 1218.9509 0.16666667 3.0 3.0 3.0 3.0 0.0 0.16000001 2 TOUCH_MOVE Space
1402905337281 6 4098 354.0 1218.9509 0.16666667 3.0 3.0 3.0 3.0 0.0 0.16000001 1 TOUCH_UP Space
1402905337402 6 4098 68.0 994.451 0.26666668 5.0 5.0 5.0 5.0 0.0 0.18400002 0 TOUCH_DOWN a
1402905337413 6 4098 68.0 994.451 0.26666668 5.0 5.0 5.0 5.0 0.0 0.18800001 2 TOUCH_MOVE a
1402905337439 6 4098 68.0 993.92084 0.20000002 4.0 4.0 4.0 4.0 0.0 0.18800001 2 TOUCH_MOVE a
1402905337456 6 4098 69.5857 987.1797 0.16666667 3.0 3.0 3.0 3.0 0.0 0.16800001 2 TOUCH_MOVE a
1402905337459 6 4098 69.5857 987.1797 0.16666667 3.0 3.0 3.0 3.0 0.0 0.16800001 1 TOUCH_UP a
1402905337786 6 4098 224.5 966.951 0.23333335 5.0 5.0 5.0 5.0 0.0 0.20400001 0 TOUCH_DOWN d
1402905337808 6 4098 223.70744 966.951 0.23333335 5.0 5.0 5.0 5.0 0.0 0.20400001 2 TOUCH_MOVE d
1402905337822 6 4098 221.73845 966.951 0.23333335 5.0 5.0 5.0 5.0 0.0 0.2 2 TOUCH_MOVE d
1402905337838 6 4098 219.0 966.451 0.23333335 5.0 5.0 5.0 5.0 0.0 0.18400002 2 TOUCH_MOVE d
1402905337842 6 4098 219.0 966.451 0.23333335 5.0 5.0 5.0 5.0 0.0 0.18400002 1 TOUCH_UP d
1402905337886 6 4098 530.5 831.451 0.33333334 5.0 5.0 5.0 5.0 0.0 0.22800002 0 TOUCH_DOWN i
1402905337923 6 4098 530.99365 829.47 0.3 5.0 5.0 5.0 5.0 0.0 0.22800002 2 TOUCH_MOVE i
1402905337939 6 4098 532.0 827.951 0.26666668 4.0 4.0 4.0 4.0 0.0 0.20400001 2 TOUCH_MOVE i
1402905337942 6 4098 532.0 827.951 0.26666668 4.0 4.0 4.0 4.0 0.0 0.18 2 TOUCH_MOVE i
1402905337946 6 4098 532.0 827.951 0.26666668 4.0 4.0 4.0 4.0 0.0 0.18 1 TOUCH_UP i
1402905338346 6 4098 694.0 1087.4509 0.13333334 2.0 2.0 2.0 2.0 0.0 0.18400002 0 TOUCH_DOWN Back
1402905338356 6 4098 694.0 1087.4509 0.13333334 2.0 2.0 2.0 2.0 0.0 0.18800001 2 TOUCH_MOVE Back
1402905338390 6 4098 691.11523 1088.4279 0.20000002 3.0 3.0 3.0 3.0 0.0 0.18800001 2 TOUCH_MOVE Back
1402905338393 6 4098 691.0 1088.4509 0.23333335 4.0 4.0 4.0 4.0 0.0 0.18 2 TOUCH_MOVE Back
1402905338396 6 4098 691.0 1088.4509 0.23333335 4.0 4.0 4.0 4.0 0.0 0.18 1 TOUCH_UP Back
1402905338489 6 4098 678.0 1084.9509 0.20000002 4.0 4.0 4.0 4.0 0.0 0.19600001 0 TOUCH_DOWN Back
1402905338562 6 4098 677.5 1084.9509 0.20000002 4.0 4.0 4.0 4.0 0.0 0.17600001 2 TOUCH_MOVE Back
1402905338565 6 4098 677.5 1084.9509 0.20000002 4.0 4.0 4.0 4.0 0.0 0.17600001 1 TOUCH_UP Back
1402905339047 6 4098 224.0 968.451 0.23333335 5.0 5.0 5.0 5.0 0.0 0.2 0 TOUCH_DOWN d
1402905339086 6 4098 223.5 968.451 0.23333335 5.0 5.0 5.0 5.0 0.0 0.18800001 2 TOUCH_MOVE d
1402905339089 6 4098 223.5 968.451 0.23333335 5.0 5.0 5.0 5.0 0.0 0.18800001 1 TOUCH_UP d
1402905339188 6 4098 535.5 814.451 0.3 5.0 5.0 5.0 5.0 0.0 0.22000001 0 TOUCH_DOWN i
1402905339193 6 4098 535.5 814.451 0.3 5.0 5.0 5.0 5.0 0.0 0.224 2 TOUCH_MOVE i
1402905339230 6 4098 536.0 815.451 0.26666668 4.0 4.0 4.0 4.0 0.0 0.20400001 2 TOUCH_MOVE i
1402905339235 6 4098 536.0 815.451 0.20000002 3.0 3.0 3.0 3.0 0.0 0.124000005 2 TOUCH_MOVE i
1402905339238 6 4098 536.0 815.451 0.20000002 3.0 3.0 3.0 3.0 0.0 0.124000005 1 TOUCH_UP i
1402905339764 6 4098 659.0 1058.9509 0.3 5.0 5.0 5.0 5.0 0.0 0.20400001 0 TOUCH_DOWN Back
1402905339824 6 4098 659.0 1059.4509 0.26666668 4.0 4.0 4.0 4.0 0.0 0.192 2 TOUCH_MOVE Back
1402905339832 6 4098 659.0 1059.4509 0.13333334 2.0 2.0 2.0 2.0 0.0 0.112 2 TOUCH_MOVE Back
1402905339837 6 4098 659.0 1059.4509 0.13333334 2.0 2.0 2.0 2.0 0.0 0.112 1 TOUCH_UP Back
1402905339906 6 4098 653.0 1076.4509 0.23333335 4.0 4.0 4.0 4.0 0.0 0.20400001 0 TOUCH_DOWN Back
1402905339924 6 4098 653.5072 1076.4509 0.26666668 4.0 4.0 4.0 4.0 0.0 0.20400001 2 TOUCH_MOVE Back
1402905339941 6 4098 654.96533 1074.9856 0.26666668 4.0 4.0 4.0 4.0 0.0 0.20400001 2 TOUCH_MOVE Back
1402905339958 6 4098 656.444 1072.563 0.26666668 4.0 4.0 4.0 4.0 0.0 0.20400001 2 TOUCH_MOVE Back
1402905339979 6 4098 657.41205 1071.9509 0.26666668 4.0 4.0 4.0 4.0 0.0 0.2 2 TOUCH_MOVE Back
1402905339980 6 4098 657.5 1071.9509 0.23333335 4.0 4.0 4.0 4.0 0.0 0.192 2 TOUCH_MOVE Back
1402905339984 6 4098 657.5 1071.9509 0.23333335 4.0 4.0 4.0 4.0 0.0 0.192 1 TOUCH_UP Back
1402905340517 6 4098 267.0 848.451 0.26666668 5.0 5.0 5.0 5.0 0.0 0.2 0 TOUCH_DOWN r
1402905340558 6 4098 267.0 848.451 0.20000002 4.0 4.0 4.0 4.0 0.0 0.16800001 2 TOUCH_MOVE r
1402905340563 6 4098 267.0 848.451 0.20000002 4.0 4.0 4.0 4.0 0.0 0.16800001 1 TOUCH_UP r
1402905340744 6 4098 202.0 955.451 0.3 5.0 5.0 5.0 5.0 0.0 0.192 0 TOUCH_DOWN d
1402905340762 6 4098 201.68031 955.451 0.26666668 4.0 4.0 4.0 4.0 0.0 0.18800001 2 TOUCH_MOVE d
1402905340768 6 4098 201.5 955.451 0.23333335 4.0 4.0 4.0 4.0 0.0 0.18 2 TOUCH_MOVE d
1402905340772 6 4098 201.5 955.451 0.23333335 4.0 4.0 4.0 4.0 0.0 0.18 1 TOUCH_UP d
1402905341075 6 4098 508.5 801.951 0.26666668 5.0 5.0 5.0 5.0 0.0 0.216 0 TOUCH_DOWN i
1402905341118 6 4098 508.5 801.951 0.26666668 5.0 5.0 5.0 5.0 0.0 0.216 1 TOUCH_UP i
1402905341423 6 4098 17.5 1250.9509 0.06666667 1.0 1.0 1.0 1.0 0.0 0.128 0 TOUCH_DOWN Sym
1402905341461 6 4098 17.5 1250.4346 0.06666667 1.0 1.0 1.0 1.0 0.0 0.124000005 2 TOUCH_MOVE Sym
1402905341465 6 4098 17.5 1250.4346 0.06666667 1.0 1.0 1.0 1.0 0.0 0.124000005 1 TOUCH_UP Sym
1402905342804 6 4098 71.0 1236.9509 0.16666667 3.0 3.0 3.0 3.0 0.0 0.18400002 0 TOUCH_DOWN Sym
1402905342811 6 4098 71.0 1236.9509 0.20000002 3.0 3.0 3.0 3.0 0.0 0.18800001 2 TOUCH_MOVE Sym
1402905342844 6 4098 69.11933 1234.5703 0.20000002 3.0 3.0 3.0 3.0 0.0 0.18400002 2 TOUCH_MOVE Sym
1402905342857 6 4098 69.0 1234.4509 0.20000002 3.0 3.0 3.0 3.0 0.0 0.14400001 2 TOUCH_MOVE Sym
1402905342860 6 4098 69.0 1234.4509 0.20000002 3.0 3.0 3.0 3.0 0.0 0.14400001 1 TOUCH_UP Sym
1402905343450 6 4098 429.5 1220.9509 0.23333335 4.0 4.0 4.0 4.0 0.0 0.2 0 TOUCH_DOWN ,
1402905343461 6 4098 429.5 1220.9509 0.23333335 4.0 4.0 4.0 4.0 0.0 0.20400001 2 TOUCH_MOVE ,
1402905343507 6 4098 429.0 1220.9509 0.23333335 4.0 4.0 4.0 4.0 0.0 0.18400002 2 TOUCH_MOVE ,
1402905343510 6 4098 429.0 1220.9509 0.23333335 4.0 4.0 4.0 4.0 0.0 0.18400002 1 TOUCH_UP ,
1402905343832 6 4098 310.0 1224.9509 0.23333335 4.0 4.0 4.0 4.0 0.0 0.20400001 0 TOUCH_DOWN Space
1402905343888 6 4098 310.0 1224.9509 0.23333335 4.0 4.0 4.0 4.0 0.0 0.18800001 2 TOUCH_MOVE Space
1402905343891 6 4098 310.0 1224.9509 0.23333335 4.0 4.0 4.0 4.0 0.0 0.18800001 1 TOUCH_UP Space
1402905344280 6 4098 612.5 859.951 0.23333335 5.0 5.0 5.0 5.0 0.0 0.20400001 0 TOUCH_DOWN o
1402905344298 6 4098 612.5 859.951 0.26666668 5.0 5.0 5.0 5.0 0.0 0.21200001 2 TOUCH_MOVE o
1402905344355 6 4098 612.5 859.951 0.23333335 5.0 5.0 5.0 5.0 0.0 0.156 2 TOUCH_MOVE o
1402905344358 6 4098 612.5 859.951 0.23333335 5.0 5.0 5.0 5.0 0.0 0.156 1 TOUCH_UP o
1402905344438 6 4098 241.5 870.951 0.26666668 4.0 4.0 4.0 4.0 0.0 0.19600001 0 TOUCH_DOWN r
1402905344464 6 4098 241.5 870.951 0.3 5.0 5.0 5.0 5.0 0.0 0.2 2 TOUCH_MOVE r
1402905344486 6 4098 241.5 870.951 0.23333335 4.0 4.0 4.0 4.0 0.0 0.17600001 2 TOUCH_MOVE r
1402905344489 6 4098 241.5 870.951 0.23333335 4.0 4.0 4.0 4.0 0.0 0.17600001 1 TOUCH_UP r
1402905344692 6 4098 60.5 971.951 0.16666667 3.0 3.0 3.0 3.0 0.0 0.18400002 0 TOUCH_DOWN a
1402905344754 6 4098 60.5 971.951 0.16666667 3.0 3.0 3.0 3.0 0.0 0.14400001 2 TOUCH_MOVE a
1402905344757 6 4098 60.5 971.951 0.16666667 3.0 3.0 3.0 3.0 0.0 0.14400001 1 TOUCH_UP a
1402905344833 6 4098 490.0 1111.4509 0.3 5.0 5.0 5.0 5.0 0.0 0.20400001 0 TOUCH_DOWN n
1402905344876 6 4098 490.0 1111.4509 0.23333335 4.0 4.0 4.0 4.0 0.0 0.18 2 TOUCH_MOVE n
1402905344879 6 4098 490.0 1111.4509 0.23333335 4.0 4.0 4.0 4.0 0.0 0.18 1 TOUCH_UP n
1402905345022 6 4098 330.0 966.451 0.3 5.0 5.0 5.0 5.0 0.0 0.23200001 0 TOUCH_DOWN g
1402905345029 6 4098 330.0 966.451 0.3 5.0 5.0 5.0 5.0 0.0 0.22800002 2 TOUCH_MOVE g
1402905345058 6 4098 330.0 965.951 0.26666668 5.0 5.0 5.0 5.0 0.0 0.19600001 2 TOUCH_MOVE g
1402905345062 6 4098 330.0 965.951 0.26666668 5.0 5.0 5.0 5.0 0.0 0.19600001 1 TOUCH_UP g
1402905345234 6 4098 345.0 1219.4509 0.23333335 4.0 4.0 4.0 4.0 0.0 0.20400001 0 TOUCH_DOWN Space
1402905345249 6 4098 345.0 1219.4509 0.23333335 4.0 4.0 4.0 4.0 0.0 0.19600001 2 TOUCH_MOVE Space
1402905345271 6 4098 345.0 1219.4509 0.23333335 4.0 4.0 4.0 4.0 0.0 0.19600001 1 TOUCH_UP Space
1402905345466 6 4098 349.5 954.451 0.33333334 5.0 5.0 5.0 5.0 0.0 0.23200001 0 TOUCH_DOWN g
1402905345487 6 4098 349.24457 954.451 0.33333334 5.0 5.0 5.0 5.0 0.0 0.22800002 2 TOUCH_MOVE g
1402905345496 6 4098 348.77005 954.451 0.33333334 5.0 5.0 5.0 5.0 0.0 0.22800002 2 TOUCH_MOVE g
1402905345522 6 4098 348.77005 954.451 0.33333334 5.0 5.0 5.0 5.0 0.0 0.22800002 1 TOUCH_UP g
1402905345565 6 4098 60.5 975.951 0.16666667 3.0 3.0 3.0 3.0 0.0 0.18400002 0 TOUCH_DOWN a
1402905345613 6 4098 61.216633 975.951 0.16666667 3.0 3.0 3.0 3.0 0.0 0.18800001 2 TOUCH_MOVE a
1402905345632 6 4098 61.75 975.951 0.16666667 3.0 3.0 3.0 3.0 0.0 0.18400002 2 TOUCH_MOVE a
1402905345647 6 4098 61.5 974.8597 0.16666667 3.0 3.0 3.0 3.0 0.0 0.17600001 2 TOUCH_MOVE a
1402905345656 6 4098 61.5 974.951 0.13333334 2.0 2.0 2.0 2.0 0.0 0.124000005 2 TOUCH_MOVE a
1402905345659 6 4098 61.5 974.951 0.13333334 2.0 2.0 2.0 2.0 0.0 0.124000005 1 TOUCH_UP a
1402905345713 6 4098 486.5 1107.9509 0.3 5.0 5.0 5.0 5.0 0.0 0.21200001 0 TOUCH_DOWN n
1402905345731 6 4098 486.5 1107.9509 0.3 5.0 5.0 5.0 5.0 0.0 0.208 2 TOUCH_MOVE n
1402905345766 6 4098 486.5 1107.9509 0.3 5.0 5.0 5.0 5.0 0.0 0.208 1 TOUCH_UP n
1402905345907 6 4098 310.5 880.951 0.3 5.0 5.0 5.0 5.0 0.0 0.2 0 TOUCH_DOWN t
1402905345950 6 4098 310.5 880.951 0.20000002 4.0 4.0 4.0 4.0 0.0 0.17600001 2 TOUCH_MOVE t
1402905345955 6 4098 310.5 880.951 0.20000002 4.0 4.0 4.0 4.0 0.0 0.17600001 1 TOUCH_UP t
1402905346110 6 4098 186.0 809.951 0.16666667 3.0 3.0 3.0 3.0 0.0 0.18 0 TOUCH_DOWN e
1402905346117 6 4098 186.0 809.951 0.16666667 3.0 3.0 3.0 3.0 0.0 0.17600001 2 TOUCH_MOVE e
1402905346135 6 4098 186.0 809.951 0.16666667 3.0 3.0 3.0 3.0 0.0 0.17600001 1 TOUCH_UP e
1402905346245 6 4098 481.5 1095.9509 0.23333335 4.0 4.0 4.0 4.0 0.0 0.192 0 TOUCH_DOWN n
1402905346268 6 4098 480.8283 1095.9509 0.16666667 3.0 3.0 3.0 3.0 0.0 0.18 2 TOUCH_MOVE n
1402905346274 6 4098 480.8283 1095.9509 0.16666667 3.0 3.0 3.0 3.0 0.0 0.18 1 TOUCH_UP n
1402905346410 6 4098 340.0 966.451 0.3 5.0 5.0 5.0 5.0 0.0 0.224 0 TOUCH_DOWN g
1402905346432 6 4098 340.0 966.451 0.3 5.0 5.0 5.0 5.0 0.0 0.22000001 2 TOUCH_MOVE g
1402905346445 6 4098 340.0 966.451 0.26666668 5.0 5.0 5.0 5.0 0.0 0.19600001 2 TOUCH_MOVE g
1402905346448 6 4098 340.0 966.451 0.26666668 5.0 5.0 5.0 5.0 0.0 0.19600001 1 TOUCH_UP g
1402905346605 6 4098 340.5 1205.4509 0.26666668 5.0 5.0 5.0 5.0 0.0 0.21200001 0 TOUCH_DOWN Space
1402905346653 6 4098 340.5 1205.9509 0.23333335 4.0 4.0 4.0 4.0 0.0 0.18 2 TOUCH_MOVE Space
1402905346659 6 4098 340.5 1205.9509 0.23333335 4.0 4.0 4.0 4.0 0.0 0.18 1 TOUCH_UP Space
1402905346939 6 4098 363.5 981.951 0.26666668 4.0 4.0 4.0 4.0 0.0 0.20400001 0 TOUCH_DOWN g
1402905346964 6 4098 363.5 982.0552 0.26666668 4.0 4.0 4.0 4.0 0.0 0.21200001 2 TOUCH_MOVE g
1402905346982 6 4098 363.5 982.951 0.16666667 3.0 3.0 3.0 3.0 0.0 0.116000004 2 TOUCH_MOVE g
1402905346986 6 4098 363.5 982.951 0.16666667 3.0 3.0 3.0 3.0 0.0 0.116000004 1 TOUCH_UP g
1402905347485 6 4098 694.5 1093.9509 0.16666667 3.0 3.0 3.0 3.0 0.0 0.19600001 0 TOUCH_DOWN Back
1402905347576 6 4098 694.5 1093.9509 0.16666667 3.0 3.0 3.0 3.0 0.0 0.19600001 1 TOUCH_UP Back
1402905347706 6 4098 222.0 974.451 0.26666668 5.0 5.0 5.0 5.0 0.0 0.208 0 TOUCH_DOWN d
1402905347732 6 4098 222.0 974.451 0.26666668 5.0 5.0 5.0 5.0 0.0 0.21200001 2 TOUCH_MOVE d
1402905347748 6 4098 222.86464 975.3156 0.26666668 5.0 5.0 5.0 5.0 0.0 0.22000001 2 TOUCH_MOVE d
1402905347765 6 4098 223.25 975.701 0.26666668 5.0 5.0 5.0 5.0 0.0 0.216 2 TOUCH_MOVE d
1402905347782 6 4098 219.17274 974.7861 0.23333335 5.0 5.0 5.0 5.0 0.0 0.19600001 2 TOUCH_MOVE d
1402905347788 6 4098 218.0 974.451 0.20000002 4.0 4.0 4.0 4.0 0.0 0.18400002 2 TOUCH_MOVE d
1402905347791 6 4098 218.0 974.451 0.20000002 4.0 4.0 4.0 4.0 0.0 0.18400002 1 TOUCH_UP d
1402905348193 6 4098 60.0 978.951 0.20000002 3.0 3.0 3.0 3.0 0.0 0.18 0 TOUCH_DOWN a
1402905348218 6 4098 60.0 978.951 0.20000002 3.0 3.0 3.0 3.0 0.0 0.17600001 2 TOUCH_MOVE a
1402905348230 6 4098 60.0 978.951 0.13333334 2.0 2.0 2.0 2.0 0.0 0.14 2 TOUCH_MOVE a
1402905348234 6 4098 60.0 978.951 0.13333334 2.0 2.0 2.0 2.0 0.0 0.14 1 TOUCH_UP a
1402905348387 6 4098 285.0 840.951 0.3 5.0 5.0 5.0 5.0 0.0 0.21200001 0 TOUCH_DOWN r
1402905348430 6 4098 283.5 840.951 0.26666668 5.0 5.0 5.0 5.0 0.0 0.192 2 TOUCH_MOVE r
1402905348434 6 4098 283.5 840.951 0.26666668 5.0 5.0 5.0 5.0 0.0 0.192 1 TOUCH_UP r
1402905348522 6 4098 545.0 843.451 0.26666668 4.0 4.0 4.0 4.0 0.0 0.2 0 TOUCH_DOWN i
1402905348549 6 4098 545.0 843.451 0.23333335 4.0 4.0 4.0 4.0 0.0 0.156 2 TOUCH_MOVE i
1402905348556 6 4098 545.0 843.451 0.23333335 4.0 4.0 4.0 4.0 0.0 0.156 1 TOUCH_UP i
1402905348901 6 4098 358.5 1233.9509 0.23333335 4.0 4.0 4.0 4.0 0.0 0.19600001 0 TOUCH_DOWN Space
1402905348933 6 4098 357.5 1233.9509 0.13333334 2.0 2.0 2.0 2.0 0.0 0.18 2 TOUCH_MOVE Space
1402905348937 6 4098 357.5 1233.9509 0.13333334 2.0 2.0 2.0 2.0 0.0 0.18 1 TOUCH_UP Space
1402905349014 6 4098 167.0 992.451 0.33333334 5.0 5.0 5.0 5.0 0.0 0.19600001 0 TOUCH_DOWN s
1402905349034 6 4098 167.0 992.451 0.33333334 5.0 5.0 5.0 5.0 0.0 0.2 2 TOUCH_MOVE s
1402905349083 6 4098 168.30063 984.8466 0.26666668 5.0 5.0 5.0 5.0 0.0 0.2 2 TOUCH_MOVE s
1402905349088 6 4098 168.5 983.451 0.23333335 5.0 5.0 5.0 5.0 0.0 0.18800001 2 TOUCH_MOVE s
1402905349094 6 4098 168.5 983.451 0.23333335 5.0 5.0 5.0 5.0 0.0 0.18800001 1 TOUCH_UP s
1402905349212 6 4098 264.5 860.951 0.23333335 5.0 5.0 5.0 5.0 0.0 0.20400001 0 TOUCH_DOWN r
1402905349217 6 4098 264.5 860.951 0.23333335 5.0 5.0 5.0 5.0 0.0 0.208 2 TOUCH_MOVE r
1402905349233 6 4098 260.6283 860.951 0.23333335 5.0 5.0 5.0 5.0 0.0 0.20400001 2 TOUCH_MOVE r
1402905349244 6 4098 251.5 860.951 0.20000002 4.0 4.0 4.0 4.0 0.0 0.18400002 2 TOUCH_MOVE r
1402905349247 6 4098 251.5 860.951 0.20000002 4.0 4.0 4.0 4.0 0.0 0.18400002 1 TOUCH_UP r
1402905349397 6 4098 60.5 979.451 0.20000002 3.0 3.0 3.0 3.0 0.0 0.18400002 0 TOUCH_DOWN a
1402905349433 6 4098 60.5 978.951 0.13333334 2.0 2.0 2.0 2.0 0.0 0.112 2 TOUCH_MOVE a
1402905349438 6 4098 60.5 978.951 0.13333334 2.0 2.0 2.0 2.0 0.0 0.112 1 TOUCH_UP a
1402905349474 6 4098 352.5 936.451 0.33333334 5.0 5.0 5.0 5.0 0.0 0.23200001 0 TOUCH_DOWN g
1402905349500 6 4098 352.5 936.451 0.33333334 5.0 5.0 5.0 5.0 0.0 0.22800002 2 TOUCH_MOVE g
1402905349527 6 4098 352.5 936.451 0.20000002 4.0 4.0 4.0 4.0 0.0 0.18 2 TOUCH_MOVE g
1402905349531 6 4098 352.5 936.451 0.20000002 4.0 4.0 4.0 4.0 0.0 0.18 1 TOUCH_UP g
1402905349587 6 4098 183.0 809.451 0.26666668 5.0 5.0 5.0 5.0 0.0 0.208 0 TOUCH_DOWN e
1402905349600 6 4098 183.0 809.451 0.3 6.0 6.0 6.0 6.0 0.0 0.21200001 2 TOUCH_MOVE e
1402905349651 6 4098 179.5 809.451 0.26666668 5.0 5.0 5.0 5.0 0.0 0.18 2 TOUCH_MOVE e
1402905349656 6 4098 179.5 809.451 0.26666668 5.0 5.0 5.0 5.0 0.0 0.18 1 TOUCH_UP e
1402905349748 6 4098 493.0 1057.4509 0.33333334 5.0 5.0 5.0 5.0 0.0 0.21200001 0 TOUCH_DOWN n
1402905349767 6 4098 493.0 1057.4509 0.3 5.0 5.0 5.0 5.0 0.0 0.208 2 TOUCH_MOVE n
1402905349781 6 4098 493.0 1057.4509 0.3 5.0 5.0 5.0 5.0 0.0 0.18400002 2 TOUCH_MOVE n
1402905349784 6 4098 493.0 1057.4509 0.3 5.0 5.0 5.0 5.0 0.0 0.18400002 1 TOUCH_UP n
1402905350124 6 4098 343.0 1225.4509 0.26666668 5.0 5.0 5.0 5.0 0.0 0.20400001 0 TOUCH_DOWN Space
1402905350134 6 4098 343.0 1225.4509 0.23333335 4.0 4.0 4.0 4.0 0.0 0.2 2 TOUCH_MOVE Space
1402905350156 6 4098 343.0 1225.4509 0.23333335 4.0 4.0 4.0 4.0 0.0 0.2 1 TOUCH_UP Space
1402905350821 6 4098 698.0 1091.4509 0.16666667 3.0 3.0 3.0 3.0 0.0 0.192 0 TOUCH_DOWN Back
1402905350891 6 4098 698.0 1091.4509 0.16666667 3.0 3.0 3.0 3.0 0.0 0.192 1 TOUCH_UP Back
1402905351242 6 4098 43.5 1240.9509 0.13333334 3.0 3.0 3.0 3.0 0.0 0.17600001 0 TOUCH_DOWN Sym
1402905351271 6 4098 42.85365 1240.9509 0.13333334 3.0 3.0 3.0 3.0 0.0 0.18 2 TOUCH_MOVE Sym
1402905351308 6 4098 43.0 1240.4509 0.16666667 3.0 3.0 3.0 3.0 0.0 0.17600001 2 TOUCH_MOVE Sym
1402905351315 6 4098 43.0 1240.4509 0.16666667 3.0 3.0 3.0 3.0 0.0 0.17600001 1 TOUCH_UP Sym
1402905351721 6 4098 45.5 1224.9509 0.20000002 3.0 3.0 3.0 3.0 0.0 0.18400002 0 TOUCH_DOWN Sym
1402905351766 6 4098 45.5 1224.9509 0.20000002 3.0 3.0 3.0 3.0 0.0 0.17600001 2 TOUCH_MOVE Sym
1402905351770 6 4098 45.5 1224.9509 0.20000002 3.0 3.0 3.0 3.0 0.0 0.17600001 1 TOUCH_UP Sym
1402905352248 6 4098 436.0 1219.4509 0.23333335 4.0 4.0 4.0 4.0 0.0 0.19600001 0 TOUCH_DOWN ,
1402905352269 6 4098 436.0 1219.4509 0.23333335 4.0 4.0 4.0 4.0 0.0 0.2 2 TOUCH_MOVE ,
1402905352286 6 4098 436.0 1219.4509 0.20000002 3.0 3.0 3.0 3.0 0.0 0.164 2 TOUCH_MOVE ,
1402905352291 6 4098 436.0 1219.4509 0.20000002 3.0 3.0 3.0 3.0 0.0 0.164 1 TOUCH_UP ,
1402905352563 6 4098 308.5 1224.4509 0.23333335 4.0 4.0 4.0 4.0 0.0 0.208 0 TOUCH_DOWN Space
1402905352570 6 4098 308.5 1224.4509 0.23333335 4.0 4.0 4.0 4.0 0.0 0.20400001 2 TOUCH_MOVE Space
1402905352596 6 4098 308.5 1224.4509 0.23333335 4.0 4.0 4.0 4.0 0.0 0.20400001 1 TOUCH_UP Space
1402905353221 6 4098 143.0 948.951 0.33333334 5.0 5.0 5.0 5.0 0.0 0.19600001 0 TOUCH_DOWN s
1402905353237 6 4098 143.0 948.951 0.33333334 5.0 5.0 5.0 5.0 0.0 0.20400001 2 TOUCH_MOVE s
1402905353253 6 4098 143.50658 948.4444 0.33333334 5.0 5.0 5.0 5.0 0.0 0.208 2 TOUCH_MOVE s
1402905353270 6 4098 144.48381 946.4834 0.33333334 5.0 5.0 5.0 5.0 0.0 0.208 2 TOUCH_MOVE s
1402905353287 6 4098 145.8897 943.8922 0.33333334 5.0 5.0 5.0 5.0 0.0 0.208 2 TOUCH_MOVE s
1402905353305 6 4098 146.5 939.65314 0.3 5.0 5.0 5.0 5.0 0.0 0.18800001 2 TOUCH_MOVE s
1402905353309 6 4098 146.5 939.451 0.16666667 3.0 3.0 3.0 3.0 0.0 0.1 2 TOUCH_MOVE s
1402905353312 6 4098 146.5 939.451 0.16666667 3.0 3.0 3.0 3.0 0.0 0.1 1 TOUCH_UP s
1402905353402 6 4098 185.0 861.451 0.23333335 5.0 5.0 5.0 5.0 0.0 0.20400001 0 TOUCH_DOWN e
1402905353421 6 4098 185.0 861.451 0.23333335 5.0 5.0 5.0 5.0 0.0 0.208 2 TOUCH_MOVE e
1402905353470 6 4098 182.22728 860.99646 0.23333335 5.0 5.0 5.0 5.0 0.0 0.2 2 TOUCH_MOVE e
1402905353482 6 4098 182.0 860.951 0.23333335 5.0 5.0 5.0 5.0 0.0 0.132 2 TOUCH_MOVE e
1402905353485 6 4098 182.0 860.951 0.23333335 5.0 5.0 5.0 5.0 0.0 0.132 1 TOUCH_UP e
1402905353603 6 4098 564.5 958.951 0.26666668 5.0 5.0 5.0 5.0 0.0 0.208 0 TOUCH_DOWN k
1402905353648 6 4098 564.5 958.951 0.23333335 5.0 5.0 5.0 5.0 0.0 0.172 2 TOUCH_MOVE k
1402905353651 6 4098 564.5 958.951 0.23333335 5.0 5.0 5.0 5.0 0.0 0.172 1 TOUCH_UP k
1402905353712 6 4098 49.0 968.451 0.16666667 3.0 3.0 3.0 3.0 0.0 0.17600001 0 TOUCH_DOWN a
1402905353744 6 4098 50.0 967.951 0.16666667 3.0 3.0 3.0 3.0 0.0 0.172 2 TOUCH_MOVE a
1402905353761 6 4098 50.0 967.951 0.16666667 3.0 3.0 3.0 3.0 0.0 0.172 1 TOUCH_UP a
1402905353879 6 4098 243.5 845.451 0.26666668 5.0 5.0 5.0 5.0 0.0 0.20400001 0 TOUCH_DOWN r
1402905353889 6 4098 243.5 845.451 0.26666668 5.0 5.0 5.0 5.0 0.0 0.21200001 2 TOUCH_MOVE r
1402905353921 6 4098 236.64034 848.0818 0.23333335 5.0 5.0 5.0 5.0 0.0 0.18400002 2 TOUCH_MOVE r
1402905353931 6 4098 236.64034 848.0818 0.23333335 5.0 5.0 5.0 5.0 0.0 0.18400002 1 TOUCH_UP r
1402905354088 6 4098 44.0 952.451 0.20000002 3.0 3.0 3.0 3.0 0.0 0.18 0 TOUCH_DOWN a
1402905354138 6 4098 44.0 952.451 0.23333335 4.0 4.0 4.0 4.0 0.0 0.14 2 TOUCH_MOVE a
1402905354142 6 4098 44.0 952.451 0.23333335 4.0 4.0 4.0 4.0 0.0 0.14 1 TOUCH_UP a
1402905354173 6 4098 500.0 1082.4509 0.23333335 5.0 5.0 5.0 5.0 0.0 0.2 0 TOUCH_DOWN n
1402905354205 6 4098 498.83487 1082.1184 0.20000002 4.0 4.0 4.0 4.0 0.0 0.2 2 TOUCH_MOVE n
1402905354221 6 4098 496.5 1080.4509 0.23333335 4.0 4.0 4.0 4.0 0.0 0.18800001 2 TOUCH_MOVE n
1402905354227 6 4098 496.5 1080.4509 0.13333334 2.0 2.0 2.0 2.0 0.0 0.104 2 TOUCH_MOVE n
1402905354231 6 4098 496.5 1080.4509 0.13333334 2.0 2.0 2.0 2.0 0.0 0.104 1 TOUCH_UP n
1402905354365 6 4098 354.0 938.451 0.33333334 5.0 5.0 5.0 5.0 0.0 0.22800002 0 TOUCH_DOWN g
1402905354401 6 4098 354.0 938.451 0.13333334 2.0 2.0 2.0 2.0 0.0 0.16800001 2 TOUCH_MOVE g
1402905354405 6 4098 354.0 938.451 0.13333334 2.0 2.0 2.0 2.0 0.0 0.16800001 1 TOUCH_UP g
1402905354566 6 4098 340.5 1215.4509 0.26666668 5.0 5.0 5.0 5.0 0.0 0.21200001 0 TOUCH_DOWN Space
1402905354602 6 4098 340.5 1215.4509 0.26666668 5.0 5.0 5.0 5.0 0.0 0.21200001 1 TOUCH_UP Space
1402905355811 6 4098 494.0 1088.9509 0.23333335 4.0 4.0 4.0 4.0 0.0 0.19600001 0 TOUCH_DOWN n
1402905355843 6 4098 492.91818 1088.757 0.23333335 4.0 4.0 4.0 4.0 0.0 0.19600001 2 TOUCH_MOVE n
1402905355856 6 4098 489.3111 1085.762 0.16666667 3.0 3.0 3.0 3.0 0.0 0.17600001 2 TOUCH_MOVE n
1402905355859 6 4098 489.3111 1085.762 0.16666667 3.0 3.0 3.0 3.0 0.0 0.17600001 1 TOUCH_UP n
1402905355994 6 4098 340.5 955.451 0.3 5.0 5.0 5.0 5.0 0.0 0.224 0 TOUCH_DOWN g
1402905356006 6 4098 340.5 955.451 0.3 5.0 5.0 5.0 5.0 0.0 0.22000001 2 TOUCH_MOVE g
1402905356033 6 4098 340.5 955.451 0.3 5.0 5.0 5.0 5.0 0.0 0.22000001 1 TOUCH_UP g
1402905356415 6 4098 709.0 1093.4509 0.20000002 3.0 3.0 3.0 3.0 0.0 0.18800001 0 TOUCH_DOWN Back
1402905356442 6 4098 709.0 1093.4509 0.20000002 3.0 3.0 3.0 3.0 0.0 0.192 2 TOUCH_MOVE Back
1402905356480 6 4098 708.0 1092.9509 0.13333334 2.0 2.0 2.0 2.0 0.0 0.17600001 2 TOUCH_MOVE Back
1402905356483 6 4098 708.0 1092.9509 0.13333334 2.0 2.0 2.0 2.0 0.0 0.17600001 1 TOUCH_UP Back
1402905356567 6 4098 697.5 1080.9509 0.13333334 2.0 2.0 2.0 2.0 0.0 0.18800001 0 TOUCH_DOWN Back
1402905356632 6 4098 697.0 1080.9509 0.13333334 2.0 2.0 2.0 2.0 0.0 0.172 2 TOUCH_MOVE Back
1402905356636 6 4098 697.0 1080.9509 0.13333334 2.0 2.0 2.0 2.0 0.0 0.172 1 TOUCH_UP Back
1402905356813 6 4098 119.0 905.951 0.26666668 5.0 5.0 5.0 5.0 0.0 0.2 0 TOUCH_DOWN s
1402905356824 6 4098 119.0 905.951 0.3 6.0 6.0 6.0 6.0 0.0 0.20400001 2 TOUCH_MOVE s
1402905356843 6 4098 119.915344 905.03564 0.3 6.0 6.0 6.0 6.0 0.0 0.208 2 TOUCH_MOVE s
1402905356857 6 4098 121.841606 902.26776 0.3 6.0 6.0 6.0 6.0 0.0 0.208 2 TOUCH_MOVE s
1402905356874 6 4098 122.121216 898.05707 0.33333334 6.0 6.0 6.0 6.0 0.0 0.20400001 2 TOUCH_MOVE s
1402905356889 6 4098 120.0 893.451 0.33333334 5.0 5.0 5.0 5.0 0.0 0.17600001 2 TOUCH_MOVE s
1402905356893 6 4098 120.0 893.451 0.33333334 5.0 5.0 5.0 5.0 0.0 0.17600001 1 TOUCH_UP s
1402905357065 6 4098 177.5 799.951 0.23333335 5.0 5.0 5.0 5.0 0.0 0.19600001 0 TOUCH_DOWN e
1402905357117 6 4098 177.5 799.4923 0.23333335 5.0 5.0 5.0 5.0 0.0 0.20400001 2 TOUCH_MOVE e
1402905357124 6 4098 177.08963 799.451 0.26666668 6.0 6.0 6.0 6.0 0.0 0.208 2 TOUCH_MOVE e
1402905357138 6 4098 174.5 798.451 0.23333335 5.0 5.0 5.0 5.0 0.0 0.17600001 2 TOUCH_MOVE e
1402905357142 6 4098 174.5 798.451 0.23333335 5.0 5.0 5.0 5.0 0.0 0.17600001 1 TOUCH_UP e
1402905357686 6 4098 208.5 983.451 0.26666668 5.0 5.0 5.0 5.0 0.0 0.19600001 0 TOUCH_DOWN d
1402905357717 6 4098 207.5 983.451 0.23333335 4.0 4.0 4.0 4.0 0.0 0.18 2 TOUCH_MOVE d
1402905357721 6 4098 207.5 983.451 0.23333335 4.0 4.0 4.0 4.0 0.0 0.18 1 TOUCH_UP d
1402905357973 6 4098 699.0 1087.4509 0.13333334 2.0 2.0 2.0 2.0 0.0 0.18400002 0 TOUCH_DOWN Back
1402905358024 6 4098 699.0 1087.9509 0.13333334 2.0 2.0 2.0 2.0 0.0 0.17600001 2 TOUCH_MOVE Back
1402905358028 6 4098 699.0 1087.9509 0.13333334 2.0 2.0 2.0 2.0 0.0 0.17600001 1 TOUCH_UP Back
1402905358114 6 4098 686.5 1084.9509 0.16666667 3.0 3.0 3.0 3.0 0.0 0.18800001 0 TOUCH_DOWN Back
1402905358186 6 4098 686.5 1084.9509 0.16666667 3.0 3.0 3.0 3.0 0.0 0.18800001 1 TOUCH_UP Back
1402905358252 6 4098 694.0 1084.4509 0.13333334 2.0 2.0 2.0 2.0 0.0 0.18800001 0 TOUCH_DOWN Back
1402905358275 6 4098 694.0 1084.4509 0.16666667 3.0 3.0 3.0 3.0 0.0 0.192 2 TOUCH_MOVE Back
1402905358309 6 4098 692.75 1084.9509 0.16666667 3.0 3.0 3.0 3.0 0.0 0.192 2 TOUCH_MOVE Back
1402905358332 6 4098 692.75 1084.9509 0.16666667 3.0 3.0 3.0 3.0 0.0 0.192 1 TOUCH_UP Back
1402905358516 6 4098 677.5 969.451 0.20000002 4.0 4.0 4.0 4.0 0.0 0.19600001 0 TOUCH_DOWN l
1402905358558 6 4098 676.9798 969.451 0.20000002 4.0 4.0 4.0 4.0 0.0 0.18400002 2 TOUCH_MOVE l
1402905358569 6 4098 676.5 969.951 0.23333335 5.0 5.0 5.0 5.0 0.0 0.16800001 2 TOUCH_MOVE l
1402905358578 6 4098 676.5 969.951 0.23333335 5.0 5.0 5.0 5.0 0.0 0.16800001 1 TOUCH_UP l
1402905358621 6 4098 41.0 972.451 0.16666667 3.0 3.0 3.0 3.0 0.0 0.17600001 0 TOUCH_DOWN a
1402905358667 6 4098 41.0 972.451 0.16666667 3.0 3.0 3.0 3.0 0.0 0.17600001 1 TOUCH_UP a
1402905358904 6 4098 346.0 961.951 0.26666668 5.0 5.0 5.0 5.0 0.0 0.20400001 0 TOUCH_DOWN g
1402905358925 6 4098 346.0 961.951 0.23333335 4.0 4.0 4.0 4.0 0.0 0.2 2 TOUCH_MOVE g
1402905358929 6 4098 346.0 961.951 0.23333335 4.0 4.0 4.0 4.0 0.0 0.2 1 TOUCH_UP g
1402905359089 6 4098 549.5 812.451 0.3 5.0 5.0 5.0 5.0 0.0 0.21200001 0 TOUCH_DOWN i
1402905359132 6 4098 549.5 812.451 0.3 5.0 5.0 5.0 5.0 0.0 0.18 2 TOUCH_MOVE i
1402905359148 6 4098 549.5 812.451 0.3 5.0 5.0 5.0 5.0 0.0 0.18 1 TOUCH_UP i
1402905359373 6 4098 352.0 1230.4509 0.23333335 4.0 4.0 4.0 4.0 0.0 0.20400001 0 TOUCH_DOWN Space
1402905359394 6 4098 352.0 1230.4509 0.23333335 4.0 4.0 4.0 4.0 0.0 0.2 2 TOUCH_MOVE Space
1402905359403 6 4098 352.0 1230.4509 0.23333335 4.0 4.0 4.0 4.0 0.0 0.2 1 TOUCH_UP Space
1402905359631 6 4098 510.5 1087.9509 0.23333335 4.0 4.0 4.0 4.0 0.0 0.19600001 0 TOUCH_DOWN n
1402905359660 6 4098 507.44025 1084.8911 0.26666668 5.0 5.0 5.0 5.0 0.0 0.18800001 2 TOUCH_MOVE n
1402905359670 6 4098 503.0 1078.4509 0.23333335 4.0 4.0 4.0 4.0 0.0 0.17600001 2 TOUCH_MOVE n
1402905359674 6 4098 503.0 1078.4509 0.23333335 4.0 4.0 4.0 4.0 0.0 0.17600001 1 TOUCH_UP n
1402905359784 6 4098 365.0 962.451 0.3 5.0 5.0 5.0 5.0 0.0 0.224 0 TOUCH_DOWN g
1402905359821 6 4098 364.5 961.37494 0.3 5.0 5.0 5.0 5.0 0.0 0.224 2 TOUCH_MOVE g
1402905359825 6 4098 365.5 958.451 0.26666668 4.0 4.0 4.0 4.0 0.0 0.19600001 2 TOUCH_MOVE g
1402905359830 6 4098 365.5 958.451 0.26666668 4.0 4.0 4.0 4.0 0.0 0.19600001 1 TOUCH_UP g
1402905359985 6 4098 482.5 823.951 0.33333334 5.0 5.0 5.0 5.0 0.0 0.22800002 0 TOUCH_DOWN u
1402905359993 6 4098 482.5 823.951 0.33333334 5.0 5.0 5.0 5.0 0.0 0.23200001 2 TOUCH_MOVE u
1402905360026 6 4098 482.5 823.951 0.33333334 5.0 5.0 5.0 5.0 0.0 0.208 2 TOUCH_MOVE u
1402905360049 6 4098 482.5 823.951 0.26666668 5.0 5.0 5.0 5.0 0.0 0.18 2 TOUCH_MOVE u
1402905360053 6 4098 482.5 823.951 0.26666668 5.0 5.0 5.0 5.0 0.0 0.18 1 TOUCH_UP u
1402905360204 6 4098 670.0 960.451 0.26666668 5.0 5.0 5.0 5.0 0.0 0.2 0 TOUCH_DOWN l
1402905360243 6 4098 667.4471 958.3981 0.26666668 4.0 4.0 4.0 4.0 0.0 0.2 2 TOUCH_MOVE l
1402905360260 6 4098 660.5 950.451 0.3 5.0 5.0 5.0 5.0 0.0 0.192 2 TOUCH_MOVE l
1402905360267 6 4098 660.5 950.451 0.16666667 3.0 3.0 3.0 3.0 0.0 0.112 2 TOUCH_MOVE l
1402905360271 6 4098 660.5 950.451 0.16666667 3.0 3.0 3.0 3.0 0.0 0.112 1 TOUCH_UP l
1402905360380 6 4098 550.0 842.451 0.3 5.0 5.0 5.0 5.0 0.0 0.224 0 TOUCH_DOWN i
1402905360427 6 4098 549.5 842.951 0.26666668 5.0 5.0 5.0 5.0 0.0 0.208 2 TOUCH_MOVE i
1402905360431 6 4098 549.5 842.951 0.23333335 5.0 5.0 5.0 5.0 0.0 0.18 2 TOUCH_MOVE i
1402905360435 6 4098 549.5 842.951 0.23333335 5.0 5.0 5.0 5.0 0.0 0.18 1 TOUCH_UP i
1402905360669 6 4098 376.5 1209.9509 0.23333335 4.0 4.0 4.0 4.0 0.0 0.21200001 0 TOUCH_DOWN Space
1402905360680 6 4098 376.5 1209.9509 0.23333335 4.0 4.0 4.0 4.0 0.0 0.208 2 TOUCH_MOVE Space
1402905360697 6 4098 376.5 1209.9509 0.23333335 4.0 4.0 4.0 4.0 0.0 0.208 1 TOUCH_UP Space
1402905360834 6 4098 214.5 952.951 0.3 5.0 5.0 5.0 5.0 0.0 0.2 0 TOUCH_DOWN d
1402905360878 6 4098 213.5 952.451 0.3 5.0 5.0 5.0 5.0 0.0 0.192 2 TOUCH_MOVE d
1402905360882 6 4098 213.5 952.451 0.26666668 5.0 5.0 5.0 5.0 0.0 0.16800001 2 TOUCH_MOVE d
1402905360885 6 4098 213.5 952.451 0.26666668 5.0 5.0 5.0 5.0 0.0 0.16800001 1 TOUCH_UP d
1402905360940 6 4098 539.0 827.451 0.33333334 5.0 5.0 5.0 5.0 0.0 0.23600002 0 TOUCH_DOWN i
1402905360961 6 4098 539.0 827.451 0.36666667 6.0 6.0 6.0 6.0 0.0 0.23600002 2 TOUCH_MOVE i
1402905360994 6 4098 540.0 827.951 0.23333335 4.0 4.0 4.0 4.0 0.0 0.18400002 2 TOUCH_MOVE i
1402905360998 6 4098 540.0 827.951 0.23333335 4.0 4.0 4.0 4.0 0.0 0.18400002 1 TOUCH_UP i
1402905361187 6 4098 359.5 1214.4509 0.23333335 4.0 4.0 4.0 4.0 0.0 0.216 0 TOUCH_DOWN Space
1402905361213 6 4098 358.85883 1214.9509 0.23333335 4.0 4.0 4.0 4.0 0.0 0.216 2 TOUCH_MOVE Space
1402905361228 6 4098 357.90176 1214.9509 0.23333335 4.0 4.0 4.0 4.0 0.0 0.20400001 2 TOUCH_MOVE Space
1402905361238 6 4098 358.0 1215.4509 0.16666667 3.0 3.0 3.0 3.0 0.0 0.18400002 2 TOUCH_MOVE Space
1402905361243 6 4098 358.0 1215.4509 0.16666667 3.0 3.0 3.0 3.0 0.0 0.18400002 1 TOUCH_UP Space
1402905361536 6 4098 581.5 963.951 0.23333335 4.0 4.0 4.0 4.0 0.0 0.21200001 0 TOUCH_DOWN k
1402905361566 6 4098 581.0 961.80286 0.3 5.0 5.0 5.0 5.0 0.0 0.21200001 2 TOUCH_MOVE k
1402905361585 6 4098 582.5 952.451 0.16666667 3.0 3.0 3.0 3.0 0.0 0.1 2 TOUCH_MOVE k
1402905361588 6 4098 582.5 952.451 0.16666667 3.0 3.0 3.0 3.0 0.0 0.1 1 TOUCH_UP k
1402905361675 6 4098 633.0 845.451 0.3 5.0 5.0 5.0 5.0 0.0 0.216 0 TOUCH_DOWN o
1402905361712 6 4098 631.47076 844.9364 0.3 5.0 5.0 5.0 5.0 0.0 0.22000001 2 TOUCH_MOVE o
1402905361728 6 4098 630.75 844.201 0.3 5.0 5.0 5.0 5.0 0.0 0.22000001 2 TOUCH_MOVE o
1402905361761 6 4098 630.75 844.201 0.3 5.0 5.0 5.0 5.0 0.0 0.22000001 1 TOUCH_UP o
1402905361928 6 4098 252.5 853.951 0.23333335 5.0 5.0 5.0 5.0 0.0 0.208 0 TOUCH_DOWN r
1402905361945 6 4098 252.5 853.951 0.26666668 6.0 6.0 6.0 6.0 0.0 0.21200001 2 TOUCH_MOVE r
1402905361961 6 4098 252.5 853.01636 0.3 6.0 6.0 6.0 6.0 0.0 0.21200001 2 TOUCH_MOVE r
1402905361981 6 4098 251.0332 851.30646 0.26666668 5.0 5.0 5.0 5.0 0.0 0.208 2 TOUCH_MOVE r
1402905361991 6 4098 243.0 848.951 0.23333335 4.0 4.0 4.0 4.0 0.0 0.18 2 TOUCH_MOVE r
1402905361995 6 4098 243.0 848.951 0.23333335 4.0 4.0 4.0 4.0 0.0 0.18 1 TOUCH_UP r
1402905362113 6 4098 175.5 808.951 0.23333335 4.0 4.0 4.0 4.0 0.0 0.192 0 TOUCH_DOWN e
1402905362131 6 4098 175.5 808.951 0.26666668 5.0 5.0 5.0 5.0 0.0 0.2 2 TOUCH_MOVE e
1402905362162 6 4098 175.0 808.951 0.16666667 3.0 3.0 3.0 3.0 0.0 0.1 2 TOUCH_MOVE e
1402905362169 6 4098 175.0 808.951 0.16666667 3.0 3.0 3.0 3.0 0.0 0.1 1 TOUCH_UP e
1402905362364 6 4098 39.0 945.951 0.16666667 4.0 4.0 4.0 4.0 0.0 0.16800001 0 TOUCH_DOWN a
1402905362384 6 4098 39.0 945.951 0.20000002 4.0 4.0 4.0 4.0 0.0 0.17600001 2 TOUCH_MOVE a
1402905362401 6 4098 39.0 945.951 0.20000002 4.0 4.0 4.0 4.0 0.0 0.17600001 1 TOUCH_UP a
1402905363257 6 4098 427.5 1210.4509 0.23333335 4.0 4.0 4.0 4.0 0.0 0.208 0 TOUCH_DOWN ,
1402905363310 6 4098 427.5 1210.4509 0.23333335 4.0 4.0 4.0 4.0 0.0 0.17600001 2 TOUCH_MOVE ,
1402905363315 6 4098 427.5 1210.4509 0.23333335 4.0 4.0 4.0 4.0 0.0 0.17600001 1 TOUCH_UP ,
1402905363498 6 4098 310.0 1225.9509 0.26666668 5.0 5.0 5.0 5.0 0.0 0.21200001 0 TOUCH_DOWN Space
1402905363567 6 4098 310.5 1226.4509 0.13333334 3.0 3.0 3.0 3.0 0.0 0.120000005 2 TOUCH_MOVE Space
1402905363573 6 4098 310.5 1226.4509 0.13333334 3.0 3.0 3.0 3.0 0.0 0.120000005 1 TOUCH_UP Space
1402905364266 6 4098 405.0 1081.4509 0.26666668 4.0 4.0 4.0 4.0 0.0 0.216 0 TOUCH_DOWN b
1402905364282 6 4098 405.0 1081.4509 0.26666668 4.0 4.0 4.0 4.0 0.0 0.21200001 2 TOUCH_MOVE b
1402905364297 6 4098 404.40625 1081.4509 0.20000002 4.0 4.0 4.0 4.0 0.0 0.19600001 2 TOUCH_MOVE b
1402905364305 6 4098 404.0 1081.9509 0.20000002 4.0 4.0 4.0 4.0 0.0 0.18 2 TOUCH_MOVE b
1402905364309 6 4098 404.0 1081.9509 0.20000002 4.0 4.0 4.0 4.0 0.0 0.18 1 TOUCH_UP b
1402905364433 6 4098 207.5 846.951 0.26666668 5.0 5.0 5.0 5.0 0.0 0.192 0 TOUCH_DOWN e
1402905364468 6 4098 207.5 845.6254 0.26666668 5.0 5.0 5.0 5.0 0.0 0.192 2 TOUCH_MOVE e
1402905364478 6 4098 207.5 845.451 0.16666667 3.0 3.0 3.0 3.0 0.0 0.112 2 TOUCH_MOVE e
1402905364482 6 4098 207.5 845.451 0.16666667 3.0 3.0 3.0 3.0 0.0 0.112 1 TOUCH_UP e
1402905364805 6 4098 698.5 1069.4509 0.16666667 3.0 3.0 3.0 3.0 0.0 0.18800001 0 TOUCH_DOWN Back
1402905364848 6 4098 698.0229 1070.9052 0.16666667 3.0 3.0 3.0 3.0 0.0 0.18400002 2 TOUCH_MOVE Back
1402905364860 6 4098 698.0 1070.9509 0.16666667 3.0 3.0 3.0 3.0 0.0 0.128 2 TOUCH_MOVE Back
1402905364863 6 4098 698.0 1070.9509 0.16666667 3.0 3.0 3.0 3.0 0.0 0.128 1 TOUCH_UP Back
1402905364948 6 4098 681.0 1081.4509 0.20000002 4.0 4.0 4.0 4.0 0.0 0.18800001 0 TOUCH_DOWN Back
1402905365010 6 4098 681.0 1081.4509 0.20000002 4.0 4.0 4.0 4.0 0.0 0.18800001 1 TOUCH_UP Back
1402905365190 6 4098 150.0 965.951 0.20000002 4.0 4.0 4.0 4.0 0.0 0.18800001 0 TOUCH_DOWN s
1402905365198 6 4098 150.0 965.951 0.23333335 5.0 5.0 5.0 5.0 0.0 0.18800001 2 TOUCH_MOVE s
1402905365217 6 4098 150.5 962.7793 0.3 5.0 5.0 5.0 5.0 0.0 0.192 2 TOUCH_MOVE s
1402905365231 6 4098 150.5 957.951 0.16666667 3.0 3.0 3.0 3.0 0.0 0.1 2 TOUCH_MOVE s
1402905365235 6 4098 150.5 957.951 0.16666667 3.0 3.0 3.0 3.0 0.0 0.1 1 TOUCH_UP s
1402905365588 6 4098 402.5 1073.4509 0.3 5.0 5.0 5.0 5.0 0.0 0.22000001 0 TOUCH_DOWN b
1402905365599 6 4098 402.5 1073.4509 0.3 5.0 5.0 5.0 5.0 0.0 0.216 2 TOUCH_MOVE b
1402905365632 6 4098 402.5 1073.4509 0.23333335 4.0 4.0 4.0 4.0 0.0 0.192 2 TOUCH_MOVE b
1402905365636 6 4098 402.5 1073.4509 0.23333335 4.0 4.0 4.0 4.0 0.0 0.192 1 TOUCH_UP b
1402905366036 6 4098 691.5 1086.4509 0.13333334 2.0 2.0 2.0 2.0 0.0 0.18 0 TOUCH_DOWN Back
1402905366099 6 4098 689.47864 1086.4509 0.20000002 4.0 4.0 4.0 4.0 0.0 0.18400002 2 TOUCH_MOVE Back
1402905366108 6 4098 686.5 1086.4509 0.20000002 4.0 4.0 4.0 4.0 0.0 0.17600001 2 TOUCH_MOVE Back
1402905366111 6 4098 686.5 1086.4509 0.20000002 4.0 4.0 4.0 4.0 0.0 0.17600001 1 TOUCH_UP Back
1402905366122 6 4098 174.5 852.451 0.23333335 5.0 5.0 5.0 5.0 0.0 0.192 0 TOUCH_DOWN e
1402905366138 6 4098 177.5 852.451 0.23333335 5.0 5.0 5.0 5.0 0.0 0.2 2 TOUCH_MOVE e
1402905366167 6 4098 174.45653 852.96545 0.23333335 5.0 5.0 5.0 5.0 0.0 0.18400002 2 TOUCH_MOVE e
1402905366179 6 4098 173.5 853.451 0.23333335 5.0 5.0 5.0 5.0 0.0 0.132 2 TOUCH_MOVE e
1402905366182 6 4098 173.5 853.451 0.23333335 5.0 5.0 5.0 5.0 0.0 0.132 1 TOUCH_UP e
1402905366307 6 4098 395.0 1069.9509 0.3 5.0 5.0 5.0 5.0 0.0 0.224 0 TOUCH_DOWN b
1402905366349 6 4098 395.0 1069.9509 0.16666667 3.0 3.0 3.0 3.0 0.0 0.1 2 TOUCH_MOVE b
1402905366354 6 4098 395.0 1069.9509 0.16666667 3.0 3.0 3.0 3.0 0.0 0.1 1 TOUCH_UP b
1402905366533 6 4098 500.0 1082.4509 0.23333335 5.0 5.0 5.0 5.0 0.0 0.192 0 TOUCH_DOWN n
1402905366569 6 4098 500.0 1082.4509 0.23333335 5.0 5.0 5.0 5.0 0.0 0.192 1 TOUCH_UP n
1402905366861 6 4098 341.5 849.951 0.20000002 4.0 4.0 4.0 4.0 0.0 0.192 0 TOUCH_DOWN t
1402905366887 6 4098 341.5 849.951 0.26666668 5.0 5.0 5.0 5.0 0.0 0.156 2 TOUCH_MOVE t
1402905366892 6 4098 341.5 849.951 0.26666668 5.0 5.0 5.0 5.0 0.0 0.156 1 TOUCH_UP t
1402905367381 6 4098 696.0 1077.9509 0.13333334 2.0 2.0 2.0 2.0 0.0 0.18400002 0 TOUCH_DOWN Back
1402905367417 6 4098 697.198 1078.6489 0.13333334 2.0 2.0 2.0 2.0 0.0 0.18400002 2 TOUCH_MOVE Back
1402905367434 6 4098 698.17377 1079.6248 0.13333334 2.0 2.0 2.0 2.0 0.0 0.18 2 TOUCH_MOVE Back
1402905367444 6 4098 698.5 1079.9509 0.13333334 2.0 2.0 2.0 2.0 0.0 0.17600001 2 TOUCH_MOVE Back
1402905367448 6 4098 698.5 1079.9509 0.13333334 2.0 2.0 2.0 2.0 0.0 0.17600001 1 TOUCH_UP Back
1402905367538 6 4098 699.5 1082.9509 0.13333334 2.0 2.0 2.0 2.0 0.0 0.18800001 0 TOUCH_DOWN Back
1402905367609 6 4098 699.5 1082.9509 0.13333334 2.0 2.0 2.0 2.0 0.0 0.18800001 1 TOUCH_UP Back
1402905367832 6 4098 185.5 855.451 0.23333335 5.0 5.0 5.0 5.0 0.0 0.19600001 0 TOUCH_DOWN e
1402905367842 6 4098 185.5 855.451 0.23333335 5.0 5.0 5.0 5.0 0.0 0.2 2 TOUCH_MOVE e
1402905367884 6 4098 183.92229 855.451 0.23333335 5.0 5.0 5.0 5.0 0.0 0.18400002 2 TOUCH_MOVE e
1402905367893 6 4098 184.0 855.451 0.16666667 3.0 3.0 3.0 3.0 0.0 0.112 2 TOUCH_MOVE e
1402905367896 6 4098 184.0 855.451 0.16666667 3.0 3.0 3.0 3.0 0.0 0.112 1 TOUCH_UP e
1402905367982 6 4098 501.5 1093.9509 0.26666668 5.0 5.0 5.0 5.0 0.0 0.208 0 TOUCH_DOWN n
1402905368014 6 4098 501.5 1093.9509 0.23333335 5.0 5.0 5.0 5.0 0.0 0.128 2 TOUCH_MOVE n
1402905368019 6 4098 501.5 1093.9509 0.23333335 5.0 5.0 5.0 5.0 0.0 0.128 1 TOUCH_UP n
1402905368141 6 4098 328.0 863.951 0.26666668 5.0 5.0 5.0 5.0 0.0 0.19600001 0 TOUCH_DOWN t
1402905368151 6 4098 328.0 863.951 0.23333335 5.0 5.0 5.0 5.0 0.0 0.19600001 2 TOUCH_MOVE t
1402905368179 6 4098 327.0 863.951 0.20000002 4.0 4.0 4.0 4.0 0.0 0.18 2 TOUCH_MOVE t
1402905368182 6 4098 327.0 863.951 0.20000002 4.0 4.0 4.0 4.0 0.0 0.18 1 TOUCH_UP t
1402905368371 6 4098 45.0 956.451 0.20000002 3.0 3.0 3.0 3.0 0.0 0.18 0 TOUCH_DOWN a
1402905368388 6 4098 45.268696 956.451 0.20000002 3.0 3.0 3.0 3.0 0.0 0.18400002 2 TOUCH_MOVE a
1402905368401 6 4098 47.40092 956.451 0.20000002 3.0 3.0 3.0 3.0 0.0 0.18400002 2 TOUCH_MOVE a
1402905368418 6 4098 56.058266 952.2087 0.23333335 4.0 4.0 4.0 4.0 0.0 0.18800001 2 TOUCH_MOVE a
1402905368431 6 4098 58.0 950.951 0.16666667 3.0 3.0 3.0 3.0 0.0 0.128 2 TOUCH_MOVE a
1402905368434 6 4098 58.0 950.951 0.16666667 3.0 3.0 3.0 3.0 0.0 0.128 1 TOUCH_UP a
1402905368569 6 4098 252.0 853.951 0.23333335 5.0 5.0 5.0 5.0 0.0 0.19600001 0 TOUCH_DOWN r
1402905368601 6 4098 248.19792 853.951 0.20000002 4.0 4.0 4.0 4.0 0.0 0.172 2 TOUCH_MOVE r
1402905368606 6 4098 248.19792 853.951 0.20000002 4.0 4.0 4.0 4.0 0.0 0.172 1 TOUCH_UP r
1402905368760 6 4098 337.0 1212.9509 0.26666668 5.0 5.0 5.0 5.0 0.0 0.21200001 0 TOUCH_DOWN Space
1402905368768 6 4098 337.0 1212.9509 0.26666668 5.0 5.0 5.0 5.0 0.0 0.208 2 TOUCH_MOVE Space
1402905368794 6 4098 337.0 1212.9509 0.26666668 5.0 5.0 5.0 5.0 0.0 0.18 2 TOUCH_MOVE Space
1402905368798 6 4098 337.0 1212.9509 0.26666668 5.0 5.0 5.0 5.0 0.0 0.18 1 TOUCH_UP Space
1402905368985 6 4098 675.5 966.951 0.20000002 4.0 4.0 4.0 4.0 0.0 0.18800001 0 TOUCH_DOWN l
1402905369018 6 4098 677.11475 966.951 0.20000002 4.0 4.0 4.0 4.0 0.0 0.192 2 TOUCH_MOVE l
1402905369036 6 4098 679.1485 966.951 0.16666667 3.0 3.0 3.0 3.0 0.0 0.18800001 2 TOUCH_MOVE l
1402905369045 6 4098 679.5 966.951 0.20000002 4.0 4.0 4.0 4.0 0.0 0.18 2 TOUCH_MOVE l
1402905369049 6 4098 679.5 966.951 0.20000002 4.0 4.0 4.0 4.0 0.0 0.18 1 TOUCH_UP l
1402905369076 6 4098 61.0 1008.451 0.23333335 4.0 4.0 4.0 4.0 0.0 0.18 0 TOUCH_DOWN a
1402905369102 6 4098 60.08643 1008.0374 0.23333335 4.0 4.0 4.0 4.0 0.0 0.18400002 2 TOUCH_MOVE a
1402905369118 6 4098 60.679447 1003.7332 0.26666668 5.0 5.0 5.0 5.0 0.0 0.18400002 2 TOUCH_MOVE a
1402905369132 6 4098 61.0 1002.451 0.20000002 3.0 3.0 3.0 3.0 0.0 0.104 2 TOUCH_MOVE a
1402905369136 6 4098 61.0 1002.451 0.20000002 3.0 3.0 3.0 3.0 0.0 0.104 1 TOUCH_UP a
1402905369309 6 4098 343.0 940.951 0.33333334 5.0 5.0 5.0 5.0 0.0 0.22000001 0 TOUCH_DOWN g
1402905369352 6 4098 341.54492 941.31476 0.33333334 5.0 5.0 5.0 5.0 0.0 0.20400001 2 TOUCH_MOVE g
1402905369358 6 4098 341.0 941.451 0.33333334 5.0 5.0 5.0 5.0 0.0 0.18800001 2 TOUCH_MOVE g
1402905369361 6 4098 341.0 941.451 0.33333334 5.0 5.0 5.0 5.0 0.0 0.18800001 1 TOUCH_UP g
1402905369437 6 4098 555.5 841.951 0.3 5.0 5.0 5.0 5.0 0.0 0.22000001 0 TOUCH_DOWN i
1402905369452 6 4098 555.5 841.951 0.3 5.0 5.0 5.0 5.0 0.0 0.224 2 TOUCH_MOVE i
1402905369473 6 4098 554.4001 841.951 0.3 5.0 5.0 5.0 5.0 0.0 0.22000001 2 TOUCH_MOVE i
1402905369486 6 4098 554.0 841.951 0.23333335 5.0 5.0 5.0 5.0 0.0 0.18800001 2 TOUCH_MOVE i
1402905369498 6 4098 554.0 841.951 0.23333335 5.0 5.0 5.0 5.0 0.0 0.18800001 1 TOUCH_UP i
1402905369689 6 4098 339.0 1223.4509 0.26666668 5.0 5.0 5.0 5.0 0.0 0.208 0 TOUCH_DOWN Space
1402905369734 6 4098 339.0 1223.9509 0.26666668 5.0 5.0 5.0 5.0 0.0 0.192 2 TOUCH_MOVE Space
1402905369739 6 4098 339.0 1223.9509 0.26666668 5.0 5.0 5.0 5.0 0.0 0.192 1 TOUCH_UP Space
1402905369956 6 4098 589.5 1063.4509 0.20000002 4.0 4.0 4.0 4.0 0.0 0.2 0 TOUCH_DOWN m
1402905370003 6 4098 588.0 1060.9509 0.20000002 4.0 4.0 4.0 4.0 0.0 0.18400002 2 TOUCH_MOVE m
1402905370008 6 4098 588.0 1060.9509 0.16666667 3.0 3.0 3.0 3.0 0.0 0.1 2 TOUCH_MOVE m
1402905370012 6 4098 588.0 1060.9509 0.16666667 3.0 3.0 3.0 3.0 0.0 0.1 1 TOUCH_UP m
1402905370154 6 4098 488.5 854.451 0.26666668 5.0 5.0 5.0 5.0 0.0 0.22000001 0 TOUCH_DOWN u
1402905370172 6 4098 488.5 854.451 0.26666668 5.0 5.0 5.0 5.0 0.0 0.224 2 TOUCH_MOVE u
1402905370189 6 4098 488.5 854.451 0.23333335 5.0 5.0 5.0 5.0 0.0 0.18800001 2 TOUCH_MOVE u
1402905370193 6 4098 488.5 854.451 0.23333335 5.0 5.0 5.0 5.0 0.0 0.18800001 1 TOUCH_UP u
1402905370293 6 4098 208.5 989.451 0.3 5.0 5.0 5.0 5.0 0.0 0.2 0 TOUCH_DOWN d
1402905370336 6 4098 207.97758 989.451 0.3 5.0 5.0 5.0 5.0 0.0 0.19600001 2 TOUCH_MOVE d
1402905370346 6 4098 207.5 988.951 0.23333335 4.0 4.0 4.0 4.0 0.0 0.18 2 TOUCH_MOVE d
1402905370350 6 4098 207.5 988.951 0.23333335 4.0 4.0 4.0 4.0 0.0 0.18 1 TOUCH_UP d
1402905370374 6 4098 550.5 831.951 0.33333334 5.0 5.0 5.0 5.0 0.0 0.216 0 TOUCH_DOWN i
1402905370401 6 4098 550.5 831.951 0.26666668 5.0 5.0 5.0 5.0 0.0 0.16800001 2 TOUCH_MOVE i
1402905370405 6 4098 550.5 831.951 0.26666668 5.0 5.0 5.0 5.0 0.0 0.16800001 1 TOUCH_UP i
1402905370555 6 4098 606.0 956.451 0.23333335 4.0 4.0 4.0 4.0 0.0 0.20400001 0 TOUCH_DOWN k
1402905370579 6 4098 605.5 956.951 0.20000002 4.0 4.0 4.0 4.0 0.0 0.18400002 2 TOUCH_MOVE k
1402905370583 6 4098 605.5 956.951 0.20000002 4.0 4.0 4.0 4.0 0.0 0.18400002 1 TOUCH_UP k
