1402905896095 6 4098 485.5 1089.4509 0.23333335 4.0 4.0 4.0 4.0 0.0 0.21200001 0 TOUCH_DOWN N
1402905896133 6 4098 485.5 1089.4509 0.23333335 4.0 4.0 4.0 4.0 0.0 0.216 2 TOUCH_MOVE N
1402905896164 6 4098 485.5 1089.4509 0.20000002 4.0 4.0 4.0 4.0 0.0 0.14 2 TOUCH_MOVE N
1402905896175 6 4098 485.5 1089.4509 0.20000002 4.0 4.0 4.0 4.0 0.0 0.14 1 TOUCH_UP N
1402905896298 6 4098 79.0 966.451 0.20000002 4.0 4.0 4.0 4.0 0.0 0.18800001 0 TOUCH_DOWN a
1402905896310 6 4098 79.0 966.451 0.23333335 5.0 5.0 5.0 5.0 0.0 0.19600001 2 TOUCH_MOVE a
1402905896376 6 4098 78.54754 965.49854 0.23333335 5.0 5.0 5.0 5.0 0.0 0.2 2 TOUCH_MOVE a
1402905896389 6 4098 76.5 964.951 0.16666667 3.0 3.0 3.0 3.0 0.0 0.18 2 TOUCH_MOVE a
1402905896393 6 4098 76.5 964.951 0.16666667 3.0 3.0 3.0 3.0 0.0 0.18 1 TOUCH_UP a
1402905896652 6 4098 578.0 1087.9509 0.23333335 4.0 4.0 4.0 4.0 0.0 0.20400001 0 TOUCH_DOWN m
1402905896694 6 4098 579.24567 1087.9509 0.23333335 4.0 4.0 4.0 4.0 0.0 0.208 2 TOUCH_MOVE m
1402905896710 6 4098 580.6694 1087.9509 0.23333335 4.0 4.0 4.0 4.0 0.0 0.2 2 TOUCH_MOVE m
1402905896731 6 4098 582.5 1087.9509 0.13333334 2.0 2.0 2.0 2.0 0.0 0.116000004 2 TOUCH_MOVE m
1402905896738 6 4098 582.5 1087.9509 0.13333334 2.0 2.0 2.0 2.0 0.0 0.116000004 1 TOUCH_UP m
1402905896786 6 4098 66.0 963.451 0.16666667 3.0 3.0 3.0 3.0 0.0 0.18400002 0 TOUCH_DOWN a
1402905896794 6 4098 66.0 963.451 0.16666667 3.0 3.0 3.0 3.0 0.0 0.18800001 2 TOUCH_MOVE a
1402905896833 6 4098 68.114044 963.451 0.23333335 5.0 5.0 5.0 5.0 0.0 0.19600001 2 TOUCH_MOVE a
1402905896845 6 4098 70.36494 963.451 0.20000002 4.0 4.0 4.0 4.0 0.0 0.192 2 TOUCH_MOVE a
1402905896856 6 4098 70.5 963.451 0.20000002 4.0 4.0 4.0 4.0 0.0 0.18800001 2 TOUCH_MOVE a
1402905896860 6 4098 70.5 963.451 0.20000002 4.0 4.0 4.0 4.0 0.0 0.18800001 1 TOUCH_UP a
1402905896981 6 4098 364.0 1228.9509 0.23333335 4.0 4.0 4.0 4.0 0.0 0.20400001 0 TOUCH_DOWN Space
1402905897017 6 4098 362.93384 1228.9509 0.23333335 4.0 4.0 4.0 4.0 0.0 0.20400001 2 TOUCH_MOVE Space
1402905897029 6 4098 362.5 1229.4786 0.13333334 2.0 2.0 2.0 2.0 0.0 0.18 2 TOUCH_MOVE Space
1402905897050 6 4098 362.5 1229.4786 0.13333334 2.0 2.0 2.0 2.0 0.0 0.18 1 TOUCH_UP Space
1402905898742 6 4098 158.5 976.951 0.26666668 5.0 5.0 5.0 5.0 0.0 0.2 0 TOUCH_DOWN s
1402905898762 6 4098 158.5 976.951 0.26666668 5.0 5.0 5.0 5.0 0.0 0.20400001 2 TOUCH_MOVE s
1402905898780 6 4098 158.5 977.50116 0.26666668 5.0 5.0 5.0 5.0 0.0 0.21200001 2 TOUCH_MOVE s
1402905898795 6 4098 159.25 978.201 0.26666668 5.0 5.0 5.0 5.0 0.0 0.216 2 TOUCH_MOVE s
1402905898841 6 4098 159.0 977.951 0.23333335 5.0 5.0 5.0 5.0 0.0 0.18400002 2 TOUCH_MOVE s
1402905898845 6 4098 159.0 977.951 0.23333335 5.0 5.0 5.0 5.0 0.0 0.18400002 1 TOUCH_UP s
1402905898980 6 4098 93.0 965.951 0.23333335 5.0 5.0 5.0 5.0 0.0 0.192 0 TOUCH_DOWN a
1402905899004 6 4098 93.0 965.951 0.23333335 5.0 5.0 5.0 5.0 0.0 0.19600001 2 TOUCH_MOVE a
1402905899058 6 4098 93.0 965.951 0.23333335 5.0 5.0 5.0 5.0 0.0 0.19600001 1 TOUCH_UP a
1402905900502 6 4098 410.0 838.951 0.33333334 5.0 5.0 5.0 5.0 0.0 0.23600002 0 TOUCH_DOWN y
1402905900514 6 4098 409.599 838.55 0.36666667 6.0 6.0 6.0 6.0 0.0 0.24000001 2 TOUCH_MOVE y
1402905900532 6 4098 407.7756 835.0022 0.36666667 6.0 6.0 6.0 6.0 0.0 0.24400002 2 TOUCH_MOVE y
1402905900547 6 4098 407.0 832.2896 0.36666667 6.0 6.0 6.0 6.0 0.0 0.24400002 2 TOUCH_MOVE y
1402905900564 6 4098 409.2474 831.451 0.33333334 5.0 5.0 5.0 5.0 0.0 0.23200001 2 TOUCH_MOVE y
1402905900581 6 4098 410.5 831.451 0.26666668 4.0 4.0 4.0 4.0 0.0 0.192 2 TOUCH_MOVE y
1402905900598 6 4098 410.5 831.451 0.13333334 2.0 2.0 2.0 2.0 0.0 0.1 2 TOUCH_MOVE y
1402905900601 6 4098 410.5 831.451 0.13333334 2.0 2.0 2.0 2.0 0.0 0.1 1 TOUCH_UP y
1402905900628 6 4098 53.0 975.951 0.16666667 3.0 3.0 3.0 3.0 0.0 0.192 0 TOUCH_DOWN a
1402905900647 6 4098 53.0 975.951 0.16666667 3.0 3.0 3.0 3.0 0.0 0.19600001 2 TOUCH_MOVE a
1402905900664 6 4098 56.89153 975.3727 0.23333335 5.0 5.0 5.0 5.0 0.0 0.208 2 TOUCH_MOVE a
1402905900681 6 4098 61.534473 973.9372 0.23333335 5.0 5.0 5.0 5.0 0.0 0.21200001 2 TOUCH_MOVE a
1402905900697 6 4098 65.01139 972.9472 0.23333335 5.0 5.0 5.0 5.0 0.0 0.208 2 TOUCH_MOVE a
1402905900714 6 4098 67.44071 971.98065 0.23333335 5.0 5.0 5.0 5.0 0.0 0.208 2 TOUCH_MOVE a
1402905900731 6 4098 68.25 971.201 0.23333335 5.0 5.0 5.0 5.0 0.0 0.2 2 TOUCH_MOVE a
1402905900744 6 4098 68.0 971.451 0.16666667 3.0 3.0 3.0 3.0 0.0 0.17600001 2 TOUCH_MOVE a
1402905900747 6 4098 68.0 971.451 0.16666667 3.0 3.0 3.0 3.0 0.0 0.17600001 1 TOUCH_UP a
1402905900857 6 4098 329.0 1211.9509 0.26666668 5.0 5.0 5.0 5.0 0.0 0.22000001 0 TOUCH_DOWN Space
1402905900902 6 4098 329.0 1211.9509 0.26666668 5.0 5.0 5.0 5.0 0.0 0.22000001 1 TOUCH_UP Space
1402905909219 6 4098 82.5 979.951 0.23333335 4.0 4.0 4.0 4.0 0.0 0.192 0 TOUCH_DOWN a
1402905909238 6 4098 82.5 979.951 0.23333335 4.0 4.0 4.0 4.0 0.0 0.19600001 2 TOUCH_MOVE a
1402905909255 6 4098 83.092834 979.951 0.26666668 5.0 5.0 5.0 5.0 0.0 0.2 2 TOUCH_MOVE a
1402905909288 6 4098 83.5 979.64246 0.26666668 5.0 5.0 5.0 5.0 0.0 0.20400001 2 TOUCH_MOVE a
1402905909305 6 4098 83.5 978.11237 0.23333335 5.0 5.0 5.0 5.0 0.0 0.192 2 TOUCH_MOVE a
1402905909315 6 4098 83.5 977.451 0.20000002 4.0 4.0 4.0 4.0 0.0 0.18 2 TOUCH_MOVE a
1402905909318 6 4098 83.5 977.451 0.20000002 4.0 4.0 4.0 4.0 0.0 0.18 1 TOUCH_UP a
1402905909472 6 4098 232.0 831.451 0.33333334 5.0 5.0 5.0 5.0 0.0 0.216 0 TOUCH_DOWN r
1402905909493 6 4098 232.5309 830.15466 0.3 5.0 5.0 5.0 5.0 0.0 0.216 2 TOUCH_MOVE r
1402905909505 6 4098 234.95805 826.7639 0.3 5.0 5.0 5.0 5.0 0.0 0.216 2 TOUCH_MOVE r
1402905909528 6 4098 235.5 825.2148 0.26666668 4.0 4.0 4.0 4.0 0.0 0.18800001 2 TOUCH_MOVE r
1402905909532 6 4098 235.5 825.2148 0.26666668 4.0 4.0 4.0 4.0 0.0 0.18800001 1 TOUCH_UP r
1402905909669 6 4098 223.0 912.951 0.23333335 5.0 5.0 5.0 5.0 0.0 0.21200001 0 TOUCH_DOWN d
1402905909703 6 4098 223.41258 912.951 0.26666668 6.0 6.0 6.0 6.0 0.0 0.21200001 2 TOUCH_MOVE d
1402905909723 6 4098 225.25 912.951 0.26666668 6.0 6.0 6.0 6.0 0.0 0.216 2 TOUCH_MOVE d
1402905909747 6 4098 225.0 912.951 0.23333335 5.0 5.0 5.0 5.0 0.0 0.18800001 2 TOUCH_MOVE d
1402905909750 6 4098 225.0 912.951 0.23333335 5.0 5.0 5.0 5.0 0.0 0.18800001 1 TOUCH_UP d
1402905909817 6 4098 565.0 786.451 0.3 5.0 5.0 5.0 5.0 0.0 0.22000001 0 TOUCH_DOWN i
1402905909822 6 4098 565.0 786.451 0.3 5.0 5.0 5.0 5.0 0.0 0.22800002 2 TOUCH_MOVE i
1402905909839 6 4098 564.4998 786.451 0.3 5.0 5.0 5.0 5.0 0.0 0.22800002 2 TOUCH_MOVE i
1402905909858 6 4098 563.0386 785.951 0.3 5.0 5.0 5.0 5.0 0.0 0.22800002 2 TOUCH_MOVE i
1402905909868 6 4098 563.0 785.951 0.23333335 5.0 5.0 5.0 5.0 0.0 0.18 2 TOUCH_MOVE i
1402905909874 6 4098 563.0 785.951 0.23333335 5.0 5.0 5.0 5.0 0.0 0.18 1 TOUCH_UP i
1402905910597 6 4098 438.5 1207.9509 0.23333335 4.0 4.0 4.0 4.0 0.0 0.21200001 0 TOUCH_DOWN ,
1402905910609 6 4098 438.5 1208.2705 0.23333335 4.0 4.0 4.0 4.0 0.0 0.216 2 TOUCH_MOVE ,
1402905910627 6 4098 436.78052 1209.1908 0.23333335 4.0 4.0 4.0 4.0 0.0 0.216 2 TOUCH_MOVE ,
1402905910640 6 4098 433.76224 1209.6969 0.23333335 4.0 4.0 4.0 4.0 0.0 0.216 2 TOUCH_MOVE ,
1402905910656 6 4098 432.0 1209.9509 0.23333335 4.0 4.0 4.0 4.0 0.0 0.19600001 2 TOUCH_MOVE ,
1402905910665 6 4098 432.0 1209.9509 0.16666667 3.0 3.0 3.0 3.0 0.0 0.124000005 2 TOUCH_MOVE ,
1402905910668 6 4098 432.0 1209.9509 0.16666667 3.0 3.0 3.0 3.0 0.0 0.124000005 1 TOUCH_UP ,
1402905910875 6 4098 305.0 1210.4509 0.23333335 4.0 4.0 4.0 4.0 0.0 0.21200001 0 TOUCH_DOWN Space
1402905910893 6 4098 304.6508 1210.4509 0.23333335 4.0 4.0 4.0 4.0 0.0 0.208 2 TOUCH_MOVE Space
1402905910916 6 4098 304.5 1210.9509 0.16666667 3.0 3.0 3.0 3.0 0.0 0.104 2 TOUCH_MOVE Space
1402905910927 6 4098 304.5 1210.9509 0.16666667 3.0 3.0 3.0 3.0 0.0 0.104 1 TOUCH_UP Space
1402905920519 6 4098 86.5 970.451 0.20000002 4.0 4.0 4.0 4.0 0.0 0.192 0 TOUCH_DOWN a
1402905920535 6 4098 86.5 970.451 0.23333335 5.0 5.0 5.0 5.0 0.0 0.19600001 2 TOUCH_MOVE a
1402905920599 6 4098 86.0 969.201 0.23333335 5.0 5.0 5.0 5.0 0.0 0.2 2 TOUCH_MOVE a
1402905920614 6 4098 86.0 969.451 0.16666667 3.0 3.0 3.0 3.0 0.0 0.17600001 2 TOUCH_MOVE a
1402905920617 6 4098 86.0 969.451 0.16666667 3.0 3.0 3.0 3.0 0.0 0.17600001 1 TOUCH_UP a
1402905920815 6 4098 273.5 856.451 0.23333335 5.0 5.0 5.0 5.0 0.0 0.208 0 TOUCH_DOWN r
1402905920834 6 4098 273.95825 855.99274 0.23333335 5.0 5.0 5.0 5.0 0.0 0.21200001 2 TOUCH_MOVE r
1402905920849 6 4098 275.76828 854.56683 0.23333335 5.0 5.0 5.0 5.0 0.0 0.216 2 TOUCH_MOVE r
1402905920866 6 4098 276.0 854.451 0.23333335 5.0 5.0 5.0 5.0 0.0 0.216 2 TOUCH_MOVE r
1402905920878 6 4098 276.0 854.451 0.23333335 5.0 5.0 5.0 5.0 0.0 0.18400002 2 TOUCH_MOVE r
1402905920883 6 4098 276.0 854.451 0.23333335 5.0 5.0 5.0 5.0 0.0 0.18400002 1 TOUCH_UP r
1402905921041 6 4098 236.0 933.451 0.3 5.0 5.0 5.0 5.0 0.0 0.208 0 TOUCH_DOWN d
1402905921049 6 4098 236.0 933.451 0.3 5.0 5.0 5.0 5.0 0.0 0.21200001 2 TOUCH_MOVE d
1402905921097 6 4098 234.0 933.951 0.3 5.0 5.0 5.0 5.0 0.0 0.18 2 TOUCH_MOVE d
1402905921101 6 4098 234.0 933.951 0.3 5.0 5.0 5.0 5.0 0.0 0.18 1 TOUCH_UP d
1402905921305 6 4098 697.5 1088.9509 0.13333334 2.0 2.0 2.0 2.0 0.0 0.18400002 0 TOUCH_DOWN Back
1402905921318 6 4098 697.5 1089.8138 0.16666667 3.0 3.0 3.0 3.0 0.0 0.19600001 2 TOUCH_MOVE Back
1402905921343 6 4098 697.16284 1090.7881 0.16666667 3.0 3.0 3.0 3.0 0.0 0.192 2 TOUCH_MOVE Back
1402905921350 6 4098 695.7107 1091.7402 0.20000002 3.0 3.0 3.0 3.0 0.0 0.192 2 TOUCH_MOVE Back
1402905921358 6 4098 695.5 1091.9509 0.16666667 3.0 3.0 3.0 3.0 0.0 0.164 2 TOUCH_MOVE Back
1402905921362 6 4098 695.5 1091.9509 0.16666667 3.0 3.0 3.0 3.0 0.0 0.164 1 TOUCH_UP Back
1402905921448 6 4098 689.0 1090.9509 0.23333335 4.0 4.0 4.0 4.0 0.0 0.18800001 0 TOUCH_DOWN Back
1402905921467 6 4098 689.0 1091.4835 0.23333335 4.0 4.0 4.0 4.0 0.0 0.19600001 2 TOUCH_MOVE Back
1402905921483 6 4098 689.0 1092.4323 0.23333335 4.0 4.0 4.0 4.0 0.0 0.19600001 2 TOUCH_MOVE Back
1402905921501 6 4098 688.5388 1092.9509 0.20000002 3.0 3.0 3.0 3.0 0.0 0.192 2 TOUCH_MOVE Back
1402905921504 6 4098 688.5 1092.9509 0.20000002 3.0 3.0 3.0 3.0 0.0 0.18 2 TOUCH_MOVE Back
1402905921507 6 4098 688.5 1092.9509 0.20000002 3.0 3.0 3.0 3.0 0.0 0.18 1 TOUCH_UP Back
1402905921594 6 4098 679.0 1086.9509 0.20000002 4.0 4.0 4.0 4.0 0.0 0.192 0 TOUCH_DOWN Back
1402905921601 6 4098 679.0 1086.9509 0.20000002 4.0 4.0 4.0 4.0 0.0 0.20400001 2 TOUCH_MOVE Back
1402905921650 6 4098 679.5923 1086.9509 0.23333335 4.0 4.0 4.0 4.0 0.0 0.2 2 TOUCH_MOVE Back
1402905921666 6 4098 680.0132 1086.9509 0.20000002 4.0 4.0 4.0 4.0 0.0 0.18 2 TOUCH_MOVE Back
1402905921672 6 4098 680.0132 1086.9509 0.20000002 4.0 4.0 4.0 4.0 0.0 0.18 1 TOUCH_UP Back
1402905922057 6 4098 633.5 828.951 0.33333334 5.0 5.0 5.0 5.0 0.0 0.208 0 TOUCH_DOWN o
1402905922067 6 4098 633.5 828.951 0.33333334 5.0 5.0 5.0 5.0 0.0 0.216 2 TOUCH_MOVE o
1402905922088 6 4098 632.6581 828.951 0.33333334 5.0 5.0 5.0 5.0 0.0 0.224 2 TOUCH_MOVE o
1402905922100 6 4098 631.36066 828.951 0.33333334 5.0 5.0 5.0 5.0 0.0 0.224 2 TOUCH_MOVE o
1402905922117 6 4098 631.0 830.0545 0.3 5.0 5.0 5.0 5.0 0.0 0.208 2 TOUCH_MOVE o
1402905922131 6 4098 631.0 829.951 0.26666668 4.0 4.0 4.0 4.0 0.0 0.18400002 2 TOUCH_MOVE o
1402905922135 6 4098 631.0 829.951 0.26666668 4.0 4.0 4.0 4.0 0.0 0.18400002 1 TOUCH_UP o
1402905922181 6 4098 262.0 862.451 0.23333335 5.0 5.0 5.0 5.0 0.0 0.20400001 0 TOUCH_DOWN r
1402905922200 6 4098 263.76974 862.451 0.23333335 5.0 5.0 5.0 5.0 0.0 0.21200001 2 TOUCH_MOVE r
1402905922217 6 4098 266.2718 861.951 0.23333335 5.0 5.0 5.0 5.0 0.0 0.21200001 2 TOUCH_MOVE r
1402905922234 6 4098 267.25 861.951 0.23333335 5.0 5.0 5.0 5.0 0.0 0.208 2 TOUCH_MOVE r
1402905922248 6 4098 267.0 861.951 0.20000002 4.0 4.0 4.0 4.0 0.0 0.18 2 TOUCH_MOVE r
1402905922252 6 4098 267.0 861.951 0.20000002 4.0 4.0 4.0 4.0 0.0 0.18 1 TOUCH_UP r
1402905922431 6 4098 98.0 959.951 0.23333335 4.0 4.0 4.0 4.0 0.0 0.192 0 TOUCH_DOWN a
1402905922463 6 4098 98.0 959.951 0.23333335 4.0 4.0 4.0 4.0 0.0 0.2 2 TOUCH_MOVE a
1402905922501 6 4098 97.23277 958.6838 0.26666668 5.0 5.0 5.0 5.0 0.0 0.192 2 TOUCH_MOVE a
1402905922508 6 4098 97.0 958.451 0.23333335 4.0 4.0 4.0 4.0 0.0 0.172 2 TOUCH_MOVE a
1402905922511 6 4098 97.0 958.451 0.23333335 4.0 4.0 4.0 4.0 0.0 0.172 1 TOUCH_UP a
1402905922584 6 4098 495.5 1086.9509 0.20000002 4.0 4.0 4.0 4.0 0.0 0.2 0 TOUCH_DOWN n
1402905922601 6 4098 495.5 1086.9509 0.23333335 4.0 4.0 4.0 4.0 0.0 0.2 2 TOUCH_MOVE n
1402905922618 6 4098 492.5056 1087.4509 0.23333335 4.0 4.0 4.0 4.0 0.0 0.19600001 2 TOUCH_MOVE n
1402905922634 6 4098 488.7557 1085.6427 0.20000002 4.0 4.0 4.0 4.0 0.0 0.192 2 TOUCH_MOVE n
1402905922648 6 4098 487.5 1084.9509 0.13333334 2.0 2.0 2.0 2.0 0.0 0.128 2 TOUCH_MOVE n
1402905922652 6 4098 487.5 1084.9509 0.13333334 2.0 2.0 2.0 2.0 0.0 0.128 1 TOUCH_UP n
1402905922848 6 4098 339.5 940.451 0.36666667 6.0 6.0 6.0 6.0 0.0 0.24800001 0 TOUCH_DOWN g
1402905922876 6 4098 339.5 939.9682 0.36666667 6.0 6.0 6.0 6.0 0.0 0.24400002 2 TOUCH_MOVE g
1402905922892 6 4098 339.5 939.951 0.26666668 4.0 4.0 4.0 4.0 0.0 0.208 2 TOUCH_MOVE g
1402905922896 6 4098 339.5 939.951 0.26666668 4.0 4.0 4.0 4.0 0.0 0.208 1 TOUCH_UP g
1402905923424 6 4098 350.5 1216.4509 0.26666668 5.0 5.0 5.0 5.0 0.0 0.224 0 TOUCH_DOWN Space
1402905923449 6 4098 350.0 1216.6686 0.26666668 5.0 5.0 5.0 5.0 0.0 0.224 2 TOUCH_MOVE Space
1402905923460 6 4098 349.5 1217.4509 0.16666667 3.0 3.0 3.0 3.0 0.0 0.18400002 2 TOUCH_MOVE Space
1402905923464 6 4098 349.5 1217.4509 0.16666667 3.0 3.0 3.0 3.0 0.0 0.18400002 1 TOUCH_UP Space
1402905923547 6 4098 133.0 980.451 0.26666668 5.0 5.0 5.0 5.0 0.0 0.20400001 0 TOUCH_DOWN s
1402905923602 6 4098 133.9252 980.451 0.26666668 5.0 5.0 5.0 5.0 0.0 0.208 2 TOUCH_MOVE s
1402905923618 6 4098 135.94301 979.63666 0.26666668 5.0 5.0 5.0 5.0 0.0 0.208 2 TOUCH_MOVE s
1402905923634 6 4098 139.5 977.951 0.20000002 4.0 4.0 4.0 4.0 0.0 0.18800001 2 TOUCH_MOVE s
1402905923638 6 4098 139.5 977.951 0.20000002 4.0 4.0 4.0 4.0 0.0 0.18800001 1 TOUCH_UP s
1402905923757 6 4098 267.5 850.951 0.23333335 5.0 5.0 5.0 5.0 0.0 0.208 0 TOUCH_DOWN r
1402905923770 6 4098 267.5 850.951 0.23333335 5.0 5.0 5.0 5.0 0.0 0.21200001 2 TOUCH_MOVE r
1402905923802 6 4098 265.5 850.951 0.20000002 4.0 4.0 4.0 4.0 0.0 0.192 2 TOUCH_MOVE r
1402905923806 6 4098 265.5 850.951 0.13333334 2.0 2.0 2.0 2.0 0.0 0.124000005 2 TOUCH_MOVE r
1402905923810 6 4098 265.5 850.951 0.13333334 2.0 2.0 2.0 2.0 0.0 0.124000005 1 TOUCH_UP r
1402905923954 6 4098 93.0 967.951 0.23333335 5.0 5.0 5.0 5.0 0.0 0.2 0 TOUCH_DOWN a
1402905924031 6 4098 93.0 967.951 0.20000002 4.0 4.0 4.0 4.0 0.0 0.164 2 TOUCH_MOVE a
1402905924037 6 4098 93.0 967.951 0.20000002 4.0 4.0 4.0 4.0 0.0 0.164 1 TOUCH_UP a
1402905924333 6 4098 661.0 1076.9509 0.20000002 4.0 4.0 4.0 4.0 0.0 0.19600001 0 TOUCH_DOWN Back
1402905924359 6 4098 661.0 1077.6625 0.20000002 4.0 4.0 4.0 4.0 0.0 0.19600001 2 TOUCH_MOVE Back
1402905924369 6 4098 661.0 1078.6238 0.20000002 4.0 4.0 4.0 4.0 0.0 0.192 2 TOUCH_MOVE Back
1402905924383 6 4098 661.0 1079.4509 0.20000002 4.0 4.0 4.0 4.0 0.0 0.17600001 2 TOUCH_MOVE Back
1402905924386 6 4098 661.0 1079.4509 0.20000002 4.0 4.0 4.0 4.0 0.0 0.17600001 1 TOUCH_UP Back
1402905924469 6 4098 666.0 1085.9509 0.23333335 5.0 5.0 5.0 5.0 0.0 0.2 0 TOUCH_DOWN Back
1402905924486 6 4098 666.0 1085.9509 0.26666668 5.0 5.0 5.0 5.0 0.0 0.2 2 TOUCH_MOVE Back
1402905924534 6 4098 666.0 1085.9509 0.20000002 4.0 4.0 4.0 4.0 0.0 0.16800001 2 TOUCH_MOVE Back
1402905924540 6 4098 666.0 1085.9509 0.20000002 4.0 4.0 4.0 4.0 0.0 0.16800001 1 TOUCH_UP Back
1402905924638 6 4098 660.5 1071.4509 0.26666668 5.0 5.0 5.0 5.0 0.0 0.20400001 0 TOUCH_DOWN Back
1402905924698 6 4098 660.5 1071.4509 0.20000002 4.0 4.0 4.0 4.0 0.0 0.18 2 TOUCH_MOVE Back
1402905924703 6 4098 660.5 1071.4509 0.20000002 4.0 4.0 4.0 4.0 0.0 0.18 1 TOUCH_UP Back
1402905925212 6 4098 681.0 1089.4509 0.23333335 4.0 4.0 4.0 4.0 0.0 0.192 0 TOUCH_DOWN Back
1402905925234 6 4098 681.0 1089.7578 0.23333335 4.0 4.0 4.0 4.0 0.0 0.19600001 2 TOUCH_MOVE Back
1402905925269 6 4098 681.72894 1091.6799 0.23333335 4.0 4.0 4.0 4.0 0.0 0.19600001 2 TOUCH_MOVE Back
1402905925279 6 4098 682.0 1092.9509 0.16666667 3.0 3.0 3.0 3.0 0.0 0.120000005 2 TOUCH_MOVE Back
1402905925283 6 4098 682.0 1092.9509 0.16666667 3.0 3.0 3.0 3.0 0.0 0.120000005 1 TOUCH_UP Back
1402905925372 6 4098 679.0 1087.4509 0.20000002 4.0 4.0 4.0 4.0 0.0 0.19600001 0 TOUCH_DOWN Back
1402905925391 6 4098 679.0 1087.4509 0.23333335 4.0 4.0 4.0 4.0 0.0 0.19600001 2 TOUCH_MOVE Back
1402905925441 6 4098 679.0 1087.4509 0.23333335 4.0 4.0 4.0 4.0 0.0 0.19600001 1 TOUCH_UP Back
1402905926706 6 4098 499.5 1105.4509 0.33333334 5.0 5.0 5.0 5.0 0.0 0.21200001 0 TOUCH_DOWN n
1402905926785 6 4098 499.5 1105.4509 0.23333335 5.0 5.0 5.0 5.0 0.0 0.18400002 2 TOUCH_MOVE n
1402905926790 6 4098 499.5 1105.4509 0.23333335 5.0 5.0 5.0 5.0 0.0 0.18400002 1 TOUCH_UP n
1402905926912 6 4098 356.0 992.451 0.33333334 5.0 5.0 5.0 5.0 0.0 0.22800002 0 TOUCH_DOWN g
1402905926953 6 4098 356.0 992.451 0.33333334 5.0 5.0 5.0 5.0 0.0 0.22800002 1 TOUCH_UP g
1402905927162 6 4098 328.0 1218.9509 0.26666668 5.0 5.0 5.0 5.0 0.0 0.208 0 TOUCH_DOWN Space
1402905927181 6 4098 328.0 1218.9509 0.26666668 5.0 5.0 5.0 5.0 0.0 0.18800001 2 TOUCH_MOVE Space
1402905927190 6 4098 328.0 1218.9509 0.26666668 5.0 5.0 5.0 5.0 0.0 0.18800001 1 TOUCH_UP Space
1402905927485 6 4098 690.0 1085.4509 0.20000002 4.0 4.0 4.0 4.0 0.0 0.19600001 0 TOUCH_DOWN Back
1402905927507 6 4098 690.0 1086.244 0.23333335 4.0 4.0 4.0 4.0 0.0 0.2 2 TOUCH_MOVE Back
1402905927534 6 4098 690.73755 1087.1885 0.23333335 4.0 4.0 4.0 4.0 0.0 0.20400001 2 TOUCH_MOVE Back
1402905927539 6 4098 692.9277 1088.1648 0.23333335 4.0 4.0 4.0 4.0 0.0 0.2 2 TOUCH_MOVE Back
1402905927555 6 4098 693.5 1088.4509 0.13333334 2.0 2.0 2.0 2.0 0.0 0.172 2 TOUCH_MOVE Back
1402905927562 6 4098 693.5 1088.4509 0.13333334 2.0 2.0 2.0 2.0 0.0 0.172 1 TOUCH_UP Back
1402905927635 6 4098 677.5 1086.4509 0.20000002 4.0 4.0 4.0 4.0 0.0 0.19600001 0 TOUCH_DOWN Back
1402905927700 6 4098 677.5 1086.4509 0.20000002 4.0 4.0 4.0 4.0 0.0 0.19600001 1 TOUCH_UP Back
1402905927789 6 4098 679.0 1077.4509 0.23333335 4.0 4.0 4.0 4.0 0.0 0.20400001 0 TOUCH_DOWN Back
1402905927887 6 4098 679.0 1077.4509 0.23333335 4.0 4.0 4.0 4.0 0.0 0.20400001 1 TOUCH_UP Back
1402905928223 6 4098 664.5 1089.4509 0.26666668 5.0 5.0 5.0 5.0 0.0 0.192 0 TOUCH_DOWN Back
1402905928247 6 4098 664.5 1089.4509 0.26666668 5.0 5.0 5.0 5.0 0.0 0.2 2 TOUCH_MOVE Back
1402905928280 6 4098 664.5 1089.4509 0.26666668 5.0 5.0 5.0 5.0 0.0 0.2 1 TOUCH_UP Back
1402905928376 6 4098 664.0 1089.4509 0.26666668 5.0 5.0 5.0 5.0 0.0 0.19600001 0 TOUCH_DOWN Back
1402905928430 6 4098 664.5 1089.4509 0.23333335 5.0 5.0 5.0 5.0 0.0 0.18 2 TOUCH_MOVE Back
1402905928434 6 4098 664.5 1089.4509 0.23333335 5.0 5.0 5.0 5.0 0.0 0.18 1 TOUCH_UP Back
1402905928522 6 4098 670.0 1094.9509 0.3 5.0 5.0 5.0 5.0 0.0 0.2 0 TOUCH_DOWN Back
1402905928600 6 4098 670.0 1094.9509 0.3 5.0 5.0 5.0 5.0 0.0 0.2 1 TOUCH_UP Back
1402905928679 6 4098 672.0 1084.4509 0.23333335 5.0 5.0 5.0 5.0 0.0 0.19600001 0 TOUCH_DOWN Back
1402905928707 6 4098 672.0 1084.4509 0.23333335 5.0 5.0 5.0 5.0 0.0 0.2 2 TOUCH_MOVE Back
1402905928724 6 4098 672.62225 1085.5732 0.23333335 4.0 4.0 4.0 4.0 0.0 0.192 2 TOUCH_MOVE Back
1402905928733 6 4098 673.0 1085.9509 0.23333335 4.0 4.0 4.0 4.0 0.0 0.18 2 TOUCH_MOVE Back
1402905928737 6 4098 673.0 1085.9509 0.23333335 4.0 4.0 4.0 4.0 0.0 0.18 1 TOUCH_UP Back
1402905929533 6 4098 621.0 802.951 0.23333335 5.0 5.0 5.0 5.0 0.0 0.192 0 TOUCH_DOWN o
1402905929542 6 4098 621.0 802.951 0.23333335 5.0 5.0 5.0 5.0 0.0 0.20400001 2 TOUCH_MOVE o
1402905929560 6 4098 619.4653 803.7184 0.26666668 5.0 5.0 5.0 5.0 0.0 0.22000001 2 TOUCH_MOVE o
1402905929580 6 4098 617.1104 804.64575 0.26666668 5.0 5.0 5.0 5.0 0.0 0.224 2 TOUCH_MOVE o
1402905929598 6 4098 615.7814 805.6696 0.26666668 5.0 5.0 5.0 5.0 0.0 0.224 2 TOUCH_MOVE o
1402905929608 6 4098 615.5 806.6326 0.26666668 5.0 5.0 5.0 5.0 0.0 0.216 2 TOUCH_MOVE o
1402905929626 6 4098 615.5 807.451 0.26666668 5.0 5.0 5.0 5.0 0.0 0.18 2 TOUCH_MOVE o
1402905929630 6 4098 615.5 807.451 0.26666668 5.0 5.0 5.0 5.0 0.0 0.18 1 TOUCH_UP o
1402905930283 6 4098 681.5 1096.4509 0.26666668 4.0 4.0 4.0 4.0 0.0 0.2 0 TOUCH_DOWN Back
1402905930344 6 4098 681.5 1096.4509 0.20000002 4.0 4.0 4.0 4.0 0.0 0.17600001 2 TOUCH_MOVE Back
1402905930347 6 4098 681.5 1096.4509 0.20000002 4.0 4.0 4.0 4.0 0.0 0.17600001 1 TOUCH_UP Back
1402905930555 6 4098 601.5 815.951 0.3 5.0 5.0 5.0 5.0 0.0 0.22800002 0 TOUCH_DOWN o
1402905930560 6 4098 601.5 815.951 0.33333334 6.0 6.0 6.0 6.0 0.0 0.23200001 2 TOUCH_MOVE o
1402905930592 6 4098 598.9801 815.951 0.33333334 6.0 6.0 6.0 6.0 0.0 0.23200001 2 TOUCH_MOVE o
1402905930621 6 4098 599.0 815.951 0.26666668 5.0 5.0 5.0 5.0 0.0 0.15200001 2 TOUCH_MOVE o
1402905930625 6 4098 599.0 815.951 0.26666668 5.0 5.0 5.0 5.0 0.0 0.15200001 1 TOUCH_UP o
1402905930690 6 4098 257.0 867.951 0.26666668 5.0 5.0 5.0 5.0 0.0 0.208 0 TOUCH_DOWN r
1402905930708 6 4098 257.76575 867.5681 0.26666668 5.0 5.0 5.0 5.0 0.0 0.21200001 2 TOUCH_MOVE r
1402905930726 6 4098 260.3537 865.8107 0.26666668 5.0 5.0 5.0 5.0 0.0 0.21200001 2 TOUCH_MOVE r
1402905930742 6 4098 262.5 863.7709 0.23333335 5.0 5.0 5.0 5.0 0.0 0.20400001 2 TOUCH_MOVE r
1402905930750 6 4098 262.5 863.451 0.20000002 4.0 4.0 4.0 4.0 0.0 0.18800001 2 TOUCH_MOVE r
1402905930754 6 4098 262.5 863.451 0.20000002 4.0 4.0 4.0 4.0 0.0 0.18800001 1 TOUCH_UP r
1402905930906 6 4098 96.0 955.451 0.23333335 4.0 4.0 4.0 4.0 0.0 0.192 0 TOUCH_DOWN a
1402905930931 6 4098 96.0 955.451 0.26666668 5.0 5.0 5.0 5.0 0.0 0.19600001 2 TOUCH_MOVE a
1402905930976 6 4098 96.576965 955.451 0.26666668 5.0 5.0 5.0 5.0 0.0 0.2 2 TOUCH_MOVE a
1402905930992 6 4098 96.576965 955.451 0.26666668 5.0 5.0 5.0 5.0 0.0 0.2 1 TOUCH_UP a
1402905931025 6 4098 478.0 1084.9509 0.23333335 4.0 4.0 4.0 4.0 0.0 0.208 0 TOUCH_DOWN n
1402905931042 6 4098 478.0 1084.9509 0.23333335 4.0 4.0 4.0 4.0 0.0 0.21200001 2 TOUCH_MOVE n
1402905931059 6 4098 472.4969 1083.9502 0.20000002 4.0 4.0 4.0 4.0 0.0 0.19600001 2 TOUCH_MOVE n
1402905931071 6 4098 466.0 1082.4509 0.20000002 4.0 4.0 4.0 4.0 0.0 0.18 2 TOUCH_MOVE n
1402905931076 6 4098 466.0 1082.4509 0.20000002 4.0 4.0 4.0 4.0 0.0 0.18 1 TOUCH_UP n
1402905931198 6 4098 345.0 936.951 0.33333334 5.0 5.0 5.0 5.0 0.0 0.22800002 0 TOUCH_DOWN g
1402905931227 6 4098 345.0 937.4949 0.33333334 5.0 5.0 5.0 5.0 0.0 0.224 2 TOUCH_MOVE g
1402905931235 6 4098 345.0 937.451 0.26666668 4.0 4.0 4.0 4.0 0.0 0.2 2 TOUCH_MOVE g
1402905931239 6 4098 345.0 937.451 0.26666668 4.0 4.0 4.0 4.0 0.0 0.2 1 TOUCH_UP g
1402905931418 6 4098 302.0 1209.4509 0.23333335 4.0 4.0 4.0 4.0 0.0 0.22000001 0 TOUCH_DOWN Space
1402905931446 6 4098 301.19873 1209.6016 0.23333335 4.0 4.0 4.0 4.0 0.0 0.216 2 TOUCH_MOVE Space
1402905931459 6 4098 298.61017 1209.321 0.23333335 4.0 4.0 4.0 4.0 0.0 0.18800001 2 TOUCH_MOVE Space
1402905931463 6 4098 298.61017 1209.321 0.23333335 4.0 4.0 4.0 4.0 0.0 0.18800001 1 TOUCH_UP Space
1402905931626 6 4098 334.0 968.451 0.36666667 6.0 6.0 6.0 6.0 0.0 0.24800001 0 TOUCH_DOWN g
1402905931661 6 4098 332.3201 966.0912 0.36666667 6.0 6.0 6.0 6.0 0.0 0.24800001 2 TOUCH_MOVE g
1402905931680 6 4098 332.0 964.951 0.3 5.0 5.0 5.0 5.0 0.0 0.23600002 2 TOUCH_MOVE g
1402905931685 6 4098 332.0 964.951 0.26666668 5.0 5.0 5.0 5.0 0.0 0.20400001 2 TOUCH_MOVE g
1402905931690 6 4098 332.0 964.951 0.26666668 5.0 5.0 5.0 5.0 0.0 0.20400001 1 TOUCH_UP g
1402905931726 6 4098 74.0 972.451 0.20000002 4.0 4.0 4.0 4.0 0.0 0.19600001 0 TOUCH_DOWN a
1402905931743 6 4098 74.0 972.451 0.23333335 5.0 5.0 5.0 5.0 0.0 0.2 2 TOUCH_MOVE a
1402905931780 6 4098 75.34715 972.451 0.23333335 5.0 5.0 5.0 5.0 0.0 0.208 2 TOUCH_MOVE a
1402905931793 6 4098 76.386856 972.06415 0.23333335 5.0 5.0 5.0 5.0 0.0 0.20400001 2 TOUCH_MOVE a
1402905931810 6 4098 77.353676 971.5973 0.23333335 5.0 5.0 5.0 5.0 0.0 0.20400001 2 TOUCH_MOVE a
1402905931824 6 4098 78.5 970.951 0.16666667 3.0 3.0 3.0 3.0 0.0 0.18400002 2 TOUCH_MOVE a
1402905931827 6 4098 78.5 970.951 0.16666667 3.0 3.0 3.0 3.0 0.0 0.18400002 1 TOUCH_UP a
1402905931947 6 4098 460.5 1106.4509 0.26666668 4.0 4.0 4.0 4.0 0.0 0.208 0 TOUCH_DOWN b
1402905931960 6 4098 460.5 1106.4509 0.26666668 4.0 4.0 4.0 4.0 0.0 0.20400001 2 TOUCH_MOVE b
1402905931977 6 4098 460.5 1106.4509 0.26666668 4.0 4.0 4.0 4.0 0.0 0.20400001 1 TOUCH_UP b
1402905932180 6 4098 316.5 857.951 0.23333335 5.0 5.0 5.0 5.0 0.0 0.20400001 0 TOUCH_DOWN t
1402905932244 6 4098 317.0 857.951 0.23333335 5.0 5.0 5.0 5.0 0.0 0.20400001 2 TOUCH_MOVE t
1402905932248 6 4098 317.0 857.951 0.23333335 5.0 5.0 5.0 5.0 0.0 0.20400001 1 TOUCH_UP t
1402905932367 6 4098 170.0 831.951 0.33333334 5.0 5.0 5.0 5.0 0.0 0.20400001 0 TOUCH_DOWN e
1402905932378 6 4098 170.0 831.951 0.33333334 5.0 5.0 5.0 5.0 0.0 0.208 2 TOUCH_MOVE e
1402905932393 6 4098 170.53438 831.951 0.33333334 5.0 5.0 5.0 5.0 0.0 0.21200001 2 TOUCH_MOVE e
1402905932410 6 4098 173.10162 831.951 0.33333334 5.0 5.0 5.0 5.0 0.0 0.20400001 2 TOUCH_MOVE e
1402905932423 6 4098 174.0 832.451 0.3 5.0 5.0 5.0 5.0 0.0 0.18800001 2 TOUCH_MOVE e
1402905932430 6 4098 174.0 832.451 0.3 5.0 5.0 5.0 5.0 0.0 0.18800001 1 TOUCH_UP e
1402905932568 6 4098 664.0 1086.4509 0.23333335 5.0 5.0 5.0 5.0 0.0 0.192 0 TOUCH_DOWN Back
1402905932577 6 4098 664.0 1086.4509 0.26666668 5.0 5.0 5.0 5.0 0.0 0.19600001 2 TOUCH_MOVE Back
1402905932598 6 4098 664.6346 1087.5854 0.26666668 5.0 5.0 5.0 5.0 0.0 0.19600001 2 TOUCH_MOVE Back
1402905932610 6 4098 666.134 1089.0848 0.26666668 5.0 5.0 5.0 5.0 0.0 0.2 2 TOUCH_MOVE Back
1402905932627 6 4098 668.25 1090.4509 0.26666668 5.0 5.0 5.0 5.0 0.0 0.192 2 TOUCH_MOVE Back
1402905932629 6 4098 668.5 1090.9509 0.26666668 5.0 5.0 5.0 5.0 0.0 0.18400002 2 TOUCH_MOVE Back
1402905932633 6 4098 668.5 1090.9509 0.26666668 5.0 5.0 5.0 5.0 0.0 0.18400002 1 TOUCH_UP Back
1402905932715 6 4098 667.0 1092.4509 0.26666668 5.0 5.0 5.0 5.0 0.0 0.2 0 TOUCH_DOWN Back
1402905932779 6 4098 667.5331 1092.4509 0.26666668 5.0 5.0 5.0 5.0 0.0 0.192 2 TOUCH_MOVE Back
1402905932801 6 4098 667.5331 1092.4509 0.26666668 5.0 5.0 5.0 5.0 0.0 0.192 1 TOUCH_UP Back
1402905932859 6 4098 669.5 1084.9509 0.23333335 5.0 5.0 5.0 5.0 0.0 0.2 0 TOUCH_DOWN Back
1402905932940 6 4098 669.5 1084.9509 0.20000002 4.0 4.0 4.0 4.0 0.0 0.17600001 2 TOUCH_MOVE Back
1402905932945 6 4098 669.5 1084.9509 0.20000002 4.0 4.0 4.0 4.0 0.0 0.17600001 1 TOUCH_UP Back
1402905933202 6 4098 475.0 1090.9509 0.26666668 4.0 4.0 4.0 4.0 0.0 0.216 0 TOUCH_DOWN n
1402905933376 6 4098 475.0 1090.9509 0.23333335 4.0 4.0 4.0 4.0 0.0 0.18800001 2 TOUCH_MOVE n
1402905933381 6 4098 475.0 1090.9509 0.23333335 4.0 4.0 4.0 4.0 0.0 0.18800001 1 TOUCH_UP n
1402905933527 6 4098 336.5 854.951 0.20000002 4.0 4.0 4.0 4.0 0.0 0.18800001 0 TOUCH_DOWN t
1402905933557 6 4098 336.5 854.951 0.20000002 4.0 4.0 4.0 4.0 0.0 0.18800001 1 TOUCH_UP t
1402905933888 6 4098 167.0 831.951 0.33333334 5.0 5.0 5.0 5.0 0.0 0.19600001 0 TOUCH_DOWN e
1402905933945 6 4098 167.0 831.951 0.26666668 5.0 5.0 5.0 5.0 0.0 0.148 2 TOUCH_MOVE e
1402905933950 6 4098 167.0 831.951 0.26666668 5.0 5.0 5.0 5.0 0.0 0.148 1 TOUCH_UP e
1402905934080 6 4098 494.5 1105.9509 0.3 5.0 5.0 5.0 5.0 0.0 0.21200001 0 TOUCH_DOWN n
1402905934099 6 4098 494.0897 1105.9509 0.3 5.0 5.0 5.0 5.0 0.0 0.216 2 TOUCH_MOVE n
1402905934111 6 4098 492.08008 1105.3376 0.26666668 4.0 4.0 4.0 4.0 0.0 0.21200001 2 TOUCH_MOVE n
1402905934133 6 4098 488.5 1101.4509 0.23333335 4.0 4.0 4.0 4.0 0.0 0.18800001 2 TOUCH_MOVE n
1402905934136 6 4098 488.5 1101.4509 0.23333335 4.0 4.0 4.0 4.0 0.0 0.18800001 1 TOUCH_UP n
1402905934241 6 4098 380.5 967.451 0.3 5.0 5.0 5.0 5.0 0.0 0.23200001 0 TOUCH_DOWN g
1402905934245 6 4098 380.5 967.451 0.3 5.0 5.0 5.0 5.0 0.0 0.24000001 2 TOUCH_MOVE g
1402905934269 6 4098 379.0678 966.0188 0.33333334 5.0 5.0 5.0 5.0 0.0 0.23600002 2 TOUCH_MOVE g
1402905934292 6 4098 378.0 963.20044 0.3 5.0 5.0 5.0 5.0 0.0 0.224 2 TOUCH_MOVE g
1402905934301 6 4098 378.0 962.451 0.16666667 3.0 3.0 3.0 3.0 0.0 0.1 2 TOUCH_MOVE g
1402905934320 6 4098 378.0 962.451 0.16666667 3.0 3.0 3.0 3.0 0.0 0.1 1 TOUCH_UP g
1402905934544 6 4098 326.0 1208.4509 0.26666668 5.0 5.0 5.0 5.0 0.0 0.216 0 TOUCH_DOWN Space
1402905934579 6 4098 324.75 1208.9509 0.26666668 5.0 5.0 5.0 5.0 0.0 0.21200001 2 TOUCH_MOVE Space
1402905934597 6 4098 324.75 1208.9509 0.26666668 5.0 5.0 5.0 5.0 0.0 0.21200001 1 TOUCH_UP Space
1402905935508 6 4098 222.0 969.951 0.26666668 6.0 6.0 6.0 6.0 0.0 0.216 0 TOUCH_DOWN d
1402905935546 6 4098 223.81396 969.951 0.26666668 6.0 6.0 6.0 6.0 0.0 0.22000001 2 TOUCH_MOVE d
1402905935563 6 4098 224.25 969.951 0.26666668 6.0 6.0 6.0 6.0 0.0 0.216 2 TOUCH_MOVE d
1402905935582 6 4098 224.0 969.951 0.16666667 3.0 3.0 3.0 3.0 0.0 0.104 2 TOUCH_MOVE d
1402905935587 6 4098 224.0 969.951 0.16666667 3.0 3.0 3.0 3.0 0.0 0.104 1 TOUCH_UP d
1402905935700 6 4098 84.0 969.451 0.20000002 4.0 4.0 4.0 4.0 0.0 0.19600001 0 TOUCH_DOWN a
1402905935717 6 4098 84.0 969.451 0.23333335 5.0 5.0 5.0 5.0 0.0 0.20400001 2 TOUCH_MOVE a
1402905935746 6 4098 88.33644 968.2828 0.23333335 5.0 5.0 5.0 5.0 0.0 0.20400001 2 TOUCH_MOVE a
1402905935763 6 4098 94.121506 964.7033 0.26666668 5.0 5.0 5.0 5.0 0.0 0.20400001 2 TOUCH_MOVE a
1402905935780 6 4098 97.5 962.451 0.26666668 5.0 5.0 5.0 5.0 0.0 0.192 2 TOUCH_MOVE a
1402905935784 6 4098 97.5 962.451 0.26666668 5.0 5.0 5.0 5.0 0.0 0.192 1 TOUCH_UP a
1402905935893 6 4098 271.0 874.451 0.3 5.0 5.0 5.0 5.0 0.0 0.216 0 TOUCH_DOWN r
1402905935915 6 4098 271.0 874.451 0.3 5.0 5.0 5.0 5.0 0.0 0.22000001 2 TOUCH_MOVE r
1402905935947 6 4098 270.5 874.951 0.3 5.0 5.0 5.0 5.0 0.0 0.20400001 2 TOUCH_MOVE r
1402905935953 6 4098 270.5 874.951 0.3 5.0 5.0 5.0 5.0 0.0 0.18 2 TOUCH_MOVE r
1402905935957 6 4098 270.5 874.951 0.3 5.0 5.0 5.0 5.0 0.0 0.18 1 TOUCH_UP r
1402905936008 6 4098 555.0 836.451 0.33333334 5.0 5.0 5.0 5.0 0.0 0.224 0 TOUCH_DOWN i
1402905936013 6 4098 555.0 836.451 0.33333334 5.0 5.0 5.0 5.0 0.0 0.22800002 2 TOUCH_MOVE i
1402905936031 6 4098 554.45154 835.9025 0.33333334 5.0 5.0 5.0 5.0 0.0 0.23200001 2 TOUCH_MOVE i
1402905936047 6 4098 553.43823 835.451 0.3 5.0 5.0 5.0 5.0 0.0 0.22000001 2 TOUCH_MOVE i
1402905936059 6 4098 553.43823 835.451 0.3 5.0 5.0 5.0 5.0 0.0 0.22000001 1 TOUCH_UP i
1402905936342 6 4098 347.0 1224.4509 0.26666668 5.0 5.0 5.0 5.0 0.0 0.21200001 0 TOUCH_DOWN Space
1402905936366 6 4098 346.56598 1224.4509 0.23333335 4.0 4.0 4.0 4.0 0.0 0.208 2 TOUCH_MOVE Space
1402905936381 6 4098 345.75 1224.4509 0.23333335 4.0 4.0 4.0 4.0 0.0 0.19600001 2 TOUCH_MOVE Space
1402905936392 6 4098 345.75 1224.4509 0.23333335 4.0 4.0 4.0 4.0 0.0 0.19600001 1 TOUCH_UP Space
1402905936838 6 4098 148.0 979.951 0.23333335 4.0 4.0 4.0 4.0 0.0 0.19600001 0 TOUCH_DOWN s
1402905936849 6 4098 148.0 979.951 0.26666668 5.0 5.0 5.0 5.0 0.0 0.19600001 2 TOUCH_MOVE s
1402905936914 6 4098 148.57721 978.2966 0.20000002 4.0 4.0 4.0 4.0 0.0 0.172 2 TOUCH_MOVE s
1402905936918 6 4098 148.57721 978.2966 0.20000002 4.0 4.0 4.0 4.0 0.0 0.172 1 TOUCH_UP s
1402905937038 6 4098 269.0 860.951 0.23333335 5.0 5.0 5.0 5.0 0.0 0.208 0 TOUCH_DOWN r
1402905937084 6 4098 269.0 860.951 0.20000002 4.0 4.0 4.0 4.0 0.0 0.18400002 2 TOUCH_MOVE r
1402905937090 6 4098 269.0 860.951 0.20000002 4.0 4.0 4.0 4.0 0.0 0.18400002 1 TOUCH_UP r
1402905937244 6 4098 96.5 956.951 0.26666668 5.0 5.0 5.0 5.0 0.0 0.19600001 0 TOUCH_DOWN a
1402905937268 6 4098 96.5 956.951 0.26666668 5.0 5.0 5.0 5.0 0.0 0.2 2 TOUCH_MOVE a
1402905937295 6 4098 96.5 955.951 0.26666668 4.0 4.0 4.0 4.0 0.0 0.18800001 2 TOUCH_MOVE a
1402905937300 6 4098 96.5 955.951 0.26666668 4.0 4.0 4.0 4.0 0.0 0.18800001 1 TOUCH_UP a
1402905937336 6 4098 352.5 940.451 0.33333334 5.0 5.0 5.0 5.0 0.0 0.23200001 0 TOUCH_DOWN g
1402905937361 6 4098 352.5 940.451 0.33333334 5.0 5.0 5.0 5.0 0.0 0.23600002 2 TOUCH_MOVE g
1402905937379 6 4098 352.5 940.451 0.33333334 5.0 5.0 5.0 5.0 0.0 0.23600002 1 TOUCH_UP g
1402905937488 6 4098 183.5 823.451 0.3 5.0 5.0 5.0 5.0 0.0 0.208 0 TOUCH_DOWN e
1402905937498 6 4098 185.12598 823.0757 0.3 5.0 5.0 5.0 5.0 0.0 0.21200001 2 TOUCH_MOVE e
1402905937528 6 4098 189.35147 820.77527 0.3 5.0 5.0 5.0 5.0 0.0 0.21200001 2 TOUCH_MOVE e
1402905937535 6 4098 191.49893 819.70154 0.26666668 4.0 4.0 4.0 4.0 0.0 0.19600001 2 TOUCH_MOVE e
1402905937541 6 4098 191.49893 819.70154 0.26666668 4.0 4.0 4.0 4.0 0.0 0.19600001 1 TOUCH_UP e
1402905937700 6 4098 490.0 1116.9509 0.3 5.0 5.0 5.0 5.0 0.0 0.22000001 0 TOUCH_DOWN n
1402905937718 6 4098 490.0 1116.9509 0.3 5.0 5.0 5.0 5.0 0.0 0.216 2 TOUCH_MOVE n
1402905937728 6 4098 490.0 1116.9509 0.26666668 4.0 4.0 4.0 4.0 0.0 0.18400002 2 TOUCH_MOVE n
1402905937732 6 4098 490.0 1116.9509 0.26666668 4.0 4.0 4.0 4.0 0.0 0.18400002 1 TOUCH_UP n
1402905940246 6 4098 443.0 1207.4509 0.26666668 5.0 5.0 5.0 5.0 0.0 0.2 0 TOUCH_DOWN ,
1402905940256 6 4098 442.6596 1207.7914 0.23333335 4.0 4.0 4.0 4.0 0.0 0.20400001 2 TOUCH_MOVE ,
1402905940282 6 4098 439.59772 1208.7313 0.23333335 4.0 4.0 4.0 4.0 0.0 0.208 2 TOUCH_MOVE ,
1402905940301 6 4098 431.8044 1208.9509 0.23333335 4.0 4.0 4.0 4.0 0.0 0.216 2 TOUCH_MOVE ,
1402905940317 6 4098 431.25 1208.9509 0.23333335 4.0 4.0 4.0 4.0 0.0 0.216 2 TOUCH_MOVE ,
1402905940336 6 4098 431.25 1208.9509 0.23333335 4.0 4.0 4.0 4.0 0.0 0.216 1 TOUCH_UP ,
1402905940689 6 4098 322.5 1184.9509 0.3 5.0 5.0 5.0 5.0 0.0 0.224 0 TOUCH_DOWN Space
1402905940701 6 4098 322.5 1184.9509 0.3 5.0 5.0 5.0 5.0 0.0 0.22800002 2 TOUCH_MOVE Space
1402905940750 6 4098 324.0 1187.4509 0.23333335 5.0 5.0 5.0 5.0 0.0 0.18 2 TOUCH_MOVE Space
1402905940756 6 4098 324.0 1187.4509 0.23333335 5.0 5.0 5.0 5.0 0.0 0.18 1 TOUCH_UP Space
1402905951709 6 4098 158.5 980.451 0.26666668 5.0 5.0 5.0 5.0 0.0 0.192 0 TOUCH_DOWN s
1402905951743 6 4098 158.5 979.85956 0.26666668 5.0 5.0 5.0 5.0 0.0 0.19600001 2 TOUCH_MOVE s
1402905951778 6 4098 158.5 979.451 0.23333335 5.0 5.0 5.0 5.0 0.0 0.14400001 2 TOUCH_MOVE s
1402905951783 6 4098 158.5 979.451 0.23333335 5.0 5.0 5.0 5.0 0.0 0.14400001 1 TOUCH_UP s
1402905951880 6 4098 213.0 862.451 0.23333335 5.0 5.0 5.0 5.0 0.0 0.21200001 0 TOUCH_DOWN e
1402905951895 6 4098 213.0 862.451 0.23333335 5.0 5.0 5.0 5.0 0.0 0.216 2 TOUCH_MOVE e
1402905951928 6 4098 212.02756 862.451 0.26666668 6.0 6.0 6.0 6.0 0.0 0.216 2 TOUCH_MOVE e
1402905951944 6 4098 211.5 862.451 0.20000002 4.0 4.0 4.0 4.0 0.0 0.18400002 2 TOUCH_MOVE e
1402905951948 6 4098 211.5 862.451 0.20000002 4.0 4.0 4.0 4.0 0.0 0.18400002 1 TOUCH_UP e
1402905952070 6 4098 591.0 945.951 0.23333335 4.0 4.0 4.0 4.0 0.0 0.18400002 0 TOUCH_DOWN k
1402905952107 6 4098 590.7121 946.7389 0.20000002 4.0 4.0 4.0 4.0 0.0 0.18800001 2 TOUCH_MOVE k
1402905952109 6 4098 590.5 946.951 0.13333334 2.0 2.0 2.0 2.0 0.0 0.112 2 TOUCH_MOVE k
1402905952116 6 4098 590.5 946.951 0.13333334 2.0 2.0 2.0 2.0 0.0 0.112 1 TOUCH_UP k
1402905952166 6 4098 92.5 974.951 0.20000002 4.0 4.0 4.0 4.0 0.0 0.18400002 0 TOUCH_DOWN a
1402905952251 6 4098 92.5 974.951 0.20000002 4.0 4.0 4.0 4.0 0.0 0.18400002 1 TOUCH_UP a
1402905952365 6 4098 274.5 858.451 0.23333335 5.0 5.0 5.0 5.0 0.0 0.216 0 TOUCH_DOWN r
1402905952412 6 4098 272.3319 858.15894 0.23333335 5.0 5.0 5.0 5.0 0.0 0.20400001 2 TOUCH_MOVE r
1402905952429 6 4098 269.5 857.451 0.13333334 2.0 2.0 2.0 2.0 0.0 0.108 2 TOUCH_MOVE r
1402905952433 6 4098 269.5 857.451 0.13333334 2.0 2.0 2.0 2.0 0.0 0.108 1 TOUCH_UP r
1402905952582 6 4098 98.5 972.951 0.23333335 5.0 5.0 5.0 5.0 0.0 0.192 0 TOUCH_DOWN a
1402905952639 6 4098 98.5 972.951 0.20000002 4.0 4.0 4.0 4.0 0.0 0.16000001 2 TOUCH_MOVE a
1402905952643 6 4098 98.5 972.951 0.20000002 4.0 4.0 4.0 4.0 0.0 0.16000001 1 TOUCH_UP a
1402905952668 6 4098 482.0 1110.9509 0.3 5.0 5.0 5.0 5.0 0.0 0.216 0 TOUCH_DOWN n
1402905952681 6 4098 482.0 1110.9509 0.3 5.0 5.0 5.0 5.0 0.0 0.22000001 2 TOUCH_MOVE n
1402905952695 6 4098 480.38553 1110.9509 0.3 5.0 5.0 5.0 5.0 0.0 0.216 2 TOUCH_MOVE n
1402905952712 6 4098 478.0 1110.4509 0.20000002 4.0 4.0 4.0 4.0 0.0 0.18400002 2 TOUCH_MOVE n
1402905952719 6 4098 478.0 1110.4509 0.20000002 4.0 4.0 4.0 4.0 0.0 0.18400002 1 TOUCH_UP n
1402905952865 6 4098 321.5 980.951 0.3 5.0 5.0 5.0 5.0 0.0 0.24000001 0 TOUCH_DOWN f
1402905952881 6 4098 321.5 980.951 0.3 5.0 5.0 5.0 5.0 0.0 0.23200001 2 TOUCH_MOVE f
1402905952902 6 4098 321.5 980.951 0.26666668 4.0 4.0 4.0 4.0 0.0 0.19600001 2 TOUCH_MOVE f
1402905952906 6 4098 321.5 980.951 0.26666668 4.0 4.0 4.0 4.0 0.0 0.19600001 1 TOUCH_UP f
1402905953068 6 4098 298.5 1228.4509 0.26666668 5.0 5.0 5.0 5.0 0.0 0.21200001 0 TOUCH_DOWN Space
1402905953113 6 4098 298.5 1229.4509 0.20000002 4.0 4.0 4.0 4.0 0.0 0.18400002 2 TOUCH_MOVE Space
1402905953117 6 4098 298.5 1229.4509 0.20000002 4.0 4.0 4.0 4.0 0.0 0.18400002 1 TOUCH_UP Space
1402905953466 6 4098 708.0 1093.9509 0.23333335 4.0 4.0 4.0 4.0 0.0 0.192 0 TOUCH_DOWN Back
1402905953487 6 4098 708.0 1094.1204 0.23333335 4.0 4.0 4.0 4.0 0.0 0.19600001 2 TOUCH_MOVE Back
1402905953496 6 4098 708.0 1094.7534 0.23333335 4.0 4.0 4.0 4.0 0.0 0.19600001 2 TOUCH_MOVE Back
1402905953514 6 4098 708.0 1095.6083 0.23333335 4.0 4.0 4.0 4.0 0.0 0.192 2 TOUCH_MOVE Back
1402905953525 6 4098 708.0 1095.6083 0.23333335 4.0 4.0 4.0 4.0 0.0 0.192 1 TOUCH_UP Back
1402905953628 6 4098 684.0 1085.4509 0.20000002 4.0 4.0 4.0 4.0 0.0 0.2 0 TOUCH_DOWN Back
1402905953635 6 4098 684.0 1085.4509 0.20000002 4.0 4.0 4.0 4.0 0.0 0.20400001 2 TOUCH_MOVE Back
1402905953692 6 4098 684.0 1085.4509 0.20000002 4.0 4.0 4.0 4.0 0.0 0.20400001 1 TOUCH_UP Back
1402905953797 6 4098 369.5 950.451 0.3 5.0 5.0 5.0 5.0 0.0 0.21200001 0 TOUCH_DOWN g
1402905953830 6 4098 370.01642 950.451 0.3 5.0 5.0 5.0 5.0 0.0 0.22000001 2 TOUCH_MOVE g
1402905953849 6 4098 370.75 950.451 0.3 5.0 5.0 5.0 5.0 0.0 0.216 2 TOUCH_MOVE g
1402905953875 6 4098 370.75 950.451 0.3 5.0 5.0 5.0 5.0 0.0 0.216 1 TOUCH_UP g
1402905954096 6 4098 308.5 1229.4509 0.26666668 5.0 5.0 5.0 5.0 0.0 0.216 0 TOUCH_DOWN Space
1402905954121 6 4098 308.02832 1229.4509 0.26666668 5.0 5.0 5.0 5.0 0.0 0.21200001 2 TOUCH_MOVE Space
1402905954131 6 4098 307.09692 1229.4509 0.26666668 5.0 5.0 5.0 5.0 0.0 0.21200001 2 TOUCH_MOVE Space
1402905954144 6 4098 307.0 1229.4509 0.26666668 5.0 5.0 5.0 5.0 0.0 0.208 2 TOUCH_MOVE Space
1402905954148 6 4098 307.0 1229.4509 0.26666668 5.0 5.0 5.0 5.0 0.0 0.208 1 TOUCH_UP Space
1402905954360 6 4098 680.5 962.951 0.23333335 4.0 4.0 4.0 4.0 0.0 0.2 0 TOUCH_DOWN l
1402905954397 6 4098 682.1427 961.3083 0.23333335 4.0 4.0 4.0 4.0 0.0 0.2 2 TOUCH_MOVE l
1402905954413 6 4098 682.5 960.951 0.16666667 3.0 3.0 3.0 3.0 0.0 0.104 2 TOUCH_MOVE l
1402905954417 6 4098 682.5 960.951 0.16666667 3.0 3.0 3.0 3.0 0.0 0.104 1 TOUCH_UP l
1402905954444 6 4098 75.0 982.451 0.26666668 5.0 5.0 5.0 5.0 0.0 0.2 0 TOUCH_DOWN a
1402905954532 6 4098 76.5 980.951 0.20000002 4.0 4.0 4.0 4.0 0.0 0.156 2 TOUCH_MOVE a
1402905954538 6 4098 76.5 980.951 0.20000002 4.0 4.0 4.0 4.0 0.0 0.156 1 TOUCH_UP a
1402905954708 6 4098 364.0 944.451 0.33333334 5.0 5.0 5.0 5.0 0.0 0.224 0 TOUCH_DOWN g
1402905954764 6 4098 364.0 944.451 0.13333334 2.0 2.0 2.0 2.0 0.0 0.120000005 2 TOUCH_MOVE g
1402905954769 6 4098 364.0 944.451 0.13333334 2.0 2.0 2.0 2.0 0.0 0.120000005 1 TOUCH_UP g
1402905954838 6 4098 558.5 834.951 0.3 5.0 5.0 5.0 5.0 0.0 0.23600002 0 TOUCH_DOWN i
1402905954847 6 4098 558.16754 834.951 0.33333334 5.0 5.0 5.0 5.0 0.0 0.23200001 2 TOUCH_MOVE i
1402905954864 6 4098 556.4327 834.951 0.33333334 5.0 5.0 5.0 5.0 0.0 0.23600002 2 TOUCH_MOVE i
1402905954881 6 4098 552.19763 841.0857 0.26666668 5.0 5.0 5.0 5.0 0.0 0.21200001 2 TOUCH_MOVE i
1402905954888 6 4098 550.5 845.451 0.23333335 5.0 5.0 5.0 5.0 0.0 0.17600001 2 TOUCH_MOVE i
1402905954892 6 4098 550.5 845.451 0.23333335 5.0 5.0 5.0 5.0 0.0 0.17600001 1 TOUCH_UP i
1402905955141 6 4098 325.0 1238.4509 0.23333335 5.0 5.0 5.0 5.0 0.0 0.19600001 0 TOUCH_DOWN Space
1402905955174 6 4098 325.0 1238.9509 0.20000002 5.0 5.0 5.0 5.0 0.0 0.18 2 TOUCH_MOVE Space
1402905955183 6 4098 325.0 1238.9509 0.20000002 5.0 5.0 5.0 5.0 0.0 0.18 1 TOUCH_UP Space
1402905955403 6 4098 469.0 1092.9509 0.3 5.0 5.0 5.0 5.0 0.0 0.22000001 0 TOUCH_DOWN n
1402905955425 6 4098 468.7076 1093.2433 0.26666668 4.0 4.0 4.0 4.0 0.0 0.22000001 2 TOUCH_MOVE n
1402905955431 6 4098 467.96716 1093.9838 0.3 5.0 5.0 5.0 5.0 0.0 0.216 2 TOUCH_MOVE n
1402905955448 6 4098 467.5 1093.9509 0.20000002 4.0 4.0 4.0 4.0 0.0 0.17600001 2 TOUCH_MOVE n
1402905955454 6 4098 467.5 1093.9509 0.20000002 4.0 4.0 4.0 4.0 0.0 0.17600001 1 TOUCH_UP n
1402905955593 6 4098 359.0 948.451 0.33333334 5.0 5.0 5.0 5.0 0.0 0.24000001 0 TOUCH_DOWN g
1402905955632 6 4098 359.0 948.451 0.33333334 5.0 5.0 5.0 5.0 0.0 0.24000001 1 TOUCH_UP g
1402905955774 6 4098 484.0 799.951 0.3 5.0 5.0 5.0 5.0 0.0 0.23200001 0 TOUCH_DOWN u
1402905955782 6 4098 484.0 799.951 0.26666668 5.0 5.0 5.0 5.0 0.0 0.22800002 2 TOUCH_MOVE u
1402905955806 6 4098 484.0 799.951 0.23333335 4.0 4.0 4.0 4.0 0.0 0.18400002 2 TOUCH_MOVE u
1402905955811 6 4098 484.0 799.951 0.23333335 4.0 4.0 4.0 4.0 0.0 0.18400002 1 TOUCH_UP u
1402905956006 6 4098 637.0 949.951 0.26666668 4.0 4.0 4.0 4.0 0.0 0.20400001 0 TOUCH_DOWN l
1402905956015 6 4098 637.0 949.951 0.26666668 4.0 4.0 4.0 4.0 0.0 0.208 2 TOUCH_MOVE l
1402905956049 6 4098 640.03064 952.30475 0.3 5.0 5.0 5.0 5.0 0.0 0.21200001 2 TOUCH_MOVE l
1402905956065 6 4098 642.962 953.605 0.23333335 4.0 4.0 4.0 4.0 0.0 0.208 2 TOUCH_MOVE l
1402905956082 6 4098 644.62225 953.451 0.16666667 3.0 3.0 3.0 3.0 0.0 0.1 2 TOUCH_MOVE l
1402905956089 6 4098 644.62225 953.451 0.16666667 3.0 3.0 3.0 3.0 0.0 0.1 1 TOUCH_UP l
1402905956183 6 4098 538.5 829.951 0.33333334 5.0 5.0 5.0 5.0 0.0 0.23200001 0 TOUCH_DOWN i
1402905956236 6 4098 539.0 829.951 0.3 5.0 5.0 5.0 5.0 0.0 0.19600001 2 TOUCH_MOVE i
1402905956240 6 4098 539.0 829.951 0.3 5.0 5.0 5.0 5.0 0.0 0.19600001 1 TOUCH_UP i
1402905970223 6 4098 331.0 1213.4509 0.26666668 5.0 5.0 5.0 5.0 0.0 0.21200001 0 TOUCH_DOWN Space
1402905970232 6 4098 331.0 1213.4509 0.26666668 5.0 5.0 5.0 5.0 0.0 0.224 2 TOUCH_MOVE Space
1402905970291 6 4098 331.0 1213.4509 0.26666668 5.0 5.0 5.0 5.0 0.0 0.18400002 2 TOUCH_MOVE Space
1402905970295 6 4098 331.0 1213.4509 0.26666668 5.0 5.0 5.0 5.0 0.0 0.18400002 1 TOUCH_UP Space
1402905970744 6 4098 539.5 831.951 0.33333334 5.0 5.0 5.0 5.0 0.0 0.23200001 0 TOUCH_DOWN i
1402905970767 6 4098 539.5 831.951 0.33333334 5.0 5.0 5.0 5.0 0.0 0.22800002 2 TOUCH_MOVE i
1402905970779 6 4098 539.5 831.951 0.3 5.0 5.0 5.0 5.0 0.0 0.18 2 TOUCH_MOVE i
1402905970783 6 4098 539.5 831.951 0.3 5.0 5.0 5.0 5.0 0.0 0.18 1 TOUCH_UP i
1402905971053 6 4098 668.5 1062.9509 0.3 5.0 5.0 5.0 5.0 0.0 0.208 0 TOUCH_DOWN Back
1402905971096 6 4098 668.0 1063.9509 0.23333335 4.0 4.0 4.0 4.0 0.0 0.18 2 TOUCH_MOVE Back
1402905971100 6 4098 668.0 1063.9509 0.23333335 4.0 4.0 4.0 4.0 0.0 0.18 1 TOUCH_UP Back
1402905971143 6 4098 246.5 962.451 0.26666668 5.0 5.0 5.0 5.0 0.0 0.20400001 0 TOUCH_DOWN d
1402905971153 6 4098 246.5 962.451 0.23333335 5.0 5.0 5.0 5.0 0.0 0.20400001 2 TOUCH_MOVE d
1402905971179 6 4098 243.54259 962.451 0.23333335 5.0 5.0 5.0 5.0 0.0 0.20400001 2 TOUCH_MOVE d
1402905971191 6 4098 238.5 962.451 0.20000002 4.0 4.0 4.0 4.0 0.0 0.18 2 TOUCH_MOVE d
1402905971196 6 4098 238.5 962.451 0.20000002 4.0 4.0 4.0 4.0 0.0 0.18 1 TOUCH_UP d
1402905971266 6 4098 520.0 849.951 0.33333334 6.0 6.0 6.0 6.0 0.0 0.23600002 0 TOUCH_DOWN i
1402905971279 6 4098 520.0 849.951 0.3 5.0 5.0 5.0 5.0 0.0 0.22800002 2 TOUCH_MOVE i
1402905971296 6 4098 520.0 849.951 0.23333335 5.0 5.0 5.0 5.0 0.0 0.20400001 2 TOUCH_MOVE i
1402905971304 6 4098 520.0 849.951 0.13333334 2.0 2.0 2.0 2.0 0.0 0.108 2 TOUCH_MOVE i
1402905971309 6 4098 520.0 849.951 0.13333334 2.0 2.0 2.0 2.0 0.0 0.108 1 TOUCH_UP i
1402905971512 6 4098 333.5 1217.9509 0.26666668 5.0 5.0 5.0 5.0 0.0 0.23200001 0 TOUCH_DOWN Space
1402905971536 6 4098 333.5 1218.2783 0.26666668 5.0 5.0 5.0 5.0 0.0 0.22800002 2 TOUCH_MOVE Space
1402905971546 6 4098 332.79056 1219.1604 0.26666668 5.0 5.0 5.0 5.0 0.0 0.19600001 2 TOUCH_MOVE Space
1402905971555 6 4098 333.0 1218.9509 0.13333334 3.0 3.0 3.0 3.0 0.0 0.108 2 TOUCH_MOVE Space
1402905971559 6 4098 333.0 1218.9509 0.13333334 3.0 3.0 3.0 3.0 0.0 0.108 1 TOUCH_UP Space
1402905971790 6 4098 550.0 979.951 0.26666668 5.0 5.0 5.0 5.0 0.0 0.22000001 0 TOUCH_DOWN k
1402905971797 6 4098 550.0 979.951 0.26666668 5.0 5.0 5.0 5.0 0.0 0.21200001 2 TOUCH_MOVE k
1402905971815 6 4098 550.5 978.951 0.26666668 5.0 5.0 5.0 5.0 0.0 0.19600001 2 TOUCH_MOVE k
1402905971818 6 4098 550.5 978.951 0.26666668 5.0 5.0 5.0 5.0 0.0 0.19600001 1 TOUCH_UP k
1402905971932 6 4098 624.5 841.451 0.3 5.0 5.0 5.0 5.0 0.0 0.22000001 0 TOUCH_DOWN o
1402905971951 6 4098 624.5 841.451 0.3 5.0 5.0 5.0 5.0 0.0 0.224 2 TOUCH_MOVE o
1402905971996 6 4098 624.5 841.451 0.3 5.0 5.0 5.0 5.0 0.0 0.224 1 TOUCH_UP o
1402905972082 6 4098 249.0 809.951 0.26666668 5.0 5.0 5.0 5.0 0.0 0.208 0 TOUCH_DOWN r
1402905972116 6 4098 249.94376 809.951 0.26666668 5.0 5.0 5.0 5.0 0.0 0.21200001 2 TOUCH_MOVE r
1402905972130 6 4098 250.75 809.951 0.26666668 5.0 5.0 5.0 5.0 0.0 0.208 2 TOUCH_MOVE r
1402905972161 6 4098 249.5 809.451 0.16666667 3.0 3.0 3.0 3.0 0.0 0.112 2 TOUCH_MOVE r
1402905972165 6 4098 249.5 809.451 0.16666667 3.0 3.0 3.0 3.0 0.0 0.112 1 TOUCH_UP r
1402905972296 6 4098 162.0 794.451 0.23333335 5.0 5.0 5.0 5.0 0.0 0.192 0 TOUCH_DOWN e
1402905972344 6 4098 162.0 794.451 0.23333335 5.0 5.0 5.0 5.0 0.0 0.156 2 TOUCH_MOVE e
1402905972348 6 4098 162.0 794.451 0.23333335 5.0 5.0 5.0 5.0 0.0 0.156 1 TOUCH_UP e
1402905972604 6 4098 58.5 968.951 0.16666667 3.0 3.0 3.0 3.0 0.0 0.18800001 0 TOUCH_DOWN a
1402905972667 6 4098 56.809536 967.99066 0.16666667 3.0 3.0 3.0 3.0 0.0 0.18400002 2 TOUCH_MOVE a
1402905972673 6 4098 56.0 967.451 0.16666667 3.0 3.0 3.0 3.0 0.0 0.172 2 TOUCH_MOVE a
1402905972680 6 4098 56.0 967.451 0.16666667 3.0 3.0 3.0 3.0 0.0 0.172 1 TOUCH_UP a
1402905973097 6 4098 415.0 1196.9509 0.26666668 4.0 4.0 4.0 4.0 0.0 0.22000001 0 TOUCH_DOWN ,
1402905973122 6 4098 415.0 1196.9509 0.3 5.0 5.0 5.0 5.0 0.0 0.224 2 TOUCH_MOVE ,
1402905973148 6 4098 414.38483 1196.9509 0.26666668 4.0 4.0 4.0 4.0 0.0 0.216 2 TOUCH_MOVE ,
1402905973156 6 4098 414.5 1196.9509 0.13333334 2.0 2.0 2.0 2.0 0.0 0.17600001 2 TOUCH_MOVE ,
1402905973161 6 4098 414.5 1196.9509 0.13333334 2.0 2.0 2.0 2.0 0.0 0.17600001 1 TOUCH_UP ,
1402905973307 6 4098 305.0 1211.4509 0.26666668 5.0 5.0 5.0 5.0 0.0 0.22800002 0 TOUCH_DOWN Space
1402905973365 6 4098 305.0 1211.4509 0.23333335 4.0 4.0 4.0 4.0 0.0 0.17600001 2 TOUCH_MOVE Space
1402905973368 6 4098 305.0 1211.4509 0.23333335 4.0 4.0 4.0 4.0 0.0 0.17600001 1 TOUCH_UP Space
1402905975702 6 4098 162.0 959.451 0.26666668 5.0 5.0 5.0 5.0 0.0 0.2 0 TOUCH_DOWN s
1402905975731 6 4098 161.9591 958.7874 0.26666668 5.0 5.0 5.0 5.0 0.0 0.2 2 TOUCH_MOVE s
1402905975737 6 4098 159.69771 949.7418 0.3 5.0 5.0 5.0 5.0 0.0 0.19600001 2 TOUCH_MOVE s
1402905975745 6 4098 159.5 948.951 0.16666667 3.0 3.0 3.0 3.0 0.0 0.104 2 TOUCH_MOVE s
1402905975749 6 4098 159.5 948.951 0.16666667 3.0 3.0 3.0 3.0 0.0 0.104 1 TOUCH_UP s
1402905975850 6 4098 204.0 848.451 0.26666668 5.0 5.0 5.0 5.0 0.0 0.20400001 0 TOUCH_DOWN e
1402905975867 6 4098 204.0 848.451 0.26666668 5.0 5.0 5.0 5.0 0.0 0.208 2 TOUCH_MOVE e
1402905975884 6 4098 204.0 847.888 0.26666668 5.0 5.0 5.0 5.0 0.0 0.208 2 TOUCH_MOVE e
1402905975901 6 4098 204.0 847.201 0.26666668 5.0 5.0 5.0 5.0 0.0 0.20400001 2 TOUCH_MOVE e
1402905975924 6 4098 204.5 847.451 0.23333335 4.0 4.0 4.0 4.0 0.0 0.18400002 2 TOUCH_MOVE e
1402905975929 6 4098 204.5 847.451 0.23333335 4.0 4.0 4.0 4.0 0.0 0.18400002 1 TOUCH_UP e
1402905976057 6 4098 396.5 1101.4509 0.3 5.0 5.0 5.0 5.0 0.0 0.224 0 TOUCH_DOWN b
1402905976092 6 4098 396.5 1101.4509 0.3 5.0 5.0 5.0 5.0 0.0 0.18400002 2 TOUCH_MOVE b
1402905976096 6 4098 396.5 1101.4509 0.3 5.0 5.0 5.0 5.0 0.0 0.18400002 1 TOUCH_UP b
1402905976205 6 4098 205.0 835.451 0.3 5.0 5.0 5.0 5.0 0.0 0.20400001 0 TOUCH_DOWN e
1402905976256 6 4098 205.0 835.451 0.26666668 4.0 4.0 4.0 4.0 0.0 0.17600001 2 TOUCH_MOVE e
1402905976259 6 4098 205.0 835.451 0.26666668 4.0 4.0 4.0 4.0 0.0 0.17600001 1 TOUCH_UP e
1402905976419 6 4098 477.0 1098.9509 0.26666668 4.0 4.0 4.0 4.0 0.0 0.21200001 0 TOUCH_DOWN n
1402905976438 6 4098 477.0 1098.9509 0.26666668 4.0 4.0 4.0 4.0 0.0 0.208 2 TOUCH_MOVE n
1402905976457 6 4098 477.0 1098.9509 0.26666668 4.0 4.0 4.0 4.0 0.0 0.208 1 TOUCH_UP n
1402905976829 6 4098 343.0 853.451 0.26666668 6.0 6.0 6.0 6.0 0.0 0.21200001 0 TOUCH_DOWN t
1402905976835 6 4098 343.0 853.451 0.23333335 5.0 5.0 5.0 5.0 0.0 0.208 2 TOUCH_MOVE t
1402905976859 6 4098 343.0 853.451 0.23333335 5.0 5.0 5.0 5.0 0.0 0.18 2 TOUCH_MOVE t
1402905976863 6 4098 343.0 853.451 0.23333335 5.0 5.0 5.0 5.0 0.0 0.18 1 TOUCH_UP t
1402905977035 6 4098 87.5 945.451 0.26666668 4.0 4.0 4.0 4.0 0.0 0.192 0 TOUCH_DOWN a
1402905977085 6 4098 88.57046 945.451 0.3 5.0 5.0 5.0 5.0 0.0 0.192 2 TOUCH_MOVE a
1402905977104 6 4098 89.0 944.951 0.20000002 3.0 3.0 3.0 3.0 0.0 0.124000005 2 TOUCH_MOVE a
1402905977110 6 4098 89.0 944.951 0.20000002 3.0 3.0 3.0 3.0 0.0 0.124000005 1 TOUCH_UP a
1402905977244 6 4098 268.5 846.451 0.26666668 5.0 5.0 5.0 5.0 0.0 0.21200001 0 TOUCH_DOWN r
1402905977254 6 4098 268.8285 846.1225 0.26666668 5.0 5.0 5.0 5.0 0.0 0.216 2 TOUCH_MOVE r
1402905977274 6 4098 269.5 845.28925 0.3 5.0 5.0 5.0 5.0 0.0 0.22000001 2 TOUCH_MOVE r
1402905977285 6 4098 269.5 844.3221 0.3 5.0 5.0 5.0 5.0 0.0 0.21200001 2 TOUCH_MOVE r
1402905977302 6 4098 267.8115 843.35675 0.23333335 4.0 4.0 4.0 4.0 0.0 0.18 2 TOUCH_MOVE r
1402905977307 6 4098 267.8115 843.35675 0.23333335 4.0 4.0 4.0 4.0 0.0 0.18 1 TOUCH_UP r
1402905977429 6 4098 328.5 1217.4509 0.26666668 5.0 5.0 5.0 5.0 0.0 0.22000001 0 TOUCH_DOWN Space
1402905977455 6 4098 328.5 1217.4509 0.26666668 5.0 5.0 5.0 5.0 0.0 0.216 2 TOUCH_MOVE Space
1402905977472 6 4098 328.5 1217.4509 0.26666668 5.0 5.0 5.0 5.0 0.0 0.216 1 TOUCH_UP Space
1402905977695 6 4098 670.5 957.451 0.26666668 5.0 5.0 5.0 5.0 0.0 0.2 0 TOUCH_DOWN l
1402905977752 6 4098 670.5 958.451 0.23333335 5.0 5.0 5.0 5.0 0.0 0.128 2 TOUCH_MOVE l
1402905977756 6 4098 670.5 958.451 0.23333335 5.0 5.0 5.0 5.0 0.0 0.128 1 TOUCH_UP l
1402905977802 6 4098 96.5 978.951 0.3 5.0 5.0 5.0 5.0 0.0 0.18800001 0 TOUCH_DOWN a
1402905977837 6 4098 99.273476 981.3 0.3 5.0 5.0 5.0 5.0 0.0 0.18400002 2 TOUCH_MOVE a
1402905977848 6 4098 99.5 981.451 0.26666668 5.0 5.0 5.0 5.0 0.0 0.132 2 TOUCH_MOVE a
1402905977855 6 4098 99.5 981.451 0.26666668 5.0 5.0 5.0 5.0 0.0 0.132 1 TOUCH_UP a
1402905978027 6 4098 368.5 942.951 0.33333334 5.0 5.0 5.0 5.0 0.0 0.21200001 0 TOUCH_DOWN g
1402905978041 6 4098 368.5 942.951 0.33333334 5.0 5.0 5.0 5.0 0.0 0.216 2 TOUCH_MOVE g
1402905978082 6 4098 368.5 942.951 0.16666667 3.0 3.0 3.0 3.0 0.0 0.108 2 TOUCH_MOVE g
1402905978087 6 4098 368.5 942.951 0.16666667 3.0 3.0 3.0 3.0 0.0 0.108 1 TOUCH_UP g
1402905978153 6 4098 532.5 832.951 0.33333334 5.0 5.0 5.0 5.0 0.0 0.22800002 0 TOUCH_DOWN i
1402905978170 6 4098 531.2301 833.52844 0.3 5.0 5.0 5.0 5.0 0.0 0.216 2 TOUCH_MOVE i
1402905978187 6 4098 530.0 834.451 0.23333335 5.0 5.0 5.0 5.0 0.0 0.172 2 TOUCH_MOVE i
1402905978191 6 4098 530.0 834.451 0.23333335 5.0 5.0 5.0 5.0 0.0 0.172 1 TOUCH_UP i
1402905978489 6 4098 339.0 1219.4509 0.26666668 5.0 5.0 5.0 5.0 0.0 0.208 0 TOUCH_DOWN Space
1402905978520 6 4098 337.1367 1219.0193 0.26666668 5.0 5.0 5.0 5.0 0.0 0.19600001 2 TOUCH_MOVE Space
1402905978528 6 4098 337.0 1218.9509 0.26666668 5.0 5.0 5.0 5.0 0.0 0.18400002 2 TOUCH_MOVE Space
1402905978532 6 4098 337.0 1218.9509 0.26666668 5.0 5.0 5.0 5.0 0.0 0.18400002 1 TOUCH_UP Space
1402905979054 6 4098 589.0 1092.4509 0.23333335 4.0 4.0 4.0 4.0 0.0 0.208 0 TOUCH_DOWN m
1402905979087 6 4098 588.4518 1092.4509 0.23333335 4.0 4.0 4.0 4.0 0.0 0.20400001 2 TOUCH_MOVE m
1402905979104 6 4098 587.5 1092.4509 0.13333334 2.0 2.0 2.0 2.0 0.0 0.108 2 TOUCH_MOVE m
1402905979108 6 4098 587.5 1092.4509 0.13333334 2.0 2.0 2.0 2.0 0.0 0.108 1 TOUCH_UP m
1402905979261 6 4098 469.0 849.951 0.3 5.0 5.0 5.0 5.0 0.0 0.22000001 0 TOUCH_DOWN u
1402905979271 6 4098 469.0 849.951 0.26666668 4.0 4.0 4.0 4.0 0.0 0.21200001 2 TOUCH_MOVE u
1402905979290 6 4098 469.0 849.951 0.26666668 4.0 4.0 4.0 4.0 0.0 0.21200001 1 TOUCH_UP u
1402905979426 6 4098 236.5 988.451 0.3 5.0 5.0 5.0 5.0 0.0 0.21200001 0 TOUCH_DOWN d
1402905979454 6 4098 235.60432 988.451 0.3 5.0 5.0 5.0 5.0 0.0 0.21200001 2 TOUCH_MOVE d
1402905979472 6 4098 232.5842 987.2431 0.26666668 5.0 5.0 5.0 5.0 0.0 0.208 2 TOUCH_MOVE d
1402905979503 6 4098 222.5 981.451 0.26666668 5.0 5.0 5.0 5.0 0.0 0.14400001 2 TOUCH_MOVE d
1402905979509 6 4098 222.5 981.451 0.26666668 5.0 5.0 5.0 5.0 0.0 0.14400001 1 TOUCH_UP d
1402905979815 6 4098 540.5 829.451 0.33333334 5.0 5.0 5.0 5.0 0.0 0.22000001 0 TOUCH_DOWN i
1402905979829 6 4098 540.5 829.451 0.26666668 4.0 4.0 4.0 4.0 0.0 0.18400002 2 TOUCH_MOVE i
1402905979837 6 4098 540.5 829.451 0.26666668 4.0 4.0 4.0 4.0 0.0 0.18400002 1 TOUCH_UP i
1402905980048 6 4098 589.5 977.951 0.23333335 4.0 4.0 4.0 4.0 0.0 0.21200001 0 TOUCH_DOWN k
1402905980054 6 4098 589.5 977.951 0.23333335 4.0 4.0 4.0 4.0 0.0 0.208 2 TOUCH_MOVE k
1402905980109 6 4098 589.5 977.951 0.23333335 4.0 4.0 4.0 4.0 0.0 0.208 1 TOUCH_UP k
