1402905545649 6 4098 496.0 1089.9509 0.3 5.0 5.0 5.0 5.0 0.0 0.216 0 TOUCH_DOWN N
1402905545671 6 4098 495.77017 1090.1808 0.3 5.0 5.0 5.0 5.0 0.0 0.22000001 2 TOUCH_MOVE N
1402905545683 6 4098 494.65375 1090.4509 0.3 5.0 5.0 5.0 5.0 0.0 0.224 2 TOUCH_MOVE N
1402905545700 6 4098 493.61237 1090.4509 0.26666668 5.0 5.0 5.0 5.0 0.0 0.216 2 TOUCH_MOVE N
1402905545713 6 4098 493.5 1090.4509 0.26666668 5.0 5.0 5.0 5.0 0.0 0.208 2 TOUCH_MOVE N
1402905545718 6 4098 493.5 1090.4509 0.26666668 5.0 5.0 5.0 5.0 0.0 0.208 1 TOUCH_UP N
1402905545791 6 4098 44.0 964.951 0.16666667 3.0 3.0 3.0 3.0 0.0 0.18400002 0 TOUCH_DOWN a
1402905545853 6 4098 43.5 964.451 0.13333334 2.0 2.0 2.0 2.0 0.0 0.17600001 2 TOUCH_MOVE a
1402905545860 6 4098 598.5 1070.9509 0.26666668 4.0 4.0 4.0 4.0 0.0 0.208 0 TOUCH_DOWN m
1402905545867 6 4098 43.5 964.451 0.13333334 2.0 2.0 2.0 2.0 0.0 0.17600001 2 TOUCH_MOVE a
1402905545868 6 4098 597.0 1070.4509 0.26666668 4.0 4.0 4.0 4.0 0.0 0.20400001 2 TOUCH_MOVE m
1402905545872 6 4098 43.5 964.451 0.13333334 2.0 2.0 2.0 2.0 0.0 0.17600001 1 TOUCH_UP a
1402905545884 6 4098 597.0 1070.4509 0.26666668 4.0 4.0 4.0 4.0 0.0 0.20400001 2 TOUCH_MOVE m
1402905545915 6 4098 597.0 1070.4509 0.26666668 4.0 4.0 4.0 4.0 0.0 0.20400001 1 TOUCH_UP m
1402905545992 6 4098 42.0 960.951 0.16666667 3.0 3.0 3.0 3.0 0.0 0.18400002 0 TOUCH_DOWN a
1402905546002 6 4098 42.0 960.951 0.20000002 3.0 3.0 3.0 3.0 0.0 0.18800001 2 TOUCH_MOVE a
1402905546054 6 4098 42.0 960.951 0.20000002 3.0 3.0 3.0 3.0 0.0 0.18800001 1 TOUCH_UP a
1402905546145 6 4098 352.0 1247.9509 0.16666667 4.0 4.0 4.0 4.0 0.0 0.18800001 0 TOUCH_DOWN Space
1402905546187 6 4098 351.0 1247.9509 0.16666667 4.0 4.0 4.0 4.0 0.0 0.17600001 2 TOUCH_MOVE Space
1402905546190 6 4098 351.0 1247.9509 0.10000001 2.0 2.0 2.0 2.0 0.0 0.116000004 2 TOUCH_MOVE Space
1402905546194 6 4098 351.0 1247.9509 0.10000001 2.0 2.0 2.0 2.0 0.0 0.116000004 1 TOUCH_UP Space
1402905546425 6 4098 157.0 955.451 0.26666668 5.0 5.0 5.0 5.0 0.0 0.20400001 0 TOUCH_DOWN s
1402905546434 6 4098 157.0 955.451 0.26666668 5.0 5.0 5.0 5.0 0.0 0.208 2 TOUCH_MOVE s
1402905546484 6 4098 157.0 955.451 0.23333335 4.0 4.0 4.0 4.0 0.0 0.18400002 2 TOUCH_MOVE s
1402905546488 6 4098 157.0 955.451 0.23333335 4.0 4.0 4.0 4.0 0.0 0.18400002 1 TOUCH_UP s
1402905546589 6 4098 77.0 934.951 0.3 5.0 5.0 5.0 5.0 0.0 0.19600001 0 TOUCH_DOWN a
1402905546601 6 4098 77.0 934.951 0.33333334 5.0 5.0 5.0 5.0 0.0 0.20400001 2 TOUCH_MOVE a
1402905546617 6 4098 77.0 936.1548 0.33333334 5.0 5.0 5.0 5.0 0.0 0.208 2 TOUCH_MOVE a
1402905546634 6 4098 77.0 937.9656 0.33333334 5.0 5.0 5.0 5.0 0.0 0.208 2 TOUCH_MOVE a
1402905546650 6 4098 76.22231 940.00635 0.33333334 5.0 5.0 5.0 5.0 0.0 0.208 2 TOUCH_MOVE a
1402905546667 6 4098 75.259415 941.1916 0.3 5.0 5.0 5.0 5.0 0.0 0.2 2 TOUCH_MOVE a
1402905546684 6 4098 74.299675 942.1513 0.16666667 3.0 3.0 3.0 3.0 0.0 0.108 2 TOUCH_MOVE a
1402905546688 6 4098 74.299675 942.1513 0.16666667 3.0 3.0 3.0 3.0 0.0 0.108 1 TOUCH_UP a
1402905546744 6 4098 417.5 834.451 0.36666667 6.0 6.0 6.0 6.0 0.0 0.24400002 0 TOUCH_DOWN y
1402905546751 6 4098 417.5 834.451 0.36666667 6.0 6.0 6.0 6.0 0.0 0.24800001 2 TOUCH_MOVE y
1402905546767 6 4098 415.44284 834.451 0.36666667 6.0 6.0 6.0 6.0 0.0 0.252 2 TOUCH_MOVE y
1402905546784 6 4098 413.03888 834.451 0.36666667 6.0 6.0 6.0 6.0 0.0 0.252 2 TOUCH_MOVE y
1402905546801 6 4098 411.61243 836.72614 0.33333334 5.0 5.0 5.0 5.0 0.0 0.23200001 2 TOUCH_MOVE y
1402905546814 6 4098 411.0 837.951 0.13333334 2.0 2.0 2.0 2.0 0.0 0.136 2 TOUCH_MOVE y
1402905546818 6 4098 411.0 837.951 0.13333334 2.0 2.0 2.0 2.0 0.0 0.136 1 TOUCH_UP y
1402905546831 6 4098 49.5 940.451 0.26666668 5.0 5.0 5.0 5.0 0.0 0.192 0 TOUCH_DOWN a
1402905546835 6 4098 52.5 939.701 0.26666668 5.0 5.0 5.0 5.0 0.0 0.19600001 2 TOUCH_MOVE a
1402905546854 6 4098 52.67555 939.951 0.26666668 5.0 5.0 5.0 5.0 0.0 0.2 2 TOUCH_MOVE a
1402905546867 6 4098 54.27691 939.6741 0.26666668 5.0 5.0 5.0 5.0 0.0 0.2 2 TOUCH_MOVE a
1402905546885 6 4098 55.26271 939.1883 0.26666668 5.0 5.0 5.0 5.0 0.0 0.19600001 2 TOUCH_MOVE a
1402905546901 6 4098 55.5 938.23376 0.23333335 4.0 4.0 4.0 4.0 0.0 0.18400002 2 TOUCH_MOVE a
1402905546920 6 4098 55.5 937.951 0.23333335 4.0 4.0 4.0 4.0 0.0 0.17600001 2 TOUCH_MOVE a
1402905546926 6 4098 55.5 937.951 0.23333335 4.0 4.0 4.0 4.0 0.0 0.17600001 1 TOUCH_UP a
1402905547046 6 4098 328.0 1213.4509 0.26666668 5.0 5.0 5.0 5.0 0.0 0.216 0 TOUCH_DOWN Space
1402905547109 6 4098 328.0 1214.4509 0.26666668 5.0 5.0 5.0 5.0 0.0 0.18800001 2 TOUCH_MOVE Space
1402905547113 6 4098 328.0 1214.4509 0.26666668 5.0 5.0 5.0 5.0 0.0 0.18800001 1 TOUCH_UP Space
1402905547204 6 4098 56.5 960.951 0.20000002 3.0 3.0 3.0 3.0 0.0 0.192 0 TOUCH_DOWN a
1402905547221 6 4098 58.035816 961.4689 0.20000002 4.0 4.0 4.0 4.0 0.0 0.19600001 2 TOUCH_MOVE a
1402905547249 6 4098 62.89781 961.93054 0.26666668 5.0 5.0 5.0 5.0 0.0 0.2 2 TOUCH_MOVE a
1402905547254 6 4098 68.74558 961.5588 0.26666668 5.0 5.0 5.0 5.0 0.0 0.2 2 TOUCH_MOVE a
1402905547268 6 4098 77.17874 957.9985 0.23333335 4.0 4.0 4.0 4.0 0.0 0.19600001 2 TOUCH_MOVE a
1402905547277 6 4098 78.0 957.451 0.26666668 4.0 4.0 4.0 4.0 0.0 0.17600001 2 TOUCH_MOVE a
1402905547280 6 4098 78.0 957.451 0.26666668 4.0 4.0 4.0 4.0 0.0 0.17600001 1 TOUCH_UP a
1402905547395 6 4098 271.5 834.451 0.3 5.0 5.0 5.0 5.0 0.0 0.22000001 0 TOUCH_DOWN r
1402905547401 6 4098 271.5 834.451 0.3 5.0 5.0 5.0 5.0 0.0 0.224 2 TOUCH_MOVE r
1402905547454 6 4098 268.0 836.951 0.20000002 4.0 4.0 4.0 4.0 0.0 0.17600001 2 TOUCH_MOVE r
1402905547459 6 4098 268.0 836.951 0.20000002 4.0 4.0 4.0 4.0 0.0 0.17600001 1 TOUCH_UP r
1402905547573 6 4098 229.5 931.451 0.3 5.0 5.0 5.0 5.0 0.0 0.22000001 0 TOUCH_DOWN d
1402905547618 6 4098 229.5 931.451 0.3 5.0 5.0 5.0 5.0 0.0 0.224 2 TOUCH_MOVE d
1402905547635 6 4098 227.21516 931.451 0.3 5.0 5.0 5.0 5.0 0.0 0.22000001 2 TOUCH_MOVE d
1402905547652 6 4098 221.6378 931.451 0.3 5.0 5.0 5.0 5.0 0.0 0.18800001 2 TOUCH_MOVE d
1402905547656 6 4098 221.6378 931.451 0.3 5.0 5.0 5.0 5.0 0.0 0.18800001 1 TOUCH_UP d
1402905547690 6 4098 551.0 810.451 0.3 5.0 5.0 5.0 5.0 0.0 0.22800002 0 TOUCH_DOWN i
1402905547702 6 4098 551.0 810.451 0.3 5.0 5.0 5.0 5.0 0.0 0.23600002 2 TOUCH_MOVE i
1402905547718 6 4098 550.09155 810.451 0.3 5.0 5.0 5.0 5.0 0.0 0.23600002 2 TOUCH_MOVE i
1402905547746 6 4098 549.75 810.451 0.3 5.0 5.0 5.0 5.0 0.0 0.23200001 2 TOUCH_MOVE i
1402905547757 6 4098 549.75 810.451 0.3 5.0 5.0 5.0 5.0 0.0 0.23200001 1 TOUCH_UP i
1402905548448 6 4098 447.5 1208.9509 0.26666668 5.0 5.0 5.0 5.0 0.0 0.21200001 0 TOUCH_DOWN ,
1402905548486 6 4098 447.5 1208.9509 0.26666668 5.0 5.0 5.0 5.0 0.0 0.18 2 TOUCH_MOVE ,
1402905548489 6 4098 447.5 1208.9509 0.26666668 5.0 5.0 5.0 5.0 0.0 0.18 1 TOUCH_UP ,
1402905548633 6 4098 314.0 1228.4509 0.26666668 5.0 5.0 5.0 5.0 0.0 0.208 0 TOUCH_DOWN Space
1402905548673 6 4098 314.0 1228.4509 0.26666668 5.0 5.0 5.0 5.0 0.0 0.208 1 TOUCH_UP Space
1402905549259 6 4098 618.0 855.951 0.23333335 5.0 5.0 5.0 5.0 0.0 0.20400001 0 TOUCH_DOWN o
1402905549270 6 4098 618.0 855.951 0.23333335 5.0 5.0 5.0 5.0 0.0 0.21200001 2 TOUCH_MOVE o
1402905549286 6 4098 616.6683 853.28754 0.3 5.0 5.0 5.0 5.0 0.0 0.22000001 2 TOUCH_MOVE o
1402905549303 6 4098 615.09973 849.3498 0.3 5.0 5.0 5.0 5.0 0.0 0.224 2 TOUCH_MOVE o
1402905549320 6 4098 614.8625 846.726 0.3 5.0 5.0 5.0 5.0 0.0 0.22000001 2 TOUCH_MOVE o
1402905549336 6 4098 616.15186 846.7769 0.26666668 5.0 5.0 5.0 5.0 0.0 0.19600001 2 TOUCH_MOVE o
1402905549343 6 4098 616.5 846.951 0.23333335 5.0 5.0 5.0 5.0 0.0 0.17600001 2 TOUCH_MOVE o
1402905549351 6 4098 616.5 846.951 0.23333335 5.0 5.0 5.0 5.0 0.0 0.17600001 1 TOUCH_UP o
1402905549862 6 4098 258.5 842.951 0.33333334 6.0 6.0 6.0 6.0 0.0 0.216 0 TOUCH_DOWN r
1402905549870 6 4098 258.5 842.951 0.33333334 6.0 6.0 6.0 6.0 0.0 0.224 2 TOUCH_MOVE r
1402905549920 6 4098 255.40558 842.951 0.26666668 5.0 5.0 5.0 5.0 0.0 0.21200001 2 TOUCH_MOVE r
1402905549931 6 4098 249.5 844.451 0.26666668 5.0 5.0 5.0 5.0 0.0 0.192 2 TOUCH_MOVE r
1402905549937 6 4098 249.5 844.451 0.26666668 5.0 5.0 5.0 5.0 0.0 0.192 1 TOUCH_UP r
1402905550081 6 4098 58.5 927.951 0.23333335 4.0 4.0 4.0 4.0 0.0 0.19600001 0 TOUCH_DOWN a
1402905550121 6 4098 59.58773 929.5387 0.23333335 4.0 4.0 4.0 4.0 0.0 0.20400001 2 TOUCH_MOVE a
1402905550138 6 4098 60.555447 929.451 0.23333335 4.0 4.0 4.0 4.0 0.0 0.20400001 2 TOUCH_MOVE a
1402905550180 6 4098 60.0 929.451 0.20000002 3.0 3.0 3.0 3.0 0.0 0.14 2 TOUCH_MOVE a
1402905550185 6 4098 60.0 929.451 0.20000002 3.0 3.0 3.0 3.0 0.0 0.14 1 TOUCH_UP a
1402905550198 6 4098 484.5 1103.9509 0.26666668 4.0 4.0 4.0 4.0 0.0 0.208 0 TOUCH_DOWN n
1402905550204 6 4098 483.0 1103.9509 0.3 5.0 5.0 5.0 5.0 0.0 0.208 2 TOUCH_MOVE n
1402905550235 6 4098 481.5 1103.4509 0.16666667 3.0 3.0 3.0 3.0 0.0 0.18 2 TOUCH_MOVE n
1402905550241 6 4098 481.5 1103.4509 0.16666667 3.0 3.0 3.0 3.0 0.0 0.18 1 TOUCH_UP n
1402905550387 6 4098 300.0 984.451 0.3 5.0 5.0 5.0 5.0 0.0 0.23200001 0 TOUCH_DOWN f
1402905550416 6 4098 300.0 984.951 0.3 5.0 5.0 5.0 5.0 0.0 0.2 2 TOUCH_MOVE f
1402905550423 6 4098 300.0 984.951 0.3 5.0 5.0 5.0 5.0 0.0 0.2 1 TOUCH_UP f
1402905550552 6 4098 307.0 1220.9509 0.23333335 4.0 4.0 4.0 4.0 0.0 0.21200001 0 TOUCH_DOWN Space
1402905550598 6 4098 307.0 1220.9509 0.23333335 4.0 4.0 4.0 4.0 0.0 0.18400002 2 TOUCH_MOVE Space
1402905550606 6 4098 307.0 1220.9509 0.23333335 4.0 4.0 4.0 4.0 0.0 0.18400002 1 TOUCH_UP Space
1402905551034 6 4098 636.0 1096.4509 0.16666667 3.0 3.0 3.0 3.0 0.0 0.19600001 0 TOUCH_DOWN Back
1402905551038 6 4098 636.0 1096.4509 0.23333335 4.0 4.0 4.0 4.0 0.0 0.2 2 TOUCH_MOVE Back
1402905551088 6 4098 636.0315 1096.4509 0.23333335 4.0 4.0 4.0 4.0 0.0 0.20400001 2 TOUCH_MOVE Back
1402905551092 6 4098 636.0 1096.4509 0.23333335 4.0 4.0 4.0 4.0 0.0 0.18800001 2 TOUCH_MOVE Back
1402905551097 6 4098 636.0 1096.4509 0.23333335 4.0 4.0 4.0 4.0 0.0 0.18800001 1 TOUCH_UP Back
1402905551188 6 4098 636.0 1103.4509 0.20000002 4.0 4.0 4.0 4.0 0.0 0.2 0 TOUCH_DOWN Back
1402905551245 6 4098 636.0 1103.4509 0.26666668 4.0 4.0 4.0 4.0 0.0 0.192 2 TOUCH_MOVE Back
1402905551252 6 4098 636.0 1103.4509 0.26666668 4.0 4.0 4.0 4.0 0.0 0.192 1 TOUCH_UP Back
1402905551352 6 4098 376.5 953.951 0.3 5.0 5.0 5.0 5.0 0.0 0.216 0 TOUCH_DOWN g
1402905551422 6 4098 376.0 954.451 0.20000002 4.0 4.0 4.0 4.0 0.0 0.18 2 TOUCH_MOVE g
1402905551431 6 4098 376.0 954.451 0.20000002 4.0 4.0 4.0 4.0 0.0 0.18 1 TOUCH_UP g
1402905551683 6 4098 328.5 1230.9509 0.26666668 5.0 5.0 5.0 5.0 0.0 0.21200001 0 TOUCH_DOWN Space
1402905551689 6 4098 328.5 1230.9509 0.23333335 4.0 4.0 4.0 4.0 0.0 0.208 2 TOUCH_MOVE Space
1402905551709 6 4098 327.0 1230.9509 0.23333335 4.0 4.0 4.0 4.0 0.0 0.18800001 2 TOUCH_MOVE Space
1402905551713 6 4098 327.0 1230.9509 0.23333335 4.0 4.0 4.0 4.0 0.0 0.18800001 1 TOUCH_UP Space
1402905551895 6 4098 323.5 981.451 0.33333334 5.0 5.0 5.0 5.0 0.0 0.24000001 0 TOUCH_DOWN g
1402905551905 6 4098 323.5 981.451 0.33333334 5.0 5.0 5.0 5.0 0.0 0.24400002 2 TOUCH_MOVE g
1402905551939 6 4098 325.0 979.951 0.26666668 5.0 5.0 5.0 5.0 0.0 0.21200001 2 TOUCH_MOVE g
1402905551955 6 4098 325.0 979.951 0.26666668 4.0 4.0 4.0 4.0 0.0 0.18400002 2 TOUCH_MOVE g
1402905551961 6 4098 325.0 979.951 0.26666668 4.0 4.0 4.0 4.0 0.0 0.18400002 1 TOUCH_UP g
1402905551973 6 4098 58.0 958.451 0.20000002 3.0 3.0 3.0 3.0 0.0 0.192 0 TOUCH_DOWN a
1402905552045 6 4098 60.5 958.451 0.13333334 2.0 2.0 2.0 2.0 0.0 0.16800001 2 TOUCH_MOVE a
1402905552049 6 4098 60.5 958.451 0.13333334 2.0 2.0 2.0 2.0 0.0 0.16800001 1 TOUCH_UP a
1402905552106 6 4098 467.0 1102.4509 0.3 5.0 5.0 5.0 5.0 0.0 0.216 0 TOUCH_DOWN n
1402905552135 6 4098 467.0 1103.0961 0.3 5.0 5.0 5.0 5.0 0.0 0.216 2 TOUCH_MOVE n
1402905552139 6 4098 467.5887 1104.0397 0.23333335 5.0 5.0 5.0 5.0 0.0 0.192 2 TOUCH_MOVE n
1402905552144 6 4098 467.5887 1104.0397 0.23333335 5.0 5.0 5.0 5.0 0.0 0.192 1 TOUCH_UP n
1402905552253 6 4098 348.5 868.951 0.26666668 5.0 5.0 5.0 5.0 0.0 0.216 0 TOUCH_DOWN t
1402905552273 6 4098 348.5 868.951 0.26666668 5.0 5.0 5.0 5.0 0.0 0.21200001 2 TOUCH_MOVE t
1402905552306 6 4098 348.5 868.951 0.26666668 5.0 5.0 5.0 5.0 0.0 0.15200001 2 TOUCH_MOVE t
1402905552309 6 4098 348.5 868.951 0.26666668 5.0 5.0 5.0 5.0 0.0 0.15200001 1 TOUCH_UP t
1402905552438 6 4098 180.5 814.951 0.3 5.0 5.0 5.0 5.0 0.0 0.2 0 TOUCH_DOWN e
1402905552462 6 4098 180.5 815.2532 0.3 5.0 5.0 5.0 5.0 0.0 0.20400001 2 TOUCH_MOVE e
1402905552473 6 4098 180.5 815.82056 0.3 5.0 5.0 5.0 5.0 0.0 0.208 2 TOUCH_MOVE e
1402905552489 6 4098 180.5 816.7846 0.3 5.0 5.0 5.0 5.0 0.0 0.20400001 2 TOUCH_MOVE e
1402905552495 6 4098 180.5 816.951 0.3 5.0 5.0 5.0 5.0 0.0 0.192 2 TOUCH_MOVE e
1402905552499 6 4098 180.5 816.951 0.3 5.0 5.0 5.0 5.0 0.0 0.192 1 TOUCH_UP e
1402905552565 6 4098 484.0 1094.4509 0.3 5.0 5.0 5.0 5.0 0.0 0.22000001 0 TOUCH_DOWN n
1402905552573 6 4098 484.0 1094.4509 0.26666668 4.0 4.0 4.0 4.0 0.0 0.22000001 2 TOUCH_MOVE n
1402905552608 6 4098 482.92752 1093.8784 0.23333335 4.0 4.0 4.0 4.0 0.0 0.21200001 2 TOUCH_MOVE n
1402905552623 6 4098 482.0 1092.9509 0.13333334 2.0 2.0 2.0 2.0 0.0 0.14 2 TOUCH_MOVE n
1402905552633 6 4098 482.0 1092.9509 0.13333334 2.0 2.0 2.0 2.0 0.0 0.14 1 TOUCH_UP n
1402905552773 6 4098 318.0 948.451 0.33333334 5.0 5.0 5.0 5.0 0.0 0.23200001 0 TOUCH_DOWN f
1402905552799 6 4098 318.0 948.951 0.20000002 4.0 4.0 4.0 4.0 0.0 0.17600001 2 TOUCH_MOVE f
1402905552803 6 4098 318.0 948.951 0.20000002 4.0 4.0 4.0 4.0 0.0 0.17600001 1 TOUCH_UP f
1402905552962 6 4098 335.0 1211.4509 0.26666668 5.0 5.0 5.0 5.0 0.0 0.21200001 0 TOUCH_DOWN Space
1402905552997 6 4098 335.0 1211.4509 0.26666668 5.0 5.0 5.0 5.0 0.0 0.21200001 1 TOUCH_UP Space
1402905553078 6 4098 233.0 980.451 0.26666668 5.0 5.0 5.0 5.0 0.0 0.208 0 TOUCH_DOWN d
1402905553124 6 4098 232.52808 980.451 0.26666668 5.0 5.0 5.0 5.0 0.0 0.21200001 2 TOUCH_MOVE d
1402905553140 6 4098 231.0 980.451 0.26666668 5.0 5.0 5.0 5.0 0.0 0.2 2 TOUCH_MOVE d
1402905553145 6 4098 231.0 980.451 0.23333335 5.0 5.0 5.0 5.0 0.0 0.172 2 TOUCH_MOVE d
1402905553152 6 4098 231.0 980.451 0.23333335 5.0 5.0 5.0 5.0 0.0 0.172 1 TOUCH_UP d
1402905553397 6 4098 685.5 1080.4509 0.20000002 4.0 4.0 4.0 4.0 0.0 0.19600001 0 TOUCH_DOWN Back
1402905553407 6 4098 685.5 1080.4509 0.23333335 4.0 4.0 4.0 4.0 0.0 0.2 2 TOUCH_MOVE Back
1402905553457 6 4098 686.6982 1080.4509 0.20000002 3.0 3.0 3.0 3.0 0.0 0.192 2 TOUCH_MOVE Back
1402905553468 6 4098 686.6982 1080.4509 0.20000002 3.0 3.0 3.0 3.0 0.0 0.192 1 TOUCH_UP Back
1402905553552 6 4098 683.0 1074.9509 0.23333335 4.0 4.0 4.0 4.0 0.0 0.2 0 TOUCH_DOWN Back
1402905553637 6 4098 683.0 1074.9509 0.23333335 4.0 4.0 4.0 4.0 0.0 0.2 1 TOUCH_UP Back
1402905553713 6 4098 673.0 1067.4509 0.3 5.0 5.0 5.0 5.0 0.0 0.2 0 TOUCH_DOWN Back
1402905553793 6 4098 673.0 1067.4509 0.3 5.0 5.0 5.0 5.0 0.0 0.2 1 TOUCH_UP Back
1402905553879 6 4098 384.0 963.451 0.26666668 5.0 5.0 5.0 5.0 0.0 0.21200001 0 TOUCH_DOWN g
1402905553891 6 4098 384.0 963.451 0.26666668 5.0 5.0 5.0 5.0 0.0 0.208 2 TOUCH_MOVE g
1402905553931 6 4098 384.0 963.451 0.26666668 5.0 5.0 5.0 5.0 0.0 0.208 1 TOUCH_UP g
1402905554100 6 4098 351.5 1208.9509 0.26666668 5.0 5.0 5.0 5.0 0.0 0.22000001 0 TOUCH_DOWN Space
1402905554107 6 4098 351.5 1209.1959 0.26666668 5.0 5.0 5.0 5.0 0.0 0.216 2 TOUCH_MOVE Space
1402905554140 6 4098 350.8507 1210.1002 0.23333335 4.0 4.0 4.0 4.0 0.0 0.2 2 TOUCH_MOVE Space
1402905554143 6 4098 350.5 1210.4509 0.23333335 4.0 4.0 4.0 4.0 0.0 0.18800001 2 TOUCH_MOVE Space
1402905554147 6 4098 350.5 1210.4509 0.23333335 4.0 4.0 4.0 4.0 0.0 0.18800001 1 TOUCH_UP Space
1402905554215 6 4098 213.5 980.451 0.26666668 5.0 5.0 5.0 5.0 0.0 0.208 0 TOUCH_DOWN d
1402905554280 6 4098 213.5 980.451 0.23333335 4.0 4.0 4.0 4.0 0.0 0.18400002 2 TOUCH_MOVE d
1402905554284 6 4098 213.5 980.451 0.23333335 4.0 4.0 4.0 4.0 0.0 0.18400002 1 TOUCH_UP d
1402905554414 6 4098 79.0 963.951 0.16666667 3.0 3.0 3.0 3.0 0.0 0.18800001 0 TOUCH_DOWN a
1402905554425 6 4098 79.0 963.951 0.20000002 4.0 4.0 4.0 4.0 0.0 0.18800001 2 TOUCH_MOVE a
1402905554444 6 4098 81.52216 963.951 0.20000002 4.0 4.0 4.0 4.0 0.0 0.192 2 TOUCH_MOVE a
1402905554460 6 4098 83.90018 962.5175 0.23333335 4.0 4.0 4.0 4.0 0.0 0.2 2 TOUCH_MOVE a
1402905554478 6 4098 90.79078 953.133 0.26666668 4.0 4.0 4.0 4.0 0.0 0.19600001 2 TOUCH_MOVE a
1402905554480 6 4098 91.5 951.951 0.3 5.0 5.0 5.0 5.0 0.0 0.18 2 TOUCH_MOVE a
1402905554484 6 4098 91.5 951.951 0.3 5.0 5.0 5.0 5.0 0.0 0.18 1 TOUCH_UP a
1402905554602 6 4098 278.0 867.451 0.26666668 5.0 5.0 5.0 5.0 0.0 0.208 0 TOUCH_DOWN r
1402905554608 6 4098 278.0 867.451 0.26666668 5.0 5.0 5.0 5.0 0.0 0.20400001 2 TOUCH_MOVE r
1402905554646 6 4098 278.0 867.451 0.26666668 5.0 5.0 5.0 5.0 0.0 0.20400001 1 TOUCH_UP r
1402905554717 6 4098 548.5 823.451 0.33333334 5.0 5.0 5.0 5.0 0.0 0.23200001 0 TOUCH_DOWN i
1402905554725 6 4098 548.5 823.451 0.3 5.0 5.0 5.0 5.0 0.0 0.23200001 2 TOUCH_MOVE i
1402905554744 6 4098 547.6704 822.6214 0.33333334 6.0 6.0 6.0 6.0 0.0 0.23600002 2 TOUCH_MOVE i
1402905554758 6 4098 546.75 821.701 0.3 5.0 5.0 5.0 5.0 0.0 0.23200001 2 TOUCH_MOVE i
1402905554777 6 4098 547.0 821.951 0.33333334 5.0 5.0 5.0 5.0 0.0 0.2 2 TOUCH_MOVE i
1402905554783 6 4098 547.0 821.951 0.33333334 5.0 5.0 5.0 5.0 0.0 0.2 1 TOUCH_UP i
1402905555037 6 4098 346.5 1212.9509 0.26666668 5.0 5.0 5.0 5.0 0.0 0.21200001 0 TOUCH_DOWN Space
1402905555045 6 4098 346.5 1212.9509 0.23333335 4.0 4.0 4.0 4.0 0.0 0.21200001 2 TOUCH_MOVE Space
1402905555087 6 4098 346.5 1212.9509 0.23333335 4.0 4.0 4.0 4.0 0.0 0.21200001 1 TOUCH_UP Space
1402905555204 6 4098 120.5 999.451 0.33333334 5.0 5.0 5.0 5.0 0.0 0.2 0 TOUCH_DOWN s
1402905555235 6 4098 120.5 999.451 0.33333334 5.0 5.0 5.0 5.0 0.0 0.20400001 2 TOUCH_MOVE s
1402905555293 6 4098 120.5 997.951 0.16666667 3.0 3.0 3.0 3.0 0.0 0.1 2 TOUCH_MOVE s
1402905555297 6 4098 120.5 997.951 0.16666667 3.0 3.0 3.0 3.0 0.0 0.1 1 TOUCH_UP s
1402905555414 6 4098 292.0 876.451 0.3 5.0 5.0 5.0 5.0 0.0 0.216 0 TOUCH_DOWN t
1402905555459 6 4098 283.0 872.451 0.26666668 5.0 5.0 5.0 5.0 0.0 0.2 2 TOUCH_MOVE t
1402905555467 6 4098 283.0 872.451 0.20000002 4.0 4.0 4.0 4.0 0.0 0.17600001 2 TOUCH_MOVE t
1402905555472 6 4098 283.0 872.451 0.20000002 4.0 4.0 4.0 4.0 0.0 0.17600001 1 TOUCH_UP t
1402905555594 6 4098 62.0 936.951 0.26666668 5.0 5.0 5.0 5.0 0.0 0.19600001 0 TOUCH_DOWN a
1402905555610 6 4098 62.0 937.3513 0.23333335 4.0 4.0 4.0 4.0 0.0 0.19600001 2 TOUCH_MOVE a
1402905555627 6 4098 62.36009 939.89136 0.26666668 4.0 4.0 4.0 4.0 0.0 0.2 2 TOUCH_MOVE a
1402905555642 6 4098 63.338898 942.96765 0.26666668 4.0 4.0 4.0 4.0 0.0 0.20400001 2 TOUCH_MOVE a
1402905555659 6 4098 63.5 944.75305 0.26666668 4.0 4.0 4.0 4.0 0.0 0.2 2 TOUCH_MOVE a
1402905555674 6 4098 63.5 944.951 0.26666668 4.0 4.0 4.0 4.0 0.0 0.19600001 2 TOUCH_MOVE a
1402905555678 6 4098 63.5 944.951 0.26666668 4.0 4.0 4.0 4.0 0.0 0.19600001 1 TOUCH_UP a
1402905555765 6 4098 328.5 936.951 0.33333334 5.0 5.0 5.0 5.0 0.0 0.23200001 0 TOUCH_DOWN g
1402905555776 6 4098 328.5 936.951 0.33333334 5.0 5.0 5.0 5.0 0.0 0.23600002 2 TOUCH_MOVE g
1402905555813 6 4098 328.5 936.951 0.33333334 5.0 5.0 5.0 5.0 0.0 0.2 2 TOUCH_MOVE g
1402905555817 6 4098 328.5 936.951 0.33333334 5.0 5.0 5.0 5.0 0.0 0.2 1 TOUCH_UP g
1402905555864 6 4098 174.0 812.951 0.3 5.0 5.0 5.0 5.0 0.0 0.2 0 TOUCH_DOWN e
1402905555876 6 4098 174.0 812.951 0.3 5.0 5.0 5.0 5.0 0.0 0.20400001 2 TOUCH_MOVE e
1402905555911 6 4098 173.43929 812.951 0.26666668 5.0 5.0 5.0 5.0 0.0 0.18800001 2 TOUCH_MOVE e
1402905555920 6 4098 173.43929 812.951 0.26666668 5.0 5.0 5.0 5.0 0.0 0.18800001 1 TOUCH_UP e
1402905556139 6 4098 651.0 1091.9509 0.23333335 4.0 4.0 4.0 4.0 0.0 0.2 0 TOUCH_DOWN Back
1402905556162 6 4098 651.0 1091.9509 0.23333335 4.0 4.0 4.0 4.0 0.0 0.20400001 2 TOUCH_MOVE Back
1402905556177 6 4098 651.55115 1091.9509 0.23333335 4.0 4.0 4.0 4.0 0.0 0.2 2 TOUCH_MOVE Back
1402905556194 6 4098 653.8586 1093.0704 0.23333335 4.0 4.0 4.0 4.0 0.0 0.19600001 2 TOUCH_MOVE Back
1402905556203 6 4098 654.5 1093.4509 0.23333335 4.0 4.0 4.0 4.0 0.0 0.18800001 2 TOUCH_MOVE Back
1402905556206 6 4098 654.5 1093.4509 0.23333335 4.0 4.0 4.0 4.0 0.0 0.18800001 1 TOUCH_UP Back
1402905556319 6 4098 653.5 1080.9509 0.20000002 4.0 4.0 4.0 4.0 0.0 0.2 0 TOUCH_DOWN Back
1402905556382 6 4098 653.5 1080.9509 0.20000002 4.0 4.0 4.0 4.0 0.0 0.2 1 TOUCH_UP Back
1402905556459 6 4098 650.0 1074.9509 0.23333335 4.0 4.0 4.0 4.0 0.0 0.19600001 0 TOUCH_DOWN Back
1402905556477 6 4098 650.0 1074.9509 0.23333335 4.0 4.0 4.0 4.0 0.0 0.20400001 2 TOUCH_MOVE Back
1402905556546 6 4098 650.0 1074.9509 0.23333335 4.0 4.0 4.0 4.0 0.0 0.20400001 1 TOUCH_UP Back
1402905556618 6 4098 645.0 1078.9509 0.20000002 4.0 4.0 4.0 4.0 0.0 0.19600001 0 TOUCH_DOWN Back
1402905556702 6 4098 645.0 1078.9509 0.20000002 4.0 4.0 4.0 4.0 0.0 0.19600001 1 TOUCH_UP Back
1402905556805 6 4098 241.0 835.951 0.20000002 4.0 4.0 4.0 4.0 0.0 0.192 0 TOUCH_DOWN r
1402905556853 6 4098 241.0 835.951 0.26666668 4.0 4.0 4.0 4.0 0.0 0.18800001 2 TOUCH_MOVE r
1402905556858 6 4098 241.0 835.951 0.26666668 4.0 4.0 4.0 4.0 0.0 0.18800001 1 TOUCH_UP r
1402905557070 6 4098 56.5 959.451 0.20000002 3.0 3.0 3.0 3.0 0.0 0.18800001 0 TOUCH_DOWN a
1402905557122 6 4098 56.5 958.951 0.16666667 3.0 3.0 3.0 3.0 0.0 0.128 2 TOUCH_MOVE a
1402905557125 6 4098 56.5 958.951 0.16666667 3.0 3.0 3.0 3.0 0.0 0.128 1 TOUCH_UP a
1402905557191 6 4098 322.5 935.451 0.33333334 5.0 5.0 5.0 5.0 0.0 0.23200001 0 TOUCH_DOWN g
1402905557244 6 4098 323.5 938.951 0.3 5.0 5.0 5.0 5.0 0.0 0.2 2 TOUCH_MOVE g
1402905557251 6 4098 323.5 938.951 0.23333335 5.0 5.0 5.0 5.0 0.0 0.17600001 2 TOUCH_MOVE g
1402905557254 6 4098 323.5 938.951 0.23333335 5.0 5.0 5.0 5.0 0.0 0.17600001 1 TOUCH_UP g
1402905557329 6 4098 146.5 813.951 0.3 5.0 5.0 5.0 5.0 0.0 0.2 0 TOUCH_DOWN e
1402905557345 6 4098 147.02753 813.951 0.3 5.0 5.0 5.0 5.0 0.0 0.20400001 2 TOUCH_MOVE e
1402905557361 6 4098 149.0569 814.97943 0.3 5.0 5.0 5.0 5.0 0.0 0.208 2 TOUCH_MOVE e
1402905557378 6 4098 150.5 815.701 0.3 5.0 5.0 5.0 5.0 0.0 0.20400001 2 TOUCH_MOVE e
1402905557394 6 4098 150.75 816.201 0.3 5.0 5.0 5.0 5.0 0.0 0.2 2 TOUCH_MOVE e
1402905557402 6 4098 150.75 816.201 0.3 5.0 5.0 5.0 5.0 0.0 0.2 1 TOUCH_UP e
1402905557501 6 4098 448.0 1073.9509 0.26666668 5.0 5.0 5.0 5.0 0.0 0.208 0 TOUCH_DOWN b
1402905557503 6 4098 448.0 1073.9509 0.26666668 5.0 5.0 5.0 5.0 0.0 0.19600001 2 TOUCH_MOVE b
1402905557506 6 4098 448.0 1073.9509 0.26666668 5.0 5.0 5.0 5.0 0.0 0.19600001 1 TOUCH_UP b
1402905558153 6 4098 698.0 1061.9509 0.20000002 4.0 4.0 4.0 4.0 0.0 0.19600001 0 TOUCH_DOWN Back
1402905558210 6 4098 697.8249 1062.626 0.23333335 4.0 4.0 4.0 4.0 0.0 0.2 2 TOUCH_MOVE Back
1402905558222 6 4098 694.5 1064.9509 0.20000002 3.0 3.0 3.0 3.0 0.0 0.18400002 2 TOUCH_MOVE Back
1402905558226 6 4098 694.5 1064.9509 0.20000002 3.0 3.0 3.0 3.0 0.0 0.18400002 1 TOUCH_UP Back
1402905559304 6 4098 488.0 1083.9509 0.3 5.0 5.0 5.0 5.0 0.0 0.224 0 TOUCH_DOWN n
1402905559330 6 4098 488.55225 1083.3987 0.3 5.0 5.0 5.0 5.0 0.0 0.224 2 TOUCH_MOVE n
1402905559346 6 4098 493.75458 1078.8221 0.3 5.0 5.0 5.0 5.0 0.0 0.216 2 TOUCH_MOVE n
1402905559363 6 4098 498.75525 1076.8658 0.23333335 5.0 5.0 5.0 5.0 0.0 0.14400001 2 TOUCH_MOVE n
1402905559368 6 4098 498.75525 1076.8658 0.23333335 5.0 5.0 5.0 5.0 0.0 0.14400001 1 TOUCH_UP n
1402905559781 6 4098 436.0 1219.4509 0.23333335 4.0 4.0 4.0 4.0 0.0 0.20400001 0 TOUCH_DOWN ,
1402905559813 6 4098 436.0 1219.4509 0.23333335 4.0 4.0 4.0 4.0 0.0 0.18 2 TOUCH_MOVE ,
1402905559820 6 4098 436.0 1219.4509 0.23333335 4.0 4.0 4.0 4.0 0.0 0.18 1 TOUCH_UP ,
1402905559986 6 4098 319.0 1226.9509 0.23333335 4.0 4.0 4.0 4.0 0.0 0.208 0 TOUCH_DOWN Space
1402905559997 6 4098 319.0 1226.9509 0.23333335 4.0 4.0 4.0 4.0 0.0 0.20400001 2 TOUCH_MOVE Space
1402905560027 6 4098 318.0 1227.9509 0.20000002 3.0 3.0 3.0 3.0 0.0 0.172 2 TOUCH_MOVE Space
1402905560031 6 4098 318.0 1227.9509 0.20000002 3.0 3.0 3.0 3.0 0.0 0.172 1 TOUCH_UP Space
1402905560187 6 4098 110.5 983.451 0.3 5.0 5.0 5.0 5.0 0.0 0.2 0 TOUCH_DOWN s
1402905560196 6 4098 110.5 983.6815 0.3 5.0 5.0 5.0 5.0 0.0 0.20400001 2 TOUCH_MOVE s
1402905560218 6 4098 112.105194 984.6527 0.3 5.0 5.0 5.0 5.0 0.0 0.20400001 2 TOUCH_MOVE s
1402905560230 6 4098 114.86724 985.5734 0.3 5.0 5.0 5.0 5.0 0.0 0.20400001 2 TOUCH_MOVE s
1402905560246 6 4098 117.13076 983.18945 0.20000002 4.0 4.0 4.0 4.0 0.0 0.18400002 2 TOUCH_MOVE s
1402905560256 6 4098 117.0 983.451 0.13333334 2.0 2.0 2.0 2.0 0.0 0.112 2 TOUCH_MOVE s
1402905560260 6 4098 117.0 983.451 0.13333334 2.0 2.0 2.0 2.0 0.0 0.112 1 TOUCH_UP s
1402905560363 6 4098 187.0 849.951 0.23333335 5.0 5.0 5.0 5.0 0.0 0.208 0 TOUCH_DOWN e
1402905560384 6 4098 187.0 849.951 0.26666668 5.0 5.0 5.0 5.0 0.0 0.208 2 TOUCH_MOVE e
1402905560413 6 4098 185.0 849.951 0.23333335 5.0 5.0 5.0 5.0 0.0 0.19600001 2 TOUCH_MOVE e
1402905560426 6 4098 185.0 849.951 0.23333335 5.0 5.0 5.0 5.0 0.0 0.172 2 TOUCH_MOVE e
1402905560432 6 4098 185.0 849.951 0.23333335 5.0 5.0 5.0 5.0 0.0 0.172 1 TOUCH_UP e
1402905560490 6 4098 590.5 977.951 0.26666668 4.0 4.0 4.0 4.0 0.0 0.208 0 TOUCH_DOWN k
1402905560542 6 4098 590.5 977.951 0.23333335 4.0 4.0 4.0 4.0 0.0 0.17600001 2 TOUCH_MOVE k
1402905560547 6 4098 590.5 977.951 0.23333335 4.0 4.0 4.0 4.0 0.0 0.17600001 1 TOUCH_UP k
1402905560611 6 4098 55.0 952.451 0.20000002 3.0 3.0 3.0 3.0 0.0 0.192 0 TOUCH_DOWN a
1402905560647 6 4098 57.7432 952.451 0.26666668 4.0 4.0 4.0 4.0 0.0 0.2 2 TOUCH_MOVE a
1402905560664 6 4098 67.711075 949.647 0.26666668 4.0 4.0 4.0 4.0 0.0 0.19600001 2 TOUCH_MOVE a
1402905560680 6 4098 74.5 943.451 0.16666667 3.0 3.0 3.0 3.0 0.0 0.104 2 TOUCH_MOVE a
1402905560684 6 4098 74.5 943.451 0.16666667 3.0 3.0 3.0 3.0 0.0 0.104 1 TOUCH_UP a
1402905560786 6 4098 255.0 849.951 0.3 6.0 6.0 6.0 6.0 0.0 0.216 0 TOUCH_DOWN r
1402905560830 6 4098 252.0 849.951 0.23333335 5.0 5.0 5.0 5.0 0.0 0.208 2 TOUCH_MOVE r
1402905560836 6 4098 252.0 849.951 0.23333335 5.0 5.0 5.0 5.0 0.0 0.17600001 2 TOUCH_MOVE r
1402905560840 6 4098 252.0 849.951 0.23333335 5.0 5.0 5.0 5.0 0.0 0.17600001 1 TOUCH_UP r
1402905560993 6 4098 62.5 956.951 0.20000002 3.0 3.0 3.0 3.0 0.0 0.19600001 0 TOUCH_DOWN a
1402905561001 6 4098 62.5 956.951 0.23333335 4.0 4.0 4.0 4.0 0.0 0.2 2 TOUCH_MOVE a
1402905561030 6 4098 62.5 957.8365 0.23333335 4.0 4.0 4.0 4.0 0.0 0.2 2 TOUCH_MOVE a
1402905561048 6 4098 62.09548 957.951 0.23333335 4.0 4.0 4.0 4.0 0.0 0.20400001 2 TOUCH_MOVE a
1402905561065 6 4098 61.780075 957.951 0.20000002 3.0 3.0 3.0 3.0 0.0 0.18800001 2 TOUCH_MOVE a
1402905561074 6 4098 61.780075 957.951 0.20000002 3.0 3.0 3.0 3.0 0.0 0.18800001 1 TOUCH_UP a
1402905561086 6 4098 485.0 1115.9509 0.26666668 4.0 4.0 4.0 4.0 0.0 0.20400001 0 TOUCH_DOWN n
1402905561104 6 4098 483.26694 1115.9509 0.26666668 5.0 5.0 5.0 5.0 0.0 0.19600001 2 TOUCH_MOVE n
1402905561108 6 4098 483.0 1115.9509 0.23333335 5.0 5.0 5.0 5.0 0.0 0.18400002 2 TOUCH_MOVE n
1402905561112 6 4098 483.0 1115.9509 0.23333335 5.0 5.0 5.0 5.0 0.0 0.18400002 1 TOUCH_UP n
1402905561253 6 4098 325.0 991.951 0.33333334 5.0 5.0 5.0 5.0 0.0 0.23600002 0 TOUCH_DOWN g
1402905561264 6 4098 325.0 991.951 0.33333334 5.0 5.0 5.0 5.0 0.0 0.24000001 2 TOUCH_MOVE g
1402905561296 6 4098 325.0 991.951 0.26666668 5.0 5.0 5.0 5.0 0.0 0.18 2 TOUCH_MOVE g
1402905561301 6 4098 325.0 991.951 0.26666668 5.0 5.0 5.0 5.0 0.0 0.18 1 TOUCH_UP g
1402905561445 6 4098 327.0 1218.4509 0.26666668 5.0 5.0 5.0 5.0 0.0 0.216 0 TOUCH_DOWN Space
1402905561490 6 4098 326.5 1220.4509 0.13333334 3.0 3.0 3.0 3.0 0.0 0.1 2 TOUCH_MOVE Space
1402905561495 6 4098 326.5 1220.4509 0.13333334 3.0 3.0 3.0 3.0 0.0 0.1 1 TOUCH_UP Space
1402905561738 6 4098 672.0 970.451 0.23333335 5.0 5.0 5.0 5.0 0.0 0.19600001 0 TOUCH_DOWN l
1402905561803 6 4098 672.0 970.451 0.23333335 5.0 5.0 5.0 5.0 0.0 0.17600001 2 TOUCH_MOVE l
1402905561810 6 4098 672.0 970.451 0.23333335 5.0 5.0 5.0 5.0 0.0 0.17600001 1 TOUCH_UP l
1402905561827 6 4098 52.0 963.451 0.16666667 3.0 3.0 3.0 3.0 0.0 0.18800001 0 TOUCH_DOWN a
1402905561836 6 4098 52.0 963.451 0.16666667 3.0 3.0 3.0 3.0 0.0 0.192 2 TOUCH_MOVE a
1402905561848 6 4098 52.53807 963.9891 0.16666667 3.0 3.0 3.0 3.0 0.0 0.19600001 2 TOUCH_MOVE a
1402905561865 6 4098 54.08033 964.99115 0.16666667 3.0 3.0 3.0 3.0 0.0 0.192 2 TOUCH_MOVE a
1402905561882 6 4098 59.447033 966.93115 0.16666667 3.0 3.0 3.0 3.0 0.0 0.19600001 2 TOUCH_MOVE a
1402905561898 6 4098 73.3399 968.8776 0.23333335 5.0 5.0 5.0 5.0 0.0 0.19600001 2 TOUCH_MOVE a
1402905561913 6 4098 84.5 967.451 0.20000002 4.0 4.0 4.0 4.0 0.0 0.16000001 2 TOUCH_MOVE a
1402905561916 6 4098 84.5 967.451 0.20000002 4.0 4.0 4.0 4.0 0.0 0.16000001 1 TOUCH_UP a
1402905562044 6 4098 358.5 928.951 0.33333334 6.0 6.0 6.0 6.0 0.0 0.224 0 TOUCH_DOWN g
1402905562061 6 4098 358.5 928.951 0.33333334 6.0 6.0 6.0 6.0 0.0 0.22800002 2 TOUCH_MOVE g
1402905562098 6 4098 358.0 929.451 0.3 5.0 5.0 5.0 5.0 0.0 0.192 2 TOUCH_MOVE g
1402905562128 6 4098 358.0 929.451 0.3 5.0 5.0 5.0 5.0 0.0 0.192 1 TOUCH_UP g
1402905562140 6 4098 541.5 824.951 0.33333334 5.0 5.0 5.0 5.0 0.0 0.22800002 0 TOUCH_DOWN i
1402905562165 6 4098 541.5 824.951 0.33333334 5.0 5.0 5.0 5.0 0.0 0.23200001 2 TOUCH_MOVE i
1402905562183 6 4098 541.5 824.951 0.26666668 4.0 4.0 4.0 4.0 0.0 0.208 2 TOUCH_MOVE i
1402905562187 6 4098 541.5 824.951 0.13333334 2.0 2.0 2.0 2.0 0.0 0.14400001 2 TOUCH_MOVE i
1402905562193 6 4098 541.5 824.951 0.13333334 2.0 2.0 2.0 2.0 0.0 0.14400001 1 TOUCH_UP i
1402905562404 6 4098 340.0 1240.9509 0.23333335 5.0 5.0 5.0 5.0 0.0 0.192 0 TOUCH_DOWN Space
1402905562432 6 4098 339.22232 1240.9509 0.20000002 5.0 5.0 5.0 5.0 0.0 0.18400002 2 TOUCH_MOVE Space
1402905562439 6 4098 339.0 1240.9509 0.20000002 5.0 5.0 5.0 5.0 0.0 0.164 2 TOUCH_MOVE Space
1402905562443 6 4098 339.0 1240.9509 0.20000002 5.0 5.0 5.0 5.0 0.0 0.164 1 TOUCH_UP Space
1402905562631 6 4098 476.0 1100.4509 0.26666668 4.0 4.0 4.0 4.0 0.0 0.208 0 TOUCH_DOWN n
1402905562666 6 4098 473.0 1092.9509 0.13333334 2.0 2.0 2.0 2.0 0.0 0.17600001 2 TOUCH_MOVE n
1402905562669 6 4098 473.0 1092.9509 0.13333334 2.0 2.0 2.0 2.0 0.0 0.17600001 1 TOUCH_UP n
1402905562804 6 4098 321.0 978.451 0.3 5.0 5.0 5.0 5.0 0.0 0.224 0 TOUCH_DOWN f
1402905562834 6 4098 321.0 978.451 0.26666668 5.0 5.0 5.0 5.0 0.0 0.2 2 TOUCH_MOVE f
1402905562841 6 4098 321.0 978.451 0.26666668 5.0 5.0 5.0 5.0 0.0 0.2 1 TOUCH_UP f
1402905562953 6 4098 416.5 834.951 0.36666667 6.0 6.0 6.0 6.0 0.0 0.23600002 0 TOUCH_DOWN y
1402905562967 6 4098 416.5 834.951 0.36666667 6.0 6.0 6.0 6.0 0.0 0.24000001 2 TOUCH_MOVE y
1402905562983 6 4098 417.01602 834.951 0.33333334 5.0 5.0 5.0 5.0 0.0 0.224 2 TOUCH_MOVE y
1402905562993 6 4098 417.0 834.951 0.3 5.0 5.0 5.0 5.0 0.0 0.19600001 2 TOUCH_MOVE y
1402905562999 6 4098 417.0 834.951 0.3 5.0 5.0 5.0 5.0 0.0 0.19600001 1 TOUCH_UP y
1402905563385 6 4098 691.0 1084.4509 0.16666667 3.0 3.0 3.0 3.0 0.0 0.192 0 TOUCH_DOWN Back
1402905563422 6 4098 691.0 1084.4509 0.16666667 3.0 3.0 3.0 3.0 0.0 0.192 1 TOUCH_UP Back
1402905563513 6 4098 673.5 1075.9509 0.26666668 5.0 5.0 5.0 5.0 0.0 0.2 0 TOUCH_DOWN Back
1402905563571 6 4098 673.5 1074.6892 0.3 5.0 5.0 5.0 5.0 0.0 0.20400001 2 TOUCH_MOVE Back
1402905563584 6 4098 672.7804 1069.6332 0.3 5.0 5.0 5.0 5.0 0.0 0.192 2 TOUCH_MOVE Back
1402905563591 6 4098 671.5 1065.9509 0.33333334 5.0 5.0 5.0 5.0 0.0 0.18 2 TOUCH_MOVE Back
1402905563595 6 4098 671.5 1065.9509 0.33333334 5.0 5.0 5.0 5.0 0.0 0.18 1 TOUCH_UP Back
1402905563687 6 4098 380.0 943.951 0.33333334 5.0 5.0 5.0 5.0 0.0 0.216 0 TOUCH_DOWN g
1402905563700 6 4098 380.0 943.951 0.33333334 5.0 5.0 5.0 5.0 0.0 0.21200001 2 TOUCH_MOVE g
1402905563730 6 4098 380.0 943.951 0.33333334 5.0 5.0 5.0 5.0 0.0 0.17600001 2 TOUCH_MOVE g
1402905563734 6 4098 380.0 943.951 0.33333334 5.0 5.0 5.0 5.0 0.0 0.17600001 1 TOUCH_UP g
1402905563842 6 4098 464.0 829.951 0.36666667 6.0 6.0 6.0 6.0 0.0 0.23600002 0 TOUCH_DOWN u
1402905563871 6 4098 465.5 830.451 0.33333334 5.0 5.0 5.0 5.0 0.0 0.216 2 TOUCH_MOVE u
1402905563877 6 4098 465.5 830.451 0.26666668 4.0 4.0 4.0 4.0 0.0 0.18400002 2 TOUCH_MOVE u
1402905563880 6 4098 465.5 830.451 0.26666668 4.0 4.0 4.0 4.0 0.0 0.18400002 1 TOUCH_UP u
1402905564025 6 4098 629.0 966.951 0.20000002 4.0 4.0 4.0 4.0 0.0 0.19600001 0 TOUCH_DOWN l
1402905564059 6 4098 629.0 966.951 0.23333335 4.0 4.0 4.0 4.0 0.0 0.18 2 TOUCH_MOVE l
1402905564063 6 4098 629.0 966.951 0.23333335 4.0 4.0 4.0 4.0 0.0 0.18 1 TOUCH_UP l
1402905564173 6 4098 537.0 821.951 0.3 5.0 5.0 5.0 5.0 0.0 0.22800002 0 TOUCH_DOWN i
1402905564184 6 4098 537.0 821.951 0.3 5.0 5.0 5.0 5.0 0.0 0.23200001 2 TOUCH_MOVE i
1402905564201 6 4098 538.5488 821.951 0.3 5.0 5.0 5.0 5.0 0.0 0.23200001 2 TOUCH_MOVE i
1402905564217 6 4098 542.5 823.451 0.33333334 5.0 5.0 5.0 5.0 0.0 0.21200001 2 TOUCH_MOVE i
1402905564226 6 4098 542.5 823.451 0.26666668 5.0 5.0 5.0 5.0 0.0 0.16800001 2 TOUCH_MOVE i
1402905564231 6 4098 542.5 823.451 0.26666668 5.0 5.0 5.0 5.0 0.0 0.16800001 1 TOUCH_UP i
1402905564469 6 4098 329.5 1216.4509 0.26666668 5.0 5.0 5.0 5.0 0.0 0.22000001 0 TOUCH_DOWN Space
1402905564501 6 4098 330.1503 1218.2516 0.26666668 5.0 5.0 5.0 5.0 0.0 0.19600001 2 TOUCH_MOVE Space
1402905564510 6 4098 330.0 1217.9509 0.13333334 3.0 3.0 3.0 3.0 0.0 0.112 2 TOUCH_MOVE Space
1402905564513 6 4098 330.0 1217.9509 0.13333334 3.0 3.0 3.0 3.0 0.0 0.112 1 TOUCH_UP Space
1402905564566 6 4098 212.5 953.951 0.3 5.0 5.0 5.0 5.0 0.0 0.20400001 0 TOUCH_DOWN d
1402905564601 6 4098 212.5 953.951 0.3 5.0 5.0 5.0 5.0 0.0 0.208 2 TOUCH_MOVE d
1402905564617 6 4098 211.14426 953.951 0.3 5.0 5.0 5.0 5.0 0.0 0.20400001 2 TOUCH_MOVE d
1402905564643 6 4098 209.5 953.951 0.26666668 4.0 4.0 4.0 4.0 0.0 0.18 2 TOUCH_MOVE d
1402905564647 6 4098 209.5 953.951 0.26666668 4.0 4.0 4.0 4.0 0.0 0.18 1 TOUCH_UP d
1402905564705 6 4098 530.0 824.451 0.33333334 5.0 5.0 5.0 5.0 0.0 0.23200001 0 TOUCH_DOWN i
1402905564717 6 4098 530.0 824.451 0.33333334 5.0 5.0 5.0 5.0 0.0 0.22800002 2 TOUCH_MOVE i
1402905564743 6 4098 530.0 824.451 0.26666668 4.0 4.0 4.0 4.0 0.0 0.2 2 TOUCH_MOVE i
1402905564747 6 4098 530.0 824.451 0.26666668 4.0 4.0 4.0 4.0 0.0 0.2 1 TOUCH_UP i
1402905564962 6 4098 332.0 1223.9509 0.26666668 5.0 5.0 5.0 5.0 0.0 0.21200001 0 TOUCH_DOWN Space
1402905564997 6 4098 332.0 1223.9509 0.26666668 5.0 5.0 5.0 5.0 0.0 0.21200001 1 TOUCH_UP Space
1402905565199 6 4098 582.0 934.951 0.3 5.0 5.0 5.0 5.0 0.0 0.21200001 0 TOUCH_DOWN k
1402905565246 6 4098 583.5 927.951 0.13333334 2.0 2.0 2.0 2.0 0.0 0.16800001 2 TOUCH_MOVE k
1402905565250 6 4098 583.5 927.951 0.13333334 2.0 2.0 2.0 2.0 0.0 0.16800001 1 TOUCH_UP k
1402905565394 6 4098 625.0 838.451 0.3 5.0 5.0 5.0 5.0 0.0 0.21200001 0 TOUCH_DOWN o
1402905565402 6 4098 625.0 838.451 0.33333334 5.0 5.0 5.0 5.0 0.0 0.21200001 2 TOUCH_MOVE o
1402905565427 6 4098 624.2075 836.866 0.33333334 5.0 5.0 5.0 5.0 0.0 0.21200001 2 TOUCH_MOVE o
1402905565437 6 4098 622.5 832.451 0.3 5.0 5.0 5.0 5.0 0.0 0.2 2 TOUCH_MOVE o
1402905565445 6 4098 622.5 832.451 0.26666668 4.0 4.0 4.0 4.0 0.0 0.17600001 2 TOUCH_MOVE o
1402905565449 6 4098 622.5 832.451 0.26666668 4.0 4.0 4.0 4.0 0.0 0.17600001 1 TOUCH_UP o
1402905565576 6 4098 248.5 826.451 0.33333334 5.0 5.0 5.0 5.0 0.0 0.21200001 0 TOUCH_DOWN r
1402905565585 6 4098 248.5 826.451 0.33333334 5.0 5.0 5.0 5.0 0.0 0.216 2 TOUCH_MOVE r
1402905565602 6 4098 249.17639 826.451 0.36666667 6.0 6.0 6.0 6.0 0.0 0.22000001 2 TOUCH_MOVE r
1402905565620 6 4098 250.23518 825.7158 0.36666667 6.0 6.0 6.0 6.0 0.0 0.22000001 2 TOUCH_MOVE r
1402905565644 6 4098 250.0 825.951 0.3 5.0 5.0 5.0 5.0 0.0 0.19600001 2 TOUCH_MOVE r
1402905565647 6 4098 250.0 825.951 0.3 5.0 5.0 5.0 5.0 0.0 0.19600001 1 TOUCH_UP r
1402905565768 6 4098 163.5 782.951 0.3 5.0 5.0 5.0 5.0 0.0 0.208 0 TOUCH_DOWN e
1402905565787 6 4098 165.30469 782.6248 0.33333334 6.0 6.0 6.0 6.0 0.0 0.21200001 2 TOUCH_MOVE e
1402905565805 6 4098 168.86026 781.951 0.33333334 6.0 6.0 6.0 6.0 0.0 0.216 2 TOUCH_MOVE e
1402905565819 6 4098 170.7179 781.951 0.33333334 6.0 6.0 6.0 6.0 0.0 0.21200001 2 TOUCH_MOVE e
1402905565839 6 4098 171.0 781.951 0.33333334 6.0 6.0 6.0 6.0 0.0 0.21200001 2 TOUCH_MOVE e
1402905565843 6 4098 171.0 781.951 0.26666668 5.0 5.0 5.0 5.0 0.0 0.15200001 2 TOUCH_MOVE e
1402905565847 6 4098 171.0 781.951 0.26666668 5.0 5.0 5.0 5.0 0.0 0.15200001 1 TOUCH_UP e
1402905566124 6 4098 44.0 917.451 0.16666667 3.0 3.0 3.0 3.0 0.0 0.18400002 0 TOUCH_DOWN a
1402905566149 6 4098 44.0 917.451 0.16666667 3.0 3.0 3.0 3.0 0.0 0.18800001 2 TOUCH_MOVE a
1402905566203 6 4098 44.0 917.451 0.16666667 3.0 3.0 3.0 3.0 0.0 0.18800001 1 TOUCH_UP a
1402905566777 6 4098 433.0 1215.4509 0.23333335 4.0 4.0 4.0 4.0 0.0 0.216 0 TOUCH_DOWN ,
1402905566796 6 4098 431.5 1215.4509 0.23333335 4.0 4.0 4.0 4.0 0.0 0.18400002 2 TOUCH_MOVE ,
1402905566809 6 4098 431.5 1215.4509 0.23333335 4.0 4.0 4.0 4.0 0.0 0.18400002 1 TOUCH_UP ,
1402905566957 6 4098 321.5 1230.9509 0.26666668 5.0 5.0 5.0 5.0 0.0 0.21200001 0 TOUCH_DOWN Space
1402905566994 6 4098 320.36093 1230.9509 0.23333335 4.0 4.0 4.0 4.0 0.0 0.2 2 TOUCH_MOVE Space
1402905567009 6 4098 320.36093 1230.9509 0.23333335 4.0 4.0 4.0 4.0 0.0 0.2 1 TOUCH_UP Space
1402905567798 6 4098 387.0 1112.4509 0.33333334 5.0 5.0 5.0 5.0 0.0 0.216 0 TOUCH_DOWN v
1402905567838 6 4098 387.0 1112.4509 0.33333334 5.0 5.0 5.0 5.0 0.0 0.216 1 TOUCH_UP v
1402905567955 6 4098 215.0 848.951 0.26666668 5.0 5.0 5.0 5.0 0.0 0.2 0 TOUCH_DOWN e
1402905567970 6 4098 215.0 848.951 0.26666668 5.0 5.0 5.0 5.0 0.0 0.20400001 2 TOUCH_MOVE e
1402905568008 6 4098 215.0 848.2973 0.26666668 5.0 5.0 5.0 5.0 0.0 0.208 2 TOUCH_MOVE e
1402905568019 6 4098 215.0 848.2973 0.26666668 5.0 5.0 5.0 5.0 0.0 0.208 1 TOUCH_UP e
1402905568429 6 4098 671.5 1099.4509 0.3 5.0 5.0 5.0 5.0 0.0 0.192 0 TOUCH_DOWN Back
1402905568454 6 4098 671.5 1099.4509 0.3 5.0 5.0 5.0 5.0 0.0 0.19600001 2 TOUCH_MOVE Back
1402905568518 6 4098 671.5 1099.4509 0.3 5.0 5.0 5.0 5.0 0.0 0.19600001 1 TOUCH_UP Back
1402905568614 6 4098 656.5 1088.4509 0.20000002 4.0 4.0 4.0 4.0 0.0 0.192 0 TOUCH_DOWN Back
1402905568624 6 4098 656.5 1088.4509 0.20000002 4.0 4.0 4.0 4.0 0.0 0.19600001 2 TOUCH_MOVE Back
1402905568638 6 4098 657.5109 1088.9618 0.26666668 5.0 5.0 5.0 5.0 0.0 0.19600001 2 TOUCH_MOVE Back
1402905568654 6 4098 658.46967 1089.4509 0.26666668 5.0 5.0 5.0 5.0 0.0 0.192 2 TOUCH_MOVE Back
1402905568668 6 4098 659.0 1089.4509 0.23333335 4.0 4.0 4.0 4.0 0.0 0.18 2 TOUCH_MOVE Back
1402905568672 6 4098 659.0 1089.4509 0.23333335 4.0 4.0 4.0 4.0 0.0 0.18 1 TOUCH_UP Back
1402905568725 6 4098 142.0 957.451 0.26666668 5.0 5.0 5.0 5.0 0.0 0.2 0 TOUCH_DOWN s
1402905568739 6 4098 142.0 957.451 0.26666668 5.0 5.0 5.0 5.0 0.0 0.20400001 2 TOUCH_MOVE s
1402905568789 6 4098 142.5 954.451 0.3 5.0 5.0 5.0 5.0 0.0 0.18800001 2 TOUCH_MOVE s
1402905568796 6 4098 142.5 954.451 0.13333334 2.0 2.0 2.0 2.0 0.0 0.1 2 TOUCH_MOVE s
1402905568802 6 4098 142.5 954.451 0.13333334 2.0 2.0 2.0 2.0 0.0 0.1 1 TOUCH_UP s
1402905568911 6 4098 216.5 828.951 0.33333334 5.0 5.0 5.0 5.0 0.0 0.216 0 TOUCH_DOWN r
1402905568971 6 4098 215.47322 828.951 0.33333334 5.0 5.0 5.0 5.0 0.0 0.21200001 2 TOUCH_MOVE r
1402905568987 6 4098 215.0 828.951 0.3 5.0 5.0 5.0 5.0 0.0 0.18400002 2 TOUCH_MOVE r
1402905568992 6 4098 215.0 828.951 0.3 5.0 5.0 5.0 5.0 0.0 0.18400002 1 TOUCH_UP r
1402905569066 6 4098 395.5 1110.9509 0.33333334 5.0 5.0 5.0 5.0 0.0 0.216 0 TOUCH_DOWN b
1402905569073 6 4098 395.5 1110.9509 0.33333334 5.0 5.0 5.0 5.0 0.0 0.20400001 2 TOUCH_MOVE b
1402905569094 6 4098 395.5 1110.9509 0.33333334 5.0 5.0 5.0 5.0 0.0 0.20400001 1 TOUCH_UP b
1402905569142 6 4098 203.0 810.951 0.26666668 5.0 5.0 5.0 5.0 0.0 0.20400001 0 TOUCH_DOWN e
1402905569188 6 4098 200.28697 810.16547 0.26666668 5.0 5.0 5.0 5.0 0.0 0.2 2 TOUCH_MOVE e
1402905569195 6 4098 199.0 809.951 0.23333335 4.0 4.0 4.0 4.0 0.0 0.18400002 2 TOUCH_MOVE e
1402905569215 6 4098 199.0 809.951 0.23333335 4.0 4.0 4.0 4.0 0.0 0.18400002 1 TOUCH_UP e
1402905569298 6 4098 501.5 1111.9509 0.33333334 5.0 5.0 5.0 5.0 0.0 0.20400001 0 TOUCH_DOWN n
1402905569328 6 4098 501.5 1111.9509 0.33333334 5.0 5.0 5.0 5.0 0.0 0.20400001 1 TOUCH_UP n
1402905569849 6 4098 688.5 1086.4509 0.16666667 3.0 3.0 3.0 3.0 0.0 0.18800001 0 TOUCH_DOWN Back
1402905569889 6 4098 688.5 1087.1804 0.20000002 3.0 3.0 3.0 3.0 0.0 0.192 2 TOUCH_MOVE Back
1402905569909 6 4098 687.5 1087.9509 0.20000002 4.0 4.0 4.0 4.0 0.0 0.18 2 TOUCH_MOVE Back
1402905569913 6 4098 687.5 1087.9509 0.20000002 4.0 4.0 4.0 4.0 0.0 0.18 1 TOUCH_UP Back
1402905569997 6 4098 682.0 1090.4509 0.23333335 4.0 4.0 4.0 4.0 0.0 0.192 0 TOUCH_DOWN Back
1402905570074 6 4098 682.0 1090.4509 0.23333335 4.0 4.0 4.0 4.0 0.0 0.192 1 TOUCH_UP Back
1402905570173 6 4098 679.5 1088.9509 0.20000002 4.0 4.0 4.0 4.0 0.0 0.192 0 TOUCH_DOWN Back
1402905570241 6 4098 679.5 1088.9509 0.20000002 4.0 4.0 4.0 4.0 0.0 0.192 1 TOUCH_UP Back
1402905570311 6 4098 677.0 1092.4509 0.23333335 4.0 4.0 4.0 4.0 0.0 0.192 0 TOUCH_DOWN Back
1402905570325 6 4098 677.0 1092.4509 0.23333335 4.0 4.0 4.0 4.0 0.0 0.19600001 2 TOUCH_MOVE Back
1402905570356 6 4098 678.2036 1092.9509 0.23333335 4.0 4.0 4.0 4.0 0.0 0.2 2 TOUCH_MOVE Back
1402905570374 6 4098 679.16 1092.9509 0.23333335 4.0 4.0 4.0 4.0 0.0 0.2 2 TOUCH_MOVE Back
1402905570391 6 4098 679.75 1092.9509 0.23333335 4.0 4.0 4.0 4.0 0.0 0.192 2 TOUCH_MOVE Back
1402905570396 6 4098 679.75 1092.9509 0.23333335 4.0 4.0 4.0 4.0 0.0 0.192 1 TOUCH_UP Back
1402905570474 6 4098 194.0 839.951 0.26666668 4.0 4.0 4.0 4.0 0.0 0.19600001 0 TOUCH_DOWN e
1402905570490 6 4098 194.0 839.951 0.26666668 4.0 4.0 4.0 4.0 0.0 0.2 2 TOUCH_MOVE e
1402905570506 6 4098 194.0 839.089 0.3 5.0 5.0 5.0 5.0 0.0 0.2 2 TOUCH_MOVE e
1402905570523 6 4098 194.0 838.21094 0.26666668 4.0 4.0 4.0 4.0 0.0 0.192 2 TOUCH_MOVE e
1402905570540 6 4098 194.0 838.21094 0.26666668 4.0 4.0 4.0 4.0 0.0 0.192 1 TOUCH_UP e
1402905571052 6 4098 414.5 1101.4509 0.3 5.0 5.0 5.0 5.0 0.0 0.22800002 0 TOUCH_DOWN b
1402905571096 6 4098 414.5 1101.4509 0.3 5.0 5.0 5.0 5.0 0.0 0.22800002 1 TOUCH_UP b
1402905571149 6 4098 192.0 840.451 0.26666668 4.0 4.0 4.0 4.0 0.0 0.19600001 0 TOUCH_DOWN e
1402905571190 6 4098 192.3455 839.60547 0.3 5.0 5.0 5.0 5.0 0.0 0.2 2 TOUCH_MOVE e
1402905571207 6 4098 192.75 839.201 0.3 5.0 5.0 5.0 5.0 0.0 0.20400001 2 TOUCH_MOVE e
1402905571240 6 4098 192.75 839.201 0.3 5.0 5.0 5.0 5.0 0.0 0.20400001 1 TOUCH_UP e
1402905571379 6 4098 494.0 1111.4509 0.3 5.0 5.0 5.0 5.0 0.0 0.208 0 TOUCH_DOWN n
1402905571424 6 4098 494.0 1111.4509 0.3 5.0 5.0 5.0 5.0 0.0 0.208 1 TOUCH_UP n
1402905571630 6 4098 343.0 842.951 0.26666668 5.0 5.0 5.0 5.0 0.0 0.18 0 TOUCH_DOWN t
1402905571638 6 4098 343.0 842.951 0.26666668 5.0 5.0 5.0 5.0 0.0 0.164 2 TOUCH_MOVE t
1402905571641 6 4098 343.0 842.951 0.26666668 5.0 5.0 5.0 5.0 0.0 0.164 1 TOUCH_UP t
1402905571943 6 4098 68.5 938.451 0.26666668 5.0 5.0 5.0 5.0 0.0 0.192 0 TOUCH_DOWN a
1402905571958 6 4098 68.5 938.451 0.26666668 5.0 5.0 5.0 5.0 0.0 0.18800001 2 TOUCH_MOVE a
1402905571974 6 4098 68.5 937.9145 0.23333335 4.0 4.0 4.0 4.0 0.0 0.18800001 2 TOUCH_MOVE a
1402905571991 6 4098 67.92753 930.6538 0.16666667 3.0 3.0 3.0 3.0 0.0 0.18 2 TOUCH_MOVE a
1402905572002 6 4098 68.0 931.451 0.13333334 2.0 2.0 2.0 2.0 0.0 0.1 2 TOUCH_MOVE a
1402905572006 6 4098 68.0 931.451 0.13333334 2.0 2.0 2.0 2.0 0.0 0.1 1 TOUCH_UP a
1402905572183 6 4098 280.5 821.951 0.3 5.0 5.0 5.0 5.0 0.0 0.2 0 TOUCH_DOWN r
1402905572191 6 4098 280.5 821.951 0.3 5.0 5.0 5.0 5.0 0.0 0.19600001 2 TOUCH_MOVE r
1402905572209 6 4098 280.5 821.951 0.3 5.0 5.0 5.0 5.0 0.0 0.19600001 1 TOUCH_UP r
1402905572402 6 4098 345.0 1228.9509 0.26666668 5.0 5.0 5.0 5.0 0.0 0.2 0 TOUCH_DOWN Space
1402905572427 6 4098 345.0 1228.9509 0.20000002 4.0 4.0 4.0 4.0 0.0 0.192 2 TOUCH_MOVE Space
1402905572445 6 4098 345.0 1228.9509 0.20000002 4.0 4.0 4.0 4.0 0.0 0.192 1 TOUCH_UP Space
1402905572704 6 4098 670.0 974.951 0.23333335 5.0 5.0 5.0 5.0 0.0 0.19600001 0 TOUCH_DOWN l
1402905572734 6 4098 670.0 974.951 0.26666668 5.0 5.0 5.0 5.0 0.0 0.192 2 TOUCH_MOVE l
1402905572764 6 4098 670.0 974.951 0.23333335 5.0 5.0 5.0 5.0 0.0 0.16000001 2 TOUCH_MOVE l
1402905572768 6 4098 670.0 974.951 0.23333335 5.0 5.0 5.0 5.0 0.0 0.16000001 1 TOUCH_UP l
1402905572790 6 4098 96.5 965.451 0.20000002 4.0 4.0 4.0 4.0 0.0 0.18800001 0 TOUCH_DOWN a
1402905572810 6 4098 96.5 965.451 0.20000002 4.0 4.0 4.0 4.0 0.0 0.192 2 TOUCH_MOVE a
1402905572830 6 4098 97.408516 966.1553 0.23333335 5.0 5.0 5.0 5.0 0.0 0.19600001 2 TOUCH_MOVE a
1402905572858 6 4098 101.256996 966.951 0.23333335 5.0 5.0 5.0 5.0 0.0 0.18800001 2 TOUCH_MOVE a
1402905572869 6 4098 101.5 966.951 0.23333335 5.0 5.0 5.0 5.0 0.0 0.18 2 TOUCH_MOVE a
1402905572873 6 4098 101.5 966.951 0.23333335 5.0 5.0 5.0 5.0 0.0 0.18 1 TOUCH_UP a
1402905573047 6 4098 370.0 923.451 0.26666668 5.0 5.0 5.0 5.0 0.0 0.20400001 0 TOUCH_DOWN g
1402905573059 6 4098 370.0 923.451 0.26666668 5.0 5.0 5.0 5.0 0.0 0.208 2 TOUCH_MOVE g
1402905573092 6 4098 370.6564 923.451 0.23333335 4.0 4.0 4.0 4.0 0.0 0.18800001 2 TOUCH_MOVE g
1402905573097 6 4098 370.6564 923.451 0.23333335 4.0 4.0 4.0 4.0 0.0 0.18800001 1 TOUCH_UP g
1402905573155 6 4098 556.5 836.951 0.3 5.0 5.0 5.0 5.0 0.0 0.22000001 0 TOUCH_DOWN i
1402905573177 6 4098 556.5 836.951 0.3 5.0 5.0 5.0 5.0 0.0 0.224 2 TOUCH_MOVE i
1402905573193 6 4098 556.5 836.951 0.26666668 5.0 5.0 5.0 5.0 0.0 0.19600001 2 TOUCH_MOVE i
1402905573196 6 4098 556.5 836.951 0.23333335 5.0 5.0 5.0 5.0 0.0 0.148 2 TOUCH_MOVE i
1402905573202 6 4098 556.5 836.951 0.23333335 5.0 5.0 5.0 5.0 0.0 0.148 1 TOUCH_UP i
1402905573449 6 4098 339.0 1233.9509 0.26666668 5.0 5.0 5.0 5.0 0.0 0.208 0 TOUCH_DOWN Space
1402905573461 6 4098 339.0 1233.9509 0.26666668 5.0 5.0 5.0 5.0 0.0 0.20400001 2 TOUCH_MOVE Space
1402905573483 6 4098 340.5 1232.9509 0.23333335 4.0 4.0 4.0 4.0 0.0 0.18800001 2 TOUCH_MOVE Space
1402905573487 6 4098 340.5 1232.9509 0.23333335 4.0 4.0 4.0 4.0 0.0 0.18800001 1 TOUCH_UP Space
1402905573683 6 4098 589.0 1068.9509 0.26666668 4.0 4.0 4.0 4.0 0.0 0.208 0 TOUCH_DOWN m
1402905573694 6 4098 589.0 1068.9509 0.23333335 4.0 4.0 4.0 4.0 0.0 0.20400001 2 TOUCH_MOVE m
1402905573741 6 4098 589.0 1068.9509 0.23333335 4.0 4.0 4.0 4.0 0.0 0.20400001 1 TOUCH_UP m
1402905573893 6 4098 465.5 883.951 0.33333334 5.0 5.0 5.0 5.0 0.0 0.23200001 0 TOUCH_DOWN u
1402905573929 6 4098 468.5 882.451 0.3 5.0 5.0 5.0 5.0 0.0 0.224 2 TOUCH_MOVE u
1402905573941 6 4098 468.5 882.451 0.16666667 3.0 3.0 3.0 3.0 0.0 0.1 2 TOUCH_MOVE u
1402905573945 6 4098 468.5 882.451 0.16666667 3.0 3.0 3.0 3.0 0.0 0.1 1 TOUCH_UP u
1402905573978 6 4098 211.0 968.451 0.23333335 5.0 5.0 5.0 5.0 0.0 0.20400001 0 TOUCH_DOWN d
1402905574010 6 4098 211.0 968.451 0.26666668 5.0 5.0 5.0 5.0 0.0 0.21200001 2 TOUCH_MOVE d
1402905574026 6 4098 209.9453 967.3963 0.26666668 5.0 5.0 5.0 5.0 0.0 0.208 2 TOUCH_MOVE d
1402905574043 6 4098 208.97856 967.451 0.20000002 4.0 4.0 4.0 4.0 0.0 0.18400002 2 TOUCH_MOVE d
1402905574049 6 4098 208.97856 967.451 0.20000002 4.0 4.0 4.0 4.0 0.0 0.18400002 1 TOUCH_UP d
1402905574078 6 4098 531.0 857.951 0.23333335 5.0 5.0 5.0 5.0 0.0 0.208 0 TOUCH_DOWN i
1402905574094 6 4098 531.0 857.951 0.26666668 5.0 5.0 5.0 5.0 0.0 0.216 2 TOUCH_MOVE i
1402905574115 6 4098 531.0 857.951 0.20000002 4.0 4.0 4.0 4.0 0.0 0.17600001 2 TOUCH_MOVE i
1402905574122 6 4098 531.0 857.951 0.20000002 4.0 4.0 4.0 4.0 0.0 0.17600001 1 TOUCH_UP i
1402905574272 6 4098 571.0 942.951 0.26666668 5.0 5.0 5.0 5.0 0.0 0.172 0 TOUCH_DOWN k
1402905574278 6 4098 571.0 942.951 0.26666668 5.0 5.0 5.0 5.0 0.0 0.172 1 TOUCH_UP k
