1402905449645 6 4098 501.0 1079.4509 0.23333335 5.0 5.0 5.0 5.0 0.0 0.2 0 TOUCH_DOWN N
1402905449693 6 4098 501.0 1079.9509 0.26666668 5.0 5.0 5.0 5.0 0.0 0.128 2 TOUCH_MOVE N
1402905449698 6 4098 501.0 1079.9509 0.26666668 5.0 5.0 5.0 5.0 0.0 0.128 1 TOUCH_UP N
1402905449806 6 4098 54.0 961.951 0.16666667 3.0 3.0 3.0 3.0 0.0 0.18800001 0 TOUCH_DOWN a
1402905449827 6 4098 54.36746 961.951 0.16666667 3.0 3.0 3.0 3.0 0.0 0.192 2 TOUCH_MOVE a
1402905449844 6 4098 55.70171 961.951 0.20000002 3.0 3.0 3.0 3.0 0.0 0.19600001 2 TOUCH_MOVE a
1402905449860 6 4098 56.664043 961.951 0.20000002 3.0 3.0 3.0 3.0 0.0 0.19600001 2 TOUCH_MOVE a
1402905449877 6 4098 57.25 961.951 0.16666667 3.0 3.0 3.0 3.0 0.0 0.192 2 TOUCH_MOVE a
1402905449894 6 4098 606.5 1077.4509 0.20000002 4.0 4.0 4.0 4.0 0.0 0.18800001 0 TOUCH_DOWN m
1402905449895 6 4098 57.25 961.951 0.16666667 3.0 3.0 3.0 3.0 0.0 0.192 2 TOUCH_MOVE a
1402905449896 6 4098 606.0 1077.4509 0.20000002 4.0 4.0 4.0 4.0 0.0 0.18400002 2 TOUCH_MOVE m
1402905449899 6 4098 57.25 961.951 0.16666667 3.0 3.0 3.0 3.0 0.0 0.192 1 TOUCH_UP a
1402905449927 6 4098 606.0 1077.4509 0.20000002 4.0 4.0 4.0 4.0 0.0 0.18400002 2 TOUCH_MOVE m
1402905449930 6 4098 606.0 1077.4509 0.20000002 4.0 4.0 4.0 4.0 0.0 0.18400002 1 TOUCH_UP m
1402905450040 6 4098 66.0 966.951 0.16666667 3.0 3.0 3.0 3.0 0.0 0.192 0 TOUCH_DOWN a
1402905450081 6 4098 67.86617 967.6341 0.23333335 5.0 5.0 5.0 5.0 0.0 0.19600001 2 TOUCH_MOVE a
1402905450094 6 4098 69.14497 967.451 0.20000002 4.0 4.0 4.0 4.0 0.0 0.19600001 2 TOUCH_MOVE a
1402905450130 6 4098 68.0 966.451 0.20000002 3.0 3.0 3.0 3.0 0.0 0.17600001 2 TOUCH_MOVE a
1402905450133 6 4098 68.0 966.451 0.20000002 3.0 3.0 3.0 3.0 0.0 0.17600001 1 TOUCH_UP a
1402905450186 6 4098 400.0 1230.4509 0.26666668 5.0 5.0 5.0 5.0 0.0 0.20400001 0 TOUCH_DOWN ,
1402905450230 6 4098 397.93988 1229.6709 0.26666668 5.0 5.0 5.0 5.0 0.0 0.2 2 TOUCH_MOVE ,
1402905450245 6 4098 396.75 1228.7009 0.23333335 4.0 4.0 4.0 4.0 0.0 0.192 2 TOUCH_MOVE ,
1402905450259 6 4098 397.0 1228.9509 0.20000002 3.0 3.0 3.0 3.0 0.0 0.148 2 TOUCH_MOVE ,
1402905450262 6 4098 397.0 1228.9509 0.20000002 3.0 3.0 3.0 3.0 0.0 0.148 1 TOUCH_UP ,
1402905450596 6 4098 137.0 981.951 0.26666668 4.0 4.0 4.0 4.0 0.0 0.19600001 0 TOUCH_DOWN s
1402905450644 6 4098 137.61609 981.951 0.3 5.0 5.0 5.0 5.0 0.0 0.20400001 2 TOUCH_MOVE s
1402905450669 6 4098 137.61609 981.951 0.3 5.0 5.0 5.0 5.0 0.0 0.20400001 1 TOUCH_UP s
1402905450801 6 4098 83.0 964.451 0.20000002 4.0 4.0 4.0 4.0 0.0 0.18800001 0 TOUCH_DOWN a
1402905450812 6 4098 83.0 964.451 0.20000002 4.0 4.0 4.0 4.0 0.0 0.192 2 TOUCH_MOVE a
1402905450829 6 4098 83.0 964.9564 0.20000002 4.0 4.0 4.0 4.0 0.0 0.19600001 2 TOUCH_MOVE a
1402905450878 6 4098 83.0 964.951 0.13333334 2.0 2.0 2.0 2.0 0.0 0.164 2 TOUCH_MOVE a
1402905450881 6 4098 83.0 964.951 0.13333334 2.0 2.0 2.0 2.0 0.0 0.164 1 TOUCH_UP a
1402905451100 6 4098 707.5 1080.4509 0.16666667 3.0 3.0 3.0 3.0 0.0 0.18800001 0 TOUCH_DOWN Back
1402905451129 6 4098 708.8453 1080.4509 0.16666667 3.0 3.0 3.0 3.0 0.0 0.18800001 2 TOUCH_MOVE Back
1402905451145 6 4098 709.8113 1080.4509 0.16666667 3.0 3.0 3.0 3.0 0.0 0.18800001 2 TOUCH_MOVE Back
1402905451160 6 4098 710.0 1080.4509 0.16666667 3.0 3.0 3.0 3.0 0.0 0.18400002 2 TOUCH_MOVE Back
1402905451163 6 4098 710.0 1080.4509 0.16666667 3.0 3.0 3.0 3.0 0.0 0.18400002 1 TOUCH_UP Back
1402905451254 6 4098 697.5 1090.4509 0.16666667 3.0 3.0 3.0 3.0 0.0 0.19600001 0 TOUCH_DOWN Back
1402905451278 6 4098 697.5 1090.9563 0.16666667 3.0 3.0 3.0 3.0 0.0 0.19600001 2 TOUCH_MOVE Back
1402905451329 6 4098 698.5 1090.9509 0.13333334 2.0 2.0 2.0 2.0 0.0 0.18 2 TOUCH_MOVE Back
1402905451339 6 4098 698.5 1090.9509 0.13333334 2.0 2.0 2.0 2.0 0.0 0.18 1 TOUCH_UP Back
1402905451407 6 4098 689.5 1084.4509 0.16666667 3.0 3.0 3.0 3.0 0.0 0.19600001 0 TOUCH_DOWN Back
1402905451445 6 4098 690.6444 1083.8065 0.20000002 3.0 3.0 3.0 3.0 0.0 0.2 2 TOUCH_MOVE Back
1402905451462 6 4098 691.25 1083.2009 0.20000002 3.0 3.0 3.0 3.0 0.0 0.2 2 TOUCH_MOVE Back
1402905451478 6 4098 691.0 1083.4509 0.16666667 3.0 3.0 3.0 3.0 0.0 0.17600001 2 TOUCH_MOVE Back
1402905451482 6 4098 691.0 1083.4509 0.16666667 3.0 3.0 3.0 3.0 0.0 0.17600001 1 TOUCH_UP Back
1402905451802 6 4098 350.5 1226.9509 0.3 6.0 6.0 6.0 6.0 0.0 0.216 0 TOUCH_DOWN Space
1402905451812 6 4098 350.17163 1226.9509 0.26666668 5.0 5.0 5.0 5.0 0.0 0.216 2 TOUCH_MOVE Space
1402905451839 6 4098 348.9377 1226.9509 0.26666668 5.0 5.0 5.0 5.0 0.0 0.216 2 TOUCH_MOVE Space
1402905451846 6 4098 347.78506 1226.9509 0.26666668 5.0 5.0 5.0 5.0 0.0 0.216 2 TOUCH_MOVE Space
1402905451862 6 4098 347.5 1226.4509 0.23333335 4.0 4.0 4.0 4.0 0.0 0.208 2 TOUCH_MOVE Space
1402905451871 6 4098 347.5 1226.4509 0.16666667 3.0 3.0 3.0 3.0 0.0 0.18400002 2 TOUCH_MOVE Space
1402905451886 6 4098 347.5 1226.4509 0.16666667 3.0 3.0 3.0 3.0 0.0 0.18400002 1 TOUCH_UP Space
1402905451935 6 4098 151.5 972.951 0.23333335 5.0 5.0 5.0 5.0 0.0 0.19600001 0 TOUCH_DOWN s
1402905451981 6 4098 146.91246 973.451 0.23333335 5.0 5.0 5.0 5.0 0.0 0.20400001 2 TOUCH_MOVE s
1402905451996 6 4098 141.5 973.451 0.20000002 4.0 4.0 4.0 4.0 0.0 0.192 2 TOUCH_MOVE s
1402905452000 6 4098 141.5 973.451 0.20000002 4.0 4.0 4.0 4.0 0.0 0.16000001 2 TOUCH_MOVE s
1402905452003 6 4098 141.5 973.451 0.20000002 4.0 4.0 4.0 4.0 0.0 0.16000001 1 TOUCH_UP s
1402905452123 6 4098 69.0 994.951 0.26666668 5.0 5.0 5.0 5.0 0.0 0.192 0 TOUCH_DOWN a
1402905452141 6 4098 69.0 994.951 0.3 5.0 5.0 5.0 5.0 0.0 0.19600001 2 TOUCH_MOVE a
1402905452171 6 4098 69.0 995.451 0.3 5.0 5.0 5.0 5.0 0.0 0.19600001 2 TOUCH_MOVE a
1402905452178 6 4098 379.5 855.451 0.36666667 6.0 6.0 6.0 6.0 0.0 0.24400002 0 TOUCH_DOWN y
1402905452179 6 4098 69.0 995.451 0.3 5.0 5.0 5.0 5.0 0.0 0.19600001 2 TOUCH_MOVE a
1402905452181 6 4098 377.5 854.951 0.36666667 6.0 6.0 6.0 6.0 0.0 0.24800001 2 TOUCH_MOVE y
1402905452182 6 4098 68.0 995.451 0.26666668 5.0 5.0 5.0 5.0 0.0 0.17600001 2 TOUCH_MOVE a
1402905452183 6 4098 377.5 854.951 0.36666667 6.0 6.0 6.0 6.0 0.0 0.24800001 2 TOUCH_MOVE y
1402905452186 6 4098 68.0 995.451 0.26666668 5.0 5.0 5.0 5.0 0.0 0.17600001 1 TOUCH_UP a
1402905452211 6 4098 377.5 854.951 0.36666667 6.0 6.0 6.0 6.0 0.0 0.24800001 1 TOUCH_UP y
1402905452310 6 4098 48.0 966.951 0.16666667 3.0 3.0 3.0 3.0 0.0 0.18 0 TOUCH_DOWN a
1402905452355 6 4098 48.0 966.951 0.20000002 3.0 3.0 3.0 3.0 0.0 0.14 2 TOUCH_MOVE a
1402905452359 6 4098 48.0 966.951 0.20000002 3.0 3.0 3.0 3.0 0.0 0.14 1 TOUCH_UP a
1402905452531 6 4098 371.5 1217.9509 0.23333335 4.0 4.0 4.0 4.0 0.0 0.21200001 0 TOUCH_DOWN Space
1402905452550 6 4098 371.5 1218.6456 0.23333335 4.0 4.0 4.0 4.0 0.0 0.19600001 2 TOUCH_MOVE Space
1402905452557 6 4098 371.5 1218.6456 0.23333335 4.0 4.0 4.0 4.0 0.0 0.19600001 1 TOUCH_UP Space
1402905452738 6 4098 65.0 983.951 0.23333335 4.0 4.0 4.0 4.0 0.0 0.192 0 TOUCH_DOWN a
1402905452780 6 4098 66.76063 983.951 0.16666667 3.0 3.0 3.0 3.0 0.0 0.192 2 TOUCH_MOVE a
1402905452796 6 4098 68.0 981.951 0.16666667 3.0 3.0 3.0 3.0 0.0 0.136 2 TOUCH_MOVE a
1402905452800 6 4098 68.0 981.951 0.16666667 3.0 3.0 3.0 3.0 0.0 0.136 1 TOUCH_UP a
1402905452919 6 4098 260.0 868.451 0.33333334 6.0 6.0 6.0 6.0 0.0 0.216 0 TOUCH_DOWN r
1402905452965 6 4098 258.75937 868.6979 0.33333334 6.0 6.0 6.0 6.0 0.0 0.216 2 TOUCH_MOVE r
1402905452979 6 4098 258.0 868.951 0.3 5.0 5.0 5.0 5.0 0.0 0.18 2 TOUCH_MOVE r
1402905452988 6 4098 258.0 868.951 0.3 5.0 5.0 5.0 5.0 0.0 0.18 1 TOUCH_UP r
1402905453107 6 4098 196.5 952.451 0.3 5.0 5.0 5.0 5.0 0.0 0.20400001 0 TOUCH_DOWN d
1402905453130 6 4098 196.5 952.451 0.3 5.0 5.0 5.0 5.0 0.0 0.208 2 TOUCH_MOVE d
1402905453163 6 4098 195.5 952.451 0.3 5.0 5.0 5.0 5.0 0.0 0.2 2 TOUCH_MOVE d
1402905453173 6 4098 195.5 952.451 0.16666667 3.0 3.0 3.0 3.0 0.0 0.124000005 2 TOUCH_MOVE d
1402905453179 6 4098 195.5 952.451 0.16666667 3.0 3.0 3.0 3.0 0.0 0.124000005 1 TOUCH_UP d
1402905453212 6 4098 524.0 836.951 0.3 5.0 5.0 5.0 5.0 0.0 0.22000001 0 TOUCH_DOWN i
1402905453242 6 4098 524.0 836.951 0.3 5.0 5.0 5.0 5.0 0.0 0.216 2 TOUCH_MOVE i
1402905453247 6 4098 524.0 836.951 0.16666667 3.0 3.0 3.0 3.0 0.0 0.1 2 TOUCH_MOVE i
1402905453252 6 4098 524.0 836.951 0.16666667 3.0 3.0 3.0 3.0 0.0 0.1 1 TOUCH_UP i
1402905453802 6 4098 453.0 1216.4509 0.26666668 5.0 5.0 5.0 5.0 0.0 0.208 0 TOUCH_DOWN ,
1402905453847 6 4098 452.5 1216.4509 0.26666668 5.0 5.0 5.0 5.0 0.0 0.18800001 2 TOUCH_MOVE ,
1402905453854 6 4098 452.5 1216.4509 0.26666668 5.0 5.0 5.0 5.0 0.0 0.14400001 2 TOUCH_MOVE ,
1402905453858 6 4098 452.5 1216.4509 0.26666668 5.0 5.0 5.0 5.0 0.0 0.14400001 1 TOUCH_UP ,
1402905453988 6 4098 331.5 1217.4509 0.26666668 5.0 5.0 5.0 5.0 0.0 0.22000001 0 TOUCH_DOWN Space
1402905454014 6 4098 331.03235 1217.4509 0.26666668 5.0 5.0 5.0 5.0 0.0 0.216 2 TOUCH_MOVE Space
1402905454031 6 4098 330.25 1217.4509 0.26666668 5.0 5.0 5.0 5.0 0.0 0.20400001 2 TOUCH_MOVE Space
1402905454038 6 4098 330.25 1217.4509 0.26666668 5.0 5.0 5.0 5.0 0.0 0.20400001 1 TOUCH_UP Space
1402905455504 6 4098 609.0 829.951 0.33333334 5.0 5.0 5.0 5.0 0.0 0.208 0 TOUCH_DOWN o
1402905455516 6 4098 609.0 829.951 0.33333334 5.0 5.0 5.0 5.0 0.0 0.216 2 TOUCH_MOVE o
1402905455532 6 4098 608.4681 829.41907 0.33333334 5.0 5.0 5.0 5.0 0.0 0.22000001 2 TOUCH_MOVE o
1402905455549 6 4098 607.4769 828.4279 0.33333334 5.0 5.0 5.0 5.0 0.0 0.216 2 TOUCH_MOVE o
1402905455565 6 4098 606.0347 828.91626 0.33333334 5.0 5.0 5.0 5.0 0.0 0.20400001 2 TOUCH_MOVE o
1402905455569 6 4098 606.0 828.951 0.26666668 4.0 4.0 4.0 4.0 0.0 0.18400002 2 TOUCH_MOVE o
1402905455574 6 4098 606.0 828.951 0.26666668 4.0 4.0 4.0 4.0 0.0 0.18400002 1 TOUCH_UP o
1402905455617 6 4098 260.5 844.451 0.3 5.0 5.0 5.0 5.0 0.0 0.208 0 TOUCH_DOWN r
1402905455666 6 4098 257.5 842.951 0.26666668 4.0 4.0 4.0 4.0 0.0 0.19600001 2 TOUCH_MOVE r
1402905455674 6 4098 257.5 842.951 0.13333334 2.0 2.0 2.0 2.0 0.0 0.116000004 2 TOUCH_MOVE r
1402905455677 6 4098 257.5 842.951 0.13333334 2.0 2.0 2.0 2.0 0.0 0.116000004 1 TOUCH_UP r
1402905455832 6 4098 73.0 961.951 0.13333334 2.0 2.0 2.0 2.0 0.0 0.18 0 TOUCH_DOWN a
1402905455851 6 4098 73.0 961.951 0.13333334 2.0 2.0 2.0 2.0 0.0 0.18400002 2 TOUCH_MOVE a
1402905455867 6 4098 72.18629 960.82355 0.23333335 4.0 4.0 4.0 4.0 0.0 0.19600001 2 TOUCH_MOVE a
1402905455882 6 4098 71.21348 958.8779 0.23333335 4.0 4.0 4.0 4.0 0.0 0.19600001 2 TOUCH_MOVE a
1402905455899 6 4098 70.0 956.951 0.20000002 3.0 3.0 3.0 3.0 0.0 0.18400002 2 TOUCH_MOVE a
1402905455916 6 4098 70.0 956.951 0.16666667 3.0 3.0 3.0 3.0 0.0 0.128 2 TOUCH_MOVE a
1402905455919 6 4098 70.0 956.951 0.16666667 3.0 3.0 3.0 3.0 0.0 0.128 1 TOUCH_UP a
1402905455931 6 4098 483.0 1089.9509 0.23333335 4.0 4.0 4.0 4.0 0.0 0.20400001 0 TOUCH_DOWN n
1402905455954 6 4098 482.25 1089.9509 0.23333335 4.0 4.0 4.0 4.0 0.0 0.20400001 2 TOUCH_MOVE n
1402905455971 6 4098 482.25 1089.9509 0.23333335 4.0 4.0 4.0 4.0 0.0 0.20400001 1 TOUCH_UP n
1402905456108 6 4098 331.0 983.451 0.3 5.0 5.0 5.0 5.0 0.0 0.22800002 0 TOUCH_DOWN g
1402905456116 6 4098 331.0 983.451 0.3 5.0 5.0 5.0 5.0 0.0 0.224 2 TOUCH_MOVE g
1402905456132 6 4098 331.0 983.451 0.3 5.0 5.0 5.0 5.0 0.0 0.18800001 2 TOUCH_MOVE g
1402905456136 6 4098 331.0 983.451 0.3 5.0 5.0 5.0 5.0 0.0 0.18800001 1 TOUCH_UP g
1402905456280 6 4098 332.0 1210.9509 0.26666668 5.0 5.0 5.0 5.0 0.0 0.216 0 TOUCH_DOWN Space
1402905456301 6 4098 330.78757 1210.9509 0.26666668 5.0 5.0 5.0 5.0 0.0 0.21200001 2 TOUCH_MOVE Space
1402905456317 6 4098 329.0 1210.9509 0.23333335 4.0 4.0 4.0 4.0 0.0 0.19600001 2 TOUCH_MOVE Space
1402905456322 6 4098 329.0 1210.9509 0.16666667 3.0 3.0 3.0 3.0 0.0 0.128 2 TOUCH_MOVE Space
1402905456325 6 4098 329.0 1210.9509 0.16666667 3.0 3.0 3.0 3.0 0.0 0.128 1 TOUCH_UP Space
1402905456536 6 4098 343.5 946.451 0.33333334 5.0 5.0 5.0 5.0 0.0 0.23200001 0 TOUCH_DOWN g
1402905456553 6 4098 343.5 946.451 0.33333334 5.0 5.0 5.0 5.0 0.0 0.224 2 TOUCH_MOVE g
1402905456570 6 4098 343.5 946.451 0.33333334 5.0 5.0 5.0 5.0 0.0 0.224 1 TOUCH_UP g
1402905456613 6 4098 58.5 976.951 0.16666667 3.0 3.0 3.0 3.0 0.0 0.18800001 0 TOUCH_DOWN a
1402905456666 6 4098 58.5 975.9049 0.16666667 3.0 3.0 3.0 3.0 0.0 0.18400002 2 TOUCH_MOVE a
1402905456683 6 4098 59.005566 974.4399 0.16666667 3.0 3.0 3.0 3.0 0.0 0.17600001 2 TOUCH_MOVE a
1402905456689 6 4098 59.005566 974.4399 0.16666667 3.0 3.0 3.0 3.0 0.0 0.17600001 1 TOUCH_UP a
1402905456738 6 4098 478.5 1094.4509 0.26666668 4.0 4.0 4.0 4.0 0.0 0.2 0 TOUCH_DOWN n
1402905456775 6 4098 478.5 1094.4509 0.26666668 4.0 4.0 4.0 4.0 0.0 0.2 1 TOUCH_UP n
1402905456882 6 4098 339.5 881.951 0.33333334 5.0 5.0 5.0 5.0 0.0 0.22000001 0 TOUCH_DOWN t
1402905456900 6 4098 339.5 881.951 0.3 5.0 5.0 5.0 5.0 0.0 0.216 2 TOUCH_MOVE t
1402905456917 6 4098 337.5517 880.9855 0.3 5.0 5.0 5.0 5.0 0.0 0.22000001 2 TOUCH_MOVE t
1402905456936 6 4098 328.65042 877.222 0.3 5.0 5.0 5.0 5.0 0.0 0.21200001 2 TOUCH_MOVE t
1402905456946 6 4098 328.0 876.951 0.13333334 2.0 2.0 2.0 2.0 0.0 0.148 2 TOUCH_MOVE t
1402905456949 6 4098 328.0 876.951 0.13333334 2.0 2.0 2.0 2.0 0.0 0.148 1 TOUCH_UP t
1402905457084 6 4098 177.0 817.951 0.33333334 5.0 5.0 5.0 5.0 0.0 0.2 0 TOUCH_DOWN e
1402905457105 6 4098 177.0 818.2305 0.33333334 5.0 5.0 5.0 5.0 0.0 0.20400001 2 TOUCH_MOVE e
1402905457117 6 4098 177.0 818.99475 0.33333334 5.0 5.0 5.0 5.0 0.0 0.20400001 2 TOUCH_MOVE e
1402905457135 6 4098 176.49606 819.9549 0.33333334 5.0 5.0 5.0 5.0 0.0 0.2 2 TOUCH_MOVE e
1402905457145 6 4098 175.5 820.451 0.33333334 5.0 5.0 5.0 5.0 0.0 0.18400002 2 TOUCH_MOVE e
1402905457149 6 4098 175.5 820.451 0.33333334 5.0 5.0 5.0 5.0 0.0 0.18400002 1 TOUCH_UP e
1402905457184 6 4098 480.5 1079.9509 0.26666668 4.0 4.0 4.0 4.0 0.0 0.216 0 TOUCH_DOWN n
1402905457232 6 4098 479.0 1078.9509 0.16666667 3.0 3.0 3.0 3.0 0.0 0.18400002 2 TOUCH_MOVE n
1402905457236 6 4098 479.0 1078.9509 0.16666667 3.0 3.0 3.0 3.0 0.0 0.18400002 1 TOUCH_UP n
1402905457381 6 4098 314.5 981.951 0.33333334 5.0 5.0 5.0 5.0 0.0 0.24000001 0 TOUCH_DOWN f
1402905457401 6 4098 314.04562 981.951 0.33333334 5.0 5.0 5.0 5.0 0.0 0.23200001 2 TOUCH_MOVE f
1402905457414 6 4098 314.0 981.951 0.23333335 4.0 4.0 4.0 4.0 0.0 0.156 2 TOUCH_MOVE f
1402905457418 6 4098 314.0 981.951 0.23333335 4.0 4.0 4.0 4.0 0.0 0.156 1 TOUCH_UP f
1402905457557 6 4098 347.0 1208.9509 0.26666668 5.0 5.0 5.0 5.0 0.0 0.22000001 0 TOUCH_DOWN Space
1402905457584 6 4098 344.97754 1209.4509 0.26666668 5.0 5.0 5.0 5.0 0.0 0.216 2 TOUCH_MOVE Space
1402905457601 6 4098 343.0334 1208.4844 0.26666668 5.0 5.0 5.0 5.0 0.0 0.208 2 TOUCH_MOVE Space
1402905457604 6 4098 343.0 1208.4509 0.23333335 4.0 4.0 4.0 4.0 0.0 0.192 2 TOUCH_MOVE Space
1402905457608 6 4098 343.0 1208.4509 0.23333335 4.0 4.0 4.0 4.0 0.0 0.192 1 TOUCH_UP Space
1402905458016 6 4098 700.5 1063.4509 0.20000002 4.0 4.0 4.0 4.0 0.0 0.18800001 0 TOUCH_DOWN Back
1402905458064 6 4098 700.5 1063.9509 0.16666667 3.0 3.0 3.0 3.0 0.0 0.17600001 2 TOUCH_MOVE Back
1402905458067 6 4098 700.5 1063.9509 0.16666667 3.0 3.0 3.0 3.0 0.0 0.17600001 1 TOUCH_UP Back
1402905458154 6 4098 677.5 1089.4509 0.23333335 4.0 4.0 4.0 4.0 0.0 0.192 0 TOUCH_DOWN Back
1402905458204 6 4098 678.2708 1088.8156 0.20000002 4.0 4.0 4.0 4.0 0.0 0.192 2 TOUCH_MOVE Back
1402905458218 6 4098 679.5954 1087.8555 0.16666667 3.0 3.0 3.0 3.0 0.0 0.18 2 TOUCH_MOVE Back
1402905458230 6 4098 679.5954 1087.8555 0.16666667 3.0 3.0 3.0 3.0 0.0 0.18 1 TOUCH_UP Back
1402905458340 6 4098 375.0 963.951 0.3 5.0 5.0 5.0 5.0 0.0 0.216 0 TOUCH_DOWN g
1402905458352 6 4098 375.0 963.951 0.3 5.0 5.0 5.0 5.0 0.0 0.22000001 2 TOUCH_MOVE g
1402905458385 6 4098 374.28186 963.23285 0.33333334 6.0 6.0 6.0 6.0 0.0 0.22800002 2 TOUCH_MOVE g
1402905458403 6 4098 372.6358 962.951 0.3 5.0 5.0 5.0 5.0 0.0 0.22000001 2 TOUCH_MOVE g
1402905458419 6 4098 371.34555 962.951 0.13333334 2.0 2.0 2.0 2.0 0.0 0.120000005 2 TOUCH_MOVE g
1402905458423 6 4098 371.34555 962.951 0.13333334 2.0 2.0 2.0 2.0 0.0 0.120000005 1 TOUCH_UP g
1402905458548 6 4098 368.5 1194.4509 0.3 5.0 5.0 5.0 5.0 0.0 0.216 0 TOUCH_DOWN Space
1402905458586 6 4098 368.0 1195.2251 0.23333335 4.0 4.0 4.0 4.0 0.0 0.208 2 TOUCH_MOVE Space
1402905458601 6 4098 368.0 1195.4509 0.16666667 3.0 3.0 3.0 3.0 0.0 0.128 2 TOUCH_MOVE Space
1402905458604 6 4098 368.0 1195.4509 0.16666667 3.0 3.0 3.0 3.0 0.0 0.128 1 TOUCH_UP Space
1402905458688 6 4098 212.0 980.951 0.26666668 5.0 5.0 5.0 5.0 0.0 0.208 0 TOUCH_DOWN d
1402905458703 6 4098 212.0 980.951 0.26666668 5.0 5.0 5.0 5.0 0.0 0.21200001 2 TOUCH_MOVE d
1402905458767 6 4098 211.5 980.951 0.23333335 4.0 4.0 4.0 4.0 0.0 0.19600001 2 TOUCH_MOVE d
1402905458773 6 4098 211.5 980.951 0.23333335 4.0 4.0 4.0 4.0 0.0 0.19600001 1 TOUCH_UP d
1402905458967 6 4098 63.5 999.451 0.26666668 5.0 5.0 5.0 5.0 0.0 0.18400002 0 TOUCH_DOWN a
1402905459000 6 4098 63.5 998.951 0.26666668 5.0 5.0 5.0 5.0 0.0 0.18 2 TOUCH_MOVE a
1402905459005 6 4098 63.5 998.951 0.26666668 5.0 5.0 5.0 5.0 0.0 0.18 1 TOUCH_UP a
1402905459182 6 4098 266.5 859.451 0.23333335 5.0 5.0 5.0 5.0 0.0 0.19600001 0 TOUCH_DOWN r
1402905459211 6 4098 266.0473 859.451 0.23333335 5.0 5.0 5.0 5.0 0.0 0.192 2 TOUCH_MOVE r
1402905459216 6 4098 266.0 859.451 0.20000002 4.0 4.0 4.0 4.0 0.0 0.18400002 2 TOUCH_MOVE r
1402905459220 6 4098 266.0 859.451 0.20000002 4.0 4.0 4.0 4.0 0.0 0.18400002 1 TOUCH_UP r
1402905459278 6 4098 547.5 846.951 0.3 5.0 5.0 5.0 5.0 0.0 0.224 0 TOUCH_DOWN i
1402905459303 6 4098 546.81885 846.26984 0.3 5.0 5.0 5.0 5.0 0.0 0.224 2 TOUCH_MOVE i
1402905459320 6 4098 546.5 845.951 0.3 5.0 5.0 5.0 5.0 0.0 0.216 2 TOUCH_MOVE i
1402905459324 6 4098 546.5 845.951 0.3 5.0 5.0 5.0 5.0 0.0 0.216 1 TOUCH_UP i
1402905459545 6 4098 362.0 1219.4509 0.23333335 4.0 4.0 4.0 4.0 0.0 0.208 0 TOUCH_DOWN Space
1402905459581 6 4098 362.0 1219.4509 0.16666667 3.0 3.0 3.0 3.0 0.0 0.18400002 2 TOUCH_MOVE Space
1402905459585 6 4098 362.0 1219.4509 0.16666667 3.0 3.0 3.0 3.0 0.0 0.18400002 1 TOUCH_UP Space
1402905459862 6 4098 268.5 873.951 0.3 5.0 5.0 5.0 5.0 0.0 0.21200001 0 TOUCH_DOWN r
1402905459903 6 4098 262.5 873.951 0.3 5.0 5.0 5.0 5.0 0.0 0.20400001 2 TOUCH_MOVE r
1402905459909 6 4098 262.5 873.951 0.26666668 4.0 4.0 4.0 4.0 0.0 0.18 2 TOUCH_MOVE r
1402905459914 6 4098 262.5 873.951 0.26666668 4.0 4.0 4.0 4.0 0.0 0.18 1 TOUCH_UP r
1402905460047 6 4098 53.0 971.451 0.16666667 3.0 3.0 3.0 3.0 0.0 0.18400002 0 TOUCH_DOWN a
1402905460055 6 4098 53.0 971.451 0.16666667 3.0 3.0 3.0 3.0 0.0 0.18800001 2 TOUCH_MOVE a
1402905460121 6 4098 54.742714 970.20825 0.16666667 3.0 3.0 3.0 3.0 0.0 0.18800001 2 TOUCH_MOVE a
1402905460135 6 4098 56.0 968.451 0.16666667 3.0 3.0 3.0 3.0 0.0 0.18 2 TOUCH_MOVE a
1402905460139 6 4098 56.0 968.451 0.16666667 3.0 3.0 3.0 3.0 0.0 0.18 1 TOUCH_UP a
1402905460196 6 4098 326.5 979.951 0.3 5.0 5.0 5.0 5.0 0.0 0.22000001 0 TOUCH_DOWN g
1402905460223 6 4098 326.5 979.951 0.3 5.0 5.0 5.0 5.0 0.0 0.22000001 1 TOUCH_UP g
1402905460524 6 4098 685.5 1064.9509 0.26666668 4.0 4.0 4.0 4.0 0.0 0.19600001 0 TOUCH_DOWN Back
1402905460576 6 4098 684.5 1066.4509 0.20000002 4.0 4.0 4.0 4.0 0.0 0.17600001 2 TOUCH_MOVE Back
1402905460579 6 4098 684.5 1066.4509 0.20000002 4.0 4.0 4.0 4.0 0.0 0.17600001 1 TOUCH_UP Back
1402905460663 6 4098 687.5 1086.9509 0.20000002 3.0 3.0 3.0 3.0 0.0 0.192 0 TOUCH_DOWN Back
1402905460670 6 4098 687.5 1086.9509 0.16666667 3.0 3.0 3.0 3.0 0.0 0.192 2 TOUCH_MOVE Back
1402905460740 6 4098 687.5 1086.9509 0.16666667 3.0 3.0 3.0 3.0 0.0 0.192 1 TOUCH_UP Back
1402905460831 6 4098 690.5 1075.9509 0.20000002 3.0 3.0 3.0 3.0 0.0 0.19600001 0 TOUCH_DOWN Back
1402905460871 6 4098 690.5 1075.4116 0.20000002 3.0 3.0 3.0 3.0 0.0 0.2 2 TOUCH_MOVE Back
1402905460887 6 4098 689.39197 1075.4509 0.23333335 4.0 4.0 4.0 4.0 0.0 0.18800001 2 TOUCH_MOVE Back
1402905460896 6 4098 689.5 1075.4509 0.16666667 3.0 3.0 3.0 3.0 0.0 0.104 2 TOUCH_MOVE Back
1402905460902 6 4098 689.5 1075.4509 0.16666667 3.0 3.0 3.0 3.0 0.0 0.104 1 TOUCH_UP Back
1402905461005 6 4098 142.5 1010.951 0.3 5.0 5.0 5.0 5.0 0.0 0.20400001 0 TOUCH_DOWN s
1402905461054 6 4098 141.5 1009.66016 0.33333334 6.0 6.0 6.0 6.0 0.0 0.21200001 2 TOUCH_MOVE s
1402905461071 6 4098 141.0 1008.48785 0.33333334 6.0 6.0 6.0 6.0 0.0 0.21200001 2 TOUCH_MOVE s
1402905461087 6 4098 141.65056 1003.2825 0.33333334 5.0 5.0 5.0 5.0 0.0 0.208 2 TOUCH_MOVE s
1402905461096 6 4098 142.5 1000.451 0.3 5.0 5.0 5.0 5.0 0.0 0.192 2 TOUCH_MOVE s
1402905461099 6 4098 142.5 1000.451 0.3 5.0 5.0 5.0 5.0 0.0 0.192 1 TOUCH_UP s
1402905461232 6 4098 281.0 870.951 0.3 5.0 5.0 5.0 5.0 0.0 0.208 0 TOUCH_DOWN r
1402905461260 6 4098 278.0948 870.2638 0.26666668 5.0 5.0 5.0 5.0 0.0 0.2 2 TOUCH_MOVE r
1402905461262 6 4098 277.0 869.951 0.23333335 4.0 4.0 4.0 4.0 0.0 0.18400002 2 TOUCH_MOVE r
1402905461266 6 4098 277.0 869.951 0.23333335 4.0 4.0 4.0 4.0 0.0 0.18400002 1 TOUCH_UP r
1402905461431 6 4098 49.5 977.951 0.16666667 3.0 3.0 3.0 3.0 0.0 0.18400002 0 TOUCH_DOWN a
1402905461455 6 4098 49.5 977.951 0.20000002 3.0 3.0 3.0 3.0 0.0 0.18400002 2 TOUCH_MOVE a
1402905461488 6 4098 49.5 977.951 0.16666667 3.0 3.0 3.0 3.0 0.0 0.15200001 2 TOUCH_MOVE a
1402905461493 6 4098 49.5 977.951 0.16666667 3.0 3.0 3.0 3.0 0.0 0.15200001 1 TOUCH_UP a
1402905461570 6 4098 326.5 940.451 0.33333334 5.0 5.0 5.0 5.0 0.0 0.224 0 TOUCH_DOWN g
1402905461605 6 4098 332.09406 949.99054 0.26666668 5.0 5.0 5.0 5.0 0.0 0.192 2 TOUCH_MOVE g
1402905461616 6 4098 331.5 948.951 0.26666668 5.0 5.0 5.0 5.0 0.0 0.16000001 2 TOUCH_MOVE g
1402905461620 6 4098 331.5 948.951 0.26666668 5.0 5.0 5.0 5.0 0.0 0.16000001 1 TOUCH_UP g
1402905461674 6 4098 180.5 821.451 0.33333334 5.0 5.0 5.0 5.0 0.0 0.20400001 0 TOUCH_DOWN e
1402905461689 6 4098 180.5 821.451 0.3 5.0 5.0 5.0 5.0 0.0 0.20400001 2 TOUCH_MOVE e
1402905461736 6 4098 180.5 822.451 0.16666667 3.0 3.0 3.0 3.0 0.0 0.1 2 TOUCH_MOVE e
1402905461741 6 4098 180.5 822.451 0.16666667 3.0 3.0 3.0 3.0 0.0 0.1 1 TOUCH_UP e
1402905461801 6 4098 491.5 1084.9509 0.23333335 4.0 4.0 4.0 4.0 0.0 0.21200001 0 TOUCH_DOWN n
1402905461822 6 4098 491.5 1084.9509 0.23333335 4.0 4.0 4.0 4.0 0.0 0.208 2 TOUCH_MOVE n
1402905461864 6 4098 491.5 1084.9509 0.23333335 4.0 4.0 4.0 4.0 0.0 0.208 1 TOUCH_UP n
1402905462393 6 4098 454.5 1198.9509 0.20000002 4.0 4.0 4.0 4.0 0.0 0.21200001 0 TOUCH_DOWN ,
1402905462415 6 4098 454.5 1198.9509 0.23333335 5.0 5.0 5.0 5.0 0.0 0.21200001 2 TOUCH_MOVE ,
1402905462438 6 4098 453.0 1198.9509 0.23333335 5.0 5.0 5.0 5.0 0.0 0.18800001 2 TOUCH_MOVE ,
1402905462442 6 4098 453.0 1198.9509 0.23333335 5.0 5.0 5.0 5.0 0.0 0.18800001 1 TOUCH_UP ,
1402905462581 6 4098 343.5 1207.9509 0.26666668 5.0 5.0 5.0 5.0 0.0 0.22000001 0 TOUCH_DOWN Space
1402905462607 6 4098 341.61847 1207.9509 0.26666668 5.0 5.0 5.0 5.0 0.0 0.216 2 TOUCH_MOVE Space
1402905462621 6 4098 339.0 1206.9509 0.23333335 5.0 5.0 5.0 5.0 0.0 0.18400002 2 TOUCH_MOVE Space
1402905462624 6 4098 339.0 1206.9509 0.23333335 5.0 5.0 5.0 5.0 0.0 0.18400002 1 TOUCH_UP Space
1402905462830 6 4098 123.5 999.951 0.33333334 5.0 5.0 5.0 5.0 0.0 0.2 0 TOUCH_DOWN s
1402905462839 6 4098 123.5 999.951 0.33333334 5.0 5.0 5.0 5.0 0.0 0.20400001 2 TOUCH_MOVE s
1402905462879 6 4098 124.75 999.951 0.33333334 5.0 5.0 5.0 5.0 0.0 0.208 2 TOUCH_MOVE s
1402905462890 6 4098 125.90325 996.3299 0.3 5.0 5.0 5.0 5.0 0.0 0.2 2 TOUCH_MOVE s
1402905462898 6 4098 126.5 992.451 0.26666668 5.0 5.0 5.0 5.0 0.0 0.192 2 TOUCH_MOVE s
1402905462901 6 4098 126.5 992.451 0.26666668 5.0 5.0 5.0 5.0 0.0 0.192 1 TOUCH_UP s
1402905463013 6 4098 182.5 852.451 0.23333335 5.0 5.0 5.0 5.0 0.0 0.20400001 0 TOUCH_DOWN e
1402905463023 6 4098 182.5 852.451 0.23333335 5.0 5.0 5.0 5.0 0.0 0.2 2 TOUCH_MOVE e
1402905463073 6 4098 181.5 852.451 0.16666667 3.0 3.0 3.0 3.0 0.0 0.104 2 TOUCH_MOVE e
1402905463082 6 4098 181.5 852.451 0.16666667 3.0 3.0 3.0 3.0 0.0 0.104 1 TOUCH_UP e
1402905463154 6 4098 556.0 1004.451 0.3 5.0 5.0 5.0 5.0 0.0 0.21200001 0 TOUCH_DOWN k
1402905463177 6 4098 556.0 1004.451 0.3 5.0 5.0 5.0 5.0 0.0 0.208 2 TOUCH_MOVE k
1402905463208 6 4098 556.0 1004.451 0.3 5.0 5.0 5.0 5.0 0.0 0.208 1 TOUCH_UP k
1402905466679 6 4098 50.0 980.951 0.20000002 3.0 3.0 3.0 3.0 0.0 0.18400002 0 TOUCH_DOWN a
1402905466693 6 4098 50.0 980.951 0.20000002 3.0 3.0 3.0 3.0 0.0 0.18800001 2 TOUCH_MOVE a
1402905466711 6 4098 50.880074 981.0777 0.20000002 3.0 3.0 3.0 3.0 0.0 0.19600001 2 TOUCH_MOVE a
1402905466733 6 4098 54.090412 981.451 0.20000002 3.0 3.0 3.0 3.0 0.0 0.19600001 2 TOUCH_MOVE a
1402905466744 6 4098 55.5 981.12994 0.20000002 3.0 3.0 3.0 3.0 0.0 0.192 2 TOUCH_MOVE a
1402905466759 6 4098 54.913605 977.519 0.16666667 3.0 3.0 3.0 3.0 0.0 0.18800001 2 TOUCH_MOVE a
1402905466769 6 4098 53.5 972.951 0.16666667 3.0 3.0 3.0 3.0 0.0 0.17600001 2 TOUCH_MOVE a
1402905466775 6 4098 53.5 972.951 0.16666667 3.0 3.0 3.0 3.0 0.0 0.17600001 1 TOUCH_UP a
1402905466908 6 4098 262.5 852.951 0.26666668 6.0 6.0 6.0 6.0 0.0 0.216 0 TOUCH_DOWN r
1402905466930 6 4098 262.5 852.951 0.26666668 6.0 6.0 6.0 6.0 0.0 0.22000001 2 TOUCH_MOVE r
1402905466945 6 4098 262.10083 852.2514 0.3 6.0 6.0 6.0 6.0 0.0 0.22000001 2 TOUCH_MOVE r
1402905466959 6 4098 254.78935 851.951 0.23333335 5.0 5.0 5.0 5.0 0.0 0.2 2 TOUCH_MOVE r
1402905466968 6 4098 256.5 851.951 0.13333334 2.0 2.0 2.0 2.0 0.0 0.1 2 TOUCH_MOVE r
1402905466972 6 4098 256.5 851.951 0.13333334 2.0 2.0 2.0 2.0 0.0 0.1 1 TOUCH_UP r
1402905467128 6 4098 46.0 953.451 0.23333335 4.0 4.0 4.0 4.0 0.0 0.18400002 0 TOUCH_DOWN a
1402905467161 6 4098 46.611485 954.0625 0.20000002 3.0 3.0 3.0 3.0 0.0 0.18800001 2 TOUCH_MOVE a
1402905467170 6 4098 46.611485 954.0625 0.20000002 3.0 3.0 3.0 3.0 0.0 0.18800001 1 TOUCH_UP a
1402905467255 6 4098 486.0 1104.9509 0.26666668 4.0 4.0 4.0 4.0 0.0 0.21200001 0 TOUCH_DOWN n
1402905467296 6 4098 486.0 1104.9509 0.26666668 4.0 4.0 4.0 4.0 0.0 0.21200001 1 TOUCH_UP n
1402905467446 6 4098 321.0 980.451 0.3 5.0 5.0 5.0 5.0 0.0 0.23600002 0 TOUCH_DOWN f
1402905467470 6 4098 320.4412 980.451 0.3 5.0 5.0 5.0 5.0 0.0 0.22800002 2 TOUCH_MOVE f
1402905467477 6 4098 320.0 980.451 0.20000002 3.0 3.0 3.0 3.0 0.0 0.108 2 TOUCH_MOVE f
1402905467482 6 4098 320.0 980.451 0.20000002 3.0 3.0 3.0 3.0 0.0 0.108 1 TOUCH_UP f
1402905467636 6 4098 318.5 1221.4509 0.26666668 5.0 5.0 5.0 5.0 0.0 0.22000001 0 TOUCH_DOWN Space
1402905467644 6 4098 318.5 1221.4509 0.23333335 4.0 4.0 4.0 4.0 0.0 0.216 2 TOUCH_MOVE Space
1402905467670 6 4098 318.0 1221.4509 0.16666667 3.0 3.0 3.0 3.0 0.0 0.16000001 2 TOUCH_MOVE Space
1402905467674 6 4098 318.0 1221.4509 0.16666667 3.0 3.0 3.0 3.0 0.0 0.16000001 1 TOUCH_UP Space
1402905468028 6 4098 705.0 1120.9509 0.23333335 4.0 4.0 4.0 4.0 0.0 0.192 0 TOUCH_DOWN Back
1402905468068 6 4098 705.0 1121.4509 0.20000002 3.0 3.0 3.0 3.0 0.0 0.18400002 2 TOUCH_MOVE Back
1402905468074 6 4098 705.0 1121.4509 0.20000002 3.0 3.0 3.0 3.0 0.0 0.18400002 1 TOUCH_UP Back
1402905468168 6 4098 677.0 1121.4509 0.3 5.0 5.0 5.0 5.0 0.0 0.20400001 0 TOUCH_DOWN Back
1402905468194 6 4098 677.0 1121.4509 0.3 5.0 5.0 5.0 5.0 0.0 0.208 2 TOUCH_MOVE Back
1402905468227 6 4098 677.85767 1120.0933 0.3 5.0 5.0 5.0 5.0 0.0 0.20400001 2 TOUCH_MOVE Back
1402905468242 6 4098 679.0 1119.4509 0.3 5.0 5.0 5.0 5.0 0.0 0.18 2 TOUCH_MOVE Back
1402905468246 6 4098 679.0 1119.4509 0.3 5.0 5.0 5.0 5.0 0.0 0.18 1 TOUCH_UP Back
1402905468290 6 4098 390.0 947.951 0.3 5.0 5.0 5.0 5.0 0.0 0.224 0 TOUCH_DOWN g
1402905468328 6 4098 390.0 947.951 0.33333334 6.0 6.0 6.0 6.0 0.0 0.23200001 2 TOUCH_MOVE g
1402905468344 6 4098 389.40106 949.64886 0.3 5.0 5.0 5.0 5.0 0.0 0.224 2 TOUCH_MOVE g
1402905468361 6 4098 387.5 952.451 0.23333335 5.0 5.0 5.0 5.0 0.0 0.18800001 2 TOUCH_MOVE g
1402905468366 6 4098 387.5 952.451 0.23333335 5.0 5.0 5.0 5.0 0.0 0.18800001 1 TOUCH_UP g
1402905468485 6 4098 320.5 1232.4509 0.23333335 4.0 4.0 4.0 4.0 0.0 0.208 0 TOUCH_DOWN Space
1402905468496 6 4098 320.5 1232.4509 0.23333335 4.0 4.0 4.0 4.0 0.0 0.20400001 2 TOUCH_MOVE Space
1402905468516 6 4098 319.5 1232.4509 0.23333335 4.0 4.0 4.0 4.0 0.0 0.18400002 2 TOUCH_MOVE Space
1402905468526 6 4098 319.5 1232.4509 0.23333335 4.0 4.0 4.0 4.0 0.0 0.18400002 1 TOUCH_UP Space
1402905468729 6 4098 678.5 981.451 0.23333335 4.0 4.0 4.0 4.0 0.0 0.192 0 TOUCH_DOWN l
1402905468751 6 4098 678.5 981.451 0.23333335 4.0 4.0 4.0 4.0 0.0 0.18800001 2 TOUCH_MOVE l
1402905468758 6 4098 678.5 981.451 0.23333335 4.0 4.0 4.0 4.0 0.0 0.18800001 1 TOUCH_UP l
1402905468785 6 4098 47.0 985.451 0.20000002 3.0 3.0 3.0 3.0 0.0 0.18 0 TOUCH_DOWN a
1402905468796 6 4098 47.0 985.451 0.23333335 4.0 4.0 4.0 4.0 0.0 0.18800001 2 TOUCH_MOVE a
1402905468830 6 4098 49.188023 985.451 0.23333335 4.0 4.0 4.0 4.0 0.0 0.18800001 2 TOUCH_MOVE a
1402905468845 6 4098 54.457623 983.47644 0.20000002 3.0 3.0 3.0 3.0 0.0 0.18800001 2 TOUCH_MOVE a
1402905468848 6 4098 54.5 983.451 0.16666667 3.0 3.0 3.0 3.0 0.0 0.17600001 2 TOUCH_MOVE a
1402905468855 6 4098 54.5 983.451 0.16666667 3.0 3.0 3.0 3.0 0.0 0.17600001 1 TOUCH_UP a
1402905469004 6 4098 354.0 944.451 0.36666667 6.0 6.0 6.0 6.0 0.0 0.23200001 0 TOUCH_DOWN g
1402905469012 6 4098 354.0 944.451 0.36666667 6.0 6.0 6.0 6.0 0.0 0.224 2 TOUCH_MOVE g
1402905469045 6 4098 354.0 944.9591 0.3 5.0 5.0 5.0 5.0 0.0 0.20400001 2 TOUCH_MOVE g
1402905469056 6 4098 354.0 944.951 0.13333334 2.0 2.0 2.0 2.0 0.0 0.112 2 TOUCH_MOVE g
1402905469061 6 4098 354.0 944.951 0.13333334 2.0 2.0 2.0 2.0 0.0 0.112 1 TOUCH_UP g
1402905469084 6 4098 541.5 845.951 0.3 5.0 5.0 5.0 5.0 0.0 0.224 0 TOUCH_DOWN i
1402905469095 6 4098 541.0716 845.5226 0.33333334 6.0 6.0 6.0 6.0 0.0 0.23200001 2 TOUCH_MOVE i
1402905469130 6 4098 538.5 843.3042 0.3 5.0 5.0 5.0 5.0 0.0 0.216 2 TOUCH_MOVE i
1402905469143 6 4098 538.5 843.451 0.13333334 2.0 2.0 2.0 2.0 0.0 0.120000005 2 TOUCH_MOVE i
1402905469151 6 4098 538.5 843.451 0.13333334 2.0 2.0 2.0 2.0 0.0 0.120000005 1 TOUCH_UP i
1402905469371 6 4098 341.0 1224.9509 0.26666668 5.0 5.0 5.0 5.0 0.0 0.208 0 TOUCH_DOWN Space
1402905469412 6 4098 339.77005 1224.9509 0.26666668 5.0 5.0 5.0 5.0 0.0 0.2 2 TOUCH_MOVE Space
1402905469423 6 4098 339.77005 1224.9509 0.26666668 5.0 5.0 5.0 5.0 0.0 0.2 1 TOUCH_UP Space
1402905469929 6 4098 468.5 1113.4509 0.3 5.0 5.0 5.0 5.0 0.0 0.21200001 0 TOUCH_DOWN n
1402905469956 6 4098 467.65942 1112.6104 0.3 5.0 5.0 5.0 5.0 0.0 0.208 2 TOUCH_MOVE n
1402905469966 6 4098 467.0 1111.9509 0.16666667 3.0 3.0 3.0 3.0 0.0 0.120000005 2 TOUCH_MOVE n
1402905469970 6 4098 467.0 1111.9509 0.16666667 3.0 3.0 3.0 3.0 0.0 0.120000005 1 TOUCH_UP n
1402905470100 6 4098 323.5 979.451 0.3 5.0 5.0 5.0 5.0 0.0 0.216 0 TOUCH_DOWN g
1402905470113 6 4098 323.5 979.451 0.26666668 5.0 5.0 5.0 5.0 0.0 0.208 2 TOUCH_MOVE g
1402905470128 6 4098 323.5 978.951 0.23333335 5.0 5.0 5.0 5.0 0.0 0.18800001 2 TOUCH_MOVE g
1402905470132 6 4098 323.5 978.951 0.23333335 5.0 5.0 5.0 5.0 0.0 0.18800001 1 TOUCH_UP g
1402905470336 6 4098 439.5 803.951 0.26666668 5.0 5.0 5.0 5.0 0.0 0.224 0 TOUCH_DOWN u
1402905470348 6 4098 439.5 803.951 0.26666668 5.0 5.0 5.0 5.0 0.0 0.216 2 TOUCH_MOVE u
1402905470359 6 4098 439.5 803.951 0.26666668 5.0 5.0 5.0 5.0 0.0 0.216 1 TOUCH_UP u
1402905470545 6 4098 653.5 960.951 0.23333335 4.0 4.0 4.0 4.0 0.0 0.2 0 TOUCH_DOWN l
1402905470596 6 4098 653.5 960.951 0.23333335 4.0 4.0 4.0 4.0 0.0 0.2 1 TOUCH_UP l
1402905470721 6 4098 534.0 841.951 0.33333334 5.0 5.0 5.0 5.0 0.0 0.23200001 0 TOUCH_DOWN i
1402905470748 6 4098 533.24445 841.19543 0.33333334 5.0 5.0 5.0 5.0 0.0 0.22800002 2 TOUCH_MOVE i
1402905470762 6 4098 533.0 840.951 0.13333334 2.0 2.0 2.0 2.0 0.0 0.17600001 2 TOUCH_MOVE i
1402905470766 6 4098 533.0 840.951 0.13333334 2.0 2.0 2.0 2.0 0.0 0.17600001 1 TOUCH_UP i
1402905470955 6 4098 346.5 1213.9509 0.26666668 5.0 5.0 5.0 5.0 0.0 0.22000001 0 TOUCH_DOWN Space
1402905470965 6 4098 346.21725 1213.9509 0.26666668 5.0 5.0 5.0 5.0 0.0 0.224 2 TOUCH_MOVE Space
1402905470986 6 4098 344.7154 1213.9509 0.26666668 5.0 5.0 5.0 5.0 0.0 0.216 2 TOUCH_MOVE Space
1402905470997 6 4098 342.08743 1213.5383 0.23333335 4.0 4.0 4.0 4.0 0.0 0.19600001 2 TOUCH_MOVE Space
1402905471005 6 4098 341.5 1212.9509 0.23333335 4.0 4.0 4.0 4.0 0.0 0.16000001 2 TOUCH_MOVE Space
1402905471009 6 4098 341.5 1212.9509 0.23333335 4.0 4.0 4.0 4.0 0.0 0.16000001 1 TOUCH_UP Space
1402905471108 6 4098 216.0 958.951 0.26666668 5.0 5.0 5.0 5.0 0.0 0.20400001 0 TOUCH_DOWN d
1402905471181 6 4098 215.0 958.951 0.23333335 4.0 4.0 4.0 4.0 0.0 0.16000001 2 TOUCH_MOVE d
1402905471185 6 4098 215.0 958.951 0.23333335 4.0 4.0 4.0 4.0 0.0 0.16000001 1 TOUCH_UP d
1402905471209 6 4098 540.5 802.951 0.3 5.0 5.0 5.0 5.0 0.0 0.22800002 0 TOUCH_DOWN i
1402905471247 6 4098 540.5 802.951 0.26666668 5.0 5.0 5.0 5.0 0.0 0.19600001 2 TOUCH_MOVE i
1402905471256 6 4098 540.5 802.951 0.20000002 3.0 3.0 3.0 3.0 0.0 0.1 2 TOUCH_MOVE i
1402905471260 6 4098 540.5 802.951 0.20000002 3.0 3.0 3.0 3.0 0.0 0.1 1 TOUCH_UP i
1402905471480 6 4098 366.5 1218.9509 0.23333335 4.0 4.0 4.0 4.0 0.0 0.208 0 TOUCH_DOWN Space
1402905471517 6 4098 365.0 1218.9509 0.16666667 3.0 3.0 3.0 3.0 0.0 0.18 2 TOUCH_MOVE Space
1402905471525 6 4098 365.0 1218.9509 0.16666667 3.0 3.0 3.0 3.0 0.0 0.18 1 TOUCH_UP Space
1402905471739 6 4098 566.0 942.451 0.33333334 5.0 5.0 5.0 5.0 0.0 0.216 0 TOUCH_DOWN k
1402905471781 6 4098 566.0 941.951 0.16666667 3.0 3.0 3.0 3.0 0.0 0.112 2 TOUCH_MOVE k
1402905471785 6 4098 566.0 941.951 0.16666667 3.0 3.0 3.0 3.0 0.0 0.112 1 TOUCH_UP k
1402905471882 6 4098 606.5 846.951 0.3 5.0 5.0 5.0 5.0 0.0 0.216 0 TOUCH_DOWN o
1402905471914 6 4098 605.85486 846.951 0.26666668 5.0 5.0 5.0 5.0 0.0 0.21200001 2 TOUCH_MOVE o
1402905471930 6 4098 605.85486 846.951 0.26666668 5.0 5.0 5.0 5.0 0.0 0.21200001 1 TOUCH_UP o
1402905472018 6 4098 265.5 852.951 0.23333335 5.0 5.0 5.0 5.0 0.0 0.21200001 0 TOUCH_DOWN r
1402905472048 6 4098 265.5 851.34753 0.3 6.0 6.0 6.0 6.0 0.0 0.224 2 TOUCH_MOVE r
1402905472064 6 4098 264.6768 848.9813 0.3 6.0 6.0 6.0 6.0 0.0 0.224 2 TOUCH_MOVE r
1402905472082 6 4098 262.2563 846.7048 0.3 6.0 6.0 6.0 6.0 0.0 0.22000001 2 TOUCH_MOVE r
1402905472098 6 4098 253.24078 842.69794 0.3 5.0 5.0 5.0 5.0 0.0 0.2 2 TOUCH_MOVE r
1402905472105 6 4098 252.5 842.451 0.20000002 3.0 3.0 3.0 3.0 0.0 0.108 2 TOUCH_MOVE r
1402905472109 6 4098 252.5 842.451 0.20000002 3.0 3.0 3.0 3.0 0.0 0.108 1 TOUCH_UP r
1402905472217 6 4098 186.0 795.951 0.23333335 5.0 5.0 5.0 5.0 0.0 0.208 0 TOUCH_DOWN e
1402905472231 6 4098 186.0 795.951 0.26666668 6.0 6.0 6.0 6.0 0.0 0.208 2 TOUCH_MOVE e
1402905472279 6 4098 186.0 795.951 0.20000002 4.0 4.0 4.0 4.0 0.0 0.17600001 2 TOUCH_MOVE e
1402905472284 6 4098 186.0 795.951 0.20000002 4.0 4.0 4.0 4.0 0.0 0.17600001 1 TOUCH_UP e
1402905472506 6 4098 44.0 964.451 0.16666667 3.0 3.0 3.0 3.0 0.0 0.18400002 0 TOUCH_DOWN a
1402905472515 6 4098 44.0 964.451 0.16666667 3.0 3.0 3.0 3.0 0.0 0.18800001 2 TOUCH_MOVE a
1402905472575 6 4098 44.0 964.451 0.16666667 3.0 3.0 3.0 3.0 0.0 0.18800001 1 TOUCH_UP a
1402905473117 6 4098 445.0 1216.4509 0.26666668 5.0 5.0 5.0 5.0 0.0 0.208 0 TOUCH_DOWN ,
1402905473162 6 4098 444.5 1217.4509 0.26666668 5.0 5.0 5.0 5.0 0.0 0.18400002 2 TOUCH_MOVE ,
1402905473169 6 4098 444.5 1217.4509 0.26666668 5.0 5.0 5.0 5.0 0.0 0.18400002 1 TOUCH_UP ,
1402905473325 6 4098 314.0 1202.4509 0.23333335 4.0 4.0 4.0 4.0 0.0 0.216 0 TOUCH_DOWN Space
1402905473350 6 4098 314.0 1202.4509 0.23333335 4.0 4.0 4.0 4.0 0.0 0.21200001 2 TOUCH_MOVE Space
1402905473357 6 4098 314.0 1202.4509 0.23333335 4.0 4.0 4.0 4.0 0.0 0.21200001 1 TOUCH_UP Space
1402905473790 6 4098 426.5 1091.9509 0.3 5.0 5.0 5.0 5.0 0.0 0.224 0 TOUCH_DOWN b
1402905473817 6 4098 425.60193 1092.349 0.3 5.0 5.0 5.0 5.0 0.0 0.22800002 2 TOUCH_MOVE b
1402905473834 6 4098 424.1004 1093.3505 0.26666668 4.0 4.0 4.0 4.0 0.0 0.22000001 2 TOUCH_MOVE b
1402905473846 6 4098 424.0 1093.4509 0.26666668 4.0 4.0 4.0 4.0 0.0 0.18800001 2 TOUCH_MOVE b
1402905473849 6 4098 424.0 1093.4509 0.26666668 4.0 4.0 4.0 4.0 0.0 0.18800001 1 TOUCH_UP b
1402905473894 6 4098 188.5 859.951 0.23333335 5.0 5.0 5.0 5.0 0.0 0.208 0 TOUCH_DOWN e
1402905473966 6 4098 188.5 859.951 0.23333335 5.0 5.0 5.0 5.0 0.0 0.18400002 2 TOUCH_MOVE e
1402905473970 6 4098 188.5 859.951 0.23333335 5.0 5.0 5.0 5.0 0.0 0.18400002 1 TOUCH_UP e
1402905473998 6 4098 498.0 1121.4509 0.3 5.0 5.0 5.0 5.0 0.0 0.21200001 0 TOUCH_DOWN n
1402905474029 6 4098 498.0 1121.4509 0.3 5.0 5.0 5.0 5.0 0.0 0.208 2 TOUCH_MOVE n
1402905474033 6 4098 498.0 1121.4509 0.3 5.0 5.0 5.0 5.0 0.0 0.208 1 TOUCH_UP n
1402905474120 6 4098 343.5 849.451 0.26666668 5.0 5.0 5.0 5.0 0.0 0.208 0 TOUCH_DOWN t
1402905474134 6 4098 343.5 849.451 0.3 6.0 6.0 6.0 6.0 0.0 0.21200001 2 TOUCH_MOVE t
1402905474150 6 4098 344.09387 848.8571 0.26666668 5.0 5.0 5.0 5.0 0.0 0.21200001 2 TOUCH_MOVE t
1402905474166 6 4098 344.5 847.78754 0.26666668 5.0 5.0 5.0 5.0 0.0 0.192 2 TOUCH_MOVE t
1402905474180 6 4098 344.5 847.951 0.16666667 3.0 3.0 3.0 3.0 0.0 0.104 2 TOUCH_MOVE t
1402905474183 6 4098 344.5 847.951 0.16666667 3.0 3.0 3.0 3.0 0.0 0.104 1 TOUCH_UP t
1402905474437 6 4098 694.0 1079.4509 0.16666667 3.0 3.0 3.0 3.0 0.0 0.192 0 TOUCH_DOWN Back
1402905474467 6 4098 693.0014 1079.4509 0.16666667 3.0 3.0 3.0 3.0 0.0 0.192 2 TOUCH_MOVE Back
1402905474483 6 4098 692.75 1079.4509 0.16666667 3.0 3.0 3.0 3.0 0.0 0.192 2 TOUCH_MOVE Back
1402905474500 6 4098 693.3733 1080.3242 0.16666667 3.0 3.0 3.0 3.0 0.0 0.18800001 2 TOUCH_MOVE Back
1402905474513 6 4098 693.5 1080.4509 0.13333334 2.0 2.0 2.0 2.0 0.0 0.120000005 2 TOUCH_MOVE Back
1402905474519 6 4098 693.5 1080.4509 0.13333334 2.0 2.0 2.0 2.0 0.0 0.120000005 1 TOUCH_UP Back
1402905474586 6 4098 692.0 1089.4509 0.23333335 4.0 4.0 4.0 4.0 0.0 0.192 0 TOUCH_DOWN Back
1402905474611 6 4098 692.0 1089.7933 0.23333335 4.0 4.0 4.0 4.0 0.0 0.19600001 2 TOUCH_MOVE Back
1402905474618 6 4098 691.3324 1090.6185 0.23333335 4.0 4.0 4.0 4.0 0.0 0.19600001 2 TOUCH_MOVE Back
1402905474633 6 4098 690.3779 1090.9509 0.20000002 3.0 3.0 3.0 3.0 0.0 0.192 2 TOUCH_MOVE Back
1402905474650 6 4098 689.5 1090.9509 0.16666667 3.0 3.0 3.0 3.0 0.0 0.108 2 TOUCH_MOVE Back
1402905474655 6 4098 689.5 1090.9509 0.16666667 3.0 3.0 3.0 3.0 0.0 0.108 1 TOUCH_UP Back
1402905474728 6 4098 683.0 1096.9509 0.23333335 4.0 4.0 4.0 4.0 0.0 0.2 0 TOUCH_DOWN Back
1402905474783 6 4098 682.7158 1097.4509 0.26666668 4.0 4.0 4.0 4.0 0.0 0.2 2 TOUCH_MOVE Back
1402905474800 6 4098 682.5 1097.4509 0.23333335 4.0 4.0 4.0 4.0 0.0 0.16800001 2 TOUCH_MOVE Back
1402905474804 6 4098 682.5 1097.4509 0.23333335 4.0 4.0 4.0 4.0 0.0 0.16800001 1 TOUCH_UP Back
1402905474886 6 4098 679.5 1092.9509 0.23333335 4.0 4.0 4.0 4.0 0.0 0.19600001 0 TOUCH_DOWN Back
1402905474906 6 4098 679.5 1092.9509 0.23333335 4.0 4.0 4.0 4.0 0.0 0.192 2 TOUCH_MOVE Back
1402905474920 6 4098 679.5 1092.9509 0.23333335 4.0 4.0 4.0 4.0 0.0 0.164 2 TOUCH_MOVE Back
1402905474924 6 4098 679.5 1092.9509 0.23333335 4.0 4.0 4.0 4.0 0.0 0.164 1 TOUCH_UP Back
1402905475015 6 4098 677.5 1096.9509 0.23333335 4.0 4.0 4.0 4.0 0.0 0.19600001 0 TOUCH_DOWN Back
1402905475068 6 4098 678.01764 1096.9509 0.23333335 4.0 4.0 4.0 4.0 0.0 0.18400002 2 TOUCH_MOVE Back
1402905475082 6 4098 678.0 1096.9509 0.20000002 3.0 3.0 3.0 3.0 0.0 0.120000005 2 TOUCH_MOVE Back
1402905475086 6 4098 678.0 1096.9509 0.20000002 3.0 3.0 3.0 3.0 0.0 0.120000005 1 TOUCH_UP Back
1402905475104 6 4098 134.0 966.951 0.23333335 5.0 5.0 5.0 5.0 0.0 0.20400001 0 TOUCH_DOWN s
1402905475137 6 4098 134.0 966.951 0.26666668 6.0 6.0 6.0 6.0 0.0 0.2 2 TOUCH_MOVE s
1402905475151 6 4098 134.94072 965.0399 0.3 6.0 6.0 6.0 6.0 0.0 0.20400001 2 TOUCH_MOVE s
1402905475164 6 4098 136.5 959.451 0.26666668 4.0 4.0 4.0 4.0 0.0 0.192 2 TOUCH_MOVE s
1402905475167 6 4098 136.5 959.451 0.26666668 4.0 4.0 4.0 4.0 0.0 0.192 1 TOUCH_UP s
1402905475258 6 4098 192.0 859.451 0.26666668 6.0 6.0 6.0 6.0 0.0 0.21200001 0 TOUCH_DOWN e
1402905475285 6 4098 192.67293 859.451 0.26666668 6.0 6.0 6.0 6.0 0.0 0.216 2 TOUCH_MOVE e
1402905475302 6 4098 193.25 859.451 0.26666668 6.0 6.0 6.0 6.0 0.0 0.216 2 TOUCH_MOVE e
1402905475334 6 4098 192.0 859.451 0.20000002 4.0 4.0 4.0 4.0 0.0 0.18 2 TOUCH_MOVE e
1402905475338 6 4098 192.0 859.451 0.20000002 4.0 4.0 4.0 4.0 0.0 0.18 1 TOUCH_UP e
1402905475403 6 4098 409.5 1082.4509 0.3 5.0 5.0 5.0 5.0 0.0 0.22000001 0 TOUCH_DOWN b
1402905475449 6 4098 408.5 1083.4509 0.13333334 2.0 2.0 2.0 2.0 0.0 0.104 2 TOUCH_MOVE b
1402905475455 6 4098 408.5 1083.4509 0.13333334 2.0 2.0 2.0 2.0 0.0 0.104 1 TOUCH_UP b
1402905475505 6 4098 192.0 805.451 0.23333335 5.0 5.0 5.0 5.0 0.0 0.208 0 TOUCH_DOWN e
1402905475518 6 4098 192.0 805.451 0.23333335 5.0 5.0 5.0 5.0 0.0 0.21200001 2 TOUCH_MOVE e
1402905475561 6 4098 192.0 805.451 0.23333335 4.0 4.0 4.0 4.0 0.0 0.18 2 TOUCH_MOVE e
1402905475565 6 4098 192.0 805.451 0.23333335 4.0 4.0 4.0 4.0 0.0 0.18 1 TOUCH_UP e
1402905475711 6 4098 699.5 1102.9509 0.23333335 5.0 5.0 5.0 5.0 0.0 0.19600001 0 TOUCH_DOWN Back
1402905475738 6 4098 698.81836 1104.1326 0.26666668 5.0 5.0 5.0 5.0 0.0 0.2 2 TOUCH_MOVE Back
1402905475751 6 4098 697.8594 1105.0916 0.26666668 5.0 5.0 5.0 5.0 0.0 0.19600001 2 TOUCH_MOVE Back
1402905475768 6 4098 696.883 1106.0679 0.23333335 5.0 5.0 5.0 5.0 0.0 0.17600001 2 TOUCH_MOVE Back
1402905475774 6 4098 696.883 1106.0679 0.23333335 5.0 5.0 5.0 5.0 0.0 0.17600001 1 TOUCH_UP Back
1402905475854 6 4098 692.5 1108.9509 0.26666668 5.0 5.0 5.0 5.0 0.0 0.19600001 0 TOUCH_DOWN Back
1402905475868 6 4098 692.5 1108.9509 0.3 5.0 5.0 5.0 5.0 0.0 0.19600001 2 TOUCH_MOVE Back
1402905475901 6 4098 692.5 1109.8557 0.26666668 5.0 5.0 5.0 5.0 0.0 0.19600001 2 TOUCH_MOVE Back
1402905475916 6 4098 692.5 1109.9509 0.26666668 5.0 5.0 5.0 5.0 0.0 0.19600001 2 TOUCH_MOVE Back
1402905475921 6 4098 692.5 1109.9509 0.26666668 5.0 5.0 5.0 5.0 0.0 0.19600001 1 TOUCH_UP Back
1402905476006 6 4098 692.0 1095.9509 0.26666668 4.0 4.0 4.0 4.0 0.0 0.2 0 TOUCH_DOWN Back
1402905476024 6 4098 691.4079 1096.997 0.26666668 4.0 4.0 4.0 4.0 0.0 0.20400001 2 TOUCH_MOVE Back
1402905476035 6 4098 689.9997 1097.9513 0.26666668 4.0 4.0 4.0 4.0 0.0 0.20400001 2 TOUCH_MOVE Back
1402905476051 6 4098 690.0 1098.8746 0.26666668 4.0 4.0 4.0 4.0 0.0 0.20400001 2 TOUCH_MOVE Back
1402905476076 6 4098 690.0 1099.8876 0.26666668 4.0 4.0 4.0 4.0 0.0 0.20400001 2 TOUCH_MOVE Back
1402905476081 6 4098 690.0 1100.4509 0.23333335 4.0 4.0 4.0 4.0 0.0 0.17600001 2 TOUCH_MOVE Back
1402905476084 6 4098 690.0 1100.4509 0.23333335 4.0 4.0 4.0 4.0 0.0 0.17600001 1 TOUCH_UP Back
1402905476167 6 4098 690.5 1091.4509 0.23333335 4.0 4.0 4.0 4.0 0.0 0.2 0 TOUCH_DOWN Back
1402905476185 6 4098 690.5 1092.0258 0.23333335 4.0 4.0 4.0 4.0 0.0 0.2 2 TOUCH_MOVE Back
1402905476201 6 4098 689.3588 1093.092 0.23333335 4.0 4.0 4.0 4.0 0.0 0.2 2 TOUCH_MOVE Back
1402905476218 6 4098 688.3937 1094.0573 0.23333335 4.0 4.0 4.0 4.0 0.0 0.19600001 2 TOUCH_MOVE Back
1402905476235 6 4098 685.89777 1094.985 0.26666668 4.0 4.0 4.0 4.0 0.0 0.18 2 TOUCH_MOVE Back
1402905476240 6 4098 685.89777 1094.985 0.26666668 4.0 4.0 4.0 4.0 0.0 0.18 1 TOUCH_UP Back
1402905476583 6 4098 338.0 1213.4509 0.26666668 5.0 5.0 5.0 5.0 0.0 0.22000001 0 TOUCH_DOWN Space
1402905476618 6 4098 337.0 1213.4509 0.26666668 5.0 5.0 5.0 5.0 0.0 0.2 2 TOUCH_MOVE Space
1402905476623 6 4098 337.0 1213.4509 0.26666668 5.0 5.0 5.0 5.0 0.0 0.2 1 TOUCH_UP Space
1402905476729 6 4098 126.0 966.951 0.23333335 5.0 5.0 5.0 5.0 0.0 0.2 0 TOUCH_DOWN s
1402905476754 6 4098 126.45606 966.951 0.23333335 5.0 5.0 5.0 5.0 0.0 0.20400001 2 TOUCH_MOVE s
1402905476769 6 4098 129.15106 966.951 0.26666668 6.0 6.0 6.0 6.0 0.0 0.208 2 TOUCH_MOVE s
1402905476785 6 4098 133.01231 965.7802 0.23333335 5.0 5.0 5.0 5.0 0.0 0.2 2 TOUCH_MOVE s
1402905476792 6 4098 134.0 965.451 0.20000002 4.0 4.0 4.0 4.0 0.0 0.18 2 TOUCH_MOVE s
1402905476796 6 4098 134.0 965.451 0.20000002 4.0 4.0 4.0 4.0 0.0 0.18 1 TOUCH_UP s
1402905476904 6 4098 204.0 876.451 0.3 5.0 5.0 5.0 5.0 0.0 0.21200001 0 TOUCH_DOWN e
1402905476919 6 4098 204.0 876.451 0.3 5.0 5.0 5.0 5.0 0.0 0.216 2 TOUCH_MOVE e
1402905476983 6 4098 202.0 875.951 0.26666668 4.0 4.0 4.0 4.0 0.0 0.18800001 2 TOUCH_MOVE e
1402905476987 6 4098 202.0 875.951 0.26666668 4.0 4.0 4.0 4.0 0.0 0.18800001 1 TOUCH_UP e
1402905477034 6 4098 401.5 1097.4509 0.3 5.0 5.0 5.0 5.0 0.0 0.22800002 0 TOUCH_DOWN b
1402905477091 6 4098 401.5 1097.4509 0.3 5.0 5.0 5.0 5.0 0.0 0.22800002 1 TOUCH_UP b
1402905477136 6 4098 198.5 820.451 0.3 5.0 5.0 5.0 5.0 0.0 0.21200001 0 TOUCH_DOWN e
1402905477169 6 4098 199.96889 820.451 0.3 5.0 5.0 5.0 5.0 0.0 0.216 2 TOUCH_MOVE e
1402905477186 6 4098 200.956 820.451 0.3 5.0 5.0 5.0 5.0 0.0 0.216 2 TOUCH_MOVE e
1402905477202 6 4098 201.25 820.451 0.3 5.0 5.0 5.0 5.0 0.0 0.216 2 TOUCH_MOVE e
1402905477216 6 4098 201.0 820.451 0.26666668 4.0 4.0 4.0 4.0 0.0 0.18400002 2 TOUCH_MOVE e
1402905477219 6 4098 201.0 820.451 0.26666668 4.0 4.0 4.0 4.0 0.0 0.18400002 1 TOUCH_UP e
1402905477267 6 4098 493.5 1111.4509 0.3 5.0 5.0 5.0 5.0 0.0 0.21200001 0 TOUCH_DOWN n
1402905477295 6 4098 493.5 1111.4509 0.3 5.0 5.0 5.0 5.0 0.0 0.18800001 2 TOUCH_MOVE n
1402905477298 6 4098 493.5 1111.4509 0.3 5.0 5.0 5.0 5.0 0.0 0.18800001 1 TOUCH_UP n
1402905477455 6 4098 339.5 854.951 0.20000002 4.0 4.0 4.0 4.0 0.0 0.18400002 0 TOUCH_DOWN t
1402905477484 6 4098 339.5 854.951 0.20000002 4.0 4.0 4.0 4.0 0.0 0.18800001 2 TOUCH_MOVE t
1402905477488 6 4098 339.5 854.951 0.20000002 4.0 4.0 4.0 4.0 0.0 0.18800001 1 TOUCH_UP t
1402905477762 6 4098 66.5 967.451 0.16666667 3.0 3.0 3.0 3.0 0.0 0.18400002 0 TOUCH_DOWN a
1402905477803 6 4098 69.482895 966.2578 0.13333334 2.0 2.0 2.0 2.0 0.0 0.16000001 2 TOUCH_MOVE a
1402905477807 6 4098 69.482895 966.2578 0.13333334 2.0 2.0 2.0 2.0 0.0 0.16000001 1 TOUCH_UP a
1402905477962 6 4098 267.0 849.951 0.26666668 5.0 5.0 5.0 5.0 0.0 0.208 0 TOUCH_DOWN r
1402905478005 6 4098 267.0 849.951 0.20000002 4.0 4.0 4.0 4.0 0.0 0.18 2 TOUCH_MOVE r
1402905478008 6 4098 267.0 849.951 0.20000002 4.0 4.0 4.0 4.0 0.0 0.18 1 TOUCH_UP r
1402905478128 6 4098 334.0 1219.9509 0.26666668 5.0 5.0 5.0 5.0 0.0 0.20400001 0 TOUCH_DOWN Space
1402905478137 6 4098 334.0 1219.9509 0.26666668 5.0 5.0 5.0 5.0 0.0 0.19600001 2 TOUCH_MOVE Space
1402905478153 6 4098 334.0 1219.9509 0.26666668 5.0 5.0 5.0 5.0 0.0 0.19600001 1 TOUCH_UP Space
1402905478377 6 4098 669.0 975.451 0.26666668 5.0 5.0 5.0 5.0 0.0 0.18800001 0 TOUCH_DOWN l
1402905478421 6 4098 669.7191 974.7319 0.23333335 5.0 5.0 5.0 5.0 0.0 0.17600001 2 TOUCH_MOVE l
1402905478430 6 4098 669.5 974.951 0.23333335 5.0 5.0 5.0 5.0 0.0 0.136 2 TOUCH_MOVE l
1402905478433 6 4098 669.5 974.951 0.23333335 5.0 5.0 5.0 5.0 0.0 0.136 1 TOUCH_UP l
1402905478458 6 4098 61.0 973.951 0.16666667 3.0 3.0 3.0 3.0 0.0 0.18400002 0 TOUCH_DOWN a
1402905478470 6 4098 61.0 973.951 0.16666667 3.0 3.0 3.0 3.0 0.0 0.18800001 2 TOUCH_MOVE a
1402905478487 6 4098 61.53419 973.951 0.16666667 3.0 3.0 3.0 3.0 0.0 0.18800001 2 TOUCH_MOVE a
1402905478504 6 4098 63.596077 973.951 0.13333334 2.0 2.0 2.0 2.0 0.0 0.18 2 TOUCH_MOVE a
1402905478515 6 4098 67.0 973.951 0.13333334 2.0 2.0 2.0 2.0 0.0 0.17600001 2 TOUCH_MOVE a
1402905478518 6 4098 67.0 973.951 0.13333334 2.0 2.0 2.0 2.0 0.0 0.17600001 1 TOUCH_UP a
1402905478679 6 4098 357.5 950.451 0.3 5.0 5.0 5.0 5.0 0.0 0.21200001 0 TOUCH_DOWN g
1402905478726 6 4098 357.5 950.451 0.3 5.0 5.0 5.0 5.0 0.0 0.21200001 1 TOUCH_UP g
1402905478761 6 4098 524.0 831.951 0.33333334 5.0 5.0 5.0 5.0 0.0 0.23200001 0 TOUCH_DOWN i
1402905478788 6 4098 523.55286 831.951 0.36666667 6.0 6.0 6.0 6.0 0.0 0.23600002 2 TOUCH_MOVE i
1402905478804 6 4098 522.75 831.951 0.33333334 5.0 5.0 5.0 5.0 0.0 0.23200001 2 TOUCH_MOVE i
1402905478824 6 4098 523.0 831.951 0.23333335 4.0 4.0 4.0 4.0 0.0 0.2 2 TOUCH_MOVE i
1402905478829 6 4098 523.0 831.951 0.13333334 2.0 2.0 2.0 2.0 0.0 0.104 2 TOUCH_MOVE i
1402905478833 6 4098 523.0 831.951 0.13333334 2.0 2.0 2.0 2.0 0.0 0.104 1 TOUCH_UP i
1402905479044 6 4098 346.0 1241.4509 0.23333335 5.0 5.0 5.0 5.0 0.0 0.19600001 0 TOUCH_DOWN Space
1402905479074 6 4098 345.22952 1240.6804 0.23333335 5.0 5.0 5.0 5.0 0.0 0.192 2 TOUCH_MOVE Space
1402905479086 6 4098 344.5 1240.4509 0.16666667 4.0 4.0 4.0 4.0 0.0 0.16800001 2 TOUCH_MOVE Space
1402905479091 6 4098 344.5 1240.4509 0.16666667 4.0 4.0 4.0 4.0 0.0 0.16800001 1 TOUCH_UP Space
1402905479278 6 4098 555.5 1084.4509 0.23333335 5.0 5.0 5.0 5.0 0.0 0.2 0 TOUCH_DOWN m
1402905479312 6 4098 555.0 1083.9509 0.20000002 4.0 4.0 4.0 4.0 0.0 0.18400002 2 TOUCH_MOVE m
1402905479315 6 4098 555.0 1083.9509 0.20000002 4.0 4.0 4.0 4.0 0.0 0.18400002 1 TOUCH_UP m
1402905479452 6 4098 445.5 871.451 0.3 5.0 5.0 5.0 5.0 0.0 0.23200001 0 TOUCH_DOWN u
1402905479477 6 4098 445.5 871.451 0.3 5.0 5.0 5.0 5.0 0.0 0.22800002 2 TOUCH_MOVE u
1402905479496 6 4098 445.5 871.451 0.3 5.0 5.0 5.0 5.0 0.0 0.22800002 1 TOUCH_UP u
1402905479543 6 4098 208.0 988.451 0.3 5.0 5.0 5.0 5.0 0.0 0.216 0 TOUCH_DOWN d
1402905479605 6 4098 206.91338 988.451 0.26666668 4.0 4.0 4.0 4.0 0.0 0.192 2 TOUCH_MOVE d
1402905479608 6 4098 206.91338 988.451 0.26666668 4.0 4.0 4.0 4.0 0.0 0.192 1 TOUCH_UP d
1402905479645 6 4098 525.0 853.451 0.26666668 5.0 5.0 5.0 5.0 0.0 0.216 0 TOUCH_DOWN i
1402905479674 6 4098 525.0 853.451 0.26666668 5.0 5.0 5.0 5.0 0.0 0.21200001 2 TOUCH_MOVE i
1402905479684 6 4098 525.0 853.451 0.13333334 2.0 2.0 2.0 2.0 0.0 0.1 2 TOUCH_MOVE i
1402905479687 6 4098 525.0 853.451 0.13333334 2.0 2.0 2.0 2.0 0.0 0.1 1 TOUCH_UP i
1402905479823 6 4098 596.5 998.951 0.3 5.0 5.0 5.0 5.0 0.0 0.208 0 TOUCH_DOWN k
1402905479849 6 4098 596.5 998.951 0.26666668 4.0 4.0 4.0 4.0 0.0 0.192 2 TOUCH_MOVE k
1402905479853 6 4098 596.5 998.951 0.26666668 4.0 4.0 4.0 4.0 0.0 0.192 1 TOUCH_UP k
