1400673949848 6 4098 103.0 820.951 0.3 5.0 5.0 5.0 5.0 0.0 0.19600001 0 TOUCH_DOWN W
1400673949863 6 4098 103.0 820.951 0.3 5.0 5.0 5.0 5.0 0.0 0.2 2 TOUCH_MOVE W
1400673949941 6 4098 103.0 820.951 0.26666668 5.0 5.0 5.0 5.0 0.0 0.156 2 TOUCH_MOVE W
1400673949944 6 4098 103.0 820.951 0.26666668 5.0 5.0 5.0 5.0 0.0 0.156 1 TOUCH_UP W
1400673950075 6 4098 154.5 805.951 0.23333335 4.0 4.0 4.0 4.0 0.0 0.2 0 TOUCH_DOWN e
1400673950134 6 4098 154.5 805.951 0.3 5.0 5.0 5.0 5.0 0.0 0.21200001 2 TOUCH_MOVE e
1400673950182 6 4098 154.5 805.951 0.3 5.0 5.0 5.0 5.0 0.0 0.21200001 1 TOUCH_UP e
1400673950626 6 4098 318.0 1209.4509 0.23333335 4.0 4.0 4.0 4.0 0.0 0.18400002 0 TOUCH_DOWN Space
1400673950649 6 4098 318.0 1209.9247 0.23333335 4.0 4.0 4.0 4.0 0.0 0.192 2 TOUCH_MOVE Space
1400673950664 6 4098 318.0 1210.7009 0.23333335 4.0 4.0 4.0 4.0 0.0 0.2 2 TOUCH_MOVE Space
1400673950682 6 4098 318.0 1211.2009 0.23333335 4.0 4.0 4.0 4.0 0.0 0.20400001 2 TOUCH_MOVE Space
1400673950720 6 4098 318.96704 1210.9509 0.23333335 4.0 4.0 4.0 4.0 0.0 0.20400001 2 TOUCH_MOVE Space
1400673950731 6 4098 319.5 1210.9509 0.23333335 4.0 4.0 4.0 4.0 0.0 0.17600001 2 TOUCH_MOVE Space
1400673950750 6 4098 319.5 1210.9509 0.23333335 4.0 4.0 4.0 4.0 0.0 0.15200001 2 TOUCH_MOVE Space
1400673950755 6 4098 319.5 1210.9509 0.23333335 4.0 4.0 4.0 4.0 0.0 0.15200001 1 TOUCH_UP Space
1400673950955 6 4098 54.0 951.451 0.23333335 4.0 4.0 4.0 4.0 0.0 0.18400002 0 TOUCH_DOWN a
1400673950964 6 4098 54.0 951.451 0.23333335 4.0 4.0 4.0 4.0 0.0 0.192 2 TOUCH_MOVE a
1400673951015 6 4098 55.25 951.451 0.23333335 4.0 4.0 4.0 4.0 0.0 0.19600001 2 TOUCH_MOVE a
1400673951031 6 4098 55.896458 951.451 0.23333335 4.0 4.0 4.0 4.0 0.0 0.192 2 TOUCH_MOVE a
1400673951044 6 4098 56.0 951.451 0.23333335 4.0 4.0 4.0 4.0 0.0 0.192 2 TOUCH_MOVE a
1400673951048 6 4098 56.0 951.451 0.23333335 4.0 4.0 4.0 4.0 0.0 0.192 1 TOUCH_UP a
1400673951331 6 4098 245.5 845.951 0.20000002 4.0 4.0 4.0 4.0 0.0 0.2 0 TOUCH_DOWN r
1400673951369 6 4098 244.67369 844.2984 0.26666668 4.0 4.0 4.0 4.0 0.0 0.224 2 TOUCH_MOVE r
1400673951382 6 4098 243.65671 843.10767 0.26666668 4.0 4.0 4.0 4.0 0.0 0.22800002 2 TOUCH_MOVE r
1400673951400 6 4098 243.06897 842.51996 0.26666668 4.0 4.0 4.0 4.0 0.0 0.224 2 TOUCH_MOVE r
1400673951415 6 4098 240.0135 841.57935 0.26666668 4.0 4.0 4.0 4.0 0.0 0.216 2 TOUCH_MOVE r
1400673951434 6 4098 236.5 841.451 0.26666668 4.0 4.0 4.0 4.0 0.0 0.18400002 2 TOUCH_MOVE r
1400673951438 6 4098 236.5 841.451 0.26666668 4.0 4.0 4.0 4.0 0.0 0.18400002 1 TOUCH_UP r
1400673951562 6 4098 172.0 816.451 0.26666668 4.0 4.0 4.0 4.0 0.0 0.2 0 TOUCH_DOWN e
1400673951593 6 4098 172.0 816.7345 0.26666668 4.0 4.0 4.0 4.0 0.0 0.208 2 TOUCH_MOVE e
1400673951598 6 4098 171.65094 817.30005 0.26666668 4.0 4.0 4.0 4.0 0.0 0.224 2 TOUCH_MOVE e
1400673951615 6 4098 170.65224 818.29877 0.3 5.0 5.0 5.0 5.0 0.0 0.22800002 2 TOUCH_MOVE e
1400673951631 6 4098 169.65298 818.951 0.3 5.0 5.0 5.0 5.0 0.0 0.224 2 TOUCH_MOVE e
1400673951648 6 4098 169.07755 819.3735 0.33333334 5.0 5.0 5.0 5.0 0.0 0.224 2 TOUCH_MOVE e
1400673951665 6 4098 168.15479 819.451 0.26666668 4.0 4.0 4.0 4.0 0.0 0.21200001 2 TOUCH_MOVE e
1400673951683 6 4098 167.75 819.451 0.26666668 4.0 4.0 4.0 4.0 0.0 0.20400001 2 TOUCH_MOVE e
1400673951693 6 4098 167.75 819.451 0.26666668 4.0 4.0 4.0 4.0 0.0 0.20400001 1 TOUCH_UP e
1400673951943 6 4098 360.0 1234.4509 0.10000001 2.0 2.0 2.0 2.0 0.0 0.124000005 0 TOUCH_DOWN Space
1400673951966 6 4098 360.0 1234.4509 0.10000001 2.0 2.0 2.0 2.0 0.0 0.124000005 1 TOUCH_UP Space
1400673952128 6 4098 308.5 835.451 0.3 5.0 5.0 5.0 5.0 0.0 0.20400001 0 TOUCH_DOWN t
1400673952151 6 4098 308.89703 835.05396 0.3 5.0 5.0 5.0 5.0 0.0 0.216 2 TOUCH_MOVE t
1400673952176 6 4098 309.77985 833.3913 0.3 5.0 5.0 5.0 5.0 0.0 0.22800002 2 TOUCH_MOVE t
1400673952188 6 4098 310.0 832.1733 0.3 5.0 5.0 5.0 5.0 0.0 0.23200001 2 TOUCH_MOVE t
1400673952199 6 4098 310.0 831.201 0.3 5.0 5.0 5.0 5.0 0.0 0.22800002 2 TOUCH_MOVE t
1400673952216 6 4098 309.353 831.451 0.3 5.0 5.0 5.0 5.0 0.0 0.224 2 TOUCH_MOVE t
1400673952232 6 4098 308.71472 831.451 0.26666668 5.0 5.0 5.0 5.0 0.0 0.21200001 2 TOUCH_MOVE t
1400673952247 6 4098 308.0 831.451 0.23333335 5.0 5.0 5.0 5.0 0.0 0.18400002 2 TOUCH_MOVE t
1400673952251 6 4098 308.0 831.451 0.23333335 5.0 5.0 5.0 5.0 0.0 0.18400002 1 TOUCH_UP t
1400673952350 6 4098 436.5 946.451 0.3 5.0 5.0 5.0 5.0 0.0 0.20400001 0 TOUCH_DOWN h
1400673952368 6 4098 436.5 946.09735 0.3 5.0 5.0 5.0 5.0 0.0 0.2 2 TOUCH_MOVE h
1400673952386 6 4098 435.76532 944.4816 0.3 5.0 5.0 5.0 5.0 0.0 0.21200001 2 TOUCH_MOVE h
1400673952399 6 4098 433.9943 942.44525 0.3 5.0 5.0 5.0 5.0 0.0 0.216 2 TOUCH_MOVE h
1400673952415 6 4098 432.72958 941.1806 0.3 5.0 5.0 5.0 5.0 0.0 0.208 2 TOUCH_MOVE h
1400673952443 6 4098 431.73532 939.92163 0.3 5.0 5.0 5.0 5.0 0.0 0.19600001 2 TOUCH_MOVE h
1400673952448 6 4098 431.0 938.951 0.23333335 4.0 4.0 4.0 4.0 0.0 0.14400001 2 TOUCH_MOVE h
1400673952451 6 4098 431.0 938.951 0.23333335 4.0 4.0 4.0 4.0 0.0 0.14400001 1 TOUCH_UP h
1400673952617 6 4098 153.0 830.951 0.33333334 5.0 5.0 5.0 5.0 0.0 0.19600001 0 TOUCH_DOWN e
1400673952635 6 4098 153.0 830.951 0.33333334 5.0 5.0 5.0 5.0 0.0 0.2 2 TOUCH_MOVE e
1400673952732 6 4098 153.0 830.951 0.33333334 5.0 5.0 5.0 5.0 0.0 0.2 1 TOUCH_UP e
1400673953051 6 4098 348.5 1200.9509 0.16666667 3.0 3.0 3.0 3.0 0.0 0.16000001 0 TOUCH_DOWN Space
1400673953073 6 4098 348.29712 1201.6538 0.23333335 4.0 4.0 4.0 4.0 0.0 0.18 2 TOUCH_MOVE Space
1400673953083 6 4098 347.29605 1202.1549 0.23333335 4.0 4.0 4.0 4.0 0.0 0.18800001 2 TOUCH_MOVE Space
1400673953100 6 4098 346.5 1202.6516 0.23333335 4.0 4.0 4.0 4.0 0.0 0.18800001 2 TOUCH_MOVE Space
1400673953116 6 4098 346.5 1203.3009 0.23333335 4.0 4.0 4.0 4.0 0.0 0.192 2 TOUCH_MOVE Space
1400673953137 6 4098 346.1538 1203.1047 0.23333335 4.0 4.0 4.0 4.0 0.0 0.18800001 2 TOUCH_MOVE Space
1400673953141 6 4098 346.0 1202.9509 0.16666667 3.0 3.0 3.0 3.0 0.0 0.17600001 2 TOUCH_MOVE Space
1400673953144 6 4098 346.0 1202.9509 0.16666667 3.0 3.0 3.0 3.0 0.0 0.17600001 1 TOUCH_UP Space
1400673953405 6 4098 93.0 850.451 0.23333335 4.0 4.0 4.0 4.0 0.0 0.18400002 0 TOUCH_DOWN w
1400673953416 6 4098 93.0 850.451 0.23333335 4.0 4.0 4.0 4.0 0.0 0.192 2 TOUCH_MOVE w
1400673953467 6 4098 93.0 849.85516 0.26666668 4.0 4.0 4.0 4.0 0.0 0.208 2 TOUCH_MOVE w
1400673953500 6 4098 93.0 849.3313 0.26666668 4.0 4.0 4.0 4.0 0.0 0.208 2 TOUCH_MOVE w
1400673953538 6 4098 93.0 849.3313 0.26666668 4.0 4.0 4.0 4.0 0.0 0.208 1 TOUCH_UP w
1400673953688 6 4098 624.0 840.951 0.26666668 4.0 4.0 4.0 4.0 0.0 0.192 0 TOUCH_DOWN o
1400673953700 6 4098 624.0 840.951 0.33333334 5.0 5.0 5.0 5.0 0.0 0.19600001 2 TOUCH_MOVE o
1400673953717 6 4098 623.4313 839.8136 0.3 5.0 5.0 5.0 5.0 0.0 0.20400001 2 TOUCH_MOVE o
1400673953737 6 4098 621.3656 836.68225 0.33333334 5.0 5.0 5.0 5.0 0.0 0.208 2 TOUCH_MOVE o
1400673953750 6 4098 620.365 834.6809 0.33333334 5.0 5.0 5.0 5.0 0.0 0.20400001 2 TOUCH_MOVE o
1400673953767 6 4098 620.5 833.8193 0.3 5.0 5.0 5.0 5.0 0.0 0.192 2 TOUCH_MOVE o
1400673953778 6 4098 620.5 833.8193 0.3 5.0 5.0 5.0 5.0 0.0 0.192 1 TOUCH_UP o
1400673955669 6 4098 253.0 828.451 0.23333335 5.0 5.0 5.0 5.0 0.0 0.19600001 0 TOUCH_DOWN r
1400673955752 6 4098 252.63809 828.451 0.3 5.0 5.0 5.0 5.0 0.0 0.216 2 TOUCH_MOVE r
1400673955770 6 4098 251.56926 828.451 0.26666668 5.0 5.0 5.0 5.0 0.0 0.20400001 2 TOUCH_MOVE r
1400673955786 6 4098 250.75 828.451 0.23333335 5.0 5.0 5.0 5.0 0.0 0.18400002 2 TOUCH_MOVE r
1400673955797 6 4098 250.75 828.451 0.23333335 5.0 5.0 5.0 5.0 0.0 0.18400002 1 TOUCH_UP r
1400673955959 6 4098 648.0 968.451 0.16666667 3.0 3.0 3.0 3.0 0.0 0.18 0 TOUCH_DOWN l
1400673955970 6 4098 648.0 968.451 0.16666667 3.0 3.0 3.0 3.0 0.0 0.18400002 2 TOUCH_MOVE l
1400673955988 6 4098 648.9072 968.04376 0.20000002 4.0 4.0 4.0 4.0 0.0 0.192 2 TOUCH_MOVE l
1400673956002 6 4098 649.8925 967.0585 0.16666667 3.0 3.0 3.0 3.0 0.0 0.18800001 2 TOUCH_MOVE l
1400673956020 6 4098 650.9051 965.1408 0.20000002 3.0 3.0 3.0 3.0 0.0 0.192 2 TOUCH_MOVE l
1400673956039 6 4098 651.89923 963.6525 0.23333335 4.0 4.0 4.0 4.0 0.0 0.18800001 2 TOUCH_MOVE l
1400673956052 6 4098 653.40326 962.0477 0.23333335 4.0 4.0 4.0 4.0 0.0 0.18 2 TOUCH_MOVE l
1400673956057 6 4098 653.5 961.951 0.16666667 3.0 3.0 3.0 3.0 0.0 0.112 2 TOUCH_MOVE l
1400673956060 6 4098 653.5 961.951 0.16666667 3.0 3.0 3.0 3.0 0.0 0.112 1 TOUCH_UP l
1400673956271 6 4098 193.0 961.951 0.13333334 2.0 2.0 2.0 2.0 0.0 0.18 0 TOUCH_DOWN d
1400673956287 6 4098 193.0 961.951 0.13333334 2.0 2.0 2.0 2.0 0.0 0.18400002 2 TOUCH_MOVE d
1400673956319 6 4098 194.0 960.5766 0.20000002 3.0 3.0 3.0 3.0 0.0 0.2 2 TOUCH_MOVE d
1400673956337 6 4098 194.5 959.5806 0.23333335 4.0 4.0 4.0 4.0 0.0 0.20400001 2 TOUCH_MOVE d
1400673956354 6 4098 194.5 958.701 0.23333335 4.0 4.0 4.0 4.0 0.0 0.20400001 2 TOUCH_MOVE d
1400673956403 6 4098 193.5 958.951 0.16666667 3.0 3.0 3.0 3.0 0.0 0.18800001 2 TOUCH_MOVE d
1400673956408 6 4098 193.5 958.951 0.13333334 2.0 2.0 2.0 2.0 0.0 0.14400001 2 TOUCH_MOVE d
1400673956412 6 4098 193.5 958.951 0.13333334 2.0 2.0 2.0 2.0 0.0 0.14400001 1 TOUCH_UP d
1400673957653 6 4098 427.5 1213.4509 0.20000002 3.0 3.0 3.0 3.0 0.0 0.17600001 0 TOUCH_DOWN ,
1400673957671 6 4098 427.5 1214.1483 0.20000002 3.0 3.0 3.0 3.0 0.0 0.18400002 2 TOUCH_MOVE ,
1400673957687 6 4098 427.5 1215.1702 0.20000002 3.0 3.0 3.0 3.0 0.0 0.18400002 2 TOUCH_MOVE ,
1400673957705 6 4098 427.5 1215.6893 0.20000002 3.0 3.0 3.0 3.0 0.0 0.18 2 TOUCH_MOVE ,
1400673957719 6 4098 427.5 1215.9509 0.20000002 3.0 3.0 3.0 3.0 0.0 0.17600001 2 TOUCH_MOVE ,
1400673957723 6 4098 427.5 1215.9509 0.20000002 3.0 3.0 3.0 3.0 0.0 0.17600001 1 TOUCH_UP ,
1400673957956 6 4098 317.0 1236.9509 0.16666667 4.0 4.0 4.0 4.0 0.0 0.17600001 0 TOUCH_DOWN Space
1400673957976 6 4098 317.0 1236.2687 0.23333335 4.0 4.0 4.0 4.0 0.0 0.18400002 2 TOUCH_MOVE Space
1400673957988 6 4098 317.0 1234.0518 0.23333335 4.0 4.0 4.0 4.0 0.0 0.19600001 2 TOUCH_MOVE Space
1400673958006 6 4098 317.0 1231.7648 0.23333335 4.0 4.0 4.0 4.0 0.0 0.2 2 TOUCH_MOVE Space
1400673958021 6 4098 317.0 1230.7473 0.23333335 4.0 4.0 4.0 4.0 0.0 0.19600001 2 TOUCH_MOVE Space
1400673958038 6 4098 317.0 1230.2009 0.23333335 4.0 4.0 4.0 4.0 0.0 0.19600001 2 TOUCH_MOVE Space
1400673958060 6 4098 317.0 1230.2009 0.23333335 4.0 4.0 4.0 4.0 0.0 0.19600001 1 TOUCH_UP Space
1400673958555 6 4098 135.5 811.951 0.20000002 4.0 4.0 4.0 4.0 0.0 0.19600001 0 TOUCH_DOWN w
1400673958575 6 4098 135.5 812.2751 0.20000002 4.0 4.0 4.0 4.0 0.0 0.2 2 TOUCH_MOVE w
1400673958591 6 4098 135.5 813.0934 0.23333335 4.0 4.0 4.0 4.0 0.0 0.21200001 2 TOUCH_MOVE w
1400673958605 6 4098 135.5 813.701 0.23333335 4.0 4.0 4.0 4.0 0.0 0.21200001 2 TOUCH_MOVE w
1400673958621 6 4098 135.5 814.1906 0.23333335 4.0 4.0 4.0 4.0 0.0 0.21200001 2 TOUCH_MOVE w
1400673958651 6 4098 135.5 814.1906 0.23333335 4.0 4.0 4.0 4.0 0.0 0.21200001 1 TOUCH_UP w
1400673958806 6 4098 166.5 824.951 0.3 5.0 5.0 5.0 5.0 0.0 0.19600001 0 TOUCH_DOWN e
1400673958821 6 4098 166.5 824.951 0.33333334 5.0 5.0 5.0 5.0 0.0 0.2 2 TOUCH_MOVE e
1400673958911 6 4098 166.5 824.951 0.33333334 5.0 5.0 5.0 5.0 0.0 0.2 1 TOUCH_UP e
1400673959176 6 4098 318.5 1238.9509 0.13333334 3.0 3.0 3.0 3.0 0.0 0.136 0 TOUCH_DOWN Space
1400673959200 6 4098 318.5 1238.4427 0.16666667 4.0 4.0 4.0 4.0 0.0 0.17600001 2 TOUCH_MOVE Space
1400673959205 6 4098 318.5 1236.0646 0.23333335 4.0 4.0 4.0 4.0 0.0 0.18400002 2 TOUCH_MOVE Space
1400673959222 6 4098 318.5 1233.6914 0.23333335 4.0 4.0 4.0 4.0 0.0 0.18800001 2 TOUCH_MOVE Space
1400673959239 6 4098 318.5 1232.5353 0.23333335 4.0 4.0 4.0 4.0 0.0 0.18800001 2 TOUCH_MOVE Space
1400673959257 6 4098 318.5 1231.7009 0.23333335 4.0 4.0 4.0 4.0 0.0 0.18400002 2 TOUCH_MOVE Space
1400673959267 6 4098 318.5 1231.7009 0.23333335 4.0 4.0 4.0 4.0 0.0 0.18400002 1 TOUCH_UP Space
1400673959983 6 4098 52.0 941.451 0.26666668 5.0 5.0 5.0 5.0 0.0 0.18400002 0 TOUCH_DOWN a
1400673960071 6 4098 52.0 941.451 0.26666668 5.0 5.0 5.0 5.0 0.0 0.18400002 1 TOUCH_UP a
1400673960519 6 4098 226.0 848.451 0.23333335 4.0 4.0 4.0 4.0 0.0 0.18400002 0 TOUCH_DOWN r
1400673960542 6 4098 226.0 847.4982 0.26666668 4.0 4.0 4.0 4.0 0.0 0.192 2 TOUCH_MOVE r
1400673960556 6 4098 226.0 844.154 0.26666668 4.0 4.0 4.0 4.0 0.0 0.216 2 TOUCH_MOVE r
1400673960573 6 4098 226.0 841.55255 0.26666668 4.0 4.0 4.0 4.0 0.0 0.22000001 2 TOUCH_MOVE r
1400673960590 6 4098 226.0 840.6368 0.3 5.0 5.0 5.0 5.0 0.0 0.224 2 TOUCH_MOVE r
1400673960607 6 4098 225.55626 839.951 0.26666668 4.0 4.0 4.0 4.0 0.0 0.22000001 2 TOUCH_MOVE r
1400673960624 6 4098 225.02818 839.951 0.26666668 4.0 4.0 4.0 4.0 0.0 0.22000001 2 TOUCH_MOVE r
1400673960640 6 4098 223.24706 839.951 0.3 5.0 5.0 5.0 5.0 0.0 0.20400001 2 TOUCH_MOVE r
1400673960644 6 4098 223.0 839.951 0.3 5.0 5.0 5.0 5.0 0.0 0.18800001 2 TOUCH_MOVE r
1400673960647 6 4098 223.0 839.951 0.3 5.0 5.0 5.0 5.0 0.0 0.18800001 1 TOUCH_UP r
1400673960770 6 4098 180.5 826.451 0.3 5.0 5.0 5.0 5.0 0.0 0.2 0 TOUCH_DOWN e
1400673960808 6 4098 179.6303 826.451 0.3 5.0 5.0 5.0 5.0 0.0 0.22000001 2 TOUCH_MOVE e
1400673960824 6 4098 178.57657 826.451 0.3 5.0 5.0 5.0 5.0 0.0 0.224 2 TOUCH_MOVE e
1400673960840 6 4098 177.61269 826.451 0.3 5.0 5.0 5.0 5.0 0.0 0.22000001 2 TOUCH_MOVE e
1400673960858 6 4098 176.59888 826.451 0.3 5.0 5.0 5.0 5.0 0.0 0.216 2 TOUCH_MOVE e
1400673960874 6 4098 176.25 826.451 0.3 5.0 5.0 5.0 5.0 0.0 0.208 2 TOUCH_MOVE e
1400673960893 6 4098 176.25 826.451 0.3 5.0 5.0 5.0 5.0 0.0 0.208 1 TOUCH_UP e
1400673961131 6 4098 356.0 1206.9509 0.16666667 3.0 3.0 3.0 3.0 0.0 0.15200001 0 TOUCH_DOWN Space
1400673961156 6 4098 356.0 1207.3367 0.16666667 3.0 3.0 3.0 3.0 0.0 0.16000001 2 TOUCH_MOVE Space
1400673961176 6 4098 356.0 1209.3413 0.16666667 3.0 3.0 3.0 3.0 0.0 0.17600001 2 TOUCH_MOVE Space
1400673961190 6 4098 356.0 1210.302 0.16666667 3.0 3.0 3.0 3.0 0.0 0.14400001 2 TOUCH_MOVE Space
1400673961195 6 4098 356.0 1210.4509 0.16666667 3.0 3.0 3.0 3.0 0.0 0.112 2 TOUCH_MOVE Space
1400673961199 6 4098 356.0 1210.4509 0.16666667 3.0 3.0 3.0 3.0 0.0 0.112 1 TOUCH_UP Space
1400673961433 6 4098 308.5 812.951 0.23333335 4.0 4.0 4.0 4.0 0.0 0.2 0 TOUCH_DOWN t
1400673961459 6 4098 308.5 812.951 0.26666668 4.0 4.0 4.0 4.0 0.0 0.20400001 2 TOUCH_MOVE t
1400673961590 6 4098 308.5 812.951 0.26666668 4.0 4.0 4.0 4.0 0.0 0.20400001 1 TOUCH_UP t
1400673961617 6 4098 459.0 935.951 0.26666668 4.0 4.0 4.0 4.0 0.0 0.192 0 TOUCH_DOWN h
1400673961657 6 4098 455.98254 934.6118 0.26666668 4.0 4.0 4.0 4.0 0.0 0.20400001 2 TOUCH_MOVE h
1400673961674 6 4098 453.32532 933.11365 0.3 5.0 5.0 5.0 5.0 0.0 0.208 2 TOUCH_MOVE h
1400673961694 6 4098 451.34467 932.12335 0.3 5.0 5.0 5.0 5.0 0.0 0.2 2 TOUCH_MOVE h
1400673961708 6 4098 450.5 931.1192 0.3 5.0 5.0 5.0 5.0 0.0 0.192 2 TOUCH_MOVE h
1400673961713 6 4098 450.5 930.951 0.3 5.0 5.0 5.0 5.0 0.0 0.18 2 TOUCH_MOVE h
1400673961717 6 4098 450.5 930.951 0.3 5.0 5.0 5.0 5.0 0.0 0.18 1 TOUCH_UP h
1400673962148 6 4098 178.5 816.451 0.23333335 4.0 4.0 4.0 4.0 0.0 0.18400002 0 TOUCH_DOWN e
1400673962158 6 4098 178.5 816.451 0.23333335 4.0 4.0 4.0 4.0 0.0 0.18800001 2 TOUCH_MOVE e
1400673962191 6 4098 177.71635 817.2346 0.23333335 4.0 4.0 4.0 4.0 0.0 0.208 2 TOUCH_MOVE e
1400673962208 6 4098 177.10913 817.84186 0.23333335 4.0 4.0 4.0 4.0 0.0 0.20400001 2 TOUCH_MOVE e
1400673962225 6 4098 176.25 818.701 0.26666668 4.0 4.0 4.0 4.0 0.0 0.208 2 TOUCH_MOVE e
1400673962258 6 4098 175.93259 819.0184 0.23333335 4.0 4.0 4.0 4.0 0.0 0.20400001 2 TOUCH_MOVE e
1400673962309 6 4098 175.93259 819.0184 0.23333335 4.0 4.0 4.0 4.0 0.0 0.20400001 1 TOUCH_UP e
1400673962498 6 4098 367.0 1209.9509 0.16666667 3.0 3.0 3.0 3.0 0.0 0.132 0 TOUCH_DOWN Space
1400673962508 6 4098 367.0 1209.9509 0.20000002 3.0 3.0 3.0 3.0 0.0 0.14400001 2 TOUCH_MOVE Space
1400673962529 6 4098 367.50433 1210.4553 0.20000002 3.0 3.0 3.0 3.0 0.0 0.18 2 TOUCH_MOVE Space
1400673962542 6 4098 369.50064 1212.4515 0.20000002 3.0 3.0 3.0 3.0 0.0 0.17600001 2 TOUCH_MOVE Space
1400673962559 6 4098 371.24066 1214.1915 0.20000002 3.0 3.0 3.0 3.0 0.0 0.17600001 2 TOUCH_MOVE Space
1400673962602 6 4098 372.0 1214.9509 0.20000002 3.0 3.0 3.0 3.0 0.0 0.132 2 TOUCH_MOVE Space
1400673962607 6 4098 372.0 1214.9509 0.20000002 3.0 3.0 3.0 3.0 0.0 0.132 1 TOUCH_UP Space
1400673962923 6 4098 289.5 1090.4509 0.23333335 4.0 4.0 4.0 4.0 0.0 0.19600001 0 TOUCH_DOWN c
1400673962937 6 4098 289.5 1090.4509 0.23333335 4.0 4.0 4.0 4.0 0.0 0.2 2 TOUCH_MOVE c
1400673962954 6 4098 288.79633 1091.1547 0.26666668 4.0 4.0 4.0 4.0 0.0 0.208 2 TOUCH_MOVE c
1400673962960 6 4098 287.0937 1092.154 0.26666668 4.0 4.0 4.0 4.0 0.0 0.208 2 TOUCH_MOVE c
1400673962975 6 4098 285.11618 1092.9509 0.26666668 4.0 4.0 4.0 4.0 0.0 0.216 2 TOUCH_MOVE c
1400673962992 6 4098 283.08908 1093.4509 0.26666668 4.0 4.0 4.0 4.0 0.0 0.216 2 TOUCH_MOVE c
1400673963009 6 4098 281.80673 1093.6442 0.26666668 4.0 4.0 4.0 4.0 0.0 0.208 2 TOUCH_MOVE c
1400673963026 6 4098 280.09793 1094.652 0.3 5.0 5.0 5.0 5.0 0.0 0.208 2 TOUCH_MOVE c
1400673963042 6 4098 278.8052 1094.9509 0.3 5.0 5.0 5.0 5.0 0.0 0.192 2 TOUCH_MOVE c
1400673963050 6 4098 278.5 1094.9509 0.26666668 5.0 5.0 5.0 5.0 0.0 0.17600001 2 TOUCH_MOVE c
1400673963053 6 4098 278.5 1094.9509 0.26666668 5.0 5.0 5.0 5.0 0.0 0.17600001 1 TOUCH_UP c
1400673963097 6 4098 432.5 970.451 0.20000002 4.0 4.0 4.0 4.0 0.0 0.18 0 TOUCH_DOWN h
1400673963109 6 4098 432.5 970.451 0.20000002 4.0 4.0 4.0 4.0 0.0 0.18400002 2 TOUCH_MOVE h
1400673963142 6 4098 433.04608 970.451 0.20000002 4.0 4.0 4.0 4.0 0.0 0.18800001 2 TOUCH_MOVE h
1400673963160 6 4098 433.68713 970.26385 0.20000002 4.0 4.0 4.0 4.0 0.0 0.192 2 TOUCH_MOVE h
1400673963176 6 4098 434.84668 969.1043 0.23333335 5.0 5.0 5.0 5.0 0.0 0.18 2 TOUCH_MOVE h
1400673963187 6 4098 435.5 968.451 0.23333335 5.0 5.0 5.0 5.0 0.0 0.172 2 TOUCH_MOVE h
1400673963191 6 4098 435.5 968.451 0.23333335 5.0 5.0 5.0 5.0 0.0 0.172 1 TOUCH_UP h
1400673963495 6 4098 538.5 827.951 0.26666668 5.0 5.0 5.0 5.0 0.0 0.192 0 TOUCH_DOWN i
1400673963513 6 4098 538.5 827.951 0.3 5.0 5.0 5.0 5.0 0.0 0.19600001 2 TOUCH_MOVE i
1400673963527 6 4098 539.0493 827.951 0.3 5.0 5.0 5.0 5.0 0.0 0.19600001 2 TOUCH_MOVE i
1400673963543 6 4098 540.14813 827.951 0.3 5.0 5.0 5.0 5.0 0.0 0.18800001 2 TOUCH_MOVE i
1400673963551 6 4098 540.5 827.951 0.26666668 5.0 5.0 5.0 5.0 0.0 0.18 2 TOUCH_MOVE i
1400673963554 6 4098 540.5 827.951 0.26666668 5.0 5.0 5.0 5.0 0.0 0.18 1 TOUCH_UP i
1400673963908 6 4098 634.5 970.951 0.13333334 2.0 2.0 2.0 2.0 0.0 0.17600001 0 TOUCH_DOWN l
1400673963997 6 4098 634.5 970.951 0.13333334 2.0 2.0 2.0 2.0 0.0 0.17600001 1 TOUCH_UP l
1400673964527 6 4098 219.0 967.951 0.23333335 5.0 5.0 5.0 5.0 0.0 0.18800001 0 TOUCH_DOWN d
1400673964595 6 4098 219.0 967.951 0.23333335 5.0 5.0 5.0 5.0 0.0 0.19600001 2 TOUCH_MOVE d
1400673964604 6 4098 218.5 967.451 0.23333335 5.0 5.0 5.0 5.0 0.0 0.18 2 TOUCH_MOVE d
1400673964608 6 4098 218.5 967.451 0.23333335 5.0 5.0 5.0 5.0 0.0 0.18 1 TOUCH_UP d
1400673964847 6 4098 255.0 835.951 0.26666668 4.0 4.0 4.0 4.0 0.0 0.20400001 0 TOUCH_DOWN r
1400673964861 6 4098 255.0 835.951 0.3 5.0 5.0 5.0 5.0 0.0 0.21200001 2 TOUCH_MOVE r
1400673964894 6 4098 255.5 834.701 0.3 5.0 5.0 5.0 5.0 0.0 0.224 2 TOUCH_MOVE r
1400673964910 6 4098 255.5 834.2207 0.3 5.0 5.0 5.0 5.0 0.0 0.216 2 TOUCH_MOVE r
1400673964938 6 4098 254.0 834.451 0.20000002 4.0 4.0 4.0 4.0 0.0 0.18 2 TOUCH_MOVE r
1400673964942 6 4098 254.0 834.451 0.20000002 4.0 4.0 4.0 4.0 0.0 0.18 1 TOUCH_UP r
1400673965081 6 4098 199.0 813.451 0.26666668 4.0 4.0 4.0 4.0 0.0 0.20400001 0 TOUCH_DOWN e
1400673965096 6 4098 199.0 813.451 0.26666668 4.0 4.0 4.0 4.0 0.0 0.208 2 TOUCH_MOVE e
1400673965111 6 4098 199.0 814.43835 0.26666668 4.0 4.0 4.0 4.0 0.0 0.216 2 TOUCH_MOVE e
1400673965128 6 4098 199.0 815.41077 0.26666668 4.0 4.0 4.0 4.0 0.0 0.22000001 2 TOUCH_MOVE e
1400673965144 6 4098 199.0 815.701 0.26666668 4.0 4.0 4.0 4.0 0.0 0.224 2 TOUCH_MOVE e
1400673965178 6 4098 199.0 815.451 0.23333335 4.0 4.0 4.0 4.0 0.0 0.2 2 TOUCH_MOVE e
1400673965189 6 4098 199.0 815.451 0.20000002 4.0 4.0 4.0 4.0 0.0 0.172 2 TOUCH_MOVE e
1400673965201 6 4098 199.0 815.451 0.20000002 4.0 4.0 4.0 4.0 0.0 0.172 1 TOUCH_UP e
1400673965670 6 4098 500.0 1099.9509 0.3 5.0 5.0 5.0 5.0 0.0 0.18800001 0 TOUCH_DOWN n
1400673965703 6 4098 500.0 1099.9509 0.3 5.0 5.0 5.0 5.0 0.0 0.18400002 2 TOUCH_MOVE n
1400673965753 6 4098 500.0 1099.9509 0.3 5.0 5.0 5.0 5.0 0.0 0.18400002 1 TOUCH_UP n
1400673966360 6 4098 686.5 1211.4509 0.20000002 3.0 3.0 3.0 3.0 0.0 0.18400002 0 TOUCH_DOWN Enter
1400673966379 6 4098 686.5 1211.4509 0.20000002 3.0 3.0 3.0 3.0 0.0 0.18800001 2 TOUCH_MOVE Enter
1400673966413 6 4098 685.6433 1211.4509 0.23333335 4.0 4.0 4.0 4.0 0.0 0.19600001 2 TOUCH_MOVE Enter
1400673966429 6 4098 684.6143 1211.4509 0.20000002 3.0 3.0 3.0 3.0 0.0 0.192 2 TOUCH_MOVE Enter
1400673966448 6 4098 684.5 1211.0697 0.23333335 4.0 4.0 4.0 4.0 0.0 0.192 2 TOUCH_MOVE Enter
1400673966459 6 4098 684.5 1210.9509 0.13333334 2.0 2.0 2.0 2.0 0.0 0.15200001 2 TOUCH_MOVE Enter
1400673966462 6 4098 684.5 1210.9509 0.13333334 2.0 2.0 2.0 2.0 0.0 0.15200001 1 TOUCH_UP Enter
1400673967930 6 4098 108.0 818.451 0.3 5.0 5.0 5.0 5.0 0.0 0.2 0 TOUCH_DOWN W
1400673967947 6 4098 108.0 818.451 0.3 5.0 5.0 5.0 5.0 0.0 0.20400001 2 TOUCH_MOVE W
1400673967980 6 4098 108.0 819.30334 0.26666668 4.0 4.0 4.0 4.0 0.0 0.216 2 TOUCH_MOVE W
1400673967998 6 4098 108.19356 819.951 0.26666668 4.0 4.0 4.0 4.0 0.0 0.216 2 TOUCH_MOVE W
1400673968016 6 4098 109.41002 819.746 0.26666668 4.0 4.0 4.0 4.0 0.0 0.2 2 TOUCH_MOVE W
1400673968034 6 4098 110.0 819.451 0.23333335 4.0 4.0 4.0 4.0 0.0 0.16000001 2 TOUCH_MOVE W
1400673968039 6 4098 110.0 819.451 0.23333335 4.0 4.0 4.0 4.0 0.0 0.16000001 1 TOUCH_UP W
1400673968179 6 4098 187.5 820.951 0.20000002 4.0 4.0 4.0 4.0 0.0 0.19600001 0 TOUCH_DOWN e
1400673968248 6 4098 187.5 820.78284 0.23333335 4.0 4.0 4.0 4.0 0.0 0.208 2 TOUCH_MOVE e
1400673968264 6 4098 187.5 820.201 0.23333335 4.0 4.0 4.0 4.0 0.0 0.20400001 2 TOUCH_MOVE e
1400673968287 6 4098 187.5 820.201 0.23333335 4.0 4.0 4.0 4.0 0.0 0.20400001 1 TOUCH_UP e
1400673968479 6 4098 323.5 1196.9509 0.20000002 4.0 4.0 4.0 4.0 0.0 0.18400002 0 TOUCH_DOWN Space
1400673968485 6 4098 323.5 1196.9509 0.20000002 4.0 4.0 4.0 4.0 0.0 0.18800001 2 TOUCH_MOVE Space
1400673968531 6 4098 322.3214 1196.9509 0.20000002 4.0 4.0 4.0 4.0 0.0 0.2 2 TOUCH_MOVE Space
1400673968548 6 4098 321.9284 1196.9509 0.20000002 4.0 4.0 4.0 4.0 0.0 0.19600001 2 TOUCH_MOVE Space
1400673968564 6 4098 321.25 1196.9509 0.20000002 4.0 4.0 4.0 4.0 0.0 0.192 2 TOUCH_MOVE Space
1400673968573 6 4098 321.0 1196.4509 0.20000002 4.0 4.0 4.0 4.0 0.0 0.17600001 2 TOUCH_MOVE Space
1400673968576 6 4098 321.0 1196.4509 0.20000002 4.0 4.0 4.0 4.0 0.0 0.17600001 1 TOUCH_UP Space
1400673968771 6 4098 72.5 924.451 0.16666667 3.0 3.0 3.0 3.0 0.0 0.192 0 TOUCH_DOWN a
1400673968783 6 4098 72.5 924.451 0.16666667 3.0 3.0 3.0 3.0 0.0 0.19600001 2 TOUCH_MOVE a
1400673968814 6 4098 73.09545 926.04645 0.20000002 4.0 4.0 4.0 4.0 0.0 0.20400001 2 TOUCH_MOVE a
1400673968831 6 4098 74.122574 926.451 0.20000002 4.0 4.0 4.0 4.0 0.0 0.2 2 TOUCH_MOVE a
1400673968852 6 4098 74.5 926.951 0.16666667 3.0 3.0 3.0 3.0 0.0 0.18800001 2 TOUCH_MOVE a
1400673968856 6 4098 74.5 926.951 0.16666667 3.0 3.0 3.0 3.0 0.0 0.14 2 TOUCH_MOVE a
1400673968861 6 4098 74.5 926.951 0.16666667 3.0 3.0 3.0 3.0 0.0 0.14 1 TOUCH_UP a
1400673969139 6 4098 240.0 847.451 0.23333335 4.0 4.0 4.0 4.0 0.0 0.20400001 0 TOUCH_DOWN r
1400673969148 6 4098 240.0 847.451 0.23333335 4.0 4.0 4.0 4.0 0.0 0.208 2 TOUCH_MOVE r
1400673969165 6 4098 240.0 846.9039 0.26666668 4.0 4.0 4.0 4.0 0.0 0.21200001 2 TOUCH_MOVE r
1400673969188 6 4098 239.0 845.8716 0.26666668 4.0 4.0 4.0 4.0 0.0 0.22000001 2 TOUCH_MOVE r
1400673969198 6 4098 238.40639 844.85736 0.26666668 4.0 4.0 4.0 4.0 0.0 0.216 2 TOUCH_MOVE r
1400673969215 6 4098 237.96452 844.951 0.23333335 4.0 4.0 4.0 4.0 0.0 0.20400001 2 TOUCH_MOVE r
1400673969232 6 4098 236.90895 844.951 0.23333335 4.0 4.0 4.0 4.0 0.0 0.18400002 2 TOUCH_MOVE r
1400673969241 6 4098 237.0 844.951 0.20000002 3.0 3.0 3.0 3.0 0.0 0.104 2 TOUCH_MOVE r
1400673969244 6 4098 237.0 844.951 0.20000002 3.0 3.0 3.0 3.0 0.0 0.104 1 TOUCH_UP r
1400673969368 6 4098 183.5 822.951 0.26666668 5.0 5.0 5.0 5.0 0.0 0.19600001 0 TOUCH_DOWN e
1400673969415 6 4098 183.5 822.951 0.3 5.0 5.0 5.0 5.0 0.0 0.216 2 TOUCH_MOVE e
1400673969432 6 4098 182.75 822.951 0.3 5.0 5.0 5.0 5.0 0.0 0.22000001 2 TOUCH_MOVE e
1400673969448 6 4098 182.26595 822.951 0.3 5.0 5.0 5.0 5.0 0.0 0.208 2 TOUCH_MOVE e
1400673969469 6 4098 182.26595 822.951 0.3 5.0 5.0 5.0 5.0 0.0 0.208 1 TOUCH_UP e
1400673970016 6 4098 338.5 1204.4509 0.23333335 4.0 4.0 4.0 4.0 0.0 0.16800001 0 TOUCH_DOWN Space
1400673970032 6 4098 338.5 1204.9586 0.26666668 5.0 5.0 5.0 5.0 0.0 0.17600001 2 TOUCH_MOVE Space
1400673970050 6 4098 337.49042 1204.9509 0.26666668 5.0 5.0 5.0 5.0 0.0 0.18400002 2 TOUCH_MOVE Space
1400673970065 6 4098 336.4942 1204.9509 0.26666668 5.0 5.0 5.0 5.0 0.0 0.192 2 TOUCH_MOVE Space
1400673970082 6 4098 335.75 1204.9509 0.26666668 5.0 5.0 5.0 5.0 0.0 0.192 2 TOUCH_MOVE Space
1400673970099 6 4098 335.49597 1205.4509 0.26666668 5.0 5.0 5.0 5.0 0.0 0.192 2 TOUCH_MOVE Space
1400673970145 6 4098 335.49597 1205.4509 0.26666668 5.0 5.0 5.0 5.0 0.0 0.192 1 TOUCH_UP Space
1400673970568 6 4098 254.5 808.951 0.26666668 4.0 4.0 4.0 4.0 0.0 0.20400001 0 TOUCH_DOWN r
1400673970590 6 4098 254.98126 808.951 0.26666668 4.0 4.0 4.0 4.0 0.0 0.21200001 2 TOUCH_MOVE r
1400673970619 6 4098 255.16003 808.951 0.26666668 4.0 4.0 4.0 4.0 0.0 0.224 2 TOUCH_MOVE r
1400673970690 6 4098 255.16003 808.951 0.26666668 4.0 4.0 4.0 4.0 0.0 0.224 1 TOUCH_UP r
1400673971302 6 4098 690.0 1115.9509 0.23333335 5.0 5.0 5.0 5.0 0.0 0.192 0 TOUCH_DOWN Back
1400673971318 6 4098 690.0 1115.9509 0.26666668 5.0 5.0 5.0 5.0 0.0 0.192 2 TOUCH_MOVE Back
1400673971333 6 4098 689.61566 1114.6823 0.26666668 5.0 5.0 5.0 5.0 0.0 0.192 2 TOUCH_MOVE Back
1400673971350 6 4098 688.26465 1112.3479 0.26666668 5.0 5.0 5.0 5.0 0.0 0.19600001 2 TOUCH_MOVE Back
1400673971367 6 4098 686.241 1108.933 0.23333335 4.0 4.0 4.0 4.0 0.0 0.19600001 2 TOUCH_MOVE Back
1400673971383 6 4098 685.5 1106.1976 0.23333335 4.0 4.0 4.0 4.0 0.0 0.18800001 2 TOUCH_MOVE Back
1400673971398 6 4098 685.5 1105.4509 0.16666667 3.0 3.0 3.0 3.0 0.0 0.108 2 TOUCH_MOVE Back
1400673971402 6 4098 685.5 1105.4509 0.16666667 3.0 3.0 3.0 3.0 0.0 0.108 1 TOUCH_UP Back
1400673971559 6 4098 336.0 800.951 0.20000002 4.0 4.0 4.0 4.0 0.0 0.192 0 TOUCH_DOWN t
1400673971567 6 4098 336.0 800.951 0.20000002 4.0 4.0 4.0 4.0 0.0 0.20400001 2 TOUCH_MOVE t
1400673971633 6 4098 334.29752 801.30225 0.3 5.0 5.0 5.0 5.0 0.0 0.216 2 TOUCH_MOVE t
1400673971650 6 4098 331.9973 802.2852 0.26666668 5.0 5.0 5.0 5.0 0.0 0.20400001 2 TOUCH_MOVE t
1400673971667 6 4098 328.444 803.303 0.20000002 4.0 4.0 4.0 4.0 0.0 0.18800001 2 TOUCH_MOVE t
1400673971672 6 4098 328.0 803.451 0.20000002 4.0 4.0 4.0 4.0 0.0 0.16800001 2 TOUCH_MOVE t
1400673971675 6 4098 328.0 803.451 0.20000002 4.0 4.0 4.0 4.0 0.0 0.16800001 1 TOUCH_UP t
1400673971824 6 4098 438.5 954.451 0.3 5.0 5.0 5.0 5.0 0.0 0.192 0 TOUCH_DOWN h
1400673971834 6 4098 438.5 954.451 0.3 5.0 5.0 5.0 5.0 0.0 0.2 2 TOUCH_MOVE h
1400673971867 6 4098 438.5 953.536 0.26666668 4.0 4.0 4.0 4.0 0.0 0.2 2 TOUCH_MOVE h
1400673971887 6 4098 438.5 953.2055 0.26666668 4.0 4.0 4.0 4.0 0.0 0.2 2 TOUCH_MOVE h
1400673971903 6 4098 439.10663 952.84436 0.3 5.0 5.0 5.0 5.0 0.0 0.18800001 2 TOUCH_MOVE h
1400673971909 6 4098 439.10663 952.84436 0.3 5.0 5.0 5.0 5.0 0.0 0.18800001 1 TOUCH_UP h
1400673972065 6 4098 186.5 806.951 0.16666667 3.0 3.0 3.0 3.0 0.0 0.19600001 0 TOUCH_DOWN e
1400673972085 6 4098 186.5 806.951 0.20000002 3.0 3.0 3.0 3.0 0.0 0.20400001 2 TOUCH_MOVE e
1400673972162 6 4098 186.5 806.951 0.20000002 3.0 3.0 3.0 3.0 0.0 0.20400001 1 TOUCH_UP e
1400673972686 6 4098 621.0 814.951 0.26666668 4.0 4.0 4.0 4.0 0.0 0.19600001 0 TOUCH_DOWN o
1400673972721 6 4098 621.0 814.951 0.26666668 4.0 4.0 4.0 4.0 0.0 0.2 2 TOUCH_MOVE o
1400673972734 6 4098 620.2497 815.7013 0.26666668 4.0 4.0 4.0 4.0 0.0 0.192 2 TOUCH_MOVE o
1400673972742 6 4098 620.0 815.951 0.3 5.0 5.0 5.0 5.0 0.0 0.18800001 2 TOUCH_MOVE o
1400673972745 6 4098 620.0 815.951 0.3 5.0 5.0 5.0 5.0 0.0 0.18800001 1 TOUCH_UP o
1400673972973 6 4098 522.5 1085.9509 0.13333334 2.0 2.0 2.0 2.0 0.0 0.18 0 TOUCH_DOWN n
1400673973011 6 4098 521.26526 1087.1857 0.20000002 3.0 3.0 3.0 3.0 0.0 0.19600001 2 TOUCH_MOVE n
1400673973018 6 4098 520.2866 1088.1643 0.20000002 3.0 3.0 3.0 3.0 0.0 0.19600001 2 TOUCH_MOVE n
1400673973038 6 4098 519.5 1089.1742 0.20000002 3.0 3.0 3.0 3.0 0.0 0.19600001 2 TOUCH_MOVE n
1400673973052 6 4098 519.5 1089.7009 0.20000002 3.0 3.0 3.0 3.0 0.0 0.192 2 TOUCH_MOVE n
1400673973062 6 4098 519.5 1089.7009 0.20000002 3.0 3.0 3.0 3.0 0.0 0.192 1 TOUCH_UP n
1400673973820 6 4098 187.5 831.951 0.23333335 5.0 5.0 5.0 5.0 0.0 0.2 0 TOUCH_DOWN e
1400673973838 6 4098 187.5 831.951 0.23333335 5.0 5.0 5.0 5.0 0.0 0.20400001 2 TOUCH_MOVE e
1400673973922 6 4098 187.5 831.951 0.23333335 5.0 5.0 5.0 5.0 0.0 0.20400001 1 TOUCH_UP e
1400673974198 6 4098 118.0 916.951 0.16666667 3.0 3.0 3.0 3.0 0.0 0.18 0 TOUCH_DOWN s
1400673974214 6 4098 118.0 916.951 0.20000002 3.0 3.0 3.0 3.0 0.0 0.18 2 TOUCH_MOVE s
1400673974236 6 4098 117.47112 917.47986 0.23333335 4.0 4.0 4.0 4.0 0.0 0.18400002 2 TOUCH_MOVE s
1400673974253 6 4098 116.38468 918.5663 0.23333335 4.0 4.0 4.0 4.0 0.0 0.18400002 2 TOUCH_MOVE s
1400673974269 6 4098 115.38426 919.5667 0.23333335 4.0 4.0 4.0 4.0 0.0 0.18 2 TOUCH_MOVE s
1400673974283 6 4098 115.38426 919.5667 0.23333335 4.0 4.0 4.0 4.0 0.0 0.18 1 TOUCH_UP s
1400673974869 6 4098 692.0 1087.4509 0.13333334 2.0 2.0 2.0 2.0 0.0 0.18400002 0 TOUCH_DOWN Back
1400673974887 6 4098 692.0 1087.4509 0.16666667 3.0 3.0 3.0 3.0 0.0 0.192 2 TOUCH_MOVE Back
1400673974920 6 4098 691.48895 1087.4509 0.20000002 3.0 3.0 3.0 3.0 0.0 0.2 2 TOUCH_MOVE Back
1400673974937 6 4098 690.75 1087.4509 0.20000002 3.0 3.0 3.0 3.0 0.0 0.2 2 TOUCH_MOVE Back
1400673974953 6 4098 690.5 1086.4315 0.13333334 2.0 2.0 2.0 2.0 0.0 0.17600001 2 TOUCH_MOVE Back
1400673974965 6 4098 690.5 1086.4509 0.13333334 2.0 2.0 2.0 2.0 0.0 0.128 2 TOUCH_MOVE Back
1400673974968 6 4098 690.5 1086.4509 0.13333334 2.0 2.0 2.0 2.0 0.0 0.128 1 TOUCH_UP Back
1400673975064 6 4098 687.5 1082.9509 0.13333334 2.0 2.0 2.0 2.0 0.0 0.18 0 TOUCH_DOWN Back
1400673975092 6 4098 687.5 1082.9509 0.16666667 3.0 3.0 3.0 3.0 0.0 0.18400002 2 TOUCH_MOVE Back
1400673975120 6 4098 686.9574 1081.9083 0.16666667 3.0 3.0 3.0 3.0 0.0 0.18 2 TOUCH_MOVE Back
1400673975135 6 4098 687.0 1081.9509 0.13333334 2.0 2.0 2.0 2.0 0.0 0.124000005 2 TOUCH_MOVE Back
1400673975139 6 4098 687.0 1081.9509 0.13333334 2.0 2.0 2.0 2.0 0.0 0.124000005 1 TOUCH_UP Back
1400673975219 6 4098 683.0 1078.4509 0.20000002 4.0 4.0 4.0 4.0 0.0 0.18400002 0 TOUCH_DOWN Back
1400673975237 6 4098 683.0 1078.4509 0.20000002 4.0 4.0 4.0 4.0 0.0 0.18800001 2 TOUCH_MOVE Back
1400673975295 6 4098 683.0 1078.4509 0.20000002 4.0 4.0 4.0 4.0 0.0 0.18800001 1 TOUCH_UP Back
1400673975414 6 4098 680.0 1075.9509 0.20000002 4.0 4.0 4.0 4.0 0.0 0.17600001 0 TOUCH_DOWN Back
1400673975420 6 4098 680.0 1075.9509 0.23333335 4.0 4.0 4.0 4.0 0.0 0.18 2 TOUCH_MOVE Back
1400673975476 6 4098 680.0 1075.9509 0.23333335 4.0 4.0 4.0 4.0 0.0 0.18 1 TOUCH_UP Back
1400673976023 6 4098 370.5 1184.9509 0.16666667 3.0 3.0 3.0 3.0 0.0 0.18 0 TOUCH_DOWN Space
1400673976059 6 4098 369.04697 1183.0449 0.23333335 4.0 4.0 4.0 4.0 0.0 0.19600001 2 TOUCH_MOVE Space
1400673976101 6 4098 367.5 1180.9509 0.23333335 4.0 4.0 4.0 4.0 0.0 0.15200001 2 TOUCH_MOVE Space
1400673976107 6 4098 367.5 1180.9509 0.23333335 4.0 4.0 4.0 4.0 0.0 0.15200001 1 TOUCH_UP Space
1400673976391 6 4098 592.5 850.951 0.20000002 3.0 3.0 3.0 3.0 0.0 0.2 0 TOUCH_DOWN o
1400673976439 6 4098 593.3572 850.0938 0.20000002 3.0 3.0 3.0 3.0 0.0 0.20400001 2 TOUCH_MOVE o
1400673976456 6 4098 593.5 849.201 0.20000002 3.0 3.0 3.0 3.0 0.0 0.19600001 2 TOUCH_MOVE o
1400673976470 6 4098 593.5 849.201 0.20000002 3.0 3.0 3.0 3.0 0.0 0.19600001 1 TOUCH_UP o
1400673976675 6 4098 529.0 1098.9509 0.20000002 4.0 4.0 4.0 4.0 0.0 0.18 0 TOUCH_DOWN n
1400673976693 6 4098 529.0 1100.6619 0.23333335 5.0 5.0 5.0 5.0 0.0 0.18800001 2 TOUCH_MOVE n
1400673976705 6 4098 528.0986 1103.6553 0.23333335 5.0 5.0 5.0 5.0 0.0 0.192 2 TOUCH_MOVE n
1400673976721 6 4098 527.0997 1106.2516 0.23333335 5.0 5.0 5.0 5.0 0.0 0.19600001 2 TOUCH_MOVE n
1400673976739 6 4098 526.1068 1107.8441 0.23333335 5.0 5.0 5.0 5.0 0.0 0.19600001 2 TOUCH_MOVE n
1400673976757 6 4098 525.1004 1109.2501 0.23333335 5.0 5.0 5.0 5.0 0.0 0.192 2 TOUCH_MOVE n
1400673976772 6 4098 524.5 1110.3337 0.23333335 5.0 5.0 5.0 5.0 0.0 0.18 2 TOUCH_MOVE n
1400673976777 6 4098 524.5 1110.4509 0.23333335 5.0 5.0 5.0 5.0 0.0 0.14400001 2 TOUCH_MOVE n
1400673976781 6 4098 524.5 1110.4509 0.23333335 5.0 5.0 5.0 5.0 0.0 0.14400001 1 TOUCH_UP n
1400673977301 6 4098 167.5 813.951 0.26666668 4.0 4.0 4.0 4.0 0.0 0.19600001 0 TOUCH_DOWN e
1400673977372 6 4098 167.15776 813.951 0.3 5.0 5.0 5.0 5.0 0.0 0.208 2 TOUCH_MOVE e
1400673977390 6 4098 166.33089 814.6201 0.3 5.0 5.0 5.0 5.0 0.0 0.2 2 TOUCH_MOVE e
1400673977394 6 4098 166.0 814.951 0.3 5.0 5.0 5.0 5.0 0.0 0.18400002 2 TOUCH_MOVE e
1400673977397 6 4098 166.0 814.951 0.3 5.0 5.0 5.0 5.0 0.0 0.18400002 1 TOUCH_UP e
1400673977651 6 4098 133.0 937.951 0.23333335 5.0 5.0 5.0 5.0 0.0 0.17600001 0 TOUCH_DOWN s
1400673977729 6 4098 133.0 937.951 0.23333335 5.0 5.0 5.0 5.0 0.0 0.148 2 TOUCH_MOVE s
1400673977733 6 4098 133.0 937.951 0.23333335 5.0 5.0 5.0 5.0 0.0 0.148 1 TOUCH_UP s
1400673978864 6 4098 349.0 1215.9509 0.20000002 3.0 3.0 3.0 3.0 0.0 0.17600001 0 TOUCH_DOWN Space
1400673978946 6 4098 349.0 1215.9509 0.20000002 3.0 3.0 3.0 3.0 0.0 0.17600001 1 TOUCH_UP Space
1400673979691 6 4098 101.5 821.951 0.3 5.0 5.0 5.0 5.0 0.0 0.2 0 TOUCH_DOWN w
1400673979775 6 4098 100.84876 821.951 0.3 5.0 5.0 5.0 5.0 0.0 0.2 2 TOUCH_MOVE w
1400673979791 6 4098 99.8635 821.951 0.3 5.0 5.0 5.0 5.0 0.0 0.18 2 TOUCH_MOVE w
1400673979802 6 4098 99.8635 821.951 0.3 5.0 5.0 5.0 5.0 0.0 0.18 1 TOUCH_UP w
1400673979888 6 4098 436.5 968.451 0.20000002 4.0 4.0 4.0 4.0 0.0 0.18800001 0 TOUCH_DOWN h
1400673979961 6 4098 436.5 968.451 0.20000002 4.0 4.0 4.0 4.0 0.0 0.18800001 1 TOUCH_UP h
1400673980162 6 4098 602.5 828.451 0.3 5.0 5.0 5.0 5.0 0.0 0.19600001 0 TOUCH_DOWN o
1400673980175 6 4098 602.5 828.451 0.3 5.0 5.0 5.0 5.0 0.0 0.20400001 2 TOUCH_MOVE o
1400673980191 6 4098 603.036 827.915 0.3 5.0 5.0 5.0 5.0 0.0 0.208 2 TOUCH_MOVE o
1400673980208 6 4098 604.112 826.839 0.3 5.0 5.0 5.0 5.0 0.0 0.20400001 2 TOUCH_MOVE o
1400673980225 6 4098 604.75 826.201 0.33333334 5.0 5.0 5.0 5.0 0.0 0.2 2 TOUCH_MOVE o
1400673980236 6 4098 604.75 826.201 0.33333334 5.0 5.0 5.0 5.0 0.0 0.2 1 TOUCH_UP o
1400673980594 6 4098 363.5 1200.4509 0.13333334 2.0 2.0 2.0 2.0 0.0 0.172 0 TOUCH_DOWN Space
1400673980659 6 4098 363.5 1200.4509 0.13333334 2.0 2.0 2.0 2.0 0.0 0.172 1 TOUCH_UP Space
1400673980913 6 4098 570.0 1081.9509 0.20000002 4.0 4.0 4.0 4.0 0.0 0.192 0 TOUCH_DOWN m
1400673980932 6 4098 570.0 1081.9509 0.20000002 4.0 4.0 4.0 4.0 0.0 0.18800001 2 TOUCH_MOVE m
1400673980959 6 4098 568.45355 1081.9509 0.20000002 4.0 4.0 4.0 4.0 0.0 0.18800001 2 TOUCH_MOVE m
1400673980975 6 4098 567.452 1081.9509 0.20000002 4.0 4.0 4.0 4.0 0.0 0.17600001 2 TOUCH_MOVE m
1400673980980 6 4098 567.452 1081.9509 0.20000002 4.0 4.0 4.0 4.0 0.0 0.17600001 1 TOUCH_UP m
1400673981296 6 4098 66.5 955.451 0.16666667 3.0 3.0 3.0 3.0 0.0 0.128 0 TOUCH_DOWN a
1400673981311 6 4098 66.5 955.451 0.20000002 3.0 3.0 3.0 3.0 0.0 0.128 2 TOUCH_MOVE a
1400673981353 6 4098 66.5 955.451 0.20000002 3.0 3.0 3.0 3.0 0.0 0.128 1 TOUCH_UP a
1400673981488 6 4098 589.0 945.451 0.20000002 4.0 4.0 4.0 4.0 0.0 0.18800001 0 TOUCH_DOWN k
1400673981493 6 4098 589.0 945.451 0.20000002 4.0 4.0 4.0 4.0 0.0 0.192 2 TOUCH_MOVE k
1400673981526 6 4098 588.34247 945.451 0.23333335 5.0 5.0 5.0 5.0 0.0 0.19600001 2 TOUCH_MOVE k
1400673981559 6 4098 587.25 945.451 0.23333335 5.0 5.0 5.0 5.0 0.0 0.18800001 2 TOUCH_MOVE k
1400673981573 6 4098 587.25 945.451 0.23333335 5.0 5.0 5.0 5.0 0.0 0.18800001 1 TOUCH_UP k
1400673982103 6 4098 174.0 836.451 0.3 5.0 5.0 5.0 5.0 0.0 0.192 0 TOUCH_DOWN e
1400673982137 6 4098 173.05888 835.5099 0.3 5.0 5.0 5.0 5.0 0.0 0.20400001 2 TOUCH_MOVE e
1400673982164 6 4098 171.75 834.201 0.3 5.0 5.0 5.0 5.0 0.0 0.20400001 2 TOUCH_MOVE e
1400673982195 6 4098 171.05095 835.8491 0.26666668 4.0 4.0 4.0 4.0 0.0 0.18400002 2 TOUCH_MOVE e
1400673982197 6 4098 171.0 835.951 0.26666668 4.0 4.0 4.0 4.0 0.0 0.17600001 2 TOUCH_MOVE e
1400673982200 6 4098 171.0 835.951 0.26666668 4.0 4.0 4.0 4.0 0.0 0.17600001 1 TOUCH_UP e
1400673983608 6 4098 378.5 1195.4509 0.20000002 4.0 4.0 4.0 4.0 0.0 0.17600001 0 TOUCH_DOWN Space
1400673983628 6 4098 378.5 1195.4509 0.20000002 4.0 4.0 4.0 4.0 0.0 0.18 2 TOUCH_MOVE Space
1400673983740 6 4098 378.5 1195.4509 0.20000002 4.0 4.0 4.0 4.0 0.0 0.18 1 TOUCH_UP Space
1400673983895 6 4098 58.0 926.951 0.20000002 3.0 3.0 3.0 3.0 0.0 0.124000005 0 TOUCH_DOWN a
1400673984020 6 4098 58.0 926.951 0.20000002 3.0 3.0 3.0 3.0 0.0 0.124000005 1 TOUCH_UP a
1400673984391 6 4098 432.0 1094.9509 0.26666668 4.0 4.0 4.0 4.0 0.0 0.18800001 0 TOUCH_DOWN b
1400673984416 6 4098 432.0 1095.7186 0.26666668 4.0 4.0 4.0 4.0 0.0 0.192 2 TOUCH_MOVE b
1400673984430 6 4098 432.0 1096.7148 0.26666668 4.0 4.0 4.0 4.0 0.0 0.19600001 2 TOUCH_MOVE b
1400673984445 6 4098 432.76407 1096.9509 0.26666668 4.0 4.0 4.0 4.0 0.0 0.19600001 2 TOUCH_MOVE b
1400673984462 6 4098 433.5 1096.4509 0.23333335 4.0 4.0 4.0 4.0 0.0 0.18400002 2 TOUCH_MOVE b
1400673984470 6 4098 433.5 1096.4509 0.20000002 4.0 4.0 4.0 4.0 0.0 0.15200001 2 TOUCH_MOVE b
1400673984474 6 4098 433.5 1096.4509 0.20000002 4.0 4.0 4.0 4.0 0.0 0.15200001 1 TOUCH_UP b
1400673985751 6 4098 683.5 1082.4509 0.16666667 3.0 3.0 3.0 3.0 0.0 0.18800001 0 TOUCH_DOWN Back
1400673985763 6 4098 683.5 1082.4509 0.20000002 4.0 4.0 4.0 4.0 0.0 0.192 2 TOUCH_MOVE Back
1400673985782 6 4098 682.69275 1082.4509 0.20000002 4.0 4.0 4.0 4.0 0.0 0.192 2 TOUCH_MOVE Back
1400673985797 6 4098 680.6916 1082.4509 0.20000002 4.0 4.0 4.0 4.0 0.0 0.192 2 TOUCH_MOVE Back
1400673985813 6 4098 678.0292 1081.9509 0.20000002 4.0 4.0 4.0 4.0 0.0 0.18400002 2 TOUCH_MOVE Back
1400673985823 6 4098 677.0 1081.9509 0.20000002 4.0 4.0 4.0 4.0 0.0 0.16000001 2 TOUCH_MOVE Back
1400673985826 6 4098 677.0 1081.9509 0.20000002 4.0 4.0 4.0 4.0 0.0 0.16000001 1 TOUCH_UP Back
1400673986239 6 4098 311.0 1218.9509 0.20000002 3.0 3.0 3.0 3.0 0.0 0.17600001 0 TOUCH_DOWN Space
1400673986253 6 4098 311.0 1218.9509 0.20000002 3.0 3.0 3.0 3.0 0.0 0.18400002 2 TOUCH_MOVE Space
1400673986310 6 4098 311.0 1218.9509 0.20000002 3.0 3.0 3.0 3.0 0.0 0.18400002 1 TOUCH_UP Space
1400673986548 6 4098 438.0 1120.9509 0.26666668 4.0 4.0 4.0 4.0 0.0 0.18800001 0 TOUCH_DOWN b
1400673986602 6 4098 438.0 1120.9509 0.26666668 4.0 4.0 4.0 4.0 0.0 0.18800001 1 TOUCH_UP b
1400673986943 6 4098 256.5 802.951 0.20000002 4.0 4.0 4.0 4.0 0.0 0.18800001 0 TOUCH_DOWN r
1400673986949 6 4098 256.5 802.951 0.20000002 4.0 4.0 4.0 4.0 0.0 0.19600001 2 TOUCH_MOVE r
1400673987031 6 4098 255.44453 802.951 0.20000002 3.0 3.0 3.0 3.0 0.0 0.20400001 2 TOUCH_MOVE r
1400673987050 6 4098 254.5 802.951 0.13333334 2.0 2.0 2.0 2.0 0.0 0.148 2 TOUCH_MOVE r
1400673987053 6 4098 254.5 802.951 0.13333334 2.0 2.0 2.0 2.0 0.0 0.148 1 TOUCH_UP r
1400673987184 6 4098 547.0 843.951 0.26666668 4.0 4.0 4.0 4.0 0.0 0.19600001 0 TOUCH_DOWN i
1400673987238 6 4098 547.0 842.4169 0.26666668 4.0 4.0 4.0 4.0 0.0 0.20400001 2 TOUCH_MOVE i
1400673987248 6 4098 547.0 841.417 0.26666668 4.0 4.0 4.0 4.0 0.0 0.2 2 TOUCH_MOVE i
1400673987278 6 4098 547.0 841.417 0.26666668 4.0 4.0 4.0 4.0 0.0 0.2 1 TOUCH_UP i
1400673987814 6 4098 335.0 925.951 0.23333335 4.0 4.0 4.0 4.0 0.0 0.18400002 0 TOUCH_DOWN g
1400673987821 6 4098 335.0 925.951 0.26666668 4.0 4.0 4.0 4.0 0.0 0.192 2 TOUCH_MOVE g
1400673987849 6 4098 335.0 926.9348 0.26666668 4.0 4.0 4.0 4.0 0.0 0.20400001 2 TOUCH_MOVE g
1400673987865 6 4098 334.51614 927.9348 0.3 5.0 5.0 5.0 5.0 0.0 0.20400001 2 TOUCH_MOVE g
1400673987885 6 4098 333.52148 928.451 0.3 5.0 5.0 5.0 5.0 0.0 0.2 2 TOUCH_MOVE g
1400673987899 6 4098 331.1901 928.951 0.3 5.0 5.0 5.0 5.0 0.0 0.192 2 TOUCH_MOVE g
1400673987910 6 4098 331.0 928.951 0.26666668 5.0 5.0 5.0 5.0 0.0 0.15200001 2 TOUCH_MOVE g
1400673987916 6 4098 331.0 928.951 0.26666668 5.0 5.0 5.0 5.0 0.0 0.15200001 1 TOUCH_UP g
1400673987979 6 4098 437.0 966.951 0.20000002 4.0 4.0 4.0 4.0 0.0 0.18800001 0 TOUCH_DOWN h
1400673987999 6 4098 437.0 966.951 0.23333335 5.0 5.0 5.0 5.0 0.0 0.192 2 TOUCH_MOVE h
1400673988076 6 4098 437.0 966.951 0.23333335 5.0 5.0 5.0 5.0 0.0 0.192 1 TOUCH_UP h
1400673988364 6 4098 325.5 816.451 0.3 5.0 5.0 5.0 5.0 0.0 0.19600001 0 TOUCH_DOWN t
1400673988442 6 4098 325.5 816.451 0.3 5.0 5.0 5.0 5.0 0.0 0.19600001 1 TOUCH_UP t
1400673988950 6 4098 180.5 818.451 0.23333335 4.0 4.0 4.0 4.0 0.0 0.19600001 0 TOUCH_DOWN e
1400673989046 6 4098 180.5 818.451 0.23333335 4.0 4.0 4.0 4.0 0.0 0.19600001 1 TOUCH_UP e
1400673989219 6 4098 239.0 818.451 0.23333335 4.0 4.0 4.0 4.0 0.0 0.192 0 TOUCH_DOWN r
1400673989236 6 4098 238.57898 818.451 0.23333335 4.0 4.0 4.0 4.0 0.0 0.2 2 TOUCH_MOVE r
1400673989250 6 4098 237.63338 818.451 0.23333335 4.0 4.0 4.0 4.0 0.0 0.2 2 TOUCH_MOVE r
1400673989277 6 4098 236.26208 818.451 0.26666668 4.0 4.0 4.0 4.0 0.0 0.19600001 2 TOUCH_MOVE r
1400673989289 6 4098 234.88289 818.14246 0.23333335 4.0 4.0 4.0 4.0 0.0 0.18800001 2 TOUCH_MOVE r
1400673989297 6 4098 234.0 817.951 0.20000002 3.0 3.0 3.0 3.0 0.0 0.112 2 TOUCH_MOVE r
1400673989316 6 4098 234.0 817.951 0.20000002 3.0 3.0 3.0 3.0 0.0 0.112 1 TOUCH_UP r
1400673989648 6 4098 332.0 1234.9509 0.26666668 5.0 5.0 5.0 5.0 0.0 0.18 0 TOUCH_DOWN Space
1400673989672 6 4098 331.60617 1234.1632 0.26666668 5.0 5.0 5.0 5.0 0.0 0.18400002 2 TOUCH_MOVE Space
1400673989684 6 4098 330.67456 1231.8 0.26666668 5.0 5.0 5.0 5.0 0.0 0.192 2 TOUCH_MOVE Space
1400673989700 6 4098 329.68118 1230.6321 0.26666668 5.0 5.0 5.0 5.0 0.0 0.192 2 TOUCH_MOVE Space
1400673989717 6 4098 329.5 1229.7009 0.26666668 5.0 5.0 5.0 5.0 0.0 0.18800001 2 TOUCH_MOVE Space
1400673989739 6 4098 329.5 1229.7009 0.26666668 5.0 5.0 5.0 5.0 0.0 0.18800001 1 TOUCH_UP Space
1400673990022 6 4098 221.5 949.451 0.3 5.0 5.0 5.0 5.0 0.0 0.18800001 0 TOUCH_DOWN d
1400673990034 6 4098 221.5 949.451 0.3 5.0 5.0 5.0 5.0 0.0 0.192 2 TOUCH_MOVE d
1400673990067 6 4098 220.70447 949.451 0.33333334 5.0 5.0 5.0 5.0 0.0 0.19600001 2 TOUCH_MOVE d
1400673990086 6 4098 219.70512 949.451 0.3 5.0 5.0 5.0 5.0 0.0 0.192 2 TOUCH_MOVE d
1400673990090 6 4098 219.5 949.451 0.3 5.0 5.0 5.0 5.0 0.0 0.17600001 2 TOUCH_MOVE d
1400673990094 6 4098 219.5 949.451 0.3 5.0 5.0 5.0 5.0 0.0 0.17600001 1 TOUCH_UP d
1400673990368 6 4098 53.5 940.451 0.26666668 5.0 5.0 5.0 5.0 0.0 0.18 0 TOUCH_DOWN a
1400673990438 6 4098 52.731697 941.2193 0.26666668 5.0 5.0 5.0 5.0 0.0 0.19600001 2 TOUCH_MOVE a
1400673990452 6 4098 52.5 942.2224 0.26666668 5.0 5.0 5.0 5.0 0.0 0.19600001 2 TOUCH_MOVE a
1400673990470 6 4098 51.73228 943.2187 0.26666668 5.0 5.0 5.0 5.0 0.0 0.19600001 2 TOUCH_MOVE a
1400673990494 6 4098 51.0 944.9131 0.23333335 4.0 4.0 4.0 4.0 0.0 0.192 2 TOUCH_MOVE a
1400673990500 6 4098 51.0 945.451 0.20000002 3.0 3.0 3.0 3.0 0.0 0.15200001 2 TOUCH_MOVE a
1400673990504 6 4098 51.0 945.451 0.20000002 3.0 3.0 3.0 3.0 0.0 0.15200001 1 TOUCH_UP a
1400673990620 6 4098 394.5 825.451 0.3 5.0 5.0 5.0 5.0 0.0 0.192 0 TOUCH_DOWN y
1400673990642 6 4098 394.5 825.451 0.3 5.0 5.0 5.0 5.0 0.0 0.19600001 2 TOUCH_MOVE y
1400673990651 6 4098 394.0 824.7025 0.26666668 4.0 4.0 4.0 4.0 0.0 0.20400001 2 TOUCH_MOVE y
1400673990668 6 4098 393.5 823.7128 0.3 5.0 5.0 5.0 5.0 0.0 0.2 2 TOUCH_MOVE y
1400673990685 6 4098 393.5 822.701 0.26666668 4.0 4.0 4.0 4.0 0.0 0.18800001 2 TOUCH_MOVE y
1400673990699 6 4098 393.5 822.701 0.26666668 4.0 4.0 4.0 4.0 0.0 0.18800001 1 TOUCH_UP y
1400673991688 6 4098 674.5 1195.9509 0.23333335 5.0 5.0 5.0 5.0 0.0 0.18400002 0 TOUCH_DOWN Enter
1400673991708 6 4098 674.5 1195.9509 0.23333335 5.0 5.0 5.0 5.0 0.0 0.18800001 2 TOUCH_MOVE Enter
1400673991754 6 4098 674.5 1196.6106 0.20000002 4.0 4.0 4.0 4.0 0.0 0.18800001 2 TOUCH_MOVE Enter
1400673991769 6 4098 674.5 1197.2009 0.20000002 4.0 4.0 4.0 4.0 0.0 0.18800001 2 TOUCH_MOVE Enter
1400673991786 6 4098 674.5 1197.9509 0.20000002 4.0 4.0 4.0 4.0 0.0 0.17600001 2 TOUCH_MOVE Enter
1400673991792 6 4098 674.5 1197.9509 0.20000002 4.0 4.0 4.0 4.0 0.0 0.17600001 1 TOUCH_UP Enter
1400673993189 6 4098 139.0 940.451 0.26666668 5.0 5.0 5.0 5.0 0.0 0.20400001 0 TOUCH_DOWN S
1400673993206 6 4098 139.0 940.451 0.3 5.0 5.0 5.0 5.0 0.0 0.21200001 2 TOUCH_MOVE S
1400673993287 6 4098 137.9683 939.9193 0.26666668 5.0 5.0 5.0 5.0 0.0 0.20400001 2 TOUCH_MOVE S
1400673993304 6 4098 137.5 939.951 0.23333335 5.0 5.0 5.0 5.0 0.0 0.164 2 TOUCH_MOVE S
1400673993317 6 4098 137.5 939.951 0.23333335 5.0 5.0 5.0 5.0 0.0 0.164 1 TOUCH_UP S
1400673993479 6 4098 629.0 822.451 0.23333335 4.0 4.0 4.0 4.0 0.0 0.19600001 0 TOUCH_DOWN o
1400673993489 6 4098 629.0 822.451 0.26666668 4.0 4.0 4.0 4.0 0.0 0.2 2 TOUCH_MOVE o
1400673993521 6 4098 628.35583 822.451 0.26666668 4.0 4.0 4.0 4.0 0.0 0.208 2 TOUCH_MOVE o
1400673993538 6 4098 627.75995 822.451 0.26666668 4.0 4.0 4.0 4.0 0.0 0.20400001 2 TOUCH_MOVE o
1400673993556 6 4098 627.75995 822.451 0.26666668 4.0 4.0 4.0 4.0 0.0 0.20400001 1 TOUCH_UP o
1400673993939 6 4098 321.0 1204.9509 0.23333335 4.0 4.0 4.0 4.0 0.0 0.18 0 TOUCH_DOWN Space
1400673993949 6 4098 321.0 1205.3732 0.23333335 4.0 4.0 4.0 4.0 0.0 0.18400002 2 TOUCH_MOVE Space
1400673993989 6 4098 322.96417 1205.9509 0.23333335 4.0 4.0 4.0 4.0 0.0 0.18400002 2 TOUCH_MOVE Space
1400673993991 6 4098 323.0 1205.9509 0.26666668 5.0 5.0 5.0 5.0 0.0 0.17600001 2 TOUCH_MOVE Space
1400673993995 6 4098 323.0 1205.9509 0.26666668 5.0 5.0 5.0 5.0 0.0 0.17600001 1 TOUCH_UP Space
1400673994326 6 4098 639.0 967.451 0.13333334 2.0 2.0 2.0 2.0 0.0 0.18400002 0 TOUCH_DOWN l
1400673994338 6 4098 639.0 967.451 0.13333334 2.0 2.0 2.0 2.0 0.0 0.18800001 2 TOUCH_MOVE l
1400673994371 6 4098 640.912 966.039 0.20000002 3.0 3.0 3.0 3.0 0.0 0.2 2 TOUCH_MOVE l
1400673994388 6 4098 641.93146 964.0881 0.20000002 3.0 3.0 3.0 3.0 0.0 0.19600001 2 TOUCH_MOVE l
1400673994405 6 4098 642.0 962.451 0.16666667 3.0 3.0 3.0 3.0 0.0 0.18800001 2 TOUCH_MOVE l
1400673994421 6 4098 642.0 962.451 0.16666667 3.0 3.0 3.0 3.0 0.0 0.18800001 1 TOUCH_UP l
1400673994631 6 4098 147.5 815.451 0.26666668 4.0 4.0 4.0 4.0 0.0 0.20400001 0 TOUCH_DOWN e
1400673994657 6 4098 147.5 815.451 0.26666668 4.0 4.0 4.0 4.0 0.0 0.208 2 TOUCH_MOVE e
1400673994688 6 4098 147.5 816.02826 0.26666668 4.0 4.0 4.0 4.0 0.0 0.216 2 TOUCH_MOVE e
1400673994705 6 4098 147.5 816.6575 0.26666668 4.0 4.0 4.0 4.0 0.0 0.216 2 TOUCH_MOVE e
1400673994742 6 4098 147.5 816.6575 0.26666668 4.0 4.0 4.0 4.0 0.0 0.216 1 TOUCH_UP e
1400673995706 6 4098 321.5 809.951 0.3 5.0 5.0 5.0 5.0 0.0 0.192 0 TOUCH_DOWN t
1400673995723 6 4098 321.5 810.36066 0.3 5.0 5.0 5.0 5.0 0.0 0.2 2 TOUCH_MOVE t
1400673995739 6 4098 321.5 811.04065 0.3 5.0 5.0 5.0 5.0 0.0 0.21200001 2 TOUCH_MOVE t
1400673995773 6 4098 321.5 811.6343 0.26666668 4.0 4.0 4.0 4.0 0.0 0.216 2 TOUCH_MOVE t
1400673995792 6 4098 321.5 812.2481 0.26666668 4.0 4.0 4.0 4.0 0.0 0.21200001 2 TOUCH_MOVE t
1400673995807 6 4098 320.3803 812.7608 0.26666668 4.0 4.0 4.0 4.0 0.0 0.208 2 TOUCH_MOVE t
1400673995834 6 4098 319.0 812.951 0.20000002 3.0 3.0 3.0 3.0 0.0 0.120000005 2 TOUCH_MOVE t
1400673995840 6 4098 319.0 812.951 0.20000002 3.0 3.0 3.0 3.0 0.0 0.120000005 1 TOUCH_UP t
1400673995972 6 4098 580.0 1214.9509 0.16666667 3.0 3.0 3.0 3.0 0.0 0.18 0 TOUCH_DOWN '
1400673996002 6 4098 579.7376 1214.6885 0.20000002 3.0 3.0 3.0 3.0 0.0 0.18400002 2 TOUCH_MOVE '
1400673996009 6 4098 578.9295 1214.1656 0.20000002 3.0 3.0 3.0 3.0 0.0 0.192 2 TOUCH_MOVE '
1400673996023 6 4098 576.6326 1212.3727 0.20000002 3.0 3.0 3.0 3.0 0.0 0.192 2 TOUCH_MOVE '
1400673996041 6 4098 574.43506 1210.886 0.23333335 4.0 4.0 4.0 4.0 0.0 0.192 2 TOUCH_MOVE '
1400673996056 6 4098 572.91693 1209.3678 0.20000002 3.0 3.0 3.0 3.0 0.0 0.18800001 2 TOUCH_MOVE '
1400673996073 6 4098 572.0 1208.4509 0.16666667 3.0 3.0 3.0 3.0 0.0 0.112 2 TOUCH_MOVE '
1400673996088 6 4098 572.0 1208.4509 0.16666667 3.0 3.0 3.0 3.0 0.0 0.112 1 TOUCH_UP '
1400673996329 6 4098 124.5 945.951 0.23333335 4.0 4.0 4.0 4.0 0.0 0.18400002 0 TOUCH_DOWN s
1400673996424 6 4098 124.29295 946.158 0.26666668 5.0 5.0 5.0 5.0 0.0 0.19600001 2 TOUCH_MOVE s
1400673996450 6 4098 123.5 946.951 0.23333335 4.0 4.0 4.0 4.0 0.0 0.18800001 2 TOUCH_MOVE s
1400673996456 6 4098 123.5 946.951 0.20000002 4.0 4.0 4.0 4.0 0.0 0.156 2 TOUCH_MOVE s
1400673996463 6 4098 123.5 946.951 0.20000002 4.0 4.0 4.0 4.0 0.0 0.156 1 TOUCH_UP s
1400673996718 6 4098 348.0 1233.9509 0.20000002 3.0 3.0 3.0 3.0 0.0 0.17600001 0 TOUCH_DOWN Space
1400673996735 6 4098 347.88257 1233.8335 0.20000002 3.0 3.0 3.0 3.0 0.0 0.18 2 TOUCH_MOVE Space
1400673996765 6 4098 345.8058 1231.7567 0.23333335 4.0 4.0 4.0 4.0 0.0 0.192 2 TOUCH_MOVE Space
1400673996774 6 4098 344.27438 1230.2253 0.23333335 4.0 4.0 4.0 4.0 0.0 0.19600001 2 TOUCH_MOVE Space
1400673996790 6 4098 344.0 1229.2262 0.23333335 4.0 4.0 4.0 4.0 0.0 0.192 2 TOUCH_MOVE Space
1400673996826 6 4098 344.0 1229.2262 0.23333335 4.0 4.0 4.0 4.0 0.0 0.192 1 TOUCH_UP Space
1400673997973 6 4098 120.5 960.951 0.16666667 3.0 3.0 3.0 3.0 0.0 0.18 0 TOUCH_DOWN s
1400673997980 6 4098 120.5 960.951 0.20000002 3.0 3.0 3.0 3.0 0.0 0.18800001 2 TOUCH_MOVE s
1400673998030 6 4098 120.5 960.3677 0.23333335 4.0 4.0 4.0 4.0 0.0 0.20400001 2 TOUCH_MOVE s
1400673998049 6 4098 120.5 959.701 0.23333335 4.0 4.0 4.0 4.0 0.0 0.2 2 TOUCH_MOVE s
1400673998067 6 4098 120.5 959.701 0.23333335 4.0 4.0 4.0 4.0 0.0 0.2 1 TOUCH_UP s
1400673998427 6 4098 345.5 852.951 0.16666667 3.0 3.0 3.0 3.0 0.0 0.136 0 TOUCH_DOWN t
1400673998445 6 4098 345.5 852.951 0.16666667 3.0 3.0 3.0 3.0 0.0 0.120000005 2 TOUCH_MOVE t
1400673998450 6 4098 345.5 852.951 0.16666667 3.0 3.0 3.0 3.0 0.0 0.120000005 1 TOUCH_UP t
1400673998670 6 4098 327.0 848.451 0.26666668 5.0 5.0 5.0 5.0 0.0 0.18800001 0 TOUCH_DOWN t
1400673998726 6 4098 327.0 848.451 0.20000002 4.0 4.0 4.0 4.0 0.0 0.18400002 2 TOUCH_MOVE t
1400673998737 6 4098 326.5 848.451 0.20000002 4.0 4.0 4.0 4.0 0.0 0.17600001 2 TOUCH_MOVE t
1400673998740 6 4098 326.5 848.451 0.20000002 4.0 4.0 4.0 4.0 0.0 0.17600001 1 TOUCH_UP t
1400673999486 6 4098 679.5 1080.4509 0.20000002 4.0 4.0 4.0 4.0 0.0 0.18800001 0 TOUCH_DOWN Back
1400673999512 6 4098 679.5 1080.4509 0.20000002 4.0 4.0 4.0 4.0 0.0 0.192 2 TOUCH_MOVE Back
1400673999543 6 4098 679.5 1079.8312 0.20000002 4.0 4.0 4.0 4.0 0.0 0.192 2 TOUCH_MOVE Back
1400673999560 6 4098 679.5 1079.2911 0.20000002 4.0 4.0 4.0 4.0 0.0 0.18 2 TOUCH_MOVE Back
1400673999565 6 4098 679.5 1079.2911 0.20000002 4.0 4.0 4.0 4.0 0.0 0.18 1 TOUCH_UP Back
1400673999702 6 4098 50.0 957.451 0.20000002 3.0 3.0 3.0 3.0 0.0 0.17600001 0 TOUCH_DOWN a
1400673999730 6 4098 50.0 957.451 0.20000002 3.0 3.0 3.0 3.0 0.0 0.18 2 TOUCH_MOVE a
1400673999805 6 4098 50.0 957.451 0.20000002 3.0 3.0 3.0 3.0 0.0 0.18 1 TOUCH_UP a
1400674000738 6 4098 249.0 819.451 0.20000002 4.0 4.0 4.0 4.0 0.0 0.2 0 TOUCH_DOWN r
1400674000761 6 4098 249.42873 819.451 0.23333335 4.0 4.0 4.0 4.0 0.0 0.208 2 TOUCH_MOVE r
1400674000778 6 4098 250.37578 819.451 0.26666668 4.0 4.0 4.0 4.0 0.0 0.216 2 TOUCH_MOVE r
1400674000795 6 4098 251.25 819.451 0.26666668 4.0 4.0 4.0 4.0 0.0 0.22000001 2 TOUCH_MOVE r
1400674000845 6 4098 248.89641 818.951 0.23333335 4.0 4.0 4.0 4.0 0.0 0.208 2 TOUCH_MOVE r
1400674000858 6 4098 247.0 818.951 0.20000002 4.0 4.0 4.0 4.0 0.0 0.18 2 TOUCH_MOVE r
1400674000862 6 4098 247.0 818.951 0.20000002 4.0 4.0 4.0 4.0 0.0 0.18 1 TOUCH_UP r
1400674001468 6 4098 302.5 813.451 0.20000002 4.0 4.0 4.0 4.0 0.0 0.19600001 0 TOUCH_DOWN t
1400674001478 6 4098 302.5 813.451 0.20000002 4.0 4.0 4.0 4.0 0.0 0.2 2 TOUCH_MOVE t
1400674001495 6 4098 302.5 814.25165 0.20000002 4.0 4.0 4.0 4.0 0.0 0.20400001 2 TOUCH_MOVE t
1400674001512 6 4098 302.22552 815.22546 0.23333335 4.0 4.0 4.0 4.0 0.0 0.208 2 TOUCH_MOVE t
1400674001531 6 4098 301.19586 816.2551 0.23333335 4.0 4.0 4.0 4.0 0.0 0.208 2 TOUCH_MOVE t
1400674001548 6 4098 299.38828 817.25684 0.23333335 4.0 4.0 4.0 4.0 0.0 0.208 2 TOUCH_MOVE t
1400674001568 6 4098 296.90878 818.2466 0.23333335 4.0 4.0 4.0 4.0 0.0 0.2 2 TOUCH_MOVE t
1400674001576 6 4098 295.0 818.951 0.23333335 4.0 4.0 4.0 4.0 0.0 0.18 2 TOUCH_MOVE t
1400674001580 6 4098 295.0 818.951 0.23333335 4.0 4.0 4.0 4.0 0.0 0.18 1 TOUCH_UP t
1400674002219 6 4098 342.5 1220.4509 0.20000002 3.0 3.0 3.0 3.0 0.0 0.17600001 0 TOUCH_DOWN Space
1400674002299 6 4098 342.5 1220.4509 0.20000002 3.0 3.0 3.0 3.0 0.0 0.17600001 1 TOUCH_UP Space
1400674002595 6 4098 349.0 921.451 0.20000002 3.0 3.0 3.0 3.0 0.0 0.19600001 0 TOUCH_DOWN g
1400674002614 6 4098 349.0 921.451 0.20000002 3.0 3.0 3.0 3.0 0.0 0.2 2 TOUCH_MOVE g
1400674002694 6 4098 349.0 921.451 0.20000002 3.0 3.0 3.0 3.0 0.0 0.2 1 TOUCH_UP g
1400674002896 6 4098 563.5 824.451 0.33333334 5.0 5.0 5.0 5.0 0.0 0.2 0 TOUCH_DOWN i
1400674002946 6 4098 562.32794 823.951 0.33333334 5.0 5.0 5.0 5.0 0.0 0.20400001 2 TOUCH_MOVE i
1400674002963 6 4098 561.31903 823.951 0.3 5.0 5.0 5.0 5.0 0.0 0.2 2 TOUCH_MOVE i
1400674002989 6 4098 561.31903 823.951 0.3 5.0 5.0 5.0 5.0 0.0 0.2 1 TOUCH_UP i
1400674003318 6 4098 358.0 1069.9509 0.16666667 3.0 3.0 3.0 3.0 0.0 0.19600001 0 TOUCH_DOWN v
1400674003330 6 4098 358.0 1069.9509 0.20000002 4.0 4.0 4.0 4.0 0.0 0.2 2 TOUCH_MOVE v
1400674003365 6 4098 356.8566 1070.0944 0.23333335 4.0 4.0 4.0 4.0 0.0 0.208 2 TOUCH_MOVE v
1400674003398 6 4098 353.1752 1071.6133 0.20000002 3.0 3.0 3.0 3.0 0.0 0.2 2 TOUCH_MOVE v
1400674003428 6 4098 351.5 1072.4509 0.20000002 3.0 3.0 3.0 3.0 0.0 0.18800001 2 TOUCH_MOVE v
1400674003431 6 4098 351.5 1072.4509 0.16666667 3.0 3.0 3.0 3.0 0.0 0.108 2 TOUCH_MOVE v
1400674003434 6 4098 351.5 1072.4509 0.16666667 3.0 3.0 3.0 3.0 0.0 0.108 1 TOUCH_UP v
1400674003528 6 4098 564.0 826.451 0.3 5.0 5.0 5.0 5.0 0.0 0.192 0 TOUCH_DOWN i
1400674003547 6 4098 564.0 826.451 0.33333334 5.0 5.0 5.0 5.0 0.0 0.192 2 TOUCH_MOVE i
1400674003566 6 4098 563.37744 826.451 0.33333334 5.0 5.0 5.0 5.0 0.0 0.192 2 TOUCH_MOVE i
1400674003585 6 4098 562.75 826.451 0.33333334 5.0 5.0 5.0 5.0 0.0 0.19600001 2 TOUCH_MOVE i
1400674003598 6 4098 563.0 827.5663 0.26666668 4.0 4.0 4.0 4.0 0.0 0.18800001 2 TOUCH_MOVE i
1400674003613 6 4098 563.0 829.451 0.20000002 3.0 3.0 3.0 3.0 0.0 0.1 2 TOUCH_MOVE i
1400674003617 6 4098 563.0 829.451 0.20000002 3.0 3.0 3.0 3.0 0.0 0.1 1 TOUCH_UP i
1400674003849 6 4098 517.5 1088.4509 0.16666667 3.0 3.0 3.0 3.0 0.0 0.17600001 0 TOUCH_DOWN n
1400674003867 6 4098 517.5 1088.4509 0.16666667 3.0 3.0 3.0 3.0 0.0 0.18 2 TOUCH_MOVE n
1400674003880 6 4098 517.5 1088.9839 0.20000002 3.0 3.0 3.0 3.0 0.0 0.192 2 TOUCH_MOVE n
1400674003897 6 4098 517.5 1090.0483 0.20000002 3.0 3.0 3.0 3.0 0.0 0.18800001 2 TOUCH_MOVE n
1400674003914 6 4098 516.98 1090.971 0.23333335 4.0 4.0 4.0 4.0 0.0 0.192 2 TOUCH_MOVE n
1400674003952 6 4098 516.5 1091.4509 0.23333335 4.0 4.0 4.0 4.0 0.0 0.18800001 2 TOUCH_MOVE n
1400674003960 6 4098 516.5 1091.4509 0.23333335 4.0 4.0 4.0 4.0 0.0 0.18800001 1 TOUCH_UP n
1400674004113 6 4098 340.0 984.951 0.26666668 4.0 4.0 4.0 4.0 0.0 0.18400002 0 TOUCH_DOWN g
1400674004133 6 4098 340.0 984.951 0.26666668 4.0 4.0 4.0 4.0 0.0 0.192 2 TOUCH_MOVE g
1400674004147 6 4098 340.0 985.47546 0.26666668 4.0 4.0 4.0 4.0 0.0 0.18 2 TOUCH_MOVE g
1400674004164 6 4098 338.971 986.48 0.26666668 4.0 4.0 4.0 4.0 0.0 0.17600001 2 TOUCH_MOVE g
1400674004180 6 4098 337.92822 987.52277 0.26666668 4.0 4.0 4.0 4.0 0.0 0.172 2 TOUCH_MOVE g
1400674004199 6 4098 336.92984 987.951 0.23333335 4.0 4.0 4.0 4.0 0.0 0.15200001 2 TOUCH_MOVE g
1400674004211 6 4098 336.92984 987.951 0.23333335 4.0 4.0 4.0 4.0 0.0 0.15200001 1 TOUCH_UP g
