1401601059695 6 4098 692.5 1072.9509 0.16666667 3.0 3.0 3.0 3.0 0.0 0.192 0 TOUCH_DOWN Back
1401601059704 6 4098 692.5 1072.9509 0.20000002 3.0 3.0 3.0 3.0 0.0 0.19600001 2 TOUCH_MOVE Back
1401601059771 6 4098 692.5 1072.4323 0.16666667 3.0 3.0 3.0 3.0 0.0 0.18 2 TOUCH_MOVE Back
1401601059780 6 4098 692.5 1072.4509 0.16666667 3.0 3.0 3.0 3.0 0.0 0.108 2 TOUCH_MOVE Back
1401601059784 6 4098 692.5 1072.4509 0.16666667 3.0 3.0 3.0 3.0 0.0 0.108 1 TOUCH_UP Back
1401601060482 6 4098 46.5 1089.4509 0.16666667 3.0 3.0 3.0 3.0 0.0 0.18 0 TOUCH_DOWN Change
1401601060488 6 4098 46.5 1089.4509 0.16666667 3.0 3.0 3.0 3.0 0.0 0.18800001 2 TOUCH_MOVE Change
1401601060577 6 4098 46.5 1089.4509 0.16666667 3.0 3.0 3.0 3.0 0.0 0.18800001 1 TOUCH_UP Change
1401601060864 6 4098 291.5 1096.4509 0.26666668 4.0 4.0 4.0 4.0 0.0 0.2 0 TOUCH_DOWN C
1401601060872 6 4098 291.5 1096.4509 0.26666668 4.0 4.0 4.0 4.0 0.0 0.20400001 2 TOUCH_MOVE C
1401601060905 6 4098 291.5 1097.5847 0.26666668 4.0 4.0 4.0 4.0 0.0 0.216 2 TOUCH_MOVE C
1401601060941 6 4098 291.5 1097.4509 0.23333335 4.0 4.0 4.0 4.0 0.0 0.18400002 2 TOUCH_MOVE C
1401601060950 6 4098 291.5 1097.4509 0.16666667 3.0 3.0 3.0 3.0 0.0 0.104 2 TOUCH_MOVE C
1401601060965 6 4098 291.5 1097.4509 0.16666667 3.0 3.0 3.0 3.0 0.0 0.104 1 TOUCH_UP C
1401601061145 6 4098 606.5 799.951 0.20000002 4.0 4.0 4.0 4.0 0.0 0.2 0 TOUCH_DOWN o
1401601061156 6 4098 606.5 799.951 0.20000002 4.0 4.0 4.0 4.0 0.0 0.20400001 2 TOUCH_MOVE o
1401601061189 6 4098 604.52527 798.47626 0.26666668 5.0 5.0 5.0 5.0 0.0 0.216 2 TOUCH_MOVE o
1401601061206 6 4098 603.75 797.701 0.26666668 5.0 5.0 5.0 5.0 0.0 0.216 2 TOUCH_MOVE o
1401601061237 6 4098 605.0 798.451 0.23333335 5.0 5.0 5.0 5.0 0.0 0.18400002 2 TOUCH_MOVE o
1401601061241 6 4098 605.0 798.451 0.23333335 5.0 5.0 5.0 5.0 0.0 0.18400002 1 TOUCH_UP o
1401601061490 6 4098 531.5 1086.9509 0.16666667 3.0 3.0 3.0 3.0 0.0 0.19600001 0 TOUCH_DOWN n
1401601061508 6 4098 531.1204 1087.3306 0.23333335 4.0 4.0 4.0 4.0 0.0 0.20400001 2 TOUCH_MOVE n
1401601061525 6 4098 530.09534 1087.9509 0.23333335 4.0 4.0 4.0 4.0 0.0 0.208 2 TOUCH_MOVE n
1401601061542 6 4098 528.2975 1087.9509 0.23333335 4.0 4.0 4.0 4.0 0.0 0.21200001 2 TOUCH_MOVE n
1401601061556 6 4098 527.32654 1087.9509 0.23333335 4.0 4.0 4.0 4.0 0.0 0.21200001 2 TOUCH_MOVE n
1401601061573 6 4098 526.36414 1087.9509 0.23333335 4.0 4.0 4.0 4.0 0.0 0.208 2 TOUCH_MOVE n
1401601061606 6 4098 526.5 1088.4651 0.20000002 3.0 3.0 3.0 3.0 0.0 0.18800001 2 TOUCH_MOVE n
1401601061617 6 4098 526.5 1088.4509 0.13333334 2.0 2.0 2.0 2.0 0.0 0.14 2 TOUCH_MOVE n
1401601061620 6 4098 526.5 1088.4509 0.13333334 2.0 2.0 2.0 2.0 0.0 0.14 1 TOUCH_UP n
1401601062597 6 4098 358.5 1213.4509 0.16666667 3.0 3.0 3.0 3.0 0.0 0.192 0 TOUCH_DOWN Space
1401601062607 6 4098 357.50607 1213.7822 0.23333335 4.0 4.0 4.0 4.0 0.0 0.19600001 2 TOUCH_MOVE Space
1401601062624 6 4098 346.4886 1215.2374 0.26666668 5.0 5.0 5.0 5.0 0.0 0.208 2 TOUCH_MOVE Space
1401601062640 6 4098 334.95273 1216.2057 0.26666668 5.0 5.0 5.0 5.0 0.0 0.21200001 2 TOUCH_MOVE Space
1401601062657 6 4098 328.16138 1217.1187 0.23333335 4.0 4.0 4.0 4.0 0.0 0.216 2 TOUCH_MOVE Space
1401601062674 6 4098 323.7735 1218.8142 0.23333335 4.0 4.0 4.0 4.0 0.0 0.21200001 2 TOUCH_MOVE Space
1401601062693 6 4098 322.86612 1220.7188 0.23333335 4.0 4.0 4.0 4.0 0.0 0.21200001 2 TOUCH_MOVE Space
1401601062708 6 4098 322.5 1222.6628 0.23333335 4.0 4.0 4.0 4.0 0.0 0.208 2 TOUCH_MOVE Space
1401601062724 6 4098 323.07697 1224.6049 0.26666668 5.0 5.0 5.0 5.0 0.0 0.19600001 2 TOUCH_MOVE Space
1401601062747 6 4098 325.0 1225.4509 0.26666668 5.0 5.0 5.0 5.0 0.0 0.18 2 TOUCH_MOVE Space
1401601062751 6 4098 325.0 1225.4509 0.26666668 5.0 5.0 5.0 5.0 0.0 0.18 1 TOUCH_UP Space
1401601063033 6 4098 273.0 1109.9509 0.33333334 5.0 5.0 5.0 5.0 0.0 0.192 0 TOUCH_DOWN c
1401601063042 6 4098 273.0 1109.9509 0.33333334 5.0 5.0 5.0 5.0 0.0 0.19600001 2 TOUCH_MOVE c
1401601063093 6 4098 274.25 1109.9509 0.33333334 5.0 5.0 5.0 5.0 0.0 0.22000001 2 TOUCH_MOVE c
1401601063107 6 4098 275.21158 1109.9509 0.33333334 5.0 5.0 5.0 5.0 0.0 0.22000001 2 TOUCH_MOVE c
1401601063125 6 4098 275.75 1109.9509 0.33333334 5.0 5.0 5.0 5.0 0.0 0.216 2 TOUCH_MOVE c
1401601063141 6 4098 275.5 1109.4182 0.3 5.0 5.0 5.0 5.0 0.0 0.2 2 TOUCH_MOVE c
1401601063157 6 4098 275.0 1108.4509 0.26666668 5.0 5.0 5.0 5.0 0.0 0.14 2 TOUCH_MOVE c
1401601063161 6 4098 275.0 1108.4509 0.26666668 5.0 5.0 5.0 5.0 0.0 0.14 1 TOUCH_UP c
1401601063210 6 4098 635.5 815.951 0.20000002 4.0 4.0 4.0 4.0 0.0 0.19600001 0 TOUCH_DOWN o
1401601063224 6 4098 635.5 815.951 0.26666668 4.0 4.0 4.0 4.0 0.0 0.20400001 2 TOUCH_MOVE o
1401601063310 6 4098 636.7672 816.2182 0.26666668 4.0 4.0 4.0 4.0 0.0 0.20400001 2 TOUCH_MOVE o
1401601063340 6 4098 637.0 817.951 0.26666668 5.0 5.0 5.0 5.0 0.0 0.16800001 2 TOUCH_MOVE o
1401601063344 6 4098 637.0 817.951 0.26666668 5.0 5.0 5.0 5.0 0.0 0.16800001 1 TOUCH_UP o
1401601064051 6 4098 440.5 1095.4509 0.3 5.0 5.0 5.0 5.0 0.0 0.208 0 TOUCH_DOWN b
1401601064075 6 4098 440.5 1095.9677 0.3 5.0 5.0 5.0 5.0 0.0 0.21200001 2 TOUCH_MOVE b
1401601064092 6 4098 440.5 1096.964 0.3 5.0 5.0 5.0 5.0 0.0 0.216 2 TOUCH_MOVE b
1401601064109 6 4098 440.5 1097.9265 0.3 5.0 5.0 5.0 5.0 0.0 0.22000001 2 TOUCH_MOVE b
1401601064129 6 4098 440.5 1098.9332 0.3 5.0 5.0 5.0 5.0 0.0 0.216 2 TOUCH_MOVE b
1401601064142 6 4098 440.5 1099.7009 0.3 5.0 5.0 5.0 5.0 0.0 0.21200001 2 TOUCH_MOVE b
1401601064160 6 4098 439.81885 1100.1321 0.26666668 4.0 4.0 4.0 4.0 0.0 0.20400001 2 TOUCH_MOVE b
1401601064175 6 4098 439.5 1099.9509 0.26666668 4.0 4.0 4.0 4.0 0.0 0.18400002 2 TOUCH_MOVE b
1401601064181 6 4098 439.5 1099.9509 0.20000002 3.0 3.0 3.0 3.0 0.0 0.112 2 TOUCH_MOVE b
1401601064185 6 4098 439.5 1099.9509 0.20000002 3.0 3.0 3.0 3.0 0.0 0.112 1 TOUCH_UP b
1401601064344 6 4098 207.0 796.451 0.20000002 4.0 4.0 4.0 4.0 0.0 0.19600001 0 TOUCH_DOWN e
1401601064359 6 4098 207.0 796.451 0.20000002 4.0 4.0 4.0 4.0 0.0 0.2 2 TOUCH_MOVE e
1401601064375 6 4098 206.12291 796.0739 0.23333335 4.0 4.0 4.0 4.0 0.0 0.208 2 TOUCH_MOVE e
1401601064392 6 4098 205.20566 795.1567 0.23333335 4.0 4.0 4.0 4.0 0.0 0.208 2 TOUCH_MOVE e
1401601064409 6 4098 204.19757 794.951 0.23333335 4.0 4.0 4.0 4.0 0.0 0.20400001 2 TOUCH_MOVE e
1401601064429 6 4098 203.25 794.951 0.16666667 3.0 3.0 3.0 3.0 0.0 0.18800001 2 TOUCH_MOVE e
1401601064447 6 4098 203.25 794.951 0.16666667 3.0 3.0 3.0 3.0 0.0 0.18800001 1 TOUCH_UP e
1401601064978 6 4098 697.5 1085.4509 0.13333334 2.0 2.0 2.0 2.0 0.0 0.18400002 0 TOUCH_DOWN Back
1401601065009 6 4098 697.5 1085.4509 0.13333334 2.0 2.0 2.0 2.0 0.0 0.19600001 2 TOUCH_MOVE Back
1401601065028 6 4098 697.5 1083.6837 0.20000002 4.0 4.0 4.0 4.0 0.0 0.2 2 TOUCH_MOVE Back
1401601065043 6 4098 697.5 1081.1765 0.20000002 3.0 3.0 3.0 3.0 0.0 0.2 2 TOUCH_MOVE Back
1401601065059 6 4098 697.5 1080.1013 0.23333335 4.0 4.0 4.0 4.0 0.0 0.19600001 2 TOUCH_MOVE Back
1401601065076 6 4098 697.5 1079.7009 0.16666667 3.0 3.0 3.0 3.0 0.0 0.192 2 TOUCH_MOVE Back
1401601065088 6 4098 697.5 1079.7009 0.16666667 3.0 3.0 3.0 3.0 0.0 0.192 1 TOUCH_UP Back
1401601065193 6 4098 681.5 1072.4509 0.23333335 4.0 4.0 4.0 4.0 0.0 0.18400002 0 TOUCH_DOWN Back
1401601065221 6 4098 681.5 1072.4509 0.23333335 4.0 4.0 4.0 4.0 0.0 0.18800001 2 TOUCH_MOVE Back
1401601065292 6 4098 681.5 1072.4509 0.23333335 4.0 4.0 4.0 4.0 0.0 0.136 2 TOUCH_MOVE Back
1401601065296 6 4098 681.5 1072.4509 0.23333335 4.0 4.0 4.0 4.0 0.0 0.136 1 TOUCH_UP Back
1401601065610 6 4098 337.5 1246.9509 0.20000002 5.0 5.0 5.0 5.0 0.0 0.18400002 0 TOUCH_DOWN Space
1401601065629 6 4098 337.21036 1246.6613 0.20000002 5.0 5.0 5.0 5.0 0.0 0.18800001 2 TOUCH_MOVE Space
1401601065643 6 4098 336.4534 1245.9043 0.20000002 5.0 5.0 5.0 5.0 0.0 0.18800001 2 TOUCH_MOVE Space
1401601065660 6 4098 336.0 1244.4326 0.16666667 4.0 4.0 4.0 4.0 0.0 0.18400002 2 TOUCH_MOVE Space
1401601065677 6 4098 336.5 1243.4509 0.16666667 4.0 4.0 4.0 4.0 0.0 0.17600001 2 TOUCH_MOVE Space
1401601065680 6 4098 336.5 1243.4509 0.16666667 4.0 4.0 4.0 4.0 0.0 0.17600001 1 TOUCH_UP Space
1401601065978 6 4098 428.0 1117.9509 0.26666668 4.0 4.0 4.0 4.0 0.0 0.20400001 0 TOUCH_DOWN b
1401601066016 6 4098 428.0 1117.9509 0.26666668 4.0 4.0 4.0 4.0 0.0 0.208 2 TOUCH_MOVE b
1401601066094 6 4098 428.0 1117.9509 0.26666668 4.0 4.0 4.0 4.0 0.0 0.208 1 TOUCH_UP b
1401601066190 6 4098 155.5 816.951 0.26666668 4.0 4.0 4.0 4.0 0.0 0.20400001 0 TOUCH_DOWN e
1401601066210 6 4098 155.5 816.951 0.3 5.0 5.0 5.0 5.0 0.0 0.21200001 2 TOUCH_MOVE e
1401601066244 6 4098 157.60736 816.24854 0.3 5.0 5.0 5.0 5.0 0.0 0.23600002 2 TOUCH_MOVE e
1401601066260 6 4098 160.5158 816.451 0.3 5.0 5.0 5.0 5.0 0.0 0.24000001 2 TOUCH_MOVE e
1401601066277 6 4098 162.23055 815.3357 0.3 5.0 5.0 5.0 5.0 0.0 0.24000001 2 TOUCH_MOVE e
1401601066296 6 4098 164.08656 814.951 0.3 5.0 5.0 5.0 5.0 0.0 0.24000001 2 TOUCH_MOVE e
1401601066310 6 4098 165.0477 814.951 0.3 5.0 5.0 5.0 5.0 0.0 0.24000001 2 TOUCH_MOVE e
1401601066389 6 4098 165.0477 814.951 0.3 5.0 5.0 5.0 5.0 0.0 0.24000001 1 TOUCH_UP e
1401601066554 6 4098 318.0 1260.5 0.16666667 4.0 4.0 4.0 4.0 0.0 0.15200001 0 TOUCH_DOWN Space
1401601066584 6 4098 318.0 1260.5 0.16666667 4.0 4.0 4.0 4.0 0.0 0.172 2 TOUCH_MOVE Space
1401601066660 6 4098 318.5 1259.5 0.20000002 5.0 5.0 5.0 5.0 0.0 0.132 2 TOUCH_MOVE Space
1401601066663 6 4098 318.5 1259.5 0.20000002 5.0 5.0 5.0 5.0 0.0 0.132 1 TOUCH_UP Space
1401601067007 6 4098 433.0 1076.9509 0.20000002 4.0 4.0 4.0 4.0 0.0 0.2 0 TOUCH_DOWN b
1401601067029 6 4098 432.52954 1076.9509 0.23333335 4.0 4.0 4.0 4.0 0.0 0.208 2 TOUCH_MOVE b
1401601067046 6 4098 431.1825 1076.9509 0.23333335 4.0 4.0 4.0 4.0 0.0 0.216 2 TOUCH_MOVE b
1401601067062 6 4098 429.1295 1076.9509 0.23333335 4.0 4.0 4.0 4.0 0.0 0.22000001 2 TOUCH_MOVE b
1401601067078 6 4098 428.25 1076.9509 0.23333335 4.0 4.0 4.0 4.0 0.0 0.21200001 2 TOUCH_MOVE b
1401601067113 6 4098 428.25 1076.9509 0.23333335 4.0 4.0 4.0 4.0 0.0 0.21200001 1 TOUCH_UP b
1401601067205 6 4098 153.0 817.951 0.3 5.0 5.0 5.0 5.0 0.0 0.216 0 TOUCH_DOWN e
1401601067211 6 4098 153.0 817.951 0.3 5.0 5.0 5.0 5.0 0.0 0.22000001 2 TOUCH_MOVE e
1401601067245 6 4098 155.29997 817.951 0.3 5.0 5.0 5.0 5.0 0.0 0.23200001 2 TOUCH_MOVE e
1401601067262 6 4098 158.27385 817.951 0.3 5.0 5.0 5.0 5.0 0.0 0.23200001 2 TOUCH_MOVE e
1401601067278 6 4098 160.26715 817.951 0.3 5.0 5.0 5.0 5.0 0.0 0.23600002 2 TOUCH_MOVE e
1401601067295 6 4098 161.35188 817.951 0.3 5.0 5.0 5.0 5.0 0.0 0.23200001 2 TOUCH_MOVE e
1401601067314 6 4098 161.75 817.951 0.3 5.0 5.0 5.0 5.0 0.0 0.23200001 2 TOUCH_MOVE e
1401601067344 6 4098 162.0 818.951 0.33333334 5.0 5.0 5.0 5.0 0.0 0.18400002 2 TOUCH_MOVE e
1401601067347 6 4098 162.0 818.951 0.33333334 5.0 5.0 5.0 5.0 0.0 0.18400002 1 TOUCH_UP e
1401601067998 6 4098 337.0 1253.9509 0.20000002 5.0 5.0 5.0 5.0 0.0 0.17600001 0 TOUCH_DOWN Space
1401601068013 6 4098 337.0 1253.9509 0.20000002 5.0 5.0 5.0 5.0 0.0 0.18 2 TOUCH_MOVE Space
1401601068046 6 4098 336.46548 1253.4164 0.20000002 5.0 5.0 5.0 5.0 0.0 0.18800001 2 TOUCH_MOVE Space
1401601068095 6 4098 336.5 1252.9415 0.16666667 4.0 4.0 4.0 4.0 0.0 0.18 2 TOUCH_MOVE Space
1401601068108 6 4098 336.5 1252.9509 0.16666667 4.0 4.0 4.0 4.0 0.0 0.15200001 2 TOUCH_MOVE Space
1401601068111 6 4098 336.5 1252.9509 0.16666667 4.0 4.0 4.0 4.0 0.0 0.15200001 1 TOUCH_UP Space
1401601068417 6 4098 492.0 1104.9509 0.26666668 4.0 4.0 4.0 4.0 0.0 0.192 0 TOUCH_DOWN n
1401601068480 6 4098 492.62375 1103.7446 0.26666668 5.0 5.0 5.0 5.0 0.0 0.208 2 TOUCH_MOVE n
1401601068496 6 4098 496.67255 1095.4377 0.23333335 5.0 5.0 5.0 5.0 0.0 0.192 2 TOUCH_MOVE n
1401601068505 6 4098 498.5 1092.4509 0.23333335 5.0 5.0 5.0 5.0 0.0 0.17600001 2 TOUCH_MOVE n
1401601068508 6 4098 498.5 1092.4509 0.23333335 5.0 5.0 5.0 5.0 0.0 0.17600001 1 TOUCH_UP n
1401601068731 6 4098 634.5 834.451 0.23333335 4.0 4.0 4.0 4.0 0.0 0.2 0 TOUCH_DOWN o
1401601068748 6 4098 634.5 834.451 0.26666668 4.0 4.0 4.0 4.0 0.0 0.20400001 2 TOUCH_MOVE o
1401601068796 6 4098 635.4898 834.451 0.20000002 4.0 4.0 4.0 4.0 0.0 0.192 2 TOUCH_MOVE o
1401601068799 6 4098 635.5 834.451 0.20000002 4.0 4.0 4.0 4.0 0.0 0.18 2 TOUCH_MOVE o
1401601068803 6 4098 635.5 834.451 0.20000002 4.0 4.0 4.0 4.0 0.0 0.18 1 TOUCH_UP o
1401601069211 6 4098 217.5 962.951 0.23333335 5.0 5.0 5.0 5.0 0.0 0.19600001 0 TOUCH_DOWN d
1401601069233 6 4098 217.5 962.951 0.26666668 5.0 5.0 5.0 5.0 0.0 0.2 2 TOUCH_MOVE d
1401601069281 6 4098 218.90521 962.951 0.26666668 5.0 5.0 5.0 5.0 0.0 0.216 2 TOUCH_MOVE d
1401601069298 6 4098 219.87444 962.951 0.26666668 5.0 5.0 5.0 5.0 0.0 0.22000001 2 TOUCH_MOVE d
1401601069313 6 4098 220.25 962.951 0.26666668 5.0 5.0 5.0 5.0 0.0 0.216 2 TOUCH_MOVE d
1401601069329 6 4098 220.0 962.951 0.23333335 5.0 5.0 5.0 5.0 0.0 0.17600001 2 TOUCH_MOVE d
1401601069332 6 4098 220.0 962.951 0.23333335 5.0 5.0 5.0 5.0 0.0 0.17600001 1 TOUCH_UP d
1401601069823 6 4098 477.5 805.451 0.16666667 3.0 3.0 3.0 3.0 0.0 0.19600001 0 TOUCH_DOWN u
1401601069830 6 4098 477.5 805.451 0.23333335 4.0 4.0 4.0 4.0 0.0 0.2 2 TOUCH_MOVE u
1401601069864 6 4098 478.02606 805.451 0.23333335 4.0 4.0 4.0 4.0 0.0 0.19600001 2 TOUCH_MOVE u
1401601069881 6 4098 479.0 805.451 0.16666667 3.0 3.0 3.0 3.0 0.0 0.120000005 2 TOUCH_MOVE u
1401601069887 6 4098 479.0 805.451 0.16666667 3.0 3.0 3.0 3.0 0.0 0.120000005 1 TOUCH_UP u
1401601070247 6 4098 686.0 1107.9509 0.26666668 5.0 5.0 5.0 5.0 0.0 0.192 0 TOUCH_DOWN Back
1401601070268 6 4098 686.0 1107.9509 0.3 5.0 5.0 5.0 5.0 0.0 0.19600001 2 TOUCH_MOVE Back
1401601070331 6 4098 686.5004 1107.9509 0.20000002 4.0 4.0 4.0 4.0 0.0 0.18800001 2 TOUCH_MOVE Back
1401601070342 6 4098 686.5 1107.9509 0.20000002 4.0 4.0 4.0 4.0 0.0 0.16000001 2 TOUCH_MOVE Back
1401601070345 6 4098 686.5 1107.9509 0.20000002 4.0 4.0 4.0 4.0 0.0 0.16000001 1 TOUCH_UP Back
1401601070445 6 4098 690.0 1094.4509 0.20000002 3.0 3.0 3.0 3.0 0.0 0.18800001 0 TOUCH_DOWN Back
1401601070481 6 4098 690.0 1095.6724 0.20000002 3.0 3.0 3.0 3.0 0.0 0.19600001 2 TOUCH_MOVE Back
1401601070498 6 4098 690.0 1096.2009 0.20000002 3.0 3.0 3.0 3.0 0.0 0.19600001 2 TOUCH_MOVE Back
1401601070539 6 4098 690.0 1096.2009 0.20000002 3.0 3.0 3.0 3.0 0.0 0.19600001 1 TOUCH_UP Back
1401601071077 6 4098 327.0 1244.4509 0.20000002 5.0 5.0 5.0 5.0 0.0 0.18400002 0 TOUCH_DOWN Space
1401601071139 6 4098 327.5 1244.4509 0.20000002 5.0 5.0 5.0 5.0 0.0 0.17600001 2 TOUCH_MOVE Space
1401601071142 6 4098 327.5 1244.4509 0.20000002 5.0 5.0 5.0 5.0 0.0 0.17600001 1 TOUCH_UP Space
1401601071341 6 4098 218.0 965.451 0.23333335 5.0 5.0 5.0 5.0 0.0 0.19600001 0 TOUCH_DOWN d
1401601071350 6 4098 218.0 965.451 0.23333335 5.0 5.0 5.0 5.0 0.0 0.20400001 2 TOUCH_MOVE d
1401601071404 6 4098 224.93988 965.561 0.26666668 5.0 5.0 5.0 5.0 0.0 0.224 2 TOUCH_MOVE d
1401601071448 6 4098 229.0 967.63745 0.23333335 4.0 4.0 4.0 4.0 0.0 0.22000001 2 TOUCH_MOVE d
1401601071452 6 4098 229.0 968.451 0.23333335 5.0 5.0 5.0 5.0 0.0 0.17600001 2 TOUCH_MOVE d
1401601071455 6 4098 229.0 968.451 0.23333335 5.0 5.0 5.0 5.0 0.0 0.17600001 1 TOUCH_UP d
1401601071695 6 4098 36.0 974.951 0.16666667 3.0 3.0 3.0 3.0 0.0 0.18 0 TOUCH_DOWN a
1401601071724 6 4098 36.481453 974.951 0.16666667 3.0 3.0 3.0 3.0 0.0 0.18400002 2 TOUCH_MOVE a
1401601071736 6 4098 38.351196 974.951 0.20000002 3.0 3.0 3.0 3.0 0.0 0.192 2 TOUCH_MOVE a
1401601071765 6 4098 40.839016 974.951 0.20000002 3.0 3.0 3.0 3.0 0.0 0.2 2 TOUCH_MOVE a
1401601071784 6 4098 41.816574 974.951 0.20000002 3.0 3.0 3.0 3.0 0.0 0.19600001 2 TOUCH_MOVE a
1401601071799 6 4098 42.25 974.951 0.20000002 3.0 3.0 3.0 3.0 0.0 0.19600001 2 TOUCH_MOVE a
1401601071837 6 4098 42.25 974.951 0.20000002 3.0 3.0 3.0 3.0 0.0 0.19600001 1 TOUCH_UP a
1401601071903 6 4098 463.5 815.951 0.26666668 4.0 4.0 4.0 4.0 0.0 0.216 0 TOUCH_DOWN u
1401601071917 6 4098 463.5 815.951 0.26666668 4.0 4.0 4.0 4.0 0.0 0.22000001 2 TOUCH_MOVE u
1401601071999 6 4098 464.0 815.951 0.26666668 4.0 4.0 4.0 4.0 0.0 0.2 2 TOUCH_MOVE u
1401601072005 6 4098 464.0 815.951 0.20000002 4.0 4.0 4.0 4.0 0.0 0.17600001 2 TOUCH_MOVE u
1401601072011 6 4098 464.0 815.951 0.20000002 4.0 4.0 4.0 4.0 0.0 0.17600001 1 TOUCH_UP u
1401601072340 6 4098 370.5 1237.4509 0.20000002 4.0 4.0 4.0 4.0 0.0 0.18400002 0 TOUCH_DOWN Space
1401601072364 6 4098 370.5 1237.2686 0.20000002 4.0 4.0 4.0 4.0 0.0 0.18800001 2 TOUCH_MOVE Space
1401601072369 6 4098 370.5 1236.9485 0.20000002 4.0 4.0 4.0 4.0 0.0 0.18800001 2 TOUCH_MOVE Space
1401601072383 6 4098 370.5 1236.0042 0.20000002 4.0 4.0 4.0 4.0 0.0 0.18800001 2 TOUCH_MOVE Space
1401601072395 6 4098 370.5 1235.9509 0.16666667 3.0 3.0 3.0 3.0 0.0 0.18400002 2 TOUCH_MOVE Space
1401601072399 6 4098 370.5 1235.9509 0.16666667 3.0 3.0 3.0 3.0 0.0 0.18400002 1 TOUCH_UP Space
1401601072650 6 4098 280.5 1117.4509 0.26666668 4.0 4.0 4.0 4.0 0.0 0.208 0 TOUCH_DOWN c
1401601072670 6 4098 280.5 1117.4509 0.26666668 4.0 4.0 4.0 4.0 0.0 0.216 2 TOUCH_MOVE c
1401601072701 6 4098 281.0495 1117.4509 0.3 5.0 5.0 5.0 5.0 0.0 0.224 2 TOUCH_MOVE c
1401601072716 6 4098 281.2239 1116.5032 0.3 5.0 5.0 5.0 5.0 0.0 0.22800002 2 TOUCH_MOVE c
1401601072733 6 4098 281.5 1113.8881 0.33333334 5.0 5.0 5.0 5.0 0.0 0.224 2 TOUCH_MOVE c
1401601072750 6 4098 277.8879 1107.3798 0.3 5.0 5.0 5.0 5.0 0.0 0.19600001 2 TOUCH_MOVE c
1401601072760 6 4098 278.5 1108.4509 0.26666668 5.0 5.0 5.0 5.0 0.0 0.136 2 TOUCH_MOVE c
1401601072763 6 4098 278.5 1108.4509 0.26666668 5.0 5.0 5.0 5.0 0.0 0.136 1 TOUCH_UP c
1401601073002 6 4098 51.0 970.951 0.16666667 3.0 3.0 3.0 3.0 0.0 0.18400002 0 TOUCH_DOWN a
1401601073085 6 4098 51.333855 970.1171 0.20000002 3.0 3.0 3.0 3.0 0.0 0.20400001 2 TOUCH_MOVE a
1401601073100 6 4098 51.75 969.701 0.20000002 3.0 3.0 3.0 3.0 0.0 0.2 2 TOUCH_MOVE a
1401601073137 6 4098 51.75 969.701 0.20000002 3.0 3.0 3.0 3.0 0.0 0.2 1 TOUCH_UP a
1401601073224 6 4098 511.5 1085.4509 0.23333335 5.0 5.0 5.0 5.0 0.0 0.19600001 0 TOUCH_DOWN n
1401601073234 6 4098 511.5 1085.4509 0.23333335 5.0 5.0 5.0 5.0 0.0 0.2 2 TOUCH_MOVE n
1401601073253 6 4098 509.96494 1085.4509 0.23333335 5.0 5.0 5.0 5.0 0.0 0.20400001 2 TOUCH_MOVE n
1401601073267 6 4098 508.00998 1085.4509 0.23333335 5.0 5.0 5.0 5.0 0.0 0.20400001 2 TOUCH_MOVE n
1401601073284 6 4098 507.25 1085.4509 0.23333335 5.0 5.0 5.0 5.0 0.0 0.2 2 TOUCH_MOVE n
1401601073298 6 4098 507.25 1085.4509 0.23333335 5.0 5.0 5.0 5.0 0.0 0.2 1 TOUCH_UP n
1401601073529 6 4098 441.0 942.451 0.33333334 5.0 5.0 5.0 5.0 0.0 0.20400001 0 TOUCH_DOWN h
1401601073557 6 4098 441.0 942.1546 0.33333334 5.0 5.0 5.0 5.0 0.0 0.208 2 TOUCH_MOVE h
1401601073583 6 4098 441.28336 940.951 0.33333334 5.0 5.0 5.0 5.0 0.0 0.21200001 2 TOUCH_MOVE h
1401601073591 6 4098 444.0 941.451 0.26666668 4.0 4.0 4.0 4.0 0.0 0.18 2 TOUCH_MOVE h
1401601073595 6 4098 444.0 941.451 0.26666668 4.0 4.0 4.0 4.0 0.0 0.18 1 TOUCH_UP h
1401601073803 6 4098 363.0 1231.9509 0.13333334 2.0 2.0 2.0 2.0 0.0 0.19600001 0 TOUCH_DOWN Space
1401601073818 6 4098 363.0 1231.9509 0.20000002 4.0 4.0 4.0 4.0 0.0 0.2 2 TOUCH_MOVE Space
1401601073878 6 4098 363.0 1231.9509 0.16666667 3.0 3.0 3.0 3.0 0.0 0.17600001 2 TOUCH_MOVE Space
1401601073881 6 4098 363.0 1231.9509 0.16666667 3.0 3.0 3.0 3.0 0.0 0.17600001 1 TOUCH_UP Space
1401601074222 6 4098 331.5 833.451 0.33333334 5.0 5.0 5.0 5.0 0.0 0.22000001 0 TOUCH_DOWN t
1401601074268 6 4098 332.2512 833.451 0.33333334 5.0 5.0 5.0 5.0 0.0 0.23600002 2 TOUCH_MOVE t
1401601074285 6 4098 333.21262 832.7384 0.33333334 5.0 5.0 5.0 5.0 0.0 0.23600002 2 TOUCH_MOVE t
1401601074318 6 4098 333.0 832.951 0.33333334 5.0 5.0 5.0 5.0 0.0 0.20400001 2 TOUCH_MOVE t
1401601074327 6 4098 333.0 832.951 0.3 5.0 5.0 5.0 5.0 0.0 0.17600001 2 TOUCH_MOVE t
1401601074331 6 4098 333.0 832.951 0.3 5.0 5.0 5.0 5.0 0.0 0.17600001 1 TOUCH_UP t
1401601074507 6 4098 255.0 843.951 0.26666668 4.0 4.0 4.0 4.0 0.0 0.21200001 0 TOUCH_DOWN r
1401601074518 6 4098 255.0 843.951 0.26666668 4.0 4.0 4.0 4.0 0.0 0.216 2 TOUCH_MOVE r
1401601074535 6 4098 255.57574 843.37524 0.3 5.0 5.0 5.0 5.0 0.0 0.22000001 2 TOUCH_MOVE r
1401601074553 6 4098 256.5918 842.3592 0.3 5.0 5.0 5.0 5.0 0.0 0.22000001 2 TOUCH_MOVE r
1401601074568 6 4098 257.25 841.701 0.26666668 4.0 4.0 4.0 4.0 0.0 0.22000001 2 TOUCH_MOVE r
1401601074585 6 4098 257.0 841.951 0.23333335 4.0 4.0 4.0 4.0 0.0 0.18 2 TOUCH_MOVE r
1401601074590 6 4098 257.0 841.951 0.23333335 4.0 4.0 4.0 4.0 0.0 0.18 1 TOUCH_UP r
1401601074780 6 4098 164.5 854.951 0.23333335 5.0 5.0 5.0 5.0 0.0 0.2 0 TOUCH_DOWN e
1401601074818 6 4098 165.47093 854.4655 0.26666668 5.0 5.0 5.0 5.0 0.0 0.216 2 TOUCH_MOVE e
1401601074837 6 4098 170.87408 853.472 0.26666668 5.0 5.0 5.0 5.0 0.0 0.22000001 2 TOUCH_MOVE e
1401601074852 6 4098 175.2751 852.951 0.23333335 4.0 4.0 4.0 4.0 0.0 0.22000001 2 TOUCH_MOVE e
1401601074868 6 4098 176.90988 852.951 0.23333335 4.0 4.0 4.0 4.0 0.0 0.208 2 TOUCH_MOVE e
1401601074874 6 4098 177.0 852.951 0.20000002 4.0 4.0 4.0 4.0 0.0 0.18800001 2 TOUCH_MOVE e
1401601074878 6 4098 177.0 852.951 0.20000002 4.0 4.0 4.0 4.0 0.0 0.18800001 1 TOUCH_UP e
1401601075230 6 4098 342.0 1228.9509 0.23333335 4.0 4.0 4.0 4.0 0.0 0.192 0 TOUCH_DOWN Space
1401601075302 6 4098 343.0 1228.9509 0.20000002 3.0 3.0 3.0 3.0 0.0 0.18400002 2 TOUCH_MOVE Space
1401601075306 6 4098 343.0 1228.9509 0.16666667 3.0 3.0 3.0 3.0 0.0 0.15200001 2 TOUCH_MOVE Space
1401601075329 6 4098 343.0 1228.9509 0.16666667 3.0 3.0 3.0 3.0 0.0 0.15200001 1 TOUCH_UP Space
1401601075528 6 4098 190.0 966.951 0.20000002 4.0 4.0 4.0 4.0 0.0 0.20400001 0 TOUCH_DOWN d
1401601075554 6 4098 190.0 966.951 0.23333335 4.0 4.0 4.0 4.0 0.0 0.208 2 TOUCH_MOVE d
1401601075674 6 4098 190.0 966.951 0.13333334 2.0 2.0 2.0 2.0 0.0 0.16000001 2 TOUCH_MOVE d
1401601075678 6 4098 190.0 966.951 0.13333334 2.0 2.0 2.0 2.0 0.0 0.16000001 1 TOUCH_UP d
1401601075753 6 4098 535.0 818.951 0.26666668 4.0 4.0 4.0 4.0 0.0 0.21200001 0 TOUCH_DOWN i
1401601075786 6 4098 537.75775 817.3963 0.26666668 4.0 4.0 4.0 4.0 0.0 0.22000001 2 TOUCH_MOVE i
1401601075804 6 4098 546.977 814.0027 0.26666668 5.0 5.0 5.0 5.0 0.0 0.22000001 2 TOUCH_MOVE i
1401601075819 6 4098 556.8024 811.3905 0.26666668 5.0 5.0 5.0 5.0 0.0 0.216 2 TOUCH_MOVE i
1401601075836 6 4098 564.6836 809.71045 0.23333335 4.0 4.0 4.0 4.0 0.0 0.208 2 TOUCH_MOVE i
1401601075852 6 4098 567.5 809.451 0.23333335 4.0 4.0 4.0 4.0 0.0 0.17600001 2 TOUCH_MOVE i
1401601075855 6 4098 567.5 809.451 0.23333335 4.0 4.0 4.0 4.0 0.0 0.17600001 1 TOUCH_UP i
1401601076200 6 4098 368.0 1210.9509 0.20000002 3.0 3.0 3.0 3.0 0.0 0.192 0 TOUCH_DOWN Space
1401601076240 6 4098 368.0 1212.7443 0.20000002 3.0 3.0 3.0 3.0 0.0 0.2 2 TOUCH_MOVE Space
1401601076253 6 4098 368.0 1213.7622 0.20000002 3.0 3.0 3.0 3.0 0.0 0.2 2 TOUCH_MOVE Space
1401601076270 6 4098 368.0 1214.7009 0.20000002 3.0 3.0 3.0 3.0 0.0 0.2 2 TOUCH_MOVE Space
1401601076287 6 4098 368.5 1214.4509 0.23333335 4.0 4.0 4.0 4.0 0.0 0.18 2 TOUCH_MOVE Space
1401601076290 6 4098 368.5 1214.4509 0.23333335 4.0 4.0 4.0 4.0 0.0 0.18 1 TOUCH_UP Space
1401601076579 6 4098 576.5 947.951 0.26666668 4.0 4.0 4.0 4.0 0.0 0.19600001 0 TOUCH_DOWN k
1401601076587 6 4098 576.5 947.951 0.26666668 4.0 4.0 4.0 4.0 0.0 0.2 2 TOUCH_MOVE k
1401601076604 6 4098 574.954 947.951 0.26666668 4.0 4.0 4.0 4.0 0.0 0.208 2 TOUCH_MOVE k
1401601076620 6 4098 571.0549 947.4647 0.26666668 4.0 4.0 4.0 4.0 0.0 0.208 2 TOUCH_MOVE k
1401601076637 6 4098 569.5525 947.451 0.3 5.0 5.0 5.0 5.0 0.0 0.21200001 2 TOUCH_MOVE k
1401601076653 6 4098 569.25 947.451 0.3 5.0 5.0 5.0 5.0 0.0 0.21200001 2 TOUCH_MOVE k
1401601076690 6 4098 569.25 947.451 0.3 5.0 5.0 5.0 5.0 0.0 0.21200001 1 TOUCH_UP k
1401601076874 6 4098 426.5 950.451 0.26666668 4.0 4.0 4.0 4.0 0.0 0.22000001 0 TOUCH_DOWN h
1401601076887 6 4098 426.5 950.451 0.3 5.0 5.0 5.0 5.0 0.0 0.22800002 2 TOUCH_MOVE h
1401601076937 6 4098 431.80588 948.57355 0.33333334 5.0 5.0 5.0 5.0 0.0 0.224 2 TOUCH_MOVE h
1401601076953 6 4098 434.5 947.451 0.3 5.0 5.0 5.0 5.0 0.0 0.192 2 TOUCH_MOVE h
1401601076956 6 4098 434.5 947.451 0.3 5.0 5.0 5.0 5.0 0.0 0.192 1 TOUCH_UP h
1401601077134 6 4098 614.5 832.451 0.3 5.0 5.0 5.0 5.0 0.0 0.2 0 TOUCH_DOWN o
1401601077154 6 4098 614.5 832.451 0.33333334 5.0 5.0 5.0 5.0 0.0 0.20400001 2 TOUCH_MOVE o
1401601077187 6 4098 615.0419 832.451 0.26666668 4.0 4.0 4.0 4.0 0.0 0.18400002 2 TOUCH_MOVE o
1401601077197 6 4098 615.0419 832.451 0.26666668 4.0 4.0 4.0 4.0 0.0 0.18400002 1 TOUCH_UP o
1401601077455 6 4098 493.5 1096.4509 0.23333335 4.0 4.0 4.0 4.0 0.0 0.18 0 TOUCH_DOWN n
1401601077475 6 4098 493.5 1096.4509 0.23333335 4.0 4.0 4.0 4.0 0.0 0.18400002 2 TOUCH_MOVE n
1401601077516 6 4098 494.0 1096.4509 0.26666668 5.0 5.0 5.0 5.0 0.0 0.16800001 2 TOUCH_MOVE n
1401601077520 6 4098 494.0 1096.4509 0.26666668 5.0 5.0 5.0 5.0 0.0 0.16800001 1 TOUCH_UP n
1401601077706 6 4098 357.0 947.951 0.23333335 5.0 5.0 5.0 5.0 0.0 0.2 0 TOUCH_DOWN g
1401601077718 6 4098 357.0 947.951 0.23333335 5.0 5.0 5.0 5.0 0.0 0.208 2 TOUCH_MOVE g
1401601077772 6 4098 357.0 947.3737 0.3 5.0 5.0 5.0 5.0 0.0 0.224 2 TOUCH_MOVE g
1401601077788 6 4098 357.0 946.83185 0.3 5.0 5.0 5.0 5.0 0.0 0.224 2 TOUCH_MOVE g
1401601077810 6 4098 357.0 946.951 0.26666668 5.0 5.0 5.0 5.0 0.0 0.15200001 2 TOUCH_MOVE g
1401601077814 6 4098 357.0 946.951 0.26666668 5.0 5.0 5.0 5.0 0.0 0.15200001 1 TOUCH_UP g
1401601078004 6 4098 338.0 1223.4509 0.26666668 5.0 5.0 5.0 5.0 0.0 0.192 0 TOUCH_DOWN Space
1401601078027 6 4098 338.0 1223.4509 0.26666668 5.0 5.0 5.0 5.0 0.0 0.19600001 2 TOUCH_MOVE Space
1401601078074 6 4098 341.5 1221.9509 0.20000002 3.0 3.0 3.0 3.0 0.0 0.18400002 2 TOUCH_MOVE Space
1401601078080 6 4098 340.5 1222.4509 0.16666667 3.0 3.0 3.0 3.0 0.0 0.136 2 TOUCH_MOVE Space
1401601078083 6 4098 340.5 1222.4509 0.16666667 3.0 3.0 3.0 3.0 0.0 0.136 1 TOUCH_UP Space
1401601078411 6 4098 415.0 966.951 0.20000002 4.0 4.0 4.0 4.0 0.0 0.208 0 TOUCH_DOWN h
1401601078423 6 4098 414.54562 966.951 0.20000002 4.0 4.0 4.0 4.0 0.0 0.21200001 2 TOUCH_MOVE h
1401601078439 6 4098 413.63098 966.951 0.23333335 4.0 4.0 4.0 4.0 0.0 0.22000001 2 TOUCH_MOVE h
1401601078455 6 4098 412.75 966.951 0.23333335 4.0 4.0 4.0 4.0 0.0 0.216 2 TOUCH_MOVE h
1401601078488 6 4098 417.6468 966.951 0.23333335 4.0 4.0 4.0 4.0 0.0 0.20400001 2 TOUCH_MOVE h
1401601078504 6 4098 420.0 966.951 0.16666667 3.0 3.0 3.0 3.0 0.0 0.1 2 TOUCH_MOVE h
1401601078507 6 4098 420.0 966.951 0.16666667 3.0 3.0 3.0 3.0 0.0 0.1 1 TOUCH_UP h
1401601078699 6 4098 626.0 848.951 0.23333335 4.0 4.0 4.0 4.0 0.0 0.19600001 0 TOUCH_DOWN o
1401601078725 6 4098 625.6088 848.5598 0.23333335 4.0 4.0 4.0 4.0 0.0 0.20400001 2 TOUCH_MOVE o
1401601078739 6 4098 624.7523 846.9556 0.3 5.0 5.0 5.0 5.0 0.0 0.216 2 TOUCH_MOVE o
1401601078755 6 4098 624.0 844.5314 0.3 5.0 5.0 5.0 5.0 0.0 0.216 2 TOUCH_MOVE o
1401601078777 6 4098 624.0 842.6303 0.26666668 4.0 4.0 4.0 4.0 0.0 0.216 2 TOUCH_MOVE o
1401601078789 6 4098 624.63654 840.67786 0.26666668 4.0 4.0 4.0 4.0 0.0 0.216 2 TOUCH_MOVE o
1401601078805 6 4098 625.6022 839.8488 0.26666668 4.0 4.0 4.0 4.0 0.0 0.2 2 TOUCH_MOVE o
1401601078830 6 4098 626.5 839.451 0.16666667 3.0 3.0 3.0 3.0 0.0 0.108 2 TOUCH_MOVE o
1401601078835 6 4098 626.5 839.451 0.16666667 3.0 3.0 3.0 3.0 0.0 0.108 1 TOUCH_UP o
1401601078964 6 4098 574.5 831.951 0.3 5.0 5.0 5.0 5.0 0.0 0.21200001 0 TOUCH_DOWN o
1401601078973 6 4098 574.5 831.951 0.3 5.0 5.0 5.0 5.0 0.0 0.216 2 TOUCH_MOVE o
1401601079006 6 4098 573.3374 831.951 0.33333334 5.0 5.0 5.0 5.0 0.0 0.224 2 TOUCH_MOVE o
1401601079025 6 4098 572.387 831.951 0.33333334 5.0 5.0 5.0 5.0 0.0 0.224 2 TOUCH_MOVE o
1401601079082 6 4098 572.387 831.951 0.33333334 5.0 5.0 5.0 5.0 0.0 0.224 1 TOUCH_UP o
1401601079341 6 4098 345.5 1219.4509 0.23333335 4.0 4.0 4.0 4.0 0.0 0.19600001 0 TOUCH_DOWN Space
1401601079373 6 4098 345.0574 1219.8936 0.23333335 4.0 4.0 4.0 4.0 0.0 0.2 2 TOUCH_MOVE Space
1401601079390 6 4098 344.21048 1220.7405 0.23333335 4.0 4.0 4.0 4.0 0.0 0.2 2 TOUCH_MOVE Space
1401601079407 6 4098 344.0 1221.7057 0.23333335 4.0 4.0 4.0 4.0 0.0 0.2 2 TOUCH_MOVE Space
1401601079423 6 4098 345.5 1222.4509 0.16666667 3.0 3.0 3.0 3.0 0.0 0.18 2 TOUCH_MOVE Space
1401601079431 6 4098 345.5 1222.4509 0.16666667 3.0 3.0 3.0 3.0 0.0 0.1 2 TOUCH_MOVE Space
1401601079434 6 4098 345.5 1222.4509 0.16666667 3.0 3.0 3.0 3.0 0.0 0.1 1 TOUCH_UP Space
1401601080014 6 4098 696.5 1083.9509 0.16666667 3.0 3.0 3.0 3.0 0.0 0.192 0 TOUCH_DOWN Back
1401601080023 6 4098 696.5 1083.9509 0.20000002 4.0 4.0 4.0 4.0 0.0 0.19600001 2 TOUCH_MOVE Back
1401601080116 6 4098 696.5 1083.9509 0.20000002 4.0 4.0 4.0 4.0 0.0 0.19600001 1 TOUCH_UP Back
1401601080334 6 4098 691.0 1083.4509 0.16666667 3.0 3.0 3.0 3.0 0.0 0.192 0 TOUCH_DOWN Back
1401601080437 6 4098 691.0 1083.4509 0.16666667 3.0 3.0 3.0 3.0 0.0 0.192 1 TOUCH_UP Back
1401601081009 6 4098 546.0 837.451 0.26666668 4.0 4.0 4.0 4.0 0.0 0.20400001 0 TOUCH_DOWN i
1401601081024 6 4098 546.0 837.451 0.26666668 4.0 4.0 4.0 4.0 0.0 0.208 2 TOUCH_MOVE i
1401601081041 6 4098 546.0 836.929 0.3 5.0 5.0 5.0 5.0 0.0 0.216 2 TOUCH_MOVE i
1401601081059 6 4098 546.0 835.8908 0.3 5.0 5.0 5.0 5.0 0.0 0.216 2 TOUCH_MOVE i
1401601081076 6 4098 546.0 835.201 0.3 5.0 5.0 5.0 5.0 0.0 0.21200001 2 TOUCH_MOVE i
1401601081094 6 4098 546.0 835.451 0.26666668 4.0 4.0 4.0 4.0 0.0 0.18 2 TOUCH_MOVE i
1401601081099 6 4098 546.0 835.451 0.26666668 4.0 4.0 4.0 4.0 0.0 0.18 1 TOUCH_UP i
1401601081422 6 4098 328.0 1210.4509 0.26666668 5.0 5.0 5.0 5.0 0.0 0.2 0 TOUCH_DOWN Space
1401601081448 6 4098 328.0 1210.4509 0.26666668 5.0 5.0 5.0 5.0 0.0 0.20400001 2 TOUCH_MOVE Space
1401601081475 6 4098 328.0 1211.516 0.26666668 5.0 5.0 5.0 5.0 0.0 0.2 2 TOUCH_MOVE Space
1401601081491 6 4098 330.86743 1211.4509 0.23333335 4.0 4.0 4.0 4.0 0.0 0.18 2 TOUCH_MOVE Space
1401601081495 6 4098 330.86743 1211.4509 0.23333335 4.0 4.0 4.0 4.0 0.0 0.18 1 TOUCH_UP Space
1401601081740 6 4098 566.0 1119.4509 0.26666668 4.0 4.0 4.0 4.0 0.0 0.2 0 TOUCH_DOWN m
1401601081826 6 4098 566.5 1118.9509 0.3 5.0 5.0 5.0 5.0 0.0 0.18800001 2 TOUCH_MOVE m
1401601081831 6 4098 566.5 1118.9509 0.26666668 5.0 5.0 5.0 5.0 0.0 0.14400001 2 TOUCH_MOVE m
1401601081835 6 4098 566.5 1118.9509 0.26666668 5.0 5.0 5.0 5.0 0.0 0.14400001 1 TOUCH_UP m
1401601082052 6 4098 171.5 823.951 0.3 5.0 5.0 5.0 5.0 0.0 0.216 0 TOUCH_DOWN e
1401601082059 6 4098 171.5 823.951 0.3 5.0 5.0 5.0 5.0 0.0 0.22000001 2 TOUCH_MOVE e
1401601082078 6 4098 172.27632 823.951 0.3 5.0 5.0 5.0 5.0 0.0 0.22800002 2 TOUCH_MOVE e
1401601082092 6 4098 173.73094 823.951 0.33333334 5.0 5.0 5.0 5.0 0.0 0.23200001 2 TOUCH_MOVE e
1401601082109 6 4098 174.70628 823.951 0.33333334 5.0 5.0 5.0 5.0 0.0 0.23200001 2 TOUCH_MOVE e
1401601082128 6 4098 175.66527 823.951 0.33333334 5.0 5.0 5.0 5.0 0.0 0.23200001 2 TOUCH_MOVE e
1401601082142 6 4098 176.25 823.951 0.33333334 5.0 5.0 5.0 5.0 0.0 0.22800002 2 TOUCH_MOVE e
1401601082158 6 4098 176.0 823.951 0.3 5.0 5.0 5.0 5.0 0.0 0.20400001 2 TOUCH_MOVE e
1401601082169 6 4098 176.0 823.951 0.23333335 4.0 4.0 4.0 4.0 0.0 0.164 2 TOUCH_MOVE e
1401601082175 6 4098 176.0 823.951 0.23333335 4.0 4.0 4.0 4.0 0.0 0.164 1 TOUCH_UP e
1401601082781 6 4098 284.5 1204.4509 0.26666668 5.0 5.0 5.0 5.0 0.0 0.20400001 0 TOUCH_DOWN Space
1401601082793 6 4098 284.5 1204.4509 0.26666668 5.0 5.0 5.0 5.0 0.0 0.208 2 TOUCH_MOVE Space
1401601082809 6 4098 283.9313 1204.4509 0.23333335 5.0 5.0 5.0 5.0 0.0 0.21200001 2 TOUCH_MOVE Space
1401601082826 6 4098 282.28635 1203.8441 0.23333335 5.0 5.0 5.0 5.0 0.0 0.21200001 2 TOUCH_MOVE Space
1401601082842 6 4098 281.75 1203.9509 0.23333335 5.0 5.0 5.0 5.0 0.0 0.21200001 2 TOUCH_MOVE Space
1401601082859 6 4098 284.08008 1203.4242 0.20000002 4.0 4.0 4.0 4.0 0.0 0.2 2 TOUCH_MOVE Space
1401601082876 6 4098 287.0 1201.9509 0.16666667 3.0 3.0 3.0 3.0 0.0 0.18400002 2 TOUCH_MOVE Space
1401601082879 6 4098 287.0 1201.9509 0.13333334 2.0 2.0 2.0 2.0 0.0 0.112 2 TOUCH_MOVE Space
1401601082882 6 4098 287.0 1201.9509 0.13333334 2.0 2.0 2.0 2.0 0.0 0.112 1 TOUCH_UP Space
1401601083421 6 4098 413.5 1106.9509 0.20000002 4.0 4.0 4.0 4.0 0.0 0.20400001 0 TOUCH_DOWN b
1401601083443 6 4098 413.5 1106.9509 0.26666668 4.0 4.0 4.0 4.0 0.0 0.21200001 2 TOUCH_MOVE b
1401601083460 6 4098 413.5 1106.3907 0.26666668 4.0 4.0 4.0 4.0 0.0 0.216 2 TOUCH_MOVE b
1401601083477 6 4098 414.14294 1103.5221 0.26666668 4.0 4.0 4.0 4.0 0.0 0.216 2 TOUCH_MOVE b
1401601083493 6 4098 418.5513 1098.2893 0.23333335 4.0 4.0 4.0 4.0 0.0 0.2 2 TOUCH_MOVE b
1401601083503 6 4098 423.0 1094.4509 0.20000002 4.0 4.0 4.0 4.0 0.0 0.18 2 TOUCH_MOVE b
1401601083508 6 4098 423.0 1094.4509 0.20000002 4.0 4.0 4.0 4.0 0.0 0.18 1 TOUCH_UP b
1401601083720 6 4098 551.5 828.451 0.33333334 5.0 5.0 5.0 5.0 0.0 0.20400001 0 TOUCH_DOWN i
1401601083727 6 4098 551.5 828.451 0.33333334 5.0 5.0 5.0 5.0 0.0 0.208 2 TOUCH_MOVE i
1401601083760 6 4098 551.5 827.44006 0.33333334 5.0 5.0 5.0 5.0 0.0 0.216 2 TOUCH_MOVE i
1401601083779 6 4098 551.5 826.4817 0.33333334 5.0 5.0 5.0 5.0 0.0 0.21200001 2 TOUCH_MOVE i
1401601083794 6 4098 551.5 825.98346 0.33333334 5.0 5.0 5.0 5.0 0.0 0.208 2 TOUCH_MOVE i
1401601083808 6 4098 552.0 825.451 0.3 5.0 5.0 5.0 5.0 0.0 0.18400002 2 TOUCH_MOVE i
1401601083813 6 4098 552.0 825.451 0.3 5.0 5.0 5.0 5.0 0.0 0.18400002 1 TOUCH_UP i
1401601083963 6 4098 160.5 827.951 0.33333334 5.0 5.0 5.0 5.0 0.0 0.2 0 TOUCH_DOWN e
1401601083978 6 4098 160.5 827.951 0.33333334 5.0 5.0 5.0 5.0 0.0 0.208 2 TOUCH_MOVE e
1401601083994 6 4098 161.97525 826.4757 0.3 5.0 5.0 5.0 5.0 0.0 0.216 2 TOUCH_MOVE e
1401601084010 6 4098 166.25417 824.5493 0.3 5.0 5.0 5.0 5.0 0.0 0.224 2 TOUCH_MOVE e
1401601084029 6 4098 170.77718 822.7401 0.3 5.0 5.0 5.0 5.0 0.0 0.22800002 2 TOUCH_MOVE e
1401601084044 6 4098 173.74709 821.57745 0.3 5.0 5.0 5.0 5.0 0.0 0.22800002 2 TOUCH_MOVE e
1401601084064 6 4098 175.5 820.701 0.3 5.0 5.0 5.0 5.0 0.0 0.22800002 2 TOUCH_MOVE e
1401601084092 6 4098 175.5 820.701 0.3 5.0 5.0 5.0 5.0 0.0 0.22800002 1 TOUCH_UP e
1401601084252 6 4098 343.5 831.951 0.33333334 5.0 5.0 5.0 5.0 0.0 0.216 0 TOUCH_DOWN t
1401601084294 6 4098 342.93124 831.951 0.3 5.0 5.0 5.0 5.0 0.0 0.21200001 2 TOUCH_MOVE t
1401601084311 6 4098 343.0 831.951 0.26666668 4.0 4.0 4.0 4.0 0.0 0.18800001 2 TOUCH_MOVE t
1401601084317 6 4098 343.0 831.951 0.20000002 3.0 3.0 3.0 3.0 0.0 0.1 2 TOUCH_MOVE t
1401601084322 6 4098 343.0 831.951 0.20000002 3.0 3.0 3.0 3.0 0.0 0.1 1 TOUCH_UP t
1401601084910 6 4098 209.5 962.951 0.20000002 4.0 4.0 4.0 4.0 0.0 0.19600001 0 TOUCH_DOWN d
1401601084929 6 4098 209.5 962.951 0.23333335 5.0 5.0 5.0 5.0 0.0 0.20400001 2 TOUCH_MOVE d
1401601084961 6 4098 209.5 962.12915 0.26666668 5.0 5.0 5.0 5.0 0.0 0.216 2 TOUCH_MOVE d
1401601084978 6 4098 209.5 961.701 0.26666668 5.0 5.0 5.0 5.0 0.0 0.216 2 TOUCH_MOVE d
1401601085021 6 4098 209.5 961.701 0.26666668 5.0 5.0 5.0 5.0 0.0 0.216 1 TOUCH_UP d
1401601085174 6 4098 552.5 808.951 0.26666668 5.0 5.0 5.0 5.0 0.0 0.19600001 0 TOUCH_DOWN i
1401601085210 6 4098 552.5 808.951 0.26666668 5.0 5.0 5.0 5.0 0.0 0.2 2 TOUCH_MOVE i
1401601085229 6 4098 551.8842 808.951 0.26666668 5.0 5.0 5.0 5.0 0.0 0.20400001 2 TOUCH_MOVE i
1401601085258 6 4098 551.8842 808.951 0.26666668 5.0 5.0 5.0 5.0 0.0 0.20400001 1 TOUCH_UP i
1401601085842 6 4098 700.0 1059.4509 0.20000002 4.0 4.0 4.0 4.0 0.0 0.192 0 TOUCH_DOWN Back
1401601085862 6 4098 700.0 1059.4509 0.20000002 4.0 4.0 4.0 4.0 0.0 0.19600001 2 TOUCH_MOVE Back
1401601085879 6 4098 699.7365 1060.2144 0.26666668 4.0 4.0 4.0 4.0 0.0 0.20400001 2 TOUCH_MOVE Back
1401601085895 6 4098 698.7708 1061.1802 0.23333335 4.0 4.0 4.0 4.0 0.0 0.20400001 2 TOUCH_MOVE Back
1401601085912 6 4098 697.81195 1062.6389 0.26666668 4.0 4.0 4.0 4.0 0.0 0.2 2 TOUCH_MOVE Back
1401601085934 6 4098 697.5 1063.4509 0.20000002 4.0 4.0 4.0 4.0 0.0 0.18400002 2 TOUCH_MOVE Back
1401601085938 6 4098 697.5 1063.4509 0.16666667 3.0 3.0 3.0 3.0 0.0 0.120000005 2 TOUCH_MOVE Back
1401601085943 6 4098 697.5 1063.4509 0.16666667 3.0 3.0 3.0 3.0 0.0 0.120000005 1 TOUCH_UP Back
1401601086059 6 4098 683.5 1073.9509 0.23333335 4.0 4.0 4.0 4.0 0.0 0.192 0 TOUCH_DOWN Back
1401601086152 6 4098 683.5 1073.9509 0.23333335 4.0 4.0 4.0 4.0 0.0 0.192 1 TOUCH_UP Back
1401601086250 6 4098 682.5 1074.4509 0.20000002 4.0 4.0 4.0 4.0 0.0 0.18 0 TOUCH_DOWN Back
1401601086271 6 4098 682.5 1074.4509 0.23333335 4.0 4.0 4.0 4.0 0.0 0.18400002 2 TOUCH_MOVE Back
1401601086305 6 4098 682.5 1074.4509 0.23333335 4.0 4.0 4.0 4.0 0.0 0.18400002 1 TOUCH_UP Back
1401601087099 6 4098 332.0 817.451 0.3 5.0 5.0 5.0 5.0 0.0 0.208 0 TOUCH_DOWN t
1401601087194 6 4098 330.95905 817.451 0.3 5.0 5.0 5.0 5.0 0.0 0.22800002 2 TOUCH_MOVE t
1401601087198 6 4098 328.0 816.951 0.26666668 4.0 4.0 4.0 4.0 0.0 0.19600001 2 TOUCH_MOVE t
1401601087203 6 4098 328.0 816.951 0.20000002 3.0 3.0 3.0 3.0 0.0 0.1 2 TOUCH_MOVE t
1401601087207 6 4098 328.0 816.951 0.20000002 3.0 3.0 3.0 3.0 0.0 0.1 1 TOUCH_UP t
1401601087526 6 4098 328.5 1218.9509 0.26666668 5.0 5.0 5.0 5.0 0.0 0.208 0 TOUCH_DOWN Space
1401601087597 6 4098 332.31305 1217.2944 0.26666668 5.0 5.0 5.0 5.0 0.0 0.20400001 2 TOUCH_MOVE Space
1401601087602 6 4098 333.0 1216.9509 0.23333335 4.0 4.0 4.0 4.0 0.0 0.18400002 2 TOUCH_MOVE Space
1401601087605 6 4098 333.0 1216.9509 0.23333335 4.0 4.0 4.0 4.0 0.0 0.18400002 1 TOUCH_UP Space
1401601088274 6 4098 213.5 968.451 0.23333335 5.0 5.0 5.0 5.0 0.0 0.18800001 0 TOUCH_DOWN d
1401601088298 6 4098 213.5 968.451 0.23333335 5.0 5.0 5.0 5.0 0.0 0.192 2 TOUCH_MOVE d
1401601088331 6 4098 212.94505 968.451 0.23333335 5.0 5.0 5.0 5.0 0.0 0.21200001 2 TOUCH_MOVE d
1401601088348 6 4098 212.76389 967.951 0.26666668 5.0 5.0 5.0 5.0 0.0 0.216 2 TOUCH_MOVE d
1401601088364 6 4098 212.5 967.2518 0.26666668 5.0 5.0 5.0 5.0 0.0 0.216 2 TOUCH_MOVE d
1401601088381 6 4098 211.92592 967.451 0.26666668 5.0 5.0 5.0 5.0 0.0 0.208 2 TOUCH_MOVE d
1401601088398 6 4098 211.25 967.451 0.26666668 5.0 5.0 5.0 5.0 0.0 0.20400001 2 TOUCH_MOVE d
1401601088410 6 4098 211.25 967.451 0.26666668 5.0 5.0 5.0 5.0 0.0 0.20400001 1 TOUCH_UP d
1401601088694 6 4098 548.0 821.951 0.26666668 4.0 4.0 4.0 4.0 0.0 0.20400001 0 TOUCH_DOWN i
1401601088698 6 4098 548.0 821.951 0.26666668 4.0 4.0 4.0 4.0 0.0 0.208 2 TOUCH_MOVE i
1401601088762 6 4098 548.0 821.951 0.26666668 4.0 4.0 4.0 4.0 0.0 0.17600001 2 TOUCH_MOVE i
1401601088766 6 4098 548.0 821.951 0.26666668 4.0 4.0 4.0 4.0 0.0 0.17600001 1 TOUCH_UP i
1401601089327 6 4098 204.5 967.451 0.20000002 4.0 4.0 4.0 4.0 0.0 0.192 0 TOUCH_DOWN d
1401601089400 6 4098 204.5 966.701 0.26666668 5.0 5.0 5.0 5.0 0.0 0.224 2 TOUCH_MOVE d
1401601089498 6 4098 204.5 966.701 0.26666668 5.0 5.0 5.0 5.0 0.0 0.224 1 TOUCH_UP d
1401601089593 6 4098 485.5 826.451 0.3 5.0 5.0 5.0 5.0 0.0 0.21200001 0 TOUCH_DOWN u
1401601089616 6 4098 485.051 826.451 0.3 5.0 5.0 5.0 5.0 0.0 0.216 2 TOUCH_MOVE u
1401601089633 6 4098 484.14203 826.451 0.33333334 5.0 5.0 5.0 5.0 0.0 0.23200001 2 TOUCH_MOVE u
1401601089649 6 4098 483.75 826.451 0.33333334 5.0 5.0 5.0 5.0 0.0 0.23200001 2 TOUCH_MOVE u
1401601089682 6 4098 484.96484 826.6834 0.33333334 5.0 5.0 5.0 5.0 0.0 0.22000001 2 TOUCH_MOVE u
1401601089699 6 4098 486.87466 827.6383 0.3 5.0 5.0 5.0 5.0 0.0 0.2 2 TOUCH_MOVE u
1401601089707 6 4098 488.0 827.951 0.33333334 5.0 5.0 5.0 5.0 0.0 0.18400002 2 TOUCH_MOVE u
1401601089710 6 4098 488.0 827.951 0.33333334 5.0 5.0 5.0 5.0 0.0 0.18400002 1 TOUCH_UP u
1401601089889 6 4098 630.5 812.951 0.26666668 4.0 4.0 4.0 4.0 0.0 0.19600001 0 TOUCH_DOWN o
1401601089899 6 4098 630.5 812.951 0.26666668 4.0 4.0 4.0 4.0 0.0 0.2 2 TOUCH_MOVE o
1401601089937 6 4098 630.5 813.5955 0.26666668 4.0 4.0 4.0 4.0 0.0 0.21200001 2 TOUCH_MOVE o
1401601089950 6 4098 630.5 814.201 0.26666668 4.0 4.0 4.0 4.0 0.0 0.21200001 2 TOUCH_MOVE o
1401601089985 6 4098 630.5 814.951 0.23333335 4.0 4.0 4.0 4.0 0.0 0.18400002 2 TOUCH_MOVE o
1401601089988 6 4098 630.5 814.951 0.23333335 4.0 4.0 4.0 4.0 0.0 0.18400002 1 TOUCH_UP o
1401601090393 6 4098 702.0 1090.9509 0.20000002 3.0 3.0 3.0 3.0 0.0 0.18800001 0 TOUCH_DOWN Back
1401601090400 6 4098 702.0 1090.9509 0.16666667 3.0 3.0 3.0 3.0 0.0 0.192 2 TOUCH_MOVE Back
1401601090434 6 4098 702.0 1092.0216 0.16666667 3.0 3.0 3.0 3.0 0.0 0.2 2 TOUCH_MOVE Back
1401601090450 6 4098 702.0 1092.7009 0.16666667 3.0 3.0 3.0 3.0 0.0 0.19600001 2 TOUCH_MOVE Back
1401601090484 6 4098 702.6112 1092.4509 0.16666667 3.0 3.0 3.0 3.0 0.0 0.18 2 TOUCH_MOVE Back
1401601090490 6 4098 702.6112 1092.4509 0.16666667 3.0 3.0 3.0 3.0 0.0 0.18 1 TOUCH_UP Back
1401601090582 6 4098 696.0 1081.4509 0.13333334 2.0 2.0 2.0 2.0 0.0 0.18400002 0 TOUCH_DOWN Back
1401601090600 6 4098 696.0 1081.4509 0.16666667 3.0 3.0 3.0 3.0 0.0 0.192 2 TOUCH_MOVE Back
1401601090633 6 4098 694.9822 1081.4509 0.16666667 3.0 3.0 3.0 3.0 0.0 0.192 2 TOUCH_MOVE Back
1401601090650 6 4098 693.9128 1081.4509 0.16666667 3.0 3.0 3.0 3.0 0.0 0.18800001 2 TOUCH_MOVE Back
1401601090673 6 4098 693.9128 1081.4509 0.16666667 3.0 3.0 3.0 3.0 0.0 0.18800001 1 TOUCH_UP Back
1401601090754 6 4098 693.0 1077.4509 0.13333334 2.0 2.0 2.0 2.0 0.0 0.18400002 0 TOUCH_DOWN Back
1401601090767 6 4098 693.0 1077.4509 0.16666667 3.0 3.0 3.0 3.0 0.0 0.192 2 TOUCH_MOVE Back
1401601090802 6 4098 691.75055 1077.4509 0.20000002 4.0 4.0 4.0 4.0 0.0 0.2 2 TOUCH_MOVE Back
1401601090820 6 4098 691.25 1077.4509 0.23333335 4.0 4.0 4.0 4.0 0.0 0.2 2 TOUCH_MOVE Back
1401601090885 6 4098 691.25 1077.4509 0.23333335 4.0 4.0 4.0 4.0 0.0 0.2 1 TOUCH_UP Back
1401601091631 6 4098 343.0 1211.4509 0.23333335 4.0 4.0 4.0 4.0 0.0 0.2 0 TOUCH_DOWN Space
1401601091726 6 4098 343.0 1211.4509 0.20000002 3.0 3.0 3.0 3.0 0.0 0.18 2 TOUCH_MOVE Space
1401601091729 6 4098 343.0 1211.4509 0.20000002 3.0 3.0 3.0 3.0 0.0 0.18 1 TOUCH_UP Space
1401601092074 6 4098 196.5 962.951 0.16666667 3.0 3.0 3.0 3.0 0.0 0.18800001 0 TOUCH_DOWN d
1401601092088 6 4098 196.5 962.951 0.20000002 4.0 4.0 4.0 4.0 0.0 0.19600001 2 TOUCH_MOVE d
1401601092214 6 4098 196.5 962.951 0.20000002 4.0 4.0 4.0 4.0 0.0 0.19600001 1 TOUCH_UP d
1401601092511 6 4098 475.5 838.451 0.23333335 4.0 4.0 4.0 4.0 0.0 0.2 0 TOUCH_DOWN u
1401601092535 6 4098 475.5 838.451 0.23333335 4.0 4.0 4.0 4.0 0.0 0.20400001 2 TOUCH_MOVE u
1401601092569 6 4098 474.5 837.1662 0.23333335 4.0 4.0 4.0 4.0 0.0 0.208 2 TOUCH_MOVE u
1401601092585 6 4098 474.5 836.701 0.26666668 4.0 4.0 4.0 4.0 0.0 0.208 2 TOUCH_MOVE u
1401601092616 6 4098 474.5 836.701 0.26666668 4.0 4.0 4.0 4.0 0.0 0.208 1 TOUCH_UP u
1401601092801 6 4098 608.0 829.951 0.33333334 5.0 5.0 5.0 5.0 0.0 0.2 0 TOUCH_DOWN o
1401601092852 6 4098 609.9584 829.2982 0.33333334 5.0 5.0 5.0 5.0 0.0 0.208 2 TOUCH_MOVE o
1401601092868 6 4098 613.9163 828.3469 0.3 5.0 5.0 5.0 5.0 0.0 0.19600001 2 TOUCH_MOVE o
1401601092878 6 4098 615.0 828.451 0.3 5.0 5.0 5.0 5.0 0.0 0.18400002 2 TOUCH_MOVE o
1401601092883 6 4098 615.0 828.451 0.3 5.0 5.0 5.0 5.0 0.0 0.18400002 1 TOUCH_UP o
1401601093183 6 4098 514.0 1121.9509 0.3 5.0 5.0 5.0 5.0 0.0 0.192 0 TOUCH_DOWN n
1401601093205 6 4098 513.5668 1121.5177 0.3 5.0 5.0 5.0 5.0 0.0 0.2 2 TOUCH_MOVE n
1401601093219 6 4098 512.6711 1120.622 0.3 5.0 5.0 5.0 5.0 0.0 0.208 2 TOUCH_MOVE n
1401601093236 6 4098 512.0 1119.1819 0.3 5.0 5.0 5.0 5.0 0.0 0.208 2 TOUCH_MOVE n
1401601093253 6 4098 512.0 1118.2211 0.3 5.0 5.0 5.0 5.0 0.0 0.208 2 TOUCH_MOVE n
1401601093292 6 4098 512.0 1118.2211 0.3 5.0 5.0 5.0 5.0 0.0 0.208 1 TOUCH_UP n
1401601093444 6 4098 355.0 951.451 0.20000002 4.0 4.0 4.0 4.0 0.0 0.19600001 0 TOUCH_DOWN g
1401601093452 6 4098 355.0 951.451 0.20000002 4.0 4.0 4.0 4.0 0.0 0.20400001 2 TOUCH_MOVE g
1401601093488 6 4098 356.2273 950.451 0.3 5.0 5.0 5.0 5.0 0.0 0.216 2 TOUCH_MOVE g
1401601093502 6 4098 356.75 950.451 0.3 5.0 5.0 5.0 5.0 0.0 0.22000001 2 TOUCH_MOVE g
1401601093527 6 4098 357.05176 950.451 0.3 5.0 5.0 5.0 5.0 0.0 0.208 2 TOUCH_MOVE g
1401601093537 6 4098 357.75 950.451 0.23333335 4.0 4.0 4.0 4.0 0.0 0.192 2 TOUCH_MOVE g
1401601093541 6 4098 357.75 950.451 0.23333335 4.0 4.0 4.0 4.0 0.0 0.192 1 TOUCH_UP g
1401601093816 6 4098 358.5 1239.9509 0.13333334 2.0 2.0 2.0 2.0 0.0 0.18800001 0 TOUCH_DOWN Space
1401601093853 6 4098 358.0 1237.6234 0.16666667 3.0 3.0 3.0 3.0 0.0 0.19600001 2 TOUCH_MOVE Space
1401601093879 6 4098 358.0 1236.576 0.16666667 3.0 3.0 3.0 3.0 0.0 0.192 2 TOUCH_MOVE Space
1401601093886 6 4098 359.16977 1236.1161 0.13333334 2.0 2.0 2.0 2.0 0.0 0.18800001 2 TOUCH_MOVE Space
1401601093901 6 4098 359.5 1235.9509 0.10000001 2.0 2.0 2.0 2.0 0.0 0.14 2 TOUCH_MOVE Space
1401601093922 6 4098 359.5 1235.9509 0.10000001 2.0 2.0 2.0 2.0 0.0 0.14 1 TOUCH_UP Space
1401601094259 6 4098 504.0 1112.9509 0.33333334 5.0 5.0 5.0 5.0 0.0 0.18800001 0 TOUCH_DOWN n
1401601094295 6 4098 504.0 1112.9509 0.33333334 5.0 5.0 5.0 5.0 0.0 0.18800001 1 TOUCH_UP n
1401601094536 6 4098 43.5 974.951 0.16666667 3.0 3.0 3.0 3.0 0.0 0.17600001 0 TOUCH_DOWN a
1401601094561 6 4098 43.5 974.951 0.16666667 3.0 3.0 3.0 3.0 0.0 0.18 2 TOUCH_MOVE a
1401601094615 6 4098 43.5 974.951 0.16666667 3.0 3.0 3.0 3.0 0.0 0.18 1 TOUCH_UP a
1401601094867 6 4098 627.5 821.451 0.26666668 4.0 4.0 4.0 4.0 0.0 0.18800001 0 TOUCH_DOWN o
1401601094872 6 4098 627.5 821.451 0.26666668 4.0 4.0 4.0 4.0 0.0 0.192 2 TOUCH_MOVE o
1401601094908 6 4098 627.5 821.451 0.26666668 4.0 4.0 4.0 4.0 0.0 0.192 1 TOUCH_UP o
