1401601019548 6 4098 686.5 1071.4509 0.23333335 4.0 4.0 4.0 4.0 0.0 0.19600001 0 TOUCH_DOWN Back
1401601019572 6 4098 686.5 1071.4509 0.23333335 4.0 4.0 4.0 4.0 0.0 0.20400001 2 TOUCH_MOVE Back
1401601019622 6 4098 685.25 1071.4509 0.26666668 4.0 4.0 4.0 4.0 0.0 0.21200001 2 TOUCH_MOVE Back
1401601019643 6 4098 685.25 1071.4509 0.26666668 4.0 4.0 4.0 4.0 0.0 0.21200001 1 TOUCH_UP Back
1401601020226 6 4098 18.0 1083.9509 0.10000001 2.0 2.0 2.0 2.0 0.0 0.15200001 0 TOUCH_DOWN Change
1401601020234 6 4098 18.0 1083.9509 0.10000001 2.0 2.0 2.0 2.0 0.0 0.18 2 TOUCH_MOVE Change
1401601020253 6 4098 23.923 1082.968 0.13333334 2.0 2.0 2.0 2.0 0.0 0.18400002 2 TOUCH_MOVE Change
1401601020267 6 4098 32.361755 1081.0308 0.13333334 2.0 2.0 2.0 2.0 0.0 0.18800001 2 TOUCH_MOVE Change
1401601020284 6 4098 36.332832 1080.4509 0.16666667 3.0 3.0 3.0 3.0 0.0 0.18800001 2 TOUCH_MOVE Change
1401601020301 6 4098 37.0 1081.3315 0.13333334 2.0 2.0 2.0 2.0 0.0 0.18400002 2 TOUCH_MOVE Change
1401601020306 6 4098 37.0 1081.4509 0.13333334 2.0 2.0 2.0 2.0 0.0 0.16800001 2 TOUCH_MOVE Change
1401601020309 6 4098 37.0 1081.4509 0.13333334 2.0 2.0 2.0 2.0 0.0 0.16800001 1 TOUCH_UP Change
1401601020652 6 4098 284.0 1095.9509 0.26666668 4.0 4.0 4.0 4.0 0.0 0.18800001 0 TOUCH_DOWN C
1401601020670 6 4098 284.0 1096.5192 0.3 5.0 5.0 5.0 5.0 0.0 0.208 2 TOUCH_MOVE C
1401601020685 6 4098 281.9598 1097.9911 0.3 5.0 5.0 5.0 5.0 0.0 0.21200001 2 TOUCH_MOVE C
1401601020701 6 4098 280.03802 1099.4319 0.3 5.0 5.0 5.0 5.0 0.0 0.216 2 TOUCH_MOVE C
1401601020718 6 4098 279.1105 1100.3405 0.3 5.0 5.0 5.0 5.0 0.0 0.22000001 2 TOUCH_MOVE C
1401601020735 6 4098 278.09286 1100.9509 0.3 5.0 5.0 5.0 5.0 0.0 0.22000001 2 TOUCH_MOVE C
1401601020751 6 4098 277.5 1099.7881 0.3 5.0 5.0 5.0 5.0 0.0 0.216 2 TOUCH_MOVE C
1401601020770 6 4098 278.0 1096.9509 0.23333335 4.0 4.0 4.0 4.0 0.0 0.192 2 TOUCH_MOVE C
1401601020782 6 4098 278.0 1096.9509 0.23333335 5.0 5.0 5.0 5.0 0.0 0.16000001 2 TOUCH_MOVE C
1401601020786 6 4098 278.0 1096.9509 0.23333335 5.0 5.0 5.0 5.0 0.0 0.16000001 1 TOUCH_UP C
1401601020905 6 4098 625.0 804.451 0.20000002 4.0 4.0 4.0 4.0 0.0 0.2 0 TOUCH_DOWN o
1401601020918 6 4098 625.0 804.451 0.23333335 5.0 5.0 5.0 5.0 0.0 0.20400001 2 TOUCH_MOVE o
1401601020951 6 4098 623.57715 804.951 0.26666668 5.0 5.0 5.0 5.0 0.0 0.216 2 TOUCH_MOVE o
1401601020968 6 4098 622.63275 806.1855 0.26666668 5.0 5.0 5.0 5.0 0.0 0.21200001 2 TOUCH_MOVE o
1401601020985 6 4098 618.125 815.04034 0.3 5.0 5.0 5.0 5.0 0.0 0.2 2 TOUCH_MOVE o
1401601020991 6 4098 617.0 817.451 0.33333334 5.0 5.0 5.0 5.0 0.0 0.18400002 2 TOUCH_MOVE o
1401601020994 6 4098 617.0 817.451 0.33333334 5.0 5.0 5.0 5.0 0.0 0.18400002 1 TOUCH_UP o
1401601021200 6 4098 524.0 1082.9509 0.16666667 3.0 3.0 3.0 3.0 0.0 0.2 0 TOUCH_DOWN n
1401601021221 6 4098 524.0 1082.9509 0.20000002 4.0 4.0 4.0 4.0 0.0 0.208 2 TOUCH_MOVE n
1401601021252 6 4098 526.0006 1082.2007 0.23333335 4.0 4.0 4.0 4.0 0.0 0.21200001 2 TOUCH_MOVE n
1401601021268 6 4098 528.8524 1081.9509 0.23333335 4.0 4.0 4.0 4.0 0.0 0.208 2 TOUCH_MOVE n
1401601021286 6 4098 532.3951 1082.4299 0.20000002 4.0 4.0 4.0 4.0 0.0 0.20400001 2 TOUCH_MOVE n
1401601021294 6 4098 534.5 1083.4509 0.16666667 3.0 3.0 3.0 3.0 0.0 0.17600001 2 TOUCH_MOVE n
1401601021299 6 4098 534.5 1083.4509 0.16666667 3.0 3.0 3.0 3.0 0.0 0.17600001 1 TOUCH_UP n
1401601021536 6 4098 354.0 1223.4509 0.20000002 3.0 3.0 3.0 3.0 0.0 0.19600001 0 TOUCH_DOWN Space
1401601021554 6 4098 354.0 1224.0345 0.23333335 4.0 4.0 4.0 4.0 0.0 0.2 2 TOUCH_MOVE Space
1401601021569 6 4098 352.44806 1224.9769 0.23333335 4.0 4.0 4.0 4.0 0.0 0.2 2 TOUCH_MOVE Space
1401601021585 6 4098 351.0684 1225.3826 0.23333335 4.0 4.0 4.0 4.0 0.0 0.2 2 TOUCH_MOVE Space
1401601021602 6 4098 350.5 1225.923 0.23333335 4.0 4.0 4.0 4.0 0.0 0.2 2 TOUCH_MOVE Space
1401601021619 6 4098 351.42206 1225.9509 0.23333335 4.0 4.0 4.0 4.0 0.0 0.19600001 2 TOUCH_MOVE Space
1401601021642 6 4098 351.5 1225.9509 0.20000002 3.0 3.0 3.0 3.0 0.0 0.136 2 TOUCH_MOVE Space
1401601021646 6 4098 351.5 1225.9509 0.20000002 3.0 3.0 3.0 3.0 0.0 0.136 1 TOUCH_UP Space
1401601021972 6 4098 268.0 1094.4509 0.23333335 4.0 4.0 4.0 4.0 0.0 0.18800001 0 TOUCH_DOWN c
1401601021996 6 4098 268.0 1094.7384 0.26666668 5.0 5.0 5.0 5.0 0.0 0.2 2 TOUCH_MOVE c
1401601022004 6 4098 268.0 1095.5356 0.3 5.0 5.0 5.0 5.0 0.0 0.216 2 TOUCH_MOVE c
1401601022019 6 4098 268.0 1095.9633 0.3 5.0 5.0 5.0 5.0 0.0 0.22000001 2 TOUCH_MOVE c
1401601022052 6 4098 268.0 1096.6038 0.3 5.0 5.0 5.0 5.0 0.0 0.224 2 TOUCH_MOVE c
1401601022103 6 4098 268.0 1097.0411 0.3 5.0 5.0 5.0 5.0 0.0 0.22000001 2 TOUCH_MOVE c
1401601022119 6 4098 268.0 1096.9509 0.23333335 4.0 4.0 4.0 4.0 0.0 0.192 2 TOUCH_MOVE c
1401601022129 6 4098 268.0 1096.9509 0.23333335 4.0 4.0 4.0 4.0 0.0 0.192 1 TOUCH_UP c
1401601022483 6 4098 625.0 843.451 0.26666668 4.0 4.0 4.0 4.0 0.0 0.20400001 0 TOUCH_DOWN o
1401601022505 6 4098 624.52277 842.49646 0.3 5.0 5.0 5.0 5.0 0.0 0.21200001 2 TOUCH_MOVE o
1401601022520 6 4098 623.597 840.145 0.3 5.0 5.0 5.0 5.0 0.0 0.22000001 2 TOUCH_MOVE o
1401601022537 6 4098 622.75 838.451 0.3 5.0 5.0 5.0 5.0 0.0 0.22000001 2 TOUCH_MOVE o
1401601022569 6 4098 621.5 842.451 0.23333335 5.0 5.0 5.0 5.0 0.0 0.132 2 TOUCH_MOVE o
1401601022576 6 4098 621.5 842.451 0.23333335 5.0 5.0 5.0 5.0 0.0 0.132 1 TOUCH_UP o
1401601022776 6 4098 399.5 1226.4509 0.23333335 4.0 4.0 4.0 4.0 0.0 0.192 0 TOUCH_DOWN ,
1401601022787 6 4098 399.5 1226.4509 0.26666668 5.0 5.0 5.0 5.0 0.0 0.19600001 2 TOUCH_MOVE ,
1401601022806 6 4098 398.71732 1226.4509 0.26666668 5.0 5.0 5.0 5.0 0.0 0.2 2 TOUCH_MOVE ,
1401601022831 6 4098 397.75586 1226.4509 0.26666668 5.0 5.0 5.0 5.0 0.0 0.2 2 TOUCH_MOVE ,
1401601022837 6 4098 397.25 1226.4509 0.23333335 4.0 4.0 4.0 4.0 0.0 0.19600001 2 TOUCH_MOVE ,
1401601022850 6 4098 397.25 1226.4509 0.23333335 4.0 4.0 4.0 4.0 0.0 0.19600001 1 TOUCH_UP ,
1401601023036 6 4098 435.5 1117.9509 0.26666668 4.0 4.0 4.0 4.0 0.0 0.2 0 TOUCH_DOWN b
1401601023056 6 4098 435.5 1117.9509 0.26666668 4.0 4.0 4.0 4.0 0.0 0.20400001 2 TOUCH_MOVE b
1401601023111 6 4098 435.5 1117.9509 0.26666668 4.0 4.0 4.0 4.0 0.0 0.20400001 1 TOUCH_UP b
1401601023259 6 4098 173.0 821.451 0.26666668 4.0 4.0 4.0 4.0 0.0 0.208 0 TOUCH_DOWN e
1401601023270 6 4098 173.0 821.451 0.26666668 4.0 4.0 4.0 4.0 0.0 0.21200001 2 TOUCH_MOVE e
1401601023381 6 4098 173.0 821.451 0.26666668 4.0 4.0 4.0 4.0 0.0 0.21200001 1 TOUCH_UP e
1401601023468 6 4098 448.5 1087.9509 0.23333335 5.0 5.0 5.0 5.0 0.0 0.20400001 0 TOUCH_DOWN b
1401601023487 6 4098 448.5 1087.9509 0.23333335 5.0 5.0 5.0 5.0 0.0 0.208 2 TOUCH_MOVE b
1401601023521 6 4098 448.5 1088.4865 0.26666668 5.0 5.0 5.0 5.0 0.0 0.22000001 2 TOUCH_MOVE b
1401601023537 6 4098 448.5 1089.0166 0.26666668 5.0 5.0 5.0 5.0 0.0 0.216 2 TOUCH_MOVE b
1401601023554 6 4098 448.5 1090.0552 0.26666668 5.0 5.0 5.0 5.0 0.0 0.20400001 2 TOUCH_MOVE b
1401601023572 6 4098 448.5 1090.7009 0.26666668 5.0 5.0 5.0 5.0 0.0 0.18400002 2 TOUCH_MOVE b
1401601023583 6 4098 448.5 1090.7009 0.26666668 5.0 5.0 5.0 5.0 0.0 0.18400002 1 TOUCH_UP b
1401601024014 6 4098 702.5 1104.4509 0.20000002 4.0 4.0 4.0 4.0 0.0 0.19600001 0 TOUCH_DOWN Back
1401601024021 6 4098 702.5 1104.4509 0.20000002 4.0 4.0 4.0 4.0 0.0 0.2 2 TOUCH_MOVE Back
1401601024088 6 4098 702.0443 1104.9509 0.20000002 4.0 4.0 4.0 4.0 0.0 0.20400001 2 TOUCH_MOVE Back
1401601024101 6 4098 702.0 1104.9509 0.20000002 4.0 4.0 4.0 4.0 0.0 0.156 2 TOUCH_MOVE Back
1401601024104 6 4098 702.0 1104.9509 0.20000002 4.0 4.0 4.0 4.0 0.0 0.156 1 TOUCH_UP Back
1401601024188 6 4098 688.0 1106.9509 0.26666668 5.0 5.0 5.0 5.0 0.0 0.19600001 0 TOUCH_DOWN Back
1401601024205 6 4098 688.0 1106.9509 0.3 5.0 5.0 5.0 5.0 0.0 0.2 2 TOUCH_MOVE Back
1401601024240 6 4098 687.42523 1107.4509 0.3 5.0 5.0 5.0 5.0 0.0 0.208 2 TOUCH_MOVE Back
1401601024254 6 4098 686.9814 1107.4509 0.3 5.0 5.0 5.0 5.0 0.0 0.20400001 2 TOUCH_MOVE Back
1401601024301 6 4098 686.9814 1107.4509 0.3 5.0 5.0 5.0 5.0 0.0 0.20400001 1 TOUCH_UP Back
1401601024357 6 4098 687.5 1103.4509 0.23333335 4.0 4.0 4.0 4.0 0.0 0.192 0 TOUCH_DOWN Back
1401601024372 6 4098 687.5 1103.4509 0.26666668 4.0 4.0 4.0 4.0 0.0 0.2 2 TOUCH_MOVE Back
1401601024425 6 4098 687.5 1104.6161 0.26666668 4.0 4.0 4.0 4.0 0.0 0.208 2 TOUCH_MOVE Back
1401601024455 6 4098 686.9798 1104.4509 0.26666668 4.0 4.0 4.0 4.0 0.0 0.2 2 TOUCH_MOVE Back
1401601024475 6 4098 687.0 1104.4509 0.23333335 4.0 4.0 4.0 4.0 0.0 0.156 2 TOUCH_MOVE Back
1401601024484 6 4098 687.0 1104.4509 0.23333335 4.0 4.0 4.0 4.0 0.0 0.156 1 TOUCH_UP Back
1401601024691 6 4098 680.5 1097.4509 0.26666668 4.0 4.0 4.0 4.0 0.0 0.19600001 0 TOUCH_DOWN Back
1401601024708 6 4098 680.5 1097.4509 0.26666668 4.0 4.0 4.0 4.0 0.0 0.2 2 TOUCH_MOVE Back
1401601024738 6 4098 680.5 1098.429 0.26666668 4.0 4.0 4.0 4.0 0.0 0.20400001 2 TOUCH_MOVE Back
1401601024755 6 4098 680.5 1098.6825 0.26666668 4.0 4.0 4.0 4.0 0.0 0.208 2 TOUCH_MOVE Back
1401601024786 6 4098 680.5 1098.4509 0.23333335 4.0 4.0 4.0 4.0 0.0 0.18 2 TOUCH_MOVE Back
1401601024790 6 4098 680.5 1098.4509 0.23333335 4.0 4.0 4.0 4.0 0.0 0.18 1 TOUCH_UP Back
1401601025126 6 4098 346.0 1248.9509 0.16666667 4.0 4.0 4.0 4.0 0.0 0.18400002 0 TOUCH_DOWN Space
1401601025160 6 4098 344.9871 1247.4252 0.16666667 4.0 4.0 4.0 4.0 0.0 0.192 2 TOUCH_MOVE Space
1401601025172 6 4098 344.01556 1245.9664 0.16666667 4.0 4.0 4.0 4.0 0.0 0.18800001 2 TOUCH_MOVE Space
1401601025189 6 4098 344.4428 1245.4509 0.16666667 4.0 4.0 4.0 4.0 0.0 0.18400002 2 TOUCH_MOVE Space
1401601025201 6 4098 344.5 1245.4509 0.13333334 3.0 3.0 3.0 3.0 0.0 0.17600001 2 TOUCH_MOVE Space
1401601025206 6 4098 344.5 1245.4509 0.13333334 3.0 3.0 3.0 3.0 0.0 0.17600001 1 TOUCH_UP Space
1401601025441 6 4098 424.5 1109.9509 0.3 5.0 5.0 5.0 5.0 0.0 0.208 0 TOUCH_DOWN b
1401601025457 6 4098 424.0829 1110.368 0.3 5.0 5.0 5.0 5.0 0.0 0.21200001 2 TOUCH_MOVE b
1401601025482 6 4098 422.38315 1111.2594 0.3 5.0 5.0 5.0 5.0 0.0 0.216 2 TOUCH_MOVE b
1401601025491 6 4098 420.5167 1112.1926 0.3 5.0 5.0 5.0 5.0 0.0 0.216 2 TOUCH_MOVE b
1401601025506 6 4098 419.2714 1113.1796 0.3 5.0 5.0 5.0 5.0 0.0 0.208 2 TOUCH_MOVE b
1401601025523 6 4098 418.25143 1113.4509 0.23333335 5.0 5.0 5.0 5.0 0.0 0.192 2 TOUCH_MOVE b
1401601025537 6 4098 418.25143 1113.4509 0.23333335 5.0 5.0 5.0 5.0 0.0 0.192 1 TOUCH_UP b
1401601025614 6 4098 141.0 828.451 0.26666668 5.0 5.0 5.0 5.0 0.0 0.2 0 TOUCH_DOWN w
1401601025640 6 4098 141.0 827.5202 0.3 5.0 5.0 5.0 5.0 0.0 0.20400001 2 TOUCH_MOVE w
1401601025656 6 4098 142.29184 824.3673 0.26666668 4.0 4.0 4.0 4.0 0.0 0.22000001 2 TOUCH_MOVE w
1401601025678 6 4098 144.0 821.701 0.3 5.0 5.0 5.0 5.0 0.0 0.22800002 2 TOUCH_MOVE w
1401601025690 6 4098 147.13535 819.6333 0.3 5.0 5.0 5.0 5.0 0.0 0.23200001 2 TOUCH_MOVE w
1401601025706 6 4098 149.06264 818.6697 0.3 5.0 5.0 5.0 5.0 0.0 0.23200001 2 TOUCH_MOVE w
1401601025723 6 4098 150.24591 817.951 0.3 5.0 5.0 5.0 5.0 0.0 0.23600002 2 TOUCH_MOVE w
1401601025739 6 4098 151.12067 817.951 0.3 5.0 5.0 5.0 5.0 0.0 0.23200001 2 TOUCH_MOVE w
1401601025791 6 4098 151.0 817.951 0.20000002 3.0 3.0 3.0 3.0 0.0 0.1 2 TOUCH_MOVE w
1401601025795 6 4098 151.0 817.951 0.20000002 3.0 3.0 3.0 3.0 0.0 0.1 1 TOUCH_UP w
1401601025983 6 4098 319.0 1239.9509 0.16666667 4.0 4.0 4.0 4.0 0.0 0.18800001 0 TOUCH_DOWN Space
1401601026024 6 4098 316.84448 1241.0287 0.16666667 4.0 4.0 4.0 4.0 0.0 0.192 2 TOUCH_MOVE Space
1401601026040 6 4098 315.96472 1241.9862 0.16666667 4.0 4.0 4.0 4.0 0.0 0.18800001 2 TOUCH_MOVE Space
1401601026056 6 4098 316.0 1242.9513 0.16666667 4.0 4.0 4.0 4.0 0.0 0.18 2 TOUCH_MOVE Space
1401601026068 6 4098 316.0 1242.9509 0.16666667 4.0 4.0 4.0 4.0 0.0 0.15200001 2 TOUCH_MOVE Space
1401601026075 6 4098 316.0 1242.9509 0.16666667 4.0 4.0 4.0 4.0 0.0 0.15200001 1 TOUCH_UP Space
1401601026528 6 4098 690.5 1083.4509 0.16666667 3.0 3.0 3.0 3.0 0.0 0.192 0 TOUCH_DOWN Back
1401601026540 6 4098 690.5 1083.4509 0.20000002 4.0 4.0 4.0 4.0 0.0 0.2 2 TOUCH_MOVE Back
1401601026592 6 4098 690.5 1084.0321 0.20000002 4.0 4.0 4.0 4.0 0.0 0.20400001 2 TOUCH_MOVE Back
1401601026626 6 4098 690.5 1084.0321 0.20000002 4.0 4.0 4.0 4.0 0.0 0.20400001 1 TOUCH_UP Back
1401601026717 6 4098 670.5 1084.4509 0.23333335 5.0 5.0 5.0 5.0 0.0 0.19600001 0 TOUCH_DOWN Back
1401601026811 6 4098 670.5 1084.4509 0.23333335 5.0 5.0 5.0 5.0 0.0 0.19600001 1 TOUCH_UP Back
1401601027259 6 4098 320.0 1249.4509 0.16666667 4.0 4.0 4.0 4.0 0.0 0.18 0 TOUCH_DOWN Space
1401601027291 6 4098 319.42322 1249.4509 0.16666667 4.0 4.0 4.0 4.0 0.0 0.18400002 2 TOUCH_MOVE Space
1401601027324 6 4098 319.5 1250.6185 0.16666667 4.0 4.0 4.0 4.0 0.0 0.17600001 2 TOUCH_MOVE Space
1401601027344 6 4098 319.5 1250.6185 0.16666667 4.0 4.0 4.0 4.0 0.0 0.17600001 1 TOUCH_UP Space
1401601027655 6 4098 675.5 1082.4509 0.20000002 4.0 4.0 4.0 4.0 0.0 0.19600001 0 TOUCH_DOWN Back
1401601027747 6 4098 675.5 1082.4509 0.20000002 4.0 4.0 4.0 4.0 0.0 0.19600001 1 TOUCH_UP Back
1401601027976 6 4098 187.0 820.951 0.23333335 4.0 4.0 4.0 4.0 0.0 0.208 0 TOUCH_DOWN e
1401601027995 6 4098 187.0 820.951 0.26666668 4.0 4.0 4.0 4.0 0.0 0.216 2 TOUCH_MOVE e
1401601028041 6 4098 187.57669 820.37427 0.3 5.0 5.0 5.0 5.0 0.0 0.23200001 2 TOUCH_MOVE e
1401601028091 6 4098 187.05025 819.951 0.26666668 4.0 4.0 4.0 4.0 0.0 0.216 2 TOUCH_MOVE e
1401601028104 6 4098 187.0 819.951 0.26666668 4.0 4.0 4.0 4.0 0.0 0.2 2 TOUCH_MOVE e
1401601028108 6 4098 187.0 819.951 0.26666668 4.0 4.0 4.0 4.0 0.0 0.2 1 TOUCH_UP e
1401601028330 6 4098 307.5 1249.4509 0.16666667 4.0 4.0 4.0 4.0 0.0 0.18400002 0 TOUCH_DOWN Space
1401601028374 6 4098 306.67673 1247.4811 0.16666667 4.0 4.0 4.0 4.0 0.0 0.192 2 TOUCH_MOVE Space
1401601028392 6 4098 306.7748 1244.1761 0.16666667 4.0 4.0 4.0 4.0 0.0 0.192 2 TOUCH_MOVE Space
1401601028409 6 4098 309.24026 1243.2042 0.16666667 4.0 4.0 4.0 4.0 0.0 0.18800001 2 TOUCH_MOVE Space
1401601028428 6 4098 312.0 1243.4509 0.16666667 4.0 4.0 4.0 4.0 0.0 0.14400001 2 TOUCH_MOVE Space
1401601028432 6 4098 312.0 1243.4509 0.16666667 4.0 4.0 4.0 4.0 0.0 0.14400001 1 TOUCH_UP Space
1401601028655 6 4098 426.0 1075.4509 0.23333335 4.0 4.0 4.0 4.0 0.0 0.224 0 TOUCH_DOWN b
1401601028688 6 4098 423.94946 1075.4509 0.26666668 4.0 4.0 4.0 4.0 0.0 0.224 2 TOUCH_MOVE b
1401601028693 6 4098 420.69153 1076.0537 0.26666668 4.0 4.0 4.0 4.0 0.0 0.224 2 TOUCH_MOVE b
1401601028709 6 4098 417.80286 1077.0166 0.23333335 4.0 4.0 4.0 4.0 0.0 0.22800002 2 TOUCH_MOVE b
1401601028725 6 4098 416.4859 1077.9651 0.23333335 4.0 4.0 4.0 4.0 0.0 0.224 2 TOUCH_MOVE b
1401601028742 6 4098 416.0 1078.9407 0.23333335 4.0 4.0 4.0 4.0 0.0 0.22000001 2 TOUCH_MOVE b
1401601028759 6 4098 417.3401 1080.3444 0.23333335 4.0 4.0 4.0 4.0 0.0 0.20400001 2 TOUCH_MOVE b
1401601028771 6 4098 420.5 1081.4509 0.20000002 4.0 4.0 4.0 4.0 0.0 0.17600001 2 TOUCH_MOVE b
1401601028775 6 4098 420.5 1081.4509 0.20000002 4.0 4.0 4.0 4.0 0.0 0.17600001 1 TOUCH_UP b
1401601028874 6 4098 182.0 811.451 0.26666668 4.0 4.0 4.0 4.0 0.0 0.20400001 0 TOUCH_DOWN e
1401601028905 6 4098 182.0 811.451 0.26666668 4.0 4.0 4.0 4.0 0.0 0.208 2 TOUCH_MOVE e
1401601028926 6 4098 181.38492 811.451 0.3 5.0 5.0 5.0 5.0 0.0 0.22800002 2 TOUCH_MOVE e
1401601028942 6 4098 180.76924 811.451 0.3 5.0 5.0 5.0 5.0 0.0 0.22800002 2 TOUCH_MOVE e
1401601028976 6 4098 180.38431 811.451 0.3 5.0 5.0 5.0 5.0 0.0 0.22800002 2 TOUCH_MOVE e
1401601029009 6 4098 178.23459 811.451 0.23333335 4.0 4.0 4.0 4.0 0.0 0.2 2 TOUCH_MOVE e
1401601029015 6 4098 178.0 811.451 0.23333335 4.0 4.0 4.0 4.0 0.0 0.18 2 TOUCH_MOVE e
1401601029018 6 4098 178.0 811.451 0.23333335 4.0 4.0 4.0 4.0 0.0 0.18 1 TOUCH_UP e
1401601029983 6 4098 343.0 1249.4509 0.16666667 4.0 4.0 4.0 4.0 0.0 0.18 0 TOUCH_DOWN Space
1401601029994 6 4098 342.80713 1249.4509 0.16666667 4.0 4.0 4.0 4.0 0.0 0.18800001 2 TOUCH_MOVE Space
1401601030011 6 4098 341.29285 1247.9331 0.20000002 5.0 5.0 5.0 5.0 0.0 0.192 2 TOUCH_MOVE Space
1401601030027 6 4098 339.9007 1243.5537 0.23333335 5.0 5.0 5.0 5.0 0.0 0.2 2 TOUCH_MOVE Space
1401601030044 6 4098 339.5 1241.286 0.23333335 5.0 5.0 5.0 5.0 0.0 0.2 2 TOUCH_MOVE Space
1401601030063 6 4098 339.5309 1239.92 0.23333335 5.0 5.0 5.0 5.0 0.0 0.2 2 TOUCH_MOVE Space
1401601030077 6 4098 340.25 1239.2009 0.20000002 4.0 4.0 4.0 4.0 0.0 0.19600001 2 TOUCH_MOVE Space
1401601030093 6 4098 343.0 1237.4509 0.20000002 4.0 4.0 4.0 4.0 0.0 0.18800001 2 TOUCH_MOVE Space
1401601030097 6 4098 343.0 1237.4509 0.16666667 3.0 3.0 3.0 3.0 0.0 0.14400001 2 TOUCH_MOVE Space
1401601030100 6 4098 343.0 1237.4509 0.16666667 3.0 3.0 3.0 3.0 0.0 0.14400001 1 TOUCH_UP Space
1401601030297 6 4098 501.0 1123.9509 0.3 5.0 5.0 5.0 5.0 0.0 0.2 0 TOUCH_DOWN n
1401601030310 6 4098 501.0 1123.9509 0.3 5.0 5.0 5.0 5.0 0.0 0.208 2 TOUCH_MOVE n
1401601030345 6 4098 501.39685 1113.8793 0.3 5.0 5.0 5.0 5.0 0.0 0.208 2 TOUCH_MOVE n
1401601030360 6 4098 503.10867 1104.7554 0.3 5.0 5.0 5.0 5.0 0.0 0.2 2 TOUCH_MOVE n
1401601030366 6 4098 503.5 1103.4509 0.23333335 4.0 4.0 4.0 4.0 0.0 0.18400002 2 TOUCH_MOVE n
1401601030369 6 4098 503.5 1103.4509 0.23333335 4.0 4.0 4.0 4.0 0.0 0.18400002 1 TOUCH_UP n
1401601030574 6 4098 607.5 849.451 0.26666668 5.0 5.0 5.0 5.0 0.0 0.19600001 0 TOUCH_DOWN o
1401601030596 6 4098 607.5 849.451 0.26666668 5.0 5.0 5.0 5.0 0.0 0.2 2 TOUCH_MOVE o
1401601030610 6 4098 607.0 848.3355 0.26666668 5.0 5.0 5.0 5.0 0.0 0.208 2 TOUCH_MOVE o
1401601030631 6 4098 607.7686 846.6824 0.26666668 5.0 5.0 5.0 5.0 0.0 0.2 2 TOUCH_MOVE o
1401601030644 6 4098 609.5 846.451 0.23333335 4.0 4.0 4.0 4.0 0.0 0.17600001 2 TOUCH_MOVE o
1401601030647 6 4098 609.5 846.451 0.23333335 4.0 4.0 4.0 4.0 0.0 0.17600001 1 TOUCH_UP o
1401601030869 6 4098 354.5 1207.9509 0.23333335 4.0 4.0 4.0 4.0 0.0 0.20400001 0 TOUCH_DOWN Space
1401601030877 6 4098 354.5 1207.9509 0.23333335 4.0 4.0 4.0 4.0 0.0 0.208 2 TOUCH_MOVE Space
1401601030911 6 4098 354.5 1209.5829 0.23333335 4.0 4.0 4.0 4.0 0.0 0.216 2 TOUCH_MOVE Space
1401601030929 6 4098 354.5 1210.3873 0.23333335 4.0 4.0 4.0 4.0 0.0 0.21200001 2 TOUCH_MOVE Space
1401601030944 6 4098 354.5 1211.5115 0.20000002 3.0 3.0 3.0 3.0 0.0 0.19600001 2 TOUCH_MOVE Space
1401601030955 6 4098 355.0 1211.9509 0.16666667 3.0 3.0 3.0 3.0 0.0 0.18 2 TOUCH_MOVE Space
1401601030958 6 4098 355.0 1211.9509 0.16666667 3.0 3.0 3.0 3.0 0.0 0.18 1 TOUCH_UP Space
1401601031267 6 4098 214.5 934.451 0.33333334 5.0 5.0 5.0 5.0 0.0 0.2 0 TOUCH_DOWN d
1401601031278 6 4098 214.5 934.451 0.33333334 5.0 5.0 5.0 5.0 0.0 0.208 2 TOUCH_MOVE d
1401601031311 6 4098 215.0 935.6898 0.33333334 5.0 5.0 5.0 5.0 0.0 0.224 2 TOUCH_MOVE d
1401601031332 6 4098 215.70029 936.65125 0.33333334 5.0 5.0 5.0 5.0 0.0 0.22800002 2 TOUCH_MOVE d
1401601031378 6 4098 210.84093 937.54517 0.26666668 5.0 5.0 5.0 5.0 0.0 0.17600001 2 TOUCH_MOVE d
1401601031395 6 4098 210.84093 937.54517 0.26666668 5.0 5.0 5.0 5.0 0.0 0.17600001 1 TOUCH_UP d
1401601031582 6 4098 46.5 969.951 0.16666667 3.0 3.0 3.0 3.0 0.0 0.18400002 0 TOUCH_DOWN a
1401601031595 6 4098 46.5 969.951 0.16666667 3.0 3.0 3.0 3.0 0.0 0.18800001 2 TOUCH_MOVE a
1401601031693 6 4098 42.0 970.951 0.16666667 3.0 3.0 3.0 3.0 0.0 0.14 2 TOUCH_MOVE a
1401601031697 6 4098 466.5 811.951 0.23333335 4.0 4.0 4.0 4.0 0.0 0.18800001 0 TOUCH_DOWN u
1401601031699 6 4098 42.0 970.951 0.16666667 3.0 3.0 3.0 3.0 0.0 0.14 2 TOUCH_MOVE a
1401601031702 6 4098 464.5 812.951 0.26666668 4.0 4.0 4.0 4.0 0.0 0.192 2 TOUCH_MOVE u
1401601031705 6 4098 42.0 970.951 0.16666667 3.0 3.0 3.0 3.0 0.0 0.14 1 TOUCH_UP a
1401601031724 6 4098 464.19028 813.10583 0.26666668 4.0 4.0 4.0 4.0 0.0 0.192 2 TOUCH_MOVE u
1401601031729 6 4098 462.90143 813.75024 0.26666668 4.0 4.0 4.0 4.0 0.0 0.19600001 2 TOUCH_MOVE u
1401601031745 6 4098 460.74194 814.9671 0.26666668 4.0 4.0 4.0 4.0 0.0 0.18800001 2 TOUCH_MOVE u
1401601031753 6 4098 460.5 815.451 0.23333335 4.0 4.0 4.0 4.0 0.0 0.172 2 TOUCH_MOVE u
1401601031756 6 4098 460.5 815.451 0.23333335 4.0 4.0 4.0 4.0 0.0 0.172 1 TOUCH_UP u
1401601032311 6 4098 290.5 1104.9509 0.26666668 4.0 4.0 4.0 4.0 0.0 0.208 0 TOUCH_DOWN c
1401601032330 6 4098 290.5 1104.9509 0.3 5.0 5.0 5.0 5.0 0.0 0.216 2 TOUCH_MOVE c
1401601032379 6 4098 288.06802 1104.9509 0.3 5.0 5.0 5.0 5.0 0.0 0.224 2 TOUCH_MOVE c
1401601032397 6 4098 277.58368 1104.1565 0.3 5.0 5.0 5.0 5.0 0.0 0.216 2 TOUCH_MOVE c
1401601032402 6 4098 274.5 1103.9509 0.26666668 4.0 4.0 4.0 4.0 0.0 0.19600001 2 TOUCH_MOVE c
1401601032406 6 4098 274.5 1103.9509 0.26666668 4.0 4.0 4.0 4.0 0.0 0.19600001 1 TOUCH_UP c
1401601032636 6 4098 51.5 977.951 0.20000002 3.0 3.0 3.0 3.0 0.0 0.18400002 0 TOUCH_DOWN a
1401601032646 6 4098 51.5 977.951 0.20000002 3.0 3.0 3.0 3.0 0.0 0.18800001 2 TOUCH_MOVE a
1401601032680 6 4098 50.846344 977.951 0.20000002 3.0 3.0 3.0 3.0 0.0 0.2 2 TOUCH_MOVE a
1401601032758 6 4098 51.0 977.951 0.16666667 3.0 3.0 3.0 3.0 0.0 0.16000001 2 TOUCH_MOVE a
1401601032761 6 4098 51.0 977.951 0.16666667 3.0 3.0 3.0 3.0 0.0 0.16000001 1 TOUCH_UP a
1401601032814 6 4098 515.0 1094.9509 0.23333335 4.0 4.0 4.0 4.0 0.0 0.19600001 0 TOUCH_DOWN n
1401601032831 6 4098 515.0 1095.2833 0.26666668 4.0 4.0 4.0 4.0 0.0 0.2 2 TOUCH_MOVE n
1401601032846 6 4098 512.3198 1096.541 0.3 5.0 5.0 5.0 5.0 0.0 0.20400001 2 TOUCH_MOVE n
1401601032863 6 4098 508.72015 1098.4708 0.3 5.0 5.0 5.0 5.0 0.0 0.208 2 TOUCH_MOVE n
1401601032881 6 4098 505.92636 1099.6421 0.3 5.0 5.0 5.0 5.0 0.0 0.20400001 2 TOUCH_MOVE n
1401601032896 6 4098 503.57526 1099.2385 0.26666668 5.0 5.0 5.0 5.0 0.0 0.18400002 2 TOUCH_MOVE n
1401601032904 6 4098 504.0 1099.4509 0.16666667 3.0 3.0 3.0 3.0 0.0 0.1 2 TOUCH_MOVE n
1401601032907 6 4098 504.0 1099.4509 0.16666667 3.0 3.0 3.0 3.0 0.0 0.1 1 TOUCH_UP n
1401601033123 6 4098 423.5 960.951 0.23333335 4.0 4.0 4.0 4.0 0.0 0.20400001 0 TOUCH_DOWN h
1401601033129 6 4098 423.5 960.951 0.23333335 4.0 4.0 4.0 4.0 0.0 0.208 2 TOUCH_MOVE h
1401601033171 6 4098 425.838 959.3665 0.23333335 4.0 4.0 4.0 4.0 0.0 0.19600001 2 TOUCH_MOVE h
1401601033174 6 4098 427.5 958.951 0.23333335 4.0 4.0 4.0 4.0 0.0 0.18 2 TOUCH_MOVE h
1401601033176 6 4098 427.5 958.951 0.23333335 4.0 4.0 4.0 4.0 0.0 0.18 1 TOUCH_UP h
1401601033712 6 4098 696.5 1124.9509 0.20000002 4.0 4.0 4.0 4.0 0.0 0.18800001 0 TOUCH_DOWN Back
1401601033730 6 4098 696.5 1124.9509 0.20000002 4.0 4.0 4.0 4.0 0.0 0.192 2 TOUCH_MOVE Back
1401601033751 6 4098 697.26654 1124.9509 0.26666668 4.0 4.0 4.0 4.0 0.0 0.20400001 2 TOUCH_MOVE Back
1401601033766 6 4098 698.2363 1124.9509 0.26666668 4.0 4.0 4.0 4.0 0.0 0.20400001 2 TOUCH_MOVE Back
1401601033784 6 4098 698.8469 1124.9509 0.26666668 4.0 4.0 4.0 4.0 0.0 0.208 2 TOUCH_MOVE Back
1401601033797 6 4098 699.667 1124.9509 0.23333335 4.0 4.0 4.0 4.0 0.0 0.2 2 TOUCH_MOVE Back
1401601033813 6 4098 700.62836 1122.5659 0.23333335 5.0 5.0 5.0 5.0 0.0 0.18 2 TOUCH_MOVE Back
1401601033817 6 4098 700.62836 1122.5659 0.23333335 5.0 5.0 5.0 5.0 0.0 0.18 1 TOUCH_UP Back
1401601033918 6 4098 692.5 1120.9509 0.23333335 4.0 4.0 4.0 4.0 0.0 0.192 0 TOUCH_DOWN Back
1401601033930 6 4098 692.5 1120.9509 0.23333335 4.0 4.0 4.0 4.0 0.0 0.19600001 2 TOUCH_MOVE Back
1401601033980 6 4098 692.5 1121.4923 0.23333335 4.0 4.0 4.0 4.0 0.0 0.18800001 2 TOUCH_MOVE Back
1401601033991 6 4098 692.5 1121.4923 0.23333335 4.0 4.0 4.0 4.0 0.0 0.18800001 1 TOUCH_UP Back
1401601034083 6 4098 687.0 1126.9509 0.20000002 3.0 3.0 3.0 3.0 0.0 0.18800001 0 TOUCH_DOWN Back
1401601034099 6 4098 687.0 1126.9509 0.20000002 3.0 3.0 3.0 3.0 0.0 0.192 2 TOUCH_MOVE Back
1401601034177 6 4098 687.0 1127.4509 0.20000002 3.0 3.0 3.0 3.0 0.0 0.17600001 2 TOUCH_MOVE Back
1401601034181 6 4098 687.0 1127.4509 0.20000002 3.0 3.0 3.0 3.0 0.0 0.17600001 1 TOUCH_UP Back
1401601034293 6 4098 688.0 1124.4509 0.23333335 4.0 4.0 4.0 4.0 0.0 0.18800001 0 TOUCH_DOWN Back
1401601034303 6 4098 688.0 1124.4509 0.23333335 4.0 4.0 4.0 4.0 0.0 0.192 2 TOUCH_MOVE Back
1401601034347 6 4098 688.0 1123.8799 0.23333335 4.0 4.0 4.0 4.0 0.0 0.2 2 TOUCH_MOVE Back
1401601034364 6 4098 688.8957 1123.5553 0.23333335 4.0 4.0 4.0 4.0 0.0 0.192 2 TOUCH_MOVE Back
1401601034379 6 4098 689.0 1123.4509 0.16666667 3.0 3.0 3.0 3.0 0.0 0.104 2 TOUCH_MOVE Back
1401601034385 6 4098 689.0 1123.4509 0.16666667 3.0 3.0 3.0 3.0 0.0 0.104 1 TOUCH_UP Back
1401601034862 6 4098 293.0 1231.9509 0.23333335 4.0 4.0 4.0 4.0 0.0 0.2 0 TOUCH_DOWN Space
1401601034885 6 4098 292.63452 1231.5854 0.23333335 4.0 4.0 4.0 4.0 0.0 0.208 2 TOUCH_MOVE Space
1401601034898 6 4098 291.80045 1230.7513 0.23333335 4.0 4.0 4.0 4.0 0.0 0.208 2 TOUCH_MOVE Space
1401601034915 6 4098 290.8395 1229.7904 0.23333335 4.0 4.0 4.0 4.0 0.0 0.208 2 TOUCH_MOVE Space
1401601034931 6 4098 291.58173 1229.4509 0.23333335 4.0 4.0 4.0 4.0 0.0 0.2 2 TOUCH_MOVE Space
1401601034948 6 4098 297.62057 1227.5458 0.16666667 3.0 3.0 3.0 3.0 0.0 0.192 2 TOUCH_MOVE Space
1401601034958 6 4098 298.0 1227.4509 0.20000002 3.0 3.0 3.0 3.0 0.0 0.104 2 TOUCH_MOVE Space
1401601034961 6 4098 298.0 1227.4509 0.20000002 3.0 3.0 3.0 3.0 0.0 0.104 1 TOUCH_UP Space
1401601035481 6 4098 288.0 1099.4509 0.26666668 4.0 4.0 4.0 4.0 0.0 0.20400001 0 TOUCH_DOWN c
1401601035582 6 4098 286.5 1096.9509 0.20000002 4.0 4.0 4.0 4.0 0.0 0.18 2 TOUCH_MOVE c
1401601035585 6 4098 286.5 1096.9509 0.20000002 4.0 4.0 4.0 4.0 0.0 0.18 1 TOUCH_UP c
1401601036035 6 4098 44.0 977.951 0.20000002 3.0 3.0 3.0 3.0 0.0 0.18400002 0 TOUCH_DOWN a
1401601036039 6 4098 44.0 977.951 0.20000002 3.0 3.0 3.0 3.0 0.0 0.192 2 TOUCH_MOVE a
1401601036066 6 4098 44.519756 977.951 0.20000002 3.0 3.0 3.0 3.0 0.0 0.20400001 2 TOUCH_MOVE a
1401601036083 6 4098 46.077583 977.951 0.20000002 3.0 3.0 3.0 3.0 0.0 0.20400001 2 TOUCH_MOVE a
1401601036099 6 4098 47.993702 977.951 0.20000002 3.0 3.0 3.0 3.0 0.0 0.20400001 2 TOUCH_MOVE a
1401601036116 6 4098 48.96372 977.951 0.20000002 3.0 3.0 3.0 3.0 0.0 0.208 2 TOUCH_MOVE a
1401601036132 6 4098 49.75 977.951 0.20000002 3.0 3.0 3.0 3.0 0.0 0.20400001 2 TOUCH_MOVE a
1401601036149 6 4098 50.199436 977.951 0.20000002 3.0 3.0 3.0 3.0 0.0 0.18800001 2 TOUCH_MOVE a
1401601036166 6 4098 50.199436 977.951 0.20000002 3.0 3.0 3.0 3.0 0.0 0.18800001 1 TOUCH_UP a
1401601036319 6 4098 509.5 1087.9509 0.20000002 4.0 4.0 4.0 4.0 0.0 0.2 0 TOUCH_DOWN n
1401601036382 6 4098 508.59824 1087.9509 0.20000002 4.0 4.0 4.0 4.0 0.0 0.19600001 2 TOUCH_MOVE n
1401601036389 6 4098 506.0 1086.4509 0.23333335 5.0 5.0 5.0 5.0 0.0 0.17600001 2 TOUCH_MOVE n
1401601036392 6 4098 506.0 1086.4509 0.23333335 5.0 5.0 5.0 5.0 0.0 0.17600001 1 TOUCH_UP n
1401601036579 6 4098 424.0 955.451 0.26666668 4.0 4.0 4.0 4.0 0.0 0.216 0 TOUCH_DOWN h
1401601036614 6 4098 424.38196 954.56903 0.26666668 4.0 4.0 4.0 4.0 0.0 0.224 2 TOUCH_MOVE h
1401601036620 6 4098 427.48584 953.1538 0.26666668 4.0 4.0 4.0 4.0 0.0 0.22000001 2 TOUCH_MOVE h
1401601036633 6 4098 433.02985 953.25696 0.3 5.0 5.0 5.0 5.0 0.0 0.21200001 2 TOUCH_MOVE h
1401601036650 6 4098 438.04538 956.2577 0.26666668 5.0 5.0 5.0 5.0 0.0 0.2 2 TOUCH_MOVE h
1401601036665 6 4098 439.0 957.451 0.23333335 5.0 5.0 5.0 5.0 0.0 0.148 2 TOUCH_MOVE h
1401601036672 6 4098 439.0 957.451 0.23333335 5.0 5.0 5.0 5.0 0.0 0.148 1 TOUCH_UP h
1401601036892 6 4098 363.5 1198.9509 0.16666667 3.0 3.0 3.0 3.0 0.0 0.2 0 TOUCH_DOWN Space
1401601036942 6 4098 363.5 1201.7206 0.23333335 4.0 4.0 4.0 4.0 0.0 0.20400001 2 TOUCH_MOVE Space
1401601036951 6 4098 364.09683 1203.6447 0.23333335 4.0 4.0 4.0 4.0 0.0 0.20400001 2 TOUCH_MOVE Space
1401601036966 6 4098 364.56213 1205.5752 0.20000002 3.0 3.0 3.0 3.0 0.0 0.19600001 2 TOUCH_MOVE Space
1401601036983 6 4098 365.53094 1206.4818 0.20000002 3.0 3.0 3.0 3.0 0.0 0.17600001 2 TOUCH_MOVE Space
1401601036989 6 4098 365.53094 1206.4818 0.20000002 3.0 3.0 3.0 3.0 0.0 0.17600001 1 TOUCH_UP Space
1401601037133 6 4098 337.0 824.951 0.33333334 5.0 5.0 5.0 5.0 0.0 0.22000001 0 TOUCH_DOWN t
1401601037194 6 4098 336.8545 825.02374 0.33333334 5.0 5.0 5.0 5.0 0.0 0.23200001 2 TOUCH_MOVE t
1401601037200 6 4098 333.95157 825.9631 0.33333334 5.0 5.0 5.0 5.0 0.0 0.22800002 2 TOUCH_MOVE t
1401601037217 6 4098 327.51025 826.9495 0.33333334 5.0 5.0 5.0 5.0 0.0 0.224 2 TOUCH_MOVE t
1401601037233 6 4098 322.23422 827.451 0.3 5.0 5.0 5.0 5.0 0.0 0.19600001 2 TOUCH_MOVE t
1401601037237 6 4098 322.0 827.451 0.26666668 5.0 5.0 5.0 5.0 0.0 0.148 2 TOUCH_MOVE t
1401601037240 6 4098 322.0 827.451 0.26666668 5.0 5.0 5.0 5.0 0.0 0.148 1 TOUCH_UP t
1401601037421 6 4098 217.5 832.951 0.33333334 5.0 5.0 5.0 5.0 0.0 0.22000001 0 TOUCH_DOWN r
1401601037467 6 4098 219.86754 832.951 0.33333334 5.0 5.0 5.0 5.0 0.0 0.23200001 2 TOUCH_MOVE r
1401601037483 6 4098 220.8982 832.951 0.33333334 5.0 5.0 5.0 5.0 0.0 0.23600002 2 TOUCH_MOVE r
1401601037500 6 4098 221.25 832.951 0.33333334 5.0 5.0 5.0 5.0 0.0 0.23200001 2 TOUCH_MOVE r
1401601037540 6 4098 221.25 832.951 0.33333334 5.0 5.0 5.0 5.0 0.0 0.23200001 1 TOUCH_UP r
1401601037695 6 4098 159.0 847.951 0.26666668 5.0 5.0 5.0 5.0 0.0 0.20400001 0 TOUCH_DOWN e
1401601037727 6 4098 159.28566 847.66534 0.26666668 5.0 5.0 5.0 5.0 0.0 0.21200001 2 TOUCH_MOVE e
1401601037735 6 4098 160.16116 847.1204 0.3 5.0 5.0 5.0 5.0 0.0 0.23200001 2 TOUCH_MOVE e
1401601037751 6 4098 162.21387 846.213 0.3 5.0 5.0 5.0 5.0 0.0 0.23200001 2 TOUCH_MOVE e
1401601037767 6 4098 165.27443 844.6929 0.3 5.0 5.0 5.0 5.0 0.0 0.23600002 2 TOUCH_MOVE e
1401601037784 6 4098 167.9209 843.951 0.3 5.0 5.0 5.0 5.0 0.0 0.24000001 2 TOUCH_MOVE e
1401601037800 6 4098 169.18958 843.951 0.3 5.0 5.0 5.0 5.0 0.0 0.23600002 2 TOUCH_MOVE e
1401601037835 6 4098 166.06517 843.951 0.3 5.0 5.0 5.0 5.0 0.0 0.216 2 TOUCH_MOVE e
1401601037851 6 4098 163.0 844.451 0.20000002 4.0 4.0 4.0 4.0 0.0 0.156 2 TOUCH_MOVE e
1401601037855 6 4098 163.0 844.451 0.20000002 4.0 4.0 4.0 4.0 0.0 0.156 1 TOUCH_UP e
1401601038475 6 4098 354.0 1230.9509 0.20000002 3.0 3.0 3.0 3.0 0.0 0.19600001 0 TOUCH_DOWN Space
1401601038504 6 4098 353.38776 1230.8386 0.23333335 4.0 4.0 4.0 4.0 0.0 0.2 2 TOUCH_MOVE Space
1401601038518 6 4098 352.4172 1229.8682 0.23333335 4.0 4.0 4.0 4.0 0.0 0.2 2 TOUCH_MOVE Space
1401601038535 6 4098 351.75 1229.2009 0.20000002 3.0 3.0 3.0 3.0 0.0 0.2 2 TOUCH_MOVE Space
1401601038551 6 4098 352.50366 1228.9473 0.16666667 3.0 3.0 3.0 3.0 0.0 0.18 2 TOUCH_MOVE Space
1401601038556 6 4098 352.50366 1228.9473 0.16666667 3.0 3.0 3.0 3.0 0.0 0.18 1 TOUCH_UP Space
1401601038771 6 4098 180.5 974.451 0.16666667 3.0 3.0 3.0 3.0 0.0 0.192 0 TOUCH_DOWN d
1401601038790 6 4098 180.5 974.451 0.20000002 4.0 4.0 4.0 4.0 0.0 0.19600001 2 TOUCH_MOVE d
1401601038818 6 4098 181.31683 974.451 0.23333335 4.0 4.0 4.0 4.0 0.0 0.22000001 2 TOUCH_MOVE d
1401601038835 6 4098 183.2363 974.451 0.26666668 5.0 5.0 5.0 5.0 0.0 0.224 2 TOUCH_MOVE d
1401601038852 6 4098 185.1649 974.451 0.26666668 5.0 5.0 5.0 5.0 0.0 0.22800002 2 TOUCH_MOVE d
1401601038868 6 4098 186.79605 974.451 0.26666668 5.0 5.0 5.0 5.0 0.0 0.23200001 2 TOUCH_MOVE d
1401601038885 6 4098 187.75206 974.451 0.26666668 5.0 5.0 5.0 5.0 0.0 0.23200001 2 TOUCH_MOVE d
1401601038906 6 4098 188.71863 974.451 0.26666668 5.0 5.0 5.0 5.0 0.0 0.23200001 2 TOUCH_MOVE d
1401601038933 6 4098 189.68233 974.451 0.26666668 5.0 5.0 5.0 5.0 0.0 0.22800002 2 TOUCH_MOVE d
1401601038952 6 4098 189.5 972.88135 0.23333335 4.0 4.0 4.0 4.0 0.0 0.216 2 TOUCH_MOVE d
1401601038979 6 4098 189.5 972.951 0.13333334 2.0 2.0 2.0 2.0 0.0 0.156 2 TOUCH_MOVE d
1401601038984 6 4098 189.5 972.951 0.13333334 2.0 2.0 2.0 2.0 0.0 0.156 1 TOUCH_UP d
1401601039019 6 4098 554.0 816.951 0.3 5.0 5.0 5.0 5.0 0.0 0.21200001 0 TOUCH_DOWN i
1401601039037 6 4098 554.0 816.951 0.3 5.0 5.0 5.0 5.0 0.0 0.216 2 TOUCH_MOVE i
1401601039068 6 4098 555.19183 816.951 0.3 5.0 5.0 5.0 5.0 0.0 0.22000001 2 TOUCH_MOVE i
1401601039086 6 4098 557.5896 816.451 0.3 5.0 5.0 5.0 5.0 0.0 0.21200001 2 TOUCH_MOVE i
1401601039100 6 4098 559.0 817.451 0.33333334 5.0 5.0 5.0 5.0 0.0 0.17600001 2 TOUCH_MOVE i
1401601039104 6 4098 559.0 817.451 0.33333334 5.0 5.0 5.0 5.0 0.0 0.17600001 1 TOUCH_UP i
1401601039299 6 4098 382.0 1205.9509 0.23333335 4.0 4.0 4.0 4.0 0.0 0.19600001 0 TOUCH_DOWN Space
1401601039330 6 4098 382.0 1206.3462 0.23333335 4.0 4.0 4.0 4.0 0.0 0.20400001 2 TOUCH_MOVE Space
1401601039335 6 4098 382.0 1207.1986 0.23333335 4.0 4.0 4.0 4.0 0.0 0.208 2 TOUCH_MOVE Space
1401601039352 6 4098 382.0 1207.8071 0.23333335 4.0 4.0 4.0 4.0 0.0 0.21200001 2 TOUCH_MOVE Space
1401601039369 6 4098 382.0 1208.1825 0.23333335 4.0 4.0 4.0 4.0 0.0 0.21200001 2 TOUCH_MOVE Space
1401601039402 6 4098 388.34863 1202.7084 0.20000002 4.0 4.0 4.0 4.0 0.0 0.18800001 2 TOUCH_MOVE Space
1401601039413 6 4098 387.5 1203.4509 0.13333334 2.0 2.0 2.0 2.0 0.0 0.120000005 2 TOUCH_MOVE Space
1401601039416 6 4098 387.5 1203.4509 0.13333334 2.0 2.0 2.0 2.0 0.0 0.120000005 1 TOUCH_UP Space
1401601039632 6 4098 601.5 952.951 0.26666668 4.0 4.0 4.0 4.0 0.0 0.18800001 0 TOUCH_DOWN k
1401601039637 6 4098 601.5 952.951 0.26666668 4.0 4.0 4.0 4.0 0.0 0.2 2 TOUCH_MOVE k
1401601039670 6 4098 600.9979 951.4489 0.26666668 4.0 4.0 4.0 4.0 0.0 0.21200001 2 TOUCH_MOVE k
1401601039685 6 4098 600.03326 950.48425 0.26666668 4.0 4.0 4.0 4.0 0.0 0.216 2 TOUCH_MOVE k
1401601039702 6 4098 599.07245 949.52344 0.26666668 4.0 4.0 4.0 4.0 0.0 0.216 2 TOUCH_MOVE k
1401601039719 6 4098 598.55444 949.451 0.26666668 4.0 4.0 4.0 4.0 0.0 0.216 2 TOUCH_MOVE k
1401601039736 6 4098 597.5 949.951 0.26666668 4.0 4.0 4.0 4.0 0.0 0.192 2 TOUCH_MOVE k
1401601039741 6 4098 597.5 949.951 0.13333334 2.0 2.0 2.0 2.0 0.0 0.136 2 TOUCH_MOVE k
1401601039745 6 4098 597.5 949.951 0.13333334 2.0 2.0 2.0 2.0 0.0 0.136 1 TOUCH_UP k
1401601039932 6 4098 418.0 956.951 0.26666668 4.0 4.0 4.0 4.0 0.0 0.22000001 0 TOUCH_DOWN h
1401601039953 6 4098 418.0 956.951 0.26666668 4.0 4.0 4.0 4.0 0.0 0.224 2 TOUCH_MOVE h
1401601039986 6 4098 419.92386 957.7358 0.26666668 4.0 4.0 4.0 4.0 0.0 0.224 2 TOUCH_MOVE h
1401601040003 6 4098 427.0 957.951 0.26666668 5.0 5.0 5.0 5.0 0.0 0.2 2 TOUCH_MOVE h
1401601040011 6 4098 427.0 957.951 0.26666668 5.0 5.0 5.0 5.0 0.0 0.17600001 2 TOUCH_MOVE h
1401601040014 6 4098 427.0 957.951 0.26666668 5.0 5.0 5.0 5.0 0.0 0.17600001 1 TOUCH_UP h
1401601040191 6 4098 624.0 827.451 0.3 5.0 5.0 5.0 5.0 0.0 0.2 0 TOUCH_DOWN o
1401601040203 6 4098 624.0 827.451 0.3 5.0 5.0 5.0 5.0 0.0 0.20400001 2 TOUCH_MOVE o
1401601040236 6 4098 622.7711 827.451 0.33333334 5.0 5.0 5.0 5.0 0.0 0.208 2 TOUCH_MOVE o
1401601040254 6 4098 622.25 827.451 0.3 5.0 5.0 5.0 5.0 0.0 0.20400001 2 TOUCH_MOVE o
1401601040270 6 4098 622.5 828.0039 0.3 5.0 5.0 5.0 5.0 0.0 0.192 2 TOUCH_MOVE o
1401601040286 6 4098 622.5 828.951 0.20000002 3.0 3.0 3.0 3.0 0.0 0.104 2 TOUCH_MOVE o
1401601040290 6 4098 622.5 828.951 0.20000002 3.0 3.0 3.0 3.0 0.0 0.104 1 TOUCH_UP o
1401601040756 6 4098 508.0 1102.9509 0.3 5.0 5.0 5.0 5.0 0.0 0.2 0 TOUCH_DOWN n
1401601040776 6 4098 508.0 1102.9509 0.3 5.0 5.0 5.0 5.0 0.0 0.208 2 TOUCH_MOVE n
1401601040877 6 4098 508.0 1102.9509 0.3 5.0 5.0 5.0 5.0 0.0 0.208 1 TOUCH_UP n
1401601041004 6 4098 352.5 959.951 0.26666668 4.0 4.0 4.0 4.0 0.0 0.216 0 TOUCH_DOWN g
1401601041026 6 4098 352.5 959.951 0.26666668 4.0 4.0 4.0 4.0 0.0 0.22000001 2 TOUCH_MOVE g
1401601041054 6 4098 352.5 959.35046 0.26666668 4.0 4.0 4.0 4.0 0.0 0.224 2 TOUCH_MOVE g
1401601041070 6 4098 351.7679 958.58496 0.26666668 4.0 4.0 4.0 4.0 0.0 0.22000001 2 TOUCH_MOVE g
1401601041084 6 4098 351.5 958.451 0.23333335 4.0 4.0 4.0 4.0 0.0 0.18 2 TOUCH_MOVE g
1401601041088 6 4098 351.5 958.451 0.23333335 4.0 4.0 4.0 4.0 0.0 0.18 1 TOUCH_UP g
1401601041208 6 4098 350.5 1217.4509 0.23333335 4.0 4.0 4.0 4.0 0.0 0.19600001 0 TOUCH_DOWN Space
1401601041225 6 4098 350.23224 1217.4509 0.23333335 4.0 4.0 4.0 4.0 0.0 0.20400001 2 TOUCH_MOVE Space
1401601041242 6 4098 349.00992 1217.9459 0.23333335 4.0 4.0 4.0 4.0 0.0 0.20400001 2 TOUCH_MOVE Space
1401601041254 6 4098 347.54193 1217.9509 0.23333335 4.0 4.0 4.0 4.0 0.0 0.20400001 2 TOUCH_MOVE Space
1401601041270 6 4098 346.59 1217.9509 0.23333335 4.0 4.0 4.0 4.0 0.0 0.20400001 2 TOUCH_MOVE Space
1401601041287 6 4098 346.25 1217.9509 0.23333335 4.0 4.0 4.0 4.0 0.0 0.19600001 2 TOUCH_MOVE Space
1401601041295 6 4098 346.25 1217.9509 0.23333335 4.0 4.0 4.0 4.0 0.0 0.19600001 1 TOUCH_UP Space
1401601041595 6 4098 567.5 972.451 0.20000002 4.0 4.0 4.0 4.0 0.0 0.192 0 TOUCH_DOWN k
1401601041624 6 4098 567.5 972.451 0.16666667 3.0 3.0 3.0 3.0 0.0 0.2 2 TOUCH_MOVE k
1401601041637 6 4098 573.6518 969.1251 0.20000002 4.0 4.0 4.0 4.0 0.0 0.2 2 TOUCH_MOVE k
1401601041654 6 4098 577.17456 967.8928 0.20000002 4.0 4.0 4.0 4.0 0.0 0.20400001 2 TOUCH_MOVE k
1401601041672 6 4098 579.54266 966.9296 0.16666667 3.0 3.0 3.0 3.0 0.0 0.192 2 TOUCH_MOVE k
1401601041687 6 4098 580.9728 966.951 0.13333334 2.0 2.0 2.0 2.0 0.0 0.17600001 2 TOUCH_MOVE k
1401601041691 6 4098 581.0 966.951 0.13333334 2.0 2.0 2.0 2.0 0.0 0.116000004 2 TOUCH_MOVE k
1401601041694 6 4098 581.0 966.951 0.13333334 2.0 2.0 2.0 2.0 0.0 0.116000004 1 TOUCH_UP k
1401601042765 6 4098 697.0 1082.9509 0.20000002 4.0 4.0 4.0 4.0 0.0 0.19600001 0 TOUCH_DOWN Back
1401601042780 6 4098 697.0 1082.9509 0.20000002 4.0 4.0 4.0 4.0 0.0 0.2 2 TOUCH_MOVE Back
1401601042839 6 4098 695.0 1082.9509 0.16666667 3.0 3.0 3.0 3.0 0.0 0.18 2 TOUCH_MOVE Back
1401601042844 6 4098 695.0 1082.9509 0.16666667 3.0 3.0 3.0 3.0 0.0 0.112 2 TOUCH_MOVE Back
1401601042847 6 4098 695.0 1082.9509 0.16666667 3.0 3.0 3.0 3.0 0.0 0.112 1 TOUCH_UP Back
1401601043150 6 4098 439.5 957.451 0.23333335 4.0 4.0 4.0 4.0 0.0 0.2 0 TOUCH_DOWN h
1401601043173 6 4098 439.5 957.451 0.23333335 4.0 4.0 4.0 4.0 0.0 0.208 2 TOUCH_MOVE h
1401601043189 6 4098 438.96268 957.451 0.23333335 4.0 4.0 4.0 4.0 0.0 0.21200001 2 TOUCH_MOVE h
1401601043206 6 4098 438.25 957.451 0.3 5.0 5.0 5.0 5.0 0.0 0.216 2 TOUCH_MOVE h
1401601043239 6 4098 438.5 957.451 0.20000002 3.0 3.0 3.0 3.0 0.0 0.108 2 TOUCH_MOVE h
1401601043244 6 4098 438.5 957.451 0.20000002 3.0 3.0 3.0 3.0 0.0 0.108 1 TOUCH_UP h
1401601043432 6 4098 626.0 839.451 0.3 5.0 5.0 5.0 5.0 0.0 0.19600001 0 TOUCH_DOWN o
1401601043443 6 4098 625.9433 839.451 0.3 5.0 5.0 5.0 5.0 0.0 0.2 2 TOUCH_MOVE o
1401601043460 6 4098 623.9435 838.9284 0.3 5.0 5.0 5.0 5.0 0.0 0.208 2 TOUCH_MOVE o
1401601043474 6 4098 619.0251 836.961 0.3 5.0 5.0 5.0 5.0 0.0 0.208 2 TOUCH_MOVE o
1401601043490 6 4098 616.0836 835.9928 0.3 5.0 5.0 5.0 5.0 0.0 0.208 2 TOUCH_MOVE o
1401601043506 6 4098 614.1837 835.451 0.3 5.0 5.0 5.0 5.0 0.0 0.192 2 TOUCH_MOVE o
1401601043510 6 4098 614.0 835.451 0.3 5.0 5.0 5.0 5.0 0.0 0.17600001 2 TOUCH_MOVE o
1401601043514 6 4098 614.0 835.451 0.3 5.0 5.0 5.0 5.0 0.0 0.17600001 1 TOUCH_UP o
1401601043659 6 4098 555.5 840.951 0.3 5.0 5.0 5.0 5.0 0.0 0.20400001 0 TOUCH_DOWN i
1401601043673 6 4098 555.5 840.951 0.3 5.0 5.0 5.0 5.0 0.0 0.208 2 TOUCH_MOVE i
1401601043692 6 4098 554.50665 840.951 0.3 5.0 5.0 5.0 5.0 0.0 0.216 2 TOUCH_MOVE i
1401601043709 6 4098 554.015 840.951 0.3 5.0 5.0 5.0 5.0 0.0 0.216 2 TOUCH_MOVE i
1401601043723 6 4098 553.25 840.951 0.3 5.0 5.0 5.0 5.0 0.0 0.216 2 TOUCH_MOVE i
1401601043753 6 4098 552.5 843.451 0.20000002 4.0 4.0 4.0 4.0 0.0 0.156 2 TOUCH_MOVE i
1401601043758 6 4098 552.5 843.451 0.20000002 4.0 4.0 4.0 4.0 0.0 0.156 1 TOUCH_UP i
1401601044027 6 4098 335.5 1207.4509 0.26666668 5.0 5.0 5.0 5.0 0.0 0.2 0 TOUCH_DOWN Space
1401601044042 6 4098 335.5 1208.1787 0.26666668 5.0 5.0 5.0 5.0 0.0 0.20400001 2 TOUCH_MOVE Space
1401601044060 6 4098 334.80817 1209.1427 0.26666668 5.0 5.0 5.0 5.0 0.0 0.21200001 2 TOUCH_MOVE Space
1401601044073 6 4098 333.8453 1210.1056 0.26666668 5.0 5.0 5.0 5.0 0.0 0.208 2 TOUCH_MOVE Space
1401601044090 6 4098 332.8809 1211.6891 0.26666668 5.0 5.0 5.0 5.0 0.0 0.208 2 TOUCH_MOVE Space
1401601044106 6 4098 333.0 1212.534 0.26666668 5.0 5.0 5.0 5.0 0.0 0.2 2 TOUCH_MOVE Space
1401601044129 6 4098 334.04657 1213.4974 0.20000002 3.0 3.0 3.0 3.0 0.0 0.14 2 TOUCH_MOVE Space
1401601044132 6 4098 334.04657 1213.4974 0.20000002 3.0 3.0 3.0 3.0 0.0 0.14 1 TOUCH_UP Space
1401601044608 6 4098 591.5 1083.9509 0.16666667 3.0 3.0 3.0 3.0 0.0 0.192 0 TOUCH_DOWN m
1401601044674 6 4098 591.5 1083.9509 0.16666667 3.0 3.0 3.0 3.0 0.0 0.18800001 2 TOUCH_MOVE m
1401601044680 6 4098 591.5 1083.9509 0.13333334 2.0 2.0 2.0 2.0 0.0 0.16000001 2 TOUCH_MOVE m
1401601044684 6 4098 591.5 1083.9509 0.13333334 2.0 2.0 2.0 2.0 0.0 0.16000001 1 TOUCH_UP m
1401601044974 6 4098 164.5 811.951 0.26666668 5.0 5.0 5.0 5.0 0.0 0.19600001 0 TOUCH_DOWN e
1401601044991 6 4098 164.5 811.951 0.3 5.0 5.0 5.0 5.0 0.0 0.20400001 2 TOUCH_MOVE e
1401601045041 6 4098 165.07678 811.951 0.3 5.0 5.0 5.0 5.0 0.0 0.224 2 TOUCH_MOVE e
1401601045090 6 4098 165.07678 811.951 0.3 5.0 5.0 5.0 5.0 0.0 0.224 1 TOUCH_UP e
1401601045957 6 4098 432.5 1115.9509 0.3 5.0 5.0 5.0 5.0 0.0 0.208 0 TOUCH_DOWN b
1401601045982 6 4098 432.5 1115.9509 0.3 5.0 5.0 5.0 5.0 0.0 0.21200001 2 TOUCH_MOVE b
1401601046029 6 4098 432.9932 1112.9713 0.3 5.0 5.0 5.0 5.0 0.0 0.20400001 2 TOUCH_MOVE b
1401601046040 6 4098 433.5 1111.4509 0.26666668 5.0 5.0 5.0 5.0 0.0 0.156 2 TOUCH_MOVE b
1401601046044 6 4098 433.5 1111.4509 0.26666668 5.0 5.0 5.0 5.0 0.0 0.156 1 TOUCH_UP b
1401601046261 6 4098 535.0 857.451 0.16666667 3.0 3.0 3.0 3.0 0.0 0.19600001 0 TOUCH_DOWN i
1401601046308 6 4098 532.33594 857.451 0.20000002 4.0 4.0 4.0 4.0 0.0 0.20400001 2 TOUCH_MOVE i
1401601046325 6 4098 533.0656 857.451 0.20000002 4.0 4.0 4.0 4.0 0.0 0.192 2 TOUCH_MOVE i
1401601046342 6 4098 538.68475 857.451 0.20000002 4.0 4.0 4.0 4.0 0.0 0.17600001 2 TOUCH_MOVE i
1401601046346 6 4098 538.68475 857.451 0.20000002 4.0 4.0 4.0 4.0 0.0 0.17600001 1 TOUCH_UP i
1401601046504 6 4098 143.5 807.451 0.23333335 4.0 4.0 4.0 4.0 0.0 0.2 0 TOUCH_DOWN w
1401601046539 6 4098 143.83958 807.451 0.23333335 4.0 4.0 4.0 4.0 0.0 0.208 2 TOUCH_MOVE w
1401601046545 6 4098 144.7929 807.451 0.26666668 5.0 5.0 5.0 5.0 0.0 0.216 2 TOUCH_MOVE w
1401601046577 6 4098 147.25 807.451 0.23333335 4.0 4.0 4.0 4.0 0.0 0.208 2 TOUCH_MOVE w
1401601046586 6 4098 147.5 807.451 0.23333335 4.0 4.0 4.0 4.0 0.0 0.17600001 2 TOUCH_MOVE w
1401601046590 6 4098 147.5 807.451 0.23333335 4.0 4.0 4.0 4.0 0.0 0.17600001 1 TOUCH_UP w
1401601047011 6 4098 696.5 1094.4509 0.16666667 3.0 3.0 3.0 3.0 0.0 0.18800001 0 TOUCH_DOWN Back
1401601047029 6 4098 696.5 1094.7352 0.16666667 3.0 3.0 3.0 3.0 0.0 0.19600001 2 TOUCH_MOVE Back
1401601047042 6 4098 696.5 1095.4889 0.20000002 4.0 4.0 4.0 4.0 0.0 0.2 2 TOUCH_MOVE Back
1401601047061 6 4098 696.5 1096.4325 0.20000002 4.0 4.0 4.0 4.0 0.0 0.20400001 2 TOUCH_MOVE Back
1401601047080 6 4098 696.5 1097.2854 0.20000002 4.0 4.0 4.0 4.0 0.0 0.20400001 2 TOUCH_MOVE Back
1401601047093 6 4098 696.5 1097.7009 0.20000002 4.0 4.0 4.0 4.0 0.0 0.2 2 TOUCH_MOVE Back
1401601047108 6 4098 696.5 1097.7009 0.20000002 4.0 4.0 4.0 4.0 0.0 0.2 1 TOUCH_UP Back
1401601047214 6 4098 688.5 1094.4509 0.16666667 3.0 3.0 3.0 3.0 0.0 0.18 0 TOUCH_DOWN Back
1401601047273 6 4098 688.5 1094.4509 0.16666667 3.0 3.0 3.0 3.0 0.0 0.18 1 TOUCH_UP Back
1401601047369 6 4098 687.5 1095.4509 0.20000002 3.0 3.0 3.0 3.0 0.0 0.17600001 0 TOUCH_DOWN Back
1401601047404 6 4098 687.5 1095.4509 0.20000002 3.0 3.0 3.0 3.0 0.0 0.18400002 2 TOUCH_MOVE Back
1401601047427 6 4098 687.1621 1095.9509 0.20000002 3.0 3.0 3.0 3.0 0.0 0.18800001 2 TOUCH_MOVE Back
1401601047444 6 4098 687.0 1095.9509 0.23333335 4.0 4.0 4.0 4.0 0.0 0.18 2 TOUCH_MOVE Back
1401601047447 6 4098 687.0 1095.9509 0.23333335 4.0 4.0 4.0 4.0 0.0 0.18 1 TOUCH_UP Back
1401601047539 6 4098 684.5 1093.9509 0.16666667 3.0 3.0 3.0 3.0 0.0 0.164 0 TOUCH_DOWN Back
1401601047560 6 4098 684.5 1093.9509 0.20000002 3.0 3.0 3.0 3.0 0.0 0.16000001 2 TOUCH_MOVE Back
1401601047567 6 4098 684.5 1093.9509 0.20000002 3.0 3.0 3.0 3.0 0.0 0.16000001 1 TOUCH_UP Back
1401601048461 6 4098 141.0 820.451 0.23333335 4.0 4.0 4.0 4.0 0.0 0.18400002 0 TOUCH_DOWN w
1401601048473 6 4098 141.16371 820.451 0.26666668 4.0 4.0 4.0 4.0 0.0 0.18800001 2 TOUCH_MOVE w
1401601048506 6 4098 147.52022 820.951 0.26666668 4.0 4.0 4.0 4.0 0.0 0.208 2 TOUCH_MOVE w
1401601048512 6 4098 153.90944 820.71606 0.3 5.0 5.0 5.0 5.0 0.0 0.216 2 TOUCH_MOVE w
1401601048527 6 4098 159.33759 819.7281 0.3 5.0 5.0 5.0 5.0 0.0 0.224 2 TOUCH_MOVE w
1401601048544 6 4098 164.42593 818.7658 0.3 5.0 5.0 5.0 5.0 0.0 0.22800002 2 TOUCH_MOVE w
1401601048560 6 4098 169.20955 817.8091 0.3 5.0 5.0 5.0 5.0 0.0 0.22800002 2 TOUCH_MOVE w
1401601048577 6 4098 174.0138 816.8482 0.3 5.0 5.0 5.0 5.0 0.0 0.23200001 2 TOUCH_MOVE w
1401601048594 6 4098 176.14908 816.451 0.3 5.0 5.0 5.0 5.0 0.0 0.22800002 2 TOUCH_MOVE w
1401601048612 6 4098 177.0374 816.451 0.3 5.0 5.0 5.0 5.0 0.0 0.22000001 2 TOUCH_MOVE w
1401601048631 6 4098 178.0 816.451 0.20000002 4.0 4.0 4.0 4.0 0.0 0.17600001 2 TOUCH_MOVE w
1401601048635 6 4098 178.0 816.451 0.20000002 4.0 4.0 4.0 4.0 0.0 0.17600001 1 TOUCH_UP w
1401601048838 6 4098 356.5 1247.9509 0.10000001 2.0 2.0 2.0 2.0 0.0 0.164 0 TOUCH_DOWN Space
1401601048844 6 4098 356.5 1247.9509 0.10000001 2.0 2.0 2.0 2.0 0.0 0.17600001 2 TOUCH_MOVE Space
1401601048877 6 4098 355.11087 1245.7834 0.13333334 3.0 3.0 3.0 3.0 0.0 0.18800001 2 TOUCH_MOVE Space
1401601048895 6 4098 354.08978 1243.6305 0.13333334 3.0 3.0 3.0 3.0 0.0 0.18800001 2 TOUCH_MOVE Space
1401601048911 6 4098 353.5 1242.0779 0.13333334 3.0 3.0 3.0 3.0 0.0 0.18800001 2 TOUCH_MOVE Space
1401601048928 6 4098 353.5 1241.7009 0.13333334 3.0 3.0 3.0 3.0 0.0 0.18400002 2 TOUCH_MOVE Space
1401601048954 6 4098 353.5 1241.7009 0.13333334 3.0 3.0 3.0 3.0 0.0 0.18400002 1 TOUCH_UP Space
1401601049434 6 4098 694.5 1095.9509 0.16666667 3.0 3.0 3.0 3.0 0.0 0.18400002 0 TOUCH_DOWN Back
1401601049446 6 4098 694.5 1095.9509 0.16666667 3.0 3.0 3.0 3.0 0.0 0.18800001 2 TOUCH_MOVE Back
1401601049480 6 4098 693.8976 1095.9509 0.20000002 3.0 3.0 3.0 3.0 0.0 0.2 2 TOUCH_MOVE Back
1401601049497 6 4098 692.93256 1095.9509 0.20000002 3.0 3.0 3.0 3.0 0.0 0.2 2 TOUCH_MOVE Back
1401601049531 6 4098 693.0 1096.4509 0.16666667 3.0 3.0 3.0 3.0 0.0 0.18 2 TOUCH_MOVE Back
1401601049537 6 4098 693.0 1096.4509 0.16666667 3.0 3.0 3.0 3.0 0.0 0.18 1 TOUCH_UP Back
1401601049639 6 4098 691.0 1091.9509 0.20000002 3.0 3.0 3.0 3.0 0.0 0.192 0 TOUCH_DOWN Back
1401601049658 6 4098 691.0 1091.9509 0.23333335 4.0 4.0 4.0 4.0 0.0 0.19600001 2 TOUCH_MOVE Back
1401601049712 6 4098 691.0 1093.0361 0.20000002 3.0 3.0 3.0 3.0 0.0 0.19600001 2 TOUCH_MOVE Back
1401601049743 6 4098 691.0 1093.0361 0.20000002 3.0 3.0 3.0 3.0 0.0 0.19600001 1 TOUCH_UP Back
1401601050368 6 4098 148.0 820.951 0.26666668 4.0 4.0 4.0 4.0 0.0 0.19600001 0 TOUCH_DOWN e
1401601050379 6 4098 148.0 820.951 0.26666668 4.0 4.0 4.0 4.0 0.0 0.2 2 TOUCH_MOVE e
1401601050396 6 4098 148.52942 820.951 0.3 5.0 5.0 5.0 5.0 0.0 0.216 2 TOUCH_MOVE e
1401601050413 6 4098 150.54636 819.9278 0.3 5.0 5.0 5.0 5.0 0.0 0.22000001 2 TOUCH_MOVE e
1401601050429 6 4098 153.45856 818.9648 0.3 5.0 5.0 5.0 5.0 0.0 0.224 2 TOUCH_MOVE e
1401601050446 6 4098 156.84723 818.0019 0.3 5.0 5.0 5.0 5.0 0.0 0.22800002 2 TOUCH_MOVE e
1401601050464 6 4098 159.31978 817.5411 0.3 5.0 5.0 5.0 5.0 0.0 0.22800002 2 TOUCH_MOVE e
1401601050479 6 4098 161.24532 817.0783 0.3 5.0 5.0 5.0 5.0 0.0 0.22800002 2 TOUCH_MOVE e
1401601050496 6 4098 162.32736 816.951 0.3 5.0 5.0 5.0 5.0 0.0 0.224 2 TOUCH_MOVE e
1401601050513 6 4098 163.59709 817.2495 0.3 5.0 5.0 5.0 5.0 0.0 0.216 2 TOUCH_MOVE e
1401601050528 6 4098 165.5 817.951 0.26666668 4.0 4.0 4.0 4.0 0.0 0.18800001 2 TOUCH_MOVE e
1401601050531 6 4098 165.5 817.951 0.26666668 4.0 4.0 4.0 4.0 0.0 0.18800001 1 TOUCH_UP e
1401601050717 6 4098 341.5 1233.9509 0.26666668 5.0 5.0 5.0 5.0 0.0 0.19600001 0 TOUCH_DOWN Space
1401601050729 6 4098 341.5 1233.9509 0.26666668 5.0 5.0 5.0 5.0 0.0 0.2 2 TOUCH_MOVE Space
1401601050749 6 4098 340.71854 1232.8881 0.26666668 5.0 5.0 5.0 5.0 0.0 0.20400001 2 TOUCH_MOVE Space
1401601050763 6 4098 340.73764 1231.7133 0.23333335 4.0 4.0 4.0 4.0 0.0 0.208 2 TOUCH_MOVE Space
1401601050780 6 4098 341.4834 1230.9675 0.23333335 4.0 4.0 4.0 4.0 0.0 0.208 2 TOUCH_MOVE Space
1401601050796 6 4098 344.017 1230.4509 0.23333335 4.0 4.0 4.0 4.0 0.0 0.2 2 TOUCH_MOVE Space
1401601050814 6 4098 348.5 1230.4509 0.16666667 3.0 3.0 3.0 3.0 0.0 0.172 2 TOUCH_MOVE Space
1401601050827 6 4098 348.5 1230.4509 0.16666667 3.0 3.0 3.0 3.0 0.0 0.172 1 TOUCH_UP Space
1401601051421 6 4098 427.5 1095.4509 0.26666668 4.0 4.0 4.0 4.0 0.0 0.20400001 0 TOUCH_DOWN b
1401601051432 6 4098 427.5 1095.4509 0.26666668 4.0 4.0 4.0 4.0 0.0 0.21200001 2 TOUCH_MOVE b
1401601051447 6 4098 427.5 1096.0616 0.26666668 4.0 4.0 4.0 4.0 0.0 0.216 2 TOUCH_MOVE b
1401601051464 6 4098 426.3251 1097.1259 0.26666668 4.0 4.0 4.0 4.0 0.0 0.22000001 2 TOUCH_MOVE b
1401601051493 6 4098 425.35657 1097.4509 0.26666668 4.0 4.0 4.0 4.0 0.0 0.216 2 TOUCH_MOVE b
1401601051513 6 4098 430.65497 1091.1504 0.23333335 5.0 5.0 5.0 5.0 0.0 0.17600001 2 TOUCH_MOVE b
1401601051517 6 4098 430.65497 1091.1504 0.23333335 5.0 5.0 5.0 5.0 0.0 0.17600001 1 TOUCH_UP b
1401601051707 6 4098 546.5 841.451 0.26666668 4.0 4.0 4.0 4.0 0.0 0.2 0 TOUCH_DOWN i
1401601051733 6 4098 545.98645 840.93744 0.26666668 4.0 4.0 4.0 4.0 0.0 0.208 2 TOUCH_MOVE i
1401601051757 6 4098 544.9654 837.84717 0.3 5.0 5.0 5.0 5.0 0.0 0.21200001 2 TOUCH_MOVE i
1401601051764 6 4098 544.5 835.42554 0.3 5.0 5.0 5.0 5.0 0.0 0.21200001 2 TOUCH_MOVE i
1401601051780 6 4098 544.5 834.701 0.26666668 4.0 4.0 4.0 4.0 0.0 0.21200001 2 TOUCH_MOVE i
1401601051797 6 4098 545.3791 835.3301 0.26666668 4.0 4.0 4.0 4.0 0.0 0.19600001 2 TOUCH_MOVE i
1401601051810 6 4098 545.5 835.451 0.26666668 5.0 5.0 5.0 5.0 0.0 0.164 2 TOUCH_MOVE i
1401601051814 6 4098 545.5 835.451 0.26666668 5.0 5.0 5.0 5.0 0.0 0.164 1 TOUCH_UP i
1401601052031 6 4098 150.0 817.951 0.3 5.0 5.0 5.0 5.0 0.0 0.18800001 0 TOUCH_DOWN e
1401601052056 6 4098 150.0 817.951 0.3 5.0 5.0 5.0 5.0 0.0 0.2 2 TOUCH_MOVE e
1401601052081 6 4098 151.3028 819.2538 0.33333334 5.0 5.0 5.0 5.0 0.0 0.21200001 2 TOUCH_MOVE e
1401601052098 6 4098 152.26968 820.2207 0.33333334 5.0 5.0 5.0 5.0 0.0 0.216 2 TOUCH_MOVE e
1401601052115 6 4098 152.75 820.701 0.33333334 5.0 5.0 5.0 5.0 0.0 0.21200001 2 TOUCH_MOVE e
1401601052127 6 4098 152.75 820.701 0.33333334 5.0 5.0 5.0 5.0 0.0 0.21200001 1 TOUCH_UP e
1401601052305 6 4098 312.5 816.451 0.26666668 4.0 4.0 4.0 4.0 0.0 0.20400001 0 TOUCH_DOWN t
1401601052338 6 4098 313.0 816.451 0.20000002 3.0 3.0 3.0 3.0 0.0 0.104 2 TOUCH_MOVE t
1401601052341 6 4098 313.0 816.451 0.20000002 3.0 3.0 3.0 3.0 0.0 0.104 1 TOUCH_UP t
1401601052711 6 4098 381.5 1215.4509 0.23333335 4.0 4.0 4.0 4.0 0.0 0.192 0 TOUCH_DOWN Space
1401601052735 6 4098 381.5 1215.4509 0.23333335 4.0 4.0 4.0 4.0 0.0 0.19600001 2 TOUCH_MOVE Space
1401601052749 6 4098 381.5 1216.0535 0.26666668 5.0 5.0 5.0 5.0 0.0 0.2 2 TOUCH_MOVE Space
1401601052783 6 4098 381.7399 1216.9509 0.26666668 5.0 5.0 5.0 5.0 0.0 0.19600001 2 TOUCH_MOVE Space
1401601052798 6 4098 383.0 1216.9509 0.26666668 5.0 5.0 5.0 5.0 0.0 0.18400002 2 TOUCH_MOVE Space
1401601052806 6 4098 383.0 1216.9509 0.20000002 3.0 3.0 3.0 3.0 0.0 0.112 2 TOUCH_MOVE Space
1401601052809 6 4098 383.0 1216.9509 0.20000002 3.0 3.0 3.0 3.0 0.0 0.112 1 TOUCH_UP Space
1401601053014 6 4098 209.0 977.951 0.23333335 4.0 4.0 4.0 4.0 0.0 0.192 0 TOUCH_DOWN d
1401601053036 6 4098 209.0 977.951 0.23333335 4.0 4.0 4.0 4.0 0.0 0.2 2 TOUCH_MOVE d
1401601053048 6 4098 209.0 978.48956 0.26666668 5.0 5.0 5.0 5.0 0.0 0.216 2 TOUCH_MOVE d
1401601053065 6 4098 209.0 979.56396 0.26666668 5.0 5.0 5.0 5.0 0.0 0.216 2 TOUCH_MOVE d
1401601053082 6 4098 209.0 980.52094 0.26666668 5.0 5.0 5.0 5.0 0.0 0.216 2 TOUCH_MOVE d
1401601053098 6 4098 209.0 981.4885 0.3 5.0 5.0 5.0 5.0 0.0 0.22000001 2 TOUCH_MOVE d
1401601053116 6 4098 209.0 982.201 0.26666668 5.0 5.0 5.0 5.0 0.0 0.21200001 2 TOUCH_MOVE d
1401601053158 6 4098 209.0 982.201 0.26666668 5.0 5.0 5.0 5.0 0.0 0.21200001 1 TOUCH_UP d
1401601053238 6 4098 580.5 796.451 0.13333334 2.0 2.0 2.0 2.0 0.0 0.164 0 TOUCH_DOWN o
1401601053249 6 4098 580.5 796.451 0.13333334 2.0 2.0 2.0 2.0 0.0 0.18 2 TOUCH_MOVE o
1401601053282 6 4098 579.4495 796.451 0.16666667 3.0 3.0 3.0 3.0 0.0 0.18800001 2 TOUCH_MOVE o
1401601053298 6 4098 574.0286 797.5453 0.16666667 3.0 3.0 3.0 3.0 0.0 0.18 2 TOUCH_MOVE o
1401601053309 6 4098 574.5 797.451 0.16666667 3.0 3.0 3.0 3.0 0.0 0.128 2 TOUCH_MOVE o
1401601053312 6 4098 574.5 797.451 0.16666667 3.0 3.0 3.0 3.0 0.0 0.128 1 TOUCH_UP o
1401601054019 6 4098 677.0 1081.9509 0.20000002 4.0 4.0 4.0 4.0 0.0 0.18800001 0 TOUCH_DOWN Back
1401601054040 6 4098 677.0 1081.9509 0.20000002 4.0 4.0 4.0 4.0 0.0 0.192 2 TOUCH_MOVE Back
1401601054085 6 4098 677.0 1081.9509 0.20000002 4.0 4.0 4.0 4.0 0.0 0.192 1 TOUCH_UP Back
1401601054348 6 4098 543.5 793.951 0.23333335 4.0 4.0 4.0 4.0 0.0 0.208 0 TOUCH_DOWN i
1401601054366 6 4098 543.5 793.951 0.23333335 4.0 4.0 4.0 4.0 0.0 0.21200001 2 TOUCH_MOVE i
1401601054383 6 4098 544.0441 793.951 0.26666668 5.0 5.0 5.0 5.0 0.0 0.21200001 2 TOUCH_MOVE i
1401601054399 6 4098 547.06335 794.5918 0.23333335 5.0 5.0 5.0 5.0 0.0 0.20400001 2 TOUCH_MOVE i
1401601054416 6 4098 549.0 795.451 0.23333335 5.0 5.0 5.0 5.0 0.0 0.148 2 TOUCH_MOVE i
1401601054422 6 4098 549.0 795.451 0.23333335 5.0 5.0 5.0 5.0 0.0 0.148 1 TOUCH_UP i
1401601054754 6 4098 380.0 1224.9509 0.23333335 4.0 4.0 4.0 4.0 0.0 0.192 0 TOUCH_DOWN Space
1401601054828 6 4098 380.0 1224.9509 0.23333335 4.0 4.0 4.0 4.0 0.0 0.192 1 TOUCH_UP Space
1401601055052 6 4098 211.0 968.451 0.20000002 4.0 4.0 4.0 4.0 0.0 0.192 0 TOUCH_DOWN d
1401601055198 6 4098 211.0 968.451 0.16666667 3.0 3.0 3.0 3.0 0.0 0.108 2 TOUCH_MOVE d
1401601055201 6 4098 211.0 968.451 0.16666667 3.0 3.0 3.0 3.0 0.0 0.108 1 TOUCH_UP d
1401601055245 6 4098 478.0 824.451 0.23333335 4.0 4.0 4.0 4.0 0.0 0.2 0 TOUCH_DOWN u
1401601055267 6 4098 478.0 824.451 0.23333335 4.0 4.0 4.0 4.0 0.0 0.208 2 TOUCH_MOVE u
1401601055284 6 4098 477.44595 823.897 0.26666668 4.0 4.0 4.0 4.0 0.0 0.224 2 TOUCH_MOVE u
1401601055300 6 4098 475.865 822.816 0.26666668 4.0 4.0 4.0 4.0 0.0 0.22800002 2 TOUCH_MOVE u
1401601055319 6 4098 475.25 822.951 0.26666668 4.0 4.0 4.0 4.0 0.0 0.22800002 2 TOUCH_MOVE u
1401601055334 6 4098 476.01712 823.9852 0.3 5.0 5.0 5.0 5.0 0.0 0.21200001 2 TOUCH_MOVE u
1401601055351 6 4098 484.7153 830.6125 0.3 5.0 5.0 5.0 5.0 0.0 0.18 2 TOUCH_MOVE u
1401601055367 6 4098 484.7153 830.6125 0.3 5.0 5.0 5.0 5.0 0.0 0.18 1 TOUCH_UP u
1401601055517 6 4098 639.0 814.951 0.20000002 4.0 4.0 4.0 4.0 0.0 0.192 0 TOUCH_DOWN o
1401601055534 6 4098 639.0 814.951 0.20000002 4.0 4.0 4.0 4.0 0.0 0.2 2 TOUCH_MOVE o
1401601055550 6 4098 639.0 815.47455 0.26666668 4.0 4.0 4.0 4.0 0.0 0.208 2 TOUCH_MOVE o
1401601055567 6 4098 639.0 816.201 0.26666668 4.0 4.0 4.0 4.0 0.0 0.20400001 2 TOUCH_MOVE o
1401601055584 6 4098 639.0 816.68054 0.23333335 4.0 4.0 4.0 4.0 0.0 0.2 2 TOUCH_MOVE o
1401601055602 6 4098 639.96497 817.41595 0.20000002 4.0 4.0 4.0 4.0 0.0 0.18800001 2 TOUCH_MOVE o
1401601055604 6 4098 640.0 817.451 0.20000002 4.0 4.0 4.0 4.0 0.0 0.17600001 2 TOUCH_MOVE o
1401601055607 6 4098 640.0 817.451 0.20000002 4.0 4.0 4.0 4.0 0.0 0.17600001 1 TOUCH_UP o
1401601056185 6 4098 494.0 1110.4509 0.33333334 5.0 5.0 5.0 5.0 0.0 0.19600001 0 TOUCH_DOWN n
1401601056218 6 4098 494.0 1110.4509 0.33333334 5.0 5.0 5.0 5.0 0.0 0.20400001 2 TOUCH_MOVE n
1401601056234 6 4098 496.63297 1108.8623 0.3 5.0 5.0 5.0 5.0 0.0 0.2 2 TOUCH_MOVE n
1401601056251 6 4098 500.03644 1106.4327 0.3 5.0 5.0 5.0 5.0 0.0 0.192 2 TOUCH_MOVE n
1401601056268 6 4098 502.906 1104.4979 0.26666668 4.0 4.0 4.0 4.0 0.0 0.18 2 TOUCH_MOVE n
1401601056279 6 4098 503.0 1104.4509 0.20000002 3.0 3.0 3.0 3.0 0.0 0.1 2 TOUCH_MOVE n
1401601056285 6 4098 503.0 1104.4509 0.20000002 3.0 3.0 3.0 3.0 0.0 0.1 1 TOUCH_UP n
1401601056418 6 4098 341.0 945.951 0.3 5.0 5.0 5.0 5.0 0.0 0.208 0 TOUCH_DOWN g
1401601056451 6 4098 341.5142 945.951 0.3 5.0 5.0 5.0 5.0 0.0 0.22000001 2 TOUCH_MOVE g
1401601056468 6 4098 344.0316 945.4404 0.3 5.0 5.0 5.0 5.0 0.0 0.22000001 2 TOUCH_MOVE g
1401601056487 6 4098 346.96378 944.951 0.3 5.0 5.0 5.0 5.0 0.0 0.22000001 2 TOUCH_MOVE g
1401601056501 6 4098 348.44907 944.951 0.3 5.0 5.0 5.0 5.0 0.0 0.216 2 TOUCH_MOVE g
1401601056518 6 4098 349.25 944.951 0.26666668 5.0 5.0 5.0 5.0 0.0 0.192 2 TOUCH_MOVE g
1401601056529 6 4098 349.25 944.951 0.26666668 5.0 5.0 5.0 5.0 0.0 0.192 1 TOUCH_UP g
1401601056687 6 4098 354.5 1229.4509 0.20000002 3.0 3.0 3.0 3.0 0.0 0.2 0 TOUCH_DOWN Space
1401601056705 6 4098 354.5 1229.4509 0.23333335 4.0 4.0 4.0 4.0 0.0 0.2 2 TOUCH_MOVE Space
1401601056770 6 4098 358.1229 1229.0972 0.23333335 4.0 4.0 4.0 4.0 0.0 0.2 2 TOUCH_MOVE Space
1401601056782 6 4098 364.0 1227.4509 0.20000002 3.0 3.0 3.0 3.0 0.0 0.172 2 TOUCH_MOVE Space
1401601056786 6 4098 364.0 1227.4509 0.20000002 3.0 3.0 3.0 3.0 0.0 0.172 1 TOUCH_UP Space
1401601057000 6 4098 490.5 1106.9509 0.3 5.0 5.0 5.0 5.0 0.0 0.2 0 TOUCH_DOWN n
1401601057069 6 4098 492.0 1105.9509 0.26666668 5.0 5.0 5.0 5.0 0.0 0.18 2 TOUCH_MOVE n
1401601057075 6 4098 492.0 1105.9509 0.26666668 5.0 5.0 5.0 5.0 0.0 0.18 1 TOUCH_UP n
1401601057173 6 4098 43.0 977.451 0.16666667 3.0 3.0 3.0 3.0 0.0 0.18400002 0 TOUCH_DOWN a
1401601057185 6 4098 43.0 977.451 0.20000002 3.0 3.0 3.0 3.0 0.0 0.18800001 2 TOUCH_MOVE a
1401601057235 6 4098 43.55199 977.451 0.20000002 3.0 3.0 3.0 3.0 0.0 0.2 2 TOUCH_MOVE a
1401601057269 6 4098 44.148777 977.451 0.20000002 3.0 3.0 3.0 3.0 0.0 0.2 2 TOUCH_MOVE a
1401601057345 6 4098 44.148777 977.451 0.20000002 3.0 3.0 3.0 3.0 0.0 0.2 1 TOUCH_UP a
1401601057472 6 4098 626.5 813.451 0.26666668 4.0 4.0 4.0 4.0 0.0 0.192 0 TOUCH_DOWN o
1401601057489 6 4098 626.12286 813.451 0.23333335 4.0 4.0 4.0 4.0 0.0 0.19600001 2 TOUCH_MOVE o
1401601057503 6 4098 624.7106 812.8063 0.26666668 5.0 5.0 5.0 5.0 0.0 0.20400001 2 TOUCH_MOVE o
1401601057519 6 4098 622.62744 811.7647 0.26666668 5.0 5.0 5.0 5.0 0.0 0.20400001 2 TOUCH_MOVE o
1401601057537 6 4098 621.85913 810.5284 0.23333335 4.0 4.0 4.0 4.0 0.0 0.19600001 2 TOUCH_MOVE o
1401601057553 6 4098 621.5 807.0115 0.20000002 4.0 4.0 4.0 4.0 0.0 0.172 2 TOUCH_MOVE o
1401601057557 6 4098 621.5 807.0115 0.20000002 4.0 4.0 4.0 4.0 0.0 0.172 1 TOUCH_UP o
