1402554840258 6 4098 113.5 860.451 0.23333335 5.0 5.0 5.0 5.0 0.0 0.192 0 TOUCH_DOWN W
1402554840294 6 4098 112.31774 860.451 0.23333335 5.0 5.0 5.0 5.0 0.0 0.192 2 TOUCH_MOVE W
1402554840310 6 4098 110.064384 860.451 0.23333335 5.0 5.0 5.0 5.0 0.0 0.17600001 2 TOUCH_MOVE W
1402554840314 6 4098 110.064384 860.451 0.23333335 5.0 5.0 5.0 5.0 0.0 0.17600001 1 TOUCH_UP W
1402554840464 6 4098 180.5 851.451 0.20000002 4.0 4.0 4.0 4.0 0.0 0.208 0 TOUCH_DOWN e
1402554840477 6 4098 180.5 851.451 0.23333335 4.0 4.0 4.0 4.0 0.0 0.208 2 TOUCH_MOVE e
1402554840513 6 4098 180.5 851.451 0.23333335 4.0 4.0 4.0 4.0 0.0 0.208 1 TOUCH_UP e
1402554840937 6 4098 356.0 1198.4509 0.20000002 4.0 4.0 4.0 4.0 0.0 0.20400001 0 TOUCH_DOWN Space
1402554841011 6 4098 357.0 1198.9509 0.13333334 2.0 2.0 2.0 2.0 0.0 0.120000005 2 TOUCH_MOVE Space
1402554841015 6 4098 357.0 1198.9509 0.13333334 2.0 2.0 2.0 2.0 0.0 0.120000005 1 TOUCH_UP Space
1402554841309 6 4098 72.5 952.451 0.20000002 4.0 4.0 4.0 4.0 0.0 0.18 0 TOUCH_DOWN a
1402554841361 6 4098 71.5 952.451 0.20000002 3.0 3.0 3.0 3.0 0.0 0.17600001 2 TOUCH_MOVE a
1402554841369 6 4098 71.5 952.451 0.13333334 2.0 2.0 2.0 2.0 0.0 0.112 2 TOUCH_MOVE a
1402554841373 6 4098 71.5 952.451 0.13333334 2.0 2.0 2.0 2.0 0.0 0.112 1 TOUCH_UP a
1402554841635 6 4098 266.0 856.451 0.23333335 5.0 5.0 5.0 5.0 0.0 0.20400001 0 TOUCH_DOWN r
1402554841695 6 4098 264.65646 856.451 0.23333335 5.0 5.0 5.0 5.0 0.0 0.21200001 2 TOUCH_MOVE r
1402554841707 6 4098 258.5 855.951 0.20000002 4.0 4.0 4.0 4.0 0.0 0.19600001 2 TOUCH_MOVE r
1402554841712 6 4098 258.5 855.951 0.20000002 4.0 4.0 4.0 4.0 0.0 0.19600001 1 TOUCH_UP r
1402554841821 6 4098 206.5 817.451 0.3 5.0 5.0 5.0 5.0 0.0 0.208 0 TOUCH_DOWN e
1402554841877 6 4098 205.5 817.451 0.26666668 4.0 4.0 4.0 4.0 0.0 0.18800001 2 TOUCH_MOVE e
1402554841883 6 4098 205.5 817.451 0.26666668 4.0 4.0 4.0 4.0 0.0 0.18800001 1 TOUCH_UP e
1402554842034 6 4098 375.5 1209.9509 0.23333335 4.0 4.0 4.0 4.0 0.0 0.20400001 0 TOUCH_DOWN Space
1402554842045 6 4098 375.5 1209.9509 0.23333335 4.0 4.0 4.0 4.0 0.0 0.208 2 TOUCH_MOVE Space
1402554842107 6 4098 375.5 1209.9509 0.23333335 4.0 4.0 4.0 4.0 0.0 0.18400002 2 TOUCH_MOVE Space
1402554842110 6 4098 375.5 1209.9509 0.23333335 4.0 4.0 4.0 4.0 0.0 0.18400002 1 TOUCH_UP Space
1402554842361 6 4098 324.5 858.451 0.23333335 5.0 5.0 5.0 5.0 0.0 0.20400001 0 TOUCH_DOWN t
1402554842386 6 4098 324.5 858.7411 0.23333335 5.0 5.0 5.0 5.0 0.0 0.208 2 TOUCH_MOVE t
1402554842400 6 4098 324.5 859.2823 0.26666668 5.0 5.0 5.0 5.0 0.0 0.216 2 TOUCH_MOVE t
1402554842412 6 4098 323.40988 859.951 0.26666668 5.0 5.0 5.0 5.0 0.0 0.208 2 TOUCH_MOVE t
1402554842429 6 4098 323.0 859.951 0.20000002 4.0 4.0 4.0 4.0 0.0 0.18800001 2 TOUCH_MOVE t
1402554842437 6 4098 323.0 859.951 0.20000002 4.0 4.0 4.0 4.0 0.0 0.18800001 1 TOUCH_UP t
1402554842627 6 4098 436.5 937.451 0.33333334 5.0 5.0 5.0 5.0 0.0 0.208 0 TOUCH_DOWN h
1402554842698 6 4098 436.5 937.451 0.33333334 5.0 5.0 5.0 5.0 0.0 0.18 2 TOUCH_MOVE h
1402554842701 6 4098 436.5 937.451 0.33333334 5.0 5.0 5.0 5.0 0.0 0.18 1 TOUCH_UP h
1402554842896 6 4098 183.5 856.951 0.16666667 3.0 3.0 3.0 3.0 0.0 0.18800001 0 TOUCH_DOWN e
1402554842995 6 4098 183.5 856.951 0.16666667 3.0 3.0 3.0 3.0 0.0 0.18800001 1 TOUCH_UP e
1402554843095 6 4098 360.0 1219.4509 0.16666667 3.0 3.0 3.0 3.0 0.0 0.19600001 0 TOUCH_DOWN Space
1402554843150 6 4098 360.0 1219.4509 0.16666667 3.0 3.0 3.0 3.0 0.0 0.19600001 1 TOUCH_UP Space
1402554843566 6 4098 275.0 1116.4509 0.3 5.0 5.0 5.0 5.0 0.0 0.208 0 TOUCH_DOWN c
1402554843625 6 4098 275.0 1116.4509 0.3 5.0 5.0 5.0 5.0 0.0 0.18800001 2 TOUCH_MOVE c
1402554843630 6 4098 275.0 1116.4509 0.3 5.0 5.0 5.0 5.0 0.0 0.18800001 1 TOUCH_UP c
1402554843780 6 4098 440.5 964.951 0.23333335 5.0 5.0 5.0 5.0 0.0 0.192 0 TOUCH_DOWN h
1402554843832 6 4098 441.00006 965.45105 0.23333335 5.0 5.0 5.0 5.0 0.0 0.18400002 2 TOUCH_MOVE h
1402554843841 6 4098 441.0 965.451 0.23333335 5.0 5.0 5.0 5.0 0.0 0.136 2 TOUCH_MOVE h
1402554843845 6 4098 441.0 965.451 0.23333335 5.0 5.0 5.0 5.0 0.0 0.136 1 TOUCH_UP h
1402554844034 6 4098 93.0 1002.951 0.26666668 4.0 4.0 4.0 4.0 0.0 0.18400002 0 TOUCH_DOWN a
1402554844093 6 4098 93.0 1002.951 0.26666668 5.0 5.0 5.0 5.0 0.0 0.16800001 2 TOUCH_MOVE a
1402554844097 6 4098 93.0 1002.951 0.26666668 5.0 5.0 5.0 5.0 0.0 0.16800001 1 TOUCH_UP a
1402554844301 6 4098 578.5 1093.4509 0.20000002 3.0 3.0 3.0 3.0 0.0 0.192 0 TOUCH_DOWN m
1402554844314 6 4098 578.5 1093.4509 0.20000002 3.0 3.0 3.0 3.0 0.0 0.19600001 2 TOUCH_MOVE m
1402554844345 6 4098 580.5 1090.9509 0.13333334 2.0 2.0 2.0 2.0 0.0 0.17600001 2 TOUCH_MOVE m
1402554844349 6 4098 580.5 1090.9509 0.13333334 2.0 2.0 2.0 2.0 0.0 0.17600001 1 TOUCH_UP m
1402554844600 6 4098 691.5 856.451 0.13333334 2.0 2.0 2.0 2.0 0.0 0.18 0 TOUCH_DOWN p
1402554844632 6 4098 689.3317 856.451 0.16666667 3.0 3.0 3.0 3.0 0.0 0.18400002 2 TOUCH_MOVE p
1402554844648 6 4098 688.3476 855.7986 0.16666667 3.0 3.0 3.0 3.0 0.0 0.18 2 TOUCH_MOVE p
1402554844657 6 4098 688.0 855.451 0.16666667 3.0 3.0 3.0 3.0 0.0 0.112 2 TOUCH_MOVE p
1402554844660 6 4098 688.0 855.451 0.16666667 3.0 3.0 3.0 3.0 0.0 0.112 1 TOUCH_UP p
1402554844834 6 4098 533.0 843.951 0.26666668 4.0 4.0 4.0 4.0 0.0 0.208 0 TOUCH_DOWN i
1402554844882 6 4098 534.02966 843.951 0.26666668 4.0 4.0 4.0 4.0 0.0 0.20400001 2 TOUCH_MOVE i
1402554844898 6 4098 542.576 842.3358 0.26666668 5.0 5.0 5.0 5.0 0.0 0.18 2 TOUCH_MOVE i
1402554844902 6 4098 542.576 842.3358 0.26666668 5.0 5.0 5.0 5.0 0.0 0.18 1 TOUCH_UP i
1402554845057 6 4098 623.5 807.951 0.23333335 4.0 4.0 4.0 4.0 0.0 0.19600001 0 TOUCH_DOWN o
1402554845065 6 4098 623.5 807.951 0.26666668 5.0 5.0 5.0 5.0 0.0 0.2 2 TOUCH_MOVE o
1402554845081 6 4098 622.94275 808.50824 0.26666668 5.0 5.0 5.0 5.0 0.0 0.2 2 TOUCH_MOVE o
1402554845098 6 4098 621.2944 809.5538 0.26666668 5.0 5.0 5.0 5.0 0.0 0.19600001 2 TOUCH_MOVE o
1402554845118 6 4098 620.0 811.451 0.26666668 5.0 5.0 5.0 5.0 0.0 0.164 2 TOUCH_MOVE o
1402554845121 6 4098 620.0 811.451 0.26666668 5.0 5.0 5.0 5.0 0.0 0.164 1 TOUCH_UP o
1402554845343 6 4098 505.0 1091.9509 0.26666668 5.0 5.0 5.0 5.0 0.0 0.192 0 TOUCH_DOWN n
1402554845402 6 4098 505.0 1091.9509 0.26666668 5.0 5.0 5.0 5.0 0.0 0.192 1 TOUCH_UP n
1402554846086 6 4098 524.5 1226.9509 0.16666667 3.0 3.0 3.0 3.0 0.0 0.192 0 TOUCH_DOWN .
1402554846132 6 4098 525.0 1227.4509 0.13333334 2.0 2.0 2.0 2.0 0.0 0.18 2 TOUCH_MOVE .
1402554846135 6 4098 525.0 1227.4509 0.13333334 2.0 2.0 2.0 2.0 0.0 0.18 1 TOUCH_UP .
1402554846608 6 4098 688.0 1216.9509 0.20000002 3.0 3.0 3.0 3.0 0.0 0.18400002 0 TOUCH_DOWN Enter
1402554846616 6 4098 688.0 1216.9509 0.20000002 3.0 3.0 3.0 3.0 0.0 0.18800001 2 TOUCH_MOVE Enter
1402554846635 6 4098 688.0 1217.7009 0.20000002 3.0 3.0 3.0 3.0 0.0 0.18800001 2 TOUCH_MOVE Enter
1402554846652 6 4098 688.0 1218.1742 0.20000002 3.0 3.0 3.0 3.0 0.0 0.18800001 2 TOUCH_MOVE Enter
1402554846670 6 4098 688.0 1218.4509 0.20000002 3.0 3.0 3.0 3.0 0.0 0.18 2 TOUCH_MOVE Enter
1402554846673 6 4098 688.0 1218.4509 0.20000002 3.0 3.0 3.0 3.0 0.0 0.18 1 TOUCH_UP Enter
1402554847468 6 4098 131.5 831.451 0.20000002 4.0 4.0 4.0 4.0 0.0 0.19600001 0 TOUCH_DOWN W
1402554847484 6 4098 131.5 831.451 0.20000002 4.0 4.0 4.0 4.0 0.0 0.2 2 TOUCH_MOVE W
1402554847500 6 4098 130.43468 832.5163 0.26666668 4.0 4.0 4.0 4.0 0.0 0.2 2 TOUCH_MOVE W
1402554847517 6 4098 129.5 832.951 0.20000002 3.0 3.0 3.0 3.0 0.0 0.124000005 2 TOUCH_MOVE W
1402554847522 6 4098 129.5 832.951 0.20000002 3.0 3.0 3.0 3.0 0.0 0.124000005 1 TOUCH_UP W
1402554847689 6 4098 193.0 848.951 0.23333335 4.0 4.0 4.0 4.0 0.0 0.19600001 0 TOUCH_DOWN e
1402554847701 6 4098 193.0 848.951 0.23333335 4.0 4.0 4.0 4.0 0.0 0.2 2 TOUCH_MOVE e
1402554847745 6 4098 193.0 848.951 0.13333334 2.0 2.0 2.0 2.0 0.0 0.17600001 2 TOUCH_MOVE e
1402554847749 6 4098 193.0 848.951 0.13333334 2.0 2.0 2.0 2.0 0.0 0.17600001 1 TOUCH_UP e
1402554848062 6 4098 357.0 1200.4509 0.23333335 4.0 4.0 4.0 4.0 0.0 0.20400001 0 TOUCH_DOWN Space
1402554848086 6 4098 356.82068 1201.1302 0.23333335 4.0 4.0 4.0 4.0 0.0 0.21200001 2 TOUCH_MOVE Space
1402554848101 6 4098 355.81995 1201.4509 0.23333335 4.0 4.0 4.0 4.0 0.0 0.216 2 TOUCH_MOVE Space
1402554848118 6 4098 355.25 1201.4509 0.23333335 4.0 4.0 4.0 4.0 0.0 0.216 2 TOUCH_MOVE Space
1402554848137 6 4098 355.5 1201.4509 0.16666667 3.0 3.0 3.0 3.0 0.0 0.18800001 2 TOUCH_MOVE Space
1402554848141 6 4098 355.5 1201.4509 0.16666667 3.0 3.0 3.0 3.0 0.0 0.18800001 1 TOUCH_UP Space
1402554848672 6 4098 66.5 970.451 0.16666667 3.0 3.0 3.0 3.0 0.0 0.18800001 0 TOUCH_DOWN a
1402554848710 6 4098 65.5 970.451 0.16666667 3.0 3.0 3.0 3.0 0.0 0.164 2 TOUCH_MOVE a
1402554848713 6 4098 65.5 970.451 0.16666667 3.0 3.0 3.0 3.0 0.0 0.164 1 TOUCH_UP a
1402554849034 6 4098 256.0 867.951 0.26666668 4.0 4.0 4.0 4.0 0.0 0.20400001 0 TOUCH_DOWN r
1402554849085 6 4098 256.0 868.451 0.23333335 4.0 4.0 4.0 4.0 0.0 0.20400001 2 TOUCH_MOVE r
1402554849090 6 4098 256.0 868.451 0.13333334 2.0 2.0 2.0 2.0 0.0 0.148 2 TOUCH_MOVE r
1402554849094 6 4098 256.0 868.451 0.13333334 2.0 2.0 2.0 2.0 0.0 0.148 1 TOUCH_UP r
1402554849266 6 4098 198.0 831.951 0.26666668 4.0 4.0 4.0 4.0 0.0 0.20400001 0 TOUCH_DOWN e
1402554849285 6 4098 198.0 831.951 0.26666668 4.0 4.0 4.0 4.0 0.0 0.208 2 TOUCH_MOVE e
1402554849334 6 4098 198.0 831.951 0.26666668 4.0 4.0 4.0 4.0 0.0 0.208 1 TOUCH_UP e
1402554849560 6 4098 347.0 1201.4509 0.23333335 4.0 4.0 4.0 4.0 0.0 0.208 0 TOUCH_DOWN Space
1402554849619 6 4098 347.5777 1201.4509 0.23333335 4.0 4.0 4.0 4.0 0.0 0.208 2 TOUCH_MOVE Space
1402554849636 6 4098 347.5777 1201.4509 0.23333335 4.0 4.0 4.0 4.0 0.0 0.208 1 TOUCH_UP Space
1402554849922 6 4098 321.0 854.951 0.23333335 5.0 5.0 5.0 5.0 0.0 0.208 0 TOUCH_DOWN t
1402554849967 6 4098 321.0 854.951 0.20000002 4.0 4.0 4.0 4.0 0.0 0.18400002 2 TOUCH_MOVE t
1402554849971 6 4098 321.0 854.951 0.20000002 4.0 4.0 4.0 4.0 0.0 0.18400002 1 TOUCH_UP t
1402554850221 6 4098 427.5 942.951 0.3 5.0 5.0 5.0 5.0 0.0 0.20400001 0 TOUCH_DOWN h
1402554850272 6 4098 427.68277 945.18207 0.26666668 4.0 4.0 4.0 4.0 0.0 0.19600001 2 TOUCH_MOVE h
1402554850280 6 4098 428.0 946.451 0.23333335 4.0 4.0 4.0 4.0 0.0 0.18 2 TOUCH_MOVE h
1402554850284 6 4098 428.0 946.451 0.23333335 4.0 4.0 4.0 4.0 0.0 0.18 1 TOUCH_UP h
1402554850402 6 4098 159.5 855.951 0.23333335 5.0 5.0 5.0 5.0 0.0 0.18800001 0 TOUCH_DOWN e
1402554850454 6 4098 158.74355 855.951 0.20000002 4.0 4.0 4.0 4.0 0.0 0.18400002 2 TOUCH_MOVE e
1402554850461 6 4098 158.5 855.951 0.20000002 4.0 4.0 4.0 4.0 0.0 0.17600001 2 TOUCH_MOVE e
1402554850464 6 4098 158.5 855.951 0.20000002 4.0 4.0 4.0 4.0 0.0 0.17600001 1 TOUCH_UP e
1402554850659 6 4098 381.5 1197.4509 0.20000002 4.0 4.0 4.0 4.0 0.0 0.2 0 TOUCH_DOWN Space
1402554850712 6 4098 381.5 1197.4509 0.20000002 4.0 4.0 4.0 4.0 0.0 0.148 2 TOUCH_MOVE Space
1402554850716 6 4098 381.5 1197.4509 0.20000002 4.0 4.0 4.0 4.0 0.0 0.148 1 TOUCH_UP Space
1402554851187 6 4098 125.5 840.951 0.26666668 4.0 4.0 4.0 4.0 0.0 0.19600001 0 TOUCH_DOWN w
1402554851254 6 4098 125.5 840.951 0.26666668 4.0 4.0 4.0 4.0 0.0 0.18400002 2 TOUCH_MOVE w
1402554851259 6 4098 125.5 840.951 0.20000002 3.0 3.0 3.0 3.0 0.0 0.1 2 TOUCH_MOVE w
1402554851262 6 4098 125.5 840.951 0.20000002 3.0 3.0 3.0 3.0 0.0 0.1 1 TOUCH_UP w
1402554851566 6 4098 608.0 857.951 0.23333335 5.0 5.0 5.0 5.0 0.0 0.17600001 0 TOUCH_DOWN o
1402554851588 6 4098 608.0 857.951 0.23333335 5.0 5.0 5.0 5.0 0.0 0.18 2 TOUCH_MOVE o
1402554851604 6 4098 608.51764 857.43335 0.23333335 5.0 5.0 5.0 5.0 0.0 0.192 2 TOUCH_MOVE o
1402554851621 6 4098 608.5 855.8038 0.23333335 5.0 5.0 5.0 5.0 0.0 0.2 2 TOUCH_MOVE o
1402554851637 6 4098 608.5 854.9264 0.23333335 5.0 5.0 5.0 5.0 0.0 0.2 2 TOUCH_MOVE o
1402554851654 6 4098 608.5 854.201 0.23333335 5.0 5.0 5.0 5.0 0.0 0.20400001 2 TOUCH_MOVE o
1402554851690 6 4098 609.1539 854.451 0.23333335 5.0 5.0 5.0 5.0 0.0 0.2 2 TOUCH_MOVE o
1402554851707 6 4098 609.1539 854.451 0.23333335 5.0 5.0 5.0 5.0 0.0 0.2 1 TOUCH_UP o
1402554851972 6 4098 264.5 854.951 0.23333335 5.0 5.0 5.0 5.0 0.0 0.208 0 TOUCH_DOWN r
1402554852023 6 4098 264.5 854.951 0.20000002 4.0 4.0 4.0 4.0 0.0 0.18800001 2 TOUCH_MOVE r
1402554852029 6 4098 264.5 854.951 0.20000002 4.0 4.0 4.0 4.0 0.0 0.18800001 1 TOUCH_UP r
1402554852261 6 4098 650.0 966.951 0.20000002 4.0 4.0 4.0 4.0 0.0 0.18800001 0 TOUCH_DOWN l
1402554852354 6 4098 650.0 966.951 0.20000002 4.0 4.0 4.0 4.0 0.0 0.18800001 1 TOUCH_UP l
1402554852632 6 4098 206.0 974.951 0.23333335 4.0 4.0 4.0 4.0 0.0 0.192 0 TOUCH_DOWN d
1402554852638 6 4098 206.0 974.951 0.23333335 4.0 4.0 4.0 4.0 0.0 0.19600001 2 TOUCH_MOVE d
1402554852656 6 4098 206.0 975.508 0.26666668 5.0 5.0 5.0 5.0 0.0 0.2 2 TOUCH_MOVE d
1402554852676 6 4098 207.15263 976.60364 0.23333335 4.0 4.0 4.0 4.0 0.0 0.19600001 2 TOUCH_MOVE d
1402554852694 6 4098 207.15263 976.60364 0.23333335 4.0 4.0 4.0 4.0 0.0 0.19600001 1 TOUCH_UP d
1402554853670 6 4098 515.0 1233.9509 0.23333335 4.0 4.0 4.0 4.0 0.0 0.18800001 0 TOUCH_DOWN .
1402554853706 6 4098 515.0 1233.3844 0.23333335 4.0 4.0 4.0 4.0 0.0 0.18800001 2 TOUCH_MOVE .
1402554853723 6 4098 515.0 1232.9509 0.23333335 4.0 4.0 4.0 4.0 0.0 0.18400002 2 TOUCH_MOVE .
1402554853727 6 4098 515.0 1232.9509 0.23333335 4.0 4.0 4.0 4.0 0.0 0.18400002 1 TOUCH_UP .
1402554854362 6 4098 672.0 1207.4509 0.26666668 5.0 5.0 5.0 5.0 0.0 0.18400002 0 TOUCH_DOWN Enter
1402554854404 6 4098 672.0 1207.4509 0.26666668 5.0 5.0 5.0 5.0 0.0 0.18400002 1 TOUCH_UP Enter
1402554855135 6 4098 66.0 992.951 0.23333335 4.0 4.0 4.0 4.0 0.0 0.18400002 0 TOUCH_DOWN A
1402554855158 6 4098 66.0 992.951 0.23333335 4.0 4.0 4.0 4.0 0.0 0.18800001 2 TOUCH_MOVE A
1402554855202 6 4098 66.0 992.951 0.23333335 4.0 4.0 4.0 4.0 0.0 0.18800001 1 TOUCH_UP A
1402554855375 6 4098 657.5 979.951 0.23333335 4.0 4.0 4.0 4.0 0.0 0.192 0 TOUCH_DOWN l
1402554855409 6 4098 657.2031 981.04474 0.26666668 4.0 4.0 4.0 4.0 0.0 0.192 2 TOUCH_MOVE l
1402554855424 6 4098 656.1976 983.05585 0.26666668 4.0 4.0 4.0 4.0 0.0 0.19600001 2 TOUCH_MOVE l
1402554855441 6 4098 655.5 984.2155 0.26666668 4.0 4.0 4.0 4.0 0.0 0.192 2 TOUCH_MOVE l
1402554855457 6 4098 655.5 984.951 0.26666668 4.0 4.0 4.0 4.0 0.0 0.18 2 TOUCH_MOVE l
1402554855472 6 4098 655.5 984.951 0.26666668 4.0 4.0 4.0 4.0 0.0 0.18 1 TOUCH_UP l
1402554855938 6 4098 118.5 844.951 0.20000002 3.0 3.0 3.0 3.0 0.0 0.18800001 0 TOUCH_DOWN w
1402554855959 6 4098 118.5 844.951 0.23333335 4.0 4.0 4.0 4.0 0.0 0.19600001 2 TOUCH_MOVE w
1402554855992 6 4098 119.99495 844.951 0.23333335 4.0 4.0 4.0 4.0 0.0 0.208 2 TOUCH_MOVE w
1402554856008 6 4098 121.43961 844.951 0.23333335 4.0 4.0 4.0 4.0 0.0 0.208 2 TOUCH_MOVE w
1402554856028 6 4098 122.25 844.951 0.23333335 4.0 4.0 4.0 4.0 0.0 0.208 2 TOUCH_MOVE w
1402554856053 6 4098 122.25 844.951 0.23333335 4.0 4.0 4.0 4.0 0.0 0.208 1 TOUCH_UP w
1402554856404 6 4098 59.5 979.951 0.20000002 3.0 3.0 3.0 3.0 0.0 0.18 0 TOUCH_DOWN a
1402554856443 6 4098 59.5 980.60065 0.20000002 3.0 3.0 3.0 3.0 0.0 0.18400002 2 TOUCH_MOVE a
1402554856459 6 4098 59.07771 981.3733 0.20000002 3.0 3.0 3.0 3.0 0.0 0.18400002 2 TOUCH_MOVE a
1402554856472 6 4098 59.0 981.451 0.20000002 3.0 3.0 3.0 3.0 0.0 0.14 2 TOUCH_MOVE a
1402554856478 6 4098 59.0 981.451 0.20000002 3.0 3.0 3.0 3.0 0.0 0.14 1 TOUCH_UP a
1402554856732 6 4098 404.5 841.951 0.26666668 4.0 4.0 4.0 4.0 0.0 0.2 0 TOUCH_DOWN y
1402554856759 6 4098 404.0 840.54504 0.26666668 4.0 4.0 4.0 4.0 0.0 0.2 2 TOUCH_MOVE y
1402554856783 6 4098 404.0 838.451 0.3 5.0 5.0 5.0 5.0 0.0 0.18800001 2 TOUCH_MOVE y
1402554856784 6 4098 404.0 838.451 0.26666668 5.0 5.0 5.0 5.0 0.0 0.148 2 TOUCH_MOVE y
1402554856787 6 4098 404.0 838.451 0.26666668 5.0 5.0 5.0 5.0 0.0 0.148 1 TOUCH_UP y
1402554856898 6 4098 158.5 969.951 0.23333335 5.0 5.0 5.0 5.0 0.0 0.18800001 0 TOUCH_DOWN s
1402554856909 6 4098 158.5 969.951 0.23333335 5.0 5.0 5.0 5.0 0.0 0.192 2 TOUCH_MOVE s
1402554856980 6 4098 158.5 969.38544 0.23333335 5.0 5.0 5.0 5.0 0.0 0.192 2 TOUCH_MOVE s
1402554856998 6 4098 158.0 969.451 0.20000002 4.0 4.0 4.0 4.0 0.0 0.17600001 2 TOUCH_MOVE s
1402554857002 6 4098 158.0 969.451 0.20000002 4.0 4.0 4.0 4.0 0.0 0.17600001 1 TOUCH_UP s
1402554857262 6 4098 383.5 1220.9509 0.26666668 5.0 5.0 5.0 5.0 0.0 0.20400001 0 TOUCH_DOWN Space
1402554857307 6 4098 383.5 1221.9022 0.26666668 5.0 5.0 5.0 5.0 0.0 0.208 2 TOUCH_MOVE Space
1402554857312 6 4098 383.5 1222.9058 0.26666668 5.0 5.0 5.0 5.0 0.0 0.208 2 TOUCH_MOVE Space
1402554857327 6 4098 383.5 1223.87 0.26666668 5.0 5.0 5.0 5.0 0.0 0.2 2 TOUCH_MOVE Space
1402554857343 6 4098 384.6919 1225.9888 0.26666668 5.0 5.0 5.0 5.0 0.0 0.192 2 TOUCH_MOVE Space
1402554857357 6 4098 387.0 1227.9509 0.26666668 5.0 5.0 5.0 5.0 0.0 0.172 2 TOUCH_MOVE Space
1402554857361 6 4098 387.0 1227.9509 0.26666668 5.0 5.0 5.0 5.0 0.0 0.172 1 TOUCH_UP Space
1402554857575 6 4098 118.5 836.951 0.26666668 4.0 4.0 4.0 4.0 0.0 0.192 0 TOUCH_DOWN w
1402554857614 6 4098 116.73897 836.951 0.26666668 4.0 4.0 4.0 4.0 0.0 0.19600001 2 TOUCH_MOVE w
1402554857627 6 4098 115.55214 836.72705 0.26666668 4.0 4.0 4.0 4.0 0.0 0.18800001 2 TOUCH_MOVE w
1402554857634 6 4098 115.0 836.451 0.3 5.0 5.0 5.0 5.0 0.0 0.172 2 TOUCH_MOVE w
1402554857637 6 4098 115.0 836.451 0.3 5.0 5.0 5.0 5.0 0.0 0.172 1 TOUCH_UP w
1402554857917 6 4098 529.0 820.451 0.26666668 4.0 4.0 4.0 4.0 0.0 0.208 0 TOUCH_DOWN i
1402554857931 6 4098 529.0 820.451 0.26666668 4.0 4.0 4.0 4.0 0.0 0.21200001 2 TOUCH_MOVE i
1402554857978 6 4098 532.382 821.4215 0.3 5.0 5.0 5.0 5.0 0.0 0.19600001 2 TOUCH_MOVE i
1402554857985 6 4098 532.5 821.451 0.3 5.0 5.0 5.0 5.0 0.0 0.18400002 2 TOUCH_MOVE i
1402554857988 6 4098 532.5 821.451 0.3 5.0 5.0 5.0 5.0 0.0 0.18400002 1 TOUCH_UP i
1402554858328 6 4098 518.5 1120.9509 0.26666668 4.0 4.0 4.0 4.0 0.0 0.19600001 0 TOUCH_DOWN n
1402554858376 6 4098 518.5 1120.9509 0.26666668 4.0 4.0 4.0 4.0 0.0 0.19600001 1 TOUCH_UP n
1402554858624 6 4098 525.0 1234.9509 0.13333334 2.0 2.0 2.0 2.0 0.0 0.18800001 0 TOUCH_DOWN .
1402554858670 6 4098 525.0 1234.9509 0.13333334 2.0 2.0 2.0 2.0 0.0 0.18800001 1 TOUCH_UP .
