1401951166604 6 4098 347.5 971.951 0.23333335 4.0 4.0 4.0 4.0 0.0 0.208 0 TOUCH_DOWN G
1401951166614 6 4098 347.5 971.951 0.23333335 4.0 4.0 4.0 4.0 0.0 0.21200001 2 TOUCH_MOVE G
1401951166649 6 4098 348.14294 971.951 0.23333335 4.0 4.0 4.0 4.0 0.0 0.216 2 TOUCH_MOVE G
1401951166664 6 4098 348.0 972.54987 0.20000002 3.0 3.0 3.0 3.0 0.0 0.2 2 TOUCH_MOVE G
1401951166698 6 4098 348.0 972.54987 0.20000002 3.0 3.0 3.0 3.0 0.0 0.2 1 TOUCH_UP G
1401951166866 6 4098 541.0 845.451 0.23333335 4.0 4.0 4.0 4.0 0.0 0.192 0 TOUCH_DOWN i
1401951166882 6 4098 541.0 845.451 0.23333335 4.0 4.0 4.0 4.0 0.0 0.19600001 2 TOUCH_MOVE i
1401951166932 6 4098 539.94055 845.2645 0.20000002 3.0 3.0 3.0 3.0 0.0 0.192 2 TOUCH_MOVE i
1401951166948 6 4098 539.0 844.951 0.13333334 2.0 2.0 2.0 2.0 0.0 0.104 2 TOUCH_MOVE i
1401951166952 6 4098 539.0 844.951 0.13333334 2.0 2.0 2.0 2.0 0.0 0.104 1 TOUCH_UP i
1401951167100 6 4098 609.0 848.951 0.26666668 5.0 5.0 5.0 5.0 0.0 0.20400001 0 TOUCH_DOWN o
1401951167118 6 4098 609.0 848.951 0.26666668 5.0 5.0 5.0 5.0 0.0 0.216 2 TOUCH_MOVE o
1401951167206 6 4098 609.0 848.951 0.26666668 5.0 5.0 5.0 5.0 0.0 0.216 1 TOUCH_UP o
1401951167487 6 4098 275.5 1254.5 0.20000002 5.0 5.0 5.0 5.0 0.0 0.18 0 TOUCH_DOWN Space
1401951167499 6 4098 275.5 1254.5 0.20000002 5.0 5.0 5.0 5.0 0.0 0.17600001 2 TOUCH_MOVE Space
1401951167535 6 4098 275.5 1253.5873 0.20000002 5.0 5.0 5.0 5.0 0.0 0.18400002 2 TOUCH_MOVE Space
1401951167563 6 4098 275.5 1252.6179 0.20000002 5.0 5.0 5.0 5.0 0.0 0.18400002 2 TOUCH_MOVE Space
1401951167582 6 4098 275.5 1251.7009 0.20000002 5.0 5.0 5.0 5.0 0.0 0.18400002 2 TOUCH_MOVE Space
1401951167593 6 4098 275.5 1251.7009 0.20000002 5.0 5.0 5.0 5.0 0.0 0.18400002 1 TOUCH_UP Space
1401951168209 6 4098 321.0 822.451 0.26666668 4.0 4.0 4.0 4.0 0.0 0.21200001 0 TOUCH_DOWN t
1401951168265 6 4098 321.0 822.451 0.3 5.0 5.0 5.0 5.0 0.0 0.18400002 2 TOUCH_MOVE t
1401951168269 6 4098 321.0 822.451 0.3 5.0 5.0 5.0 5.0 0.0 0.18400002 1 TOUCH_UP t
1401951168438 6 4098 442.0 956.451 0.3 5.0 5.0 5.0 5.0 0.0 0.20400001 0 TOUCH_DOWN h
1401951168449 6 4098 442.0 956.451 0.3 5.0 5.0 5.0 5.0 0.0 0.208 2 TOUCH_MOVE h
1401951168523 6 4098 442.0 956.451 0.3 5.0 5.0 5.0 5.0 0.0 0.208 1 TOUCH_UP h
1401951168644 6 4098 161.0 850.951 0.26666668 5.0 5.0 5.0 5.0 0.0 0.21200001 0 TOUCH_DOWN e
1401951168701 6 4098 161.59134 850.951 0.26666668 5.0 5.0 5.0 5.0 0.0 0.224 2 TOUCH_MOVE e
1401951168730 6 4098 161.59134 850.951 0.26666668 5.0 5.0 5.0 5.0 0.0 0.224 1 TOUCH_UP e
1401951168880 6 4098 653.5 871.451 0.26666668 4.0 4.0 4.0 4.0 0.0 0.216 0 TOUCH_DOWN p
1401951168900 6 4098 653.5 871.451 0.3 5.0 5.0 5.0 5.0 0.0 0.22000001 2 TOUCH_MOVE p
1401951168916 6 4098 652.37573 871.951 0.3 5.0 5.0 5.0 5.0 0.0 0.22800002 2 TOUCH_MOVE p
1401951168933 6 4098 651.22943 872.22156 0.3 5.0 5.0 5.0 5.0 0.0 0.224 2 TOUCH_MOVE p
1401951168950 6 4098 648.82056 872.451 0.26666668 4.0 4.0 4.0 4.0 0.0 0.21200001 2 TOUCH_MOVE p
1401951168970 6 4098 646.5 872.451 0.16666667 3.0 3.0 3.0 3.0 0.0 0.112 2 TOUCH_MOVE p
1401951168976 6 4098 646.5 872.451 0.16666667 3.0 3.0 3.0 3.0 0.0 0.112 1 TOUCH_UP p
1401951169217 6 4098 276.5 1252.4509 0.20000002 5.0 5.0 5.0 5.0 0.0 0.17600001 0 TOUCH_DOWN Space
1401951169241 6 4098 276.5 1252.4509 0.20000002 5.0 5.0 5.0 5.0 0.0 0.18 2 TOUCH_MOVE Space
1401951169250 6 4098 276.5 1251.9221 0.20000002 5.0 5.0 5.0 5.0 0.0 0.18800001 2 TOUCH_MOVE Space
1401951169269 6 4098 276.5 1250.9324 0.20000002 5.0 5.0 5.0 5.0 0.0 0.18800001 2 TOUCH_MOVE Space
1401951169283 6 4098 276.5 1249.9365 0.20000002 5.0 5.0 5.0 5.0 0.0 0.18800001 2 TOUCH_MOVE Space
1401951169319 6 4098 276.5 1249.9365 0.20000002 5.0 5.0 5.0 5.0 0.0 0.18800001 1 TOUCH_UP Space
1401951169865 6 4098 672.0 1098.4509 0.3 5.0 5.0 5.0 5.0 0.0 0.19600001 0 TOUCH_DOWN Back
1401951169927 6 4098 672.5 1097.9509 0.23333335 4.0 4.0 4.0 4.0 0.0 0.172 2 TOUCH_MOVE Back
1401951169932 6 4098 672.5 1097.9509 0.23333335 4.0 4.0 4.0 4.0 0.0 0.172 1 TOUCH_UP Back
1401951170041 6 4098 672.0 1099.4509 0.3 5.0 5.0 5.0 5.0 0.0 0.22000001 0 TOUCH_DOWN Back
1401951170054 6 4098 672.0 1099.4509 0.3 5.0 5.0 5.0 5.0 0.0 0.216 2 TOUCH_MOVE Back
1401951170088 6 4098 669.75055 1100.4509 0.3 5.0 5.0 5.0 5.0 0.0 0.224 2 TOUCH_MOVE Back
1401951170101 6 4098 669.25 1100.4509 0.3 5.0 5.0 5.0 5.0 0.0 0.224 2 TOUCH_MOVE Back
1401951170118 6 4098 669.5 1100.4509 0.26666668 5.0 5.0 5.0 5.0 0.0 0.15200001 2 TOUCH_MOVE Back
1401951170122 6 4098 669.5 1100.4509 0.26666668 5.0 5.0 5.0 5.0 0.0 0.15200001 1 TOUCH_UP Back
1401951170711 6 4098 627.0 844.451 0.26666668 4.0 4.0 4.0 4.0 0.0 0.208 0 TOUCH_DOWN o
1401951170735 6 4098 627.0 844.451 0.3 5.0 5.0 5.0 5.0 0.0 0.22000001 2 TOUCH_MOVE o
1401951170751 6 4098 626.733 843.68396 0.3 5.0 5.0 5.0 5.0 0.0 0.23600002 2 TOUCH_MOVE o
1401951170771 6 4098 626.5 842.946 0.3 5.0 5.0 5.0 5.0 0.0 0.24000001 2 TOUCH_MOVE o
1401951170785 6 4098 626.5 842.951 0.26666668 4.0 4.0 4.0 4.0 0.0 0.21200001 2 TOUCH_MOVE o
1401951170793 6 4098 626.5 842.951 0.23333335 4.0 4.0 4.0 4.0 0.0 0.17600001 2 TOUCH_MOVE o
1401951170797 6 4098 626.5 842.951 0.23333335 4.0 4.0 4.0 4.0 0.0 0.17600001 1 TOUCH_UP o
1401951171661 6 4098 257.0 1223.9509 0.23333335 4.0 4.0 4.0 4.0 0.0 0.208 0 TOUCH_DOWN Space
1401951171697 6 4098 257.0 1222.7346 0.26666668 5.0 5.0 5.0 5.0 0.0 0.216 2 TOUCH_MOVE Space
1401951171736 6 4098 256.0 1221.4509 0.16666667 3.0 3.0 3.0 3.0 0.0 0.18800001 2 TOUCH_MOVE Space
1401951171742 6 4098 256.0 1221.4509 0.16666667 3.0 3.0 3.0 3.0 0.0 0.18800001 1 TOUCH_UP Space
1401951172058 6 4098 663.0 965.951 0.20000002 4.0 4.0 4.0 4.0 0.0 0.2 0 TOUCH_DOWN l
1401951172071 6 4098 663.0 965.951 0.20000002 4.0 4.0 4.0 4.0 0.0 0.20400001 2 TOUCH_MOVE l
1401951172103 6 4098 661.7049 964.6559 0.26666668 5.0 5.0 5.0 5.0 0.0 0.21200001 2 TOUCH_MOVE l
1401951172119 6 4098 660.86285 963.81384 0.26666668 5.0 5.0 5.0 5.0 0.0 0.216 2 TOUCH_MOVE l
1401951172136 6 4098 659.87396 963.451 0.23333335 4.0 4.0 4.0 4.0 0.0 0.2 2 TOUCH_MOVE l
1401951172155 6 4098 659.87396 963.451 0.23333335 4.0 4.0 4.0 4.0 0.0 0.2 1 TOUCH_UP l
1401951172360 6 4098 588.0 812.451 0.26666668 4.0 4.0 4.0 4.0 0.0 0.224 0 TOUCH_DOWN o
1401951172372 6 4098 588.0 812.451 0.26666668 4.0 4.0 4.0 4.0 0.0 0.22800002 2 TOUCH_MOVE o
1401951172434 6 4098 588.0 812.451 0.26666668 4.0 4.0 4.0 4.0 0.0 0.22800002 1 TOUCH_UP o
1401951172567 6 4098 545.0 817.451 0.3 5.0 5.0 5.0 5.0 0.0 0.216 0 TOUCH_DOWN i
1401951172587 6 4098 545.0 818.1794 0.33333334 5.0 5.0 5.0 5.0 0.0 0.22800002 2 TOUCH_MOVE i
1401951172603 6 4098 545.1993 819.84955 0.33333334 5.0 5.0 5.0 5.0 0.0 0.23600002 2 TOUCH_MOVE i
1401951172620 6 4098 546.14197 821.09296 0.33333334 5.0 5.0 5.0 5.0 0.0 0.23200001 2 TOUCH_MOVE i
1401951172637 6 4098 547.1275 822.0785 0.33333334 5.0 5.0 5.0 5.0 0.0 0.208 2 TOUCH_MOVE i
1401951172646 6 4098 547.0 822.451 0.3 5.0 5.0 5.0 5.0 0.0 0.18400002 2 TOUCH_MOVE i
1401951172651 6 4098 547.0 822.451 0.3 5.0 5.0 5.0 5.0 0.0 0.18400002 1 TOUCH_UP i
1401951172786 6 4098 260.5 1236.4509 0.20000002 4.0 4.0 4.0 4.0 0.0 0.19600001 0 TOUCH_DOWN Space
1401951172824 6 4098 260.5 1236.4509 0.20000002 4.0 4.0 4.0 4.0 0.0 0.192 2 TOUCH_MOVE Space
1401951172849 6 4098 260.5 1236.4509 0.20000002 4.0 4.0 4.0 4.0 0.0 0.192 1 TOUCH_UP Space
1401951173469 6 4098 363.5 955.451 0.26666668 4.0 4.0 4.0 4.0 0.0 0.22000001 0 TOUCH_DOWN g
1401951173504 6 4098 363.5 955.6669 0.26666668 4.0 4.0 4.0 4.0 0.0 0.224 2 TOUCH_MOVE g
1401951173521 6 4098 363.5 956.201 0.23333335 4.0 4.0 4.0 4.0 0.0 0.216 2 TOUCH_MOVE g
1401951173522 6 4098 363.5 955.951 0.20000002 3.0 3.0 3.0 3.0 0.0 0.192 2 TOUCH_MOVE g
1401951173526 6 4098 363.5 955.951 0.20000002 3.0 3.0 3.0 3.0 0.0 0.192 1 TOUCH_UP g
1401951173680 6 4098 604.0 841.451 0.26666668 4.0 4.0 4.0 4.0 0.0 0.216 0 TOUCH_DOWN o
1401951173688 6 4098 604.0 841.451 0.26666668 4.0 4.0 4.0 4.0 0.0 0.224 2 TOUCH_MOVE o
1401951173722 6 4098 601.0689 840.951 0.3 5.0 5.0 5.0 5.0 0.0 0.23600002 2 TOUCH_MOVE o
1401951173743 6 4098 599.8049 840.951 0.3 5.0 5.0 5.0 5.0 0.0 0.23600002 2 TOUCH_MOVE o
1401951173754 6 4098 598.8336 840.951 0.3 5.0 5.0 5.0 5.0 0.0 0.224 2 TOUCH_MOVE o
1401951173771 6 4098 597.24756 840.32477 0.26666668 4.0 4.0 4.0 4.0 0.0 0.19600001 2 TOUCH_MOVE o
1401951173780 6 4098 596.0 839.451 0.20000002 4.0 4.0 4.0 4.0 0.0 0.17600001 2 TOUCH_MOVE o
1401951173784 6 4098 596.0 839.451 0.20000002 4.0 4.0 4.0 4.0 0.0 0.17600001 1 TOUCH_UP o
1401951173911 6 4098 551.0 824.951 0.33333334 5.0 5.0 5.0 5.0 0.0 0.22000001 0 TOUCH_DOWN i
1401951173977 6 4098 551.0 824.951 0.33333334 5.0 5.0 5.0 5.0 0.0 0.22000001 1 TOUCH_UP i
1401951174623 6 4098 673.0 1103.4509 0.3 5.0 5.0 5.0 5.0 0.0 0.208 0 TOUCH_DOWN Back
1401951174654 6 4098 672.6526 1103.7983 0.33333334 5.0 5.0 5.0 5.0 0.0 0.216 2 TOUCH_MOVE Back
1401951174672 6 4098 669.74506 1104.4509 0.33333334 5.0 5.0 5.0 5.0 0.0 0.22800002 2 TOUCH_MOVE Back
1401951174688 6 4098 668.3969 1104.9509 0.33333334 5.0 5.0 5.0 5.0 0.0 0.224 2 TOUCH_MOVE Back
1401951174723 6 4098 668.3969 1104.9509 0.33333334 5.0 5.0 5.0 5.0 0.0 0.224 1 TOUCH_UP Back
1401951174809 6 4098 662.5 1098.9509 0.3 5.0 5.0 5.0 5.0 0.0 0.216 0 TOUCH_DOWN Back
1401951174823 6 4098 662.5 1098.9509 0.3 5.0 5.0 5.0 5.0 0.0 0.224 2 TOUCH_MOVE Back
1401951174839 6 4098 662.2229 1099.728 0.3 5.0 5.0 5.0 5.0 0.0 0.224 2 TOUCH_MOVE Back
1401951174856 6 4098 661.2622 1100.4509 0.3 5.0 5.0 5.0 5.0 0.0 0.224 2 TOUCH_MOVE Back
1401951174882 6 4098 660.29297 1100.4509 0.3 5.0 5.0 5.0 5.0 0.0 0.216 2 TOUCH_MOVE Back
1401951174892 6 4098 660.29297 1100.4509 0.3 5.0 5.0 5.0 5.0 0.0 0.216 1 TOUCH_UP Back
1401951175448 6 4098 557.5 833.451 0.3 5.0 5.0 5.0 5.0 0.0 0.20400001 0 TOUCH_DOWN i
1401951175476 6 4098 557.5 833.451 0.3 5.0 5.0 5.0 5.0 0.0 0.208 2 TOUCH_MOVE i
1401951175489 6 4098 556.6587 833.451 0.3 5.0 5.0 5.0 5.0 0.0 0.22000001 2 TOUCH_MOVE i
1401951175506 6 4098 554.9537 833.7242 0.3 5.0 5.0 5.0 5.0 0.0 0.22000001 2 TOUCH_MOVE i
1401951175523 6 4098 552.6881 834.7216 0.3 5.0 5.0 5.0 5.0 0.0 0.21200001 2 TOUCH_MOVE i
1401951175539 6 4098 550.0 835.951 0.26666668 4.0 4.0 4.0 4.0 0.0 0.18 2 TOUCH_MOVE i
1401951175543 6 4098 550.0 835.951 0.26666668 4.0 4.0 4.0 4.0 0.0 0.18 1 TOUCH_UP i
1401951175703 6 4098 631.5 842.951 0.23333335 4.0 4.0 4.0 4.0 0.0 0.21200001 0 TOUCH_DOWN o
1401951175723 6 4098 631.5 842.951 0.26666668 4.0 4.0 4.0 4.0 0.0 0.21200001 2 TOUCH_MOVE o
1401951175749 6 4098 631.5 842.951 0.20000002 3.0 3.0 3.0 3.0 0.0 0.18 2 TOUCH_MOVE o
1401951175753 6 4098 631.5 842.951 0.20000002 3.0 3.0 3.0 3.0 0.0 0.18 1 TOUCH_UP o
1401951175955 6 4098 235.0 1253.9509 0.16666667 4.0 4.0 4.0 4.0 0.0 0.18 0 TOUCH_DOWN Space
1401951175979 6 4098 235.0 1253.9509 0.16666667 4.0 4.0 4.0 4.0 0.0 0.18400002 2 TOUCH_MOVE Space
1401951175990 6 4098 235.0 1253.2239 0.20000002 5.0 5.0 5.0 5.0 0.0 0.18800001 2 TOUCH_MOVE Space
1401951176006 6 4098 235.0 1252.2474 0.20000002 5.0 5.0 5.0 5.0 0.0 0.18800001 2 TOUCH_MOVE Space
1401951176023 6 4098 235.0 1251.3867 0.16666667 4.0 4.0 4.0 4.0 0.0 0.18800001 2 TOUCH_MOVE Space
1401951176044 6 4098 235.0 1251.3867 0.16666667 4.0 4.0 4.0 4.0 0.0 0.18800001 1 TOUCH_UP Space
1401951176648 6 4098 601.0 1084.9509 0.20000002 4.0 4.0 4.0 4.0 0.0 0.19600001 0 TOUCH_DOWN m
1401951176657 6 4098 601.0 1084.9509 0.23333335 5.0 5.0 5.0 5.0 0.0 0.21200001 2 TOUCH_MOVE m
1401951176691 6 4098 602.18823 1085.4509 0.26666668 5.0 5.0 5.0 5.0 0.0 0.22800002 2 TOUCH_MOVE m
1401951176708 6 4098 602.75 1085.4509 0.26666668 5.0 5.0 5.0 5.0 0.0 0.224 2 TOUCH_MOVE m
1401951176751 6 4098 606.0 1083.4509 0.23333335 5.0 5.0 5.0 5.0 0.0 0.18800001 2 TOUCH_MOVE m
1401951176755 6 4098 606.0 1083.4509 0.23333335 5.0 5.0 5.0 5.0 0.0 0.18800001 1 TOUCH_UP m
1401951177064 6 4098 54.5 963.451 0.16666667 3.0 3.0 3.0 3.0 0.0 0.132 0 TOUCH_DOWN a
1401951177068 6 4098 54.5 963.451 0.16666667 3.0 3.0 3.0 3.0 0.0 0.132 1 TOUCH_UP a
1401951177118 6 4098 61.0 964.451 0.16666667 3.0 3.0 3.0 3.0 0.0 0.17600001 0 TOUCH_DOWN a
1401951177126 6 4098 61.0 964.451 0.16666667 3.0 3.0 3.0 3.0 0.0 0.18 2 TOUCH_MOVE a
1401951177158 6 4098 61.0 964.451 0.20000002 3.0 3.0 3.0 3.0 0.0 0.20400001 2 TOUCH_MOVE a
1401951177174 6 4098 62.75586 962.6951 0.20000002 3.0 3.0 3.0 3.0 0.0 0.208 2 TOUCH_MOVE a
1401951177191 6 4098 64.69503 960.756 0.20000002 3.0 3.0 3.0 3.0 0.0 0.21200001 2 TOUCH_MOVE a
1401951177207 6 4098 65.56062 959.8904 0.20000002 3.0 3.0 3.0 3.0 0.0 0.21200001 2 TOUCH_MOVE a
1401951177233 6 4098 65.56062 959.8904 0.20000002 3.0 3.0 3.0 3.0 0.0 0.21200001 1 TOUCH_UP a
1401951177394 6 4098 378.0 851.951 0.23333335 4.0 4.0 4.0 4.0 0.0 0.21200001 0 TOUCH_DOWN y
1401951177481 6 4098 378.0 851.951 0.23333335 4.0 4.0 4.0 4.0 0.0 0.21200001 1 TOUCH_UP y
1401951178090 6 4098 685.5 1120.9509 0.26666668 4.0 4.0 4.0 4.0 0.0 0.21200001 0 TOUCH_DOWN Back
1401951178109 6 4098 685.5 1120.9509 0.26666668 4.0 4.0 4.0 4.0 0.0 0.22000001 2 TOUCH_MOVE Back
1401951178125 6 4098 684.9899 1120.9509 0.3 5.0 5.0 5.0 5.0 0.0 0.22000001 2 TOUCH_MOVE Back
1401951178142 6 4098 684.00146 1119.9524 0.3 5.0 5.0 5.0 5.0 0.0 0.22000001 2 TOUCH_MOVE Back
1401951178159 6 4098 682.57684 1117.5662 0.3 5.0 5.0 5.0 5.0 0.0 0.208 2 TOUCH_MOVE Back
1401951178165 6 4098 682.5 1117.4509 0.3 5.0 5.0 5.0 5.0 0.0 0.192 2 TOUCH_MOVE Back
1401951178170 6 4098 682.5 1117.4509 0.3 5.0 5.0 5.0 5.0 0.0 0.192 1 TOUCH_UP Back
1401951178274 6 4098 665.5 1083.9509 0.23333335 5.0 5.0 5.0 5.0 0.0 0.20400001 0 TOUCH_DOWN Back
1401951178292 6 4098 665.5 1083.9509 0.26666668 5.0 5.0 5.0 5.0 0.0 0.216 2 TOUCH_MOVE Back
1401951178309 6 4098 662.6253 1083.326 0.26666668 5.0 5.0 5.0 5.0 0.0 0.22000001 2 TOUCH_MOVE Back
1401951178325 6 4098 659.0597 1082.3042 0.26666668 5.0 5.0 5.0 5.0 0.0 0.22000001 2 TOUCH_MOVE Back
1401951178342 6 4098 657.9432 1081.9509 0.26666668 5.0 5.0 5.0 5.0 0.0 0.22000001 2 TOUCH_MOVE Back
1401951178373 6 4098 657.9432 1081.9509 0.26666668 5.0 5.0 5.0 5.0 0.0 0.22000001 1 TOUCH_UP Back
1401951178917 6 4098 396.5 822.951 0.3 5.0 5.0 5.0 5.0 0.0 0.208 0 TOUCH_DOWN y
1401951178960 6 4098 396.32346 823.8041 0.3 5.0 5.0 5.0 5.0 0.0 0.20400001 2 TOUCH_MOVE y
1401951178978 6 4098 395.0 826.951 0.3 5.0 5.0 5.0 5.0 0.0 0.17600001 2 TOUCH_MOVE y
1401951178983 6 4098 395.0 826.951 0.3 5.0 5.0 5.0 5.0 0.0 0.17600001 1 TOUCH_UP y
1401951179147 6 4098 263.0 1244.4509 0.16666667 4.0 4.0 4.0 4.0 0.0 0.18 0 TOUCH_DOWN Space
1401951179172 6 4098 263.0 1244.319 0.16666667 4.0 4.0 4.0 4.0 0.0 0.18400002 2 TOUCH_MOVE Space
1401951179198 6 4098 263.0 1241.3961 0.20000002 4.0 4.0 4.0 4.0 0.0 0.19600001 2 TOUCH_MOVE Space
1401951179212 6 4098 263.0 1239.308 0.23333335 5.0 5.0 5.0 5.0 0.0 0.19600001 2 TOUCH_MOVE Space
1401951179228 6 4098 262.8913 1238.4509 0.20000002 4.0 4.0 4.0 4.0 0.0 0.192 2 TOUCH_MOVE Space
1401951179245 6 4098 262.5 1238.4509 0.10000001 2.0 2.0 2.0 2.0 0.0 0.1 2 TOUCH_MOVE Space
1401951179251 6 4098 262.5 1238.4509 0.10000001 2.0 2.0 2.0 2.0 0.0 0.1 1 TOUCH_UP Space
1401951179752 6 4098 200.0 967.951 0.20000002 4.0 4.0 4.0 4.0 0.0 0.208 0 TOUCH_DOWN d
1401951179780 6 4098 200.0 967.951 0.26666668 5.0 5.0 5.0 5.0 0.0 0.216 2 TOUCH_MOVE d
1401951179811 6 4098 200.81306 967.951 0.3 5.0 5.0 5.0 5.0 0.0 0.24000001 2 TOUCH_MOVE d
1401951179826 6 4098 201.75 967.951 0.3 5.0 5.0 5.0 5.0 0.0 0.24800001 2 TOUCH_MOVE d
1401951179860 6 4098 201.5 967.951 0.23333335 4.0 4.0 4.0 4.0 0.0 0.208 2 TOUCH_MOVE d
1401951179868 6 4098 201.5 967.951 0.13333334 2.0 2.0 2.0 2.0 0.0 0.172 2 TOUCH_MOVE d
1401951179872 6 4098 201.5 967.951 0.13333334 2.0 2.0 2.0 2.0 0.0 0.172 1 TOUCH_UP d
1401951180203 6 4098 477.0 841.951 0.23333335 4.0 4.0 4.0 4.0 0.0 0.208 0 TOUCH_DOWN u
1401951180229 6 4098 477.0 841.951 0.26666668 4.0 4.0 4.0 4.0 0.0 0.21200001 2 TOUCH_MOVE u
1401951180289 6 4098 477.0 841.951 0.26666668 4.0 4.0 4.0 4.0 0.0 0.21200001 1 TOUCH_UP u
1401951180502 6 4098 631.0 825.451 0.3 5.0 5.0 5.0 5.0 0.0 0.2 0 TOUCH_DOWN o
1401951180512 6 4098 631.0 825.451 0.3 5.0 5.0 5.0 5.0 0.0 0.208 2 TOUCH_MOVE o
1401951180544 6 4098 630.30695 825.951 0.3 5.0 5.0 5.0 5.0 0.0 0.22000001 2 TOUCH_MOVE o
1401951180569 6 4098 628.67426 826.1139 0.3 5.0 5.0 5.0 5.0 0.0 0.216 2 TOUCH_MOVE o
1401951180577 6 4098 627.3872 827.0638 0.3 5.0 5.0 5.0 5.0 0.0 0.18800001 2 TOUCH_MOVE o
1401951180582 6 4098 627.3872 827.0638 0.3 5.0 5.0 5.0 5.0 0.0 0.18800001 1 TOUCH_UP o
1401951180971 6 4098 526.0 1094.4509 0.20000002 4.0 4.0 4.0 4.0 0.0 0.192 0 TOUCH_DOWN n
1401951180978 6 4098 526.0 1094.6898 0.20000002 4.0 4.0 4.0 4.0 0.0 0.2 2 TOUCH_MOVE n
1401951181001 6 4098 526.0 1095.658 0.26666668 4.0 4.0 4.0 4.0 0.0 0.21200001 2 TOUCH_MOVE n
1401951181017 6 4098 526.0 1096.6108 0.26666668 4.0 4.0 4.0 4.0 0.0 0.22000001 2 TOUCH_MOVE n
1401951181028 6 4098 526.0 1097.5612 0.26666668 4.0 4.0 4.0 4.0 0.0 0.22000001 2 TOUCH_MOVE n
1401951181044 6 4098 526.0 1098.5752 0.26666668 4.0 4.0 4.0 4.0 0.0 0.224 2 TOUCH_MOVE n
1401951181062 6 4098 526.0 1099.5111 0.26666668 4.0 4.0 4.0 4.0 0.0 0.22000001 2 TOUCH_MOVE n
1401951181078 6 4098 526.0 1100.2009 0.26666668 4.0 4.0 4.0 4.0 0.0 0.21200001 2 TOUCH_MOVE n
1401951181092 6 4098 526.0 1100.2009 0.26666668 4.0 4.0 4.0 4.0 0.0 0.21200001 1 TOUCH_UP n
1401951181171 6 4098 351.5 957.451 0.26666668 4.0 4.0 4.0 4.0 0.0 0.21200001 0 TOUCH_DOWN g
1401951181178 6 4098 351.5 957.451 0.26666668 4.0 4.0 4.0 4.0 0.0 0.216 2 TOUCH_MOVE g
1401951181197 6 4098 352.2644 957.451 0.26666668 4.0 4.0 4.0 4.0 0.0 0.22000001 2 TOUCH_MOVE g
1401951181217 6 4098 353.45172 957.451 0.26666668 4.0 4.0 4.0 4.0 0.0 0.224 2 TOUCH_MOVE g
1401951181228 6 4098 354.69424 957.451 0.26666668 4.0 4.0 4.0 4.0 0.0 0.224 2 TOUCH_MOVE g
1401951181244 6 4098 355.65347 957.451 0.26666668 4.0 4.0 4.0 4.0 0.0 0.21200001 2 TOUCH_MOVE g
1401951181257 6 4098 356.0 957.451 0.23333335 4.0 4.0 4.0 4.0 0.0 0.192 2 TOUCH_MOVE g
1401951181265 6 4098 356.0 957.451 0.23333335 4.0 4.0 4.0 4.0 0.0 0.192 1 TOUCH_UP g
1401951181647 6 4098 249.0 1246.4509 0.13333334 3.0 3.0 3.0 3.0 0.0 0.18400002 0 TOUCH_DOWN Space
1401951181679 6 4098 248.79689 1242.8416 0.20000002 4.0 4.0 4.0 4.0 0.0 0.192 2 TOUCH_MOVE Space
1401951181695 6 4098 247.8354 1239.9572 0.20000002 4.0 4.0 4.0 4.0 0.0 0.19600001 2 TOUCH_MOVE Space
1401951181712 6 4098 246.86694 1238.8179 0.20000002 4.0 4.0 4.0 4.0 0.0 0.192 2 TOUCH_MOVE Space
1401951181728 6 4098 247.0 1238.2009 0.20000002 4.0 4.0 4.0 4.0 0.0 0.192 2 TOUCH_MOVE Space
1401951181747 6 4098 246.5 1238.9509 0.10000001 2.0 2.0 2.0 2.0 0.0 0.18 2 TOUCH_MOVE Space
1401951181760 6 4098 246.5 1238.9509 0.10000001 2.0 2.0 2.0 2.0 0.0 0.18 1 TOUCH_UP Space
1401951181891 6 4098 582.5 1108.4509 0.3 5.0 5.0 5.0 5.0 0.0 0.208 0 TOUCH_DOWN m
1401951181912 6 4098 582.5 1108.4509 0.3 5.0 5.0 5.0 5.0 0.0 0.21200001 2 TOUCH_MOVE m
1401951181946 6 4098 581.9779 1108.973 0.3 5.0 5.0 5.0 5.0 0.0 0.22000001 2 TOUCH_MOVE m
1401951181968 6 4098 579.041 1110.4304 0.3 5.0 5.0 5.0 5.0 0.0 0.216 2 TOUCH_MOVE m
1401951181979 6 4098 574.4169 1114.034 0.26666668 5.0 5.0 5.0 5.0 0.0 0.14 2 TOUCH_MOVE m
1401951181985 6 4098 574.4169 1114.034 0.26666668 5.0 5.0 5.0 5.0 0.0 0.14 1 TOUCH_UP m
1401951182272 6 4098 62.5 970.451 0.16666667 3.0 3.0 3.0 3.0 0.0 0.18400002 0 TOUCH_DOWN a
1401951182288 6 4098 62.31729 970.451 0.16666667 3.0 3.0 3.0 3.0 0.0 0.192 2 TOUCH_MOVE a
1401951182320 6 4098 61.5 971.2908 0.16666667 3.0 3.0 3.0 3.0 0.0 0.20400001 2 TOUCH_MOVE a
1401951182329 6 4098 61.148857 971.8021 0.16666667 3.0 3.0 3.0 3.0 0.0 0.20400001 2 TOUCH_MOVE a
1401951182346 6 4098 60.76728 972.6837 0.20000002 3.0 3.0 3.0 3.0 0.0 0.192 2 TOUCH_MOVE a
1401951182354 6 4098 60.5 972.951 0.20000002 3.0 3.0 3.0 3.0 0.0 0.18 2 TOUCH_MOVE a
1401951182360 6 4098 60.5 972.951 0.20000002 3.0 3.0 3.0 3.0 0.0 0.18 1 TOUCH_UP a
1401951182547 6 4098 404.0 849.451 0.23333335 4.0 4.0 4.0 4.0 0.0 0.208 0 TOUCH_DOWN y
1401951182569 6 4098 404.0 849.451 0.26666668 4.0 4.0 4.0 4.0 0.0 0.224 2 TOUCH_MOVE y
1401951182629 6 4098 405.1017 849.451 0.26666668 4.0 4.0 4.0 4.0 0.0 0.22000001 2 TOUCH_MOVE y
1401951182646 6 4098 405.0 849.451 0.13333334 2.0 2.0 2.0 2.0 0.0 0.116000004 2 TOUCH_MOVE y
1401951182651 6 4098 405.0 849.451 0.13333334 2.0 2.0 2.0 2.0 0.0 0.116000004 1 TOUCH_UP y
1401951183499 6 4098 696.0 1224.9509 0.16666667 3.0 3.0 3.0 3.0 0.0 0.18 0 TOUCH_DOWN Enter
1401951183541 6 4098 696.0 1224.9509 0.16666667 3.0 3.0 3.0 3.0 0.0 0.172 2 TOUCH_MOVE Enter
1401951183549 6 4098 696.0 1224.9509 0.16666667 3.0 3.0 3.0 3.0 0.0 0.172 1 TOUCH_UP Enter
1401951184372 6 4098 221.0 976.451 0.26666668 5.0 5.0 5.0 5.0 0.0 0.20400001 0 TOUCH_DOWN D
1401951184381 6 4098 221.0 976.451 0.23333335 5.0 5.0 5.0 5.0 0.0 0.208 2 TOUCH_MOVE D
1401951184398 6 4098 219.89586 976.24963 0.26666668 5.0 5.0 5.0 5.0 0.0 0.224 2 TOUCH_MOVE D
1401951184419 6 4098 217.04518 975.2994 0.3 5.0 5.0 5.0 5.0 0.0 0.23600002 2 TOUCH_MOVE D
1401951184431 6 4098 214.73041 974.3162 0.3 5.0 5.0 5.0 5.0 0.0 0.24000001 2 TOUCH_MOVE D
1401951184457 6 4098 212.92982 973.951 0.3 5.0 5.0 5.0 5.0 0.0 0.23600002 2 TOUCH_MOVE D
1401951184471 6 4098 211.4008 973.951 0.26666668 5.0 5.0 5.0 5.0 0.0 0.224 2 TOUCH_MOVE D
1401951184476 6 4098 210.5 973.951 0.20000002 4.0 4.0 4.0 4.0 0.0 0.192 2 TOUCH_MOVE D
1401951184483 6 4098 210.5 973.951 0.20000002 4.0 4.0 4.0 4.0 0.0 0.192 1 TOUCH_UP D
1401951184700 6 4098 613.0 832.951 0.33333334 5.0 5.0 5.0 5.0 0.0 0.224 0 TOUCH_DOWN o
1401951184717 6 4098 613.0 832.951 0.33333334 5.0 5.0 5.0 5.0 0.0 0.23200001 2 TOUCH_MOVE o
1401951184757 6 4098 611.58826 832.951 0.33333334 5.0 5.0 5.0 5.0 0.0 0.24800001 2 TOUCH_MOVE o
1401951184768 6 4098 610.75 832.951 0.33333334 5.0 5.0 5.0 5.0 0.0 0.24400002 2 TOUCH_MOVE o
1401951184805 6 4098 610.75 832.951 0.33333334 5.0 5.0 5.0 5.0 0.0 0.24400002 1 TOUCH_UP o
1401951185577 6 4098 545.5 1067.9509 0.26666668 4.0 4.0 4.0 4.0 0.0 0.20400001 0 TOUCH_DOWN m
1401951185586 6 4098 545.5 1067.9509 0.26666668 4.0 4.0 4.0 4.0 0.0 0.21200001 2 TOUCH_MOVE m
1401951185679 6 4098 545.5 1067.9509 0.20000002 4.0 4.0 4.0 4.0 0.0 0.16800001 2 TOUCH_MOVE m
1401951185686 6 4098 545.5 1067.9509 0.20000002 4.0 4.0 4.0 4.0 0.0 0.16800001 1 TOUCH_UP m
1401951185791 6 4098 366.0 956.951 0.26666668 4.0 4.0 4.0 4.0 0.0 0.21200001 0 TOUCH_DOWN g
1401951185806 6 4098 366.0 956.951 0.26666668 4.0 4.0 4.0 4.0 0.0 0.216 2 TOUCH_MOVE g
1401951185849 6 4098 366.0 957.951 0.23333335 4.0 4.0 4.0 4.0 0.0 0.20400001 2 TOUCH_MOVE g
1401951185852 6 4098 366.0 957.951 0.20000002 4.0 4.0 4.0 4.0 0.0 0.17600001 2 TOUCH_MOVE g
1401951185855 6 4098 366.0 957.951 0.20000002 4.0 4.0 4.0 4.0 0.0 0.17600001 1 TOUCH_UP g
1401951186528 6 4098 701.5 1081.9509 0.20000002 4.0 4.0 4.0 4.0 0.0 0.208 0 TOUCH_DOWN Back
1401951186554 6 4098 700.1782 1082.3915 0.23333335 4.0 4.0 4.0 4.0 0.0 0.216 2 TOUCH_MOVE Back
1401951186566 6 4098 696.35077 1083.3633 0.26666668 5.0 5.0 5.0 5.0 0.0 0.224 2 TOUCH_MOVE Back
1401951186583 6 4098 693.3634 1083.8298 0.3 5.0 5.0 5.0 5.0 0.0 0.224 2 TOUCH_MOVE Back
1401951186612 6 4098 692.1919 1083.9509 0.26666668 5.0 5.0 5.0 5.0 0.0 0.224 2 TOUCH_MOVE Back
1401951186623 6 4098 691.5 1083.9509 0.16666667 3.0 3.0 3.0 3.0 0.0 0.18 2 TOUCH_MOVE Back
1401951186628 6 4098 691.5 1083.9509 0.16666667 3.0 3.0 3.0 3.0 0.0 0.18 1 TOUCH_UP Back
1401951186753 6 4098 666.0 1086.4509 0.26666668 5.0 5.0 5.0 5.0 0.0 0.22000001 0 TOUCH_DOWN Back
1401951186793 6 4098 663.7172 1086.4509 0.3 5.0 5.0 5.0 5.0 0.0 0.22800002 2 TOUCH_MOVE Back
1401951186802 6 4098 660.81384 1086.4509 0.3 5.0 5.0 5.0 5.0 0.0 0.22800002 2 TOUCH_MOVE Back
1401951186816 6 4098 659.638 1086.4509 0.26666668 5.0 5.0 5.0 5.0 0.0 0.224 2 TOUCH_MOVE Back
1401951186833 6 4098 659.25 1086.4509 0.26666668 5.0 5.0 5.0 5.0 0.0 0.21200001 2 TOUCH_MOVE Back
1401951186843 6 4098 659.25 1086.4509 0.26666668 5.0 5.0 5.0 5.0 0.0 0.21200001 1 TOUCH_UP Back
1401951187369 6 4098 526.5 1077.4509 0.23333335 4.0 4.0 4.0 4.0 0.0 0.21200001 0 TOUCH_DOWN n
1401951187451 6 4098 526.5 1077.4509 0.16666667 3.0 3.0 3.0 3.0 0.0 0.19600001 2 TOUCH_MOVE n
1401951187454 6 4098 526.5 1077.4509 0.13333334 2.0 2.0 2.0 2.0 0.0 0.136 2 TOUCH_MOVE n
1401951187457 6 4098 526.5 1077.4509 0.13333334 2.0 2.0 2.0 2.0 0.0 0.136 1 TOUCH_UP n
1401951187692 6 4098 363.5 941.451 0.3 5.0 5.0 5.0 5.0 0.0 0.22000001 0 TOUCH_DOWN g
1401951187719 6 4098 363.5 941.451 0.3 5.0 5.0 5.0 5.0 0.0 0.216 2 TOUCH_MOVE g
1401951187734 6 4098 363.5 941.951 0.26666668 4.0 4.0 4.0 4.0 0.0 0.19600001 2 TOUCH_MOVE g
1401951187740 6 4098 363.5 941.951 0.13333334 2.0 2.0 2.0 2.0 0.0 0.108 2 TOUCH_MOVE g
1401951187743 6 4098 363.5 941.951 0.13333334 2.0 2.0 2.0 2.0 0.0 0.108 1 TOUCH_UP g
1401951188073 6 4098 256.0 1223.4509 0.23333335 4.0 4.0 4.0 4.0 0.0 0.19600001 0 TOUCH_DOWN Space
1401951188084 6 4098 256.0 1223.4509 0.23333335 4.0 4.0 4.0 4.0 0.0 0.2 2 TOUCH_MOVE Space
1401951188182 6 4098 256.0 1223.9509 0.20000002 3.0 3.0 3.0 3.0 0.0 0.18400002 2 TOUCH_MOVE Space
1401951188187 6 4098 256.0 1223.9509 0.20000002 3.0 3.0 3.0 3.0 0.0 0.18400002 1 TOUCH_UP Space
1401951188790 6 4098 521.5 1080.9509 0.20000002 4.0 4.0 4.0 4.0 0.0 0.21200001 0 TOUCH_DOWN n
1401951188886 6 4098 521.5 1080.9509 0.16666667 3.0 3.0 3.0 3.0 0.0 0.18 2 TOUCH_MOVE n
1401951188894 6 4098 521.5 1080.9509 0.16666667 3.0 3.0 3.0 3.0 0.0 0.18 1 TOUCH_UP n
1401951189359 6 4098 463.5 822.951 0.26666668 5.0 5.0 5.0 5.0 0.0 0.20400001 0 TOUCH_DOWN u
1401951189370 6 4098 463.5 822.951 0.3 5.0 5.0 5.0 5.0 0.0 0.21200001 2 TOUCH_MOVE u
1401951189419 6 4098 463.5 822.951 0.26666668 5.0 5.0 5.0 5.0 0.0 0.148 2 TOUCH_MOVE u
1401951189423 6 4098 463.5 822.951 0.26666668 5.0 5.0 5.0 5.0 0.0 0.148 1 TOUCH_UP u
1401951189662 6 4098 589.5 815.951 0.23333335 4.0 4.0 4.0 4.0 0.0 0.18 0 TOUCH_DOWN o
1401951189692 6 4098 589.5 815.951 0.23333335 4.0 4.0 4.0 4.0 0.0 0.18 1 TOUCH_UP o
1401951190748 6 4098 273.5 1080.4509 0.23333335 5.0 5.0 5.0 5.0 0.0 0.208 0 TOUCH_DOWN c
1401951190788 6 4098 275.0 1080.4509 0.20000002 4.0 4.0 4.0 4.0 0.0 0.172 2 TOUCH_MOVE c
1401951190792 6 4098 275.0 1080.4509 0.20000002 4.0 4.0 4.0 4.0 0.0 0.172 1 TOUCH_UP c
1401951191108 6 4098 248.5 1253.4509 0.10000001 2.0 2.0 2.0 2.0 0.0 0.17600001 0 TOUCH_DOWN Space
1401951191132 6 4098 248.5 1253.4509 0.10000001 2.0 2.0 2.0 2.0 0.0 0.18 2 TOUCH_MOVE Space
1401951191154 6 4098 248.5 1254.0272 0.10000001 2.0 2.0 2.0 2.0 0.0 0.172 2 TOUCH_MOVE Space
1401951191163 6 4098 248.5 1254.0272 0.10000001 2.0 2.0 2.0 2.0 0.0 0.172 1 TOUCH_UP Space
1401951191327 6 4098 468.0 1101.9509 0.20000002 4.0 4.0 4.0 4.0 0.0 0.20400001 0 TOUCH_DOWN n
1401951191337 6 4098 468.0 1101.9509 0.26666668 4.0 4.0 4.0 4.0 0.0 0.216 2 TOUCH_MOVE n
1401951191430 6 4098 468.0 1101.9509 0.26666668 4.0 4.0 4.0 4.0 0.0 0.216 1 TOUCH_UP n
1401951191780 6 4098 477.5 825.951 0.23333335 5.0 5.0 5.0 5.0 0.0 0.2 0 TOUCH_DOWN u
1401951191845 6 4098 477.5 825.951 0.23333335 5.0 5.0 5.0 5.0 0.0 0.148 2 TOUCH_MOVE u
1401951191849 6 4098 477.5 825.951 0.23333335 5.0 5.0 5.0 5.0 0.0 0.148 1 TOUCH_UP u
1401951192097 6 4098 630.0 852.451 0.20000002 4.0 4.0 4.0 4.0 0.0 0.2 0 TOUCH_DOWN o
1401951192105 6 4098 630.0 852.451 0.23333335 4.0 4.0 4.0 4.0 0.0 0.208 2 TOUCH_MOVE o
1401951192140 6 4098 628.86755 852.451 0.23333335 4.0 4.0 4.0 4.0 0.0 0.21200001 2 TOUCH_MOVE o
1401951192155 6 4098 628.25 852.451 0.23333335 4.0 4.0 4.0 4.0 0.0 0.21200001 2 TOUCH_MOVE o
1401951192172 6 4098 627.7595 852.451 0.20000002 4.0 4.0 4.0 4.0 0.0 0.19600001 2 TOUCH_MOVE o
1401951192176 6 4098 627.7595 852.451 0.20000002 4.0 4.0 4.0 4.0 0.0 0.19600001 1 TOUCH_UP o
1401951192725 6 4098 697.5 1091.9509 0.26666668 4.0 4.0 4.0 4.0 0.0 0.20400001 0 TOUCH_DOWN Back
1401951192742 6 4098 697.5 1092.2576 0.26666668 4.0 4.0 4.0 4.0 0.0 0.216 2 TOUCH_MOVE Back
1401951192756 6 4098 696.19666 1093.4865 0.26666668 4.0 4.0 4.0 4.0 0.0 0.224 2 TOUCH_MOVE Back
1401951192773 6 4098 692.8804 1095.364 0.3 5.0 5.0 5.0 5.0 0.0 0.22800002 2 TOUCH_MOVE Back
1401951192789 6 4098 689.9372 1096.6385 0.3 5.0 5.0 5.0 5.0 0.0 0.22800002 2 TOUCH_MOVE Back
1401951192805 6 4098 687.67896 1097.6115 0.3 5.0 5.0 5.0 5.0 0.0 0.224 2 TOUCH_MOVE Back
1401951192822 6 4098 688.0 1098.5745 0.26666668 4.0 4.0 4.0 4.0 0.0 0.208 2 TOUCH_MOVE Back
1401951192836 6 4098 688.0 1098.5745 0.26666668 4.0 4.0 4.0 4.0 0.0 0.208 1 TOUCH_UP Back
1401951192963 6 4098 667.0 1097.4509 0.3 5.0 5.0 5.0 5.0 0.0 0.208 0 TOUCH_DOWN Back
1401951192994 6 4098 667.0 1098.2424 0.3 5.0 5.0 5.0 5.0 0.0 0.21200001 2 TOUCH_MOVE Back
1401951193024 6 4098 665.5 1099.9509 0.3 5.0 5.0 5.0 5.0 0.0 0.20400001 2 TOUCH_MOVE Back
1401951193028 6 4098 665.5 1099.9509 0.3 5.0 5.0 5.0 5.0 0.0 0.20400001 1 TOUCH_UP Back
1401951193157 6 4098 638.0 1084.9509 0.23333335 4.0 4.0 4.0 4.0 0.0 0.216 0 TOUCH_DOWN Back
1401951193176 6 4098 638.0 1084.9509 0.26666668 5.0 5.0 5.0 5.0 0.0 0.216 2 TOUCH_MOVE Back
1401951193222 6 4098 639.2103 1084.7141 0.23333335 4.0 4.0 4.0 4.0 0.0 0.20400001 2 TOUCH_MOVE Back
1401951193239 6 4098 640.0 1084.4509 0.13333334 2.0 2.0 2.0 2.0 0.0 0.14 2 TOUCH_MOVE Back
1401951193242 6 4098 640.0 1084.4509 0.13333334 2.0 2.0 2.0 2.0 0.0 0.14 1 TOUCH_UP Back
1401951193890 6 4098 431.0 1082.9509 0.20000002 4.0 4.0 4.0 4.0 0.0 0.2 0 TOUCH_DOWN b
1401951193942 6 4098 431.0 1083.604 0.23333335 4.0 4.0 4.0 4.0 0.0 0.2 2 TOUCH_MOVE b
1401951193949 6 4098 431.0 1083.9509 0.20000002 4.0 4.0 4.0 4.0 0.0 0.18 2 TOUCH_MOVE b
1401951193953 6 4098 431.0 1083.9509 0.20000002 4.0 4.0 4.0 4.0 0.0 0.18 1 TOUCH_UP b
1401951194343 6 4098 475.0 834.951 0.3 5.0 5.0 5.0 5.0 0.0 0.216 0 TOUCH_DOWN u
1401951194357 6 4098 475.0 834.951 0.3 5.0 5.0 5.0 5.0 0.0 0.224 2 TOUCH_MOVE u
1401951194423 6 4098 475.0 834.951 0.3 5.0 5.0 5.0 5.0 0.0 0.224 1 TOUCH_UP u
1401951194633 6 4098 614.5 845.451 0.26666668 5.0 5.0 5.0 5.0 0.0 0.224 0 TOUCH_DOWN o
1401951194640 6 4098 614.5 845.451 0.3 5.0 5.0 5.0 5.0 0.0 0.224 2 TOUCH_MOVE o
1401951194690 6 4098 613.49615 845.451 0.26666668 5.0 5.0 5.0 5.0 0.0 0.22800002 2 TOUCH_MOVE o
1401951194708 6 4098 613.5 846.4161 0.26666668 5.0 5.0 5.0 5.0 0.0 0.224 2 TOUCH_MOVE o
1401951194719 6 4098 613.5 846.451 0.23333335 5.0 5.0 5.0 5.0 0.0 0.18400002 2 TOUCH_MOVE o
1401951194723 6 4098 613.5 846.451 0.23333335 5.0 5.0 5.0 5.0 0.0 0.18400002 1 TOUCH_UP o
1401951195033 6 4098 536.5 1085.9509 0.16666667 3.0 3.0 3.0 3.0 0.0 0.18800001 0 TOUCH_DOWN m
1401951195041 6 4098 536.5 1086.1829 0.23333335 4.0 4.0 4.0 4.0 0.0 0.20400001 2 TOUCH_MOVE m
1401951195060 6 4098 536.6896 1087.3301 0.23333335 4.0 4.0 4.0 4.0 0.0 0.216 2 TOUCH_MOVE m
1401951195074 6 4098 537.6576 1089.9236 0.26666668 4.0 4.0 4.0 4.0 0.0 0.224 2 TOUCH_MOVE m
1401951195091 6 4098 537.5 1092.1945 0.26666668 4.0 4.0 4.0 4.0 0.0 0.224 2 TOUCH_MOVE m
1401951195110 6 4098 538.06506 1094.016 0.3 5.0 5.0 5.0 5.0 0.0 0.22800002 2 TOUCH_MOVE m
1401951195130 6 4098 538.5414 1094.9923 0.26666668 4.0 4.0 4.0 4.0 0.0 0.224 2 TOUCH_MOVE m
1401951195141 6 4098 539.50903 1095.96 0.26666668 4.0 4.0 4.0 4.0 0.0 0.21200001 2 TOUCH_MOVE m
1401951195167 6 4098 539.5 1096.9299 0.26666668 4.0 4.0 4.0 4.0 0.0 0.19600001 2 TOUCH_MOVE m
1401951195169 6 4098 539.5 1096.9509 0.20000002 3.0 3.0 3.0 3.0 0.0 0.1 2 TOUCH_MOVE m
1401951195172 6 4098 539.5 1096.9509 0.20000002 3.0 3.0 3.0 3.0 0.0 0.1 1 TOUCH_UP m
1401951195945 6 4098 701.5 1107.4509 0.23333335 5.0 5.0 5.0 5.0 0.0 0.208 0 TOUCH_DOWN Back
1401951195958 6 4098 701.5 1107.4509 0.3 5.0 5.0 5.0 5.0 0.0 0.22000001 2 TOUCH_MOVE Back
1401951195976 6 4098 699.8225 1107.2816 0.33333334 5.0 5.0 5.0 5.0 0.0 0.22800002 2 TOUCH_MOVE Back
1401951195992 6 4098 695.9813 1106.3213 0.33333334 5.0 5.0 5.0 5.0 0.0 0.23200001 2 TOUCH_MOVE Back
1401951196015 6 4098 693.9076 1105.3585 0.33333334 5.0 5.0 5.0 5.0 0.0 0.23200001 2 TOUCH_MOVE Back
1401951196025 6 4098 692.93335 1104.3843 0.3 5.0 5.0 5.0 5.0 0.0 0.22800002 2 TOUCH_MOVE Back
1401951196041 6 4098 692.4893 1103.9402 0.26666668 4.0 4.0 4.0 4.0 0.0 0.224 2 TOUCH_MOVE Back
1401951196065 6 4098 692.5 1103.4509 0.26666668 4.0 4.0 4.0 4.0 0.0 0.20400001 2 TOUCH_MOVE Back
1401951196067 6 4098 692.5 1103.4509 0.20000002 4.0 4.0 4.0 4.0 0.0 0.16000001 2 TOUCH_MOVE Back
1401951196076 6 4098 692.5 1103.4509 0.20000002 4.0 4.0 4.0 4.0 0.0 0.16000001 1 TOUCH_UP Back
1401951196306 6 4098 514.0 1096.4509 0.26666668 4.0 4.0 4.0 4.0 0.0 0.2 0 TOUCH_DOWN n
1401951196325 6 4098 514.0 1097.353 0.3 5.0 5.0 5.0 5.0 0.0 0.216 2 TOUCH_MOVE n
1401951196352 6 4098 513.1527 1098.2982 0.3 5.0 5.0 5.0 5.0 0.0 0.224 2 TOUCH_MOVE n
1401951196384 6 4098 513.0 1100.2009 0.3 5.0 5.0 5.0 5.0 0.0 0.22000001 2 TOUCH_MOVE n
1401951196400 6 4098 513.0 1099.9509 0.26666668 4.0 4.0 4.0 4.0 0.0 0.18400002 2 TOUCH_MOVE n
1401951196403 6 4098 513.0 1099.9509 0.26666668 4.0 4.0 4.0 4.0 0.0 0.18400002 1 TOUCH_UP n
1401951196591 6 4098 223.5 1245.9509 0.16666667 4.0 4.0 4.0 4.0 0.0 0.17600001 0 TOUCH_DOWN Space
1401951196613 6 4098 223.88524 1245.1804 0.16666667 4.0 4.0 4.0 4.0 0.0 0.18400002 2 TOUCH_MOVE Space
1401951196634 6 4098 225.47934 1241.2526 0.20000002 4.0 4.0 4.0 4.0 0.0 0.192 2 TOUCH_MOVE Space
1401951196643 6 4098 227.2035 1237.8405 0.20000002 4.0 4.0 4.0 4.0 0.0 0.19600001 2 TOUCH_MOVE Space
1401951196666 6 4098 228.12971 1235.8212 0.20000002 4.0 4.0 4.0 4.0 0.0 0.19600001 2 TOUCH_MOVE Space
1401951196675 6 4098 228.5 1234.7886 0.20000002 4.0 4.0 4.0 4.0 0.0 0.19600001 2 TOUCH_MOVE Space
1401951196721 6 4098 228.5 1234.7886 0.20000002 4.0 4.0 4.0 4.0 0.0 0.19600001 1 TOUCH_UP Space
1401951197315 6 4098 321.0 831.951 0.33333334 5.0 5.0 5.0 5.0 0.0 0.216 0 TOUCH_DOWN t
1401951197327 6 4098 321.0 831.951 0.33333334 5.0 5.0 5.0 5.0 0.0 0.22000001 2 TOUCH_MOVE t
1401951197360 6 4098 322.13895 831.951 0.33333334 5.0 5.0 5.0 5.0 0.0 0.23200001 2 TOUCH_MOVE t
1401951197376 6 4098 323.07373 831.951 0.33333334 5.0 5.0 5.0 5.0 0.0 0.22800002 2 TOUCH_MOVE t
1401951197393 6 4098 323.75 831.951 0.33333334 5.0 5.0 5.0 5.0 0.0 0.22000001 2 TOUCH_MOVE t
1401951197397 6 4098 323.75 831.951 0.33333334 5.0 5.0 5.0 5.0 0.0 0.22000001 1 TOUCH_UP t
1401951197480 6 4098 412.0 978.451 0.26666668 4.0 4.0 4.0 4.0 0.0 0.208 0 TOUCH_DOWN h
1401951197502 6 4098 412.0 978.451 0.26666668 4.0 4.0 4.0 4.0 0.0 0.216 2 TOUCH_MOVE h
1401951197543 6 4098 412.2007 978.951 0.26666668 4.0 4.0 4.0 4.0 0.0 0.224 2 TOUCH_MOVE h
1401951197561 6 4098 413.17813 978.951 0.23333335 4.0 4.0 4.0 4.0 0.0 0.208 2 TOUCH_MOVE h
1401951197576 6 4098 415.5 978.451 0.16666667 3.0 3.0 3.0 3.0 0.0 0.112 2 TOUCH_MOVE h
1401951197580 6 4098 415.5 978.451 0.16666667 3.0 3.0 3.0 3.0 0.0 0.112 1 TOUCH_UP h
1401951197799 6 4098 569.0 841.451 0.26666668 4.0 4.0 4.0 4.0 0.0 0.208 0 TOUCH_DOWN i
1401951197810 6 4098 569.0 841.451 0.26666668 4.0 4.0 4.0 4.0 0.0 0.21200001 2 TOUCH_MOVE i
1401951197843 6 4098 567.4551 840.451 0.26666668 4.0 4.0 4.0 4.0 0.0 0.208 2 TOUCH_MOVE i
1401951197860 6 4098 566.48206 840.451 0.26666668 4.0 4.0 4.0 4.0 0.0 0.19600001 2 TOUCH_MOVE i
1401951197871 6 4098 566.0 840.451 0.3 5.0 5.0 5.0 5.0 0.0 0.18 2 TOUCH_MOVE i
1401951197874 6 4098 566.0 840.451 0.3 5.0 5.0 5.0 5.0 0.0 0.18 1 TOUCH_UP i
1401951199079 6 4098 499.5 829.951 0.33333334 5.0 5.0 5.0 5.0 0.0 0.216 0 TOUCH_DOWN u
1401951199095 6 4098 499.5 829.951 0.33333334 5.0 5.0 5.0 5.0 0.0 0.22000001 2 TOUCH_MOVE u
1401951199153 6 4098 499.5 829.951 0.3 5.0 5.0 5.0 5.0 0.0 0.18 2 TOUCH_MOVE u
1401951199157 6 4098 499.5 829.951 0.3 5.0 5.0 5.0 5.0 0.0 0.18 1 TOUCH_UP u
1401951199504 6 4098 227.5 1245.4509 0.16666667 4.0 4.0 4.0 4.0 0.0 0.18400002 0 TOUCH_DOWN Space
1401951199528 6 4098 227.5 1245.4509 0.16666667 4.0 4.0 4.0 4.0 0.0 0.18800001 2 TOUCH_MOVE Space
1401951199545 6 4098 228.3035 1244.6475 0.16666667 4.0 4.0 4.0 4.0 0.0 0.192 2 TOUCH_MOVE Space
1401951199563 6 4098 229.0 1243.6947 0.16666667 4.0 4.0 4.0 4.0 0.0 0.192 2 TOUCH_MOVE Space
1401951199578 6 4098 229.0 1243.2009 0.16666667 4.0 4.0 4.0 4.0 0.0 0.192 2 TOUCH_MOVE Space
1401951199597 6 4098 229.0 1243.2009 0.16666667 4.0 4.0 4.0 4.0 0.0 0.192 1 TOUCH_UP Space
1401951199970 6 4098 451.0 951.451 0.26666668 4.0 4.0 4.0 4.0 0.0 0.208 0 TOUCH_DOWN h
1401951199979 6 4098 451.0 951.451 0.3 5.0 5.0 5.0 5.0 0.0 0.21200001 2 TOUCH_MOVE h
1401951200046 6 4098 449.29755 950.951 0.3 5.0 5.0 5.0 5.0 0.0 0.2 2 TOUCH_MOVE h
1401951200056 6 4098 449.29755 950.951 0.3 5.0 5.0 5.0 5.0 0.0 0.2 1 TOUCH_UP h
1401951200287 6 4098 637.0 831.951 0.3 5.0 5.0 5.0 5.0 0.0 0.216 0 TOUCH_DOWN o
1401951200296 6 4098 637.0 831.951 0.3 5.0 5.0 5.0 5.0 0.0 0.22000001 2 TOUCH_MOVE o
1401951200327 6 4098 636.42847 831.951 0.33333334 5.0 5.0 5.0 5.0 0.0 0.22800002 2 TOUCH_MOVE o
1401951200348 6 4098 632.9896 832.46136 0.33333334 5.0 5.0 5.0 5.0 0.0 0.23600002 2 TOUCH_MOVE o
1401951200363 6 4098 631.50323 832.451 0.33333334 5.0 5.0 5.0 5.0 0.0 0.23200001 2 TOUCH_MOVE o
1401951200379 6 4098 631.25 832.451 0.33333334 5.0 5.0 5.0 5.0 0.0 0.23200001 2 TOUCH_MOVE o
1401951200398 6 4098 631.25 832.451 0.33333334 5.0 5.0 5.0 5.0 0.0 0.23200001 1 TOUCH_UP o
1401951200895 6 4098 51.0 964.951 0.16666667 3.0 3.0 3.0 3.0 0.0 0.19600001 0 TOUCH_DOWN a
1401951200915 6 4098 51.393654 964.5573 0.20000002 3.0 3.0 3.0 3.0 0.0 0.20400001 2 TOUCH_MOVE a
1401951200931 6 4098 52.902996 963.548 0.23333335 4.0 4.0 4.0 4.0 0.0 0.216 2 TOUCH_MOVE a
1401951200947 6 4098 54.925205 962.2384 0.23333335 4.0 4.0 4.0 4.0 0.0 0.22000001 2 TOUCH_MOVE a
1401951200963 6 4098 56.17761 961.2734 0.23333335 4.0 4.0 4.0 4.0 0.0 0.22000001 2 TOUCH_MOVE a
1401951200980 6 4098 56.75 961.451 0.23333335 4.0 4.0 4.0 4.0 0.0 0.216 2 TOUCH_MOVE a
1401951200990 6 4098 56.5 961.451 0.16666667 3.0 3.0 3.0 3.0 0.0 0.192 2 TOUCH_MOVE a
1401951200993 6 4098 56.5 961.451 0.16666667 3.0 3.0 3.0 3.0 0.0 0.192 1 TOUCH_UP a
1401951201396 6 4098 261.0 1237.9509 0.20000002 4.0 4.0 4.0 4.0 0.0 0.19600001 0 TOUCH_DOWN Space
1401951201430 6 4098 261.0 1237.4178 0.20000002 4.0 4.0 4.0 4.0 0.0 0.20400001 2 TOUCH_MOVE Space
1401951201447 6 4098 261.0 1236.3389 0.20000002 4.0 4.0 4.0 4.0 0.0 0.20400001 2 TOUCH_MOVE Space
1401951201464 6 4098 259.92303 1235.3739 0.20000002 4.0 4.0 4.0 4.0 0.0 0.18800001 2 TOUCH_MOVE Space
1401951201474 6 4098 260.0 1235.4509 0.10000001 2.0 2.0 2.0 2.0 0.0 0.112 2 TOUCH_MOVE Space
1401951201477 6 4098 260.0 1235.4509 0.10000001 2.0 2.0 2.0 2.0 0.0 0.112 1 TOUCH_UP Space
1401951201828 6 4098 418.0 1095.9509 0.26666668 4.0 4.0 4.0 4.0 0.0 0.21200001 0 TOUCH_DOWN b
1401951201903 6 4098 417.5 1096.9509 0.20000002 4.0 4.0 4.0 4.0 0.0 0.192 2 TOUCH_MOVE b
1401951201910 6 4098 417.5 1096.9509 0.20000002 4.0 4.0 4.0 4.0 0.0 0.192 1 TOUCH_UP b
1401951202065 6 4098 42.0 952.451 0.23333335 4.0 4.0 4.0 4.0 0.0 0.19600001 0 TOUCH_DOWN a
1401951202082 6 4098 42.0 952.451 0.23333335 4.0 4.0 4.0 4.0 0.0 0.2 2 TOUCH_MOVE a
1401951202098 6 4098 42.55776 952.451 0.23333335 4.0 4.0 4.0 4.0 0.0 0.21200001 2 TOUCH_MOVE a
1401951202131 6 4098 47.70423 952.451 0.26666668 5.0 5.0 5.0 5.0 0.0 0.216 2 TOUCH_MOVE a
1401951202148 6 4098 48.563705 951.88727 0.26666668 5.0 5.0 5.0 5.0 0.0 0.216 2 TOUCH_MOVE a
1401951202175 6 4098 47.5 951.951 0.10000001 2.0 2.0 2.0 2.0 0.0 0.136 2 TOUCH_MOVE a
1401951202182 6 4098 47.5 951.951 0.10000001 2.0 2.0 2.0 2.0 0.0 0.136 1 TOUCH_UP a
1401951202343 6 4098 705.5 844.451 0.23333335 4.0 4.0 4.0 4.0 0.0 0.216 0 TOUCH_DOWN p
1401951202348 6 4098 705.5 844.451 0.26666668 4.0 4.0 4.0 4.0 0.0 0.224 2 TOUCH_MOVE p
1401951202368 6 4098 704.84076 844.3714 0.3 5.0 5.0 5.0 5.0 0.0 0.23600002 2 TOUCH_MOVE p
1401951202394 6 4098 702.9078 843.4049 0.33333334 5.0 5.0 5.0 5.0 0.0 0.24000001 2 TOUCH_MOVE p
1401951202397 6 4098 700.98175 842.44183 0.33333334 5.0 5.0 5.0 5.0 0.0 0.24000001 2 TOUCH_MOVE p
1401951202414 6 4098 700.25 842.451 0.33333334 5.0 5.0 5.0 5.0 0.0 0.24000001 2 TOUCH_MOVE p
1401951202435 6 4098 700.5 842.451 0.20000002 3.0 3.0 3.0 3.0 0.0 0.19600001 2 TOUCH_MOVE p
1401951202438 6 4098 700.5 842.451 0.20000002 3.0 3.0 3.0 3.0 0.0 0.19600001 1 TOUCH_UP p
1401951202771 6 4098 238.5 1226.4509 0.23333335 4.0 4.0 4.0 4.0 0.0 0.20400001 0 TOUCH_DOWN Space
1401951202783 6 4098 238.5 1226.4509 0.23333335 4.0 4.0 4.0 4.0 0.0 0.21200001 2 TOUCH_MOVE Space
1401951202860 6 4098 238.0 1226.4509 0.23333335 4.0 4.0 4.0 4.0 0.0 0.19600001 2 TOUCH_MOVE Space
1401951202866 6 4098 238.0 1226.4509 0.23333335 4.0 4.0 4.0 4.0 0.0 0.19600001 1 TOUCH_UP Space
1401951203606 6 4098 52.0 967.951 0.16666667 3.0 3.0 3.0 3.0 0.0 0.19600001 0 TOUCH_DOWN a
1401951203615 6 4098 52.0 967.951 0.16666667 3.0 3.0 3.0 3.0 0.0 0.2 2 TOUCH_MOVE a
1401951203634 6 4098 53.046368 967.6778 0.20000002 3.0 3.0 3.0 3.0 0.0 0.216 2 TOUCH_MOVE a
1401951203649 6 4098 55.69693 966.7187 0.20000002 3.0 3.0 3.0 3.0 0.0 0.216 2 TOUCH_MOVE a
1401951203666 6 4098 58.42465 965.73865 0.20000002 3.0 3.0 3.0 3.0 0.0 0.22000001 2 TOUCH_MOVE a
1401951203682 6 4098 59.676346 965.451 0.20000002 3.0 3.0 3.0 3.0 0.0 0.216 2 TOUCH_MOVE a
1401951203702 6 4098 59.676346 965.451 0.20000002 3.0 3.0 3.0 3.0 0.0 0.216 1 TOUCH_UP a
1401951203840 6 4098 402.0 834.951 0.26666668 4.0 4.0 4.0 4.0 0.0 0.22000001 0 TOUCH_DOWN y
1401951203849 6 4098 402.0 834.951 0.3 5.0 5.0 5.0 5.0 0.0 0.224 2 TOUCH_MOVE y
1401951203923 6 4098 402.0 834.951 0.3 5.0 5.0 5.0 5.0 0.0 0.224 1 TOUCH_UP y
1401951204636 6 4098 697.0 1111.9509 0.3 5.0 5.0 5.0 5.0 0.0 0.21200001 0 TOUCH_DOWN Back
1401951204650 6 4098 697.0 1112.4233 0.3 5.0 5.0 5.0 5.0 0.0 0.224 2 TOUCH_MOVE Back
1401951204667 6 4098 694.50946 1112.4509 0.33333334 5.0 5.0 5.0 5.0 0.0 0.224 2 TOUCH_MOVE Back
1401951204683 6 4098 691.59796 1112.4509 0.33333334 5.0 5.0 5.0 5.0 0.0 0.22800002 2 TOUCH_MOVE Back
1401951204700 6 4098 690.11365 1112.4509 0.33333334 5.0 5.0 5.0 5.0 0.0 0.22800002 2 TOUCH_MOVE Back
1401951204717 6 4098 689.75 1112.4509 0.3 5.0 5.0 5.0 5.0 0.0 0.224 2 TOUCH_MOVE Back
1401951204737 6 4098 689.75 1112.4509 0.3 5.0 5.0 5.0 5.0 0.0 0.224 1 TOUCH_UP Back
1401951204834 6 4098 673.5 1097.9509 0.3 5.0 5.0 5.0 5.0 0.0 0.21200001 0 TOUCH_DOWN Back
1401951204862 6 4098 673.5 1098.2499 0.3 5.0 5.0 5.0 5.0 0.0 0.22000001 2 TOUCH_MOVE Back
1401951204867 6 4098 673.5 1099.0131 0.3 5.0 5.0 5.0 5.0 0.0 0.224 2 TOUCH_MOVE Back
1401951204883 6 4098 672.47504 1098.9509 0.3 5.0 5.0 5.0 5.0 0.0 0.224 2 TOUCH_MOVE Back
1401951204900 6 4098 671.5103 1098.9509 0.3 5.0 5.0 5.0 5.0 0.0 0.224 2 TOUCH_MOVE Back
1401951204919 6 4098 671.25 1098.9509 0.3 5.0 5.0 5.0 5.0 0.0 0.216 2 TOUCH_MOVE Back
1401951204924 6 4098 671.25 1098.9509 0.3 5.0 5.0 5.0 5.0 0.0 0.216 1 TOUCH_UP Back
1401951206596 6 4098 658.5 970.951 0.20000002 4.0 4.0 4.0 4.0 0.0 0.19600001 0 TOUCH_DOWN l
1401951206619 6 4098 658.5 970.951 0.23333335 4.0 4.0 4.0 4.0 0.0 0.208 2 TOUCH_MOVE l
1401951206635 6 4098 656.6685 971.451 0.3 5.0 5.0 5.0 5.0 0.0 0.224 2 TOUCH_MOVE l
1401951206652 6 4098 654.252 971.951 0.3 5.0 5.0 5.0 5.0 0.0 0.23200001 2 TOUCH_MOVE l
1401951206668 6 4098 652.95 971.951 0.3 5.0 5.0 5.0 5.0 0.0 0.23200001 2 TOUCH_MOVE l
1401951206685 6 4098 651.4538 971.951 0.3 5.0 5.0 5.0 5.0 0.0 0.22800002 2 TOUCH_MOVE l
1401951206701 6 4098 650.75 971.951 0.3 5.0 5.0 5.0 5.0 0.0 0.23200001 2 TOUCH_MOVE l
1401951206735 6 4098 651.0 971.951 0.20000002 4.0 4.0 4.0 4.0 0.0 0.18800001 2 TOUCH_MOVE l
1401951206739 6 4098 651.0 971.951 0.13333334 2.0 2.0 2.0 2.0 0.0 0.1 2 TOUCH_MOVE l
1401951206742 6 4098 651.0 971.951 0.13333334 2.0 2.0 2.0 2.0 0.0 0.1 1 TOUCH_UP l
1401951207171 6 4098 40.0 980.951 0.20000002 3.0 3.0 3.0 3.0 0.0 0.192 0 TOUCH_DOWN a
1401951207188 6 4098 40.0 980.951 0.23333335 4.0 4.0 4.0 4.0 0.0 0.2 2 TOUCH_MOVE a
1401951207202 6 4098 40.899635 980.55133 0.23333335 4.0 4.0 4.0 4.0 0.0 0.208 2 TOUCH_MOVE a
1401951207221 6 4098 42.74023 979.5809 0.23333335 4.0 4.0 4.0 4.0 0.0 0.21200001 2 TOUCH_MOVE a
1401951207236 6 4098 45.09744 978.6523 0.23333335 4.0 4.0 4.0 4.0 0.0 0.216 2 TOUCH_MOVE a
1401951207252 6 4098 45.106228 978.451 0.23333335 4.0 4.0 4.0 4.0 0.0 0.21200001 2 TOUCH_MOVE a
1401951207269 6 4098 43.5 978.451 0.20000002 3.0 3.0 3.0 3.0 0.0 0.192 2 TOUCH_MOVE a
1401951207276 6 4098 43.5 978.451 0.13333334 3.0 3.0 3.0 3.0 0.0 0.128 2 TOUCH_MOVE a
1401951207279 6 4098 43.5 978.451 0.13333334 3.0 3.0 3.0 3.0 0.0 0.128 1 TOUCH_UP a
1401951207844 6 4098 409.0 846.951 0.20000002 3.0 3.0 3.0 3.0 0.0 0.20400001 0 TOUCH_DOWN y
1401951207869 6 4098 409.0 846.48425 0.23333335 4.0 4.0 4.0 4.0 0.0 0.21200001 2 TOUCH_MOVE y
1401951207886 6 4098 409.0 845.5528 0.23333335 4.0 4.0 4.0 4.0 0.0 0.21200001 2 TOUCH_MOVE y
1401951207903 6 4098 409.85474 844.59625 0.16666667 3.0 3.0 3.0 3.0 0.0 0.192 2 TOUCH_MOVE y
1401951207909 6 4098 410.0 844.451 0.16666667 3.0 3.0 3.0 3.0 0.0 0.136 2 TOUCH_MOVE y
1401951207912 6 4098 410.0 844.451 0.16666667 3.0 3.0 3.0 3.0 0.0 0.136 1 TOUCH_UP y
1401951208990 6 4098 672.0 1203.9509 0.26666668 5.0 5.0 5.0 5.0 0.0 0.19600001 0 TOUCH_DOWN Enter
1401951209089 6 4098 672.5 1203.9509 0.23333335 4.0 4.0 4.0 4.0 0.0 0.18 2 TOUCH_MOVE Enter
1401951209099 6 4098 672.5 1203.9509 0.23333335 4.0 4.0 4.0 4.0 0.0 0.18 1 TOUCH_UP Enter
1401951210230 6 4098 329.5 835.951 0.33333334 5.0 5.0 5.0 5.0 0.0 0.22000001 0 TOUCH_DOWN T
1401951210238 6 4098 329.5 835.951 0.33333334 5.0 5.0 5.0 5.0 0.0 0.224 2 TOUCH_MOVE T
1401951210256 6 4098 329.66696 834.9501 0.33333334 5.0 5.0 5.0 5.0 0.0 0.23600002 2 TOUCH_MOVE T
1401951210272 6 4098 330.631 832.0579 0.33333334 5.0 5.0 5.0 5.0 0.0 0.24000001 2 TOUCH_MOVE T
1401951210288 6 4098 331.0 830.2602 0.33333334 5.0 5.0 5.0 5.0 0.0 0.24400002 2 TOUCH_MOVE T
1401951210305 6 4098 331.0 829.40375 0.33333334 5.0 5.0 5.0 5.0 0.0 0.23600002 2 TOUCH_MOVE T
1401951210325 6 4098 330.5 828.951 0.33333334 5.0 5.0 5.0 5.0 0.0 0.19600001 2 TOUCH_MOVE T
1401951210328 6 4098 330.5 828.951 0.33333334 5.0 5.0 5.0 5.0 0.0 0.19600001 1 TOUCH_UP T
1401951210468 6 4098 414.0 953.451 0.23333335 4.0 4.0 4.0 4.0 0.0 0.21200001 0 TOUCH_DOWN h
1401951210489 6 4098 414.0 953.451 0.26666668 4.0 4.0 4.0 4.0 0.0 0.21200001 2 TOUCH_MOVE h
1401951210539 6 4098 414.0 952.8741 0.3 5.0 5.0 5.0 5.0 0.0 0.224 2 TOUCH_MOVE h
1401951210550 6 4098 414.0 952.951 0.20000002 4.0 4.0 4.0 4.0 0.0 0.18800001 2 TOUCH_MOVE h
1401951210553 6 4098 414.0 952.951 0.20000002 4.0 4.0 4.0 4.0 0.0 0.18800001 1 TOUCH_UP h
1401951210745 6 4098 491.0 847.451 0.23333335 4.0 4.0 4.0 4.0 0.0 0.21200001 0 TOUCH_DOWN u
1401951210755 6 4098 491.0 847.451 0.23333335 4.0 4.0 4.0 4.0 0.0 0.216 2 TOUCH_MOVE u
1401951210805 6 4098 491.0 846.8348 0.26666668 4.0 4.0 4.0 4.0 0.0 0.22000001 2 TOUCH_MOVE u
1401951210824 6 4098 491.0 846.8348 0.26666668 4.0 4.0 4.0 4.0 0.0 0.22000001 1 TOUCH_UP u
1401951211594 6 4098 396.5 826.451 0.3 5.0 5.0 5.0 5.0 0.0 0.208 0 TOUCH_DOWN y
1401951211620 6 4098 396.5 826.451 0.3 5.0 5.0 5.0 5.0 0.0 0.216 2 TOUCH_MOVE y
1401951211670 6 4098 396.5 826.451 0.3 5.0 5.0 5.0 5.0 0.0 0.216 1 TOUCH_UP y
1401951211880 6 4098 158.5 849.951 0.3 5.0 5.0 5.0 5.0 0.0 0.23200001 0 TOUCH_DOWN e
1401951211908 6 4098 158.5 849.951 0.3 5.0 5.0 5.0 5.0 0.0 0.23600002 2 TOUCH_MOVE e
1401951211973 6 4098 155.5 850.451 0.3 5.0 5.0 5.0 5.0 0.0 0.22800002 2 TOUCH_MOVE e
1401951211978 6 4098 155.5 850.451 0.16666667 3.0 3.0 3.0 3.0 0.0 0.18400002 2 TOUCH_MOVE e
1401951211983 6 4098 155.5 850.451 0.16666667 3.0 3.0 3.0 3.0 0.0 0.18400002 1 TOUCH_UP e
1401951212307 6 4098 512.5 1092.4509 0.23333335 4.0 4.0 4.0 4.0 0.0 0.19600001 0 TOUCH_DOWN n
1401951212326 6 4098 512.5 1093.0464 0.26666668 4.0 4.0 4.0 4.0 0.0 0.21200001 2 TOUCH_MOVE n
1401951212340 6 4098 512.5 1094.0095 0.26666668 4.0 4.0 4.0 4.0 0.0 0.22000001 2 TOUCH_MOVE n
1401951212357 6 4098 512.0 1095.4529 0.26666668 4.0 4.0 4.0 4.0 0.0 0.216 2 TOUCH_MOVE n
1401951212373 6 4098 512.0 1096.9261 0.26666668 4.0 4.0 4.0 4.0 0.0 0.216 2 TOUCH_MOVE n
1401951212392 6 4098 512.0 1097.9001 0.26666668 4.0 4.0 4.0 4.0 0.0 0.2 2 TOUCH_MOVE n
1401951212394 6 4098 512.0 1097.9509 0.26666668 4.0 4.0 4.0 4.0 0.0 0.17600001 2 TOUCH_MOVE n
1401951212397 6 4098 512.0 1097.9509 0.26666668 4.0 4.0 4.0 4.0 0.0 0.17600001 1 TOUCH_UP n
1401951212622 6 4098 247.5 1238.4509 0.13333334 2.0 2.0 2.0 2.0 0.0 0.18800001 0 TOUCH_DOWN Space
1401951212644 6 4098 247.5 1238.4509 0.16666667 3.0 3.0 3.0 3.0 0.0 0.192 2 TOUCH_MOVE Space
1401951212657 6 4098 247.5 1237.2285 0.20000002 4.0 4.0 4.0 4.0 0.0 0.2 2 TOUCH_MOVE Space
1401951212674 6 4098 247.5 1236.1691 0.20000002 4.0 4.0 4.0 4.0 0.0 0.2 2 TOUCH_MOVE Space
1401951212690 6 4098 247.5 1235.2009 0.20000002 4.0 4.0 4.0 4.0 0.0 0.2 2 TOUCH_MOVE Space
1401951212721 6 4098 247.5 1235.2009 0.20000002 4.0 4.0 4.0 4.0 0.0 0.2 1 TOUCH_UP Space
1401951213222 6 4098 34.0 968.451 0.16666667 3.0 3.0 3.0 3.0 0.0 0.18800001 0 TOUCH_DOWN a
1401951213244 6 4098 34.0 968.451 0.16666667 3.0 3.0 3.0 3.0 0.0 0.19600001 2 TOUCH_MOVE a
1401951213260 6 4098 37.134476 967.91736 0.23333335 4.0 4.0 4.0 4.0 0.0 0.208 2 TOUCH_MOVE a
1401951213274 6 4098 40.495438 966.9525 0.23333335 4.0 4.0 4.0 4.0 0.0 0.208 2 TOUCH_MOVE a
1401951213291 6 4098 42.46142 966.451 0.23333335 4.0 4.0 4.0 4.0 0.0 0.21200001 2 TOUCH_MOVE a
1401951213308 6 4098 44.0 966.451 0.23333335 4.0 4.0 4.0 4.0 0.0 0.21200001 2 TOUCH_MOVE a
1401951213324 6 4098 41.448734 966.8388 0.20000002 3.0 3.0 3.0 3.0 0.0 0.2 2 TOUCH_MOVE a
1401951213330 6 4098 41.0 966.951 0.16666667 3.0 3.0 3.0 3.0 0.0 0.18 2 TOUCH_MOVE a
1401951213333 6 4098 41.0 966.951 0.16666667 3.0 3.0 3.0 3.0 0.0 0.18 1 TOUCH_UP a
1401951213679 6 4098 532.5 852.451 0.16666667 3.0 3.0 3.0 3.0 0.0 0.19600001 0 TOUCH_DOWN i
1401951213691 6 4098 532.5 852.451 0.23333335 4.0 4.0 4.0 4.0 0.0 0.208 2 TOUCH_MOVE i
1401951213792 6 4098 532.5 852.451 0.23333335 4.0 4.0 4.0 4.0 0.0 0.208 1 TOUCH_UP i
1401951213957 6 4098 268.0 1246.9509 0.20000002 5.0 5.0 5.0 5.0 0.0 0.18 0 TOUCH_DOWN Space
1401951214023 6 4098 267.5 1245.9509 0.16666667 4.0 4.0 4.0 4.0 0.0 0.18 2 TOUCH_MOVE Space
1401951214027 6 4098 267.5 1245.9509 0.16666667 4.0 4.0 4.0 4.0 0.0 0.18 1 TOUCH_UP Space
1401951214510 6 4098 196.0 981.451 0.26666668 4.0 4.0 4.0 4.0 0.0 0.22000001 0 TOUCH_DOWN d
1401951214531 6 4098 196.3516 981.80255 0.3 5.0 5.0 5.0 5.0 0.0 0.22800002 2 TOUCH_MOVE d
1401951214542 6 4098 197.87651 983.3275 0.3 5.0 5.0 5.0 5.0 0.0 0.24400002 2 TOUCH_MOVE d
1401951214559 6 4098 199.80244 984.60223 0.3 5.0 5.0 5.0 5.0 0.0 0.24800001 2 TOUCH_MOVE d
1401951214576 6 4098 200.25 985.201 0.3 5.0 5.0 5.0 5.0 0.0 0.24800001 2 TOUCH_MOVE d
1401951214592 6 4098 200.0 984.951 0.3 5.0 5.0 5.0 5.0 0.0 0.224 2 TOUCH_MOVE d
1401951214603 6 4098 200.0 984.951 0.13333334 2.0 2.0 2.0 2.0 0.0 0.14400001 2 TOUCH_MOVE d
1401951214615 6 4098 200.0 984.951 0.13333334 2.0 2.0 2.0 2.0 0.0 0.14400001 1 TOUCH_UP d
1401951214875 6 4098 63.5 975.951 0.20000002 3.0 3.0 3.0 3.0 0.0 0.20400001 0 TOUCH_DOWN a
1401951214893 6 4098 63.5 975.951 0.20000002 3.0 3.0 3.0 3.0 0.0 0.21200001 2 TOUCH_MOVE a
1401951214926 6 4098 63.5 977.29584 0.26666668 4.0 4.0 4.0 4.0 0.0 0.22800002 2 TOUCH_MOVE a
1401951214943 6 4098 63.5 978.252 0.26666668 4.0 4.0 4.0 4.0 0.0 0.22800002 2 TOUCH_MOVE a
1401951214960 6 4098 63.114334 978.8367 0.26666668 4.0 4.0 4.0 4.0 0.0 0.22800002 2 TOUCH_MOVE a
1401951214976 6 4098 60.5 979.451 0.20000002 3.0 3.0 3.0 3.0 0.0 0.18 2 TOUCH_MOVE a
1401951214981 6 4098 60.5 979.451 0.20000002 3.0 3.0 3.0 3.0 0.0 0.18 1 TOUCH_UP a
1401951215217 6 4098 472.5 854.451 0.23333335 4.0 4.0 4.0 4.0 0.0 0.208 0 TOUCH_DOWN u
1401951215318 6 4098 472.5 854.451 0.23333335 4.0 4.0 4.0 4.0 0.0 0.208 1 TOUCH_UP u
1401951215525 6 4098 290.0 1225.4509 0.23333335 4.0 4.0 4.0 4.0 0.0 0.2 0 TOUCH_DOWN Space
1401951215560 6 4098 290.0 1225.4509 0.23333335 4.0 4.0 4.0 4.0 0.0 0.20400001 2 TOUCH_MOVE Space
1401951215607 6 4098 290.5 1225.4509 0.20000002 3.0 3.0 3.0 3.0 0.0 0.19600001 2 TOUCH_MOVE Space
1401951215615 6 4098 290.5 1225.4509 0.20000002 3.0 3.0 3.0 3.0 0.0 0.19600001 1 TOUCH_UP Space
1401951215905 6 4098 428.0 1115.9509 0.26666668 4.0 4.0 4.0 4.0 0.0 0.20400001 0 TOUCH_DOWN b
1401951215960 6 4098 428.0 1115.9509 0.3 5.0 5.0 5.0 5.0 0.0 0.224 2 TOUCH_MOVE b
1401951215978 6 4098 428.75 1115.9509 0.3 5.0 5.0 5.0 5.0 0.0 0.224 2 TOUCH_MOVE b
1401951215993 6 4098 429.9467 1115.9509 0.26666668 4.0 4.0 4.0 4.0 0.0 0.21200001 2 TOUCH_MOVE b
1401951216006 6 4098 430.0 1115.9509 0.26666668 5.0 5.0 5.0 5.0 0.0 0.16800001 2 TOUCH_MOVE b
1401951216009 6 4098 430.0 1115.9509 0.26666668 5.0 5.0 5.0 5.0 0.0 0.16800001 1 TOUCH_UP b
1401951216230 6 4098 194.0 842.951 0.3 5.0 5.0 5.0 5.0 0.0 0.23600002 0 TOUCH_DOWN e
1401951216244 6 4098 194.0 842.951 0.3 5.0 5.0 5.0 5.0 0.0 0.24000001 2 TOUCH_MOVE e
1401951216294 6 4098 193.0 842.951 0.3 5.0 5.0 5.0 5.0 0.0 0.23200001 2 TOUCH_MOVE e
1401951216300 6 4098 193.0 842.951 0.23333335 4.0 4.0 4.0 4.0 0.0 0.192 2 TOUCH_MOVE e
1401951216303 6 4098 193.0 842.951 0.23333335 4.0 4.0 4.0 4.0 0.0 0.192 1 TOUCH_UP e
1401951216680 6 4098 511.0 1086.4509 0.20000002 4.0 4.0 4.0 4.0 0.0 0.192 0 TOUCH_DOWN n
1401951216694 6 4098 511.0 1086.4509 0.23333335 4.0 4.0 4.0 4.0 0.0 0.19600001 2 TOUCH_MOVE n
1401951216712 6 4098 509.7124 1087.7385 0.26666668 5.0 5.0 5.0 5.0 0.0 0.2 2 TOUCH_MOVE n
1401951216728 6 4098 507.28052 1091.0302 0.26666668 5.0 5.0 5.0 5.0 0.0 0.208 2 TOUCH_MOVE n
1401951216744 6 4098 504.5288 1094.7458 0.3 5.0 5.0 5.0 5.0 0.0 0.208 2 TOUCH_MOVE n
1401951216765 6 4098 501.0 1099.2009 0.3 5.0 5.0 5.0 5.0 0.0 0.19600001 2 TOUCH_MOVE n
1401951216768 6 4098 500.0 1100.9509 0.3 5.0 5.0 5.0 5.0 0.0 0.18400002 2 TOUCH_MOVE n
1401951216771 6 4098 500.0 1100.9509 0.3 5.0 5.0 5.0 5.0 0.0 0.18400002 1 TOUCH_UP n
1401951217026 6 4098 271.5 1234.9509 0.20000002 5.0 5.0 5.0 5.0 0.0 0.18400002 0 TOUCH_DOWN Space
1401951217057 6 4098 271.5 1234.9509 0.20000002 5.0 5.0 5.0 5.0 0.0 0.18400002 1 TOUCH_UP Space
1401951218127 6 4098 123.0 968.951 0.20000002 4.0 4.0 4.0 4.0 0.0 0.20400001 0 TOUCH_DOWN s
1401951218196 6 4098 123.0 968.951 0.26666668 5.0 5.0 5.0 5.0 0.0 0.22800002 2 TOUCH_MOVE s
1401951218220 6 4098 120.0 969.451 0.26666668 5.0 5.0 5.0 5.0 0.0 0.216 2 TOUCH_MOVE s
1401951218223 6 4098 120.0 969.451 0.23333335 5.0 5.0 5.0 5.0 0.0 0.18800001 2 TOUCH_MOVE s
1401951218226 6 4098 120.0 969.451 0.23333335 5.0 5.0 5.0 5.0 0.0 0.18800001 1 TOUCH_UP s
1401951218422 6 4098 620.0 857.451 0.23333335 5.0 5.0 5.0 5.0 0.0 0.19600001 0 TOUCH_DOWN o
1401951218429 6 4098 620.0 857.451 0.23333335 5.0 5.0 5.0 5.0 0.0 0.20400001 2 TOUCH_MOVE o
1401951218450 6 4098 619.456 857.451 0.23333335 5.0 5.0 5.0 5.0 0.0 0.21200001 2 TOUCH_MOVE o
1401951218463 6 4098 617.94977 857.451 0.23333335 5.0 5.0 5.0 5.0 0.0 0.216 2 TOUCH_MOVE o
1401951218479 6 4098 616.0442 857.9289 0.23333335 5.0 5.0 5.0 5.0 0.0 0.216 2 TOUCH_MOVE o
1401951218497 6 4098 615.0493 858.4017 0.26666668 5.0 5.0 5.0 5.0 0.0 0.216 2 TOUCH_MOVE o
1401951218517 6 4098 614.2551 858.69586 0.23333335 5.0 5.0 5.0 5.0 0.0 0.2 2 TOUCH_MOVE o
1401951218526 6 4098 613.5 859.451 0.23333335 4.0 4.0 4.0 4.0 0.0 0.172 2 TOUCH_MOVE o
1401951218530 6 4098 613.5 859.451 0.23333335 4.0 4.0 4.0 4.0 0.0 0.172 1 TOUCH_UP o
1401951218846 6 4098 522.5 1113.9509 0.23333335 5.0 5.0 5.0 5.0 0.0 0.2 0 TOUCH_DOWN n
1401951218868 6 4098 522.81775 1113.9509 0.3 5.0 5.0 5.0 5.0 0.0 0.208 2 TOUCH_MOVE n
1401951218897 6 4098 524.5391 1113.4119 0.3 5.0 5.0 5.0 5.0 0.0 0.22000001 2 TOUCH_MOVE n
1401951218913 6 4098 525.5297 1112.9509 0.3 5.0 5.0 5.0 5.0 0.0 0.22000001 2 TOUCH_MOVE n
1401951218930 6 4098 526.4881 1112.9509 0.3 5.0 5.0 5.0 5.0 0.0 0.22000001 2 TOUCH_MOVE n
1401951218949 6 4098 527.45935 1112.9509 0.26666668 5.0 5.0 5.0 5.0 0.0 0.2 2 TOUCH_MOVE n
1401951218951 6 4098 527.5 1112.9509 0.23333335 5.0 5.0 5.0 5.0 0.0 0.18 2 TOUCH_MOVE n
1401951218955 6 4098 527.5 1112.9509 0.23333335 5.0 5.0 5.0 5.0 0.0 0.18 1 TOUCH_UP n
1401951219037 6 4098 371.5 972.951 0.20000002 4.0 4.0 4.0 4.0 0.0 0.18800001 0 TOUCH_DOWN g
1401951219074 6 4098 371.5 972.951 0.20000002 4.0 4.0 4.0 4.0 0.0 0.18800001 1 TOUCH_UP g
1401951219471 6 4098 330.0 1196.4509 0.23333335 5.0 5.0 5.0 5.0 0.0 0.2 0 TOUCH_DOWN Space
1401951219547 6 4098 330.0 1196.4509 0.26666668 5.0 5.0 5.0 5.0 0.0 0.208 2 TOUCH_MOVE Space
1401951219582 6 4098 330.0 1196.4509 0.26666668 5.0 5.0 5.0 5.0 0.0 0.208 1 TOUCH_UP Space
1401951220070 6 4098 353.5 841.951 0.26666668 4.0 4.0 4.0 4.0 0.0 0.224 0 TOUCH_DOWN t
1401951220114 6 4098 354.0796 841.951 0.33333334 5.0 5.0 5.0 5.0 0.0 0.24400002 2 TOUCH_MOVE t
1401951220166 6 4098 354.0 841.951 0.20000002 3.0 3.0 3.0 3.0 0.0 0.116000004 2 TOUCH_MOVE t
1401951220170 6 4098 354.0 841.951 0.20000002 3.0 3.0 3.0 3.0 0.0 0.116000004 1 TOUCH_UP t
1401951220319 6 4098 238.0 840.451 0.3 5.0 5.0 5.0 5.0 0.0 0.23200001 0 TOUCH_DOWN r
1401951220379 6 4098 238.0 840.951 0.23333335 4.0 4.0 4.0 4.0 0.0 0.192 2 TOUCH_MOVE r
1401951220383 6 4098 238.0 840.951 0.23333335 4.0 4.0 4.0 4.0 0.0 0.192 1 TOUCH_UP r
1401951221476 6 4098 522.5 1074.9509 0.23333335 4.0 4.0 4.0 4.0 0.0 0.20400001 0 TOUCH_DOWN n
1401951221483 6 4098 522.5 1074.9509 0.23333335 4.0 4.0 4.0 4.0 0.0 0.216 2 TOUCH_MOVE n
1401951221586 6 4098 522.5 1074.9509 0.23333335 4.0 4.0 4.0 4.0 0.0 0.216 1 TOUCH_UP n
1401951221804 6 4098 357.5 974.451 0.23333335 4.0 4.0 4.0 4.0 0.0 0.20400001 0 TOUCH_DOWN g
1401951221879 6 4098 357.5 974.451 0.13333334 2.0 2.0 2.0 2.0 0.0 0.148 2 TOUCH_MOVE g
1401951221884 6 4098 357.5 974.451 0.13333334 2.0 2.0 2.0 2.0 0.0 0.148 1 TOUCH_UP g
1401951222532 6 4098 703.0 1093.9509 0.23333335 4.0 4.0 4.0 4.0 0.0 0.20400001 0 TOUCH_DOWN Back
1401951222568 6 4098 701.1002 1094.4509 0.26666668 4.0 4.0 4.0 4.0 0.0 0.22000001 2 TOUCH_MOVE Back
1401951222605 6 4098 699.5 1094.0028 0.26666668 4.0 4.0 4.0 4.0 0.0 0.216 2 TOUCH_MOVE Back
1401951222614 6 4098 699.5 1093.9509 0.13333334 2.0 2.0 2.0 2.0 0.0 0.17600001 2 TOUCH_MOVE Back
1401951222619 6 4098 699.5 1093.9509 0.13333334 2.0 2.0 2.0 2.0 0.0 0.17600001 1 TOUCH_UP Back
1401951222717 6 4098 687.0 1082.4509 0.20000002 4.0 4.0 4.0 4.0 0.0 0.192 0 TOUCH_DOWN Back
1401951222746 6 4098 686.6546 1082.4509 0.20000002 4.0 4.0 4.0 4.0 0.0 0.208 2 TOUCH_MOVE Back
1401951222753 6 4098 685.46454 1082.4509 0.26666668 5.0 5.0 5.0 5.0 0.0 0.224 2 TOUCH_MOVE Back
1401951222767 6 4098 682.92975 1082.4509 0.26666668 5.0 5.0 5.0 5.0 0.0 0.224 2 TOUCH_MOVE Back
1401951222798 6 4098 682.3396 1082.4509 0.26666668 5.0 5.0 5.0 5.0 0.0 0.224 2 TOUCH_MOVE Back
1401951222820 6 4098 682.0 1082.4509 0.20000002 4.0 4.0 4.0 4.0 0.0 0.192 2 TOUCH_MOVE Back
1401951222831 6 4098 682.0 1082.4509 0.20000002 4.0 4.0 4.0 4.0 0.0 0.192 1 TOUCH_UP Back
1401951223198 6 4098 677.0 1063.9509 0.26666668 4.0 4.0 4.0 4.0 0.0 0.208 0 TOUCH_DOWN Back
1401951223234 6 4098 676.4999 1063.9509 0.3 5.0 5.0 5.0 5.0 0.0 0.22000001 2 TOUCH_MOVE Back
1401951223250 6 4098 675.08594 1063.9509 0.3 5.0 5.0 5.0 5.0 0.0 0.22000001 2 TOUCH_MOVE Back
1401951223267 6 4098 673.5719 1063.9509 0.3 5.0 5.0 5.0 5.0 0.0 0.22000001 2 TOUCH_MOVE Back
1401951223284 6 4098 673.25 1063.9509 0.3 5.0 5.0 5.0 5.0 0.0 0.22000001 2 TOUCH_MOVE Back
1401951223291 6 4098 673.25 1063.9509 0.3 5.0 5.0 5.0 5.0 0.0 0.22000001 1 TOUCH_UP Back
1401951224235 6 4098 268.5 834.451 0.33333334 5.0 5.0 5.0 5.0 0.0 0.23200001 0 TOUCH_DOWN r
1401951224285 6 4098 267.31464 834.451 0.33333334 5.0 5.0 5.0 5.0 0.0 0.24400002 2 TOUCH_MOVE r
1401951224301 6 4098 266.444 834.451 0.33333334 5.0 5.0 5.0 5.0 0.0 0.23600002 2 TOUCH_MOVE r
1401951224319 6 4098 263.79395 835.01965 0.26666668 4.0 4.0 4.0 4.0 0.0 0.18800001 2 TOUCH_MOVE r
1401951224323 6 4098 263.79395 835.01965 0.26666668 4.0 4.0 4.0 4.0 0.0 0.18800001 1 TOUCH_UP r
1401951225190 6 4098 504.5 1071.9509 0.26666668 5.0 5.0 5.0 5.0 0.0 0.208 0 TOUCH_DOWN n
1401951225203 6 4098 504.5 1071.9509 0.3 5.0 5.0 5.0 5.0 0.0 0.22000001 2 TOUCH_MOVE n
1401951225252 6 4098 503.9919 1071.9509 0.3 5.0 5.0 5.0 5.0 0.0 0.224 2 TOUCH_MOVE n
1401951225269 6 4098 503.49014 1071.9509 0.3 5.0 5.0 5.0 5.0 0.0 0.22000001 2 TOUCH_MOVE n
1401951225286 6 4098 500.58246 1072.9097 0.26666668 5.0 5.0 5.0 5.0 0.0 0.208 2 TOUCH_MOVE n
1401951225297 6 4098 500.5 1072.9509 0.20000002 4.0 4.0 4.0 4.0 0.0 0.16800001 2 TOUCH_MOVE n
1401951225305 6 4098 500.5 1072.9509 0.20000002 4.0 4.0 4.0 4.0 0.0 0.16800001 1 TOUCH_UP n
1401951225429 6 4098 358.5 963.951 0.26666668 4.0 4.0 4.0 4.0 0.0 0.224 0 TOUCH_DOWN g
1401951225491 6 4098 358.5 963.951 0.26666668 4.0 4.0 4.0 4.0 0.0 0.224 1 TOUCH_UP g
1401951225713 6 4098 324.0 1198.4509 0.20000002 4.0 4.0 4.0 4.0 0.0 0.18800001 0 TOUCH_DOWN Space
1401951225751 6 4098 324.0 1198.4509 0.20000002 4.0 4.0 4.0 4.0 0.0 0.136 2 TOUCH_MOVE Space
1401951225755 6 4098 324.0 1198.4509 0.20000002 4.0 4.0 4.0 4.0 0.0 0.136 1 TOUCH_UP Space
1401951226324 6 4098 666.5 1092.4509 0.26666668 5.0 5.0 5.0 5.0 0.0 0.21200001 0 TOUCH_DOWN Back
1401951226337 6 4098 666.5 1092.4509 0.3 5.0 5.0 5.0 5.0 0.0 0.216 2 TOUCH_MOVE Back
1401951226354 6 4098 666.5 1093.0239 0.3 5.0 5.0 5.0 5.0 0.0 0.224 2 TOUCH_MOVE Back
1401951226371 6 4098 665.3976 1094.0533 0.3 5.0 5.0 5.0 5.0 0.0 0.22800002 2 TOUCH_MOVE Back
1401951226387 6 4098 664.4538 1094.9972 0.3 5.0 5.0 5.0 5.0 0.0 0.23200001 2 TOUCH_MOVE Back
1401951226403 6 4098 663.75 1095.7009 0.3 5.0 5.0 5.0 5.0 0.0 0.22800002 2 TOUCH_MOVE Back
1401951226432 6 4098 664.0 1095.4509 0.23333335 5.0 5.0 5.0 5.0 0.0 0.16800001 2 TOUCH_MOVE Back
1401951226435 6 4098 664.0 1095.4509 0.23333335 5.0 5.0 5.0 5.0 0.0 0.16800001 1 TOUCH_UP Back
1401951226534 6 4098 669.5 1081.9509 0.23333335 5.0 5.0 5.0 5.0 0.0 0.208 0 TOUCH_DOWN Back
1401951226587 6 4098 669.5 1081.9509 0.26666668 5.0 5.0 5.0 5.0 0.0 0.22000001 2 TOUCH_MOVE Back
1401951226606 6 4098 668.75 1082.7009 0.26666668 5.0 5.0 5.0 5.0 0.0 0.22000001 2 TOUCH_MOVE Back
1401951226638 6 4098 668.75 1082.7009 0.26666668 5.0 5.0 5.0 5.0 0.0 0.22000001 1 TOUCH_UP Back
1401951226787 6 4098 670.0 1080.9509 0.23333335 5.0 5.0 5.0 5.0 0.0 0.21200001 0 TOUCH_DOWN Back
1401951226812 6 4098 670.0 1081.2773 0.23333335 5.0 5.0 5.0 5.0 0.0 0.216 2 TOUCH_MOVE Back
1401951226820 6 4098 669.387 1082.064 0.26666668 5.0 5.0 5.0 5.0 0.0 0.224 2 TOUCH_MOVE Back
1401951226837 6 4098 668.4637 1081.9509 0.26666668 5.0 5.0 5.0 5.0 0.0 0.224 2 TOUCH_MOVE Back
1401951226869 6 4098 667.5 1082.4509 0.23333335 5.0 5.0 5.0 5.0 0.0 0.208 2 TOUCH_MOVE Back
1401951226875 6 4098 667.5 1082.4509 0.23333335 5.0 5.0 5.0 5.0 0.0 0.208 1 TOUCH_UP Back
1401951227518 6 4098 48.5 968.451 0.16666667 3.0 3.0 3.0 3.0 0.0 0.2 0 TOUCH_DOWN a
1401951227522 6 4098 48.5 968.451 0.20000002 3.0 3.0 3.0 3.0 0.0 0.20400001 2 TOUCH_MOVE a
1401951227544 6 4098 49.154472 967.83514 0.23333335 4.0 4.0 4.0 4.0 0.0 0.21200001 2 TOUCH_MOVE a
1401951227555 6 4098 53.456272 964.97723 0.23333335 4.0 4.0 4.0 4.0 0.0 0.216 2 TOUCH_MOVE a
1401951227571 6 4098 56.88699 962.5263 0.23333335 4.0 4.0 4.0 4.0 0.0 0.22000001 2 TOUCH_MOVE a
1401951227588 6 4098 58.431416 961.5196 0.23333335 4.0 4.0 4.0 4.0 0.0 0.22000001 2 TOUCH_MOVE a
1401951227605 6 4098 58.75 961.201 0.23333335 4.0 4.0 4.0 4.0 0.0 0.216 2 TOUCH_MOVE a
1401951227625 6 4098 58.75 961.201 0.23333335 4.0 4.0 4.0 4.0 0.0 0.216 1 TOUCH_UP a
1401951227811 6 4098 519.0 1083.4509 0.16666667 3.0 3.0 3.0 3.0 0.0 0.19600001 0 TOUCH_DOWN n
1401951227827 6 4098 519.0 1083.4509 0.20000002 4.0 4.0 4.0 4.0 0.0 0.20400001 2 TOUCH_MOVE n
1401951227904 6 4098 519.0 1083.4509 0.16666667 3.0 3.0 3.0 3.0 0.0 0.18 2 TOUCH_MOVE n
1401951227908 6 4098 519.0 1083.4509 0.16666667 3.0 3.0 3.0 3.0 0.0 0.18 1 TOUCH_UP n
1401951228077 6 4098 383.0 974.451 0.3 5.0 5.0 5.0 5.0 0.0 0.224 0 TOUCH_DOWN g
1401951228096 6 4098 383.0 974.451 0.3 5.0 5.0 5.0 5.0 0.0 0.22800002 2 TOUCH_MOVE g
1401951228137 6 4098 382.5 974.451 0.13333334 2.0 2.0 2.0 2.0 0.0 0.108 2 TOUCH_MOVE g
1401951228142 6 4098 382.5 974.451 0.13333334 2.0 2.0 2.0 2.0 0.0 0.108 1 TOUCH_UP g
1401951228435 6 4098 354.0 1226.4509 0.16666667 3.0 3.0 3.0 3.0 0.0 0.19600001 0 TOUCH_DOWN Space
1401951228438 6 4098 354.0 1226.4509 0.16666667 3.0 3.0 3.0 3.0 0.0 0.20400001 2 TOUCH_MOVE Space
1401951228489 6 4098 354.0 1225.0271 0.20000002 3.0 3.0 3.0 3.0 0.0 0.208 2 TOUCH_MOVE Space
1401951228506 6 4098 354.91315 1224.0378 0.16666667 3.0 3.0 3.0 3.0 0.0 0.2 2 TOUCH_MOVE Space
1401951228511 6 4098 355.0 1223.9509 0.16666667 3.0 3.0 3.0 3.0 0.0 0.18 2 TOUCH_MOVE Space
1401951228519 6 4098 355.0 1223.9509 0.16666667 3.0 3.0 3.0 3.0 0.0 0.18 1 TOUCH_UP Space
1401951228945 6 4098 215.5 1010.451 0.3 5.0 5.0 5.0 5.0 0.0 0.22000001 0 TOUCH_DOWN d
1401951228957 6 4098 215.5 1010.451 0.3 5.0 5.0 5.0 5.0 0.0 0.22800002 2 TOUCH_MOVE d
1401951229004 6 4098 215.5 1009.15533 0.3 5.0 5.0 5.0 5.0 0.0 0.23200001 2 TOUCH_MOVE d
1401951229007 6 4098 216.0 1008.13794 0.3 5.0 5.0 5.0 5.0 0.0 0.24000001 2 TOUCH_MOVE d
1401951229022 6 4098 216.75 1007.951 0.3 5.0 5.0 5.0 5.0 0.0 0.24000001 2 TOUCH_MOVE d
1401951229040 6 4098 217.10742 1007.951 0.3 5.0 5.0 5.0 5.0 0.0 0.23600002 2 TOUCH_MOVE d
1401951229075 6 4098 217.0 1007.951 0.26666668 5.0 5.0 5.0 5.0 0.0 0.18400002 2 TOUCH_MOVE d
1401951229079 6 4098 217.0 1007.951 0.26666668 5.0 5.0 5.0 5.0 0.0 0.18400002 1 TOUCH_UP d
1401951229211 6 4098 598.5 839.951 0.3 5.0 5.0 5.0 5.0 0.0 0.23200001 0 TOUCH_DOWN o
1401951229223 6 4098 598.5 839.951 0.3 5.0 5.0 5.0 5.0 0.0 0.24000001 2 TOUCH_MOVE o
1401951229301 6 4098 601.8814 840.8035 0.3 5.0 5.0 5.0 5.0 0.0 0.22800002 2 TOUCH_MOVE o
1401951229306 6 4098 603.5 841.451 0.23333335 5.0 5.0 5.0 5.0 0.0 0.14 2 TOUCH_MOVE o
1401951229311 6 4098 603.5 841.451 0.23333335 5.0 5.0 5.0 5.0 0.0 0.14 1 TOUCH_UP o
1401951230145 6 4098 680.5 1214.4509 0.23333335 4.0 4.0 4.0 4.0 0.0 0.208 0 TOUCH_DOWN Enter
1401951230159 6 4098 680.5 1214.4509 0.23333335 4.0 4.0 4.0 4.0 0.0 0.21200001 2 TOUCH_MOVE Enter
1401951230236 6 4098 680.5 1214.4509 0.23333335 4.0 4.0 4.0 4.0 0.0 0.21200001 1 TOUCH_UP Enter
1401951230599 6 4098 277.0 1107.9509 0.33333334 5.0 5.0 5.0 5.0 0.0 0.208 0 TOUCH_DOWN C
1401951230642 6 4098 278.21747 1111.1034 0.26666668 4.0 4.0 4.0 4.0 0.0 0.21200001 2 TOUCH_MOVE C
1401951230671 6 4098 278.5 1114.9509 0.3 5.0 5.0 5.0 5.0 0.0 0.18800001 2 TOUCH_MOVE C
1401951230676 6 4098 278.5 1114.9509 0.3 5.0 5.0 5.0 5.0 0.0 0.18800001 1 TOUCH_UP C
1401951230845 6 4098 600.0 845.951 0.23333335 4.0 4.0 4.0 4.0 0.0 0.224 0 TOUCH_DOWN o
1401951230858 6 4098 600.0 845.951 0.3 5.0 5.0 5.0 5.0 0.0 0.22800002 2 TOUCH_MOVE o
1401951230935 6 4098 600.6014 845.951 0.3 5.0 5.0 5.0 5.0 0.0 0.22000001 2 TOUCH_MOVE o
1401951230943 6 4098 601.0 845.951 0.16666667 3.0 3.0 3.0 3.0 0.0 0.124000005 2 TOUCH_MOVE o
1401951230947 6 4098 601.0 845.951 0.16666667 3.0 3.0 3.0 3.0 0.0 0.124000005 1 TOUCH_UP o
1401951231108 6 4098 219.0 1246.9509 0.20000002 5.0 5.0 5.0 5.0 0.0 0.17600001 0 TOUCH_DOWN Space
1401951231142 6 4098 219.0 1246.9509 0.20000002 5.0 5.0 5.0 5.0 0.0 0.18 2 TOUCH_MOVE Space
1401951231174 6 4098 219.0 1245.8676 0.20000002 5.0 5.0 5.0 5.0 0.0 0.18800001 2 TOUCH_MOVE Space
1401951231237 6 4098 219.0 1245.8676 0.20000002 5.0 5.0 5.0 5.0 0.0 0.18800001 1 TOUCH_UP Space
1401951231657 6 4098 286.5 1127.9509 0.26666668 4.0 4.0 4.0 4.0 0.0 0.21200001 0 TOUCH_DOWN c
1401951231685 6 4098 286.5 1127.9509 0.26666668 4.0 4.0 4.0 4.0 0.0 0.216 2 TOUCH_MOVE c
1401951231711 6 4098 285.17535 1127.9509 0.26666668 4.0 4.0 4.0 4.0 0.0 0.22000001 2 TOUCH_MOVE c
1401951231728 6 4098 285.0 1127.9509 0.26666668 4.0 4.0 4.0 4.0 0.0 0.22000001 2 TOUCH_MOVE c
1401951231739 6 4098 285.0 1127.9509 0.23333335 4.0 4.0 4.0 4.0 0.0 0.192 2 TOUCH_MOVE c
1401951231743 6 4098 285.0 1127.9509 0.23333335 4.0 4.0 4.0 4.0 0.0 0.192 1 TOUCH_UP c
1401951231871 6 4098 440.0 965.451 0.23333335 5.0 5.0 5.0 5.0 0.0 0.20400001 0 TOUCH_DOWN h
1401951231925 6 4098 440.0 965.0411 0.3 5.0 5.0 5.0 5.0 0.0 0.224 2 TOUCH_MOVE h
1401951231942 6 4098 439.63385 963.58484 0.26666668 5.0 5.0 5.0 5.0 0.0 0.208 2 TOUCH_MOVE h
1401951231956 6 4098 439.5 963.451 0.20000002 4.0 4.0 4.0 4.0 0.0 0.164 2 TOUCH_MOVE h
1401951231961 6 4098 439.5 963.451 0.20000002 4.0 4.0 4.0 4.0 0.0 0.164 1 TOUCH_UP h
1401951232207 6 4098 635.0 828.451 0.33333334 5.0 5.0 5.0 5.0 0.0 0.22800002 0 TOUCH_DOWN o
1401951232226 6 4098 635.0 828.451 0.33333334 5.0 5.0 5.0 5.0 0.0 0.24000001 2 TOUCH_MOVE o
1401951232242 6 4098 634.28973 828.451 0.33333334 5.0 5.0 5.0 5.0 0.0 0.24800001 2 TOUCH_MOVE o
1401951232266 6 4098 632.83246 828.951 0.33333334 5.0 5.0 5.0 5.0 0.0 0.24800001 2 TOUCH_MOVE o
1401951232275 6 4098 631.8555 829.59546 0.33333334 5.0 5.0 5.0 5.0 0.0 0.24400002 2 TOUCH_MOVE o
1401951232292 6 4098 630.8976 829.951 0.33333334 5.0 5.0 5.0 5.0 0.0 0.23200001 2 TOUCH_MOVE o
1401951232313 6 4098 625.0296 831.5854 0.3 5.0 5.0 5.0 5.0 0.0 0.18400002 2 TOUCH_MOVE o
1401951232320 6 4098 625.0296 831.5854 0.3 5.0 5.0 5.0 5.0 0.0 0.18400002 1 TOUCH_UP o
1401951232501 6 4098 180.0 1269.5 0.13333334 3.0 3.0 3.0 3.0 0.0 0.15200001 0 TOUCH_DOWN Space
1401951232509 6 4098 180.0 1269.5 0.13333334 3.0 3.0 3.0 3.0 0.0 0.16800001 2 TOUCH_MOVE Space
1401951232542 6 4098 180.0 1263.0988 0.16666667 4.0 4.0 4.0 4.0 0.0 0.18 2 TOUCH_MOVE Space
1401951232560 6 4098 180.0 1258.3362 0.16666667 4.0 4.0 4.0 4.0 0.0 0.18 2 TOUCH_MOVE Space
1401951232576 6 4098 180.0 1256.5405 0.16666667 4.0 4.0 4.0 4.0 0.0 0.18 2 TOUCH_MOVE Space
1401951232593 6 4098 180.0 1256.0 0.16666667 4.0 4.0 4.0 4.0 0.0 0.18 2 TOUCH_MOVE Space
1401951232616 6 4098 180.0 1256.0 0.16666667 4.0 4.0 4.0 4.0 0.0 0.18 1 TOUCH_UP Space
1401951233202 6 4098 313.5 835.951 0.3 5.0 5.0 5.0 5.0 0.0 0.216 0 TOUCH_DOWN t
1401951233210 6 4098 313.5 835.951 0.33333334 5.0 5.0 5.0 5.0 0.0 0.224 2 TOUCH_MOVE t
1401951233243 6 4098 314.52344 835.951 0.33333334 5.0 5.0 5.0 5.0 0.0 0.22800002 2 TOUCH_MOVE t
1401951233295 6 4098 314.5 835.951 0.20000002 4.0 4.0 4.0 4.0 0.0 0.17600001 2 TOUCH_MOVE t
1401951233301 6 4098 314.5 835.951 0.20000002 4.0 4.0 4.0 4.0 0.0 0.17600001 1 TOUCH_UP t
1401951233402 6 4098 276.0 831.451 0.3 5.0 5.0 5.0 5.0 0.0 0.192 0 TOUCH_DOWN r
1401951233410 6 4098 276.0 831.451 0.26666668 4.0 4.0 4.0 4.0 0.0 0.19600001 2 TOUCH_MOVE r
1401951233427 6 4098 276.0 832.0014 0.3 5.0 5.0 5.0 5.0 0.0 0.2 2 TOUCH_MOVE r
1401951233443 6 4098 276.0 835.2832 0.3 5.0 5.0 5.0 5.0 0.0 0.18400002 2 TOUCH_MOVE r
1401951233448 6 4098 276.0 835.2832 0.3 5.0 5.0 5.0 5.0 0.0 0.18400002 1 TOUCH_UP r
1401951233875 6 4098 58.5 979.951 0.20000002 3.0 3.0 3.0 3.0 0.0 0.2 0 TOUCH_DOWN a
1401951233884 6 4098 58.5 979.951 0.20000002 3.0 3.0 3.0 3.0 0.0 0.208 2 TOUCH_MOVE a
1401951233954 6 4098 64.25 979.451 0.26666668 4.0 4.0 4.0 4.0 0.0 0.22000001 2 TOUCH_MOVE a
1401951233977 6 4098 61.336758 979.8668 0.20000002 3.0 3.0 3.0 3.0 0.0 0.2 2 TOUCH_MOVE a
1401951233985 6 4098 61.0 979.951 0.20000002 3.0 3.0 3.0 3.0 0.0 0.18400002 2 TOUCH_MOVE a
1401951233989 6 4098 61.0 979.951 0.20000002 3.0 3.0 3.0 3.0 0.0 0.18400002 1 TOUCH_UP a
1401951234360 6 4098 524.0 1077.9509 0.16666667 3.0 3.0 3.0 3.0 0.0 0.19600001 0 TOUCH_DOWN n
1401951234463 6 4098 524.0 1077.9509 0.16666667 3.0 3.0 3.0 3.0 0.0 0.18800001 2 TOUCH_MOVE n
1401951234471 6 4098 524.0 1077.9509 0.13333334 2.0 2.0 2.0 2.0 0.0 0.108 2 TOUCH_MOVE n
1401951234475 6 4098 524.0 1077.9509 0.13333334 2.0 2.0 2.0 2.0 0.0 0.108 1 TOUCH_UP n
1401951234676 6 4098 364.5 977.951 0.26666668 4.0 4.0 4.0 4.0 0.0 0.224 0 TOUCH_DOWN g
1401951234697 6 4098 364.5 977.951 0.3 5.0 5.0 5.0 5.0 0.0 0.22800002 2 TOUCH_MOVE g
1401951234741 6 4098 364.5 977.951 0.3 5.0 5.0 5.0 5.0 0.0 0.22800002 1 TOUCH_UP g
1401951234917 6 4098 378.0 1224.4509 0.23333335 4.0 4.0 4.0 4.0 0.0 0.19600001 0 TOUCH_DOWN Space
1401951234929 6 4098 378.0 1224.4509 0.23333335 4.0 4.0 4.0 4.0 0.0 0.2 2 TOUCH_MOVE Space
1401951234995 6 4098 378.0 1223.8859 0.23333335 4.0 4.0 4.0 4.0 0.0 0.2 2 TOUCH_MOVE Space
1401951235097 6 4098 378.5 1223.4509 0.23333335 4.0 4.0 4.0 4.0 0.0 0.164 2 TOUCH_MOVE Space
1401951235103 6 4098 378.5 1223.4509 0.23333335 4.0 4.0 4.0 4.0 0.0 0.164 1 TOUCH_UP Space
1401951235454 6 4098 363.5 1100.9509 0.23333335 4.0 4.0 4.0 4.0 0.0 0.21200001 0 TOUCH_DOWN v
1401951235462 6 4098 363.5 1100.9509 0.26666668 4.0 4.0 4.0 4.0 0.0 0.216 2 TOUCH_MOVE v
1401951235497 6 4098 363.5 1101.4708 0.26666668 4.0 4.0 4.0 4.0 0.0 0.22000001 2 TOUCH_MOVE v
1401951235515 6 4098 363.5 1102.2009 0.26666668 4.0 4.0 4.0 4.0 0.0 0.216 2 TOUCH_MOVE v
1401951235528 6 4098 364.0 1102.9685 0.23333335 4.0 4.0 4.0 4.0 0.0 0.18 2 TOUCH_MOVE v
1401951235534 6 4098 364.0 1102.9685 0.23333335 4.0 4.0 4.0 4.0 0.0 0.18 1 TOUCH_UP v
1401951235782 6 4098 195.5 854.451 0.20000002 4.0 4.0 4.0 4.0 0.0 0.21200001 0 TOUCH_DOWN e
1401951235799 6 4098 195.5 854.451 0.26666668 5.0 5.0 5.0 5.0 0.0 0.224 2 TOUCH_MOVE e
1401951235829 6 4098 199.69565 855.451 0.3 5.0 5.0 5.0 5.0 0.0 0.24400002 2 TOUCH_MOVE e
1401951235845 6 4098 201.39746 855.451 0.3 5.0 5.0 5.0 5.0 0.0 0.24000001 2 TOUCH_MOVE e
1401951235876 6 4098 201.39746 855.451 0.3 5.0 5.0 5.0 5.0 0.0 0.24000001 1 TOUCH_UP e
1401951236087 6 4098 374.5 1211.9509 0.23333335 4.0 4.0 4.0 4.0 0.0 0.192 0 TOUCH_DOWN Space
1401951236155 6 4098 374.5 1211.9509 0.23333335 4.0 4.0 4.0 4.0 0.0 0.14 2 TOUCH_MOVE Space
1401951236160 6 4098 374.5 1211.9509 0.23333335 4.0 4.0 4.0 4.0 0.0 0.14 1 TOUCH_UP Space
1401951236679 6 4098 588.5 957.951 0.16666667 3.0 3.0 3.0 3.0 0.0 0.18 0 TOUCH_DOWN k
1401951236705 6 4098 588.7103 957.951 0.23333335 4.0 4.0 4.0 4.0 0.0 0.18400002 2 TOUCH_MOVE k
1401951236713 6 4098 589.3963 957.5547 0.26666668 4.0 4.0 4.0 4.0 0.0 0.2 2 TOUCH_MOVE k
1401951236730 6 4098 590.37573 956.1995 0.26666668 4.0 4.0 4.0 4.0 0.0 0.21200001 2 TOUCH_MOVE k
1401951236746 6 4098 591.33954 955.11145 0.3 5.0 5.0 5.0 5.0 0.0 0.22800002 2 TOUCH_MOVE k
1401951236765 6 4098 592.0 954.2022 0.3 5.0 5.0 5.0 5.0 0.0 0.23200001 2 TOUCH_MOVE k
1401951236780 6 4098 592.0 953.701 0.3 5.0 5.0 5.0 5.0 0.0 0.23200001 2 TOUCH_MOVE k
1401951236816 6 4098 592.5398 953.951 0.26666668 4.0 4.0 4.0 4.0 0.0 0.224 2 TOUCH_MOVE k
1401951236830 6 4098 592.5 953.951 0.26666668 4.0 4.0 4.0 4.0 0.0 0.19600001 2 TOUCH_MOVE k
1401951236834 6 4098 592.5 953.951 0.26666668 4.0 4.0 4.0 4.0 0.0 0.19600001 1 TOUCH_UP k
1401951237091 6 4098 547.0 846.951 0.23333335 4.0 4.0 4.0 4.0 0.0 0.21200001 0 TOUCH_DOWN i
1401951237097 6 4098 547.0 846.951 0.3 5.0 5.0 5.0 5.0 0.0 0.22000001 2 TOUCH_MOVE i
1401951237166 6 4098 546.4231 846.951 0.3 5.0 5.0 5.0 5.0 0.0 0.23200001 2 TOUCH_MOVE i
1401951237180 6 4098 546.4231 846.951 0.3 5.0 5.0 5.0 5.0 0.0 0.23200001 1 TOUCH_UP i
1401951237413 6 4098 696.5 854.451 0.23333335 4.0 4.0 4.0 4.0 0.0 0.22000001 0 TOUCH_DOWN p
1401951237433 6 4098 696.5 854.451 0.26666668 4.0 4.0 4.0 4.0 0.0 0.224 2 TOUCH_MOVE p
1401951237447 6 4098 695.7079 854.451 0.26666668 4.0 4.0 4.0 4.0 0.0 0.23600002 2 TOUCH_MOVE p
1401951237464 6 4098 694.4712 854.451 0.3 5.0 5.0 5.0 5.0 0.0 0.23600002 2 TOUCH_MOVE p
1401951237480 6 4098 693.27783 854.451 0.3 5.0 5.0 5.0 5.0 0.0 0.23600002 2 TOUCH_MOVE p
1401951237503 6 4098 692.75 854.451 0.26666668 4.0 4.0 4.0 4.0 0.0 0.23600002 2 TOUCH_MOVE p
1401951237538 6 4098 692.75 854.451 0.26666668 4.0 4.0 4.0 4.0 0.0 0.23600002 1 TOUCH_UP p
1401951237827 6 4098 225.5 1232.4509 0.20000002 4.0 4.0 4.0 4.0 0.0 0.192 0 TOUCH_DOWN Space
1401951237857 6 4098 225.96237 1232.4509 0.20000002 4.0 4.0 4.0 4.0 0.0 0.19600001 2 TOUCH_MOVE Space
1401951237864 6 4098 228.49263 1231.5778 0.26666668 5.0 5.0 5.0 5.0 0.0 0.208 2 TOUCH_MOVE Space
1401951237881 6 4098 231.19675 1230.6025 0.26666668 5.0 5.0 5.0 5.0 0.0 0.21200001 2 TOUCH_MOVE Space
1401951237897 6 4098 233.62735 1229.6372 0.26666668 5.0 5.0 5.0 5.0 0.0 0.21200001 2 TOUCH_MOVE Space
1401951237917 6 4098 234.77618 1229.4509 0.26666668 5.0 5.0 5.0 5.0 0.0 0.21200001 2 TOUCH_MOVE Space
1401951237933 6 4098 235.5 1228.7197 0.23333335 4.0 4.0 4.0 4.0 0.0 0.208 2 TOUCH_MOVE Space
1401951237947 6 4098 235.5 1228.4509 0.20000002 3.0 3.0 3.0 3.0 0.0 0.104 2 TOUCH_MOVE Space
1401951237951 6 4098 235.5 1228.4509 0.20000002 3.0 3.0 3.0 3.0 0.0 0.104 1 TOUCH_UP Space
1401951238381 6 4098 330.5 808.451 0.3 5.0 5.0 5.0 5.0 0.0 0.216 0 TOUCH_DOWN t
1401951238420 6 4098 330.5 809.1293 0.3 5.0 5.0 5.0 5.0 0.0 0.21200001 2 TOUCH_MOVE t
1401951238424 6 4098 330.5 809.451 0.3 5.0 5.0 5.0 5.0 0.0 0.192 2 TOUCH_MOVE t
1401951238428 6 4098 330.5 809.451 0.3 5.0 5.0 5.0 5.0 0.0 0.192 1 TOUCH_UP t
1401951238571 6 4098 641.0 844.951 0.20000002 4.0 4.0 4.0 4.0 0.0 0.2 0 TOUCH_DOWN o
1401951238581 6 4098 641.0 844.951 0.26666668 4.0 4.0 4.0 4.0 0.0 0.21200001 2 TOUCH_MOVE o
1401951238601 6 4098 639.4483 843.9251 0.26666668 4.0 4.0 4.0 4.0 0.0 0.20400001 2 TOUCH_MOVE o
1401951238615 6 4098 634.0 841.951 0.26666668 4.0 4.0 4.0 4.0 0.0 0.18800001 2 TOUCH_MOVE o
1401951238631 6 4098 630.5 842.451 0.16666667 3.0 3.0 3.0 3.0 0.0 0.112 2 TOUCH_MOVE o
1401951238636 6 4098 630.5 842.451 0.16666667 3.0 3.0 3.0 3.0 0.0 0.112 1 TOUCH_UP o
1401951238823 6 4098 536.0 848.951 0.23333335 4.0 4.0 4.0 4.0 0.0 0.208 0 TOUCH_DOWN i
1401951238832 6 4098 536.0 848.951 0.23333335 4.0 4.0 4.0 4.0 0.0 0.21200001 2 TOUCH_MOVE i
1401951238882 6 4098 534.8336 848.951 0.26666668 4.0 4.0 4.0 4.0 0.0 0.224 2 TOUCH_MOVE i
1401951238900 6 4098 534.5 848.951 0.23333335 4.0 4.0 4.0 4.0 0.0 0.208 2 TOUCH_MOVE i
1401951238908 6 4098 534.5 848.951 0.13333334 2.0 2.0 2.0 2.0 0.0 0.18 2 TOUCH_MOVE i
1401951238914 6 4098 534.5 848.951 0.13333334 2.0 2.0 2.0 2.0 0.0 0.18 1 TOUCH_UP i
1401951239185 6 4098 252.0 1244.4509 0.13333334 3.0 3.0 3.0 3.0 0.0 0.18400002 0 TOUCH_DOWN Space
1401951239232 6 4098 252.0 1240.2125 0.20000002 4.0 4.0 4.0 4.0 0.0 0.192 2 TOUCH_MOVE Space
1401951239249 6 4098 251.6476 1238.5985 0.20000002 4.0 4.0 4.0 4.0 0.0 0.192 2 TOUCH_MOVE Space
1401951239267 6 4098 251.0 1238.4509 0.16666667 3.0 3.0 3.0 3.0 0.0 0.18800001 2 TOUCH_MOVE Space
1401951239282 6 4098 251.0 1238.4509 0.10000001 2.0 2.0 2.0 2.0 0.0 0.14 2 TOUCH_MOVE Space
1401951239287 6 4098 251.0 1238.4509 0.10000001 2.0 2.0 2.0 2.0 0.0 0.14 1 TOUCH_UP Space
1401951239740 6 4098 522.5 1084.9509 0.23333335 4.0 4.0 4.0 4.0 0.0 0.208 0 TOUCH_DOWN n
1401951239749 6 4098 522.5 1084.9509 0.23333335 4.0 4.0 4.0 4.0 0.0 0.22000001 2 TOUCH_MOVE n
1401951239833 6 4098 523.50635 1084.9509 0.26666668 4.0 4.0 4.0 4.0 0.0 0.22800002 2 TOUCH_MOVE n
1401951239850 6 4098 525.9071 1083.9819 0.23333335 4.0 4.0 4.0 4.0 0.0 0.22000001 2 TOUCH_MOVE n
1401951239879 6 4098 526.0 1083.9509 0.13333334 2.0 2.0 2.0 2.0 0.0 0.156 2 TOUCH_MOVE n
1401951239885 6 4098 526.0 1083.9509 0.13333334 2.0 2.0 2.0 2.0 0.0 0.156 1 TOUCH_UP n
1401951240143 6 4098 43.0 1004.951 0.26666668 5.0 5.0 5.0 5.0 0.0 0.18800001 0 TOUCH_DOWN a
1401951240154 6 4098 43.0 1004.24835 0.23333335 4.0 4.0 4.0 4.0 0.0 0.18800001 2 TOUCH_MOVE a
1401951240194 6 4098 45.289146 991.00525 0.20000002 3.0 3.0 3.0 3.0 0.0 0.2 2 TOUCH_MOVE a
1401951240200 6 4098 46.257122 987.1796 0.20000002 3.0 3.0 3.0 3.0 0.0 0.20400001 2 TOUCH_MOVE a
1401951240216 6 4098 47.223545 985.0039 0.20000002 3.0 3.0 3.0 3.0 0.0 0.208 2 TOUCH_MOVE a
1401951240233 6 4098 47.5 983.75635 0.20000002 3.0 3.0 3.0 3.0 0.0 0.208 2 TOUCH_MOVE a
1401951240250 6 4098 46.845284 982.79626 0.20000002 3.0 3.0 3.0 3.0 0.0 0.19600001 2 TOUCH_MOVE a
1401951240270 6 4098 41.23118 981.8412 0.20000002 3.0 3.0 3.0 3.0 0.0 0.16000001 2 TOUCH_MOVE a
1401951240274 6 4098 41.23118 981.8412 0.20000002 3.0 3.0 3.0 3.0 0.0 0.16000001 1 TOUCH_UP a
1401951240390 6 4098 398.5 844.951 0.26666668 4.0 4.0 4.0 4.0 0.0 0.208 0 TOUCH_DOWN y
1401951240400 6 4098 398.5 844.951 0.26666668 4.0 4.0 4.0 4.0 0.0 0.21200001 2 TOUCH_MOVE y
1401951240453 6 4098 398.5 844.951 0.26666668 4.0 4.0 4.0 4.0 0.0 0.21200001 1 TOUCH_UP y
