1401951900484 6 4098 357.5 977.951 0.23333335 4.0 4.0 4.0 4.0 0.0 0.21200001 0 TOUCH_DOWN G
1401951900505 6 4098 357.5 977.951 0.23333335 4.0 4.0 4.0 4.0 0.0 0.216 2 TOUCH_MOVE G
1401951900543 6 4098 357.5 977.951 0.23333335 4.0 4.0 4.0 4.0 0.0 0.216 1 TOUCH_UP G
1401951900777 6 4098 616.0 843.451 0.3 5.0 5.0 5.0 5.0 0.0 0.20400001 0 TOUCH_DOWN o
1401951900794 6 4098 616.0 843.451 0.3 5.0 5.0 5.0 5.0 0.0 0.21200001 2 TOUCH_MOVE o
1401951900878 6 4098 616.0 843.451 0.26666668 5.0 5.0 5.0 5.0 0.0 0.15200001 2 TOUCH_MOVE o
1401951900882 6 4098 616.0 843.451 0.26666668 5.0 5.0 5.0 5.0 0.0 0.15200001 1 TOUCH_UP o
1401951901025 6 4098 555.5 830.951 0.33333334 5.0 5.0 5.0 5.0 0.0 0.21200001 0 TOUCH_DOWN i
1401951901033 6 4098 555.5 830.951 0.33333334 5.0 5.0 5.0 5.0 0.0 0.224 2 TOUCH_MOVE i
1401951901106 6 4098 555.5 830.951 0.33333334 5.0 5.0 5.0 5.0 0.0 0.224 1 TOUCH_UP i
1401951901928 6 4098 666.0 1079.4509 0.23333335 5.0 5.0 5.0 5.0 0.0 0.192 0 TOUCH_DOWN Back
1401951901983 6 4098 666.0 1079.9285 0.23333335 5.0 5.0 5.0 5.0 0.0 0.208 2 TOUCH_MOVE Back
1401951902000 6 4098 666.0 1080.2009 0.23333335 5.0 5.0 5.0 5.0 0.0 0.20400001 2 TOUCH_MOVE Back
1401951902007 6 4098 666.0 1080.2009 0.23333335 5.0 5.0 5.0 5.0 0.0 0.20400001 1 TOUCH_UP Back
1401951902132 6 4098 666.5 1077.9509 0.23333335 5.0 5.0 5.0 5.0 0.0 0.19600001 0 TOUCH_DOWN Back
1401951902198 6 4098 666.5 1077.9509 0.23333335 5.0 5.0 5.0 5.0 0.0 0.19600001 1 TOUCH_UP Back
1401951902670 6 4098 543.5 822.951 0.3 5.0 5.0 5.0 5.0 0.0 0.216 0 TOUCH_DOWN i
1401951902746 6 4098 543.5 822.951 0.3 5.0 5.0 5.0 5.0 0.0 0.216 1 TOUCH_UP i
1401951902891 6 4098 618.5 826.951 0.33333334 5.0 5.0 5.0 5.0 0.0 0.208 0 TOUCH_DOWN o
1401951902901 6 4098 618.5 826.951 0.33333334 5.0 5.0 5.0 5.0 0.0 0.216 2 TOUCH_MOVE o
1401951902935 6 4098 618.5 828.31573 0.33333334 5.0 5.0 5.0 5.0 0.0 0.22000001 2 TOUCH_MOVE o
1401951902951 6 4098 618.5 829.201 0.33333334 5.0 5.0 5.0 5.0 0.0 0.20400001 2 TOUCH_MOVE o
1401951902960 6 4098 618.5 829.201 0.33333334 5.0 5.0 5.0 5.0 0.0 0.20400001 1 TOUCH_UP o
1401951903231 6 4098 225.5 1230.9509 0.23333335 4.0 4.0 4.0 4.0 0.0 0.18800001 0 TOUCH_DOWN Space
1401951903238 6 4098 225.5 1230.9509 0.23333335 4.0 4.0 4.0 4.0 0.0 0.192 2 TOUCH_MOVE Space
1401951903269 6 4098 226.12929 1230.4509 0.23333335 4.0 4.0 4.0 4.0 0.0 0.208 2 TOUCH_MOVE Space
1401951903284 6 4098 227.0734 1229.8776 0.23333335 4.0 4.0 4.0 4.0 0.0 0.21200001 2 TOUCH_MOVE Space
1401951903321 6 4098 227.75 1229.2009 0.26666668 5.0 5.0 5.0 5.0 0.0 0.21200001 2 TOUCH_MOVE Space
1401951903365 6 4098 227.75 1229.2009 0.26666668 5.0 5.0 5.0 5.0 0.0 0.21200001 1 TOUCH_UP Space
1401951903805 6 4098 318.0 836.951 0.33333334 5.0 5.0 5.0 5.0 0.0 0.21200001 0 TOUCH_DOWN t
1401951903818 6 4098 318.0 836.951 0.33333334 5.0 5.0 5.0 5.0 0.0 0.216 2 TOUCH_MOVE t
1401951903838 6 4098 319.25778 836.0721 0.33333334 5.0 5.0 5.0 5.0 0.0 0.22000001 2 TOUCH_MOVE t
1401951903854 6 4098 320.3372 835.1138 0.33333334 5.0 5.0 5.0 5.0 0.0 0.22000001 2 TOUCH_MOVE t
1401951903868 6 4098 321.25 834.951 0.33333334 5.0 5.0 5.0 5.0 0.0 0.20400001 2 TOUCH_MOVE t
1401951903878 6 4098 321.25 834.951 0.33333334 5.0 5.0 5.0 5.0 0.0 0.20400001 1 TOUCH_UP t
1401951904094 6 4098 444.5 950.451 0.3 5.0 5.0 5.0 5.0 0.0 0.208 0 TOUCH_DOWN h
1401951904152 6 4098 444.5 950.451 0.26666668 5.0 5.0 5.0 5.0 0.0 0.17600001 2 TOUCH_MOVE h
1401951904156 6 4098 444.5 950.451 0.26666668 5.0 5.0 5.0 5.0 0.0 0.17600001 1 TOUCH_UP h
1401951904497 6 4098 215.0 867.951 0.3 5.0 5.0 5.0 5.0 0.0 0.20400001 0 TOUCH_DOWN e
1401951904520 6 4098 215.0 868.3822 0.3 5.0 5.0 5.0 5.0 0.0 0.208 2 TOUCH_MOVE e
1401951904536 6 4098 215.0 869.2816 0.3 5.0 5.0 5.0 5.0 0.0 0.224 2 TOUCH_MOVE e
1401951904552 6 4098 214.70287 870.2481 0.3 5.0 5.0 5.0 5.0 0.0 0.22000001 2 TOUCH_MOVE e
1401951904571 6 4098 213.9401 871.0109 0.3 5.0 5.0 5.0 5.0 0.0 0.216 2 TOUCH_MOVE e
1401951904599 6 4098 212.0 871.451 0.20000002 3.0 3.0 3.0 3.0 0.0 0.124000005 2 TOUCH_MOVE e
1401951904604 6 4098 212.0 871.451 0.20000002 3.0 3.0 3.0 3.0 0.0 0.124000005 1 TOUCH_UP e
1401951904722 6 4098 628.0 846.951 0.23333335 4.0 4.0 4.0 4.0 0.0 0.216 0 TOUCH_DOWN o
1401951904801 6 4098 628.0 846.951 0.23333335 4.0 4.0 4.0 4.0 0.0 0.156 2 TOUCH_MOVE o
1401951904805 6 4098 628.0 846.951 0.23333335 4.0 4.0 4.0 4.0 0.0 0.156 1 TOUCH_UP o
1401951905356 6 4098 227.5 1235.4509 0.16666667 4.0 4.0 4.0 4.0 0.0 0.18 0 TOUCH_DOWN Space
1401951905370 6 4098 227.5 1235.4509 0.23333335 4.0 4.0 4.0 4.0 0.0 0.18400002 2 TOUCH_MOVE Space
1401951905386 6 4098 226.59505 1235.046 0.23333335 4.0 4.0 4.0 4.0 0.0 0.18400002 2 TOUCH_MOVE Space
1401951905404 6 4098 225.57689 1233.6047 0.23333335 4.0 4.0 4.0 4.0 0.0 0.18800001 2 TOUCH_MOVE Space
1401951905420 6 4098 224.61906 1232.57 0.23333335 4.0 4.0 4.0 4.0 0.0 0.18800001 2 TOUCH_MOVE Space
1401951905437 6 4098 224.5 1231.7009 0.23333335 4.0 4.0 4.0 4.0 0.0 0.18800001 2 TOUCH_MOVE Space
1401951905475 6 4098 224.5 1231.7009 0.23333335 4.0 4.0 4.0 4.0 0.0 0.18800001 1 TOUCH_UP Space
1401951905649 6 4098 648.0 981.951 0.26666668 4.0 4.0 4.0 4.0 0.0 0.2 0 TOUCH_DOWN l
1401951905687 6 4098 648.0 983.236 0.26666668 4.0 4.0 4.0 4.0 0.0 0.208 2 TOUCH_MOVE l
1401951905703 6 4098 648.7557 983.951 0.26666668 4.0 4.0 4.0 4.0 0.0 0.21200001 2 TOUCH_MOVE l
1401951905720 6 4098 650.0 983.451 0.23333335 4.0 4.0 4.0 4.0 0.0 0.18800001 2 TOUCH_MOVE l
1401951905728 6 4098 650.0 983.451 0.16666667 3.0 3.0 3.0 3.0 0.0 0.104 2 TOUCH_MOVE l
1401951905731 6 4098 650.0 983.451 0.16666667 3.0 3.0 3.0 3.0 0.0 0.104 1 TOUCH_UP l
1401951905947 6 4098 610.0 845.451 0.3 5.0 5.0 5.0 5.0 0.0 0.21200001 0 TOUCH_DOWN o
1401951905953 6 4098 610.0 845.451 0.3 5.0 5.0 5.0 5.0 0.0 0.22000001 2 TOUCH_MOVE o
1401951905972 6 4098 610.0 844.0794 0.3 5.0 5.0 5.0 5.0 0.0 0.23600002 2 TOUCH_MOVE o
1401951905989 6 4098 610.0 841.05005 0.33333334 5.0 5.0 5.0 5.0 0.0 0.23600002 2 TOUCH_MOVE o
1401951906004 6 4098 609.42096 838.2138 0.33333334 5.0 5.0 5.0 5.0 0.0 0.23600002 2 TOUCH_MOVE o
1401951906022 6 4098 608.4453 836.3417 0.3 5.0 5.0 5.0 5.0 0.0 0.20400001 2 TOUCH_MOVE o
1401951906031 6 4098 607.0 834.951 0.26666668 5.0 5.0 5.0 5.0 0.0 0.17600001 2 TOUCH_MOVE o
1401951906036 6 4098 607.0 834.951 0.26666668 5.0 5.0 5.0 5.0 0.0 0.17600001 1 TOUCH_UP o
1401951906169 6 4098 543.5 827.951 0.3 5.0 5.0 5.0 5.0 0.0 0.22000001 0 TOUCH_DOWN i
1401951906204 6 4098 543.5 827.951 0.33333334 5.0 5.0 5.0 5.0 0.0 0.24000001 2 TOUCH_MOVE i
1401951906220 6 4098 544.61957 827.951 0.33333334 5.0 5.0 5.0 5.0 0.0 0.22800002 2 TOUCH_MOVE i
1401951906238 6 4098 545.0 827.951 0.3 5.0 5.0 5.0 5.0 0.0 0.18400002 2 TOUCH_MOVE i
1401951906241 6 4098 545.0 827.951 0.3 5.0 5.0 5.0 5.0 0.0 0.18400002 1 TOUCH_UP i
1401951906353 6 4098 220.5 1232.9509 0.26666668 5.0 5.0 5.0 5.0 0.0 0.19600001 0 TOUCH_DOWN Space
1401951906389 6 4098 220.5 1232.6937 0.26666668 5.0 5.0 5.0 5.0 0.0 0.2 2 TOUCH_MOVE Space
1401951906404 6 4098 220.5 1231.2333 0.26666668 5.0 5.0 5.0 5.0 0.0 0.20400001 2 TOUCH_MOVE Space
1401951906421 6 4098 220.5 1230.7009 0.26666668 5.0 5.0 5.0 5.0 0.0 0.20400001 2 TOUCH_MOVE Space
1401951906445 6 4098 220.5 1230.7009 0.26666668 5.0 5.0 5.0 5.0 0.0 0.20400001 1 TOUCH_UP Space
1401951907026 6 4098 354.0 960.951 0.20000002 3.0 3.0 3.0 3.0 0.0 0.20400001 0 TOUCH_DOWN g
1401951907081 6 4098 353.25415 961.9427 0.20000002 3.0 3.0 3.0 3.0 0.0 0.2 2 TOUCH_MOVE g
1401951907088 6 4098 353.0 962.451 0.13333334 2.0 2.0 2.0 2.0 0.0 0.15200001 2 TOUCH_MOVE g
1401951907095 6 4098 353.0 962.451 0.13333334 2.0 2.0 2.0 2.0 0.0 0.15200001 1 TOUCH_UP g
1401951907292 6 4098 538.0 839.451 0.26666668 4.0 4.0 4.0 4.0 0.0 0.2 0 TOUCH_DOWN i
1401951907341 6 4098 538.0 839.451 0.26666668 4.0 4.0 4.0 4.0 0.0 0.20400001 2 TOUCH_MOVE i
1401951907348 6 4098 538.0 839.451 0.26666668 4.0 4.0 4.0 4.0 0.0 0.20400001 1 TOUCH_UP i
1401951907515 6 4098 599.5 837.951 0.26666668 4.0 4.0 4.0 4.0 0.0 0.22000001 0 TOUCH_DOWN o
1401951907525 6 4098 599.5 837.951 0.26666668 4.0 4.0 4.0 4.0 0.0 0.22800002 2 TOUCH_MOVE o
1401951907589 6 4098 600.59686 837.951 0.3 5.0 5.0 5.0 5.0 0.0 0.23600002 2 TOUCH_MOVE o
1401951907607 6 4098 602.55414 837.4329 0.3 5.0 5.0 5.0 5.0 0.0 0.216 2 TOUCH_MOVE o
1401951907616 6 4098 604.5 836.951 0.3 5.0 5.0 5.0 5.0 0.0 0.192 2 TOUCH_MOVE o
1401951907624 6 4098 604.5 836.951 0.3 5.0 5.0 5.0 5.0 0.0 0.192 1 TOUCH_UP o
1401951907870 6 4098 261.5 1252.9509 0.16666667 4.0 4.0 4.0 4.0 0.0 0.16000001 0 TOUCH_DOWN Space
1401951907917 6 4098 262.80112 1251.2493 0.16666667 4.0 4.0 4.0 4.0 0.0 0.18400002 2 TOUCH_MOVE Space
1401951907925 6 4098 264.7382 1247.9745 0.20000002 5.0 5.0 5.0 5.0 0.0 0.18800001 2 TOUCH_MOVE Space
1401951907940 6 4098 265.8273 1244.469 0.20000002 5.0 5.0 5.0 5.0 0.0 0.192 2 TOUCH_MOVE Space
1401951907955 6 4098 266.5 1242.3588 0.20000002 5.0 5.0 5.0 5.0 0.0 0.192 2 TOUCH_MOVE Space
1401951907972 6 4098 266.5 1241.3646 0.20000002 5.0 5.0 5.0 5.0 0.0 0.192 2 TOUCH_MOVE Space
1401951907989 6 4098 266.5 1240.7009 0.20000002 5.0 5.0 5.0 5.0 0.0 0.192 2 TOUCH_MOVE Space
1401951908011 6 4098 266.5 1240.7009 0.20000002 5.0 5.0 5.0 5.0 0.0 0.192 1 TOUCH_UP Space
1401951908267 6 4098 580.0 1073.4509 0.20000002 3.0 3.0 3.0 3.0 0.0 0.19600001 0 TOUCH_DOWN m
1401951908273 6 4098 580.0 1073.4509 0.23333335 4.0 4.0 4.0 4.0 0.0 0.208 2 TOUCH_MOVE m
1401951908339 6 4098 580.0 1074.8966 0.26666668 4.0 4.0 4.0 4.0 0.0 0.224 2 TOUCH_MOVE m
1401951908356 6 4098 580.0 1076.2708 0.26666668 4.0 4.0 4.0 4.0 0.0 0.22000001 2 TOUCH_MOVE m
1401951908373 6 4098 580.0 1078.1006 0.23333335 4.0 4.0 4.0 4.0 0.0 0.216 2 TOUCH_MOVE m
1401951908387 6 4098 580.0 1078.4509 0.16666667 3.0 3.0 3.0 3.0 0.0 0.18400002 2 TOUCH_MOVE m
1401951908390 6 4098 580.0 1078.4509 0.16666667 3.0 3.0 3.0 3.0 0.0 0.18400002 1 TOUCH_UP m
1401951908699 6 4098 43.5 988.951 0.23333335 4.0 4.0 4.0 4.0 0.0 0.18800001 0 TOUCH_DOWN a
1401951908756 6 4098 43.5 989.48334 0.23333335 4.0 4.0 4.0 4.0 0.0 0.2 2 TOUCH_MOVE a
1401951908782 6 4098 43.5 990.13525 0.23333335 4.0 4.0 4.0 4.0 0.0 0.2 2 TOUCH_MOVE a
1401951908794 6 4098 43.5 990.451 0.26666668 5.0 5.0 5.0 5.0 0.0 0.18800001 2 TOUCH_MOVE a
1401951908803 6 4098 43.5 990.451 0.26666668 5.0 5.0 5.0 5.0 0.0 0.18800001 1 TOUCH_UP a
1401951908979 6 4098 387.5 839.951 0.3 5.0 5.0 5.0 5.0 0.0 0.21200001 0 TOUCH_DOWN y
1401951909040 6 4098 388.5 840.451 0.26666668 4.0 4.0 4.0 4.0 0.0 0.192 2 TOUCH_MOVE y
1401951909044 6 4098 388.5 840.451 0.16666667 3.0 3.0 3.0 3.0 0.0 0.112 2 TOUCH_MOVE y
1401951909049 6 4098 388.5 840.451 0.16666667 3.0 3.0 3.0 3.0 0.0 0.112 1 TOUCH_UP y
1401951909359 6 4098 260.0 1243.9509 0.16666667 4.0 4.0 4.0 4.0 0.0 0.18800001 0 TOUCH_DOWN Space
1401951909399 6 4098 260.0 1241.7 0.20000002 4.0 4.0 4.0 4.0 0.0 0.2 2 TOUCH_MOVE Space
1401951909407 6 4098 260.0 1239.7688 0.20000002 4.0 4.0 4.0 4.0 0.0 0.2 2 TOUCH_MOVE Space
1401951909424 6 4098 260.0 1239.2009 0.20000002 4.0 4.0 4.0 4.0 0.0 0.192 2 TOUCH_MOVE Space
1401951909445 6 4098 260.0 1239.2009 0.20000002 4.0 4.0 4.0 4.0 0.0 0.192 1 TOUCH_UP Space
1401951909898 6 4098 209.5 977.951 0.26666668 5.0 5.0 5.0 5.0 0.0 0.216 0 TOUCH_DOWN d
1401951909930 6 4098 209.5 978.4291 0.3 5.0 5.0 5.0 5.0 0.0 0.216 2 TOUCH_MOVE d
1401951909940 6 4098 209.5 979.3624 0.3 5.0 5.0 5.0 5.0 0.0 0.224 2 TOUCH_MOVE d
1401951909958 6 4098 209.5 980.3306 0.3 5.0 5.0 5.0 5.0 0.0 0.22800002 2 TOUCH_MOVE d
1401951909977 6 4098 209.5 980.701 0.3 5.0 5.0 5.0 5.0 0.0 0.224 2 TOUCH_MOVE d
1401951909996 6 4098 209.5 980.701 0.3 5.0 5.0 5.0 5.0 0.0 0.224 1 TOUCH_UP d
1401951910170 6 4098 469.0 853.451 0.20000002 3.0 3.0 3.0 3.0 0.0 0.20400001 0 TOUCH_DOWN u
1401951910273 6 4098 469.0 853.451 0.20000002 3.0 3.0 3.0 3.0 0.0 0.20400001 1 TOUCH_UP u
1401951910482 6 4098 647.0 810.451 0.23333335 4.0 4.0 4.0 4.0 0.0 0.19600001 0 TOUCH_DOWN o
1401951910491 6 4098 647.0 810.6573 0.26666668 4.0 4.0 4.0 4.0 0.0 0.20400001 2 TOUCH_MOVE o
1401951910510 6 4098 647.0 811.7815 0.26666668 4.0 4.0 4.0 4.0 0.0 0.21200001 2 TOUCH_MOVE o
1401951910524 6 4098 647.0 813.69366 0.26666668 4.0 4.0 4.0 4.0 0.0 0.21200001 2 TOUCH_MOVE o
1401951910541 6 4098 646.5 815.6453 0.26666668 4.0 4.0 4.0 4.0 0.0 0.21200001 2 TOUCH_MOVE o
1401951910561 6 4098 645.3179 817.5724 0.20000002 4.0 4.0 4.0 4.0 0.0 0.19600001 2 TOUCH_MOVE o
1401951910569 6 4098 644.0 818.451 0.20000002 4.0 4.0 4.0 4.0 0.0 0.18 2 TOUCH_MOVE o
1401951910573 6 4098 644.0 818.451 0.20000002 4.0 4.0 4.0 4.0 0.0 0.18 1 TOUCH_UP o
1401951911012 6 4098 509.5 1091.9509 0.26666668 4.0 4.0 4.0 4.0 0.0 0.2 0 TOUCH_DOWN n
1401951911057 6 4098 509.0 1095.4277 0.3 5.0 5.0 5.0 5.0 0.0 0.216 2 TOUCH_MOVE n
1401951911079 6 4098 508.5 1096.4509 0.3 5.0 5.0 5.0 5.0 0.0 0.18 2 TOUCH_MOVE n
1401951911085 6 4098 508.5 1096.4509 0.3 5.0 5.0 5.0 5.0 0.0 0.18 1 TOUCH_UP n
1401951911171 6 4098 358.0 959.451 0.16666667 3.0 3.0 3.0 3.0 0.0 0.2 0 TOUCH_DOWN g
1401951911192 6 4098 358.0 959.451 0.20000002 4.0 4.0 4.0 4.0 0.0 0.2 2 TOUCH_MOVE g
1401951911209 6 4098 358.0 958.9106 0.26666668 4.0 4.0 4.0 4.0 0.0 0.21200001 2 TOUCH_MOVE g
1401951911226 6 4098 358.0 958.201 0.26666668 4.0 4.0 4.0 4.0 0.0 0.208 2 TOUCH_MOVE g
1401951911269 6 4098 358.0 958.201 0.26666668 4.0 4.0 4.0 4.0 0.0 0.208 1 TOUCH_UP g
1401951911683 6 4098 244.0 1234.9509 0.20000002 4.0 4.0 4.0 4.0 0.0 0.19600001 0 TOUCH_DOWN Space
1401951911714 6 4098 244.0 1234.6223 0.20000002 4.0 4.0 4.0 4.0 0.0 0.2 2 TOUCH_MOVE Space
1401951911729 6 4098 244.0 1233.9666 0.23333335 4.0 4.0 4.0 4.0 0.0 0.20400001 2 TOUCH_MOVE Space
1401951911742 6 4098 244.0 1233.0018 0.23333335 4.0 4.0 4.0 4.0 0.0 0.208 2 TOUCH_MOVE Space
1401951911763 6 4098 244.0 1232.7009 0.23333335 4.0 4.0 4.0 4.0 0.0 0.208 2 TOUCH_MOVE Space
1401951911794 6 4098 244.0 1233.4509 0.20000002 4.0 4.0 4.0 4.0 0.0 0.18800001 2 TOUCH_MOVE Space
1401951911798 6 4098 244.0 1233.4509 0.10000001 2.0 2.0 2.0 2.0 0.0 0.16000001 2 TOUCH_MOVE Space
1401951911802 6 4098 244.0 1233.4509 0.10000001 2.0 2.0 2.0 2.0 0.0 0.16000001 1 TOUCH_UP Space
1401951911937 6 4098 596.5 1081.9509 0.20000002 4.0 4.0 4.0 4.0 0.0 0.2 0 TOUCH_DOWN m
1401951911976 6 4098 595.6138 1082.8372 0.23333335 4.0 4.0 4.0 4.0 0.0 0.22800002 2 TOUCH_MOVE m
1401951911992 6 4098 594.64484 1083.8062 0.3 5.0 5.0 5.0 5.0 0.0 0.22800002 2 TOUCH_MOVE m
1401951912011 6 4098 593.6441 1084.3069 0.3 5.0 5.0 5.0 5.0 0.0 0.23200001 2 TOUCH_MOVE m
1401951912026 6 4098 593.1788 1084.9509 0.3 5.0 5.0 5.0 5.0 0.0 0.23200001 2 TOUCH_MOVE m
1401951912043 6 4098 592.75 1084.9509 0.26666668 4.0 4.0 4.0 4.0 0.0 0.23200001 2 TOUCH_MOVE m
1401951912073 6 4098 592.75 1084.9509 0.26666668 4.0 4.0 4.0 4.0 0.0 0.23200001 1 TOUCH_UP m
1401951912248 6 4098 51.0 978.451 0.20000002 3.0 3.0 3.0 3.0 0.0 0.192 0 TOUCH_DOWN a
1401951912281 6 4098 51.27712 979.7281 0.23333335 4.0 4.0 4.0 4.0 0.0 0.20400001 2 TOUCH_MOVE a
1401951912294 6 4098 52.23883 981.42865 0.23333335 4.0 4.0 4.0 4.0 0.0 0.20400001 2 TOUCH_MOVE a
1401951912313 6 4098 52.5 982.69775 0.23333335 4.0 4.0 4.0 4.0 0.0 0.19600001 2 TOUCH_MOVE a
1401951912323 6 4098 52.5 982.69775 0.23333335 4.0 4.0 4.0 4.0 0.0 0.19600001 1 TOUCH_UP a
1401951912562 6 4098 396.0 835.951 0.26666668 4.0 4.0 4.0 4.0 0.0 0.21200001 0 TOUCH_DOWN y
1401951912581 6 4098 396.0 835.951 0.3 5.0 5.0 5.0 5.0 0.0 0.22000001 2 TOUCH_MOVE y
1401951912636 6 4098 396.0 835.951 0.3 5.0 5.0 5.0 5.0 0.0 0.22000001 1 TOUCH_UP y
1401951913467 6 4098 678.0 1191.9509 0.20000002 4.0 4.0 4.0 4.0 0.0 0.192 0 TOUCH_DOWN Enter
1401951913482 6 4098 678.0 1191.9509 0.20000002 4.0 4.0 4.0 4.0 0.0 0.2 2 TOUCH_MOVE Enter
1401951913527 6 4098 678.5018 1191.4491 0.23333335 4.0 4.0 4.0 4.0 0.0 0.21200001 2 TOUCH_MOVE Enter
1401951913546 6 4098 679.4792 1190.4718 0.23333335 4.0 4.0 4.0 4.0 0.0 0.21200001 2 TOUCH_MOVE Enter
1401951913566 6 4098 681.2417 1189.537 0.23333335 4.0 4.0 4.0 4.0 0.0 0.208 2 TOUCH_MOVE Enter
1401951913577 6 4098 683.0 1188.9509 0.20000002 3.0 3.0 3.0 3.0 0.0 0.18400002 2 TOUCH_MOVE Enter
1401951913582 6 4098 683.0 1188.9509 0.13333334 2.0 2.0 2.0 2.0 0.0 0.116000004 2 TOUCH_MOVE Enter
1401951913585 6 4098 683.0 1188.9509 0.13333334 2.0 2.0 2.0 2.0 0.0 0.116000004 1 TOUCH_UP Enter
1401951914064 6 4098 208.0 963.451 0.26666668 5.0 5.0 5.0 5.0 0.0 0.208 0 TOUCH_DOWN D
1401951914091 6 4098 208.0 963.18524 0.23333335 4.0 4.0 4.0 4.0 0.0 0.208 2 TOUCH_MOVE D
1401951914097 6 4098 208.26347 962.6875 0.26666668 5.0 5.0 5.0 5.0 0.0 0.22000001 2 TOUCH_MOVE D
1401951914111 6 4098 209.22194 962.451 0.3 5.0 5.0 5.0 5.0 0.0 0.224 2 TOUCH_MOVE D
1401951914128 6 4098 210.19179 962.451 0.26666668 5.0 5.0 5.0 5.0 0.0 0.21200001 2 TOUCH_MOVE D
1401951914139 6 4098 210.19179 962.451 0.26666668 5.0 5.0 5.0 5.0 0.0 0.21200001 1 TOUCH_UP D
1401951914402 6 4098 602.5 843.951 0.23333335 4.0 4.0 4.0 4.0 0.0 0.2 0 TOUCH_DOWN o
1401951914411 6 4098 602.5 843.951 0.23333335 4.0 4.0 4.0 4.0 0.0 0.20400001 2 TOUCH_MOVE o
1401951914439 6 4098 603.5 844.451 0.23333335 5.0 5.0 5.0 5.0 0.0 0.18 2 TOUCH_MOVE o
1401951914443 6 4098 603.5 844.451 0.23333335 5.0 5.0 5.0 5.0 0.0 0.18 1 TOUCH_UP o
1401951914796 6 4098 513.0 1120.9509 0.26666668 4.0 4.0 4.0 4.0 0.0 0.208 0 TOUCH_DOWN n
1401951914816 6 4098 513.0 1120.9509 0.3 5.0 5.0 5.0 5.0 0.0 0.216 2 TOUCH_MOVE n
1401951914830 6 4098 513.0 1120.3065 0.3 5.0 5.0 5.0 5.0 0.0 0.224 2 TOUCH_MOVE n
1401951914845 6 4098 513.0 1119.344 0.3 5.0 5.0 5.0 5.0 0.0 0.224 2 TOUCH_MOVE n
1401951914862 6 4098 513.0 1118.7009 0.3 5.0 5.0 5.0 5.0 0.0 0.22000001 2 TOUCH_MOVE n
1401951914879 6 4098 513.0 1118.9509 0.23333335 4.0 4.0 4.0 4.0 0.0 0.172 2 TOUCH_MOVE n
1401951914883 6 4098 513.0 1118.9509 0.23333335 4.0 4.0 4.0 4.0 0.0 0.172 1 TOUCH_UP n
1401951915011 6 4098 363.5 954.951 0.26666668 4.0 4.0 4.0 4.0 0.0 0.21200001 0 TOUCH_DOWN g
1401951915048 6 4098 364.65106 953.7999 0.26666668 4.0 4.0 4.0 4.0 0.0 0.22000001 2 TOUCH_MOVE g
1401951915062 6 4098 365.62927 952.8217 0.26666668 4.0 4.0 4.0 4.0 0.0 0.224 2 TOUCH_MOVE g
1401951915089 6 4098 365.5 952.951 0.13333334 2.0 2.0 2.0 2.0 0.0 0.156 2 TOUCH_MOVE g
1401951915094 6 4098 365.5 952.951 0.13333334 2.0 2.0 2.0 2.0 0.0 0.156 1 TOUCH_UP g
1401951915576 6 4098 244.5 1218.4509 0.16666667 3.0 3.0 3.0 3.0 0.0 0.19600001 0 TOUCH_DOWN Space
1401951915589 6 4098 244.5 1218.4509 0.16666667 3.0 3.0 3.0 3.0 0.0 0.19600001 1 TOUCH_UP Space
1401951915691 6 4098 520.0 1102.4509 0.23333335 4.0 4.0 4.0 4.0 0.0 0.2 0 TOUCH_DOWN n
1401951915714 6 4098 520.0 1102.4509 0.26666668 4.0 4.0 4.0 4.0 0.0 0.21200001 2 TOUCH_MOVE n
1401951915801 6 4098 520.0 1102.4509 0.26666668 4.0 4.0 4.0 4.0 0.0 0.21200001 1 TOUCH_UP n
1401951916199 6 4098 435.5 839.451 0.26666668 4.0 4.0 4.0 4.0 0.0 0.224 0 TOUCH_DOWN u
1401951916224 6 4098 435.5 839.26605 0.33333334 5.0 5.0 5.0 5.0 0.0 0.23200001 2 TOUCH_MOVE u
1401951916230 6 4098 435.5 838.9313 0.33333334 5.0 5.0 5.0 5.0 0.0 0.23600002 2 TOUCH_MOVE u
1401951916247 6 4098 436.00894 838.442 0.3 5.0 5.0 5.0 5.0 0.0 0.22000001 2 TOUCH_MOVE u
1401951916266 6 4098 438.25 837.701 0.3 5.0 5.0 5.0 5.0 0.0 0.2 2 TOUCH_MOVE u
1401951916268 6 4098 437.5 837.951 0.20000002 3.0 3.0 3.0 3.0 0.0 0.108 2 TOUCH_MOVE u
1401951916271 6 4098 437.5 837.951 0.20000002 3.0 3.0 3.0 3.0 0.0 0.108 1 TOUCH_UP u
1401951916504 6 4098 604.0 828.451 0.3 5.0 5.0 5.0 5.0 0.0 0.208 0 TOUCH_DOWN o
1401951916562 6 4098 604.0 828.451 0.33333334 5.0 5.0 5.0 5.0 0.0 0.164 2 TOUCH_MOVE o
1401951916566 6 4098 604.0 828.451 0.33333334 5.0 5.0 5.0 5.0 0.0 0.164 1 TOUCH_UP o
1401951916798 6 4098 270.5 1089.4509 0.26666668 5.0 5.0 5.0 5.0 0.0 0.2 0 TOUCH_DOWN c
1401951916830 6 4098 271.0 1090.6769 0.26666668 5.0 5.0 5.0 5.0 0.0 0.20400001 2 TOUCH_MOVE c
1401951916848 6 4098 271.0 1091.8274 0.26666668 5.0 5.0 5.0 5.0 0.0 0.2 2 TOUCH_MOVE c
1401951916865 6 4098 270.5 1094.9509 0.3 5.0 5.0 5.0 5.0 0.0 0.18400002 2 TOUCH_MOVE c
1401951916869 6 4098 270.5 1094.9509 0.3 5.0 5.0 5.0 5.0 0.0 0.18400002 1 TOUCH_UP c
1401951917075 6 4098 260.5 1229.4509 0.23333335 4.0 4.0 4.0 4.0 0.0 0.19600001 0 TOUCH_DOWN Space
1401951917082 6 4098 260.5 1229.4509 0.23333335 4.0 4.0 4.0 4.0 0.0 0.2 2 TOUCH_MOVE Space
1401951917165 6 4098 259.9487 1229.4509 0.23333335 4.0 4.0 4.0 4.0 0.0 0.20400001 2 TOUCH_MOVE Space
1401951917177 6 4098 258.0 1228.9509 0.16666667 3.0 3.0 3.0 3.0 0.0 0.18400002 2 TOUCH_MOVE Space
1401951917187 6 4098 258.0 1228.9509 0.16666667 3.0 3.0 3.0 3.0 0.0 0.18400002 1 TOUCH_UP Space
1401951918188 6 4098 427.0 1086.9509 0.23333335 4.0 4.0 4.0 4.0 0.0 0.19600001 0 TOUCH_DOWN b
1401951918198 6 4098 427.0 1086.9509 0.23333335 4.0 4.0 4.0 4.0 0.0 0.2 2 TOUCH_MOVE b
1401951918233 6 4098 427.0 1088.0974 0.23333335 4.0 4.0 4.0 4.0 0.0 0.21200001 2 TOUCH_MOVE b
1401951918248 6 4098 427.0 1089.0626 0.23333335 4.0 4.0 4.0 4.0 0.0 0.20400001 2 TOUCH_MOVE b
1401951918266 6 4098 427.0 1089.8434 0.23333335 4.0 4.0 4.0 4.0 0.0 0.18800001 2 TOUCH_MOVE b
1401951918268 6 4098 427.0 1089.9509 0.20000002 3.0 3.0 3.0 3.0 0.0 0.112 2 TOUCH_MOVE b
1401951918273 6 4098 427.0 1089.9509 0.20000002 3.0 3.0 3.0 3.0 0.0 0.112 1 TOUCH_UP b
1401951918521 6 4098 460.0 831.951 0.3 5.0 5.0 5.0 5.0 0.0 0.216 0 TOUCH_DOWN u
1401951918534 6 4098 460.0 831.951 0.3 5.0 5.0 5.0 5.0 0.0 0.224 2 TOUCH_MOVE u
1401951918565 6 4098 460.0 831.045 0.3 5.0 5.0 5.0 5.0 0.0 0.23200001 2 TOUCH_MOVE u
1401951918582 6 4098 460.0 830.951 0.3 5.0 5.0 5.0 5.0 0.0 0.22800002 2 TOUCH_MOVE u
1401951918597 6 4098 460.0 830.951 0.16666667 3.0 3.0 3.0 3.0 0.0 0.1 2 TOUCH_MOVE u
1401951918601 6 4098 460.0 830.951 0.16666667 3.0 3.0 3.0 3.0 0.0 0.1 1 TOUCH_UP u
1401951918832 6 4098 641.5 823.451 0.23333335 5.0 5.0 5.0 5.0 0.0 0.20400001 0 TOUCH_DOWN o
1401951918852 6 4098 641.5 823.84283 0.3 5.0 5.0 5.0 5.0 0.0 0.216 2 TOUCH_MOVE o
1401951918866 6 4098 641.5 824.61804 0.3 5.0 5.0 5.0 5.0 0.0 0.22000001 2 TOUCH_MOVE o
1401951918893 6 4098 641.5 825.66376 0.3 5.0 5.0 5.0 5.0 0.0 0.21200001 2 TOUCH_MOVE o
1401951918900 6 4098 641.5 826.451 0.16666667 3.0 3.0 3.0 3.0 0.0 0.1 2 TOUCH_MOVE o
1401951918904 6 4098 641.5 826.451 0.16666667 3.0 3.0 3.0 3.0 0.0 0.1 1 TOUCH_UP o
1401951919289 6 4098 535.0 1085.4509 0.13333334 2.0 2.0 2.0 2.0 0.0 0.18 0 TOUCH_DOWN n
1401951919300 6 4098 535.0 1085.4509 0.16666667 3.0 3.0 3.0 3.0 0.0 0.192 2 TOUCH_MOVE n
1401951919333 6 4098 535.0 1086.6705 0.23333335 4.0 4.0 4.0 4.0 0.0 0.208 2 TOUCH_MOVE n
1401951919350 6 4098 535.0 1087.6312 0.23333335 4.0 4.0 4.0 4.0 0.0 0.208 2 TOUCH_MOVE n
1401951919370 6 4098 535.0 1088.3749 0.20000002 3.0 3.0 3.0 3.0 0.0 0.20400001 2 TOUCH_MOVE n
1401951919383 6 4098 533.2659 1090.802 0.16666667 3.0 3.0 3.0 3.0 0.0 0.18 2 TOUCH_MOVE n
1401951919392 6 4098 533.5 1090.4509 0.16666667 3.0 3.0 3.0 3.0 0.0 0.1 2 TOUCH_MOVE n
1401951919396 6 4098 533.5 1090.4509 0.16666667 3.0 3.0 3.0 3.0 0.0 0.1 1 TOUCH_UP n
1401951919910 6 4098 254.0 1220.4509 0.23333335 4.0 4.0 4.0 4.0 0.0 0.208 0 TOUCH_DOWN Space
1401951919936 6 4098 254.0 1220.4509 0.23333335 4.0 4.0 4.0 4.0 0.0 0.21200001 2 TOUCH_MOVE Space
1401951920000 6 4098 253.0 1220.4509 0.20000002 3.0 3.0 3.0 3.0 0.0 0.2 2 TOUCH_MOVE Space
1401951920008 6 4098 253.0 1220.4509 0.13333334 2.0 2.0 2.0 2.0 0.0 0.112 2 TOUCH_MOVE Space
1401951920014 6 4098 253.0 1220.4509 0.13333334 2.0 2.0 2.0 2.0 0.0 0.112 1 TOUCH_UP Space
1401951920374 6 4098 333.5 823.951 0.33333334 5.0 5.0 5.0 5.0 0.0 0.216 0 TOUCH_DOWN t
1401951920427 6 4098 333.5 823.951 0.33333334 5.0 5.0 5.0 5.0 0.0 0.216 1 TOUCH_UP t
1401951920527 6 4098 425.0 953.951 0.26666668 4.0 4.0 4.0 4.0 0.0 0.208 0 TOUCH_DOWN h
1401951920534 6 4098 425.0 953.951 0.3 5.0 5.0 5.0 5.0 0.0 0.22000001 2 TOUCH_MOVE h
1401951920568 6 4098 426.49673 951.4575 0.3 5.0 5.0 5.0 5.0 0.0 0.22800002 2 TOUCH_MOVE h
1401951920584 6 4098 427.4547 949.54156 0.3 5.0 5.0 5.0 5.0 0.0 0.224 2 TOUCH_MOVE h
1401951920596 6 4098 428.5 948.451 0.3 5.0 5.0 5.0 5.0 0.0 0.192 2 TOUCH_MOVE h
1401951920600 6 4098 428.5 948.451 0.3 5.0 5.0 5.0 5.0 0.0 0.192 1 TOUCH_UP h
1401951920802 6 4098 534.5 842.451 0.26666668 4.0 4.0 4.0 4.0 0.0 0.216 0 TOUCH_DOWN i
1401951920825 6 4098 534.5 842.13635 0.26666668 4.0 4.0 4.0 4.0 0.0 0.22000001 2 TOUCH_MOVE i
1401951920834 6 4098 534.5 841.5468 0.26666668 4.0 4.0 4.0 4.0 0.0 0.22800002 2 TOUCH_MOVE i
1401951920852 6 4098 534.5 840.5828 0.26666668 4.0 4.0 4.0 4.0 0.0 0.224 2 TOUCH_MOVE i
1401951920868 6 4098 534.5 840.201 0.26666668 4.0 4.0 4.0 4.0 0.0 0.216 2 TOUCH_MOVE i
1401951920880 6 4098 534.5 840.201 0.26666668 4.0 4.0 4.0 4.0 0.0 0.216 1 TOUCH_UP i
1401951921005 6 4098 451.0 847.951 0.26666668 4.0 4.0 4.0 4.0 0.0 0.21200001 0 TOUCH_DOWN u
1401951921018 6 4098 451.0 847.951 0.3 5.0 5.0 5.0 5.0 0.0 0.224 2 TOUCH_MOVE u
1401951921068 6 4098 452.39053 847.0605 0.3 5.0 5.0 5.0 5.0 0.0 0.224 2 TOUCH_MOVE u
1401951921085 6 4098 452.5 846.951 0.20000002 3.0 3.0 3.0 3.0 0.0 0.120000005 2 TOUCH_MOVE u
1401951921088 6 4098 452.5 846.951 0.20000002 3.0 3.0 3.0 3.0 0.0 0.120000005 1 TOUCH_UP u
1401951921221 6 4098 266.0 1228.9509 0.26666668 5.0 5.0 5.0 5.0 0.0 0.20400001 0 TOUCH_DOWN Space
1401951921237 6 4098 266.0 1228.9509 0.26666668 5.0 5.0 5.0 5.0 0.0 0.208 2 TOUCH_MOVE Space
1401951921307 6 4098 266.0 1228.9509 0.20000002 4.0 4.0 4.0 4.0 0.0 0.18400002 2 TOUCH_MOVE Space
1401951921318 6 4098 266.0 1228.9509 0.20000002 4.0 4.0 4.0 4.0 0.0 0.18400002 1 TOUCH_UP Space
1401951921872 6 4098 444.0 958.451 0.3 5.0 5.0 5.0 5.0 0.0 0.216 0 TOUCH_DOWN h
1401951921885 6 4098 444.0 958.451 0.3 5.0 5.0 5.0 5.0 0.0 0.224 2 TOUCH_MOVE h
1401951921953 6 4098 444.0 958.451 0.3 5.0 5.0 5.0 5.0 0.0 0.224 1 TOUCH_UP h
1401951922216 6 4098 631.0 822.451 0.23333335 4.0 4.0 4.0 4.0 0.0 0.18800001 0 TOUCH_DOWN o
1401951922288 6 4098 631.0 822.451 0.23333335 4.0 4.0 4.0 4.0 0.0 0.18800001 1 TOUCH_UP o
1401951922433 6 4098 63.5 968.451 0.16666667 3.0 3.0 3.0 3.0 0.0 0.192 0 TOUCH_DOWN a
1401951922453 6 4098 63.5 968.451 0.16666667 3.0 3.0 3.0 3.0 0.0 0.19600001 2 TOUCH_MOVE a
1401951922504 6 4098 62.77096 968.68005 0.16666667 3.0 3.0 3.0 3.0 0.0 0.2 2 TOUCH_MOVE a
1401951922513 6 4098 62.5 968.951 0.16666667 3.0 3.0 3.0 3.0 0.0 0.18400002 2 TOUCH_MOVE a
1401951922520 6 4098 62.5 968.951 0.16666667 3.0 3.0 3.0 3.0 0.0 0.18400002 1 TOUCH_UP a
1401951922928 6 4098 264.0 1241.4509 0.16666667 4.0 4.0 4.0 4.0 0.0 0.18400002 0 TOUCH_DOWN Space
1401951922988 6 4098 263.0 1241.4509 0.13333334 3.0 3.0 3.0 3.0 0.0 0.17600001 2 TOUCH_MOVE Space
1401951922992 6 4098 263.0 1241.4509 0.13333334 3.0 3.0 3.0 3.0 0.0 0.17600001 1 TOUCH_UP Space
1401951923306 6 4098 444.0 1076.4509 0.23333335 5.0 5.0 5.0 5.0 0.0 0.2 0 TOUCH_DOWN b
1401951923387 6 4098 444.0 1076.4509 0.23333335 5.0 5.0 5.0 5.0 0.0 0.192 2 TOUCH_MOVE b
1401951923393 6 4098 444.0 1076.4509 0.23333335 5.0 5.0 5.0 5.0 0.0 0.148 2 TOUCH_MOVE b
1401951923396 6 4098 444.0 1076.4509 0.23333335 5.0 5.0 5.0 5.0 0.0 0.148 1 TOUCH_UP b
1401951923571 6 4098 51.0 964.951 0.16666667 3.0 3.0 3.0 3.0 0.0 0.19600001 0 TOUCH_DOWN a
1401951923592 6 4098 51.0 964.951 0.16666667 3.0 3.0 3.0 3.0 0.0 0.2 2 TOUCH_MOVE a
1401951923630 6 4098 51.0 964.951 0.16666667 3.0 3.0 3.0 3.0 0.0 0.2 1 TOUCH_UP a
1401951923742 6 4098 699.0 811.451 0.20000002 4.0 4.0 4.0 4.0 0.0 0.208 0 TOUCH_DOWN p
1401951923755 6 4098 699.0 811.451 0.26666668 4.0 4.0 4.0 4.0 0.0 0.216 2 TOUCH_MOVE p
1401951923787 6 4098 699.0 813.8492 0.26666668 4.0 4.0 4.0 4.0 0.0 0.23200001 2 TOUCH_MOVE p
1401951923803 6 4098 699.3403 814.79126 0.26666668 4.0 4.0 4.0 4.0 0.0 0.22800002 2 TOUCH_MOVE p
1401951923822 6 4098 700.2021 815.6531 0.23333335 4.0 4.0 4.0 4.0 0.0 0.208 2 TOUCH_MOVE p
1401951923826 6 4098 701.0 815.951 0.23333335 4.0 4.0 4.0 4.0 0.0 0.18 2 TOUCH_MOVE p
1401951923843 6 4098 701.0 815.951 0.23333335 4.0 4.0 4.0 4.0 0.0 0.18 1 TOUCH_UP p
1401951924097 6 4098 227.0 1247.4509 0.16666667 4.0 4.0 4.0 4.0 0.0 0.18400002 0 TOUCH_DOWN Space
1401951924104 6 4098 227.0 1247.4509 0.16666667 4.0 4.0 4.0 4.0 0.0 0.18800001 2 TOUCH_MOVE Space
1401951924132 6 4098 226.83904 1246.7899 0.16666667 4.0 4.0 4.0 4.0 0.0 0.18800001 2 TOUCH_MOVE Space
1401951924139 6 4098 226.5 1245.8191 0.16666667 4.0 4.0 4.0 4.0 0.0 0.18800001 2 TOUCH_MOVE Space
1401951924158 6 4098 226.5 1245.8191 0.16666667 4.0 4.0 4.0 4.0 0.0 0.18800001 1 TOUCH_UP Space
1401951924494 6 4098 632.0 957.451 0.23333335 4.0 4.0 4.0 4.0 0.0 0.208 0 TOUCH_DOWN l
1401951924586 6 4098 632.0 957.451 0.23333335 4.0 4.0 4.0 4.0 0.0 0.208 1 TOUCH_UP l
1401951924802 6 4098 53.0 960.451 0.20000002 3.0 3.0 3.0 3.0 0.0 0.18800001 0 TOUCH_DOWN a
1401951924826 6 4098 53.0 960.451 0.20000002 3.0 3.0 3.0 3.0 0.0 0.18800001 1 TOUCH_UP a
1401951925003 6 4098 390.0 846.951 0.3 5.0 5.0 5.0 5.0 0.0 0.216 0 TOUCH_DOWN y
1401951925025 6 4098 390.33847 846.61255 0.26666668 4.0 4.0 4.0 4.0 0.0 0.224 2 TOUCH_MOVE y
1401951925038 6 4098 392.43192 845.163 0.33333334 5.0 5.0 5.0 5.0 0.0 0.23600002 2 TOUCH_MOVE y
1401951925070 6 4098 395.3145 842.24133 0.3 5.0 5.0 5.0 5.0 0.0 0.23200001 2 TOUCH_MOVE y
1401951925088 6 4098 399.53784 840.451 0.13333334 2.0 2.0 2.0 2.0 0.0 0.124000005 2 TOUCH_MOVE y
1401951925093 6 4098 399.53784 840.451 0.13333334 2.0 2.0 2.0 2.0 0.0 0.124000005 1 TOUCH_UP y
1401951926163 6 4098 707.5 1196.4509 0.16666667 3.0 3.0 3.0 3.0 0.0 0.18800001 0 TOUCH_DOWN Enter
1401951926190 6 4098 707.5 1196.4509 0.16666667 3.0 3.0 3.0 3.0 0.0 0.2 2 TOUCH_MOVE Enter
1401951926206 6 4098 706.4258 1197.5251 0.16666667 3.0 3.0 3.0 3.0 0.0 0.20400001 2 TOUCH_MOVE Enter
1401951926222 6 4098 704.4577 1198.972 0.23333335 4.0 4.0 4.0 4.0 0.0 0.208 2 TOUCH_MOVE Enter
1401951926239 6 4098 703.0032 1199.9478 0.20000002 4.0 4.0 4.0 4.0 0.0 0.20400001 2 TOUCH_MOVE Enter
1401951926256 6 4098 703.0 1200.7009 0.20000002 4.0 4.0 4.0 4.0 0.0 0.2 2 TOUCH_MOVE Enter
1401951926269 6 4098 703.0 1200.7009 0.20000002 4.0 4.0 4.0 4.0 0.0 0.2 1 TOUCH_UP Enter
1401951927106 6 4098 337.5 828.451 0.3 5.0 5.0 5.0 5.0 0.0 0.20400001 0 TOUCH_DOWN T
1401951927117 6 4098 339.0 830.951 0.26666668 4.0 4.0 4.0 4.0 0.0 0.18400002 2 TOUCH_MOVE T
1401951927125 6 4098 339.0 830.951 0.26666668 4.0 4.0 4.0 4.0 0.0 0.18400002 1 TOUCH_UP T
1401951927227 6 4098 409.5 967.951 0.16666667 3.0 3.0 3.0 3.0 0.0 0.2 0 TOUCH_DOWN h
1401951927242 6 4098 409.5 967.951 0.20000002 3.0 3.0 3.0 3.0 0.0 0.208 2 TOUCH_MOVE h
1401951927290 6 4098 411.3623 967.26984 0.20000002 3.0 3.0 3.0 3.0 0.0 0.20400001 2 TOUCH_MOVE h
1401951927299 6 4098 412.5 965.951 0.16666667 3.0 3.0 3.0 3.0 0.0 0.18400002 2 TOUCH_MOVE h
1401951927302 6 4098 412.5 965.951 0.16666667 3.0 3.0 3.0 3.0 0.0 0.18400002 1 TOUCH_UP h
1401951927493 6 4098 471.5 852.951 0.23333335 4.0 4.0 4.0 4.0 0.0 0.216 0 TOUCH_DOWN u
1401951927507 6 4098 471.5 852.951 0.26666668 4.0 4.0 4.0 4.0 0.0 0.22800002 2 TOUCH_MOVE u
1401951927590 6 4098 467.28894 852.951 0.20000002 4.0 4.0 4.0 4.0 0.0 0.18 2 TOUCH_MOVE u
1401951927595 6 4098 467.28894 852.951 0.20000002 4.0 4.0 4.0 4.0 0.0 0.18 1 TOUCH_UP u
1401951927730 6 4098 412.0 845.951 0.26666668 4.0 4.0 4.0 4.0 0.0 0.224 0 TOUCH_DOWN y
1401951927741 6 4098 412.0 845.951 0.26666668 4.0 4.0 4.0 4.0 0.0 0.22800002 2 TOUCH_MOVE y
1401951927774 6 4098 413.1085 844.8425 0.3 5.0 5.0 5.0 5.0 0.0 0.24000001 2 TOUCH_MOVE y
1401951927790 6 4098 414.07806 844.451 0.26666668 4.0 4.0 4.0 4.0 0.0 0.216 2 TOUCH_MOVE y
1401951927801 6 4098 414.0 844.451 0.16666667 3.0 3.0 3.0 3.0 0.0 0.18400002 2 TOUCH_MOVE y
1401951927805 6 4098 414.0 844.451 0.16666667 3.0 3.0 3.0 3.0 0.0 0.18400002 1 TOUCH_UP y
1401951928018 6 4098 184.5 831.951 0.3 5.0 5.0 5.0 5.0 0.0 0.216 0 TOUCH_DOWN e
1401951928024 6 4098 184.5 831.951 0.3 5.0 5.0 5.0 5.0 0.0 0.22000001 2 TOUCH_MOVE e
1401951928104 6 4098 184.0 831.951 0.23333335 4.0 4.0 4.0 4.0 0.0 0.164 2 TOUCH_MOVE e
1401951928107 6 4098 184.0 831.951 0.23333335 4.0 4.0 4.0 4.0 0.0 0.164 1 TOUCH_UP e
1401951928571 6 4098 512.0 1084.4509 0.20000002 4.0 4.0 4.0 4.0 0.0 0.18400002 0 TOUCH_DOWN n
1401951928582 6 4098 512.0 1085.3022 0.20000002 4.0 4.0 4.0 4.0 0.0 0.192 2 TOUCH_MOVE n
1401951928598 6 4098 512.0 1085.4509 0.20000002 4.0 4.0 4.0 4.0 0.0 0.148 2 TOUCH_MOVE n
1401951928602 6 4098 512.0 1085.4509 0.20000002 4.0 4.0 4.0 4.0 0.0 0.148 1 TOUCH_UP n
1401951928966 6 4098 276.5 1202.4509 0.26666668 5.0 5.0 5.0 5.0 0.0 0.216 0 TOUCH_DOWN Space
1401951928992 6 4098 276.5 1202.4509 0.26666668 5.0 5.0 5.0 5.0 0.0 0.224 2 TOUCH_MOVE Space
1401951929059 6 4098 276.5 1203.4509 0.26666668 5.0 5.0 5.0 5.0 0.0 0.216 2 TOUCH_MOVE Space
1401951929067 6 4098 276.5 1203.4509 0.23333335 5.0 5.0 5.0 5.0 0.0 0.18800001 2 TOUCH_MOVE Space
1401951929072 6 4098 276.5 1203.4509 0.23333335 5.0 5.0 5.0 5.0 0.0 0.18800001 1 TOUCH_UP Space
1401951929498 6 4098 40.5 958.451 0.20000002 3.0 3.0 3.0 3.0 0.0 0.18800001 0 TOUCH_DOWN a
1401951929523 6 4098 41.358006 958.451 0.23333335 4.0 4.0 4.0 4.0 0.0 0.19600001 2 TOUCH_MOVE a
1401951929552 6 4098 43.722935 958.451 0.23333335 4.0 4.0 4.0 4.0 0.0 0.208 2 TOUCH_MOVE a
1401951929564 6 4098 43.5 958.951 0.20000002 3.0 3.0 3.0 3.0 0.0 0.192 2 TOUCH_MOVE a
1401951929567 6 4098 43.5 958.951 0.16666667 3.0 3.0 3.0 3.0 0.0 0.15200001 2 TOUCH_MOVE a
1401951929570 6 4098 43.5 958.951 0.16666667 3.0 3.0 3.0 3.0 0.0 0.15200001 1 TOUCH_UP a
1401951929789 6 4098 539.5 841.951 0.26666668 4.0 4.0 4.0 4.0 0.0 0.18400002 0 TOUCH_DOWN i
1401951929790 6 4098 539.5 841.951 0.23333335 4.0 4.0 4.0 4.0 0.0 0.16800001 2 TOUCH_MOVE i
1401951929794 6 4098 539.5 841.951 0.23333335 4.0 4.0 4.0 4.0 0.0 0.16800001 1 TOUCH_UP i
1401951930347 6 4098 266.0 1241.9509 0.16666667 4.0 4.0 4.0 4.0 0.0 0.18800001 0 TOUCH_DOWN Space
1401951930362 6 4098 266.0 1241.9509 0.20000002 5.0 5.0 5.0 5.0 0.0 0.18800001 2 TOUCH_MOVE Space
1401951930400 6 4098 266.0 1241.3671 0.16666667 4.0 4.0 4.0 4.0 0.0 0.18400002 2 TOUCH_MOVE Space
1401951930413 6 4098 266.0 1241.3671 0.16666667 4.0 4.0 4.0 4.0 0.0 0.18400002 1 TOUCH_UP Space
1401951931439 6 4098 213.0 976.951 0.26666668 5.0 5.0 5.0 5.0 0.0 0.22000001 0 TOUCH_DOWN d
1401951931471 6 4098 213.0 977.55756 0.3 5.0 5.0 5.0 5.0 0.0 0.22800002 2 TOUCH_MOVE d
1401951931481 6 4098 213.0 977.451 0.20000002 4.0 4.0 4.0 4.0 0.0 0.18800001 2 TOUCH_MOVE d
1401951931487 6 4098 213.0 977.451 0.20000002 4.0 4.0 4.0 4.0 0.0 0.18800001 1 TOUCH_UP d
1401951931710 6 4098 55.5 972.951 0.16666667 3.0 3.0 3.0 3.0 0.0 0.192 0 TOUCH_DOWN a
1401951931749 6 4098 55.5 975.17645 0.23333335 4.0 4.0 4.0 4.0 0.0 0.21200001 2 TOUCH_MOVE a
1401951931763 6 4098 55.5 977.08734 0.23333335 4.0 4.0 4.0 4.0 0.0 0.216 2 TOUCH_MOVE a
1401951931779 6 4098 55.5 978.1928 0.23333335 4.0 4.0 4.0 4.0 0.0 0.216 2 TOUCH_MOVE a
1401951931794 6 4098 53.988094 979.204 0.20000002 3.0 3.0 3.0 3.0 0.0 0.20400001 2 TOUCH_MOVE a
1401951931802 6 4098 53.0 979.451 0.20000002 3.0 3.0 3.0 3.0 0.0 0.18400002 2 TOUCH_MOVE a
1401951931806 6 4098 53.0 979.451 0.20000002 3.0 3.0 3.0 3.0 0.0 0.18400002 1 TOUCH_UP a
1401951931922 6 4098 474.0 828.451 0.26666668 5.0 5.0 5.0 5.0 0.0 0.216 0 TOUCH_DOWN u
1401951932017 6 4098 474.0 828.451 0.26666668 5.0 5.0 5.0 5.0 0.0 0.216 1 TOUCH_UP u
1401951932321 6 4098 242.5 1219.9509 0.16666667 3.0 3.0 3.0 3.0 0.0 0.18400002 0 TOUCH_DOWN Space
1401951932350 6 4098 242.5 1219.9509 0.16666667 3.0 3.0 3.0 3.0 0.0 0.18400002 1 TOUCH_UP Space
1401951932644 6 4098 438.0 1076.9509 0.20000002 4.0 4.0 4.0 4.0 0.0 0.19600001 0 TOUCH_DOWN b
1401951932717 6 4098 438.0 1076.9509 0.20000002 4.0 4.0 4.0 4.0 0.0 0.18 2 TOUCH_MOVE b
1401951932720 6 4098 438.0 1076.9509 0.16666667 3.0 3.0 3.0 3.0 0.0 0.1 2 TOUCH_MOVE b
1401951932723 6 4098 438.0 1076.9509 0.16666667 3.0 3.0 3.0 3.0 0.0 0.1 1 TOUCH_UP b
1401951932938 6 4098 166.5 854.451 0.23333335 5.0 5.0 5.0 5.0 0.0 0.21200001 0 TOUCH_DOWN e
1401951932948 6 4098 166.5 854.451 0.26666668 5.0 5.0 5.0 5.0 0.0 0.216 2 TOUCH_MOVE e
1401951932979 6 4098 168.7657 854.451 0.3 5.0 5.0 5.0 5.0 0.0 0.23200001 2 TOUCH_MOVE e
1401951932996 6 4098 170.69434 854.451 0.3 5.0 5.0 5.0 5.0 0.0 0.23200001 2 TOUCH_MOVE e
1401951933012 6 4098 171.25 854.451 0.3 5.0 5.0 5.0 5.0 0.0 0.23200001 2 TOUCH_MOVE e
1401951933029 6 4098 170.49333 854.95764 0.26666668 5.0 5.0 5.0 5.0 0.0 0.21200001 2 TOUCH_MOVE e
1401951933040 6 4098 169.0 855.951 0.23333335 5.0 5.0 5.0 5.0 0.0 0.192 2 TOUCH_MOVE e
1401951933044 6 4098 169.0 855.951 0.23333335 5.0 5.0 5.0 5.0 0.0 0.192 1 TOUCH_UP e
1401951933197 6 4098 537.5 1102.9509 0.26666668 4.0 4.0 4.0 4.0 0.0 0.216 0 TOUCH_DOWN m
1401951933228 6 4098 537.5 1102.9509 0.3 5.0 5.0 5.0 5.0 0.0 0.224 2 TOUCH_MOVE m
1401951933246 6 4098 537.5 1103.9991 0.3 5.0 5.0 5.0 5.0 0.0 0.23200001 2 TOUCH_MOVE m
1401951933268 6 4098 537.17395 1104.777 0.3 5.0 5.0 5.0 5.0 0.0 0.23200001 2 TOUCH_MOVE m
1401951933280 6 4098 536.0447 1105.4509 0.3 5.0 5.0 5.0 5.0 0.0 0.224 2 TOUCH_MOVE m
1401951933291 6 4098 536.0 1105.4509 0.23333335 5.0 5.0 5.0 5.0 0.0 0.18 2 TOUCH_MOVE m
1401951933295 6 4098 536.0 1105.4509 0.23333335 5.0 5.0 5.0 5.0 0.0 0.18 1 TOUCH_UP m
1401951934664 6 4098 521.0 1095.9509 0.23333335 4.0 4.0 4.0 4.0 0.0 0.19600001 0 TOUCH_DOWN n
1401951934680 6 4098 521.0 1095.9509 0.23333335 4.0 4.0 4.0 4.0 0.0 0.21200001 2 TOUCH_MOVE n
1401951934698 6 4098 521.0 1096.7894 0.3 5.0 5.0 5.0 5.0 0.0 0.23200001 2 TOUCH_MOVE n
1401951934714 6 4098 521.0 1097.7572 0.3 5.0 5.0 5.0 5.0 0.0 0.23600002 2 TOUCH_MOVE n
1401951934732 6 4098 521.7595 1098.7104 0.33333334 5.0 5.0 5.0 5.0 0.0 0.24000001 2 TOUCH_MOVE n
1401951934748 6 4098 522.21625 1099.4509 0.3 5.0 5.0 5.0 5.0 0.0 0.23600002 2 TOUCH_MOVE n
1401951934767 6 4098 523.1968 1099.4509 0.26666668 4.0 4.0 4.0 4.0 0.0 0.23200001 2 TOUCH_MOVE n
1401951934781 6 4098 523.5 1099.4509 0.20000002 4.0 4.0 4.0 4.0 0.0 0.18 2 TOUCH_MOVE n
1401951934783 6 4098 523.5 1099.4509 0.20000002 4.0 4.0 4.0 4.0 0.0 0.18 1 TOUCH_UP n
1401951935282 6 4098 689.5 1114.4509 0.3 5.0 5.0 5.0 5.0 0.0 0.2 0 TOUCH_DOWN Back
1401951935300 6 4098 689.5 1114.4509 0.3 5.0 5.0 5.0 5.0 0.0 0.208 2 TOUCH_MOVE Back
1401951935331 6 4098 688.0508 1114.9509 0.3 5.0 5.0 5.0 5.0 0.0 0.22000001 2 TOUCH_MOVE Back
1401951935347 6 4098 687.088 1114.9509 0.3 5.0 5.0 5.0 5.0 0.0 0.22000001 2 TOUCH_MOVE Back
1401951935364 6 4098 686.13385 1115.4509 0.26666668 4.0 4.0 4.0 4.0 0.0 0.21200001 2 TOUCH_MOVE Back
1401951935378 6 4098 685.5 1115.4509 0.23333335 4.0 4.0 4.0 4.0 0.0 0.15200001 2 TOUCH_MOVE Back
1401951935381 6 4098 685.5 1115.4509 0.23333335 4.0 4.0 4.0 4.0 0.0 0.15200001 1 TOUCH_UP Back
1401951935549 6 4098 668.5 1077.9509 0.23333335 5.0 5.0 5.0 5.0 0.0 0.208 0 TOUCH_DOWN Back
1401951935671 6 4098 668.5 1077.9509 0.23333335 5.0 5.0 5.0 5.0 0.0 0.208 1 TOUCH_UP Back
1401951936140 6 4098 508.5 1073.4509 0.26666668 4.0 4.0 4.0 4.0 0.0 0.21200001 0 TOUCH_DOWN n
1401951936148 6 4098 508.5 1073.4509 0.26666668 4.0 4.0 4.0 4.0 0.0 0.22000001 2 TOUCH_MOVE n
1401951936200 6 4098 508.5 1073.4509 0.33333334 5.0 5.0 5.0 5.0 0.0 0.24400002 2 TOUCH_MOVE n
1401951936215 6 4098 508.5 1074.4408 0.33333334 5.0 5.0 5.0 5.0 0.0 0.24800001 2 TOUCH_MOVE n
1401951936232 6 4098 508.5 1074.7009 0.33333334 5.0 5.0 5.0 5.0 0.0 0.24400002 2 TOUCH_MOVE n
1401951936253 6 4098 508.5 1074.4509 0.23333335 5.0 5.0 5.0 5.0 0.0 0.172 2 TOUCH_MOVE n
1401951936256 6 4098 508.5 1074.4509 0.23333335 5.0 5.0 5.0 5.0 0.0 0.172 1 TOUCH_UP n
1401951936425 6 4098 262.0 1218.4509 0.23333335 4.0 4.0 4.0 4.0 0.0 0.19600001 0 TOUCH_DOWN Space
1401951936432 6 4098 262.0 1218.4509 0.23333335 4.0 4.0 4.0 4.0 0.0 0.2 2 TOUCH_MOVE Space
1401951936523 6 4098 261.5 1217.9509 0.23333335 4.0 4.0 4.0 4.0 0.0 0.18 2 TOUCH_MOVE Space
1401951936526 6 4098 261.5 1217.9509 0.23333335 4.0 4.0 4.0 4.0 0.0 0.18 1 TOUCH_UP Space
1401951936841 6 4098 157.5 987.951 0.3 5.0 5.0 5.0 5.0 0.0 0.20400001 0 TOUCH_DOWN s
1401951936882 6 4098 156.49281 988.4582 0.3 5.0 5.0 5.0 5.0 0.0 0.22800002 2 TOUCH_MOVE s
1401951936899 6 4098 155.51202 988.451 0.3 5.0 5.0 5.0 5.0 0.0 0.224 2 TOUCH_MOVE s
1401951936917 6 4098 153.17503 988.89264 0.3 5.0 5.0 5.0 5.0 0.0 0.224 2 TOUCH_MOVE s
1401951936933 6 4098 148.91658 989.8677 0.26666668 4.0 4.0 4.0 4.0 0.0 0.20400001 2 TOUCH_MOVE s
1401951936947 6 4098 148.5 989.951 0.23333335 4.0 4.0 4.0 4.0 0.0 0.18 2 TOUCH_MOVE s
1401951936950 6 4098 148.5 989.951 0.23333335 4.0 4.0 4.0 4.0 0.0 0.18 1 TOUCH_UP s
1401951937534 6 4098 602.0 831.951 0.33333334 5.0 5.0 5.0 5.0 0.0 0.23200001 0 TOUCH_DOWN o
1401951937565 6 4098 602.0 831.951 0.33333334 5.0 5.0 5.0 5.0 0.0 0.24000001 2 TOUCH_MOVE o
1401951937619 6 4098 602.0 831.951 0.33333334 5.0 5.0 5.0 5.0 0.0 0.24000001 1 TOUCH_UP o
1401951938050 6 4098 511.0 1104.4509 0.26666668 4.0 4.0 4.0 4.0 0.0 0.20400001 0 TOUCH_DOWN n
1401951938067 6 4098 511.0 1104.4509 0.26666668 4.0 4.0 4.0 4.0 0.0 0.208 2 TOUCH_MOVE n
1401951938100 6 4098 511.83905 1104.4509 0.26666668 4.0 4.0 4.0 4.0 0.0 0.2 2 TOUCH_MOVE n
1401951938106 6 4098 512.0 1104.4509 0.23333335 4.0 4.0 4.0 4.0 0.0 0.18 2 TOUCH_MOVE n
1401951938109 6 4098 512.0 1104.4509 0.23333335 4.0 4.0 4.0 4.0 0.0 0.18 1 TOUCH_UP n
1401951938298 6 4098 367.0 958.451 0.26666668 4.0 4.0 4.0 4.0 0.0 0.2 0 TOUCH_DOWN g
1401951938334 6 4098 367.57568 958.451 0.26666668 4.0 4.0 4.0 4.0 0.0 0.2 2 TOUCH_MOVE g
1401951938350 6 4098 368.0 958.451 0.23333335 4.0 4.0 4.0 4.0 0.0 0.192 2 TOUCH_MOVE g
1401951938357 6 4098 368.0 958.451 0.13333334 2.0 2.0 2.0 2.0 0.0 0.16800001 2 TOUCH_MOVE g
1401951938360 6 4098 368.0 958.451 0.13333334 2.0 2.0 2.0 2.0 0.0 0.16800001 1 TOUCH_UP g
1401951938667 6 4098 285.0 1213.4509 0.23333335 4.0 4.0 4.0 4.0 0.0 0.2 0 TOUCH_DOWN Space
1401951938720 6 4098 285.4431 1212.0647 0.23333335 4.0 4.0 4.0 4.0 0.0 0.208 2 TOUCH_MOVE Space
1401951938734 6 4098 285.05817 1204.0908 0.20000002 4.0 4.0 4.0 4.0 0.0 0.2 2 TOUCH_MOVE Space
1401951938739 6 4098 285.0 1203.4509 0.20000002 4.0 4.0 4.0 4.0 0.0 0.18800001 2 TOUCH_MOVE Space
1401951938742 6 4098 285.0 1203.4509 0.20000002 4.0 4.0 4.0 4.0 0.0 0.18800001 1 TOUCH_UP Space
1401951939089 6 4098 318.0 809.951 0.26666668 4.0 4.0 4.0 4.0 0.0 0.21200001 0 TOUCH_DOWN t
1401951939102 6 4098 318.0 809.951 0.26666668 4.0 4.0 4.0 4.0 0.0 0.216 2 TOUCH_MOVE t
1401951939123 6 4098 318.0 810.92694 0.3 5.0 5.0 5.0 5.0 0.0 0.22000001 2 TOUCH_MOVE t
1401951939134 6 4098 319.0431 812.5372 0.3 5.0 5.0 5.0 5.0 0.0 0.224 2 TOUCH_MOVE t
1401951939151 6 4098 320.53693 815.00635 0.3 5.0 5.0 5.0 5.0 0.0 0.22000001 2 TOUCH_MOVE t
1401951939168 6 4098 322.45172 819.33026 0.33333334 5.0 5.0 5.0 5.0 0.0 0.21200001 2 TOUCH_MOVE t
1401951939180 6 4098 323.5 822.951 0.33333334 5.0 5.0 5.0 5.0 0.0 0.17600001 2 TOUCH_MOVE t
1401951939183 6 4098 323.5 822.951 0.33333334 5.0 5.0 5.0 5.0 0.0 0.17600001 1 TOUCH_UP t
1401951939301 6 4098 265.5 851.451 0.26666668 5.0 5.0 5.0 5.0 0.0 0.21200001 0 TOUCH_DOWN r
1401951939351 6 4098 265.5 852.02783 0.3 5.0 5.0 5.0 5.0 0.0 0.224 2 TOUCH_MOVE r
1401951939368 6 4098 264.963 853.52496 0.3 5.0 5.0 5.0 5.0 0.0 0.22000001 2 TOUCH_MOVE r
1401951939385 6 4098 263.49078 854.9602 0.13333334 2.0 2.0 2.0 2.0 0.0 0.136 2 TOUCH_MOVE r
1401951939390 6 4098 263.49078 854.9602 0.13333334 2.0 2.0 2.0 2.0 0.0 0.136 1 TOUCH_UP r
1401951939711 6 4098 84.0 972.451 0.20000002 4.0 4.0 4.0 4.0 0.0 0.2 0 TOUCH_DOWN a
1401951939718 6 4098 84.0 972.451 0.23333335 4.0 4.0 4.0 4.0 0.0 0.20400001 2 TOUCH_MOVE a
1401951939775 6 4098 82.34654 973.10443 0.23333335 4.0 4.0 4.0 4.0 0.0 0.21200001 2 TOUCH_MOVE a
1401951939787 6 4098 81.5 973.951 0.20000002 3.0 3.0 3.0 3.0 0.0 0.19600001 2 TOUCH_MOVE a
1401951939795 6 4098 81.5 973.951 0.13333334 2.0 2.0 2.0 2.0 0.0 0.104 2 TOUCH_MOVE a
1401951939798 6 4098 81.5 973.951 0.13333334 2.0 2.0 2.0 2.0 0.0 0.104 1 TOUCH_UP a
1401951940651 6 4098 516.0 1087.9509 0.23333335 4.0 4.0 4.0 4.0 0.0 0.20400001 0 TOUCH_DOWN n
1401951940683 6 4098 516.0 1088.2582 0.26666668 4.0 4.0 4.0 4.0 0.0 0.216 2 TOUCH_MOVE n
1401951940705 6 4098 516.0 1089.7463 0.3 5.0 5.0 5.0 5.0 0.0 0.23600002 2 TOUCH_MOVE n
1401951940720 6 4098 516.0 1090.1833 0.3 5.0 5.0 5.0 5.0 0.0 0.23600002 2 TOUCH_MOVE n
1401951940753 6 4098 516.0 1091.2009 0.23333335 4.0 4.0 4.0 4.0 0.0 0.19600001 2 TOUCH_MOVE n
1401951940761 6 4098 516.0 1091.2009 0.23333335 4.0 4.0 4.0 4.0 0.0 0.19600001 1 TOUCH_UP n
1401951940985 6 4098 369.5 958.951 0.23333335 4.0 4.0 4.0 4.0 0.0 0.2 0 TOUCH_DOWN g
1401951941007 6 4098 369.5 958.3423 0.26666668 4.0 4.0 4.0 4.0 0.0 0.208 2 TOUCH_MOVE g
1401951941041 6 4098 372.5 962.951 0.20000002 4.0 4.0 4.0 4.0 0.0 0.18 2 TOUCH_MOVE g
1401951941049 6 4098 372.5 962.951 0.20000002 4.0 4.0 4.0 4.0 0.0 0.18 1 TOUCH_UP g
1401951941231 6 4098 372.0 1202.4509 0.23333335 4.0 4.0 4.0 4.0 0.0 0.20400001 0 TOUCH_DOWN Space
1401951941303 6 4098 372.0 1202.4509 0.26666668 4.0 4.0 4.0 4.0 0.0 0.22800002 2 TOUCH_MOVE Space
1401951941336 6 4098 373.20392 1203.1548 0.23333335 4.0 4.0 4.0 4.0 0.0 0.192 2 TOUCH_MOVE Space
1401951941345 6 4098 373.5 1202.9509 0.23333335 4.0 4.0 4.0 4.0 0.0 0.17600001 2 TOUCH_MOVE Space
1401951941347 6 4098 373.5 1202.9509 0.23333335 4.0 4.0 4.0 4.0 0.0 0.17600001 1 TOUCH_UP Space
1401951941739 6 4098 201.0 978.951 0.23333335 4.0 4.0 4.0 4.0 0.0 0.20400001 0 TOUCH_DOWN d
1401951941770 6 4098 201.0 978.951 0.23333335 4.0 4.0 4.0 4.0 0.0 0.208 2 TOUCH_MOVE d
1401951941787 6 4098 201.0 979.4781 0.3 5.0 5.0 5.0 5.0 0.0 0.22000001 2 TOUCH_MOVE d
1401951941804 6 4098 200.41005 980.04095 0.3 5.0 5.0 5.0 5.0 0.0 0.22000001 2 TOUCH_MOVE d
1401951941838 6 4098 199.40614 980.451 0.23333335 4.0 4.0 4.0 4.0 0.0 0.2 2 TOUCH_MOVE d
1401951941850 6 4098 199.40614 980.451 0.23333335 4.0 4.0 4.0 4.0 0.0 0.2 1 TOUCH_UP d
1401951942022 6 4098 620.5 850.451 0.23333335 4.0 4.0 4.0 4.0 0.0 0.208 0 TOUCH_DOWN o
1401951942038 6 4098 620.5 850.451 0.26666668 5.0 5.0 5.0 5.0 0.0 0.224 2 TOUCH_MOVE o
1401951942071 6 4098 620.5 849.3825 0.3 5.0 5.0 5.0 5.0 0.0 0.24000001 2 TOUCH_MOVE o
1401951942087 6 4098 619.98126 848.93225 0.3 5.0 5.0 5.0 5.0 0.0 0.224 2 TOUCH_MOVE o
1401951942098 6 4098 620.0 848.951 0.26666668 5.0 5.0 5.0 5.0 0.0 0.2 2 TOUCH_MOVE o
1401951942102 6 4098 620.0 848.951 0.26666668 5.0 5.0 5.0 5.0 0.0 0.2 1 TOUCH_UP o
1401951942827 6 4098 673.5 1171.9509 0.3 5.0 5.0 5.0 5.0 0.0 0.2 0 TOUCH_DOWN Enter
1401951942921 6 4098 674.0 1172.4509 0.26666668 4.0 4.0 4.0 4.0 0.0 0.18400002 2 TOUCH_MOVE Enter
1401951942937 6 4098 674.0 1172.4509 0.26666668 4.0 4.0 4.0 4.0 0.0 0.18400002 1 TOUCH_UP Enter
1401951943498 6 4098 273.0 1118.4509 0.3 5.0 5.0 5.0 5.0 0.0 0.192 0 TOUCH_DOWN C
1401951943507 6 4098 273.0 1118.4509 0.3 5.0 5.0 5.0 5.0 0.0 0.19600001 2 TOUCH_MOVE C
1401951943565 6 4098 273.0 1118.9509 0.26666668 5.0 5.0 5.0 5.0 0.0 0.18 2 TOUCH_MOVE C
1401951943568 6 4098 273.0 1118.9509 0.26666668 5.0 5.0 5.0 5.0 0.0 0.18 1 TOUCH_UP C
1401951943743 6 4098 598.5 845.451 0.3 5.0 5.0 5.0 5.0 0.0 0.22800002 0 TOUCH_DOWN o
1401951943755 6 4098 598.5 845.451 0.3 5.0 5.0 5.0 5.0 0.0 0.23600002 2 TOUCH_MOVE o
1401951943789 6 4098 600.28296 844.168 0.3 5.0 5.0 5.0 5.0 0.0 0.24400002 2 TOUCH_MOVE o
1401951943805 6 4098 601.7459 843.2051 0.3 5.0 5.0 5.0 5.0 0.0 0.24000001 2 TOUCH_MOVE o
1401951943836 6 4098 604.0 842.451 0.26666668 5.0 5.0 5.0 5.0 0.0 0.18 2 TOUCH_MOVE o
1401951943840 6 4098 604.0 842.451 0.26666668 5.0 5.0 5.0 5.0 0.0 0.18 1 TOUCH_UP o
1401951943936 6 4098 243.0 1239.4509 0.13333334 2.0 2.0 2.0 2.0 0.0 0.192 0 TOUCH_DOWN Space
1401951943956 6 4098 243.45093 1239.0 0.20000002 4.0 4.0 4.0 4.0 0.0 0.19600001 2 TOUCH_MOVE Space
1401951943972 6 4098 244.37271 1237.2056 0.23333335 4.0 4.0 4.0 4.0 0.0 0.20400001 2 TOUCH_MOVE Space
1401951943989 6 4098 245.0 1235.6155 0.23333335 4.0 4.0 4.0 4.0 0.0 0.20400001 2 TOUCH_MOVE Space
1401951944006 6 4098 245.0 1234.646 0.20000002 4.0 4.0 4.0 4.0 0.0 0.20400001 2 TOUCH_MOVE Space
1401951944024 6 4098 245.0 1234.2009 0.20000002 4.0 4.0 4.0 4.0 0.0 0.20400001 2 TOUCH_MOVE Space
1401951944056 6 4098 244.5 1234.4509 0.13333334 2.0 2.0 2.0 2.0 0.0 0.18400002 2 TOUCH_MOVE Space
1401951944061 6 4098 244.5 1234.4509 0.13333334 2.0 2.0 2.0 2.0 0.0 0.18400002 1 TOUCH_UP Space
1401951944611 6 4098 264.5 1125.9509 0.26666668 4.0 4.0 4.0 4.0 0.0 0.19600001 0 TOUCH_DOWN c
1401951944623 6 4098 264.9597 1125.4912 0.3 5.0 5.0 5.0 5.0 0.0 0.2 2 TOUCH_MOVE c
1401951944640 6 4098 265.8919 1124.1671 0.3 5.0 5.0 5.0 5.0 0.0 0.208 2 TOUCH_MOVE c
1401951944657 6 4098 267.23914 1122.7118 0.3 5.0 5.0 5.0 5.0 0.0 0.208 2 TOUCH_MOVE c
1401951944673 6 4098 268.21692 1121.734 0.3 5.0 5.0 5.0 5.0 0.0 0.208 2 TOUCH_MOVE c
1401951944690 6 4098 268.21692 1121.734 0.3 5.0 5.0 5.0 5.0 0.0 0.208 1 TOUCH_UP c
1401951944829 6 4098 435.0 972.951 0.23333335 5.0 5.0 5.0 5.0 0.0 0.18400002 0 TOUCH_DOWN h
1401951944841 6 4098 435.0 972.951 0.23333335 5.0 5.0 5.0 5.0 0.0 0.19600001 2 TOUCH_MOVE h
1401951944873 6 4098 435.0 974.8 0.3 5.0 5.0 5.0 5.0 0.0 0.21200001 2 TOUCH_MOVE h
1401951944890 6 4098 435.0 975.701 0.26666668 4.0 4.0 4.0 4.0 0.0 0.216 2 TOUCH_MOVE h
1401951944906 6 4098 434.68344 976.2675 0.26666668 4.0 4.0 4.0 4.0 0.0 0.21200001 2 TOUCH_MOVE h
1401951944923 6 4098 432.72842 977.22253 0.23333335 4.0 4.0 4.0 4.0 0.0 0.192 2 TOUCH_MOVE h
1401951944930 6 4098 432.5 977.451 0.13333334 2.0 2.0 2.0 2.0 0.0 0.120000005 2 TOUCH_MOVE h
1401951944933 6 4098 432.5 977.451 0.13333334 2.0 2.0 2.0 2.0 0.0 0.120000005 1 TOUCH_UP h
1401951945157 6 4098 582.0 837.451 0.26666668 4.0 4.0 4.0 4.0 0.0 0.224 0 TOUCH_DOWN o
1401951945176 6 4098 582.0 837.451 0.26666668 4.0 4.0 4.0 4.0 0.0 0.22800002 2 TOUCH_MOVE o
1401951945240 6 4098 582.0 837.451 0.26666668 4.0 4.0 4.0 4.0 0.0 0.20400001 2 TOUCH_MOVE o
1401951945250 6 4098 582.0 837.451 0.20000002 4.0 4.0 4.0 4.0 0.0 0.16000001 2 TOUCH_MOVE o
1401951945253 6 4098 582.0 837.451 0.20000002 4.0 4.0 4.0 4.0 0.0 0.16000001 1 TOUCH_UP o
1401951945387 6 4098 217.0 1236.4509 0.20000002 5.0 5.0 5.0 5.0 0.0 0.18800001 0 TOUCH_DOWN Space
1401951945440 6 4098 216.36266 1235.8136 0.23333335 5.0 5.0 5.0 5.0 0.0 0.19600001 2 TOUCH_MOVE Space
1401951945474 6 4098 216.0 1235.9509 0.16666667 4.0 4.0 4.0 4.0 0.0 0.136 2 TOUCH_MOVE Space
1401951945478 6 4098 216.0 1235.9509 0.16666667 4.0 4.0 4.0 4.0 0.0 0.136 1 TOUCH_UP Space
1401951946028 6 4098 327.0 825.451 0.33333334 5.0 5.0 5.0 5.0 0.0 0.22000001 0 TOUCH_DOWN t
1401951946082 6 4098 327.0 825.451 0.33333334 5.0 5.0 5.0 5.0 0.0 0.2 2 TOUCH_MOVE t
1401951946085 6 4098 327.0 825.451 0.33333334 5.0 5.0 5.0 5.0 0.0 0.2 1 TOUCH_UP t
1401951946221 6 4098 279.0 850.451 0.26666668 5.0 5.0 5.0 5.0 0.0 0.21200001 0 TOUCH_DOWN r
1401951946264 6 4098 279.0 850.951 0.20000002 4.0 4.0 4.0 4.0 0.0 0.192 2 TOUCH_MOVE r
1401951946267 6 4098 279.0 850.951 0.20000002 4.0 4.0 4.0 4.0 0.0 0.192 1 TOUCH_UP r
1401951946694 6 4098 46.5 964.451 0.16666667 3.0 3.0 3.0 3.0 0.0 0.2 0 TOUCH_DOWN a
1401951946719 6 4098 47.338577 964.451 0.16666667 3.0 3.0 3.0 3.0 0.0 0.20400001 2 TOUCH_MOVE a
1401951946736 6 4098 51.449074 963.1612 0.20000002 3.0 3.0 3.0 3.0 0.0 0.21200001 2 TOUCH_MOVE a
1401951946742 6 4098 55.285603 962.18915 0.20000002 3.0 3.0 3.0 3.0 0.0 0.21200001 2 TOUCH_MOVE a
1401951946758 6 4098 57.458424 961.2218 0.20000002 3.0 3.0 3.0 3.0 0.0 0.208 2 TOUCH_MOVE a
1401951946775 6 4098 58.666405 960.2846 0.20000002 3.0 3.0 3.0 3.0 0.0 0.2 2 TOUCH_MOVE a
1401951946785 6 4098 58.666405 960.2846 0.20000002 3.0 3.0 3.0 3.0 0.0 0.2 1 TOUCH_UP a
1401951947043 6 4098 511.0 1093.9509 0.26666668 4.0 4.0 4.0 4.0 0.0 0.21200001 0 TOUCH_DOWN n
1401951947062 6 4098 511.0 1094.2285 0.26666668 4.0 4.0 4.0 4.0 0.0 0.216 2 TOUCH_MOVE n
1401951947075 6 4098 511.0 1094.978 0.26666668 4.0 4.0 4.0 4.0 0.0 0.224 2 TOUCH_MOVE n
1401951947109 6 4098 511.0 1096.39 0.26666668 4.0 4.0 4.0 4.0 0.0 0.216 2 TOUCH_MOVE n
1401951947125 6 4098 510.1684 1097.3667 0.3 5.0 5.0 5.0 5.0 0.0 0.19600001 2 TOUCH_MOVE n
1401951947130 6 4098 510.0 1097.4509 0.26666668 5.0 5.0 5.0 5.0 0.0 0.15200001 2 TOUCH_MOVE n
1401951947133 6 4098 510.0 1097.4509 0.26666668 5.0 5.0 5.0 5.0 0.0 0.15200001 1 TOUCH_UP n
1401951947312 6 4098 360.5 956.951 0.23333335 4.0 4.0 4.0 4.0 0.0 0.20400001 0 TOUCH_DOWN g
1401951947342 6 4098 360.90652 956.0445 0.23333335 4.0 4.0 4.0 4.0 0.0 0.208 2 TOUCH_MOVE g
1401951947361 6 4098 361.75 955.201 0.23333335 4.0 4.0 4.0 4.0 0.0 0.2 2 TOUCH_MOVE g
1401951947375 6 4098 361.75 955.201 0.23333335 4.0 4.0 4.0 4.0 0.0 0.2 1 TOUCH_UP g
1401951947571 6 4098 382.0 1199.4509 0.23333335 5.0 5.0 5.0 5.0 0.0 0.19600001 0 TOUCH_DOWN Space
1401951947592 6 4098 382.0 1199.4509 0.23333335 5.0 5.0 5.0 5.0 0.0 0.2 2 TOUCH_MOVE Space
1401951947662 6 4098 382.0 1199.4509 0.23333335 5.0 5.0 5.0 5.0 0.0 0.16000001 2 TOUCH_MOVE Space
1401951947667 6 4098 382.0 1199.4509 0.23333335 5.0 5.0 5.0 5.0 0.0 0.16000001 1 TOUCH_UP Space
1401951948102 6 4098 370.0 1098.9509 0.26666668 4.0 4.0 4.0 4.0 0.0 0.22000001 0 TOUCH_DOWN v
1401951948149 6 4098 370.1646 1098.7863 0.33333334 5.0 5.0 5.0 5.0 0.0 0.24400002 2 TOUCH_MOVE v
1401951948160 6 4098 371.12012 1097.8308 0.33333334 5.0 5.0 5.0 5.0 0.0 0.24000001 2 TOUCH_MOVE v
1401951948176 6 4098 372.0936 1097.9509 0.33333334 5.0 5.0 5.0 5.0 0.0 0.23600002 2 TOUCH_MOVE v
1401951948193 6 4098 372.75 1097.9509 0.26666668 4.0 4.0 4.0 4.0 0.0 0.224 2 TOUCH_MOVE v
1401951948207 6 4098 372.75 1097.9509 0.26666668 4.0 4.0 4.0 4.0 0.0 0.224 1 TOUCH_UP v
1401951948387 6 4098 162.5 842.451 0.3 5.0 5.0 5.0 5.0 0.0 0.21200001 0 TOUCH_DOWN e
1401951948393 6 4098 162.5 842.451 0.3 5.0 5.0 5.0 5.0 0.0 0.216 2 TOUCH_MOVE e
1401951948458 6 4098 162.5 842.451 0.3 5.0 5.0 5.0 5.0 0.0 0.216 1 TOUCH_UP e
1401951948862 6 4098 268.0 1228.9509 0.26666668 5.0 5.0 5.0 5.0 0.0 0.20400001 0 TOUCH_DOWN Space
1401951948940 6 4098 268.0 1228.9509 0.20000002 3.0 3.0 3.0 3.0 0.0 0.17600001 2 TOUCH_MOVE Space
1401951948943 6 4098 268.0 1228.9509 0.20000002 3.0 3.0 3.0 3.0 0.0 0.17600001 1 TOUCH_UP Space
1401951949181 6 4098 563.0 931.451 0.33333334 5.0 5.0 5.0 5.0 0.0 0.22000001 0 TOUCH_DOWN k
1401951949194 6 4098 562.655 932.29596 0.33333334 5.0 5.0 5.0 5.0 0.0 0.23200001 2 TOUCH_MOVE k
1401951949214 6 4098 561.7041 933.2469 0.33333334 5.0 5.0 5.0 5.0 0.0 0.23600002 2 TOUCH_MOVE k
1401951949227 6 4098 560.7368 934.2142 0.33333334 5.0 5.0 5.0 5.0 0.0 0.23200001 2 TOUCH_MOVE k
1401951949244 6 4098 560.5 935.1872 0.33333334 5.0 5.0 5.0 5.0 0.0 0.22000001 2 TOUCH_MOVE k
1401951949268 6 4098 560.5 935.1872 0.33333334 5.0 5.0 5.0 5.0 0.0 0.22000001 1 TOUCH_UP k
1401951949471 6 4098 506.0 842.951 0.3 5.0 5.0 5.0 5.0 0.0 0.23200001 0 TOUCH_DOWN i
1401951949477 6 4098 506.0 842.951 0.3 5.0 5.0 5.0 5.0 0.0 0.23600002 2 TOUCH_MOVE i
1401951949512 6 4098 506.64294 842.951 0.33333334 5.0 5.0 5.0 5.0 0.0 0.252 2 TOUCH_MOVE i
1401951949527 6 4098 507.60806 842.951 0.3 5.0 5.0 5.0 5.0 0.0 0.23600002 2 TOUCH_MOVE i
1401951949544 6 4098 508.0 842.951 0.26666668 4.0 4.0 4.0 4.0 0.0 0.18 2 TOUCH_MOVE i
1401951949548 6 4098 508.0 842.951 0.26666668 4.0 4.0 4.0 4.0 0.0 0.18 1 TOUCH_UP i
1401951949772 6 4098 703.0 827.451 0.26666668 5.0 5.0 5.0 5.0 0.0 0.22800002 0 TOUCH_DOWN p
1401951949778 6 4098 703.0 827.451 0.3 5.0 5.0 5.0 5.0 0.0 0.22800002 2 TOUCH_MOVE p
1401951949795 6 4098 702.4911 827.451 0.33333334 5.0 5.0 5.0 5.0 0.0 0.23600002 2 TOUCH_MOVE p
1401951949811 6 4098 701.5175 828.4335 0.33333334 5.0 5.0 5.0 5.0 0.0 0.23200001 2 TOUCH_MOVE p
1401951949828 6 4098 700.57104 828.451 0.33333334 5.0 5.0 5.0 5.0 0.0 0.23200001 2 TOUCH_MOVE p
1401951949844 6 4098 700.25 828.451 0.3 5.0 5.0 5.0 5.0 0.0 0.224 2 TOUCH_MOVE p
1401951949851 6 4098 700.25 828.451 0.3 5.0 5.0 5.0 5.0 0.0 0.224 1 TOUCH_UP p
1401951950127 6 4098 247.0 1235.4509 0.23333335 4.0 4.0 4.0 4.0 0.0 0.20400001 0 TOUCH_DOWN Space
1401951950162 6 4098 249.09877 1232.8522 0.23333335 4.0 4.0 4.0 4.0 0.0 0.21200001 2 TOUCH_MOVE Space
1401951950179 6 4098 251.35046 1230.6005 0.23333335 4.0 4.0 4.0 4.0 0.0 0.21200001 2 TOUCH_MOVE Space
1401951950195 6 4098 252.63542 1229.3156 0.23333335 4.0 4.0 4.0 4.0 0.0 0.21200001 2 TOUCH_MOVE Space
1401951950225 6 4098 253.25 1228.7009 0.23333335 4.0 4.0 4.0 4.0 0.0 0.21200001 2 TOUCH_MOVE Space
1401951950231 6 4098 253.0 1228.4509 0.20000002 3.0 3.0 3.0 3.0 0.0 0.18 2 TOUCH_MOVE Space
1401951950235 6 4098 253.0 1228.4509 0.20000002 3.0 3.0 3.0 3.0 0.0 0.18 1 TOUCH_UP Space
1401951950634 6 4098 319.5 835.451 0.3 5.0 5.0 5.0 5.0 0.0 0.216 0 TOUCH_DOWN t
1401951950707 6 4098 319.5 835.451 0.26666668 4.0 4.0 4.0 4.0 0.0 0.18400002 2 TOUCH_MOVE t
1401951950713 6 4098 319.5 835.451 0.26666668 4.0 4.0 4.0 4.0 0.0 0.18400002 1 TOUCH_UP t
1401951951255 6 4098 598.5 845.451 0.26666668 4.0 4.0 4.0 4.0 0.0 0.2 0 TOUCH_DOWN o
1401951951262 6 4098 598.5 845.451 0.26666668 4.0 4.0 4.0 4.0 0.0 0.20400001 2 TOUCH_MOVE o
1401951951306 6 4098 598.5 845.451 0.26666668 4.0 4.0 4.0 4.0 0.0 0.20400001 1 TOUCH_UP o
1401951951505 6 4098 551.0 834.451 0.3 5.0 5.0 5.0 5.0 0.0 0.20400001 0 TOUCH_DOWN i
1401951951570 6 4098 551.0 834.451 0.3 5.0 5.0 5.0 5.0 0.0 0.20400001 1 TOUCH_UP i
1401951951785 6 4098 275.0 1215.4509 0.26666668 5.0 5.0 5.0 5.0 0.0 0.216 0 TOUCH_DOWN Space
1401951951792 6 4098 275.63116 1215.4509 0.26666668 5.0 5.0 5.0 5.0 0.0 0.22000001 2 TOUCH_MOVE Space
1401951951820 6 4098 280.04764 1214.9509 0.26666668 5.0 5.0 5.0 5.0 0.0 0.23200001 2 TOUCH_MOVE Space
1401951951843 6 4098 280.75 1214.9509 0.26666668 5.0 5.0 5.0 5.0 0.0 0.23200001 2 TOUCH_MOVE Space
1401951951863 6 4098 279.14655 1214.9509 0.26666668 5.0 5.0 5.0 5.0 0.0 0.216 2 TOUCH_MOVE Space
1401951951867 6 4098 279.0 1214.9509 0.26666668 5.0 5.0 5.0 5.0 0.0 0.19600001 2 TOUCH_MOVE Space
1401951951871 6 4098 279.0 1214.9509 0.26666668 5.0 5.0 5.0 5.0 0.0 0.19600001 1 TOUCH_UP Space
1401951952281 6 4098 484.5 1097.4509 0.26666668 4.0 4.0 4.0 4.0 0.0 0.208 0 TOUCH_DOWN n
1401951952300 6 4098 484.5 1097.4509 0.26666668 4.0 4.0 4.0 4.0 0.0 0.216 2 TOUCH_MOVE n
1401951952314 6 4098 484.5 1098.3802 0.26666668 4.0 4.0 4.0 4.0 0.0 0.224 2 TOUCH_MOVE n
1401951952330 6 4098 484.5 1099.37 0.26666668 4.0 4.0 4.0 4.0 0.0 0.22800002 2 TOUCH_MOVE n
1401951952347 6 4098 484.5 1100.2009 0.26666668 4.0 4.0 4.0 4.0 0.0 0.224 2 TOUCH_MOVE n
1401951952365 6 4098 485.1326 1099.9509 0.26666668 4.0 4.0 4.0 4.0 0.0 0.208 2 TOUCH_MOVE n
1401951952369 6 4098 486.0 1099.4509 0.23333335 4.0 4.0 4.0 4.0 0.0 0.18800001 2 TOUCH_MOVE n
1401951952374 6 4098 486.0 1099.4509 0.23333335 4.0 4.0 4.0 4.0 0.0 0.18800001 1 TOUCH_UP n
1401951952613 6 4098 60.0 969.451 0.16666667 3.0 3.0 3.0 3.0 0.0 0.19600001 0 TOUCH_DOWN a
1401951952632 6 4098 60.377125 969.451 0.16666667 3.0 3.0 3.0 3.0 0.0 0.2 2 TOUCH_MOVE a
1401951952647 6 4098 62.65284 970.1686 0.23333335 4.0 4.0 4.0 4.0 0.0 0.21200001 2 TOUCH_MOVE a
1401951952665 6 4098 64.25 970.701 0.23333335 4.0 4.0 4.0 4.0 0.0 0.20400001 2 TOUCH_MOVE a
1401951952679 6 4098 64.25 970.701 0.23333335 4.0 4.0 4.0 4.0 0.0 0.20400001 1 TOUCH_UP a
1401951952906 6 4098 397.0 837.451 0.26666668 4.0 4.0 4.0 4.0 0.0 0.21200001 0 TOUCH_DOWN y
1401951952914 6 4098 397.0 837.451 0.26666668 4.0 4.0 4.0 4.0 0.0 0.216 2 TOUCH_MOVE y
1401951952959 6 4098 397.0 837.451 0.23333335 4.0 4.0 4.0 4.0 0.0 0.18 2 TOUCH_MOVE y
1401951952964 6 4098 397.0 837.451 0.23333335 4.0 4.0 4.0 4.0 0.0 0.18 1 TOUCH_UP y
