1401950946418 6 4098 341.0 971.951 0.20000002 4.0 4.0 4.0 4.0 0.0 0.19600001 0 TOUCH_DOWN G
1401950946443 6 4098 341.0 971.951 0.23333335 4.0 4.0 4.0 4.0 0.0 0.20400001 2 TOUCH_MOVE G
1401950946478 6 4098 341.0 973.33295 0.26666668 4.0 4.0 4.0 4.0 0.0 0.22000001 2 TOUCH_MOVE G
1401950946494 6 4098 341.0 974.2947 0.26666668 4.0 4.0 4.0 4.0 0.0 0.216 2 TOUCH_MOVE G
1401950946509 6 4098 341.0 975.2081 0.23333335 4.0 4.0 4.0 4.0 0.0 0.192 2 TOUCH_MOVE G
1401950946515 6 4098 341.0 975.451 0.16666667 3.0 3.0 3.0 3.0 0.0 0.112 2 TOUCH_MOVE G
1401950946518 6 4098 341.0 975.451 0.16666667 3.0 3.0 3.0 3.0 0.0 0.112 1 TOUCH_UP G
1401950946724 6 4098 570.5 839.951 0.26666668 4.0 4.0 4.0 4.0 0.0 0.19600001 0 TOUCH_DOWN i
1401950946730 6 4098 570.5 839.951 0.26666668 4.0 4.0 4.0 4.0 0.0 0.2 2 TOUCH_MOVE i
1401950946776 6 4098 570.5 839.951 0.23333335 4.0 4.0 4.0 4.0 0.0 0.16000001 2 TOUCH_MOVE i
1401950946779 6 4098 570.5 839.951 0.23333335 4.0 4.0 4.0 4.0 0.0 0.16000001 1 TOUCH_UP i
1401950946940 6 4098 618.0 852.451 0.26666668 5.0 5.0 5.0 5.0 0.0 0.224 0 TOUCH_DOWN o
1401950947010 6 4098 618.0 852.451 0.23333335 5.0 5.0 5.0 5.0 0.0 0.192 2 TOUCH_MOVE o
1401950947013 6 4098 618.0 852.451 0.23333335 5.0 5.0 5.0 5.0 0.0 0.192 1 TOUCH_UP o
1401950947635 6 4098 240.0 1268.5 0.10000001 2.0 2.0 2.0 2.0 0.0 0.16000001 0 TOUCH_DOWN Space
1401950947643 6 4098 240.0 1268.5 0.10000001 2.0 2.0 2.0 2.0 0.0 0.17600001 2 TOUCH_MOVE Space
1401950947661 6 4098 240.0 1262.284 0.16666667 4.0 4.0 4.0 4.0 0.0 0.18400002 2 TOUCH_MOVE Space
1401950947677 6 4098 240.63402 1252.7809 0.16666667 4.0 4.0 4.0 4.0 0.0 0.18800001 2 TOUCH_MOVE Space
1401950947705 6 4098 241.0 1247.9587 0.20000002 5.0 5.0 5.0 5.0 0.0 0.192 2 TOUCH_MOVE Space
1401950947722 6 4098 241.0 1245.871 0.20000002 5.0 5.0 5.0 5.0 0.0 0.192 2 TOUCH_MOVE Space
1401950947727 6 4098 241.0 1245.2574 0.20000002 5.0 5.0 5.0 5.0 0.0 0.18800001 2 TOUCH_MOVE Space
1401950947743 6 4098 240.4781 1245.4509 0.13333334 3.0 3.0 3.0 3.0 0.0 0.17600001 2 TOUCH_MOVE Space
1401950947750 6 4098 240.4781 1245.4509 0.13333334 3.0 3.0 3.0 3.0 0.0 0.17600001 1 TOUCH_UP Space
1401950948230 6 4098 316.0 827.451 0.3 5.0 5.0 5.0 5.0 0.0 0.22000001 0 TOUCH_DOWN t
1401950948294 6 4098 316.8236 827.451 0.33333334 5.0 5.0 5.0 5.0 0.0 0.22800002 2 TOUCH_MOVE t
1401950948319 6 4098 317.0 827.451 0.33333334 5.0 5.0 5.0 5.0 0.0 0.19600001 2 TOUCH_MOVE t
1401950948323 6 4098 317.0 827.451 0.33333334 5.0 5.0 5.0 5.0 0.0 0.19600001 1 TOUCH_UP t
1401950948456 6 4098 439.0 965.951 0.23333335 5.0 5.0 5.0 5.0 0.0 0.2 0 TOUCH_DOWN h
1401950948478 6 4098 439.0 965.951 0.23333335 5.0 5.0 5.0 5.0 0.0 0.20400001 2 TOUCH_MOVE h
1401950948542 6 4098 439.0 965.951 0.23333335 5.0 5.0 5.0 5.0 0.0 0.20400001 1 TOUCH_UP h
1401950948723 6 4098 200.0 845.951 0.26666668 4.0 4.0 4.0 4.0 0.0 0.21200001 0 TOUCH_DOWN e
1401950948745 6 4098 200.0 845.951 0.3 5.0 5.0 5.0 5.0 0.0 0.22000001 2 TOUCH_MOVE e
1401950948827 6 4098 200.0 845.951 0.3 5.0 5.0 5.0 5.0 0.0 0.22000001 1 TOUCH_UP e
1401950948979 6 4098 612.0 857.451 0.23333335 5.0 5.0 5.0 5.0 0.0 0.208 0 TOUCH_DOWN o
1401950948995 6 4098 612.0 857.451 0.26666668 5.0 5.0 5.0 5.0 0.0 0.216 2 TOUCH_MOVE o
1401950949066 6 4098 612.5 857.951 0.20000002 4.0 4.0 4.0 4.0 0.0 0.18400002 2 TOUCH_MOVE o
1401950949070 6 4098 612.5 857.951 0.20000002 4.0 4.0 4.0 4.0 0.0 0.18400002 1 TOUCH_UP o
1401950949740 6 4098 226.0 1234.4509 0.20000002 4.0 4.0 4.0 4.0 0.0 0.192 0 TOUCH_DOWN Space
1401950949746 6 4098 226.0 1234.4509 0.20000002 4.0 4.0 4.0 4.0 0.0 0.19600001 2 TOUCH_MOVE Space
1401950949837 6 4098 226.0 1234.4509 0.20000002 4.0 4.0 4.0 4.0 0.0 0.19600001 1 TOUCH_UP Space
1401950950031 6 4098 663.0 947.951 0.3 5.0 5.0 5.0 5.0 0.0 0.2 0 TOUCH_DOWN l
1401950950122 6 4098 663.0 947.951 0.3 5.0 5.0 5.0 5.0 0.0 0.2 1 TOUCH_UP l
1401950950351 6 4098 608.5 840.451 0.3 5.0 5.0 5.0 5.0 0.0 0.216 0 TOUCH_DOWN o
1401950950363 6 4098 608.5 840.451 0.3 5.0 5.0 5.0 5.0 0.0 0.22000001 2 TOUCH_MOVE o
1401950950440 6 4098 608.5 840.451 0.23333335 4.0 4.0 4.0 4.0 0.0 0.172 2 TOUCH_MOVE o
1401950950444 6 4098 608.5 840.451 0.23333335 4.0 4.0 4.0 4.0 0.0 0.172 1 TOUCH_UP o
1401950950573 6 4098 547.5 833.451 0.33333334 5.0 5.0 5.0 5.0 0.0 0.22000001 0 TOUCH_DOWN i
1401950950580 6 4098 547.5 833.451 0.33333334 5.0 5.0 5.0 5.0 0.0 0.23200001 2 TOUCH_MOVE i
1401950950632 6 4098 548.1014 833.451 0.33333334 5.0 5.0 5.0 5.0 0.0 0.23600002 2 TOUCH_MOVE i
1401950950646 6 4098 548.5 833.451 0.33333334 5.0 5.0 5.0 5.0 0.0 0.2 2 TOUCH_MOVE i
1401950950654 6 4098 548.5 833.451 0.33333334 5.0 5.0 5.0 5.0 0.0 0.2 1 TOUCH_UP i
1401950951047 6 4098 266.5 1249.4509 0.20000002 5.0 5.0 5.0 5.0 0.0 0.18 0 TOUCH_DOWN Space
1401950951067 6 4098 266.5 1249.1318 0.20000002 5.0 5.0 5.0 5.0 0.0 0.18400002 2 TOUCH_MOVE Space
1401950951080 6 4098 266.5 1248.3478 0.20000002 5.0 5.0 5.0 5.0 0.0 0.18800001 2 TOUCH_MOVE Space
1401950951096 6 4098 267.0 1246.8835 0.20000002 5.0 5.0 5.0 5.0 0.0 0.192 2 TOUCH_MOVE Space
1401950951115 6 4098 267.0 1245.4193 0.20000002 5.0 5.0 5.0 5.0 0.0 0.18400002 2 TOUCH_MOVE Space
1401950951135 6 4098 266.5 1244.9509 0.16666667 4.0 4.0 4.0 4.0 0.0 0.148 2 TOUCH_MOVE Space
1401950951139 6 4098 266.5 1244.9509 0.16666667 4.0 4.0 4.0 4.0 0.0 0.148 1 TOUCH_UP Space
1401950951523 6 4098 344.0 974.951 0.23333335 4.0 4.0 4.0 4.0 0.0 0.208 0 TOUCH_DOWN g
1401950951590 6 4098 344.0 974.951 0.23333335 4.0 4.0 4.0 4.0 0.0 0.208 1 TOUCH_UP g
1401950951740 6 4098 549.0 848.951 0.26666668 5.0 5.0 5.0 5.0 0.0 0.20400001 0 TOUCH_DOWN i
1401950951748 6 4098 549.0 848.951 0.26666668 5.0 5.0 5.0 5.0 0.0 0.208 2 TOUCH_MOVE i
1401950951804 6 4098 549.0 848.951 0.26666668 5.0 5.0 5.0 5.0 0.0 0.208 1 TOUCH_UP i
1401950951991 6 4098 629.5 858.451 0.23333335 4.0 4.0 4.0 4.0 0.0 0.21200001 0 TOUCH_DOWN o
1401950951997 6 4098 629.5 858.451 0.26666668 5.0 5.0 5.0 5.0 0.0 0.216 2 TOUCH_MOVE o
1401950952031 6 4098 629.0246 858.951 0.26666668 5.0 5.0 5.0 5.0 0.0 0.22000001 2 TOUCH_MOVE o
1401950952047 6 4098 628.5 859.3897 0.26666668 5.0 5.0 5.0 5.0 0.0 0.216 2 TOUCH_MOVE o
1401950952065 6 4098 628.5 859.451 0.23333335 4.0 4.0 4.0 4.0 0.0 0.21200001 2 TOUCH_MOVE o
1401950952070 6 4098 628.5 859.451 0.20000002 4.0 4.0 4.0 4.0 0.0 0.156 2 TOUCH_MOVE o
1401950952073 6 4098 628.5 859.451 0.20000002 4.0 4.0 4.0 4.0 0.0 0.156 1 TOUCH_UP o
1401950952412 6 4098 230.0 1250.4509 0.16666667 4.0 4.0 4.0 4.0 0.0 0.18 0 TOUCH_DOWN Space
1401950952449 6 4098 230.0 1248.5382 0.16666667 4.0 4.0 4.0 4.0 0.0 0.18800001 2 TOUCH_MOVE Space
1401950952465 6 4098 230.0 1246.4901 0.16666667 4.0 4.0 4.0 4.0 0.0 0.18800001 2 TOUCH_MOVE Space
1401950952481 6 4098 230.0 1245.7009 0.16666667 4.0 4.0 4.0 4.0 0.0 0.18800001 2 TOUCH_MOVE Space
1401950952519 6 4098 230.0 1245.7009 0.16666667 4.0 4.0 4.0 4.0 0.0 0.18800001 1 TOUCH_UP Space
1401950953564 6 4098 611.5 1090.4509 0.26666668 5.0 5.0 5.0 5.0 0.0 0.192 0 TOUCH_DOWN m
1401950953585 6 4098 611.5 1090.9282 0.26666668 5.0 5.0 5.0 5.0 0.0 0.2 2 TOUCH_MOVE m
1401950953599 6 4098 611.5 1091.923 0.26666668 5.0 5.0 5.0 5.0 0.0 0.21200001 2 TOUCH_MOVE m
1401950953615 6 4098 610.5681 1092.8828 0.3 5.0 5.0 5.0 5.0 0.0 0.216 2 TOUCH_MOVE m
1401950953646 6 4098 610.0 1093.8357 0.3 5.0 5.0 5.0 5.0 0.0 0.22000001 2 TOUCH_MOVE m
1401950953654 6 4098 610.0 1094.8091 0.26666668 5.0 5.0 5.0 5.0 0.0 0.208 2 TOUCH_MOVE m
1401950953667 6 4098 610.0 1094.9509 0.26666668 5.0 5.0 5.0 5.0 0.0 0.19600001 2 TOUCH_MOVE m
1401950953673 6 4098 610.0 1094.9509 0.26666668 5.0 5.0 5.0 5.0 0.0 0.19600001 1 TOUCH_UP m
1401950953890 6 4098 52.5 973.451 0.20000002 3.0 3.0 3.0 3.0 0.0 0.2 0 TOUCH_DOWN a
1401950953899 6 4098 52.5 973.451 0.20000002 3.0 3.0 3.0 3.0 0.0 0.208 2 TOUCH_MOVE a
1401950953950 6 4098 56.68098 974.951 0.23333335 4.0 4.0 4.0 4.0 0.0 0.216 2 TOUCH_MOVE a
1401950953967 6 4098 57.25 974.951 0.23333335 4.0 4.0 4.0 4.0 0.0 0.216 2 TOUCH_MOVE a
1401950953983 6 4098 57.0 974.951 0.20000002 3.0 3.0 3.0 3.0 0.0 0.192 2 TOUCH_MOVE a
1401950953992 6 4098 57.0 974.951 0.16666667 3.0 3.0 3.0 3.0 0.0 0.128 2 TOUCH_MOVE a
1401950953996 6 4098 57.0 974.951 0.16666667 3.0 3.0 3.0 3.0 0.0 0.128 1 TOUCH_UP a
1401950954194 6 4098 407.5 851.951 0.23333335 4.0 4.0 4.0 4.0 0.0 0.216 0 TOUCH_DOWN y
1401950954246 6 4098 407.5 851.951 0.23333335 4.0 4.0 4.0 4.0 0.0 0.216 1 TOUCH_UP y
1401950955136 6 4098 206.5 973.451 0.20000002 4.0 4.0 4.0 4.0 0.0 0.20400001 0 TOUCH_DOWN d
1401950955150 6 4098 206.5 973.451 0.26666668 5.0 5.0 5.0 5.0 0.0 0.216 2 TOUCH_MOVE d
1401950955167 6 4098 206.5 974.83496 0.3 5.0 5.0 5.0 5.0 0.0 0.22800002 2 TOUCH_MOVE d
1401950955184 6 4098 207.41608 976.78314 0.3 5.0 5.0 5.0 5.0 0.0 0.23600002 2 TOUCH_MOVE d
1401950955202 6 4098 208.0 978.34357 0.3 5.0 5.0 5.0 5.0 0.0 0.23600002 2 TOUCH_MOVE d
1401950955219 6 4098 208.0 979.29974 0.3 5.0 5.0 5.0 5.0 0.0 0.24000001 2 TOUCH_MOVE d
1401950955234 6 4098 206.57971 980.5645 0.3 5.0 5.0 5.0 5.0 0.0 0.216 2 TOUCH_MOVE d
1401950955240 6 4098 206.0 980.951 0.26666668 4.0 4.0 4.0 4.0 0.0 0.18400002 2 TOUCH_MOVE d
1401950955244 6 4098 206.0 980.951 0.26666668 4.0 4.0 4.0 4.0 0.0 0.18400002 1 TOUCH_UP d
1401950955458 6 4098 479.0 855.451 0.23333335 4.0 4.0 4.0 4.0 0.0 0.216 0 TOUCH_DOWN u
1401950955467 6 4098 479.0 855.451 0.23333335 4.0 4.0 4.0 4.0 0.0 0.22000001 2 TOUCH_MOVE u
1401950955501 6 4098 477.7804 855.6706 0.26666668 4.0 4.0 4.0 4.0 0.0 0.22800002 2 TOUCH_MOVE u
1401950955519 6 4098 477.25 856.201 0.26666668 4.0 4.0 4.0 4.0 0.0 0.22800002 2 TOUCH_MOVE u
1401950955537 6 4098 477.25 856.201 0.26666668 4.0 4.0 4.0 4.0 0.0 0.22800002 1 TOUCH_UP u
1401950955772 6 4098 639.0 834.951 0.26666668 4.0 4.0 4.0 4.0 0.0 0.21200001 0 TOUCH_DOWN o
1401950955784 6 4098 639.0 834.951 0.26666668 4.0 4.0 4.0 4.0 0.0 0.216 2 TOUCH_MOVE o
1401950955823 6 4098 636.1229 834.951 0.3 5.0 5.0 5.0 5.0 0.0 0.224 2 TOUCH_MOVE o
1401950955834 6 4098 634.54596 834.951 0.3 5.0 5.0 5.0 5.0 0.0 0.224 2 TOUCH_MOVE o
1401950955851 6 4098 634.0 835.88947 0.26666668 4.0 4.0 4.0 4.0 0.0 0.216 2 TOUCH_MOVE o
1401950955855 6 4098 634.0 835.951 0.26666668 4.0 4.0 4.0 4.0 0.0 0.19600001 2 TOUCH_MOVE o
1401950955859 6 4098 634.0 835.951 0.26666668 4.0 4.0 4.0 4.0 0.0 0.19600001 1 TOUCH_UP o
1401950956847 6 4098 686.5 1089.9509 0.16666667 3.0 3.0 3.0 3.0 0.0 0.148 0 TOUCH_DOWN Back
1401950956869 6 4098 686.5 1089.9509 0.16666667 3.0 3.0 3.0 3.0 0.0 0.16000001 2 TOUCH_MOVE Back
1401950957021 6 4098 683.52124 1090.2772 0.23333335 4.0 4.0 4.0 4.0 0.0 0.17600001 2 TOUCH_MOVE Back
1401950957035 6 4098 680.621 1090.9509 0.23333335 4.0 4.0 4.0 4.0 0.0 0.18 2 TOUCH_MOVE Back
1401950957053 6 4098 678.74005 1090.9509 0.23333335 4.0 4.0 4.0 4.0 0.0 0.18800001 2 TOUCH_MOVE Back
1401950957069 6 4098 677.97205 1090.9509 0.23333335 4.0 4.0 4.0 4.0 0.0 0.192 2 TOUCH_MOVE Back
1401950957085 6 4098 677.25 1090.9509 0.23333335 4.0 4.0 4.0 4.0 0.0 0.192 2 TOUCH_MOVE Back
1401950957144 6 4098 677.25 1090.9509 0.23333335 4.0 4.0 4.0 4.0 0.0 0.192 1 TOUCH_UP Back
1401950957258 6 4098 670.0 1089.4509 0.26666668 5.0 5.0 5.0 5.0 0.0 0.21200001 0 TOUCH_DOWN Back
1401950957269 6 4098 670.0 1089.4509 0.26666668 5.0 5.0 5.0 5.0 0.0 0.22000001 2 TOUCH_MOVE Back
1401950957302 6 4098 670.0 1090.0002 0.26666668 5.0 5.0 5.0 5.0 0.0 0.224 2 TOUCH_MOVE Back
1401950957320 6 4098 670.0 1090.5314 0.26666668 5.0 5.0 5.0 5.0 0.0 0.21200001 2 TOUCH_MOVE Back
1401950957347 6 4098 670.0 1090.5314 0.26666668 5.0 5.0 5.0 5.0 0.0 0.21200001 1 TOUCH_UP Back
1401950957459 6 4098 672.0 1088.4509 0.23333335 5.0 5.0 5.0 5.0 0.0 0.19600001 0 TOUCH_DOWN Back
1401950957520 6 4098 672.0 1088.5184 0.26666668 5.0 5.0 5.0 5.0 0.0 0.216 2 TOUCH_MOVE Back
1401950957536 6 4098 672.0 1089.2009 0.26666668 5.0 5.0 5.0 5.0 0.0 0.216 2 TOUCH_MOVE Back
1401950957587 6 4098 672.0 1089.2009 0.26666668 5.0 5.0 5.0 5.0 0.0 0.216 1 TOUCH_UP Back
1401950957780 6 4098 660.0 1081.4509 0.23333335 5.0 5.0 5.0 5.0 0.0 0.216 0 TOUCH_DOWN Back
1401950957786 6 4098 660.0 1081.4509 0.26666668 5.0 5.0 5.0 5.0 0.0 0.22800002 2 TOUCH_MOVE Back
1401950957820 6 4098 658.9645 1081.4509 0.26666668 5.0 5.0 5.0 5.0 0.0 0.23200001 2 TOUCH_MOVE Back
1401950957851 6 4098 658.9645 1081.4509 0.26666668 5.0 5.0 5.0 5.0 0.0 0.23200001 1 TOUCH_UP Back
1401950958899 6 4098 420.5 836.951 0.23333335 4.0 4.0 4.0 4.0 0.0 0.21200001 0 TOUCH_DOWN y
1401950958913 6 4098 420.5 836.951 0.23333335 4.0 4.0 4.0 4.0 0.0 0.216 2 TOUCH_MOVE y
1401950958951 6 4098 420.5 836.951 0.23333335 4.0 4.0 4.0 4.0 0.0 0.216 1 TOUCH_UP y
1401950959217 6 4098 263.0 1254.5 0.16666667 4.0 4.0 4.0 4.0 0.0 0.18 0 TOUCH_DOWN Space
1401950959238 6 4098 263.0 1254.0165 0.16666667 4.0 4.0 4.0 4.0 0.0 0.18400002 2 TOUCH_MOVE Space
1401950959256 6 4098 263.0 1252.7743 0.20000002 5.0 5.0 5.0 5.0 0.0 0.18800001 2 TOUCH_MOVE Space
1401950959271 6 4098 263.0 1251.6677 0.20000002 5.0 5.0 5.0 5.0 0.0 0.18800001 2 TOUCH_MOVE Space
1401950959287 6 4098 263.0 1250.7009 0.16666667 4.0 4.0 4.0 4.0 0.0 0.18800001 2 TOUCH_MOVE Space
1401950959315 6 4098 263.0 1250.7009 0.16666667 4.0 4.0 4.0 4.0 0.0 0.18800001 1 TOUCH_UP Space
1401950959893 6 4098 204.5 965.951 0.26666668 5.0 5.0 5.0 5.0 0.0 0.224 0 TOUCH_DOWN d
1401950959971 6 4098 203.81857 965.951 0.26666668 5.0 5.0 5.0 5.0 0.0 0.22800002 2 TOUCH_MOVE d
1401950959988 6 4098 202.0 966.451 0.20000002 4.0 4.0 4.0 4.0 0.0 0.2 2 TOUCH_MOVE d
1401950959997 6 4098 202.0 966.451 0.13333334 2.0 2.0 2.0 2.0 0.0 0.128 2 TOUCH_MOVE d
1401950960000 6 4098 202.0 966.451 0.13333334 2.0 2.0 2.0 2.0 0.0 0.128 1 TOUCH_UP d
1401950960283 6 4098 478.0 855.951 0.20000002 4.0 4.0 4.0 4.0 0.0 0.2 0 TOUCH_DOWN u
1401950960288 6 4098 478.0 855.951 0.23333335 4.0 4.0 4.0 4.0 0.0 0.21200001 2 TOUCH_MOVE u
1401950960345 6 4098 478.0 855.951 0.23333335 4.0 4.0 4.0 4.0 0.0 0.21200001 1 TOUCH_UP u
1401950960585 6 4098 628.0 848.451 0.23333335 4.0 4.0 4.0 4.0 0.0 0.208 0 TOUCH_DOWN o
1401950960672 6 4098 627.5 848.451 0.20000002 4.0 4.0 4.0 4.0 0.0 0.16000001 2 TOUCH_MOVE o
1401950960675 6 4098 627.5 848.451 0.20000002 4.0 4.0 4.0 4.0 0.0 0.16000001 1 TOUCH_UP o
1401950961139 6 4098 525.0 1078.4509 0.20000002 4.0 4.0 4.0 4.0 0.0 0.2 0 TOUCH_DOWN n
1401950961161 6 4098 525.0 1078.4509 0.23333335 4.0 4.0 4.0 4.0 0.0 0.21200001 2 TOUCH_MOVE n
1401950961223 6 4098 525.0 1078.4509 0.23333335 4.0 4.0 4.0 4.0 0.0 0.21200001 1 TOUCH_UP n
1401950961411 6 4098 352.0 943.951 0.26666668 5.0 5.0 5.0 5.0 0.0 0.208 0 TOUCH_DOWN g
1401950961423 6 4098 352.0 943.951 0.3 5.0 5.0 5.0 5.0 0.0 0.21200001 2 TOUCH_MOVE g
1401950961456 6 4098 353.4208 942.451 0.33333334 5.0 5.0 5.0 5.0 0.0 0.24000001 2 TOUCH_MOVE g
1401950961473 6 4098 354.25 942.451 0.33333334 5.0 5.0 5.0 5.0 0.0 0.23600002 2 TOUCH_MOVE g
1401950961498 6 4098 354.25 942.451 0.33333334 5.0 5.0 5.0 5.0 0.0 0.23600002 1 TOUCH_UP g
1401950961924 6 4098 260.5 1238.4509 0.20000002 4.0 4.0 4.0 4.0 0.0 0.18800001 0 TOUCH_DOWN Space
1401950961943 6 4098 260.5 1238.4509 0.20000002 4.0 4.0 4.0 4.0 0.0 0.192 2 TOUCH_MOVE Space
1401950961973 6 4098 260.5 1237.6812 0.20000002 4.0 4.0 4.0 4.0 0.0 0.19600001 2 TOUCH_MOVE Space
1401950961991 6 4098 260.5 1236.7157 0.20000002 4.0 4.0 4.0 4.0 0.0 0.19600001 2 TOUCH_MOVE Space
1401950962041 6 4098 260.5 1236.7157 0.20000002 4.0 4.0 4.0 4.0 0.0 0.19600001 1 TOUCH_UP Space
1401950962480 6 4098 610.5 1089.9509 0.26666668 5.0 5.0 5.0 5.0 0.0 0.18800001 0 TOUCH_DOWN m
1401950962490 6 4098 610.5 1089.9509 0.26666668 5.0 5.0 5.0 5.0 0.0 0.19600001 2 TOUCH_MOVE m
1401950962524 6 4098 609.95935 1090.9916 0.26666668 5.0 5.0 5.0 5.0 0.0 0.21200001 2 TOUCH_MOVE m
1401950962540 6 4098 608.9979 1091.953 0.26666668 5.0 5.0 5.0 5.0 0.0 0.216 2 TOUCH_MOVE m
1401950962557 6 4098 608.0365 1092.9144 0.26666668 5.0 5.0 5.0 5.0 0.0 0.216 2 TOUCH_MOVE m
1401950962574 6 4098 607.5 1093.8503 0.26666668 5.0 5.0 5.0 5.0 0.0 0.21200001 2 TOUCH_MOVE m
1401950962587 6 4098 607.5 1093.9509 0.26666668 5.0 5.0 5.0 5.0 0.0 0.208 2 TOUCH_MOVE m
1401950962591 6 4098 607.5 1093.9509 0.26666668 5.0 5.0 5.0 5.0 0.0 0.208 1 TOUCH_UP m
1401950962804 6 4098 56.0 962.451 0.16666667 3.0 3.0 3.0 3.0 0.0 0.192 0 TOUCH_DOWN a
1401950962825 6 4098 56.434364 962.451 0.20000002 3.0 3.0 3.0 3.0 0.0 0.2 2 TOUCH_MOVE a
1401950962841 6 4098 59.61113 962.451 0.23333335 4.0 4.0 4.0 4.0 0.0 0.216 2 TOUCH_MOVE a
1401950962858 6 4098 63.886143 962.451 0.26666668 4.0 4.0 4.0 4.0 0.0 0.224 2 TOUCH_MOVE a
1401950962874 6 4098 65.74943 962.451 0.26666668 4.0 4.0 4.0 4.0 0.0 0.224 2 TOUCH_MOVE a
1401950962891 6 4098 66.25 962.451 0.26666668 4.0 4.0 4.0 4.0 0.0 0.22000001 2 TOUCH_MOVE a
1401950962901 6 4098 66.25 962.451 0.26666668 4.0 4.0 4.0 4.0 0.0 0.22000001 1 TOUCH_UP a
1401950963192 6 4098 395.5 822.451 0.3 5.0 5.0 5.0 5.0 0.0 0.21200001 0 TOUCH_DOWN y
1401950963211 6 4098 395.5 822.451 0.3 5.0 5.0 5.0 5.0 0.0 0.22000001 2 TOUCH_MOVE y
1401950963288 6 4098 395.5 822.451 0.3 5.0 5.0 5.0 5.0 0.0 0.22000001 1 TOUCH_UP y
1401950963622 6 4098 299.5 1252.4509 0.16666667 4.0 4.0 4.0 4.0 0.0 0.18800001 0 TOUCH_DOWN Space
1401950963653 6 4098 300.5 1250.9111 0.16666667 4.0 4.0 4.0 4.0 0.0 0.192 2 TOUCH_MOVE Space
1401950963658 6 4098 300.5 1250.2009 0.16666667 4.0 4.0 4.0 4.0 0.0 0.18800001 2 TOUCH_MOVE Space
1401950963673 6 4098 300.5 1250.2009 0.16666667 4.0 4.0 4.0 4.0 0.0 0.18800001 1 TOUCH_UP Space
1401950965153 6 4098 296.0 1220.4509 0.23333335 4.0 4.0 4.0 4.0 0.0 0.20400001 0 TOUCH_DOWN Space
1401950965210 6 4098 296.0 1220.4509 0.20000002 3.0 3.0 3.0 3.0 0.0 0.19600001 2 TOUCH_MOVE Space
1401950965215 6 4098 296.0 1220.4509 0.20000002 3.0 3.0 3.0 3.0 0.0 0.19600001 1 TOUCH_UP Space
1401950966265 6 4098 687.5 1079.9509 0.16666667 3.0 3.0 3.0 3.0 0.0 0.19600001 0 TOUCH_DOWN Back
1401950966280 6 4098 687.5 1079.9509 0.20000002 4.0 4.0 4.0 4.0 0.0 0.2 2 TOUCH_MOVE Back
1401950966294 6 4098 686.96936 1079.9509 0.23333335 4.0 4.0 4.0 4.0 0.0 0.21200001 2 TOUCH_MOVE Back
1401950966311 6 4098 686.25 1079.9509 0.23333335 4.0 4.0 4.0 4.0 0.0 0.21200001 2 TOUCH_MOVE Back
1401950966327 6 4098 685.9841 1079.9509 0.23333335 4.0 4.0 4.0 4.0 0.0 0.20400001 2 TOUCH_MOVE Back
1401950966344 6 4098 685.25 1079.9509 0.20000002 4.0 4.0 4.0 4.0 0.0 0.19600001 2 TOUCH_MOVE Back
1401950966350 6 4098 685.25 1079.9509 0.20000002 4.0 4.0 4.0 4.0 0.0 0.19600001 1 TOUCH_UP Back
1401950966472 6 4098 677.0 1084.4509 0.20000002 4.0 4.0 4.0 4.0 0.0 0.19600001 0 TOUCH_DOWN Back
1401950966478 6 4098 677.0 1084.4509 0.20000002 4.0 4.0 4.0 4.0 0.0 0.2 2 TOUCH_MOVE Back
1401950966552 6 4098 677.0 1084.4509 0.20000002 4.0 4.0 4.0 4.0 0.0 0.2 1 TOUCH_UP Back
1401950967995 6 4098 692.5 1200.4509 0.16666667 3.0 3.0 3.0 3.0 0.0 0.192 0 TOUCH_DOWN Enter
1401950968024 6 4098 692.5 1201.2443 0.23333335 4.0 4.0 4.0 4.0 0.0 0.2 2 TOUCH_MOVE Enter
1401950968029 6 4098 692.5 1202.189 0.23333335 4.0 4.0 4.0 4.0 0.0 0.2 2 TOUCH_MOVE Enter
1401950968046 6 4098 692.5 1203.1703 0.23333335 4.0 4.0 4.0 4.0 0.0 0.20400001 2 TOUCH_MOVE Enter
1401950968063 6 4098 692.5 1203.7009 0.23333335 4.0 4.0 4.0 4.0 0.0 0.2 2 TOUCH_MOVE Enter
1401950968072 6 4098 692.5 1203.4509 0.13333334 2.0 2.0 2.0 2.0 0.0 0.17600001 2 TOUCH_MOVE Enter
1401950968076 6 4098 692.5 1203.4509 0.13333334 2.0 2.0 2.0 2.0 0.0 0.17600001 1 TOUCH_UP Enter
1401950969011 6 4098 208.0 967.951 0.20000002 4.0 4.0 4.0 4.0 0.0 0.216 0 TOUCH_DOWN D
1401950969030 6 4098 208.0 967.951 0.26666668 5.0 5.0 5.0 5.0 0.0 0.22000001 2 TOUCH_MOVE D
1401950969063 6 4098 207.11525 967.951 0.26666668 5.0 5.0 5.0 5.0 0.0 0.23200001 2 TOUCH_MOVE D
1401950969080 6 4098 206.09123 968.85974 0.26666668 5.0 5.0 5.0 5.0 0.0 0.22800002 2 TOUCH_MOVE D
1401950969096 6 4098 205.0 969.451 0.23333335 4.0 4.0 4.0 4.0 0.0 0.208 2 TOUCH_MOVE D
1401950969103 6 4098 205.0 969.451 0.16666667 3.0 3.0 3.0 3.0 0.0 0.18 2 TOUCH_MOVE D
1401950969106 6 4098 205.0 969.451 0.16666667 3.0 3.0 3.0 3.0 0.0 0.18 1 TOUCH_UP D
1401950969327 6 4098 609.5 837.451 0.3 5.0 5.0 5.0 5.0 0.0 0.19600001 0 TOUCH_DOWN o
1401950969394 6 4098 609.5 837.451 0.3 5.0 5.0 5.0 5.0 0.0 0.19600001 1 TOUCH_UP o
1401950969778 6 4098 536.0 1084.9509 0.20000002 4.0 4.0 4.0 4.0 0.0 0.208 0 TOUCH_DOWN m
1401950969797 6 4098 536.0 1085.3551 0.23333335 4.0 4.0 4.0 4.0 0.0 0.21200001 2 TOUCH_MOVE m
1401950969814 6 4098 535.2737 1086.1772 0.26666668 5.0 5.0 5.0 5.0 0.0 0.224 2 TOUCH_MOVE m
1401950969831 6 4098 534.26733 1087.1836 0.23333335 4.0 4.0 4.0 4.0 0.0 0.224 2 TOUCH_MOVE m
1401950969848 6 4098 533.3147 1088.1362 0.26666668 5.0 5.0 5.0 5.0 0.0 0.224 2 TOUCH_MOVE m
1401950969866 6 4098 532.3395 1088.4509 0.23333335 4.0 4.0 4.0 4.0 0.0 0.21200001 2 TOUCH_MOVE m
1401950969876 6 4098 532.3395 1088.4509 0.23333335 4.0 4.0 4.0 4.0 0.0 0.21200001 1 TOUCH_UP m
1401950970003 6 4098 355.0 965.951 0.23333335 4.0 4.0 4.0 4.0 0.0 0.216 0 TOUCH_DOWN g
1401950970071 6 4098 355.0 965.951 0.23333335 4.0 4.0 4.0 4.0 0.0 0.216 1 TOUCH_UP g
1401950970752 6 4098 692.0 1087.9509 0.16666667 3.0 3.0 3.0 3.0 0.0 0.19600001 0 TOUCH_DOWN Back
1401950970784 6 4098 690.90234 1089.4509 0.26666668 5.0 5.0 5.0 5.0 0.0 0.22000001 2 TOUCH_MOVE Back
1401950970798 6 4098 689.47437 1089.9637 0.3 5.0 5.0 5.0 5.0 0.0 0.22000001 2 TOUCH_MOVE Back
1401950970818 6 4098 688.446 1089.9509 0.26666668 5.0 5.0 5.0 5.0 0.0 0.22000001 2 TOUCH_MOVE Back
1401950970833 6 4098 687.4997 1090.4513 0.23333335 4.0 4.0 4.0 4.0 0.0 0.21200001 2 TOUCH_MOVE Back
1401950970869 6 4098 687.4997 1090.4513 0.23333335 4.0 4.0 4.0 4.0 0.0 0.21200001 1 TOUCH_UP Back
1401950970953 6 4098 679.5 1083.4509 0.20000002 4.0 4.0 4.0 4.0 0.0 0.2 0 TOUCH_DOWN Back
1401950970965 6 4098 679.5 1083.4509 0.23333335 5.0 5.0 5.0 5.0 0.0 0.21200001 2 TOUCH_MOVE Back
1401950971007 6 4098 678.37115 1083.9509 0.26666668 5.0 5.0 5.0 5.0 0.0 0.22000001 2 TOUCH_MOVE Back
1401950971033 6 4098 677.25 1084.7009 0.26666668 5.0 5.0 5.0 5.0 0.0 0.22000001 2 TOUCH_MOVE Back
1401950971055 6 4098 677.25 1084.7009 0.26666668 5.0 5.0 5.0 5.0 0.0 0.22000001 1 TOUCH_UP Back
1401950971675 6 4098 515.5 1081.9509 0.20000002 4.0 4.0 4.0 4.0 0.0 0.20400001 0 TOUCH_DOWN n
1401950971682 6 4098 515.5 1081.9509 0.20000002 4.0 4.0 4.0 4.0 0.0 0.216 2 TOUCH_MOVE n
1401950971769 6 4098 515.5 1081.9509 0.20000002 4.0 4.0 4.0 4.0 0.0 0.216 1 TOUCH_UP n
1401950972002 6 4098 356.0 966.951 0.20000002 4.0 4.0 4.0 4.0 0.0 0.20400001 0 TOUCH_DOWN g
1401950972022 6 4098 356.0 966.951 0.23333335 4.0 4.0 4.0 4.0 0.0 0.208 2 TOUCH_MOVE g
1401950972043 6 4098 356.0 966.951 0.23333335 4.0 4.0 4.0 4.0 0.0 0.208 1 TOUCH_UP g
1401950972562 6 4098 218.5 1221.9509 0.26666668 5.0 5.0 5.0 5.0 0.0 0.192 0 TOUCH_DOWN Space
1401950972573 6 4098 218.5 1221.9509 0.26666668 5.0 5.0 5.0 5.0 0.0 0.19600001 2 TOUCH_MOVE Space
1401950972631 6 4098 219.5084 1221.9509 0.26666668 5.0 5.0 5.0 5.0 0.0 0.208 2 TOUCH_MOVE Space
1401950972659 6 4098 219.5084 1221.9509 0.26666668 5.0 5.0 5.0 5.0 0.0 0.208 1 TOUCH_UP Space
1401950973131 6 4098 517.5 1088.4509 0.23333335 4.0 4.0 4.0 4.0 0.0 0.20400001 0 TOUCH_DOWN n
1401950973154 6 4098 517.5 1088.4509 0.23333335 4.0 4.0 4.0 4.0 0.0 0.21200001 2 TOUCH_MOVE n
1401950973184 6 4098 518.11487 1089.0658 0.23333335 4.0 4.0 4.0 4.0 0.0 0.22000001 2 TOUCH_MOVE n
1401950973203 6 4098 518.11487 1089.0658 0.23333335 4.0 4.0 4.0 4.0 0.0 0.22000001 1 TOUCH_UP n
1401950973572 6 4098 470.5 812.951 0.20000002 4.0 4.0 4.0 4.0 0.0 0.18400002 0 TOUCH_DOWN u
1401950973584 6 4098 470.5 813.311 0.20000002 4.0 4.0 4.0 4.0 0.0 0.18 2 TOUCH_MOVE u
1401950973597 6 4098 470.5 813.451 0.20000002 4.0 4.0 4.0 4.0 0.0 0.164 2 TOUCH_MOVE u
1401950973602 6 4098 470.5 813.451 0.20000002 4.0 4.0 4.0 4.0 0.0 0.164 1 TOUCH_UP u
1401950973856 6 4098 642.5 845.451 0.23333335 4.0 4.0 4.0 4.0 0.0 0.21200001 0 TOUCH_DOWN o
1401950973869 6 4098 642.5 845.451 0.23333335 4.0 4.0 4.0 4.0 0.0 0.208 2 TOUCH_MOVE o
1401950973885 6 4098 641.93896 845.451 0.23333335 4.0 4.0 4.0 4.0 0.0 0.20400001 2 TOUCH_MOVE o
1401950973901 6 4098 639.85614 845.451 0.20000002 3.0 3.0 3.0 3.0 0.0 0.192 2 TOUCH_MOVE o
1401950973910 6 4098 640.0 845.451 0.13333334 2.0 2.0 2.0 2.0 0.0 0.16000001 2 TOUCH_MOVE o
1401950973914 6 4098 640.0 845.451 0.13333334 2.0 2.0 2.0 2.0 0.0 0.16000001 1 TOUCH_UP o
1401950974283 6 4098 267.0 1095.4509 0.3 5.0 5.0 5.0 5.0 0.0 0.21200001 0 TOUCH_DOWN c
1401950974320 6 4098 267.0 1096.3081 0.3 5.0 5.0 5.0 5.0 0.0 0.216 2 TOUCH_MOVE c
1401950974335 6 4098 267.0 1096.6809 0.3 5.0 5.0 5.0 5.0 0.0 0.21200001 2 TOUCH_MOVE c
1401950974346 6 4098 267.0 1096.6809 0.3 5.0 5.0 5.0 5.0 0.0 0.21200001 1 TOUCH_UP c
1401950974838 6 4098 223.0 1248.4509 0.16666667 4.0 4.0 4.0 4.0 0.0 0.17600001 0 TOUCH_DOWN Space
1401950974855 6 4098 223.0 1248.4509 0.16666667 4.0 4.0 4.0 4.0 0.0 0.172 2 TOUCH_MOVE Space
1401950974882 6 4098 223.0 1248.4509 0.13333334 3.0 3.0 3.0 3.0 0.0 0.116000004 2 TOUCH_MOVE Space
1401950974886 6 4098 223.0 1248.4509 0.13333334 3.0 3.0 3.0 3.0 0.0 0.116000004 1 TOUCH_UP Space
1401950976169 6 4098 431.5 1074.9509 0.20000002 4.0 4.0 4.0 4.0 0.0 0.19600001 0 TOUCH_DOWN b
1401950976187 6 4098 431.5 1074.9509 0.23333335 4.0 4.0 4.0 4.0 0.0 0.208 2 TOUCH_MOVE b
1401950976273 6 4098 431.5 1074.9509 0.23333335 4.0 4.0 4.0 4.0 0.0 0.208 1 TOUCH_UP b
1401950977060 6 4098 465.5 829.951 0.3 5.0 5.0 5.0 5.0 0.0 0.224 0 TOUCH_DOWN u
1401950977071 6 4098 465.5 829.951 0.3 5.0 5.0 5.0 5.0 0.0 0.23200001 2 TOUCH_MOVE u
1401950977121 6 4098 466.9598 829.951 0.3 5.0 5.0 5.0 5.0 0.0 0.23600002 2 TOUCH_MOVE u
1401950977139 6 4098 467.25 829.951 0.3 5.0 5.0 5.0 5.0 0.0 0.224 2 TOUCH_MOVE u
1401950977144 6 4098 467.25 829.951 0.3 5.0 5.0 5.0 5.0 0.0 0.224 1 TOUCH_UP u
1401950977753 6 4098 611.5 824.451 0.33333334 5.0 5.0 5.0 5.0 0.0 0.208 0 TOUCH_DOWN o
1401950977777 6 4098 611.5 824.451 0.33333334 5.0 5.0 5.0 5.0 0.0 0.21200001 2 TOUCH_MOVE o
1401950977823 6 4098 610.75 825.701 0.33333334 5.0 5.0 5.0 5.0 0.0 0.224 2 TOUCH_MOVE o
1401950977838 6 4098 610.14105 826.30994 0.3 5.0 5.0 5.0 5.0 0.0 0.208 2 TOUCH_MOVE o
1401950977843 6 4098 610.0 826.451 0.3 5.0 5.0 5.0 5.0 0.0 0.18800001 2 TOUCH_MOVE o
1401950977846 6 4098 610.0 826.451 0.3 5.0 5.0 5.0 5.0 0.0 0.18800001 1 TOUCH_UP o
1401950978221 6 4098 525.0 1097.9509 0.20000002 4.0 4.0 4.0 4.0 0.0 0.192 0 TOUCH_DOWN n
1401950978225 6 4098 525.0 1097.9509 0.20000002 4.0 4.0 4.0 4.0 0.0 0.2 2 TOUCH_MOVE n
1401950978255 6 4098 525.0 1098.9133 0.26666668 4.0 4.0 4.0 4.0 0.0 0.20400001 2 TOUCH_MOVE n
1401950978272 6 4098 525.0 1099.3856 0.26666668 4.0 4.0 4.0 4.0 0.0 0.216 2 TOUCH_MOVE n
1401950978289 6 4098 525.0 1100.2009 0.26666668 4.0 4.0 4.0 4.0 0.0 0.216 2 TOUCH_MOVE n
1401950978322 6 4098 525.0 1100.7292 0.23333335 4.0 4.0 4.0 4.0 0.0 0.19600001 2 TOUCH_MOVE n
1401950978329 6 4098 525.0 1100.9509 0.20000002 4.0 4.0 4.0 4.0 0.0 0.18 2 TOUCH_MOVE n
1401950978332 6 4098 525.0 1100.9509 0.20000002 4.0 4.0 4.0 4.0 0.0 0.18 1 TOUCH_UP n
1401950978629 6 4098 274.0 1229.9509 0.26666668 5.0 5.0 5.0 5.0 0.0 0.192 0 TOUCH_DOWN Space
1401950978639 6 4098 274.0 1229.9509 0.26666668 5.0 5.0 5.0 5.0 0.0 0.2 2 TOUCH_MOVE Space
1401950978704 6 4098 274.0 1229.9509 0.26666668 5.0 5.0 5.0 5.0 0.0 0.2 1 TOUCH_UP Space
1401950979314 6 4098 318.5 821.451 0.3 5.0 5.0 5.0 5.0 0.0 0.23200001 0 TOUCH_DOWN t
1401950979382 6 4098 318.5 821.451 0.3 5.0 5.0 5.0 5.0 0.0 0.23200001 1 TOUCH_UP t
1401950979524 6 4098 427.5 924.951 0.26666668 4.0 4.0 4.0 4.0 0.0 0.22000001 0 TOUCH_DOWN h
1401950979529 6 4098 427.5 924.951 0.26666668 4.0 4.0 4.0 4.0 0.0 0.224 2 TOUCH_MOVE h
1401950979556 6 4098 426.47824 924.951 0.26666668 4.0 4.0 4.0 4.0 0.0 0.224 2 TOUCH_MOVE h
1401950979575 6 4098 425.5289 924.951 0.26666668 4.0 4.0 4.0 4.0 0.0 0.21200001 2 TOUCH_MOVE h
1401950979585 6 4098 425.0 924.951 0.13333334 2.0 2.0 2.0 2.0 0.0 0.16000001 2 TOUCH_MOVE h
1401950979588 6 4098 425.0 924.951 0.13333334 2.0 2.0 2.0 2.0 0.0 0.16000001 1 TOUCH_UP h
1401950979914 6 4098 480.5 829.951 0.26666668 5.0 5.0 5.0 5.0 0.0 0.2 0 TOUCH_DOWN u
1401950979959 6 4098 480.5 829.951 0.23333335 4.0 4.0 4.0 4.0 0.0 0.18 2 TOUCH_MOVE u
1401950979969 6 4098 480.5 829.951 0.23333335 4.0 4.0 4.0 4.0 0.0 0.18 1 TOUCH_UP u
1401950980698 6 4098 662.0 1135.9509 0.23333335 5.0 5.0 5.0 5.0 0.0 0.20400001 0 TOUCH_DOWN Back
1401950980724 6 4098 661.54364 1135.9509 0.23333335 5.0 5.0 5.0 5.0 0.0 0.208 2 TOUCH_MOVE Back
1401950980743 6 4098 660.622 1135.0729 0.26666668 5.0 5.0 5.0 5.0 0.0 0.216 2 TOUCH_MOVE Back
1401950980758 6 4098 659.661 1133.773 0.26666668 5.0 5.0 5.0 5.0 0.0 0.216 2 TOUCH_MOVE Back
1401950980774 6 4098 660.0942 1130.5597 0.26666668 5.0 5.0 5.0 5.0 0.0 0.21200001 2 TOUCH_MOVE Back
1401950980792 6 4098 662.0 1128.4509 0.3 5.0 5.0 5.0 5.0 0.0 0.18800001 2 TOUCH_MOVE Back
1401950980798 6 4098 662.0 1128.4509 0.20000002 3.0 3.0 3.0 3.0 0.0 0.104 2 TOUCH_MOVE Back
1401950980803 6 4098 662.0 1128.4509 0.20000002 3.0 3.0 3.0 3.0 0.0 0.104 1 TOUCH_UP Back
1401950981178 6 4098 547.5 825.451 0.33333334 5.0 5.0 5.0 5.0 0.0 0.22800002 0 TOUCH_DOWN i
1401950981260 6 4098 547.5 825.451 0.33333334 5.0 5.0 5.0 5.0 0.0 0.22800002 1 TOUCH_UP i
1401950981430 6 4098 491.0 836.451 0.26666668 4.0 4.0 4.0 4.0 0.0 0.22000001 0 TOUCH_DOWN u
1401950981486 6 4098 491.0 836.451 0.26666668 4.0 4.0 4.0 4.0 0.0 0.22000001 1 TOUCH_UP u
1401950982056 6 4098 263.0 1249.9509 0.16666667 4.0 4.0 4.0 4.0 0.0 0.18 0 TOUCH_DOWN Space
1401950982085 6 4098 263.0 1249.651 0.16666667 4.0 4.0 4.0 4.0 0.0 0.18400002 2 TOUCH_MOVE Space
1401950982100 6 4098 263.3651 1249.0858 0.20000002 5.0 5.0 5.0 5.0 0.0 0.18800001 2 TOUCH_MOVE Space
1401950982109 6 4098 264.3295 1248.1215 0.20000002 5.0 5.0 5.0 5.0 0.0 0.192 2 TOUCH_MOVE Space
1401950982125 6 4098 265.0 1247.1563 0.20000002 5.0 5.0 5.0 5.0 0.0 0.192 2 TOUCH_MOVE Space
1401950982142 6 4098 265.0 1246.7009 0.20000002 5.0 5.0 5.0 5.0 0.0 0.192 2 TOUCH_MOVE Space
1401950982172 6 4098 265.0 1246.7009 0.20000002 5.0 5.0 5.0 5.0 0.0 0.192 1 TOUCH_UP Space
1401950982304 6 4098 440.5 956.951 0.3 5.0 5.0 5.0 5.0 0.0 0.21200001 0 TOUCH_DOWN h
1401950982311 6 4098 440.5 956.951 0.3 5.0 5.0 5.0 5.0 0.0 0.22000001 2 TOUCH_MOVE h
1401950982359 6 4098 439.6151 956.951 0.3 5.0 5.0 5.0 5.0 0.0 0.23600002 2 TOUCH_MOVE h
1401950982376 6 4098 439.2676 956.951 0.3 5.0 5.0 5.0 5.0 0.0 0.23600002 2 TOUCH_MOVE h
1401950982412 6 4098 439.2676 956.951 0.3 5.0 5.0 5.0 5.0 0.0 0.23600002 1 TOUCH_UP h
1401950982604 6 4098 635.0 853.451 0.23333335 4.0 4.0 4.0 4.0 0.0 0.216 0 TOUCH_DOWN o
1401950982609 6 4098 635.0 853.451 0.26666668 5.0 5.0 5.0 5.0 0.0 0.224 2 TOUCH_MOVE o
1401950982643 6 4098 634.46643 853.451 0.3 5.0 5.0 5.0 5.0 0.0 0.23600002 2 TOUCH_MOVE o
1401950982659 6 4098 633.40283 853.451 0.3 5.0 5.0 5.0 5.0 0.0 0.22800002 2 TOUCH_MOVE o
1401950982677 6 4098 633.5 853.451 0.23333335 4.0 4.0 4.0 4.0 0.0 0.20400001 2 TOUCH_MOVE o
1401950982689 6 4098 633.5 853.451 0.23333335 4.0 4.0 4.0 4.0 0.0 0.20400001 1 TOUCH_UP o
1401950982890 6 4098 52.0 941.451 0.26666668 5.0 5.0 5.0 5.0 0.0 0.19600001 0 TOUCH_DOWN a
1401950982897 6 4098 52.0 941.451 0.26666668 5.0 5.0 5.0 5.0 0.0 0.2 2 TOUCH_MOVE a
1401950982927 6 4098 52.50143 941.451 0.26666668 5.0 5.0 5.0 5.0 0.0 0.21200001 2 TOUCH_MOVE a
1401950982943 6 4098 53.456272 941.451 0.26666668 5.0 5.0 5.0 5.0 0.0 0.216 2 TOUCH_MOVE a
1401950982961 6 4098 53.75 941.451 0.26666668 5.0 5.0 5.0 5.0 0.0 0.216 2 TOUCH_MOVE a
1401950982972 6 4098 53.5 941.451 0.26666668 5.0 5.0 5.0 5.0 0.0 0.18400002 2 TOUCH_MOVE a
1401950982975 6 4098 53.5 941.451 0.26666668 5.0 5.0 5.0 5.0 0.0 0.18400002 1 TOUCH_UP a
1401950983459 6 4098 259.0 1251.4509 0.16666667 4.0 4.0 4.0 4.0 0.0 0.18 0 TOUCH_DOWN Space
1401950983522 6 4098 259.0 1250.2852 0.16666667 4.0 4.0 4.0 4.0 0.0 0.18800001 2 TOUCH_MOVE Space
1401950983527 6 4098 259.0 1249.2798 0.16666667 4.0 4.0 4.0 4.0 0.0 0.18800001 2 TOUCH_MOVE Space
1401950983543 6 4098 259.0 1248.7009 0.16666667 4.0 4.0 4.0 4.0 0.0 0.18800001 2 TOUCH_MOVE Space
1401950983562 6 4098 259.0 1248.9509 0.13333334 3.0 3.0 3.0 3.0 0.0 0.164 2 TOUCH_MOVE Space
1401950983570 6 4098 259.0 1248.9509 0.13333334 3.0 3.0 3.0 3.0 0.0 0.164 1 TOUCH_UP Space
1401950983761 6 4098 428.5 1086.9509 0.23333335 4.0 4.0 4.0 4.0 0.0 0.208 0 TOUCH_DOWN b
1401950983794 6 4098 428.5 1087.4734 0.23333335 4.0 4.0 4.0 4.0 0.0 0.224 2 TOUCH_MOVE b
1401950983827 6 4098 428.5 1088.1047 0.23333335 4.0 4.0 4.0 4.0 0.0 0.224 2 TOUCH_MOVE b
1401950983856 6 4098 428.5 1087.9509 0.20000002 4.0 4.0 4.0 4.0 0.0 0.156 2 TOUCH_MOVE b
1401950983865 6 4098 428.5 1087.9509 0.20000002 4.0 4.0 4.0 4.0 0.0 0.156 1 TOUCH_UP b
1401950984030 6 4098 53.5 980.451 0.20000002 3.0 3.0 3.0 3.0 0.0 0.20400001 0 TOUCH_DOWN a
1401950984044 6 4098 53.5 980.451 0.23333335 4.0 4.0 4.0 4.0 0.0 0.208 2 TOUCH_MOVE a
1401950984062 6 4098 55.805367 980.451 0.26666668 4.0 4.0 4.0 4.0 0.0 0.22000001 2 TOUCH_MOVE a
1401950984081 6 4098 58.77998 980.451 0.26666668 4.0 4.0 4.0 4.0 0.0 0.22000001 2 TOUCH_MOVE a
1401950984096 6 4098 60.396446 980.451 0.26666668 4.0 4.0 4.0 4.0 0.0 0.22000001 2 TOUCH_MOVE a
1401950984107 6 4098 60.5 980.451 0.26666668 4.0 4.0 4.0 4.0 0.0 0.21200001 2 TOUCH_MOVE a
1401950984116 6 4098 60.5 980.451 0.26666668 4.0 4.0 4.0 4.0 0.0 0.21200001 1 TOUCH_UP a
1401950984273 6 4098 711.0 859.951 0.16666667 3.0 3.0 3.0 3.0 0.0 0.192 0 TOUCH_DOWN p
1401950984295 6 4098 711.47644 860.4274 0.20000002 3.0 3.0 3.0 3.0 0.0 0.2 2 TOUCH_MOVE p
1401950984311 6 4098 711.5 861.3674 0.20000002 3.0 3.0 3.0 3.0 0.0 0.216 2 TOUCH_MOVE p
1401950984329 6 4098 711.5 862.3325 0.23333335 4.0 4.0 4.0 4.0 0.0 0.22000001 2 TOUCH_MOVE p
1401950984344 6 4098 711.5 863.2946 0.23333335 4.0 4.0 4.0 4.0 0.0 0.224 2 TOUCH_MOVE p
1401950984369 6 4098 711.5 863.701 0.23333335 4.0 4.0 4.0 4.0 0.0 0.216 2 TOUCH_MOVE p
1401950984382 6 4098 711.5 863.701 0.23333335 4.0 4.0 4.0 4.0 0.0 0.216 1 TOUCH_UP p
1401950984631 6 4098 275.0 1259.5 0.20000002 5.0 5.0 5.0 5.0 0.0 0.16800001 0 TOUCH_DOWN Space
1401950984649 6 4098 275.0 1259.5 0.20000002 5.0 5.0 5.0 5.0 0.0 0.17600001 2 TOUCH_MOVE Space
1401950984678 6 4098 275.0 1259.5 0.20000002 5.0 5.0 5.0 5.0 0.0 0.17600001 1 TOUCH_UP Space
1401950985176 6 4098 680.5 967.951 0.20000002 4.0 4.0 4.0 4.0 0.0 0.19600001 0 TOUCH_DOWN l
1401950985200 6 4098 680.0531 967.951 0.20000002 4.0 4.0 4.0 4.0 0.0 0.20400001 2 TOUCH_MOVE l
1401950985216 6 4098 678.2167 967.951 0.23333335 5.0 5.0 5.0 5.0 0.0 0.216 2 TOUCH_MOVE l
1401950985228 6 4098 676.2617 967.951 0.23333335 5.0 5.0 5.0 5.0 0.0 0.216 2 TOUCH_MOVE l
1401950985245 6 4098 675.17413 967.951 0.23333335 5.0 5.0 5.0 5.0 0.0 0.208 2 TOUCH_MOVE l
1401950985262 6 4098 674.75 967.951 0.23333335 5.0 5.0 5.0 5.0 0.0 0.20400001 2 TOUCH_MOVE l
1401950985275 6 4098 674.75 967.951 0.23333335 5.0 5.0 5.0 5.0 0.0 0.20400001 1 TOUCH_UP l
1401950985530 6 4098 66.0 995.951 0.26666668 5.0 5.0 5.0 5.0 0.0 0.208 0 TOUCH_DOWN a
1401950985547 6 4098 66.0 995.951 0.3 5.0 5.0 5.0 5.0 0.0 0.216 2 TOUCH_MOVE a
1401950985562 6 4098 66.5181 995.43286 0.26666668 4.0 4.0 4.0 4.0 0.0 0.22800002 2 TOUCH_MOVE a
1401950985582 6 4098 68.0 992.701 0.26666668 4.0 4.0 4.0 4.0 0.0 0.224 2 TOUCH_MOVE a
1401950985597 6 4098 67.46707 989.85223 0.26666668 4.0 4.0 4.0 4.0 0.0 0.224 2 TOUCH_MOVE a
1401950985612 6 4098 62.3987 985.87866 0.20000002 3.0 3.0 3.0 3.0 0.0 0.18 2 TOUCH_MOVE a
1401950985618 6 4098 62.3987 985.87866 0.20000002 3.0 3.0 3.0 3.0 0.0 0.18 1 TOUCH_UP a
1401950986231 6 4098 399.0 829.451 0.3 5.0 5.0 5.0 5.0 0.0 0.192 0 TOUCH_DOWN y
1401950986257 6 4098 399.0 829.451 0.3 5.0 5.0 5.0 5.0 0.0 0.20400001 2 TOUCH_MOVE y
1401950986327 6 4098 399.0 829.451 0.3 5.0 5.0 5.0 5.0 0.0 0.20400001 1 TOUCH_UP y
1401950987338 6 4098 698.0 1196.4509 0.16666667 3.0 3.0 3.0 3.0 0.0 0.19600001 0 TOUCH_DOWN Enter
1401950987348 6 4098 698.0 1196.4509 0.20000002 4.0 4.0 4.0 4.0 0.0 0.208 2 TOUCH_MOVE Enter
1401950987380 6 4098 696.3616 1196.4509 0.23333335 4.0 4.0 4.0 4.0 0.0 0.216 2 TOUCH_MOVE Enter
1401950987397 6 4098 694.9697 1196.4509 0.23333335 4.0 4.0 4.0 4.0 0.0 0.216 2 TOUCH_MOVE Enter
1401950987417 6 4098 694.25 1196.4509 0.23333335 4.0 4.0 4.0 4.0 0.0 0.21200001 2 TOUCH_MOVE Enter
1401950987430 6 4098 693.75 1196.4509 0.20000002 4.0 4.0 4.0 4.0 0.0 0.208 2 TOUCH_MOVE Enter
1401950987436 6 4098 693.75 1196.4509 0.20000002 4.0 4.0 4.0 4.0 0.0 0.208 1 TOUCH_UP Enter
1401950988461 6 4098 307.5 829.951 0.3 5.0 5.0 5.0 5.0 0.0 0.224 0 TOUCH_DOWN T
1401950988483 6 4098 307.5 829.951 0.33333334 5.0 5.0 5.0 5.0 0.0 0.23200001 2 TOUCH_MOVE T
1401950988552 6 4098 307.5 829.951 0.23333335 5.0 5.0 5.0 5.0 0.0 0.18400002 2 TOUCH_MOVE T
1401950988556 6 4098 307.5 829.951 0.23333335 5.0 5.0 5.0 5.0 0.0 0.18400002 1 TOUCH_UP T
1401950988690 6 4098 431.0 947.451 0.26666668 4.0 4.0 4.0 4.0 0.0 0.21200001 0 TOUCH_DOWN h
1401950988763 6 4098 431.0 947.451 0.26666668 4.0 4.0 4.0 4.0 0.0 0.21200001 1 TOUCH_UP h
1401950989005 6 4098 496.5 827.951 0.3 5.0 5.0 5.0 5.0 0.0 0.19600001 0 TOUCH_DOWN u
1401950989045 6 4098 495.0 827.951 0.16666667 3.0 3.0 3.0 3.0 0.0 0.1 2 TOUCH_MOVE u
1401950989050 6 4098 495.0 827.951 0.16666667 3.0 3.0 3.0 3.0 0.0 0.1 1 TOUCH_UP u
1401950989635 6 4098 406.0 829.951 0.3 5.0 5.0 5.0 5.0 0.0 0.224 0 TOUCH_DOWN y
1401950989699 6 4098 406.3989 829.951 0.33333334 5.0 5.0 5.0 5.0 0.0 0.24400002 2 TOUCH_MOVE y
1401950989716 6 4098 407.25 829.951 0.3 5.0 5.0 5.0 5.0 0.0 0.22800002 2 TOUCH_MOVE y
1401950989732 6 4098 407.25 829.951 0.3 5.0 5.0 5.0 5.0 0.0 0.22800002 1 TOUCH_UP y
1401950989868 6 4098 202.0 835.951 0.3 5.0 5.0 5.0 5.0 0.0 0.224 0 TOUCH_DOWN e
1401950989883 6 4098 202.0 835.951 0.33333334 5.0 5.0 5.0 5.0 0.0 0.23200001 2 TOUCH_MOVE e
1401950989947 6 4098 201.5 835.951 0.26666668 4.0 4.0 4.0 4.0 0.0 0.20400001 2 TOUCH_MOVE e
1401950989950 6 4098 201.5 835.951 0.26666668 4.0 4.0 4.0 4.0 0.0 0.20400001 1 TOUCH_UP e
1401950990839 6 4098 509.5 1085.9509 0.20000002 4.0 4.0 4.0 4.0 0.0 0.2 0 TOUCH_DOWN n
1401950990850 6 4098 509.5 1085.9509 0.20000002 4.0 4.0 4.0 4.0 0.0 0.208 2 TOUCH_MOVE n
1401950990900 6 4098 510.36047 1086.4509 0.3 5.0 5.0 5.0 5.0 0.0 0.22800002 2 TOUCH_MOVE n
1401950990921 6 4098 510.83868 1086.7897 0.26666668 5.0 5.0 5.0 5.0 0.0 0.22800002 2 TOUCH_MOVE n
1401950990936 6 4098 511.6482 1086.9509 0.26666668 5.0 5.0 5.0 5.0 0.0 0.22000001 2 TOUCH_MOVE n
1401950990950 6 4098 512.0 1086.9509 0.20000002 4.0 4.0 4.0 4.0 0.0 0.18400002 2 TOUCH_MOVE n
1401950990955 6 4098 512.0 1086.9509 0.20000002 4.0 4.0 4.0 4.0 0.0 0.18400002 1 TOUCH_UP n
1401950991119 6 4098 264.0 1226.9509 0.23333335 4.0 4.0 4.0 4.0 0.0 0.18800001 0 TOUCH_DOWN Space
1401950991125 6 4098 264.0 1226.9509 0.26666668 5.0 5.0 5.0 5.0 0.0 0.192 2 TOUCH_MOVE Space
1401950991167 6 4098 264.59283 1226.9509 0.26666668 5.0 5.0 5.0 5.0 0.0 0.192 2 TOUCH_MOVE Space
1401950991172 6 4098 264.59283 1226.9509 0.26666668 5.0 5.0 5.0 5.0 0.0 0.192 1 TOUCH_UP Space
1401950991654 6 4098 47.5 992.451 0.23333335 4.0 4.0 4.0 4.0 0.0 0.2 0 TOUCH_DOWN a
1401950991673 6 4098 47.757187 992.1938 0.23333335 4.0 4.0 4.0 4.0 0.0 0.21200001 2 TOUCH_MOVE a
1401950991684 6 4098 49.432026 990.9963 0.23333335 4.0 4.0 4.0 4.0 0.0 0.216 2 TOUCH_MOVE a
1401950991725 6 4098 52.89754 988.05347 0.23333335 4.0 4.0 4.0 4.0 0.0 0.22000001 2 TOUCH_MOVE a
1401950991734 6 4098 53.25 987.701 0.23333335 4.0 4.0 4.0 4.0 0.0 0.216 2 TOUCH_MOVE a
1401950991749 6 4098 53.0 987.951 0.23333335 4.0 4.0 4.0 4.0 0.0 0.18 2 TOUCH_MOVE a
1401950991753 6 4098 53.0 987.951 0.23333335 4.0 4.0 4.0 4.0 0.0 0.18 1 TOUCH_UP a
1401950991985 6 4098 565.5 811.951 0.3 5.0 5.0 5.0 5.0 0.0 0.224 0 TOUCH_DOWN i
1401950991990 6 4098 565.5 811.951 0.3 5.0 5.0 5.0 5.0 0.0 0.23200001 2 TOUCH_MOVE i
1401950992012 6 4098 565.23486 812.9812 0.33333334 5.0 5.0 5.0 5.0 0.0 0.24000001 2 TOUCH_MOVE i
1401950992018 6 4098 564.0623 814.3887 0.33333334 5.0 5.0 5.0 5.0 0.0 0.24000001 2 TOUCH_MOVE i
1401950992035 6 4098 562.8043 815.64667 0.3 5.0 5.0 5.0 5.0 0.0 0.24000001 2 TOUCH_MOVE i
1401950992051 6 4098 561.84125 815.951 0.3 5.0 5.0 5.0 5.0 0.0 0.216 2 TOUCH_MOVE i
1401950992067 6 4098 561.5 815.451 0.26666668 5.0 5.0 5.0 5.0 0.0 0.19600001 2 TOUCH_MOVE i
1401950992071 6 4098 561.5 815.451 0.26666668 5.0 5.0 5.0 5.0 0.0 0.19600001 1 TOUCH_UP i
1401950993366 6 4098 224.5 1223.9509 0.26666668 5.0 5.0 5.0 5.0 0.0 0.22800002 0 TOUCH_DOWN Space
1401950993371 6 4098 226.77861 1222.8116 0.3 6.0 6.0 6.0 6.0 0.0 0.24000001 2 TOUCH_MOVE Space
1401950993386 6 4098 236.04874 1217.8334 0.3 6.0 6.0 6.0 6.0 0.0 0.24800001 2 TOUCH_MOVE Space
1401950993403 6 4098 241.37845 1214.3652 0.3 6.0 6.0 6.0 6.0 0.0 0.24800001 2 TOUCH_MOVE Space
1401950993419 6 4098 243.69438 1213.3538 0.3 6.0 6.0 6.0 6.0 0.0 0.24000001 2 TOUCH_MOVE Space
1401950993431 6 4098 243.69438 1213.3538 0.3 6.0 6.0 6.0 6.0 0.0 0.24000001 1 TOUCH_UP Space
1401950995542 6 4098 189.5 961.451 0.23333335 4.0 4.0 4.0 4.0 0.0 0.22000001 0 TOUCH_DOWN d
1401950995564 6 4098 189.5 961.451 0.3 5.0 5.0 5.0 5.0 0.0 0.22800002 2 TOUCH_MOVE d
1401950995637 6 4098 189.5 961.451 0.3 5.0 5.0 5.0 5.0 0.0 0.22800002 1 TOUCH_UP d
1401950995911 6 4098 44.0 974.451 0.16666667 3.0 3.0 3.0 3.0 0.0 0.19600001 0 TOUCH_DOWN a
1401950995922 6 4098 44.0 974.451 0.20000002 3.0 3.0 3.0 3.0 0.0 0.2 2 TOUCH_MOVE a
1401950996007 6 4098 44.0 974.451 0.20000002 3.0 3.0 3.0 3.0 0.0 0.2 1 TOUCH_UP a
1401950996220 6 4098 468.5 835.451 0.23333335 4.0 4.0 4.0 4.0 0.0 0.20400001 0 TOUCH_DOWN u
1401950996285 6 4098 468.5 835.451 0.23333335 4.0 4.0 4.0 4.0 0.0 0.20400001 1 TOUCH_UP u
1401950996587 6 4098 271.0 1258.5 0.20000002 5.0 5.0 5.0 5.0 0.0 0.14400001 0 TOUCH_DOWN Space
1401950996623 6 4098 271.0 1258.5 0.20000002 5.0 5.0 5.0 5.0 0.0 0.148 2 TOUCH_MOVE Space
1401950996627 6 4098 271.0 1258.5 0.20000002 5.0 5.0 5.0 5.0 0.0 0.1 2 TOUCH_MOVE Space
1401950996630 6 4098 271.0 1258.5 0.20000002 5.0 5.0 5.0 5.0 0.0 0.1 1 TOUCH_UP Space
1401950997205 6 4098 425.0 1079.9509 0.20000002 4.0 4.0 4.0 4.0 0.0 0.19600001 0 TOUCH_DOWN b
1401950997223 6 4098 425.0 1079.9509 0.20000002 4.0 4.0 4.0 4.0 0.0 0.20400001 2 TOUCH_MOVE b
1401950997273 6 4098 425.0 1080.984 0.23333335 4.0 4.0 4.0 4.0 0.0 0.216 2 TOUCH_MOVE b
1401950997306 6 4098 427.85312 1081.9509 0.20000002 4.0 4.0 4.0 4.0 0.0 0.19600001 2 TOUCH_MOVE b
1401950997310 6 4098 428.0 1081.9509 0.20000002 4.0 4.0 4.0 4.0 0.0 0.17600001 2 TOUCH_MOVE b
1401950997314 6 4098 428.0 1081.9509 0.20000002 4.0 4.0 4.0 4.0 0.0 0.17600001 1 TOUCH_UP b
1401950997494 6 4098 165.5 861.451 0.3 5.0 5.0 5.0 5.0 0.0 0.23600002 0 TOUCH_DOWN e
1401950997506 6 4098 165.5 861.451 0.3 5.0 5.0 5.0 5.0 0.0 0.24000001 2 TOUCH_MOVE e
1401950997547 6 4098 166.25 861.451 0.36666667 6.0 6.0 6.0 6.0 0.0 0.264 2 TOUCH_MOVE e
1401950997590 6 4098 164.5 861.951 0.23333335 4.0 4.0 4.0 4.0 0.0 0.22000001 2 TOUCH_MOVE e
1401950997596 6 4098 164.5 861.951 0.16666667 3.0 3.0 3.0 3.0 0.0 0.116000004 2 TOUCH_MOVE e
1401950997600 6 4098 164.5 861.951 0.16666667 3.0 3.0 3.0 3.0 0.0 0.116000004 1 TOUCH_UP e
1401950998039 6 4098 507.5 1097.9509 0.3 5.0 5.0 5.0 5.0 0.0 0.21200001 0 TOUCH_DOWN n
1401950998058 6 4098 507.5 1097.9509 0.3 5.0 5.0 5.0 5.0 0.0 0.224 2 TOUCH_MOVE n
1401950998090 6 4098 507.5 1098.4896 0.3 5.0 5.0 5.0 5.0 0.0 0.23200001 2 TOUCH_MOVE n
1401950998107 6 4098 507.5 1099.0254 0.3 5.0 5.0 5.0 5.0 0.0 0.22800002 2 TOUCH_MOVE n
1401950998127 6 4098 507.5 1099.7009 0.3 5.0 5.0 5.0 5.0 0.0 0.224 2 TOUCH_MOVE n
1401950998141 6 4098 507.5 1099.7009 0.3 5.0 5.0 5.0 5.0 0.0 0.224 1 TOUCH_UP n
1401950998439 6 4098 243.5 1240.4509 0.20000002 4.0 4.0 4.0 4.0 0.0 0.2 0 TOUCH_DOWN Space
1401950998474 6 4098 244.5 1236.92 0.23333335 4.0 4.0 4.0 4.0 0.0 0.208 2 TOUCH_MOVE Space
1401950998493 6 4098 243.89326 1233.1307 0.16666667 3.0 3.0 3.0 3.0 0.0 0.192 2 TOUCH_MOVE Space
1401950998497 6 4098 243.5 1231.9509 0.20000002 3.0 3.0 3.0 3.0 0.0 0.16000001 2 TOUCH_MOVE Space
1401950998500 6 4098 243.5 1231.9509 0.20000002 3.0 3.0 3.0 3.0 0.0 0.16000001 1 TOUCH_UP Space
1401950999181 6 4098 323.0 824.451 0.33333334 5.0 5.0 5.0 5.0 0.0 0.224 0 TOUCH_DOWN t
1401950999252 6 4098 323.0 824.451 0.23333335 4.0 4.0 4.0 4.0 0.0 0.16800001 2 TOUCH_MOVE t
1401950999255 6 4098 323.0 824.451 0.23333335 4.0 4.0 4.0 4.0 0.0 0.16800001 1 TOUCH_UP t
1401950999410 6 4098 230.0 828.451 0.3 5.0 5.0 5.0 5.0 0.0 0.224 0 TOUCH_DOWN r
1401950999434 6 4098 230.0 828.451 0.3 5.0 5.0 5.0 5.0 0.0 0.22800002 2 TOUCH_MOVE r
1401950999450 6 4098 230.0 828.451 0.26666668 4.0 4.0 4.0 4.0 0.0 0.2 2 TOUCH_MOVE r
1401950999458 6 4098 230.0 828.451 0.26666668 4.0 4.0 4.0 4.0 0.0 0.2 1 TOUCH_UP r
1401951002596 6 4098 44.0 965.451 0.16666667 3.0 3.0 3.0 3.0 0.0 0.192 0 TOUCH_DOWN a
1401951002611 6 4098 44.0 965.451 0.20000002 3.0 3.0 3.0 3.0 0.0 0.2 2 TOUCH_MOVE a
1401951002628 6 4098 44.586597 963.7778 0.23333335 4.0 4.0 4.0 4.0 0.0 0.208 2 TOUCH_MOVE a
1401951002645 6 4098 45.547665 961.85565 0.23333335 4.0 4.0 4.0 4.0 0.0 0.208 2 TOUCH_MOVE a
1401951002661 6 4098 46.25 961.201 0.23333335 4.0 4.0 4.0 4.0 0.0 0.20400001 2 TOUCH_MOVE a
1401951002682 6 4098 46.0 961.451 0.16666667 3.0 3.0 3.0 3.0 0.0 0.172 2 TOUCH_MOVE a
1401951002685 6 4098 46.0 961.451 0.16666667 3.0 3.0 3.0 3.0 0.0 0.172 1 TOUCH_UP a
1401951003463 6 4098 512.5 1087.9509 0.20000002 4.0 4.0 4.0 4.0 0.0 0.20400001 0 TOUCH_DOWN n
1401951003479 6 4098 512.5 1087.9509 0.23333335 4.0 4.0 4.0 4.0 0.0 0.216 2 TOUCH_MOVE n
1401951003512 6 4098 512.5 1088.5662 0.3 5.0 5.0 5.0 5.0 0.0 0.23600002 2 TOUCH_MOVE n
1401951003583 6 4098 512.5 1088.4509 0.23333335 4.0 4.0 4.0 4.0 0.0 0.21200001 2 TOUCH_MOVE n
1401951003586 6 4098 512.5 1088.4509 0.23333335 4.0 4.0 4.0 4.0 0.0 0.21200001 1 TOUCH_UP n
1401951003813 6 4098 361.0 963.951 0.23333335 4.0 4.0 4.0 4.0 0.0 0.208 0 TOUCH_DOWN g
1401951003831 6 4098 361.0 963.951 0.23333335 4.0 4.0 4.0 4.0 0.0 0.216 2 TOUCH_MOVE g
1401951003863 6 4098 361.5 962.62646 0.26666668 4.0 4.0 4.0 4.0 0.0 0.224 2 TOUCH_MOVE g
1401951003879 6 4098 361.5 962.201 0.26666668 4.0 4.0 4.0 4.0 0.0 0.224 2 TOUCH_MOVE g
1401951003888 6 4098 361.5 962.201 0.26666668 4.0 4.0 4.0 4.0 0.0 0.224 1 TOUCH_UP g
1401951004841 6 4098 692.5 1090.9509 0.23333335 4.0 4.0 4.0 4.0 0.0 0.2 0 TOUCH_DOWN Back
1401951004847 6 4098 692.5 1090.9509 0.23333335 4.0 4.0 4.0 4.0 0.0 0.20400001 2 TOUCH_MOVE Back
1401951004863 6 4098 692.5 1092.0519 0.26666668 4.0 4.0 4.0 4.0 0.0 0.21200001 2 TOUCH_MOVE Back
1401951004880 6 4098 691.4394 1093.0115 0.26666668 4.0 4.0 4.0 4.0 0.0 0.22000001 2 TOUCH_MOVE Back
1401951004897 6 4098 690.5459 1093.905 0.3 5.0 5.0 5.0 5.0 0.0 0.224 2 TOUCH_MOVE Back
1401951004917 6 4098 689.5204 1093.9509 0.3 5.0 5.0 5.0 5.0 0.0 0.224 2 TOUCH_MOVE Back
1401951004930 6 4098 688.5488 1094.4021 0.3 5.0 5.0 5.0 5.0 0.0 0.224 2 TOUCH_MOVE Back
1401951004947 6 4098 687.75 1094.4509 0.26666668 4.0 4.0 4.0 4.0 0.0 0.22000001 2 TOUCH_MOVE Back
1401951004984 6 4098 688.0 1094.4509 0.20000002 3.0 3.0 3.0 3.0 0.0 0.18 2 TOUCH_MOVE Back
1401951004988 6 4098 688.0 1094.4509 0.20000002 3.0 3.0 3.0 3.0 0.0 0.18 1 TOUCH_UP Back
1401951005106 6 4098 680.0 1088.4509 0.20000002 4.0 4.0 4.0 4.0 0.0 0.18800001 0 TOUCH_DOWN Back
1401951005116 6 4098 680.0 1088.4509 0.23333335 4.0 4.0 4.0 4.0 0.0 0.19600001 2 TOUCH_MOVE Back
1401951005165 6 4098 680.0 1089.066 0.23333335 4.0 4.0 4.0 4.0 0.0 0.2 2 TOUCH_MOVE Back
1401951005191 6 4098 680.0 1089.066 0.23333335 4.0 4.0 4.0 4.0 0.0 0.2 1 TOUCH_UP Back
1401951005395 6 4098 672.0 1082.4509 0.23333335 5.0 5.0 5.0 5.0 0.0 0.18800001 0 TOUCH_DOWN Back
1401951005415 6 4098 672.0 1082.4509 0.23333335 5.0 5.0 5.0 5.0 0.0 0.192 2 TOUCH_MOVE Back
1401951005505 6 4098 672.0 1082.4509 0.23333335 5.0 5.0 5.0 5.0 0.0 0.192 1 TOUCH_UP Back
1401951005598 6 4098 669.5 1079.4509 0.23333335 5.0 5.0 5.0 5.0 0.0 0.17600001 0 TOUCH_DOWN Back
1401951005615 6 4098 669.5 1079.4509 0.23333335 5.0 5.0 5.0 5.0 0.0 0.18400002 2 TOUCH_MOVE Back
1401951005729 6 4098 669.5 1079.4509 0.23333335 5.0 5.0 5.0 5.0 0.0 0.18400002 1 TOUCH_UP Back
1401951006001 6 4098 663.0 1077.4509 0.23333335 5.0 5.0 5.0 5.0 0.0 0.19600001 0 TOUCH_DOWN Back
1401951006014 6 4098 663.0 1077.4509 0.23333335 5.0 5.0 5.0 5.0 0.0 0.2 2 TOUCH_MOVE Back
1401951006093 6 4098 663.0 1077.4509 0.23333335 5.0 5.0 5.0 5.0 0.0 0.2 1 TOUCH_UP Back
1401951006832 6 4098 122.5 964.451 0.20000002 4.0 4.0 4.0 4.0 0.0 0.192 0 TOUCH_DOWN s
1401951006849 6 4098 122.5 964.451 0.23333335 4.0 4.0 4.0 4.0 0.0 0.20400001 2 TOUCH_MOVE s
1401951006868 6 4098 122.5 963.3178 0.3 5.0 5.0 5.0 5.0 0.0 0.224 2 TOUCH_MOVE s
1401951006882 6 4098 122.5 962.351 0.3 5.0 5.0 5.0 5.0 0.0 0.22800002 2 TOUCH_MOVE s
1401951006899 6 4098 122.5 961.38837 0.3 5.0 5.0 5.0 5.0 0.0 0.224 2 TOUCH_MOVE s
1401951006932 6 4098 121.5 961.451 0.23333335 4.0 4.0 4.0 4.0 0.0 0.2 2 TOUCH_MOVE s
1401951006936 6 4098 121.5 961.451 0.20000002 4.0 4.0 4.0 4.0 0.0 0.15200001 2 TOUCH_MOVE s
1401951006940 6 4098 121.5 961.451 0.20000002 4.0 4.0 4.0 4.0 0.0 0.15200001 1 TOUCH_UP s
1401951007149 6 4098 609.5 828.451 0.33333334 5.0 5.0 5.0 5.0 0.0 0.2 0 TOUCH_DOWN o
1401951007167 6 4098 609.5 828.451 0.33333334 5.0 5.0 5.0 5.0 0.0 0.20400001 2 TOUCH_MOVE o
1401951007218 6 4098 609.5 828.451 0.33333334 5.0 5.0 5.0 5.0 0.0 0.20400001 1 TOUCH_UP o
1401951007560 6 4098 529.5 1096.4509 0.20000002 4.0 4.0 4.0 4.0 0.0 0.19600001 0 TOUCH_DOWN n
1401951007566 6 4098 529.5 1096.4509 0.23333335 4.0 4.0 4.0 4.0 0.0 0.20400001 2 TOUCH_MOVE n
1401951007616 6 4098 529.5 1097.7009 0.26666668 4.0 4.0 4.0 4.0 0.0 0.216 2 TOUCH_MOVE n
1401951007666 6 4098 529.5 1097.4509 0.23333335 4.0 4.0 4.0 4.0 0.0 0.18800001 2 TOUCH_MOVE n
1401951007691 6 4098 529.5 1097.4509 0.23333335 4.0 4.0 4.0 4.0 0.0 0.18800001 1 TOUCH_UP n
1401951007746 6 4098 330.5 966.951 0.23333335 5.0 5.0 5.0 5.0 0.0 0.208 0 TOUCH_DOWN g
1401951007767 6 4098 330.5 966.951 0.26666668 5.0 5.0 5.0 5.0 0.0 0.21200001 2 TOUCH_MOVE g
1401951007783 6 4098 331.59106 964.76886 0.3 5.0 5.0 5.0 5.0 0.0 0.22800002 2 TOUCH_MOVE g
1401951007799 6 4098 333.60983 962.3412 0.3 5.0 5.0 5.0 5.0 0.0 0.22800002 2 TOUCH_MOVE g
1401951007819 6 4098 334.97903 960.9719 0.3 5.0 5.0 5.0 5.0 0.0 0.22800002 2 TOUCH_MOVE g
1401951007834 6 4098 335.25 960.701 0.26666668 4.0 4.0 4.0 4.0 0.0 0.216 2 TOUCH_MOVE g
1401951007838 6 4098 335.25 960.701 0.26666668 4.0 4.0 4.0 4.0 0.0 0.216 1 TOUCH_UP g
1401951008255 6 4098 225.5 1236.4509 0.20000002 4.0 4.0 4.0 4.0 0.0 0.18800001 0 TOUCH_DOWN Space
1401951008267 6 4098 225.5 1236.4509 0.23333335 4.0 4.0 4.0 4.0 0.0 0.19600001 2 TOUCH_MOVE Space
1401951008289 6 4098 225.5 1234.5293 0.23333335 4.0 4.0 4.0 4.0 0.0 0.20400001 2 TOUCH_MOVE Space
1401951008302 6 4098 225.5 1232.636 0.26666668 5.0 5.0 5.0 5.0 0.0 0.208 2 TOUCH_MOVE Space
1401951008317 6 4098 225.5 1231.0488 0.26666668 5.0 5.0 5.0 5.0 0.0 0.208 2 TOUCH_MOVE Space
1401951008333 6 4098 225.1349 1230.0858 0.23333335 4.0 4.0 4.0 4.0 0.0 0.2 2 TOUCH_MOVE Space
1401951008339 6 4098 225.0 1229.9509 0.23333335 4.0 4.0 4.0 4.0 0.0 0.18800001 2 TOUCH_MOVE Space
1401951008342 6 4098 225.0 1229.9509 0.23333335 4.0 4.0 4.0 4.0 0.0 0.18800001 1 TOUCH_UP Space
1401951009129 6 4098 343.0 809.951 0.3 5.0 5.0 5.0 5.0 0.0 0.22800002 0 TOUCH_DOWN t
1401951009134 6 4098 343.0 809.951 0.3 5.0 5.0 5.0 5.0 0.0 0.23200001 2 TOUCH_MOVE t
1401951009152 6 4098 342.48047 810.4705 0.3 5.0 5.0 5.0 5.0 0.0 0.23600002 2 TOUCH_MOVE t
1401951009167 6 4098 341.5771 811.7968 0.3 5.0 5.0 5.0 5.0 0.0 0.23600002 2 TOUCH_MOVE t
1401951009184 6 4098 340.53485 812.91614 0.3 5.0 5.0 5.0 5.0 0.0 0.22800002 2 TOUCH_MOVE t
1401951009196 6 4098 340.0 813.451 0.3 5.0 5.0 5.0 5.0 0.0 0.18800001 2 TOUCH_MOVE t
1401951009199 6 4098 340.0 813.451 0.3 5.0 5.0 5.0 5.0 0.0 0.18800001 1 TOUCH_UP t
1401951009343 6 4098 273.0 834.951 0.33333334 5.0 5.0 5.0 5.0 0.0 0.23200001 0 TOUCH_DOWN r
1401951009404 6 4098 273.0 834.951 0.3 5.0 5.0 5.0 5.0 0.0 0.208 2 TOUCH_MOVE r
1401951009408 6 4098 273.0 834.951 0.3 5.0 5.0 5.0 5.0 0.0 0.208 1 TOUCH_UP r
1401951010125 6 4098 526.5 1089.4509 0.23333335 4.0 4.0 4.0 4.0 0.0 0.20400001 0 TOUCH_DOWN n
1401951010135 6 4098 526.5 1089.7981 0.23333335 4.0 4.0 4.0 4.0 0.0 0.21200001 2 TOUCH_MOVE n
1401951010152 6 4098 526.5 1090.7316 0.26666668 4.0 4.0 4.0 4.0 0.0 0.216 2 TOUCH_MOVE n
1401951010172 6 4098 526.5 1091.7231 0.26666668 4.0 4.0 4.0 4.0 0.0 0.22000001 2 TOUCH_MOVE n
1401951010185 6 4098 526.5 1092.6835 0.26666668 4.0 4.0 4.0 4.0 0.0 0.22000001 2 TOUCH_MOVE n
1401951010202 6 4098 526.5 1093.6492 0.26666668 4.0 4.0 4.0 4.0 0.0 0.21200001 2 TOUCH_MOVE n
1401951010218 6 4098 526.5 1093.4509 0.20000002 3.0 3.0 3.0 3.0 0.0 0.18400002 2 TOUCH_MOVE n
1401951010227 6 4098 526.5 1093.4509 0.13333334 2.0 2.0 2.0 2.0 0.0 0.104 2 TOUCH_MOVE n
1401951010231 6 4098 526.5 1093.4509 0.13333334 2.0 2.0 2.0 2.0 0.0 0.104 1 TOUCH_UP n
1401951010446 6 4098 365.0 960.451 0.26666668 4.0 4.0 4.0 4.0 0.0 0.21200001 0 TOUCH_DOWN g
1401951010459 6 4098 365.0 960.451 0.26666668 4.0 4.0 4.0 4.0 0.0 0.208 2 TOUCH_MOVE g
1401951010489 6 4098 365.0 960.451 0.26666668 4.0 4.0 4.0 4.0 0.0 0.208 1 TOUCH_UP g
1401951011167 6 4098 685.5 1083.9509 0.20000002 4.0 4.0 4.0 4.0 0.0 0.18800001 0 TOUCH_DOWN Back
1401951011186 6 4098 685.5 1083.9509 0.20000002 4.0 4.0 4.0 4.0 0.0 0.2 2 TOUCH_MOVE Back
1401951011219 6 4098 684.0731 1084.4509 0.26666668 5.0 5.0 5.0 5.0 0.0 0.216 2 TOUCH_MOVE Back
1401951011237 6 4098 683.1057 1084.4509 0.26666668 5.0 5.0 5.0 5.0 0.0 0.216 2 TOUCH_MOVE Back
1401951011253 6 4098 682.75 1084.4509 0.26666668 5.0 5.0 5.0 5.0 0.0 0.216 2 TOUCH_MOVE Back
1401951011278 6 4098 682.75 1084.4509 0.26666668 5.0 5.0 5.0 5.0 0.0 0.216 1 TOUCH_UP Back
1401951011371 6 4098 673.0 1081.9509 0.23333335 5.0 5.0 5.0 5.0 0.0 0.2 0 TOUCH_DOWN Back
1401951011404 6 4098 673.0 1081.9509 0.23333335 5.0 5.0 5.0 5.0 0.0 0.208 2 TOUCH_MOVE Back
1401951011439 6 4098 671.554 1081.9509 0.23333335 5.0 5.0 5.0 5.0 0.0 0.208 2 TOUCH_MOVE Back
1401951011449 6 4098 671.5 1081.9509 0.23333335 5.0 5.0 5.0 5.0 0.0 0.164 2 TOUCH_MOVE Back
1401951011453 6 4098 671.5 1081.9509 0.23333335 5.0 5.0 5.0 5.0 0.0 0.164 1 TOUCH_UP Back
1401951012054 6 4098 50.5 962.951 0.23333335 4.0 4.0 4.0 4.0 0.0 0.21200001 0 TOUCH_DOWN a
1401951012070 6 4098 50.5 962.951 0.23333335 4.0 4.0 4.0 4.0 0.0 0.216 2 TOUCH_MOVE a
1401951012087 6 4098 54.3594 960.0635 0.26666668 4.0 4.0 4.0 4.0 0.0 0.22800002 2 TOUCH_MOVE a
1401951012104 6 4098 58.801823 957.0996 0.26666668 4.0 4.0 4.0 4.0 0.0 0.23200001 2 TOUCH_MOVE a
1401951012120 6 4098 61.76416 955.1082 0.26666668 4.0 4.0 4.0 4.0 0.0 0.23200001 2 TOUCH_MOVE a
1401951012137 6 4098 62.887257 954.0637 0.26666668 4.0 4.0 4.0 4.0 0.0 0.23200001 2 TOUCH_MOVE a
1401951012153 6 4098 63.25 953.701 0.26666668 4.0 4.0 4.0 4.0 0.0 0.23200001 2 TOUCH_MOVE a
1401951012170 6 4098 62.638134 954.0716 0.23333335 4.0 4.0 4.0 4.0 0.0 0.208 2 TOUCH_MOVE a
1401951012176 6 4098 61.5 954.451 0.20000002 3.0 3.0 3.0 3.0 0.0 0.18800001 2 TOUCH_MOVE a
1401951012180 6 4098 61.5 954.451 0.20000002 3.0 3.0 3.0 3.0 0.0 0.18800001 1 TOUCH_UP a
1401951012296 6 4098 512.0 1092.4509 0.26666668 4.0 4.0 4.0 4.0 0.0 0.2 0 TOUCH_DOWN n
1401951012309 6 4098 512.0 1092.4618 0.26666668 4.0 4.0 4.0 4.0 0.0 0.216 2 TOUCH_MOVE n
1401951012327 6 4098 512.0 1093.4248 0.3 5.0 5.0 5.0 5.0 0.0 0.22800002 2 TOUCH_MOVE n
1401951012337 6 4098 512.0 1094.3883 0.3 5.0 5.0 5.0 5.0 0.0 0.24000001 2 TOUCH_MOVE n
1401951012354 6 4098 512.0 1095.3544 0.3 5.0 5.0 5.0 5.0 0.0 0.24400002 2 TOUCH_MOVE n
1401951012371 6 4098 512.0 1095.7009 0.33333334 5.0 5.0 5.0 5.0 0.0 0.24400002 2 TOUCH_MOVE n
1401951012421 6 4098 512.5 1096.7057 0.3 5.0 5.0 5.0 5.0 0.0 0.224 2 TOUCH_MOVE n
1401951012428 6 4098 512.5 1096.9509 0.26666668 4.0 4.0 4.0 4.0 0.0 0.2 2 TOUCH_MOVE n
1401951012432 6 4098 512.5 1096.9509 0.26666668 4.0 4.0 4.0 4.0 0.0 0.2 1 TOUCH_UP n
1401951012644 6 4098 363.0 958.451 0.26666668 4.0 4.0 4.0 4.0 0.0 0.216 0 TOUCH_DOWN g
1401951012654 6 4098 363.0 958.451 0.26666668 4.0 4.0 4.0 4.0 0.0 0.22000001 2 TOUCH_MOVE g
1401951012690 6 4098 363.0 958.451 0.26666668 4.0 4.0 4.0 4.0 0.0 0.22000001 1 TOUCH_UP g
1401951013135 6 4098 260.5 1233.4509 0.20000002 4.0 4.0 4.0 4.0 0.0 0.19600001 0 TOUCH_DOWN Space
1401951013188 6 4098 260.5 1232.4213 0.23333335 4.0 4.0 4.0 4.0 0.0 0.208 2 TOUCH_MOVE Space
1401951013204 6 4098 260.5 1231.7009 0.23333335 4.0 4.0 4.0 4.0 0.0 0.208 2 TOUCH_MOVE Space
1401951013235 6 4098 260.0 1231.9509 0.16666667 3.0 3.0 3.0 3.0 0.0 0.15200001 2 TOUCH_MOVE Space
1401951013239 6 4098 260.0 1231.9509 0.16666667 3.0 3.0 3.0 3.0 0.0 0.15200001 1 TOUCH_UP Space
1401951013997 6 4098 206.5 978.451 0.26666668 5.0 5.0 5.0 5.0 0.0 0.208 0 TOUCH_DOWN d
1401951014005 6 4098 206.5 978.451 0.26666668 5.0 5.0 5.0 5.0 0.0 0.216 2 TOUCH_MOVE d
1401951014072 6 4098 205.93417 978.451 0.3 5.0 5.0 5.0 5.0 0.0 0.224 2 TOUCH_MOVE d
1401951014084 6 4098 205.93417 978.451 0.3 5.0 5.0 5.0 5.0 0.0 0.224 1 TOUCH_UP d
1401951014281 6 4098 597.5 847.451 0.23333335 4.0 4.0 4.0 4.0 0.0 0.216 0 TOUCH_DOWN o
1401951014289 6 4098 597.5 847.451 0.3 5.0 5.0 5.0 5.0 0.0 0.224 2 TOUCH_MOVE o
1401951014340 6 4098 598.48254 847.451 0.3 5.0 5.0 5.0 5.0 0.0 0.22800002 2 TOUCH_MOVE o
1401951014351 6 4098 598.5 847.451 0.23333335 5.0 5.0 5.0 5.0 0.0 0.18400002 2 TOUCH_MOVE o
1401951014354 6 4098 598.5 847.451 0.23333335 5.0 5.0 5.0 5.0 0.0 0.18400002 1 TOUCH_UP o
1401951015231 6 4098 698.5 1187.9509 0.13333334 2.0 2.0 2.0 2.0 0.0 0.17600001 0 TOUCH_DOWN Enter
1401951015252 6 4098 699.47906 1187.9509 0.20000002 3.0 3.0 3.0 3.0 0.0 0.192 2 TOUCH_MOVE Enter
1401951015272 6 4098 700.25 1187.9509 0.16666667 3.0 3.0 3.0 3.0 0.0 0.2 2 TOUCH_MOVE Enter
1401951015321 6 4098 701.0 1188.9509 0.16666667 3.0 3.0 3.0 3.0 0.0 0.164 2 TOUCH_MOVE Enter
1401951015327 6 4098 701.0 1188.9509 0.16666667 3.0 3.0 3.0 3.0 0.0 0.164 1 TOUCH_UP Enter
1401951016188 6 4098 277.5 1095.4509 0.3 5.0 5.0 5.0 5.0 0.0 0.216 0 TOUCH_DOWN C
1401951016220 6 4098 277.5 1095.4509 0.3 5.0 5.0 5.0 5.0 0.0 0.22000001 2 TOUCH_MOVE C
1401951016257 6 4098 278.0757 1095.4509 0.3 5.0 5.0 5.0 5.0 0.0 0.224 2 TOUCH_MOVE C
1401951016281 6 4098 278.0757 1095.4509 0.3 5.0 5.0 5.0 5.0 0.0 0.224 1 TOUCH_UP C
1401951016503 6 4098 599.0 848.951 0.23333335 4.0 4.0 4.0 4.0 0.0 0.216 0 TOUCH_DOWN o
1401951016541 6 4098 597.927 848.951 0.23333335 4.0 4.0 4.0 4.0 0.0 0.22000001 2 TOUCH_MOVE o
1401951016575 6 4098 597.927 848.951 0.23333335 4.0 4.0 4.0 4.0 0.0 0.22000001 1 TOUCH_UP o
1401951017360 6 4098 283.5 1100.4509 0.26666668 4.0 4.0 4.0 4.0 0.0 0.216 0 TOUCH_DOWN c
1401951017375 6 4098 283.5 1100.4509 0.26666668 4.0 4.0 4.0 4.0 0.0 0.22000001 2 TOUCH_MOVE c
1401951017417 6 4098 283.5 1100.4509 0.26666668 4.0 4.0 4.0 4.0 0.0 0.192 2 TOUCH_MOVE c
1401951017421 6 4098 283.5 1100.4509 0.26666668 4.0 4.0 4.0 4.0 0.0 0.192 1 TOUCH_UP c
1401951017545 6 4098 435.0 967.951 0.3 5.0 5.0 5.0 5.0 0.0 0.224 0 TOUCH_DOWN h
1401951017560 6 4098 435.0 967.951 0.3 5.0 5.0 5.0 5.0 0.0 0.23200001 2 TOUCH_MOVE h
1401951017626 6 4098 435.51892 967.951 0.26666668 5.0 5.0 5.0 5.0 0.0 0.21200001 2 TOUCH_MOVE h
1401951017634 6 4098 435.5 967.951 0.23333335 5.0 5.0 5.0 5.0 0.0 0.18400002 2 TOUCH_MOVE h
1401951017638 6 4098 435.5 967.951 0.23333335 5.0 5.0 5.0 5.0 0.0 0.18400002 1 TOUCH_UP h
1401951017870 6 4098 632.0 849.451 0.3 5.0 5.0 5.0 5.0 0.0 0.22800002 0 TOUCH_DOWN o
1401951017875 6 4098 632.0 849.451 0.3 5.0 5.0 5.0 5.0 0.0 0.23600002 2 TOUCH_MOVE o
1401951017942 6 4098 632.0 849.451 0.23333335 4.0 4.0 4.0 4.0 0.0 0.2 2 TOUCH_MOVE o
1401951017948 6 4098 632.0 849.451 0.23333335 4.0 4.0 4.0 4.0 0.0 0.2 1 TOUCH_UP o
1401951018582 6 4098 664.0 1093.9509 0.3 5.0 5.0 5.0 5.0 0.0 0.21200001 0 TOUCH_DOWN Back
1401951018593 6 4098 664.0 1094.453 0.3 5.0 5.0 5.0 5.0 0.0 0.22000001 2 TOUCH_MOVE Back
1401951018611 6 4098 663.5317 1095.4192 0.3 5.0 5.0 5.0 5.0 0.0 0.224 2 TOUCH_MOVE Back
1401951018626 6 4098 662.57635 1096.3746 0.3 5.0 5.0 5.0 5.0 0.0 0.22800002 2 TOUCH_MOVE Back
1401951018650 6 4098 661.6118 1096.8391 0.3 5.0 5.0 5.0 5.0 0.0 0.23200001 2 TOUCH_MOVE Back
1401951018662 6 4098 660.75 1096.9509 0.3 5.0 5.0 5.0 5.0 0.0 0.224 2 TOUCH_MOVE Back
1401951018689 6 4098 660.75 1096.9509 0.3 5.0 5.0 5.0 5.0 0.0 0.224 1 TOUCH_UP Back
1401951018776 6 4098 654.0 1089.4509 0.23333335 4.0 4.0 4.0 4.0 0.0 0.208 0 TOUCH_DOWN Back
1401951018793 6 4098 654.0 1089.4509 0.26666668 5.0 5.0 5.0 5.0 0.0 0.216 2 TOUCH_MOVE Back
1401951018811 6 4098 653.4803 1090.4707 0.3 5.0 5.0 5.0 5.0 0.0 0.224 2 TOUCH_MOVE Back
1401951018826 6 4098 652.5175 1090.9509 0.3 5.0 5.0 5.0 5.0 0.0 0.224 2 TOUCH_MOVE Back
1401951018843 6 4098 651.5655 1090.9509 0.26666668 5.0 5.0 5.0 5.0 0.0 0.22000001 2 TOUCH_MOVE Back
1401951018860 6 4098 651.25 1090.9509 0.26666668 5.0 5.0 5.0 5.0 0.0 0.22000001 2 TOUCH_MOVE Back
1401951018888 6 4098 651.25 1090.9509 0.26666668 5.0 5.0 5.0 5.0 0.0 0.22000001 1 TOUCH_UP Back
1401951019107 6 4098 644.0 1083.4509 0.16666667 3.0 3.0 3.0 3.0 0.0 0.192 0 TOUCH_DOWN Back
1401951019129 6 4098 644.0 1083.4509 0.20000002 4.0 4.0 4.0 4.0 0.0 0.208 2 TOUCH_MOVE Back
1401951019169 6 4098 644.0 1083.4509 0.20000002 4.0 4.0 4.0 4.0 0.0 0.208 1 TOUCH_UP Back
1401951019650 6 4098 240.0 1234.9509 0.20000002 3.0 3.0 3.0 3.0 0.0 0.19600001 0 TOUCH_DOWN Space
1401951019660 6 4098 240.0 1234.9509 0.23333335 4.0 4.0 4.0 4.0 0.0 0.2 2 TOUCH_MOVE Space
1401951019680 6 4098 240.58363 1234.2837 0.23333335 4.0 4.0 4.0 4.0 0.0 0.208 2 TOUCH_MOVE Space
1401951019694 6 4098 241.54979 1232.3513 0.23333335 4.0 4.0 4.0 4.0 0.0 0.21200001 2 TOUCH_MOVE Space
1401951019711 6 4098 242.5127 1230.4255 0.23333335 4.0 4.0 4.0 4.0 0.0 0.21200001 2 TOUCH_MOVE Space
1401951019727 6 4098 243.25 1229.7009 0.23333335 4.0 4.0 4.0 4.0 0.0 0.208 2 TOUCH_MOVE Space
1401951019765 6 4098 243.25 1229.7009 0.23333335 4.0 4.0 4.0 4.0 0.0 0.208 1 TOUCH_UP Space
1401951020070 6 4098 264.0 1106.4509 0.33333334 5.0 5.0 5.0 5.0 0.0 0.208 0 TOUCH_DOWN c
1401951020131 6 4098 264.0 1106.4509 0.33333334 5.0 5.0 5.0 5.0 0.0 0.216 2 TOUCH_MOVE c
1401951020150 6 4098 264.0 1106.4509 0.33333334 5.0 5.0 5.0 5.0 0.0 0.216 1 TOUCH_UP c
1401951020301 6 4098 448.5 960.451 0.3 5.0 5.0 5.0 5.0 0.0 0.208 0 TOUCH_DOWN h
1401951020311 6 4098 448.5 960.451 0.3 5.0 5.0 5.0 5.0 0.0 0.22000001 2 TOUCH_MOVE h
1401951020344 6 4098 448.5 959.3496 0.3 5.0 5.0 5.0 5.0 0.0 0.22800002 2 TOUCH_MOVE h
1401951020364 6 4098 448.5 958.701 0.3 5.0 5.0 5.0 5.0 0.0 0.22800002 2 TOUCH_MOVE h
1401951020391 6 4098 448.5 958.701 0.3 5.0 5.0 5.0 5.0 0.0 0.22800002 1 TOUCH_UP h
1401951020774 6 4098 604.5 859.451 0.20000002 4.0 4.0 4.0 4.0 0.0 0.19600001 0 TOUCH_DOWN o
1401951020871 6 4098 604.5 859.451 0.20000002 4.0 4.0 4.0 4.0 0.0 0.19600001 1 TOUCH_UP o
1401951021149 6 4098 247.0 1238.9509 0.10000001 2.0 2.0 2.0 2.0 0.0 0.156 0 TOUCH_DOWN Space
1401951021153 6 4098 247.0 1238.7944 0.10000001 2.0 2.0 2.0 2.0 0.0 0.172 2 TOUCH_MOVE Space
1401951021171 6 4098 247.27904 1237.6138 0.13333334 2.0 2.0 2.0 2.0 0.0 0.18800001 2 TOUCH_MOVE Space
1401951021179 6 4098 248.99187 1234.9591 0.23333335 4.0 4.0 4.0 4.0 0.0 0.192 2 TOUCH_MOVE Space
1401951021196 6 4098 250.20981 1233.0313 0.23333335 4.0 4.0 4.0 4.0 0.0 0.19600001 2 TOUCH_MOVE Space
1401951021212 6 4098 251.17525 1231.7756 0.23333335 4.0 4.0 4.0 4.0 0.0 0.2 2 TOUCH_MOVE Space
1401951021229 6 4098 252.09633 1230.8546 0.23333335 4.0 4.0 4.0 4.0 0.0 0.2 2 TOUCH_MOVE Space
1401951021246 6 4098 252.0 1229.8541 0.23333335 4.0 4.0 4.0 4.0 0.0 0.2 2 TOUCH_MOVE Space
1401951021273 6 4098 252.0 1229.9509 0.16666667 3.0 3.0 3.0 3.0 0.0 0.17600001 2 TOUCH_MOVE Space
1401951021276 6 4098 252.0 1229.9509 0.16666667 3.0 3.0 3.0 3.0 0.0 0.17600001 1 TOUCH_UP Space
1401951022674 6 4098 313.0 830.451 0.3 5.0 5.0 5.0 5.0 0.0 0.216 0 TOUCH_DOWN t
1401951022707 6 4098 313.0 830.451 0.3 5.0 5.0 5.0 5.0 0.0 0.22800002 2 TOUCH_MOVE t
1401951022763 6 4098 313.0 830.451 0.23333335 5.0 5.0 5.0 5.0 0.0 0.164 2 TOUCH_MOVE t
1401951022767 6 4098 313.0 830.451 0.23333335 5.0 5.0 5.0 5.0 0.0 0.164 1 TOUCH_UP t
1401951022896 6 4098 244.5 841.951 0.3 5.0 5.0 5.0 5.0 0.0 0.23200001 0 TOUCH_DOWN r
1401951022947 6 4098 244.5 842.2552 0.26666668 4.0 4.0 4.0 4.0 0.0 0.22800002 2 TOUCH_MOVE r
1401951022962 6 4098 244.5 842.451 0.13333334 2.0 2.0 2.0 2.0 0.0 0.14 2 TOUCH_MOVE r
1401951022965 6 4098 244.5 842.451 0.13333334 2.0 2.0 2.0 2.0 0.0 0.14 1 TOUCH_UP r
1401951023370 6 4098 66.0 972.451 0.16666667 3.0 3.0 3.0 3.0 0.0 0.19600001 0 TOUCH_DOWN a
1401951023383 6 4098 66.37658 972.451 0.20000002 4.0 4.0 4.0 4.0 0.0 0.20400001 2 TOUCH_MOVE a
1401951023400 6 4098 68.60976 971.6461 0.20000002 4.0 4.0 4.0 4.0 0.0 0.208 2 TOUCH_MOVE a
1401951023418 6 4098 70.43798 970.232 0.23333335 4.0 4.0 4.0 4.0 0.0 0.21200001 2 TOUCH_MOVE a
1401951023439 6 4098 71.0 969.451 0.13333334 2.0 2.0 2.0 2.0 0.0 0.14400001 2 TOUCH_MOVE a
1401951023445 6 4098 71.0 969.451 0.13333334 2.0 2.0 2.0 2.0 0.0 0.14400001 1 TOUCH_UP a
1401951024263 6 4098 529.0 1070.4509 0.16666667 3.0 3.0 3.0 3.0 0.0 0.19600001 0 TOUCH_DOWN n
1401951024285 6 4098 529.0 1070.4509 0.20000002 3.0 3.0 3.0 3.0 0.0 0.20400001 2 TOUCH_MOVE n
1401951024350 6 4098 529.52075 1070.4509 0.20000002 3.0 3.0 3.0 3.0 0.0 0.19600001 2 TOUCH_MOVE n
1401951024381 6 4098 529.52075 1070.4509 0.20000002 3.0 3.0 3.0 3.0 0.0 0.19600001 1 TOUCH_UP n
1401951024552 6 4098 361.5 956.451 0.26666668 4.0 4.0 4.0 4.0 0.0 0.224 0 TOUCH_DOWN g
1401951024619 6 4098 361.5 956.451 0.26666668 4.0 4.0 4.0 4.0 0.0 0.224 1 TOUCH_UP g
1401951024929 6 4098 343.0 1192.9509 0.20000002 4.0 4.0 4.0 4.0 0.0 0.18800001 0 TOUCH_DOWN Space
1401951024954 6 4098 342.5727 1192.9509 0.20000002 4.0 4.0 4.0 4.0 0.0 0.192 2 TOUCH_MOVE Space
1401951024995 6 4098 341.5 1192.9509 0.20000002 4.0 4.0 4.0 4.0 0.0 0.192 2 TOUCH_MOVE Space
1401951025000 6 4098 341.5 1192.9509 0.20000002 4.0 4.0 4.0 4.0 0.0 0.192 1 TOUCH_UP Space
1401951025521 6 4098 374.5 1087.9509 0.23333335 4.0 4.0 4.0 4.0 0.0 0.20400001 0 TOUCH_DOWN v
1401951025541 6 4098 374.5 1087.9509 0.23333335 4.0 4.0 4.0 4.0 0.0 0.21200001 2 TOUCH_MOVE v
1401951025617 6 4098 374.5 1088.5022 0.23333335 4.0 4.0 4.0 4.0 0.0 0.21200001 2 TOUCH_MOVE v
1401951025621 6 4098 374.5 1088.5022 0.23333335 4.0 4.0 4.0 4.0 0.0 0.21200001 1 TOUCH_UP v
1401951025924 6 4098 166.0 846.451 0.26666668 5.0 5.0 5.0 5.0 0.0 0.21200001 0 TOUCH_DOWN e
1401951025933 6 4098 166.0 846.451 0.3 5.0 5.0 5.0 5.0 0.0 0.216 2 TOUCH_MOVE e
1401951025966 6 4098 166.0 845.37225 0.3 5.0 5.0 5.0 5.0 0.0 0.22800002 2 TOUCH_MOVE e
1401951025983 6 4098 166.0 844.701 0.3 5.0 5.0 5.0 5.0 0.0 0.22000001 2 TOUCH_MOVE e
1401951025988 6 4098 166.0 844.701 0.3 5.0 5.0 5.0 5.0 0.0 0.22000001 1 TOUCH_UP e
1401951026459 6 4098 252.5 1251.4509 0.13333334 3.0 3.0 3.0 3.0 0.0 0.18 0 TOUCH_DOWN Space
1401951026514 6 4098 254.79404 1248.7599 0.16666667 4.0 4.0 4.0 4.0 0.0 0.192 2 TOUCH_MOVE Space
1401951026520 6 4098 255.86073 1247.0902 0.16666667 4.0 4.0 4.0 4.0 0.0 0.192 2 TOUCH_MOVE Space
1401951026535 6 4098 256.7899 1246.4509 0.16666667 4.0 4.0 4.0 4.0 0.0 0.18800001 2 TOUCH_MOVE Space
1401951026550 6 4098 257.5 1246.4509 0.16666667 4.0 4.0 4.0 4.0 0.0 0.18 2 TOUCH_MOVE Space
1401951026557 6 4098 257.5 1246.4509 0.16666667 4.0 4.0 4.0 4.0 0.0 0.156 2 TOUCH_MOVE Space
1401951026561 6 4098 257.5 1246.4509 0.16666667 4.0 4.0 4.0 4.0 0.0 0.156 1 TOUCH_UP Space
1401951027186 6 4098 573.5 964.951 0.23333335 4.0 4.0 4.0 4.0 0.0 0.216 0 TOUCH_DOWN k
1401951027234 6 4098 573.5 964.951 0.26666668 5.0 5.0 5.0 5.0 0.0 0.224 2 TOUCH_MOVE k
1401951027251 6 4098 574.1008 964.951 0.23333335 4.0 4.0 4.0 4.0 0.0 0.216 2 TOUCH_MOVE k
1401951027287 6 4098 574.1008 964.951 0.23333335 4.0 4.0 4.0 4.0 0.0 0.216 1 TOUCH_UP k
1401951027529 6 4098 538.0 838.451 0.26666668 4.0 4.0 4.0 4.0 0.0 0.21200001 0 TOUCH_DOWN i
1401951027601 6 4098 537.5 838.951 0.23333335 4.0 4.0 4.0 4.0 0.0 0.19600001 2 TOUCH_MOVE i
1401951027605 6 4098 537.5 838.951 0.13333334 2.0 2.0 2.0 2.0 0.0 0.116000004 2 TOUCH_MOVE i
1401951027609 6 4098 537.5 838.951 0.13333334 2.0 2.0 2.0 2.0 0.0 0.116000004 1 TOUCH_UP i
1401951027847 6 4098 666.5 847.951 0.26666668 5.0 5.0 5.0 5.0 0.0 0.21200001 0 TOUCH_DOWN p
1401951027903 6 4098 666.5 847.951 0.20000002 4.0 4.0 4.0 4.0 0.0 0.18 2 TOUCH_MOVE p
1401951027917 6 4098 666.5 847.951 0.16666667 3.0 3.0 3.0 3.0 0.0 0.1 2 TOUCH_MOVE p
1401951027920 6 4098 666.5 847.951 0.16666667 3.0 3.0 3.0 3.0 0.0 0.1 1 TOUCH_UP p
1401951028229 6 4098 246.5 1263.5 0.10000001 2.0 2.0 2.0 2.0 0.0 0.136 0 TOUCH_DOWN Space
1401951028236 6 4098 246.5 1263.5 0.10000001 2.0 2.0 2.0 2.0 0.0 0.14 2 TOUCH_MOVE Space
1401951028251 6 4098 246.0 1263.5 0.10000001 2.0 2.0 2.0 2.0 0.0 0.128 2 TOUCH_MOVE Space
1401951028256 6 4098 246.0 1263.5 0.10000001 2.0 2.0 2.0 2.0 0.0 0.128 1 TOUCH_UP Space
1401951028951 6 4098 328.5 828.951 0.33333334 5.0 5.0 5.0 5.0 0.0 0.20400001 0 TOUCH_DOWN t
1401951028973 6 4098 328.5 828.951 0.33333334 5.0 5.0 5.0 5.0 0.0 0.208 2 TOUCH_MOVE t
1401951028986 6 4098 329.3572 828.0938 0.33333334 5.0 5.0 5.0 5.0 0.0 0.208 2 TOUCH_MOVE t
1401951029002 6 4098 330.0 827.451 0.33333334 5.0 5.0 5.0 5.0 0.0 0.192 2 TOUCH_MOVE t
1401951029009 6 4098 330.0 827.451 0.20000002 3.0 3.0 3.0 3.0 0.0 0.104 2 TOUCH_MOVE t
1401951029012 6 4098 330.0 827.451 0.20000002 3.0 3.0 3.0 3.0 0.0 0.104 1 TOUCH_UP t
1401951029117 6 4098 616.0 837.951 0.3 5.0 5.0 5.0 5.0 0.0 0.2 0 TOUCH_DOWN o
1401951029136 6 4098 616.0 837.951 0.3 5.0 5.0 5.0 5.0 0.0 0.208 2 TOUCH_MOVE o
1401951029186 6 4098 615.09094 837.54193 0.3 5.0 5.0 5.0 5.0 0.0 0.208 2 TOUCH_MOVE o
1401951029205 6 4098 613.5 836.951 0.26666668 4.0 4.0 4.0 4.0 0.0 0.18 2 TOUCH_MOVE o
1401951029213 6 4098 613.5 836.951 0.26666668 4.0 4.0 4.0 4.0 0.0 0.18 1 TOUCH_UP o
1401951029381 6 4098 535.5 805.951 0.23333335 4.0 4.0 4.0 4.0 0.0 0.216 0 TOUCH_DOWN i
1401951029405 6 4098 535.5 805.951 0.26666668 4.0 4.0 4.0 4.0 0.0 0.22000001 2 TOUCH_MOVE i
1401951029454 6 4098 536.5 805.951 0.23333335 4.0 4.0 4.0 4.0 0.0 0.19600001 2 TOUCH_MOVE i
1401951029465 6 4098 536.5 805.951 0.16666667 3.0 3.0 3.0 3.0 0.0 0.132 2 TOUCH_MOVE i
1401951029469 6 4098 536.5 805.951 0.16666667 3.0 3.0 3.0 3.0 0.0 0.132 1 TOUCH_UP i
1401951029727 6 4098 224.0 1252.9509 0.16666667 4.0 4.0 4.0 4.0 0.0 0.18400002 0 TOUCH_DOWN Space
1401951029737 6 4098 224.0 1252.9509 0.20000002 5.0 5.0 5.0 5.0 0.0 0.18800001 2 TOUCH_MOVE Space
1401951029783 6 4098 225.11317 1251.7246 0.20000002 5.0 5.0 5.0 5.0 0.0 0.192 2 TOUCH_MOVE Space
1401951029791 6 4098 225.5 1250.3705 0.20000002 5.0 5.0 5.0 5.0 0.0 0.192 2 TOUCH_MOVE Space
1401951029803 6 4098 225.5 1249.7009 0.20000002 5.0 5.0 5.0 5.0 0.0 0.192 2 TOUCH_MOVE Space
1401951029820 6 4098 225.0 1249.9509 0.20000002 5.0 5.0 5.0 5.0 0.0 0.1 2 TOUCH_MOVE Space
1401951029826 6 4098 225.0 1249.9509 0.20000002 5.0 5.0 5.0 5.0 0.0 0.1 1 TOUCH_UP Space
1401951030226 6 4098 492.5 1101.4509 0.26666668 4.0 4.0 4.0 4.0 0.0 0.20400001 0 TOUCH_DOWN n
1401951030254 6 4098 492.5 1101.4509 0.3 5.0 5.0 5.0 5.0 0.0 0.224 2 TOUCH_MOVE n
1401951030287 6 4098 493.465 1102.4509 0.3 5.0 5.0 5.0 5.0 0.0 0.22800002 2 TOUCH_MOVE n
1401951030304 6 4098 494.25 1103.2009 0.3 5.0 5.0 5.0 5.0 0.0 0.224 2 TOUCH_MOVE n
1401951030337 6 4098 494.5 1103.9509 0.33333334 5.0 5.0 5.0 5.0 0.0 0.216 2 TOUCH_MOVE n
1401951030344 6 4098 494.5 1103.9509 0.3 5.0 5.0 5.0 5.0 0.0 0.192 2 TOUCH_MOVE n
1401951030346 6 4098 494.5 1103.9509 0.3 5.0 5.0 5.0 5.0 0.0 0.192 1 TOUCH_UP n
1401951030726 6 4098 53.5 959.451 0.20000002 3.0 3.0 3.0 3.0 0.0 0.19600001 0 TOUCH_DOWN a
1401951030740 6 4098 53.5 959.451 0.20000002 3.0 3.0 3.0 3.0 0.0 0.2 2 TOUCH_MOVE a
1401951030771 6 4098 55.777237 958.0624 0.23333335 4.0 4.0 4.0 4.0 0.0 0.21200001 2 TOUCH_MOVE a
1401951030787 6 4098 57.35243 957.0986 0.23333335 4.0 4.0 4.0 4.0 0.0 0.21200001 2 TOUCH_MOVE a
1401951030804 6 4098 57.75 956.701 0.23333335 4.0 4.0 4.0 4.0 0.0 0.208 2 TOUCH_MOVE a
1401951030818 6 4098 57.75 956.701 0.23333335 4.0 4.0 4.0 4.0 0.0 0.208 1 TOUCH_UP a
1401951030993 6 4098 413.5 847.451 0.26666668 4.0 4.0 4.0 4.0 0.0 0.22000001 0 TOUCH_DOWN y
1401951031019 6 4098 413.5 847.451 0.26666668 4.0 4.0 4.0 4.0 0.0 0.22800002 2 TOUCH_MOVE y
1401951031071 6 4098 413.5 846.5938 0.26666668 4.0 4.0 4.0 4.0 0.0 0.23200001 2 TOUCH_MOVE y
1401951031088 6 4098 413.5 846.2182 0.26666668 4.0 4.0 4.0 4.0 0.0 0.22000001 2 TOUCH_MOVE y
1401951031099 6 4098 413.5 846.2182 0.26666668 4.0 4.0 4.0 4.0 0.0 0.22000001 1 TOUCH_UP y
