1403056406395 6 4098 686.5 1093.9509 0.26666668 4.0 4.0 4.0 4.0 0.0 0.19600001 0 TOUCH_DOWN Back
1403056406421 6 4098 686.5 1094.9109 0.26666668 4.0 4.0 4.0 4.0 0.0 0.2 2 TOUCH_MOVE Back
1403056406438 6 4098 685.5757 1096.7996 0.26666668 4.0 4.0 4.0 4.0 0.0 0.20400001 2 TOUCH_MOVE Back
1403056406454 6 4098 685.5 1097.8322 0.26666668 4.0 4.0 4.0 4.0 0.0 0.2 2 TOUCH_MOVE Back
1403056406469 6 4098 685.0 1098.4509 0.26666668 4.0 4.0 4.0 4.0 0.0 0.18400002 2 TOUCH_MOVE Back
1403056406472 6 4098 685.0 1098.4509 0.26666668 4.0 4.0 4.0 4.0 0.0 0.18400002 1 TOUCH_UP Back
1403056406902 6 4098 46.0 1078.4509 0.23333335 4.0 4.0 4.0 4.0 0.0 0.20400001 0 TOUCH_DOWN Change
1403056406924 6 4098 46.0 1078.4509 0.23333335 4.0 4.0 4.0 4.0 0.0 0.208 2 TOUCH_MOVE Change
1403056406971 6 4098 46.0 1078.4509 0.16666667 3.0 3.0 3.0 3.0 0.0 0.18400002 2 TOUCH_MOVE Change
1403056406975 6 4098 46.0 1078.4509 0.16666667 3.0 3.0 3.0 3.0 0.0 0.18400002 1 TOUCH_UP Change
1403056407132 6 4098 436.5 961.451 0.23333335 4.0 4.0 4.0 4.0 0.0 0.2 0 TOUCH_DOWN H
1403056407155 6 4098 436.10178 961.451 0.23333335 4.0 4.0 4.0 4.0 0.0 0.20400001 2 TOUCH_MOVE H
1403056407172 6 4098 435.26013 960.951 0.26666668 4.0 4.0 4.0 4.0 0.0 0.216 2 TOUCH_MOVE H
1403056407189 6 4098 434.28488 961.1661 0.23333335 4.0 4.0 4.0 4.0 0.0 0.20400001 2 TOUCH_MOVE H
1403056407196 6 4098 434.0 961.451 0.20000002 4.0 4.0 4.0 4.0 0.0 0.18800001 2 TOUCH_MOVE H
1403056407201 6 4098 434.0 961.451 0.20000002 4.0 4.0 4.0 4.0 0.0 0.18800001 1 TOUCH_UP H
1403056407332 6 4098 71.0 949.951 0.20000002 4.0 4.0 4.0 4.0 0.0 0.20400001 0 TOUCH_DOWN a
1403056407387 6 4098 71.0 949.951 0.16666667 3.0 3.0 3.0 3.0 0.0 0.148 2 TOUCH_MOVE a
1403056407390 6 4098 71.0 949.951 0.16666667 3.0 3.0 3.0 3.0 0.0 0.148 1 TOUCH_UP a
1403056407453 6 4098 540.0 852.951 0.20000002 4.0 4.0 4.0 4.0 0.0 0.19600001 0 TOUCH_DOWN i
1403056407473 6 4098 540.0 852.951 0.23333335 4.0 4.0 4.0 4.0 0.0 0.208 2 TOUCH_MOVE i
1403056407506 6 4098 538.49615 852.951 0.26666668 5.0 5.0 5.0 5.0 0.0 0.21200001 2 TOUCH_MOVE i
1403056407522 6 4098 537.5 853.951 0.20000002 4.0 4.0 4.0 4.0 0.0 0.2 2 TOUCH_MOVE i
1403056407526 6 4098 537.5 853.951 0.13333334 2.0 2.0 2.0 2.0 0.0 0.124000005 2 TOUCH_MOVE i
1403056407543 6 4098 537.5 853.951 0.13333334 2.0 2.0 2.0 2.0 0.0 0.124000005 1 TOUCH_UP i
1403056407696 6 4098 350.5 1201.9509 0.23333335 4.0 4.0 4.0 4.0 0.0 0.2 0 TOUCH_DOWN Space
1403056407707 6 4098 350.5 1201.9509 0.23333335 4.0 4.0 4.0 4.0 0.0 0.208 2 TOUCH_MOVE Space
1403056407753 6 4098 350.5 1201.9509 0.23333335 4.0 4.0 4.0 4.0 0.0 0.208 1 TOUCH_UP Space
1403056407808 6 4098 149.0 964.451 0.26666668 4.0 4.0 4.0 4.0 0.0 0.21200001 0 TOUCH_DOWN s
1403056407857 6 4098 148.79152 963.7425 0.26666668 4.0 4.0 4.0 4.0 0.0 0.21200001 2 TOUCH_MOVE s
1403056407864 6 4098 148.5 963.451 0.23333335 4.0 4.0 4.0 4.0 0.0 0.192 2 TOUCH_MOVE s
1403056407868 6 4098 148.5 963.451 0.23333335 4.0 4.0 4.0 4.0 0.0 0.192 1 TOUCH_UP s
1403056408029 6 4098 202.0 825.951 0.3 5.0 5.0 5.0 5.0 0.0 0.22000001 0 TOUCH_DOWN e
1403056408106 6 4098 199.5 827.451 0.20000002 4.0 4.0 4.0 4.0 0.0 0.17600001 2 TOUCH_MOVE e
1403056408119 6 4098 199.5 827.451 0.20000002 4.0 4.0 4.0 4.0 0.0 0.17600001 1 TOUCH_UP e
1403056408142 6 4098 636.0 981.451 0.23333335 4.0 4.0 4.0 4.0 0.0 0.20400001 0 TOUCH_DOWN l
1403056408144 6 4098 636.54376 981.451 0.23333335 4.0 4.0 4.0 4.0 0.0 0.208 2 TOUCH_MOVE l
1403056408191 6 4098 637.4526 981.451 0.23333335 4.0 4.0 4.0 4.0 0.0 0.208 2 TOUCH_MOVE l
1403056408206 6 4098 638.42175 981.451 0.23333335 4.0 4.0 4.0 4.0 0.0 0.19600001 2 TOUCH_MOVE l
1403056408212 6 4098 638.5 981.451 0.16666667 3.0 3.0 3.0 3.0 0.0 0.14 2 TOUCH_MOVE l
1403056408215 6 4098 638.5 981.451 0.16666667 3.0 3.0 3.0 3.0 0.0 0.14 1 TOUCH_UP l
1403056408272 6 4098 51.0 940.951 0.26666668 5.0 5.0 5.0 5.0 0.0 0.2 0 TOUCH_DOWN a
1403056408330 6 4098 51.0 940.951 0.26666668 5.0 5.0 5.0 5.0 0.0 0.2 1 TOUCH_UP a
1403056408376 6 4098 558.0 1088.9509 0.26666668 5.0 5.0 5.0 5.0 0.0 0.19600001 0 TOUCH_DOWN m
1403056408407 6 4098 558.0 1089.5629 0.26666668 5.0 5.0 5.0 5.0 0.0 0.2 2 TOUCH_MOVE m
1403056408422 6 4098 558.0 1089.5629 0.26666668 5.0 5.0 5.0 5.0 0.0 0.2 1 TOUCH_UP m
1403056408448 6 4098 76.5 937.951 0.23333335 5.0 5.0 5.0 5.0 0.0 0.20400001 0 TOUCH_DOWN a
1403056408473 6 4098 76.90416 937.5468 0.23333335 5.0 5.0 5.0 5.0 0.0 0.208 2 TOUCH_MOVE a
1403056408491 6 4098 80.60051 934.61725 0.26666668 4.0 4.0 4.0 4.0 0.0 0.21200001 2 TOUCH_MOVE a
1403056408505 6 4098 86.5 927.451 0.20000002 4.0 4.0 4.0 4.0 0.0 0.18400002 2 TOUCH_MOVE a
1403056408508 6 4098 86.5 927.451 0.20000002 4.0 4.0 4.0 4.0 0.0 0.18400002 1 TOUCH_UP a
1403056408706 6 4098 333.5 863.451 0.26666668 5.0 5.0 5.0 5.0 0.0 0.19600001 0 TOUCH_DOWN t
1403056408726 6 4098 333.5 863.451 0.26666668 5.0 5.0 5.0 5.0 0.0 0.20400001 2 TOUCH_MOVE t
1403056408740 6 4098 331.50797 864.17145 0.3 5.0 5.0 5.0 5.0 0.0 0.208 2 TOUCH_MOVE t
1403056408748 6 4098 328.0 864.951 0.23333335 4.0 4.0 4.0 4.0 0.0 0.192 2 TOUCH_MOVE t
1403056408752 6 4098 328.0 864.951 0.23333335 4.0 4.0 4.0 4.0 0.0 0.192 1 TOUCH_UP t
1403056408825 6 4098 314.5 1171.9509 0.3 5.0 5.0 5.0 5.0 0.0 0.22000001 0 TOUCH_DOWN Space
1403056408842 6 4098 314.5 1171.9509 0.3 5.0 5.0 5.0 5.0 0.0 0.224 2 TOUCH_MOVE Space
1403056408875 6 4098 314.90454 1172.8555 0.33333334 5.0 5.0 5.0 5.0 0.0 0.23200001 2 TOUCH_MOVE Space
1403056408890 6 4098 315.5 1173.4509 0.26666668 4.0 4.0 4.0 4.0 0.0 0.2 2 TOUCH_MOVE Space
1403056408895 6 4098 315.5 1173.4509 0.20000002 3.0 3.0 3.0 3.0 0.0 0.1 2 TOUCH_MOVE Space
1403056408898 6 4098 315.5 1173.4509 0.20000002 3.0 3.0 3.0 3.0 0.0 0.1 1 TOUCH_UP Space
1403056409080 6 4098 648.0 861.951 0.23333335 4.0 4.0 4.0 4.0 0.0 0.20400001 0 TOUCH_DOWN p
1403056409090 6 4098 648.0 861.951 0.26666668 5.0 5.0 5.0 5.0 0.0 0.208 2 TOUCH_MOVE p
1403056409125 6 4098 647.42395 861.951 0.26666668 5.0 5.0 5.0 5.0 0.0 0.216 2 TOUCH_MOVE p
1403056409140 6 4098 647.5 862.60187 0.26666668 5.0 5.0 5.0 5.0 0.0 0.22000001 2 TOUCH_MOVE p
1403056409158 6 4098 647.5 863.08417 0.26666668 5.0 5.0 5.0 5.0 0.0 0.21200001 2 TOUCH_MOVE p
1403056409179 6 4098 647.0 862.951 0.13333334 2.0 2.0 2.0 2.0 0.0 0.15200001 2 TOUCH_MOVE p
1403056409183 6 4098 48.0 962.451 0.23333335 4.0 4.0 4.0 4.0 0.0 0.20400001 0 TOUCH_DOWN a
1403056409185 6 4098 647.0 862.951 0.13333334 2.0 2.0 2.0 2.0 0.0 0.15200001 2 TOUCH_MOVE p
1403056409186 6 4098 48.5 962.451 0.23333335 4.0 4.0 4.0 4.0 0.0 0.208 2 TOUCH_MOVE a
1403056409189 6 4098 647.0 862.951 0.13333334 2.0 2.0 2.0 2.0 0.0 0.15200001 1 TOUCH_UP p
1403056409216 6 4098 48.5 962.451 0.23333335 4.0 4.0 4.0 4.0 0.0 0.208 2 TOUCH_MOVE a
1403056409254 6 4098 48.5 962.451 0.23333335 4.0 4.0 4.0 4.0 0.0 0.208 1 TOUCH_UP a
1403056409417 6 4098 343.0 981.951 0.3 5.0 5.0 5.0 5.0 0.0 0.224 0 TOUCH_DOWN g
1403056409424 6 4098 343.0 981.951 0.3 5.0 5.0 5.0 5.0 0.0 0.23200001 2 TOUCH_MOVE g
1403056409441 6 4098 344.11414 981.3939 0.3 5.0 5.0 5.0 5.0 0.0 0.23600002 2 TOUCH_MOVE g
1403056409462 6 4098 350.0 977.451 0.26666668 5.0 5.0 5.0 5.0 0.0 0.216 2 TOUCH_MOVE g
1403056409468 6 4098 350.0 977.451 0.20000002 4.0 4.0 4.0 4.0 0.0 0.192 2 TOUCH_MOVE g
1403056409471 6 4098 350.0 977.451 0.20000002 4.0 4.0 4.0 4.0 0.0 0.192 1 TOUCH_UP g
1403056409634 6 4098 558.5 857.451 0.23333335 5.0 5.0 5.0 5.0 0.0 0.19600001 0 TOUCH_DOWN i
1403056409641 6 4098 558.5 857.451 0.23333335 5.0 5.0 5.0 5.0 0.0 0.20400001 2 TOUCH_MOVE i
1403056409674 6 4098 557.978 857.451 0.23333335 5.0 5.0 5.0 5.0 0.0 0.216 2 TOUCH_MOVE i
1403056409691 6 4098 557.25 857.451 0.23333335 5.0 5.0 5.0 5.0 0.0 0.22000001 2 TOUCH_MOVE i
1403056409724 6 4098 557.5 857.451 0.23333335 5.0 5.0 5.0 5.0 0.0 0.192 2 TOUCH_MOVE i
1403056409731 6 4098 557.5 857.451 0.23333335 5.0 5.0 5.0 5.0 0.0 0.192 1 TOUCH_UP i
1403056409953 6 4098 437.0 1203.9509 0.23333335 4.0 4.0 4.0 4.0 0.0 0.18800001 0 TOUCH_DOWN ,
1403056409976 6 4098 437.0 1204.8673 0.23333335 4.0 4.0 4.0 4.0 0.0 0.20400001 2 TOUCH_MOVE ,
1403056409991 6 4098 437.0 1207.0546 0.23333335 4.0 4.0 4.0 4.0 0.0 0.208 2 TOUCH_MOVE ,
1403056410016 6 4098 437.0 1209.1311 0.26666668 5.0 5.0 5.0 5.0 0.0 0.216 2 TOUCH_MOVE ,
1403056410027 6 4098 437.0 1210.7499 0.23333335 4.0 4.0 4.0 4.0 0.0 0.20400001 2 TOUCH_MOVE ,
1403056410034 6 4098 437.0 1210.9509 0.23333335 4.0 4.0 4.0 4.0 0.0 0.18800001 2 TOUCH_MOVE ,
1403056410037 6 4098 437.0 1210.9509 0.23333335 4.0 4.0 4.0 4.0 0.0 0.18800001 1 TOUCH_UP ,
1403056410285 6 4098 298.0 1229.4509 0.23333335 4.0 4.0 4.0 4.0 0.0 0.208 0 TOUCH_DOWN Space
1403056410292 6 4098 298.0 1229.4509 0.26666668 5.0 5.0 5.0 5.0 0.0 0.216 2 TOUCH_MOVE Space
1403056410329 6 4098 299.11786 1229.4509 0.26666668 5.0 5.0 5.0 5.0 0.0 0.22000001 2 TOUCH_MOVE Space
1403056410344 6 4098 300.0795 1229.4509 0.26666668 5.0 5.0 5.0 5.0 0.0 0.22000001 2 TOUCH_MOVE Space
1403056410358 6 4098 301.0153 1229.9662 0.20000002 4.0 4.0 4.0 4.0 0.0 0.20400001 2 TOUCH_MOVE Space
1403056410369 6 4098 301.5 1230.4509 0.16666667 3.0 3.0 3.0 3.0 0.0 0.18 2 TOUCH_MOVE Space
1403056410373 6 4098 301.5 1230.4509 0.16666667 3.0 3.0 3.0 3.0 0.0 0.18 1 TOUCH_UP Space
1403056410461 6 4098 204.5 972.951 0.26666668 4.0 4.0 4.0 4.0 0.0 0.224 0 TOUCH_DOWN d
1403056410475 6 4098 204.5 972.951 0.26666668 4.0 4.0 4.0 4.0 0.0 0.22800002 2 TOUCH_MOVE d
1403056410508 6 4098 203.94911 972.951 0.3 5.0 5.0 5.0 5.0 0.0 0.23600002 2 TOUCH_MOVE d
1403056410525 6 4098 203.42294 972.951 0.26666668 4.0 4.0 4.0 4.0 0.0 0.22800002 2 TOUCH_MOVE d
1403056410542 6 4098 203.0 972.951 0.20000002 3.0 3.0 3.0 3.0 0.0 0.192 2 TOUCH_MOVE d
1403056410546 6 4098 203.0 972.951 0.20000002 3.0 3.0 3.0 3.0 0.0 0.192 1 TOUCH_UP d
1403056410647 6 4098 545.0 838.451 0.26666668 4.0 4.0 4.0 4.0 0.0 0.21200001 0 TOUCH_DOWN i
1403056410658 6 4098 545.0 838.451 0.3 5.0 5.0 5.0 5.0 0.0 0.216 2 TOUCH_MOVE i
1403056410676 6 4098 545.0 839.2713 0.26666668 5.0 5.0 5.0 5.0 0.0 0.22000001 2 TOUCH_MOVE i
1403056410692 6 4098 545.2819 842.36053 0.26666668 5.0 5.0 5.0 5.0 0.0 0.21200001 2 TOUCH_MOVE i
1403056410708 6 4098 546.25 848.701 0.20000002 4.0 4.0 4.0 4.0 0.0 0.17600001 2 TOUCH_MOVE i
1403056410723 6 4098 546.25 848.701 0.20000002 4.0 4.0 4.0 4.0 0.0 0.17600001 1 TOUCH_UP i
1403056410732 6 4098 116.0 963.451 0.23333335 4.0 4.0 4.0 4.0 0.0 0.21200001 0 TOUCH_DOWN s
1403056410745 6 4098 116.66289 963.451 0.26666668 4.0 4.0 4.0 4.0 0.0 0.216 2 TOUCH_MOVE s
1403056410787 6 4098 116.0 963.951 0.20000002 4.0 4.0 4.0 4.0 0.0 0.18800001 2 TOUCH_MOVE s
1403056410790 6 4098 116.0 963.951 0.20000002 4.0 4.0 4.0 4.0 0.0 0.18800001 1 TOUCH_UP s
1403056410857 6 4098 548.0 867.451 0.23333335 4.0 4.0 4.0 4.0 0.0 0.20400001 0 TOUCH_DOWN i
1403056410877 6 4098 548.0 867.8869 0.3 5.0 5.0 5.0 5.0 0.0 0.216 2 TOUCH_MOVE i
1403056410892 6 4098 547.167 869.61707 0.3 5.0 5.0 5.0 5.0 0.0 0.224 2 TOUCH_MOVE i
1403056410915 6 4098 545.9713 872.77264 0.3 5.0 5.0 5.0 5.0 0.0 0.22000001 2 TOUCH_MOVE i
1403056410925 6 4098 544.7416 878.22626 0.3 5.0 5.0 5.0 5.0 0.0 0.19600001 2 TOUCH_MOVE i
1403056410933 6 4098 544.5 878.951 0.20000002 3.0 3.0 3.0 3.0 0.0 0.116000004 2 TOUCH_MOVE i
1403056410936 6 4098 544.5 878.951 0.20000002 3.0 3.0 3.0 3.0 0.0 0.116000004 1 TOUCH_UP i
1403056411073 6 4098 485.5 1072.9509 0.23333335 4.0 4.0 4.0 4.0 0.0 0.21200001 0 TOUCH_DOWN n
1403056411093 6 4098 485.5 1072.9509 0.26666668 4.0 4.0 4.0 4.0 0.0 0.216 2 TOUCH_MOVE n
1403056411126 6 4098 487.5 1071.4509 0.3 5.0 5.0 5.0 5.0 0.0 0.20400001 2 TOUCH_MOVE n
1403056411132 6 4098 487.5 1071.4509 0.33333334 5.0 5.0 5.0 5.0 0.0 0.18 2 TOUCH_MOVE n
1403056411136 6 4098 487.5 1071.4509 0.33333334 5.0 5.0 5.0 5.0 0.0 0.18 1 TOUCH_UP n
1403056411272 6 4098 544.0 852.951 0.23333335 4.0 4.0 4.0 4.0 0.0 0.21200001 0 TOUCH_DOWN i
1403056411294 6 4098 543.5376 852.951 0.26666668 5.0 5.0 5.0 5.0 0.0 0.224 2 TOUCH_MOVE i
1403056411311 6 4098 542.1128 852.951 0.26666668 5.0 5.0 5.0 5.0 0.0 0.22800002 2 TOUCH_MOVE i
1403056411327 6 4098 542.0 853.3726 0.26666668 5.0 5.0 5.0 5.0 0.0 0.23200001 2 TOUCH_MOVE i
1403056411342 6 4098 544.0344 854.87164 0.26666668 5.0 5.0 5.0 5.0 0.0 0.22000001 2 TOUCH_MOVE i
1403056411357 6 4098 545.0 855.451 0.23333335 5.0 5.0 5.0 5.0 0.0 0.18400002 2 TOUCH_MOVE i
1403056411366 6 4098 545.0 855.451 0.23333335 5.0 5.0 5.0 5.0 0.0 0.18400002 1 TOUCH_UP i
1403056411574 6 4098 355.5 1189.4509 0.23333335 4.0 4.0 4.0 4.0 0.0 0.20400001 0 TOUCH_DOWN Space
1403056411579 6 4098 355.5 1189.4509 0.26666668 4.0 4.0 4.0 4.0 0.0 0.21200001 2 TOUCH_MOVE Space
1403056411614 6 4098 356.20703 1189.4509 0.26666668 4.0 4.0 4.0 4.0 0.0 0.22000001 2 TOUCH_MOVE Space
1403056411626 6 4098 356.5 1189.4509 0.16666667 3.0 3.0 3.0 3.0 0.0 0.18800001 2 TOUCH_MOVE Space
1403056411630 6 4098 356.5 1189.4509 0.16666667 3.0 3.0 3.0 3.0 0.0 0.18800001 1 TOUCH_UP Space
1403056411905 6 4098 47.5 1079.9509 0.16666667 3.0 3.0 3.0 3.0 0.0 0.19600001 0 TOUCH_DOWN Change
1403056411961 6 4098 47.5 1080.8706 0.16666667 3.0 3.0 3.0 3.0 0.0 0.2 2 TOUCH_MOVE Change
1403056411973 6 4098 47.5 1080.9509 0.16666667 3.0 3.0 3.0 3.0 0.0 0.164 2 TOUCH_MOVE Change
1403056411976 6 4098 47.5 1080.9509 0.16666667 3.0 3.0 3.0 3.0 0.0 0.164 1 TOUCH_UP Change
1403056412342 6 4098 581.0 1092.4509 0.16666667 3.0 3.0 3.0 3.0 0.0 0.19600001 0 TOUCH_DOWN M
1403056412349 6 4098 581.0 1092.4509 0.20000002 3.0 3.0 3.0 3.0 0.0 0.19600001 2 TOUCH_MOVE M
1403056412393 6 4098 580.5 1089.9509 0.16666667 3.0 3.0 3.0 3.0 0.0 0.18 2 TOUCH_MOVE M
1403056412398 6 4098 580.5 1089.9509 0.13333334 2.0 2.0 2.0 2.0 0.0 0.112 2 TOUCH_MOVE M
1403056412401 6 4098 580.5 1089.9509 0.13333334 2.0 2.0 2.0 2.0 0.0 0.112 1 TOUCH_UP M
1403056412549 6 4098 546.0 827.451 0.33333334 5.0 5.0 5.0 5.0 0.0 0.22000001 0 TOUCH_DOWN i
1403056412561 6 4098 546.0 827.451 0.33333334 5.0 5.0 5.0 5.0 0.0 0.22800002 2 TOUCH_MOVE i
1403056412577 6 4098 545.4911 827.451 0.33333334 5.0 5.0 5.0 5.0 0.0 0.23600002 2 TOUCH_MOVE i
1403056412601 6 4098 544.5194 827.451 0.33333334 5.0 5.0 5.0 5.0 0.0 0.23600002 2 TOUCH_MOVE i
1403056412610 6 4098 544.0 827.89215 0.33333334 5.0 5.0 5.0 5.0 0.0 0.23200001 2 TOUCH_MOVE i
1403056412627 6 4098 546.12103 830.072 0.3 5.0 5.0 5.0 5.0 0.0 0.22000001 2 TOUCH_MOVE i
1403056412632 6 4098 546.5 830.451 0.3 5.0 5.0 5.0 5.0 0.0 0.2 2 TOUCH_MOVE i
1403056412635 6 4098 546.5 830.451 0.3 5.0 5.0 5.0 5.0 0.0 0.2 1 TOUCH_UP i
1403056412724 6 4098 340.5 822.451 0.33333334 5.0 5.0 5.0 5.0 0.0 0.224 0 TOUCH_DOWN t
1403056412744 6 4098 340.5 822.451 0.33333334 5.0 5.0 5.0 5.0 0.0 0.22800002 2 TOUCH_MOVE t
1403056412763 6 4098 338.73462 822.451 0.33333334 5.0 5.0 5.0 5.0 0.0 0.24400002 2 TOUCH_MOVE t
1403056412777 6 4098 334.66937 822.451 0.33333334 5.0 5.0 5.0 5.0 0.0 0.23200001 2 TOUCH_MOVE t
1403056412794 6 4098 329.89722 823.9852 0.23333335 4.0 4.0 4.0 4.0 0.0 0.16000001 2 TOUCH_MOVE t
1403056412798 6 4098 329.89722 823.9852 0.23333335 4.0 4.0 4.0 4.0 0.0 0.16000001 1 TOUCH_UP t
1403056412901 6 4098 417.5 967.951 0.23333335 4.0 4.0 4.0 4.0 0.0 0.216 0 TOUCH_DOWN h
1403056412911 6 4098 417.5 967.951 0.26666668 5.0 5.0 5.0 5.0 0.0 0.224 2 TOUCH_MOVE h
1403056412944 6 4098 418.0 967.951 0.20000002 4.0 4.0 4.0 4.0 0.0 0.192 2 TOUCH_MOVE h
1403056412948 6 4098 418.0 967.951 0.20000002 4.0 4.0 4.0 4.0 0.0 0.192 1 TOUCH_UP h
1403056413067 6 4098 61.0 959.951 0.23333335 4.0 4.0 4.0 4.0 0.0 0.21200001 0 TOUCH_DOWN a
1403056413078 6 4098 61.0 959.951 0.23333335 4.0 4.0 4.0 4.0 0.0 0.22000001 2 TOUCH_MOVE a
1403056413126 6 4098 61.0 959.951 0.20000002 3.0 3.0 3.0 3.0 0.0 0.18400002 2 TOUCH_MOVE a
1403056413130 6 4098 61.0 959.951 0.20000002 3.0 3.0 3.0 3.0 0.0 0.18400002 1 TOUCH_UP a
1403056413298 6 4098 653.5 1187.9509 0.23333335 4.0 4.0 4.0 4.0 0.0 0.19600001 0 TOUCH_DOWN Enter
1403056413311 6 4098 653.5 1187.9509 0.23333335 4.0 4.0 4.0 4.0 0.0 0.2 2 TOUCH_MOVE Enter
1403056413363 6 4098 653.5 1187.3586 0.23333335 4.0 4.0 4.0 4.0 0.0 0.208 2 TOUCH_MOVE Enter
1403056413386 6 4098 654.5 1187.4509 0.20000002 4.0 4.0 4.0 4.0 0.0 0.192 2 TOUCH_MOVE Enter
1403056413390 6 4098 654.5 1187.4509 0.20000002 4.0 4.0 4.0 4.0 0.0 0.192 1 TOUCH_UP Enter
1403056414103 6 4098 143.0 954.451 0.26666668 4.0 4.0 4.0 4.0 0.0 0.216 0 TOUCH_DOWN S
1403056414114 6 4098 143.0 954.451 0.26666668 4.0 4.0 4.0 4.0 0.0 0.22000001 2 TOUCH_MOVE S
1403056414162 6 4098 143.93147 954.451 0.26666668 4.0 4.0 4.0 4.0 0.0 0.22000001 2 TOUCH_MOVE S
1403056414175 6 4098 144.0 954.451 0.26666668 5.0 5.0 5.0 5.0 0.0 0.172 2 TOUCH_MOVE S
1403056414178 6 4098 144.0 954.451 0.26666668 5.0 5.0 5.0 5.0 0.0 0.172 1 TOUCH_UP S
1403056414332 6 4098 181.5 816.951 0.3 5.0 5.0 5.0 5.0 0.0 0.22800002 0 TOUCH_DOWN e
1403056414379 6 4098 178.8031 817.8904 0.26666668 4.0 4.0 4.0 4.0 0.0 0.22000001 2 TOUCH_MOVE e
1403056414383 6 4098 178.5 817.951 0.3 5.0 5.0 5.0 5.0 0.0 0.2 2 TOUCH_MOVE e
1403056414386 6 4098 178.5 817.951 0.3 5.0 5.0 5.0 5.0 0.0 0.2 1 TOUCH_UP e
1403056414406 6 4098 495.5 1103.4509 0.3 5.0 5.0 5.0 5.0 0.0 0.208 0 TOUCH_DOWN n
1403056414469 6 4098 495.5 1103.4509 0.3 5.0 5.0 5.0 5.0 0.0 0.18800001 2 TOUCH_MOVE n
1403056414475 6 4098 495.5 1103.4509 0.3 5.0 5.0 5.0 5.0 0.0 0.18800001 1 TOUCH_UP n
1403056414573 6 4098 46.0 956.951 0.23333335 4.0 4.0 4.0 4.0 0.0 0.19600001 0 TOUCH_DOWN a
1403056414620 6 4098 46.0 956.951 0.23333335 4.0 4.0 4.0 4.0 0.0 0.19600001 1 TOUCH_UP a
1403056414630 6 4098 502.5 1091.9509 0.26666668 5.0 5.0 5.0 5.0 0.0 0.208 0 TOUCH_DOWN n
1403056414648 6 4098 501.0 1091.9509 0.26666668 5.0 5.0 5.0 5.0 0.0 0.21200001 2 TOUCH_MOVE n
1403056414697 6 4098 500.77884 1091.7297 0.26666668 5.0 5.0 5.0 5.0 0.0 0.208 2 TOUCH_MOVE n
1403056414716 6 4098 500.0 1090.9509 0.20000002 4.0 4.0 4.0 4.0 0.0 0.14 2 TOUCH_MOVE n
1403056414720 6 4098 500.0 1090.9509 0.20000002 4.0 4.0 4.0 4.0 0.0 0.14 1 TOUCH_UP n
1403056414922 6 4098 372.5 938.951 0.33333334 5.0 5.0 5.0 5.0 0.0 0.23200001 0 TOUCH_DOWN g
1403056414932 6 4098 372.5 939.6397 0.33333334 5.0 5.0 5.0 5.0 0.0 0.24800001 2 TOUCH_MOVE g
1403056414950 6 4098 372.5 940.201 0.33333334 5.0 5.0 5.0 5.0 0.0 0.24800001 2 TOUCH_MOVE g
1403056414963 6 4098 372.5 939.951 0.33333334 5.0 5.0 5.0 5.0 0.0 0.18800001 2 TOUCH_MOVE g
1403056414967 6 4098 372.5 939.951 0.33333334 5.0 5.0 5.0 5.0 0.0 0.18800001 1 TOUCH_UP g
1403056415382 6 4098 343.0 1207.4509 0.26666668 5.0 5.0 5.0 5.0 0.0 0.216 0 TOUCH_DOWN Space
1403056415401 6 4098 342.86368 1208.0873 0.26666668 5.0 5.0 5.0 5.0 0.0 0.224 2 TOUCH_MOVE Space
1403056415413 6 4098 341.9022 1209.0487 0.26666668 5.0 5.0 5.0 5.0 0.0 0.23200001 2 TOUCH_MOVE Space
1403056415430 6 4098 340.9535 1208.9509 0.26666668 5.0 5.0 5.0 5.0 0.0 0.22800002 2 TOUCH_MOVE Space
1403056415446 6 4098 341.0 1209.9777 0.23333335 4.0 4.0 4.0 4.0 0.0 0.20400001 2 TOUCH_MOVE Space
1403056415457 6 4098 341.0 1209.9509 0.23333335 4.0 4.0 4.0 4.0 0.0 0.18 2 TOUCH_MOVE Space
1403056415464 6 4098 341.0 1209.9509 0.23333335 4.0 4.0 4.0 4.0 0.0 0.18 1 TOUCH_UP Space
1403056415702 6 4098 406.0 1088.4509 0.23333335 4.0 4.0 4.0 4.0 0.0 0.21200001 0 TOUCH_DOWN b
1403056415713 6 4098 406.0 1088.4509 0.3 5.0 5.0 5.0 5.0 0.0 0.22000001 2 TOUCH_MOVE b
1403056415756 6 4098 406.0 1090.2905 0.3 5.0 5.0 5.0 5.0 0.0 0.22800002 2 TOUCH_MOVE b
1403056415766 6 4098 406.0 1090.7009 0.3 5.0 5.0 5.0 5.0 0.0 0.224 2 TOUCH_MOVE b
1403056415772 6 4098 406.0 1090.7009 0.3 5.0 5.0 5.0 5.0 0.0 0.224 1 TOUCH_UP b
1403056415820 6 4098 196.5 821.951 0.3 5.0 5.0 5.0 5.0 0.0 0.22800002 0 TOUCH_DOWN e
1403056415891 6 4098 196.5 821.951 0.26666668 5.0 5.0 5.0 5.0 0.0 0.18400002 2 TOUCH_MOVE e
1403056415895 6 4098 196.5 821.951 0.26666668 5.0 5.0 5.0 5.0 0.0 0.18400002 1 TOUCH_UP e
1403056416022 6 4098 258.0 850.951 0.3 5.0 5.0 5.0 5.0 0.0 0.23200001 0 TOUCH_DOWN r
1403056416030 6 4098 258.0 850.951 0.33333334 5.0 5.0 5.0 5.0 0.0 0.24000001 2 TOUCH_MOVE r
1403056416054 6 4098 258.0 850.1908 0.33333334 5.0 5.0 5.0 5.0 0.0 0.24400002 2 TOUCH_MOVE r
1403056416064 6 4098 258.0 848.1985 0.33333334 5.0 5.0 5.0 5.0 0.0 0.24400002 2 TOUCH_MOVE r
1403056416080 6 4098 255.78772 845.7387 0.26666668 4.0 4.0 4.0 4.0 0.0 0.224 2 TOUCH_MOVE r
1403056416091 6 4098 253.0 844.451 0.23333335 4.0 4.0 4.0 4.0 0.0 0.2 2 TOUCH_MOVE r
1403056416094 6 4098 253.0 844.451 0.23333335 4.0 4.0 4.0 4.0 0.0 0.2 1 TOUCH_UP r
1403056416156 6 4098 499.5 970.451 0.23333335 5.0 5.0 5.0 5.0 0.0 0.21200001 0 TOUCH_DOWN j
1403056416180 6 4098 499.5 970.451 0.23333335 5.0 5.0 5.0 5.0 0.0 0.216 2 TOUCH_MOVE j
1403056416214 6 4098 499.0 964.951 0.26666668 5.0 5.0 5.0 5.0 0.0 0.208 2 TOUCH_MOVE j
1403056416220 6 4098 499.0 966.451 0.26666668 5.0 5.0 5.0 5.0 0.0 0.172 2 TOUCH_MOVE j
1403056416225 6 4098 499.0 966.451 0.26666668 5.0 5.0 5.0 5.0 0.0 0.172 1 TOUCH_UP j
1403056416350 6 4098 488.5 796.451 0.3 5.0 5.0 5.0 5.0 0.0 0.24400002 0 TOUCH_DOWN u
1403056416364 6 4098 488.5 796.451 0.33333334 6.0 6.0 6.0 6.0 0.0 0.252 2 TOUCH_MOVE u
1403056416382 6 4098 488.0939 799.8876 0.36666667 6.0 6.0 6.0 6.0 0.0 0.252 2 TOUCH_MOVE u
1403056416397 6 4098 488.0 804.451 0.3 5.0 5.0 5.0 5.0 0.0 0.24000001 2 TOUCH_MOVE u
1403056416411 6 4098 488.0 805.951 0.26666668 5.0 5.0 5.0 5.0 0.0 0.156 2 TOUCH_MOVE u
1403056416415 6 4098 488.0 805.951 0.26666668 5.0 5.0 5.0 5.0 0.0 0.156 1 TOUCH_UP u
1403056416575 6 4098 545.5 1078.4509 0.20000002 4.0 4.0 4.0 4.0 0.0 0.20400001 0 TOUCH_DOWN m
1403056416616 6 4098 545.5 1078.4509 0.23333335 4.0 4.0 4.0 4.0 0.0 0.18800001 2 TOUCH_MOVE m
1403056416620 6 4098 545.5 1078.4509 0.23333335 4.0 4.0 4.0 4.0 0.0 0.18800001 1 TOUCH_UP m
1403056416764 6 4098 658.0 831.951 0.33333334 5.0 5.0 5.0 5.0 0.0 0.208 0 TOUCH_DOWN p
1403056416798 6 4098 658.9567 830.08075 0.33333334 5.0 5.0 5.0 5.0 0.0 0.22000001 2 TOUCH_MOVE p
1403056416814 6 4098 660.33276 828.1182 0.33333334 5.0 5.0 5.0 5.0 0.0 0.22000001 2 TOUCH_MOVE p
1403056416827 6 4098 662.5 827.451 0.33333334 5.0 5.0 5.0 5.0 0.0 0.2 2 TOUCH_MOVE p
1403056416830 6 4098 662.5 827.451 0.33333334 5.0 5.0 5.0 5.0 0.0 0.2 1 TOUCH_UP p
1403056416884 6 4098 69.5 957.451 0.23333335 4.0 4.0 4.0 4.0 0.0 0.20400001 0 TOUCH_DOWN a
1403056416899 6 4098 69.5 957.451 0.20000002 4.0 4.0 4.0 4.0 0.0 0.208 2 TOUCH_MOVE a
1403056416948 6 4098 69.5 958.0279 0.23333335 4.0 4.0 4.0 4.0 0.0 0.21200001 2 TOUCH_MOVE a
1403056416957 6 4098 69.5 957.951 0.13333334 2.0 2.0 2.0 2.0 0.0 0.164 2 TOUCH_MOVE a
1403056416965 6 4098 69.5 957.951 0.13333334 2.0 2.0 2.0 2.0 0.0 0.164 1 TOUCH_UP a
1403056417134 6 4098 355.0 1167.4509 0.3 5.0 5.0 5.0 5.0 0.0 0.224 0 TOUCH_DOWN Space
1403056417167 6 4098 355.0 1168.0806 0.33333334 5.0 5.0 5.0 5.0 0.0 0.24400002 2 TOUCH_MOVE Space
1403056417182 6 4098 355.59216 1169.0431 0.3 5.0 5.0 5.0 5.0 0.0 0.23200001 2 TOUCH_MOVE Space
1403056417198 6 4098 356.56082 1171.0725 0.20000002 4.0 4.0 4.0 4.0 0.0 0.18 2 TOUCH_MOVE Space
1403056417202 6 4098 356.56082 1171.0725 0.20000002 4.0 4.0 4.0 4.0 0.0 0.18 1 TOUCH_UP Space
1403056417312 6 4098 224.5 967.451 0.26666668 4.0 4.0 4.0 4.0 0.0 0.216 0 TOUCH_DOWN d
1403056417333 6 4098 224.5 967.451 0.3 5.0 5.0 5.0 5.0 0.0 0.22800002 2 TOUCH_MOVE d
1403056417348 6 4098 224.28314 966.5173 0.3 5.0 5.0 5.0 5.0 0.0 0.22800002 2 TOUCH_MOVE d
1403056417365 6 4098 222.64023 964.59125 0.3 5.0 5.0 5.0 5.0 0.0 0.22000001 2 TOUCH_MOVE d
1403056417382 6 4098 219.7854 962.2364 0.16666667 3.0 3.0 3.0 3.0 0.0 0.120000005 2 TOUCH_MOVE d
1403056417385 6 4098 219.7854 962.2364 0.16666667 3.0 3.0 3.0 3.0 0.0 0.120000005 1 TOUCH_UP d
1403056417511 6 4098 169.0 844.451 0.3 5.0 5.0 5.0 5.0 0.0 0.224 0 TOUCH_DOWN e
1403056417533 6 4098 169.0 844.0705 0.3 5.0 5.0 5.0 5.0 0.0 0.23200001 2 TOUCH_MOVE e
1403056417548 6 4098 168.2356 843.1866 0.3 5.0 5.0 5.0 5.0 0.0 0.23200001 2 TOUCH_MOVE e
1403056417568 6 4098 166.5 842.451 0.3 5.0 5.0 5.0 5.0 0.0 0.21200001 2 TOUCH_MOVE e
1403056417573 6 4098 166.5 842.451 0.23333335 4.0 4.0 4.0 4.0 0.0 0.18800001 2 TOUCH_MOVE e
1403056417577 6 4098 166.5 842.451 0.23333335 4.0 4.0 4.0 4.0 0.0 0.18800001 1 TOUCH_UP e
1403056417640 6 4098 482.0 1069.4509 0.26666668 4.0 4.0 4.0 4.0 0.0 0.21200001 0 TOUCH_DOWN n
1403056417648 6 4098 482.0 1069.4509 0.26666668 4.0 4.0 4.0 4.0 0.0 0.216 2 TOUCH_MOVE n
1403056417699 6 4098 482.0 1068.9509 0.26666668 4.0 4.0 4.0 4.0 0.0 0.20400001 2 TOUCH_MOVE n
1403056417703 6 4098 482.0 1068.9509 0.26666668 5.0 5.0 5.0 5.0 0.0 0.156 2 TOUCH_MOVE n
1403056417706 6 4098 482.0 1068.9509 0.26666668 5.0 5.0 5.0 5.0 0.0 0.156 1 TOUCH_UP n
1403056417869 6 4098 345.0 985.951 0.3 5.0 5.0 5.0 5.0 0.0 0.22800002 0 TOUCH_DOWN g
1403056417919 6 4098 345.5 986.451 0.3 5.0 5.0 5.0 5.0 0.0 0.224 2 TOUCH_MOVE g
1403056417920 6 4098 345.5 986.451 0.26666668 4.0 4.0 4.0 4.0 0.0 0.18800001 2 TOUCH_MOVE g
1403056417923 6 4098 345.5 986.451 0.26666668 4.0 4.0 4.0 4.0 0.0 0.18800001 1 TOUCH_UP g
1403056418024 6 4098 78.5 956.451 0.26666668 4.0 4.0 4.0 4.0 0.0 0.22000001 0 TOUCH_DOWN a
1403056418082 6 4098 78.5 956.451 0.20000002 3.0 3.0 3.0 3.0 0.0 0.18800001 2 TOUCH_MOVE a
1403056418086 6 4098 78.5 956.451 0.20000002 3.0 3.0 3.0 3.0 0.0 0.18800001 1 TOUCH_UP a
1403056418161 6 4098 490.5 1079.4509 0.20000002 4.0 4.0 4.0 4.0 0.0 0.19600001 0 TOUCH_DOWN n
1403056418170 6 4098 490.5 1079.4509 0.20000002 4.0 4.0 4.0 4.0 0.0 0.2 2 TOUCH_MOVE n
1403056418197 6 4098 490.5 1080.4509 0.20000002 4.0 4.0 4.0 4.0 0.0 0.17600001 2 TOUCH_MOVE n
1403056418200 6 4098 490.5 1080.4509 0.20000002 4.0 4.0 4.0 4.0 0.0 0.17600001 1 TOUCH_UP n
1403056418370 6 4098 353.5 1210.9509 0.23333335 4.0 4.0 4.0 4.0 0.0 0.216 0 TOUCH_DOWN Space
1403056418382 6 4098 353.5 1210.9509 0.23333335 4.0 4.0 4.0 4.0 0.0 0.224 2 TOUCH_MOVE Space
1403056418418 6 4098 354.07446 1210.9509 0.26666668 5.0 5.0 5.0 5.0 0.0 0.22800002 2 TOUCH_MOVE Space
1403056418432 6 4098 356.0 1209.9509 0.23333335 4.0 4.0 4.0 4.0 0.0 0.208 2 TOUCH_MOVE Space
1403056418441 6 4098 356.0 1209.9509 0.16666667 3.0 3.0 3.0 3.0 0.0 0.124000005 2 TOUCH_MOVE Space
1403056418443 6 4098 356.0 1209.9509 0.16666667 3.0 3.0 3.0 3.0 0.0 0.124000005 1 TOUCH_UP Space
1403056418508 6 4098 49.5 961.451 0.23333335 4.0 4.0 4.0 4.0 0.0 0.20400001 0 TOUCH_DOWN a
1403056418516 6 4098 49.5 961.451 0.23333335 4.0 4.0 4.0 4.0 0.0 0.208 2 TOUCH_MOVE a
1403056418585 6 4098 49.5 961.451 0.23333335 4.0 4.0 4.0 4.0 0.0 0.208 1 TOUCH_UP a
1403056418635 6 4098 492.0 1096.4509 0.26666668 4.0 4.0 4.0 4.0 0.0 0.2 0 TOUCH_DOWN n
1403056418649 6 4098 492.0 1096.4509 0.26666668 4.0 4.0 4.0 4.0 0.0 0.20400001 2 TOUCH_MOVE n
1403056418666 6 4098 492.0 1097.1829 0.26666668 4.0 4.0 4.0 4.0 0.0 0.208 2 TOUCH_MOVE n
1403056418684 6 4098 492.0 1098.1492 0.26666668 4.0 4.0 4.0 4.0 0.0 0.208 2 TOUCH_MOVE n
1403056418700 6 4098 492.0 1098.9509 0.26666668 4.0 4.0 4.0 4.0 0.0 0.172 2 TOUCH_MOVE n
1403056418703 6 4098 492.0 1098.9509 0.26666668 4.0 4.0 4.0 4.0 0.0 0.172 1 TOUCH_UP n
1403056418806 6 4098 205.5 974.451 0.26666668 4.0 4.0 4.0 4.0 0.0 0.224 0 TOUCH_DOWN d
1403056418818 6 4098 205.5 974.451 0.3 5.0 5.0 5.0 5.0 0.0 0.23200001 2 TOUCH_MOVE d
1403056418881 6 4098 205.5 974.451 0.13333334 2.0 2.0 2.0 2.0 0.0 0.116000004 2 TOUCH_MOVE d
1403056418885 6 4098 205.5 974.451 0.13333334 2.0 2.0 2.0 2.0 0.0 0.116000004 1 TOUCH_UP d
1403056419360 6 4098 675.5 1202.4509 0.23333335 4.0 4.0 4.0 4.0 0.0 0.18800001 0 TOUCH_DOWN Enter
1403056419397 6 4098 675.5 1203.557 0.23333335 4.0 4.0 4.0 4.0 0.0 0.18800001 2 TOUCH_MOVE Enter
1403056419403 6 4098 675.5 1204.5096 0.23333335 4.0 4.0 4.0 4.0 0.0 0.18800001 2 TOUCH_MOVE Enter
1403056419419 6 4098 675.5 1204.9509 0.23333335 4.0 4.0 4.0 4.0 0.0 0.18400002 2 TOUCH_MOVE Enter
1403056419423 6 4098 675.5 1204.9509 0.23333335 4.0 4.0 4.0 4.0 0.0 0.18400002 1 TOUCH_UP Enter
1403056420000 6 4098 665.5 1101.4509 0.3 5.0 5.0 5.0 5.0 0.0 0.19600001 0 TOUCH_DOWN Back
1403056420053 6 4098 666.0 1101.4509 0.3 5.0 5.0 5.0 5.0 0.0 0.18400002 2 TOUCH_MOVE Back
1403056420056 6 4098 666.0 1101.4509 0.3 5.0 5.0 5.0 5.0 0.0 0.18400002 1 TOUCH_UP Back
1403056420457 6 4098 68.5 957.951 0.23333335 4.0 4.0 4.0 4.0 0.0 0.208 0 TOUCH_DOWN a
1403056420489 6 4098 68.5 957.951 0.23333335 4.0 4.0 4.0 4.0 0.0 0.216 2 TOUCH_MOVE a
1403056420518 6 4098 67.991356 957.951 0.23333335 4.0 4.0 4.0 4.0 0.0 0.208 2 TOUCH_MOVE a
1403056420528 6 4098 67.5 957.951 0.23333335 4.0 4.0 4.0 4.0 0.0 0.192 2 TOUCH_MOVE a
1403056420532 6 4098 67.5 957.951 0.23333335 4.0 4.0 4.0 4.0 0.0 0.192 1 TOUCH_UP a
1403056420879 6 4098 659.0 1193.9509 0.20000002 4.0 4.0 4.0 4.0 0.0 0.18800001 0 TOUCH_DOWN Enter
1403056420885 6 4098 659.0 1194.1722 0.20000002 4.0 4.0 4.0 4.0 0.0 0.19600001 2 TOUCH_MOVE Enter
1403056420905 6 4098 658.81836 1195.3142 0.23333335 4.0 4.0 4.0 4.0 0.0 0.2 2 TOUCH_MOVE Enter
1403056420918 6 4098 657.8751 1197.2007 0.23333335 4.0 4.0 4.0 4.0 0.0 0.2 2 TOUCH_MOVE Enter
1403056420935 6 4098 656.8919 1199.1671 0.23333335 4.0 4.0 4.0 4.0 0.0 0.2 2 TOUCH_MOVE Enter
1403056420951 6 4098 657.0 1199.7009 0.23333335 4.0 4.0 4.0 4.0 0.0 0.192 2 TOUCH_MOVE Enter
1403056420972 6 4098 657.0 1199.7009 0.23333335 4.0 4.0 4.0 4.0 0.0 0.192 1 TOUCH_UP Enter
1403056421700 6 4098 367.0 962.451 0.3 5.0 5.0 5.0 5.0 0.0 0.22800002 0 TOUCH_DOWN G
1403056421735 6 4098 367.29083 962.7418 0.33333334 5.0 5.0 5.0 5.0 0.0 0.24800001 2 TOUCH_MOVE G
1403056421752 6 4098 367.5 963.59436 0.3 5.0 5.0 5.0 5.0 0.0 0.24000001 2 TOUCH_MOVE G
1403056421769 6 4098 367.5 963.451 0.23333335 4.0 4.0 4.0 4.0 0.0 0.19600001 2 TOUCH_MOVE G
1403056421773 6 4098 367.5 963.451 0.23333335 4.0 4.0 4.0 4.0 0.0 0.19600001 1 TOUCH_UP G
1403056421940 6 4098 596.0 855.951 0.20000002 4.0 4.0 4.0 4.0 0.0 0.192 0 TOUCH_DOWN o
1403056421952 6 4098 596.0 855.951 0.20000002 4.0 4.0 4.0 4.0 0.0 0.2 2 TOUCH_MOVE o
1403056422002 6 4098 595.4098 855.951 0.23333335 5.0 5.0 5.0 5.0 0.0 0.216 2 TOUCH_MOVE o
1403056422019 6 4098 595.5 855.951 0.20000002 4.0 4.0 4.0 4.0 0.0 0.18800001 2 TOUCH_MOVE o
1403056422023 6 4098 595.5 855.951 0.20000002 4.0 4.0 4.0 4.0 0.0 0.18800001 1 TOUCH_UP o
1403056422121 6 4098 602.0 857.451 0.20000002 4.0 4.0 4.0 4.0 0.0 0.2 0 TOUCH_DOWN o
1403056422154 6 4098 600.15564 858.79535 0.26666668 5.0 5.0 5.0 5.0 0.0 0.216 2 TOUCH_MOVE o
1403056422177 6 4098 599.5 860.0408 0.26666668 5.0 5.0 5.0 5.0 0.0 0.22000001 2 TOUCH_MOVE o
1403056422188 6 4098 600.26855 861.98816 0.23333335 4.0 4.0 4.0 4.0 0.0 0.192 2 TOUCH_MOVE o
1403056422193 6 4098 600.5 862.451 0.16666667 3.0 3.0 3.0 3.0 0.0 0.116000004 2 TOUCH_MOVE o
1403056422196 6 4098 600.5 862.451 0.16666667 3.0 3.0 3.0 3.0 0.0 0.116000004 1 TOUCH_UP o
1403056422272 6 4098 211.5 969.451 0.3 5.0 5.0 5.0 5.0 0.0 0.216 0 TOUCH_DOWN d
1403056422286 6 4098 211.5 969.451 0.3 5.0 5.0 5.0 5.0 0.0 0.22800002 2 TOUCH_MOVE d
1403056422336 6 4098 210.56804 969.451 0.3 5.0 5.0 5.0 5.0 0.0 0.22800002 2 TOUCH_MOVE d
1403056422349 6 4098 210.5 969.451 0.16666667 3.0 3.0 3.0 3.0 0.0 0.17600001 2 TOUCH_MOVE d
1403056422353 6 4098 210.5 969.451 0.16666667 3.0 3.0 3.0 3.0 0.0 0.17600001 1 TOUCH_UP d
1403056422488 6 4098 299.0 1213.4509 0.23333335 4.0 4.0 4.0 4.0 0.0 0.22000001 0 TOUCH_DOWN Space
1403056422505 6 4098 299.0 1213.4509 0.26666668 5.0 5.0 5.0 5.0 0.0 0.23200001 2 TOUCH_MOVE Space
1403056422519 6 4098 299.50565 1213.4509 0.26666668 5.0 5.0 5.0 5.0 0.0 0.24000001 2 TOUCH_MOVE Space
1403056422536 6 4098 300.47766 1213.4509 0.3 6.0 6.0 6.0 6.0 0.0 0.24000001 2 TOUCH_MOVE Space
1403056422553 6 4098 301.25 1213.4509 0.26666668 5.0 5.0 5.0 5.0 0.0 0.23200001 2 TOUCH_MOVE Space
1403056422572 6 4098 301.25 1213.4509 0.26666668 5.0 5.0 5.0 5.0 0.0 0.23200001 1 TOUCH_UP Space
1403056422720 6 4098 208.0 960.451 0.26666668 4.0 4.0 4.0 4.0 0.0 0.22000001 0 TOUCH_DOWN d
1403056422755 6 4098 208.0 960.451 0.26666668 4.0 4.0 4.0 4.0 0.0 0.224 2 TOUCH_MOVE d
1403056422771 6 4098 206.59831 960.90186 0.26666668 4.0 4.0 4.0 4.0 0.0 0.23200001 2 TOUCH_MOVE d
1403056422786 6 4098 206.5 960.951 0.20000002 3.0 3.0 3.0 3.0 0.0 0.19600001 2 TOUCH_MOVE d
1403056422791 6 4098 206.5 960.951 0.13333334 2.0 2.0 2.0 2.0 0.0 0.124000005 2 TOUCH_MOVE d
1403056422795 6 4098 206.5 960.951 0.13333334 2.0 2.0 2.0 2.0 0.0 0.124000005 1 TOUCH_UP d
1403056422973 6 4098 41.5 973.451 0.16666667 3.0 3.0 3.0 3.0 0.0 0.192 0 TOUCH_DOWN a
1403056423035 6 4098 41.5 973.451 0.16666667 3.0 3.0 3.0 3.0 0.0 0.192 1 TOUCH_UP a
1403056423073 6 4098 407.0 850.451 0.23333335 4.0 4.0 4.0 4.0 0.0 0.19600001 0 TOUCH_DOWN y
1403056423087 6 4098 407.0 850.451 0.23333335 4.0 4.0 4.0 4.0 0.0 0.20400001 2 TOUCH_MOVE y
1403056423104 6 4098 406.81042 849.7614 0.3 5.0 5.0 5.0 5.0 0.0 0.224 2 TOUCH_MOVE y
1403056423120 6 4098 406.25 849.201 0.3 5.0 5.0 5.0 5.0 0.0 0.23200001 2 TOUCH_MOVE y
1403056423137 6 4098 405.41327 849.451 0.3 5.0 5.0 5.0 5.0 0.0 0.24800001 2 TOUCH_MOVE y
1403056423170 6 4098 406.4401 850.3911 0.3 5.0 5.0 5.0 5.0 0.0 0.24400002 2 TOUCH_MOVE y
1403056423191 6 4098 408.5 851.951 0.16666667 3.0 3.0 3.0 3.0 0.0 0.18800001 2 TOUCH_MOVE y
1403056423196 6 4098 408.5 851.951 0.16666667 3.0 3.0 3.0 3.0 0.0 0.18800001 1 TOUCH_UP y
1403056423383 6 4098 322.5 1181.4509 0.26666668 4.0 4.0 4.0 4.0 0.0 0.216 0 TOUCH_DOWN Space
1403056423461 6 4098 322.5 1181.4509 0.26666668 4.0 4.0 4.0 4.0 0.0 0.216 1 TOUCH_UP Space
1403056423540 6 4098 287.5 980.451 0.26666668 4.0 4.0 4.0 4.0 0.0 0.21200001 0 TOUCH_DOWN f
1403056423557 6 4098 287.5 980.451 0.26666668 4.0 4.0 4.0 4.0 0.0 0.22000001 2 TOUCH_MOVE f
1403056423571 6 4098 286.9617 980.451 0.26666668 4.0 4.0 4.0 4.0 0.0 0.22800002 2 TOUCH_MOVE f
1403056423587 6 4098 285.33557 980.951 0.26666668 4.0 4.0 4.0 4.0 0.0 0.216 2 TOUCH_MOVE f
1403056423604 6 4098 282.89975 980.951 0.23333335 5.0 5.0 5.0 5.0 0.0 0.148 2 TOUCH_MOVE f
1403056423609 6 4098 282.89975 980.951 0.23333335 5.0 5.0 5.0 5.0 0.0 0.148 1 TOUCH_UP f
1403056423728 6 4098 597.5 835.951 0.26666668 4.0 4.0 4.0 4.0 0.0 0.2 0 TOUCH_DOWN o
1403056423739 6 4098 597.5 835.951 0.26666668 4.0 4.0 4.0 4.0 0.0 0.208 2 TOUCH_MOVE o
1403056423754 6 4098 596.7779 836.1731 0.26666668 4.0 4.0 4.0 4.0 0.0 0.208 2 TOUCH_MOVE o
1403056423771 6 4098 595.2198 837.7312 0.23333335 4.0 4.0 4.0 4.0 0.0 0.2 2 TOUCH_MOVE o
1403056423779 6 4098 594.5 839.951 0.16666667 3.0 3.0 3.0 3.0 0.0 0.18 2 TOUCH_MOVE o
1403056423795 6 4098 594.5 839.951 0.16666667 3.0 3.0 3.0 3.0 0.0 0.18 1 TOUCH_UP o
1403056423884 6 4098 265.5 848.451 0.33333334 5.0 5.0 5.0 5.0 0.0 0.24000001 0 TOUCH_DOWN r
1403056423904 6 4098 265.5 848.451 0.33333334 5.0 5.0 5.0 5.0 0.0 0.24400002 2 TOUCH_MOVE r
1403056423937 6 4098 265.0 848.451 0.26666668 4.0 4.0 4.0 4.0 0.0 0.21200001 2 TOUCH_MOVE r
1403056423944 6 4098 265.0 848.451 0.13333334 2.0 2.0 2.0 2.0 0.0 0.132 2 TOUCH_MOVE r
1403056423947 6 4098 265.0 848.451 0.13333334 2.0 2.0 2.0 2.0 0.0 0.132 1 TOUCH_UP r
1403056424062 6 4098 343.0 1193.9509 0.20000002 4.0 4.0 4.0 4.0 0.0 0.2 0 TOUCH_DOWN Space
1403056424073 6 4098 343.0 1193.9509 0.23333335 4.0 4.0 4.0 4.0 0.0 0.208 2 TOUCH_MOVE Space
1403056424188 6 4098 344.24857 1193.9509 0.23333335 4.0 4.0 4.0 4.0 0.0 0.2 2 TOUCH_MOVE Space
1403056424198 6 4098 344.24857 1193.9509 0.23333335 4.0 4.0 4.0 4.0 0.0 0.2 1 TOUCH_UP Space
1403056424352 6 4098 392.5 850.451 0.26666668 5.0 5.0 5.0 5.0 0.0 0.216 0 TOUCH_DOWN y
1403056424390 6 4098 389.86798 852.583 0.23333335 5.0 5.0 5.0 5.0 0.0 0.20400001 2 TOUCH_MOVE y
1403056424395 6 4098 389.0 853.451 0.23333335 5.0 5.0 5.0 5.0 0.0 0.18800001 2 TOUCH_MOVE y
1403056424398 6 4098 389.0 853.451 0.23333335 5.0 5.0 5.0 5.0 0.0 0.18800001 1 TOUCH_UP y
1403056424460 6 4098 600.5 835.451 0.3 5.0 5.0 5.0 5.0 0.0 0.2 0 TOUCH_DOWN o
1403056424471 6 4098 600.5 835.451 0.3 5.0 5.0 5.0 5.0 0.0 0.21200001 2 TOUCH_MOVE o
1403056424488 6 4098 599.9688 834.9198 0.3 5.0 5.0 5.0 5.0 0.0 0.21200001 2 TOUCH_MOVE o
1403056424505 6 4098 597.43036 834.451 0.26666668 4.0 4.0 4.0 4.0 0.0 0.208 2 TOUCH_MOVE o
1403056424521 6 4098 594.03467 835.43365 0.23333335 4.0 4.0 4.0 4.0 0.0 0.192 2 TOUCH_MOVE o
1403056424525 6 4098 594.0 835.451 0.16666667 3.0 3.0 3.0 3.0 0.0 0.116000004 2 TOUCH_MOVE o
1403056424528 6 4098 594.0 835.451 0.16666667 3.0 3.0 3.0 3.0 0.0 0.116000004 1 TOUCH_UP o
1403056424680 6 4098 466.5 842.451 0.3 5.0 5.0 5.0 5.0 0.0 0.22800002 0 TOUCH_DOWN u
1403056424688 6 4098 466.5 842.451 0.3 5.0 5.0 5.0 5.0 0.0 0.23600002 2 TOUCH_MOVE u
1403056424738 6 4098 467.5 842.451 0.3 5.0 5.0 5.0 5.0 0.0 0.22000001 2 TOUCH_MOVE u
1403056424742 6 4098 467.5 842.451 0.23333335 4.0 4.0 4.0 4.0 0.0 0.192 2 TOUCH_MOVE u
1403056424746 6 4098 467.5 842.451 0.23333335 4.0 4.0 4.0 4.0 0.0 0.192 1 TOUCH_UP u
