1403056318314 6 4098 666.5 1090.9509 0.26666668 5.0 5.0 5.0 5.0 0.0 0.2 0 TOUCH_DOWN Back
1403056318328 6 4098 666.5 1090.9509 0.26666668 5.0 5.0 5.0 5.0 0.0 0.20400001 2 TOUCH_MOVE Back
1403056318358 6 4098 665.88544 1090.9509 0.26666668 5.0 5.0 5.0 5.0 0.0 0.208 2 TOUCH_MOVE Back
1403056318389 6 4098 668.1178 1090.4116 0.20000002 4.0 4.0 4.0 4.0 0.0 0.18400002 2 TOUCH_MOVE Back
1403056318393 6 4098 668.1178 1090.4116 0.20000002 4.0 4.0 4.0 4.0 0.0 0.18400002 1 TOUCH_UP Back
1403056318843 6 4098 57.0 1082.9509 0.23333335 4.0 4.0 4.0 4.0 0.0 0.21200001 0 TOUCH_DOWN Change
1403056318861 6 4098 57.0 1082.9509 0.23333335 4.0 4.0 4.0 4.0 0.0 0.22000001 2 TOUCH_MOVE Change
1403056318889 6 4098 57.947495 1083.8984 0.26666668 5.0 5.0 5.0 5.0 0.0 0.22800002 2 TOUCH_MOVE Change
1403056318906 6 4098 58.0 1084.8629 0.23333335 4.0 4.0 4.0 4.0 0.0 0.216 2 TOUCH_MOVE Change
1403056318921 6 4098 58.0 1084.9509 0.16666667 3.0 3.0 3.0 3.0 0.0 0.136 2 TOUCH_MOVE Change
1403056318926 6 4098 58.0 1084.9509 0.16666667 3.0 3.0 3.0 3.0 0.0 0.136 1 TOUCH_UP Change
1403056319154 6 4098 408.5 974.951 0.26666668 5.0 5.0 5.0 5.0 0.0 0.216 0 TOUCH_DOWN H
1403056319198 6 4098 408.5 974.951 0.23333335 4.0 4.0 4.0 4.0 0.0 0.192 2 TOUCH_MOVE H
1403056319204 6 4098 408.5 974.951 0.23333335 4.0 4.0 4.0 4.0 0.0 0.192 1 TOUCH_UP H
1403056319289 6 4098 97.5 955.951 0.26666668 4.0 4.0 4.0 4.0 0.0 0.22000001 0 TOUCH_DOWN a
1403056319307 6 4098 97.5 955.951 0.3 5.0 5.0 5.0 5.0 0.0 0.224 2 TOUCH_MOVE a
1403056319354 6 4098 97.5 955.951 0.20000002 3.0 3.0 3.0 3.0 0.0 0.192 2 TOUCH_MOVE a
1403056319358 6 4098 97.5 955.951 0.20000002 3.0 3.0 3.0 3.0 0.0 0.192 1 TOUCH_UP a
1403056319439 6 4098 555.5 824.451 0.33333334 5.0 5.0 5.0 5.0 0.0 0.20400001 0 TOUCH_DOWN i
1403056319475 6 4098 554.3807 824.451 0.33333334 5.0 5.0 5.0 5.0 0.0 0.224 2 TOUCH_MOVE i
1403056319490 6 4098 553.0203 824.451 0.33333334 5.0 5.0 5.0 5.0 0.0 0.22800002 2 TOUCH_MOVE i
1403056319508 6 4098 552.25 824.451 0.33333334 5.0 5.0 5.0 5.0 0.0 0.224 2 TOUCH_MOVE i
1403056319523 6 4098 552.5 824.951 0.3 5.0 5.0 5.0 5.0 0.0 0.17600001 2 TOUCH_MOVE i
1403056319529 6 4098 552.5 824.951 0.3 5.0 5.0 5.0 5.0 0.0 0.17600001 1 TOUCH_UP i
1403056319768 6 4098 310.0 1200.4509 0.23333335 4.0 4.0 4.0 4.0 0.0 0.20400001 0 TOUCH_DOWN Space
1403056319781 6 4098 310.0 1201.3881 0.23333335 4.0 4.0 4.0 4.0 0.0 0.216 2 TOUCH_MOVE Space
1403056319800 6 4098 310.86176 1201.4509 0.23333335 4.0 4.0 4.0 4.0 0.0 0.21200001 2 TOUCH_MOVE Space
1403056319804 6 4098 311.5 1201.4509 0.20000002 4.0 4.0 4.0 4.0 0.0 0.18800001 2 TOUCH_MOVE Space
1403056319809 6 4098 311.5 1201.4509 0.20000002 4.0 4.0 4.0 4.0 0.0 0.18800001 1 TOUCH_UP Space
1403056319978 6 4098 155.0 951.451 0.3 5.0 5.0 5.0 5.0 0.0 0.216 0 TOUCH_DOWN s
1403056319991 6 4098 155.0 951.451 0.3 5.0 5.0 5.0 5.0 0.0 0.224 2 TOUCH_MOVE s
1403056320042 6 4098 155.0 951.451 0.3 5.0 5.0 5.0 5.0 0.0 0.224 1 TOUCH_UP s
1403056320223 6 4098 203.5 829.951 0.33333334 5.0 5.0 5.0 5.0 0.0 0.23600002 0 TOUCH_DOWN e
1403056320285 6 4098 201.01472 831.0451 0.3 5.0 5.0 5.0 5.0 0.0 0.22800002 2 TOUCH_MOVE e
1403056320291 6 4098 200.0 831.451 0.16666667 3.0 3.0 3.0 3.0 0.0 0.120000005 2 TOUCH_MOVE e
1403056320295 6 4098 200.0 831.451 0.16666667 3.0 3.0 3.0 3.0 0.0 0.120000005 1 TOUCH_UP e
1403056320325 6 4098 617.0 966.951 0.23333335 5.0 5.0 5.0 5.0 0.0 0.18800001 0 TOUCH_DOWN l
1403056320349 6 4098 617.0 966.951 0.23333335 5.0 5.0 5.0 5.0 0.0 0.19600001 2 TOUCH_MOVE l
1403056320422 6 4098 617.0 966.951 0.23333335 5.0 5.0 5.0 5.0 0.0 0.19600001 1 TOUCH_UP l
1403056320478 6 4098 48.5 957.451 0.23333335 4.0 4.0 4.0 4.0 0.0 0.19600001 0 TOUCH_DOWN a
1403056320517 6 4098 48.5 957.451 0.23333335 4.0 4.0 4.0 4.0 0.0 0.19600001 1 TOUCH_UP a
1403056320584 6 4098 538.5 1084.9509 0.20000002 4.0 4.0 4.0 4.0 0.0 0.19600001 0 TOUCH_DOWN m
1403056320647 6 4098 538.5 1084.9509 0.20000002 4.0 4.0 4.0 4.0 0.0 0.19600001 1 TOUCH_UP m
1403056320658 6 4098 60.5 949.951 0.23333335 4.0 4.0 4.0 4.0 0.0 0.208 0 TOUCH_DOWN a
1403056320708 6 4098 60.5 949.951 0.23333335 4.0 4.0 4.0 4.0 0.0 0.208 1 TOUCH_UP a
1403056321034 6 4098 321.0 841.951 0.3 5.0 5.0 5.0 5.0 0.0 0.23600002 0 TOUCH_DOWN t
1403056321041 6 4098 321.0 841.951 0.33333334 5.0 5.0 5.0 5.0 0.0 0.24400002 2 TOUCH_MOVE t
1403056321091 6 4098 320.5 841.951 0.3 5.0 5.0 5.0 5.0 0.0 0.23200001 2 TOUCH_MOVE t
1403056321105 6 4098 320.5 841.951 0.13333334 2.0 2.0 2.0 2.0 0.0 0.120000005 2 TOUCH_MOVE t
1403056321108 6 4098 320.5 841.951 0.13333334 2.0 2.0 2.0 2.0 0.0 0.120000005 1 TOUCH_UP t
1403056321169 6 4098 316.0 1180.9509 0.26666668 4.0 4.0 4.0 4.0 0.0 0.21200001 0 TOUCH_DOWN Space
1403056321175 6 4098 316.0 1180.9509 0.26666668 4.0 4.0 4.0 4.0 0.0 0.22000001 2 TOUCH_MOVE Space
1403056321203 6 4098 316.5 1180.234 0.33333334 5.0 5.0 5.0 5.0 0.0 0.22800002 2 TOUCH_MOVE Space
1403056321209 6 4098 317.17276 1179.2782 0.33333334 5.0 5.0 5.0 5.0 0.0 0.23200001 2 TOUCH_MOVE Space
1403056321225 6 4098 318.76984 1176.5461 0.3 5.0 5.0 5.0 5.0 0.0 0.22000001 2 TOUCH_MOVE Space
1403056321234 6 4098 321.0 1173.4509 0.33333334 5.0 5.0 5.0 5.0 0.0 0.18800001 2 TOUCH_MOVE Space
1403056321239 6 4098 321.0 1173.4509 0.33333334 5.0 5.0 5.0 5.0 0.0 0.18800001 1 TOUCH_UP Space
1403056321427 6 4098 661.5 824.451 0.26666668 4.0 4.0 4.0 4.0 0.0 0.20400001 0 TOUCH_DOWN p
1403056321447 6 4098 661.5 824.451 0.33333334 5.0 5.0 5.0 5.0 0.0 0.208 2 TOUCH_MOVE p
1403056321492 6 4098 660.9664 827.55194 0.3 5.0 5.0 5.0 5.0 0.0 0.20400001 2 TOUCH_MOVE p
1403056321509 6 4098 657.58075 836.70874 0.26666668 4.0 4.0 4.0 4.0 0.0 0.19600001 2 TOUCH_MOVE p
1403056321512 6 4098 657.5 836.951 0.23333335 4.0 4.0 4.0 4.0 0.0 0.17600001 2 TOUCH_MOVE p
1403056321515 6 4098 657.5 836.951 0.23333335 4.0 4.0 4.0 4.0 0.0 0.17600001 1 TOUCH_UP p
1403056321537 6 4098 51.0 966.951 0.16666667 3.0 3.0 3.0 3.0 0.0 0.20400001 0 TOUCH_DOWN a
1403056321575 6 4098 51.32973 966.951 0.23333335 4.0 4.0 4.0 4.0 0.0 0.22000001 2 TOUCH_MOVE a
1403056321592 6 4098 52.308384 967.451 0.23333335 4.0 4.0 4.0 4.0 0.0 0.224 2 TOUCH_MOVE a
1403056321610 6 4098 52.75 967.451 0.23333335 4.0 4.0 4.0 4.0 0.0 0.22000001 2 TOUCH_MOVE a
1403056321641 6 4098 52.75 967.451 0.23333335 4.0 4.0 4.0 4.0 0.0 0.22000001 1 TOUCH_UP a
1403056321746 6 4098 355.0 954.951 0.26666668 4.0 4.0 4.0 4.0 0.0 0.21200001 0 TOUCH_DOWN g
1403056321761 6 4098 355.0 954.951 0.26666668 4.0 4.0 4.0 4.0 0.0 0.216 2 TOUCH_MOVE g
1403056321806 6 4098 356.0 954.951 0.26666668 5.0 5.0 5.0 5.0 0.0 0.16000001 2 TOUCH_MOVE g
1403056321812 6 4098 356.0 954.951 0.26666668 5.0 5.0 5.0 5.0 0.0 0.16000001 1 TOUCH_UP g
1403056321954 6 4098 538.0 850.951 0.20000002 4.0 4.0 4.0 4.0 0.0 0.2 0 TOUCH_DOWN i
1403056321976 6 4098 538.0 850.951 0.23333335 4.0 4.0 4.0 4.0 0.0 0.208 2 TOUCH_MOVE i
1403056322009 6 4098 536.64 850.951 0.26666668 5.0 5.0 5.0 5.0 0.0 0.22000001 2 TOUCH_MOVE i
1403056322029 6 4098 536.25 850.951 0.26666668 5.0 5.0 5.0 5.0 0.0 0.22000001 2 TOUCH_MOVE i
1403056322048 6 4098 536.25 850.951 0.26666668 5.0 5.0 5.0 5.0 0.0 0.22000001 1 TOUCH_UP i
1403056322276 6 4098 336.0 1186.4509 0.26666668 5.0 5.0 5.0 5.0 0.0 0.20400001 0 TOUCH_DOWN Space
1403056322280 6 4098 336.0 1186.4509 0.3 5.0 5.0 5.0 5.0 0.0 0.20400001 2 TOUCH_MOVE Space
1403056322328 6 4098 336.5 1185.9509 0.26666668 4.0 4.0 4.0 4.0 0.0 0.192 2 TOUCH_MOVE Space
1403056322337 6 4098 336.5 1185.9509 0.20000002 3.0 3.0 3.0 3.0 0.0 0.108 2 TOUCH_MOVE Space
1403056322341 6 4098 336.5 1185.9509 0.20000002 3.0 3.0 3.0 3.0 0.0 0.108 1 TOUCH_UP Space
1403056322849 6 4098 641.5 1083.4509 0.16666667 3.0 3.0 3.0 3.0 0.0 0.192 0 TOUCH_DOWN Back
1403056322860 6 4098 641.5 1083.4509 0.20000002 4.0 4.0 4.0 4.0 0.0 0.19600001 2 TOUCH_MOVE Back
1403056322934 6 4098 642.0 1083.4509 0.13333334 2.0 2.0 2.0 2.0 0.0 0.1 2 TOUCH_MOVE Back
1403056322937 6 4098 642.0 1083.4509 0.13333334 2.0 2.0 2.0 2.0 0.0 0.1 1 TOUCH_UP Back
1403056323624 6 4098 289.5 1184.4509 0.3 5.0 5.0 5.0 5.0 0.0 0.22800002 0 TOUCH_DOWN Space
1403056323646 6 4098 290.03586 1184.4509 0.3 5.0 5.0 5.0 5.0 0.0 0.23600002 2 TOUCH_MOVE Space
1403056323682 6 4098 290.03586 1184.4509 0.3 5.0 5.0 5.0 5.0 0.0 0.23600002 1 TOUCH_UP Space
1403056324349 6 4098 648.5 1080.9509 0.16666667 3.0 3.0 3.0 3.0 0.0 0.18800001 0 TOUCH_DOWN Back
1403056324362 6 4098 648.5 1080.9509 0.20000002 4.0 4.0 4.0 4.0 0.0 0.192 2 TOUCH_MOVE Back
1403056324420 6 4098 648.5 1080.9509 0.20000002 4.0 4.0 4.0 4.0 0.0 0.192 1 TOUCH_UP Back
1403056324737 6 4098 433.0 1219.4509 0.23333335 4.0 4.0 4.0 4.0 0.0 0.19600001 0 TOUCH_DOWN ,
1403056324791 6 4098 433.0 1219.4509 0.23333335 4.0 4.0 4.0 4.0 0.0 0.19600001 1 TOUCH_UP ,
1403056324998 6 4098 279.0 1231.9509 0.23333335 5.0 5.0 5.0 5.0 0.0 0.21200001 0 TOUCH_DOWN Space
1403056325013 6 4098 279.0 1231.9509 0.26666668 6.0 6.0 6.0 6.0 0.0 0.216 2 TOUCH_MOVE Space
1403056325087 6 4098 279.0 1231.9509 0.26666668 6.0 6.0 6.0 6.0 0.0 0.216 1 TOUCH_UP Space
1403056325389 6 4098 211.5 976.451 0.26666668 5.0 5.0 5.0 5.0 0.0 0.2 0 TOUCH_DOWN d
1403056325396 6 4098 211.5 976.451 0.26666668 4.0 4.0 4.0 4.0 0.0 0.20400001 2 TOUCH_MOVE d
1403056325463 6 4098 210.4802 977.47076 0.26666668 4.0 4.0 4.0 4.0 0.0 0.20400001 2 TOUCH_MOVE d
1403056325474 6 4098 210.5 977.451 0.23333335 4.0 4.0 4.0 4.0 0.0 0.18 2 TOUCH_MOVE d
1403056325477 6 4098 210.5 977.451 0.23333335 4.0 4.0 4.0 4.0 0.0 0.18 1 TOUCH_UP d
1403056325585 6 4098 492.5 860.451 0.20000002 4.0 4.0 4.0 4.0 0.0 0.2 0 TOUCH_DOWN u
1403056325613 6 4098 492.5 860.451 0.26666668 5.0 5.0 5.0 5.0 0.0 0.216 2 TOUCH_MOVE u
1403056325631 6 4098 494.27112 862.7221 0.26666668 5.0 5.0 5.0 5.0 0.0 0.22000001 2 TOUCH_MOVE u
1403056325646 6 4098 496.21072 864.66174 0.26666668 5.0 5.0 5.0 5.0 0.0 0.21200001 2 TOUCH_MOVE u
1403056325664 6 4098 498.63232 867.0833 0.26666668 5.0 5.0 5.0 5.0 0.0 0.164 2 TOUCH_MOVE u
1403056325671 6 4098 498.63232 867.0833 0.26666668 5.0 5.0 5.0 5.0 0.0 0.164 1 TOUCH_UP u
1403056326264 6 4098 655.5 1097.9509 0.26666668 4.0 4.0 4.0 4.0 0.0 0.192 0 TOUCH_DOWN Back
1403056326280 6 4098 655.5 1097.9509 0.26666668 4.0 4.0 4.0 4.0 0.0 0.19600001 2 TOUCH_MOVE Back
1403056326297 6 4098 655.5 1099.0626 0.26666668 4.0 4.0 4.0 4.0 0.0 0.20400001 2 TOUCH_MOVE Back
1403056326321 6 4098 655.5 1100.0256 0.26666668 4.0 4.0 4.0 4.0 0.0 0.20400001 2 TOUCH_MOVE Back
1403056326330 6 4098 655.5 1101.0117 0.26666668 4.0 4.0 4.0 4.0 0.0 0.2 2 TOUCH_MOVE Back
1403056326346 6 4098 655.5 1101.7009 0.26666668 4.0 4.0 4.0 4.0 0.0 0.19600001 2 TOUCH_MOVE Back
1403056326358 6 4098 655.5 1101.4509 0.23333335 4.0 4.0 4.0 4.0 0.0 0.164 2 TOUCH_MOVE Back
1403056326364 6 4098 655.5 1101.4509 0.23333335 4.0 4.0 4.0 4.0 0.0 0.164 1 TOUCH_UP Back
1403056326609 6 4098 530.0 860.951 0.20000002 4.0 4.0 4.0 4.0 0.0 0.20400001 0 TOUCH_DOWN i
1403056326630 6 4098 530.0 860.951 0.20000002 4.0 4.0 4.0 4.0 0.0 0.2 2 TOUCH_MOVE i
1403056326653 6 4098 530.5 860.951 0.16666667 3.0 3.0 3.0 3.0 0.0 0.18400002 2 TOUCH_MOVE i
1403056326656 6 4098 530.5 860.951 0.16666667 3.0 3.0 3.0 3.0 0.0 0.18400002 1 TOUCH_UP i
1403056326980 6 4098 127.0 968.951 0.26666668 4.0 4.0 4.0 4.0 0.0 0.22000001 0 TOUCH_DOWN s
1403056327043 6 4098 127.0 968.951 0.16666667 3.0 3.0 3.0 3.0 0.0 0.18400002 2 TOUCH_MOVE s
1403056327047 6 4098 127.0 968.951 0.16666667 3.0 3.0 3.0 3.0 0.0 0.18400002 1 TOUCH_UP s
1403056327126 6 4098 533.0 849.951 0.23333335 4.0 4.0 4.0 4.0 0.0 0.208 0 TOUCH_DOWN i
1403056327147 6 4098 533.0 849.951 0.23333335 4.0 4.0 4.0 4.0 0.0 0.216 2 TOUCH_MOVE i
1403056327197 6 4098 533.0 849.951 0.13333334 2.0 2.0 2.0 2.0 0.0 0.132 2 TOUCH_MOVE i
1403056327202 6 4098 533.0 849.951 0.13333334 2.0 2.0 2.0 2.0 0.0 0.132 1 TOUCH_UP i
1403056327354 6 4098 502.5 1081.9509 0.23333335 5.0 5.0 5.0 5.0 0.0 0.2 0 TOUCH_DOWN n
1403056327364 6 4098 502.5 1081.9509 0.23333335 5.0 5.0 5.0 5.0 0.0 0.20400001 2 TOUCH_MOVE n
1403056327402 6 4098 502.0 1083.5717 0.26666668 5.0 5.0 5.0 5.0 0.0 0.21200001 2 TOUCH_MOVE n
1403056327414 6 4098 502.0 1084.2009 0.26666668 5.0 5.0 5.0 5.0 0.0 0.208 2 TOUCH_MOVE n
1403056327426 6 4098 502.0 1084.2009 0.26666668 5.0 5.0 5.0 5.0 0.0 0.208 1 TOUCH_UP n
1403056327585 6 4098 526.0 856.951 0.23333335 5.0 5.0 5.0 5.0 0.0 0.216 0 TOUCH_DOWN i
1403056327603 6 4098 526.0 856.951 0.26666668 5.0 5.0 5.0 5.0 0.0 0.22000001 2 TOUCH_MOVE i
1403056327614 6 4098 525.4582 856.951 0.26666668 5.0 5.0 5.0 5.0 0.0 0.22800002 2 TOUCH_MOVE i
1403056327636 6 4098 525.0 857.5366 0.26666668 5.0 5.0 5.0 5.0 0.0 0.224 2 TOUCH_MOVE i
1403056327648 6 4098 525.0 859.0296 0.23333335 4.0 4.0 4.0 4.0 0.0 0.208 2 TOUCH_MOVE i
1403056327658 6 4098 525.0 858.951 0.16666667 3.0 3.0 3.0 3.0 0.0 0.18400002 2 TOUCH_MOVE i
1403056327665 6 4098 525.0 858.951 0.16666667 3.0 3.0 3.0 3.0 0.0 0.18400002 1 TOUCH_UP i
1403056327875 6 4098 335.0 1198.4509 0.23333335 5.0 5.0 5.0 5.0 0.0 0.2 0 TOUCH_DOWN Space
1403056327921 6 4098 335.0 1198.4509 0.23333335 5.0 5.0 5.0 5.0 0.0 0.2 1 TOUCH_UP Space
1403056328075 6 4098 49.5 1084.9509 0.23333335 4.0 4.0 4.0 4.0 0.0 0.20400001 0 TOUCH_DOWN Change
1403056328131 6 4098 49.043533 1085.9073 0.23333335 4.0 4.0 4.0 4.0 0.0 0.208 2 TOUCH_MOVE Change
1403056328135 6 4098 49.0 1085.9509 0.16666667 3.0 3.0 3.0 3.0 0.0 0.18800001 2 TOUCH_MOVE Change
1403056328138 6 4098 49.0 1085.9509 0.16666667 3.0 3.0 3.0 3.0 0.0 0.18800001 1 TOUCH_UP Change
1403056328223 6 4098 581.0 1077.4509 0.13333334 2.0 2.0 2.0 2.0 0.0 0.18400002 0 TOUCH_DOWN M
1403056328234 6 4098 580.6426 1077.8083 0.16666667 3.0 3.0 3.0 3.0 0.0 0.18800001 2 TOUCH_MOVE M
1403056328250 6 4098 579.6226 1078.4509 0.16666667 3.0 3.0 3.0 3.0 0.0 0.18800001 2 TOUCH_MOVE M
1403056328266 6 4098 578.5 1078.4509 0.16666667 3.0 3.0 3.0 3.0 0.0 0.18400002 2 TOUCH_MOVE M
1403056328270 6 4098 578.5 1078.4509 0.16666667 3.0 3.0 3.0 3.0 0.0 0.18400002 1 TOUCH_UP M
1403056328604 6 4098 529.5 843.951 0.26666668 4.0 4.0 4.0 4.0 0.0 0.208 0 TOUCH_DOWN i
1403056328615 6 4098 529.5 843.951 0.26666668 4.0 4.0 4.0 4.0 0.0 0.21200001 2 TOUCH_MOVE i
1403056328635 6 4098 528.3856 843.1438 0.3 5.0 5.0 5.0 5.0 0.0 0.22800002 2 TOUCH_MOVE i
1403056328651 6 4098 527.2231 841.6741 0.3 5.0 5.0 5.0 5.0 0.0 0.22800002 2 TOUCH_MOVE i
1403056328665 6 4098 526.75 841.201 0.3 5.0 5.0 5.0 5.0 0.0 0.224 2 TOUCH_MOVE i
1403056328684 6 4098 526.75 841.201 0.3 5.0 5.0 5.0 5.0 0.0 0.224 1 TOUCH_UP i
1403056328841 6 4098 315.5 810.951 0.26666668 4.0 4.0 4.0 4.0 0.0 0.224 0 TOUCH_DOWN t
1403056328899 6 4098 315.5 810.951 0.3 5.0 5.0 5.0 5.0 0.0 0.22800002 2 TOUCH_MOVE t
1403056328907 6 4098 315.5 810.951 0.3 5.0 5.0 5.0 5.0 0.0 0.19600001 2 TOUCH_MOVE t
1403056328911 6 4098 315.5 810.951 0.3 5.0 5.0 5.0 5.0 0.0 0.19600001 1 TOUCH_UP t
1403056329056 6 4098 428.0 960.951 0.23333335 4.0 4.0 4.0 4.0 0.0 0.21200001 0 TOUCH_DOWN h
1403056329066 6 4098 428.0 960.951 0.23333335 4.0 4.0 4.0 4.0 0.0 0.216 2 TOUCH_MOVE h
1403056329116 6 4098 427.5 960.951 0.20000002 4.0 4.0 4.0 4.0 0.0 0.18400002 2 TOUCH_MOVE h
1403056329121 6 4098 427.5 960.951 0.20000002 4.0 4.0 4.0 4.0 0.0 0.18400002 1 TOUCH_UP h
1403056329204 6 4098 64.5 975.951 0.23333335 4.0 4.0 4.0 4.0 0.0 0.20400001 0 TOUCH_DOWN a
1403056329216 6 4098 64.5 975.951 0.23333335 4.0 4.0 4.0 4.0 0.0 0.208 2 TOUCH_MOVE a
1403056329247 6 4098 64.5 975.951 0.23333335 4.0 4.0 4.0 4.0 0.0 0.208 1 TOUCH_UP a
1403056329984 6 4098 661.0 1211.9509 0.23333335 4.0 4.0 4.0 4.0 0.0 0.192 0 TOUCH_DOWN Enter
1403056330005 6 4098 661.0 1211.9509 0.23333335 4.0 4.0 4.0 4.0 0.0 0.19600001 2 TOUCH_MOVE Enter
1403056330033 6 4098 661.0 1212.477 0.23333335 4.0 4.0 4.0 4.0 0.0 0.192 2 TOUCH_MOVE Enter
1403056330047 6 4098 661.0 1212.477 0.23333335 4.0 4.0 4.0 4.0 0.0 0.192 1 TOUCH_UP Enter
1403056331310 6 4098 147.5 981.951 0.26666668 4.0 4.0 4.0 4.0 0.0 0.22800002 0 TOUCH_DOWN S
1403056331318 6 4098 147.5 981.951 0.3 5.0 5.0 5.0 5.0 0.0 0.23600002 2 TOUCH_MOVE S
1403056331396 6 4098 147.5 981.951 0.3 5.0 5.0 5.0 5.0 0.0 0.23600002 1 TOUCH_UP S
1403056331556 6 4098 184.5 827.451 0.33333334 5.0 5.0 5.0 5.0 0.0 0.24000001 0 TOUCH_DOWN e
1403056331618 6 4098 184.5 827.451 0.33333334 5.0 5.0 5.0 5.0 0.0 0.23600002 2 TOUCH_MOVE e
1403056331635 6 4098 182.0 827.451 0.3 5.0 5.0 5.0 5.0 0.0 0.22000001 2 TOUCH_MOVE e
1403056331638 6 4098 182.0 827.451 0.33333334 5.0 5.0 5.0 5.0 0.0 0.18800001 2 TOUCH_MOVE e
1403056331642 6 4098 182.0 827.451 0.33333334 5.0 5.0 5.0 5.0 0.0 0.18800001 1 TOUCH_UP e
1403056331809 6 4098 495.5 1086.4509 0.23333335 5.0 5.0 5.0 5.0 0.0 0.19600001 0 TOUCH_DOWN n
1403056331841 6 4098 495.5 1086.4509 0.23333335 5.0 5.0 5.0 5.0 0.0 0.19600001 1 TOUCH_UP n
1403056331921 6 4098 50.0 988.951 0.23333335 4.0 4.0 4.0 4.0 0.0 0.20400001 0 TOUCH_DOWN a
1403056331976 6 4098 50.0 988.951 0.23333335 4.0 4.0 4.0 4.0 0.0 0.18800001 2 TOUCH_MOVE a
1403056331980 6 4098 50.0 988.951 0.23333335 4.0 4.0 4.0 4.0 0.0 0.18800001 1 TOUCH_UP a
1403056332017 6 4098 502.0 1106.9509 0.33333334 5.0 5.0 5.0 5.0 0.0 0.208 0 TOUCH_DOWN n
1403056332036 6 4098 502.0 1106.9509 0.33333334 5.0 5.0 5.0 5.0 0.0 0.21200001 2 TOUCH_MOVE n
1403056332085 6 4098 501.5 1106.9509 0.3 5.0 5.0 5.0 5.0 0.0 0.20400001 2 TOUCH_MOVE n
1403056332091 6 4098 501.5 1106.9509 0.26666668 5.0 5.0 5.0 5.0 0.0 0.17600001 2 TOUCH_MOVE n
1403056332098 6 4098 501.5 1106.9509 0.26666668 5.0 5.0 5.0 5.0 0.0 0.17600001 1 TOUCH_UP n
1403056332271 6 4098 355.5 968.451 0.3 5.0 5.0 5.0 5.0 0.0 0.23600002 0 TOUCH_DOWN g
1403056332288 6 4098 355.5 968.451 0.3 5.0 5.0 5.0 5.0 0.0 0.24000001 2 TOUCH_MOVE g
1403056332319 6 4098 355.5 969.8074 0.3 5.0 5.0 5.0 5.0 0.0 0.24400002 2 TOUCH_MOVE g
1403056332336 6 4098 356.3924 972.91296 0.23333335 4.0 4.0 4.0 4.0 0.0 0.22000001 2 TOUCH_MOVE g
1403056332340 6 4098 356.5 973.451 0.16666667 3.0 3.0 3.0 3.0 0.0 0.18400002 2 TOUCH_MOVE g
1403056332356 6 4098 356.5 973.451 0.16666667 3.0 3.0 3.0 3.0 0.0 0.18400002 1 TOUCH_UP g
1403056332488 6 4098 321.5 1197.4509 0.20000002 4.0 4.0 4.0 4.0 0.0 0.208 0 TOUCH_DOWN Space
1403056332502 6 4098 321.5 1197.4509 0.20000002 4.0 4.0 4.0 4.0 0.0 0.216 2 TOUCH_MOVE Space
1403056332569 6 4098 322.0 1198.4509 0.26666668 5.0 5.0 5.0 5.0 0.0 0.20400001 2 TOUCH_MOVE Space
1403056332574 6 4098 322.0 1198.4509 0.23333335 5.0 5.0 5.0 5.0 0.0 0.148 2 TOUCH_MOVE Space
1403056332578 6 4098 322.0 1198.4509 0.23333335 5.0 5.0 5.0 5.0 0.0 0.148 1 TOUCH_UP Space
1403056332723 6 4098 432.0 1100.4509 0.26666668 4.0 4.0 4.0 4.0 0.0 0.208 0 TOUCH_DOWN b
1403056332736 6 4098 432.0 1100.4509 0.26666668 4.0 4.0 4.0 4.0 0.0 0.22000001 2 TOUCH_MOVE b
1403056332754 6 4098 432.0 1101.386 0.26666668 4.0 4.0 4.0 4.0 0.0 0.224 2 TOUCH_MOVE b
1403056332769 6 4098 432.0 1102.3551 0.3 5.0 5.0 5.0 5.0 0.0 0.224 2 TOUCH_MOVE b
1403056332786 6 4098 432.36722 1103.3181 0.3 5.0 5.0 5.0 5.0 0.0 0.208 2 TOUCH_MOVE b
1403056332791 6 4098 432.5 1103.4509 0.26666668 4.0 4.0 4.0 4.0 0.0 0.192 2 TOUCH_MOVE b
1403056332794 6 4098 432.5 1103.4509 0.26666668 4.0 4.0 4.0 4.0 0.0 0.192 1 TOUCH_UP b
1403056332904 6 4098 189.0 824.951 0.3 5.0 5.0 5.0 5.0 0.0 0.23200001 0 TOUCH_DOWN e
1403056332934 6 4098 189.0 824.951 0.3 5.0 5.0 5.0 5.0 0.0 0.24000001 2 TOUCH_MOVE e
1403056332969 6 4098 188.5 824.951 0.3 5.0 5.0 5.0 5.0 0.0 0.224 2 TOUCH_MOVE e
1403056332973 6 4098 188.5 824.951 0.26666668 5.0 5.0 5.0 5.0 0.0 0.19600001 2 TOUCH_MOVE e
1403056332977 6 4098 188.5 824.951 0.26666668 5.0 5.0 5.0 5.0 0.0 0.19600001 1 TOUCH_UP e
1403056333129 6 4098 257.0 857.951 0.3 5.0 5.0 5.0 5.0 0.0 0.23600002 0 TOUCH_DOWN r
1403056333136 6 4098 257.0 857.951 0.3 5.0 5.0 5.0 5.0 0.0 0.24400002 2 TOUCH_MOVE r
1403056333188 6 4098 255.56352 857.951 0.3 5.0 5.0 5.0 5.0 0.0 0.23200001 2 TOUCH_MOVE r
1403056333203 6 4098 255.07423 857.951 0.20000002 3.0 3.0 3.0 3.0 0.0 0.19600001 2 TOUCH_MOVE r
1403056333207 6 4098 255.0 857.951 0.13333334 2.0 2.0 2.0 2.0 0.0 0.116000004 2 TOUCH_MOVE r
1403056333211 6 4098 255.0 857.951 0.13333334 2.0 2.0 2.0 2.0 0.0 0.116000004 1 TOUCH_UP r
1403056333311 6 4098 492.0 958.951 0.23333335 4.0 4.0 4.0 4.0 0.0 0.20400001 0 TOUCH_DOWN j
1403056333322 6 4098 492.0 958.951 0.26666668 4.0 4.0 4.0 4.0 0.0 0.208 2 TOUCH_MOVE j
1403056333353 6 4098 490.91843 958.36945 0.23333335 4.0 4.0 4.0 4.0 0.0 0.208 2 TOUCH_MOVE j
1403056333370 6 4098 490.91843 958.36945 0.23333335 4.0 4.0 4.0 4.0 0.0 0.208 1 TOUCH_UP j
1403056333537 6 4098 450.5 841.951 0.3 5.0 5.0 5.0 5.0 0.0 0.22000001 0 TOUCH_DOWN u
1403056333554 6 4098 450.5 841.951 0.3 5.0 5.0 5.0 5.0 0.0 0.22800002 2 TOUCH_MOVE u
1403056333570 6 4098 451.54178 842.47186 0.26666668 5.0 5.0 5.0 5.0 0.0 0.216 2 TOUCH_MOVE u
1403056333587 6 4098 454.0 844.451 0.13333334 2.0 2.0 2.0 2.0 0.0 0.14 2 TOUCH_MOVE u
1403056333592 6 4098 454.0 844.451 0.13333334 2.0 2.0 2.0 2.0 0.0 0.14 1 TOUCH_UP u
1403056333749 6 4098 560.5 1089.4509 0.26666668 5.0 5.0 5.0 5.0 0.0 0.19600001 0 TOUCH_DOWN m
1403056333788 6 4098 560.5 1090.1093 0.26666668 5.0 5.0 5.0 5.0 0.0 0.20400001 2 TOUCH_MOVE m
1403056333803 6 4098 562.6825 1085.0251 0.20000002 4.0 4.0 4.0 4.0 0.0 0.18400002 2 TOUCH_MOVE m
1403056333819 6 4098 562.5 1085.4509 0.20000002 3.0 3.0 3.0 3.0 0.0 0.112 2 TOUCH_MOVE m
1403056333822 6 4098 562.5 1085.4509 0.20000002 3.0 3.0 3.0 3.0 0.0 0.112 1 TOUCH_UP m
1403056333982 6 4098 672.0 838.951 0.3 5.0 5.0 5.0 5.0 0.0 0.20400001 0 TOUCH_DOWN p
1403056333990 6 4098 672.0 838.951 0.3 5.0 5.0 5.0 5.0 0.0 0.208 2 TOUCH_MOVE p
1403056334037 6 4098 672.0 839.9593 0.26666668 5.0 5.0 5.0 5.0 0.0 0.20400001 2 TOUCH_MOVE p
1403056334053 6 4098 672.0 842.951 0.20000002 4.0 4.0 4.0 4.0 0.0 0.18800001 2 TOUCH_MOVE p
1403056334057 6 4098 672.0 842.951 0.20000002 4.0 4.0 4.0 4.0 0.0 0.156 2 TOUCH_MOVE p
1403056334061 6 4098 672.0 842.951 0.20000002 4.0 4.0 4.0 4.0 0.0 0.156 1 TOUCH_UP p
1403056334122 6 4098 55.5 968.451 0.23333335 4.0 4.0 4.0 4.0 0.0 0.208 0 TOUCH_DOWN a
1403056334212 6 4098 55.5 968.451 0.23333335 4.0 4.0 4.0 4.0 0.0 0.208 1 TOUCH_UP a
1403056334336 6 4098 354.0 1194.4509 0.16666667 3.0 3.0 3.0 3.0 0.0 0.19600001 0 TOUCH_DOWN Space
1403056334356 6 4098 354.0 1194.4509 0.20000002 4.0 4.0 4.0 4.0 0.0 0.208 2 TOUCH_MOVE Space
1403056334372 6 4098 354.0 1195.2135 0.26666668 4.0 4.0 4.0 4.0 0.0 0.22800002 2 TOUCH_MOVE Space
1403056334387 6 4098 354.0 1195.7009 0.26666668 4.0 4.0 4.0 4.0 0.0 0.22800002 2 TOUCH_MOVE Space
1403056334421 6 4098 354.5 1195.4509 0.13333334 2.0 2.0 2.0 2.0 0.0 0.18 2 TOUCH_MOVE Space
1403056334424 6 4098 354.5 1195.4509 0.13333334 2.0 2.0 2.0 2.0 0.0 0.18 1 TOUCH_UP Space
1403056334504 6 4098 222.0 981.951 0.3 5.0 5.0 5.0 5.0 0.0 0.22800002 0 TOUCH_DOWN d
1403056334571 6 4098 222.0 981.951 0.26666668 5.0 5.0 5.0 5.0 0.0 0.19600001 2 TOUCH_MOVE d
1403056334577 6 4098 222.0 981.951 0.23333335 5.0 5.0 5.0 5.0 0.0 0.164 2 TOUCH_MOVE d
1403056334581 6 4098 222.0 981.951 0.23333335 5.0 5.0 5.0 5.0 0.0 0.164 1 TOUCH_UP d
1403056334723 6 4098 164.5 831.451 0.33333334 5.0 5.0 5.0 5.0 0.0 0.224 0 TOUCH_DOWN e
1403056334738 6 4098 164.5 831.451 0.33333334 5.0 5.0 5.0 5.0 0.0 0.23200001 2 TOUCH_MOVE e
1403056334788 6 4098 164.0 831.951 0.3 5.0 5.0 5.0 5.0 0.0 0.18400002 2 TOUCH_MOVE e
1403056334792 6 4098 164.0 831.951 0.3 5.0 5.0 5.0 5.0 0.0 0.18400002 1 TOUCH_UP e
1403056334865 6 4098 489.0 1088.4509 0.23333335 4.0 4.0 4.0 4.0 0.0 0.18800001 0 TOUCH_DOWN n
1403056334878 6 4098 489.0 1088.4509 0.20000002 4.0 4.0 4.0 4.0 0.0 0.18800001 2 TOUCH_MOVE n
1403056334901 6 4098 489.0 1088.4509 0.20000002 4.0 4.0 4.0 4.0 0.0 0.18800001 1 TOUCH_UP n
1403056335056 6 4098 357.0 956.951 0.3 5.0 5.0 5.0 5.0 0.0 0.22800002 0 TOUCH_DOWN g
1403056335083 6 4098 357.0 957.2764 0.3 5.0 5.0 5.0 5.0 0.0 0.23200001 2 TOUCH_MOVE g
1403056335090 6 4098 357.13364 958.8519 0.3 5.0 5.0 5.0 5.0 0.0 0.23600002 2 TOUCH_MOVE g
1403056335105 6 4098 357.5 962.33264 0.26666668 5.0 5.0 5.0 5.0 0.0 0.22000001 2 TOUCH_MOVE g
1403056335116 6 4098 358.0 964.451 0.20000002 4.0 4.0 4.0 4.0 0.0 0.192 2 TOUCH_MOVE g
1403056335119 6 4098 358.0 964.451 0.20000002 4.0 4.0 4.0 4.0 0.0 0.192 1 TOUCH_UP g
1403056335154 6 4098 50.5 964.951 0.16666667 3.0 3.0 3.0 3.0 0.0 0.19600001 0 TOUCH_DOWN a
1403056335226 6 4098 50.5 964.951 0.16666667 3.0 3.0 3.0 3.0 0.0 0.19600001 1 TOUCH_UP a
1403056335297 6 4098 501.5 1071.4509 0.26666668 5.0 5.0 5.0 5.0 0.0 0.19600001 0 TOUCH_DOWN n
1403056335338 6 4098 502.07068 1071.4509 0.26666668 5.0 5.0 5.0 5.0 0.0 0.20400001 2 TOUCH_MOVE n
1403056335355 6 4098 503.03046 1072.4814 0.20000002 4.0 4.0 4.0 4.0 0.0 0.18400002 2 TOUCH_MOVE n
1403056335362 6 4098 503.03046 1072.4814 0.20000002 4.0 4.0 4.0 4.0 0.0 0.18400002 1 TOUCH_UP n
1403056335528 6 4098 376.5 1199.4509 0.23333335 4.0 4.0 4.0 4.0 0.0 0.20400001 0 TOUCH_DOWN Space
1403056335540 6 4098 376.5 1199.4509 0.23333335 4.0 4.0 4.0 4.0 0.0 0.208 2 TOUCH_MOVE Space
1403056335555 6 4098 376.5 1199.987 0.23333335 4.0 4.0 4.0 4.0 0.0 0.216 2 TOUCH_MOVE Space
1403056335588 6 4098 378.44446 1200.4509 0.26666668 5.0 5.0 5.0 5.0 0.0 0.208 2 TOUCH_MOVE Space
1403056335600 6 4098 378.5 1200.4509 0.23333335 5.0 5.0 5.0 5.0 0.0 0.15200001 2 TOUCH_MOVE Space
1403056335604 6 4098 378.5 1200.4509 0.23333335 5.0 5.0 5.0 5.0 0.0 0.15200001 1 TOUCH_UP Space
1403056335652 6 4098 49.5 962.951 0.16666667 3.0 3.0 3.0 3.0 0.0 0.19600001 0 TOUCH_DOWN a
1403056335705 6 4098 49.5 963.1836 0.20000002 3.0 3.0 3.0 3.0 0.0 0.2 2 TOUCH_MOVE a
1403056335722 6 4098 49.5 963.451 0.16666667 3.0 3.0 3.0 3.0 0.0 0.16000001 2 TOUCH_MOVE a
1403056335726 6 4098 49.5 963.451 0.16666667 3.0 3.0 3.0 3.0 0.0 0.16000001 1 TOUCH_UP a
1403056335845 6 4098 504.0 1089.9509 0.26666668 5.0 5.0 5.0 5.0 0.0 0.192 0 TOUCH_DOWN n
1403056335855 6 4098 504.0 1089.9509 0.26666668 5.0 5.0 5.0 5.0 0.0 0.2 2 TOUCH_MOVE n
1403056335889 6 4098 504.0 1091.7639 0.26666668 5.0 5.0 5.0 5.0 0.0 0.19600001 2 TOUCH_MOVE n
1403056335895 6 4098 504.0 1091.9509 0.23333335 4.0 4.0 4.0 4.0 0.0 0.18400002 2 TOUCH_MOVE n
1403056335899 6 4098 504.0 1091.9509 0.23333335 4.0 4.0 4.0 4.0 0.0 0.18400002 1 TOUCH_UP n
1403056335982 6 4098 218.5 985.951 0.3 5.0 5.0 5.0 5.0 0.0 0.22800002 0 TOUCH_DOWN d
1403056335989 6 4098 218.5 985.951 0.33333334 5.0 5.0 5.0 5.0 0.0 0.22800002 2 TOUCH_MOVE d
1403056336039 6 4098 215.15067 984.98114 0.3 5.0 5.0 5.0 5.0 0.0 0.224 2 TOUCH_MOVE d
1403056336051 6 4098 215.0 984.951 0.20000002 4.0 4.0 4.0 4.0 0.0 0.17600001 2 TOUCH_MOVE d
1403056336055 6 4098 215.0 984.951 0.20000002 4.0 4.0 4.0 4.0 0.0 0.17600001 1 TOUCH_UP d
1403056336194 6 4098 48.5 972.451 0.16666667 3.0 3.0 3.0 3.0 0.0 0.19600001 0 TOUCH_DOWN a
1403056336235 6 4098 47.951485 972.451 0.16666667 3.0 3.0 3.0 3.0 0.0 0.2 2 TOUCH_MOVE a
1403056336239 6 4098 46.478455 972.451 0.16666667 3.0 3.0 3.0 3.0 0.0 0.2 2 TOUCH_MOVE a
1403056336256 6 4098 42.61741 972.451 0.16666667 3.0 3.0 3.0 3.0 0.0 0.19600001 2 TOUCH_MOVE a
1403056336268 6 4098 38.5 972.451 0.13333334 2.0 2.0 2.0 2.0 0.0 0.18 2 TOUCH_MOVE a
1403056336271 6 4098 38.5 972.451 0.13333334 2.0 2.0 2.0 2.0 0.0 0.18 1 TOUCH_UP a
1403056336449 6 4098 664.5 1193.4509 0.23333335 5.0 5.0 5.0 5.0 0.0 0.192 0 TOUCH_DOWN Enter
1403056336489 6 4098 664.5 1194.8984 0.23333335 5.0 5.0 5.0 5.0 0.0 0.19600001 2 TOUCH_MOVE Enter
1403056336508 6 4098 664.5 1195.4061 0.23333335 5.0 5.0 5.0 5.0 0.0 0.192 2 TOUCH_MOVE Enter
1403056336523 6 4098 664.5 1195.6816 0.23333335 5.0 5.0 5.0 5.0 0.0 0.192 2 TOUCH_MOVE Enter
1403056336550 6 4098 664.5 1195.6816 0.23333335 5.0 5.0 5.0 5.0 0.0 0.192 1 TOUCH_UP Enter
1403056336997 6 4098 365.5 990.951 0.23333335 4.0 4.0 4.0 4.0 0.0 0.2 0 TOUCH_DOWN G
1403056337008 6 4098 365.5 990.951 0.26666668 4.0 4.0 4.0 4.0 0.0 0.208 2 TOUCH_MOVE G
1403056337073 6 4098 364.5 990.951 0.26666668 5.0 5.0 5.0 5.0 0.0 0.14400001 2 TOUCH_MOVE G
1403056337078 6 4098 364.5 990.951 0.26666668 5.0 5.0 5.0 5.0 0.0 0.14400001 1 TOUCH_UP G
1403056337257 6 4098 582.0 852.951 0.20000002 4.0 4.0 4.0 4.0 0.0 0.192 0 TOUCH_DOWN o
1403056337277 6 4098 581.3395 852.951 0.20000002 4.0 4.0 4.0 4.0 0.0 0.2 2 TOUCH_MOVE o
1403056337293 6 4098 579.89386 852.951 0.20000002 4.0 4.0 4.0 4.0 0.0 0.19600001 2 TOUCH_MOVE o
1403056337307 6 4098 579.25 852.951 0.16666667 3.0 3.0 3.0 3.0 0.0 0.18800001 2 TOUCH_MOVE o
1403056337312 6 4098 579.25 852.951 0.16666667 3.0 3.0 3.0 3.0 0.0 0.18800001 1 TOUCH_UP o
1403056337408 6 4098 578.5 850.951 0.20000002 4.0 4.0 4.0 4.0 0.0 0.19600001 0 TOUCH_DOWN o
1403056337433 6 4098 578.5 850.951 0.23333335 4.0 4.0 4.0 4.0 0.0 0.208 2 TOUCH_MOVE o
1403056337479 6 4098 578.5 850.951 0.23333335 4.0 4.0 4.0 4.0 0.0 0.208 1 TOUCH_UP o
1403056337586 6 4098 221.0 966.451 0.23333335 5.0 5.0 5.0 5.0 0.0 0.19600001 0 TOUCH_DOWN d
1403056337607 6 4098 221.0 966.451 0.23333335 5.0 5.0 5.0 5.0 0.0 0.2 2 TOUCH_MOVE d
1403056337629 6 4098 221.0 966.451 0.23333335 5.0 5.0 5.0 5.0 0.0 0.148 2 TOUCH_MOVE d
1403056337633 6 4098 221.0 966.451 0.23333335 5.0 5.0 5.0 5.0 0.0 0.148 1 TOUCH_UP d
1403056337768 6 4098 354.5 1200.4509 0.23333335 4.0 4.0 4.0 4.0 0.0 0.208 0 TOUCH_DOWN Space
1403056337807 6 4098 354.5 1200.4509 0.26666668 4.0 4.0 4.0 4.0 0.0 0.22000001 2 TOUCH_MOVE Space
1403056337837 6 4098 354.5 1200.9509 0.20000002 3.0 3.0 3.0 3.0 0.0 0.18400002 2 TOUCH_MOVE Space
1403056337840 6 4098 354.5 1200.9509 0.20000002 3.0 3.0 3.0 3.0 0.0 0.18400002 1 TOUCH_UP Space
1403056337926 6 4098 228.5 977.451 0.26666668 4.0 4.0 4.0 4.0 0.0 0.22000001 0 TOUCH_DOWN d
1403056337991 6 4098 227.5 977.451 0.26666668 5.0 5.0 5.0 5.0 0.0 0.14 2 TOUCH_MOVE d
1403056337997 6 4098 227.5 977.451 0.26666668 5.0 5.0 5.0 5.0 0.0 0.14 1 TOUCH_UP d
1403056338159 6 4098 49.5 969.951 0.16666667 3.0 3.0 3.0 3.0 0.0 0.192 0 TOUCH_DOWN a
1403056338176 6 4098 49.5 969.951 0.16666667 3.0 3.0 3.0 3.0 0.0 0.19600001 2 TOUCH_MOVE a
1403056338208 6 4098 48.460663 969.951 0.16666667 3.0 3.0 3.0 3.0 0.0 0.18 2 TOUCH_MOVE a
1403056338219 6 4098 48.5 969.951 0.16666667 3.0 3.0 3.0 3.0 0.0 0.124000005 2 TOUCH_MOVE a
1403056338223 6 4098 48.5 969.951 0.16666667 3.0 3.0 3.0 3.0 0.0 0.124000005 1 TOUCH_UP a
1403056338260 6 4098 419.5 839.451 0.3 5.0 5.0 5.0 5.0 0.0 0.20400001 0 TOUCH_DOWN y
1403056338277 6 4098 419.5 839.451 0.3 5.0 5.0 5.0 5.0 0.0 0.21200001 2 TOUCH_MOVE y
1403056338298 6 4098 418.66397 839.115 0.3 5.0 5.0 5.0 5.0 0.0 0.224 2 TOUCH_MOVE y
1403056338308 6 4098 417.7004 838.15137 0.33333334 5.0 5.0 5.0 5.0 0.0 0.23200001 2 TOUCH_MOVE y
1403056338324 6 4098 417.0 837.1965 0.33333334 5.0 5.0 5.0 5.0 0.0 0.22800002 2 TOUCH_MOVE y
1403056338341 6 4098 417.0 836.701 0.3 5.0 5.0 5.0 5.0 0.0 0.216 2 TOUCH_MOVE y
1403056338351 6 4098 417.0 836.701 0.3 5.0 5.0 5.0 5.0 0.0 0.216 1 TOUCH_UP y
1403056338524 6 4098 350.5 1183.9509 0.26666668 4.0 4.0 4.0 4.0 0.0 0.21200001 0 TOUCH_DOWN Space
1403056338557 6 4098 350.5 1184.3378 0.26666668 4.0 4.0 4.0 4.0 0.0 0.216 2 TOUCH_MOVE Space
1403056338575 6 4098 352.19247 1186.8359 0.26666668 4.0 4.0 4.0 4.0 0.0 0.22000001 2 TOUCH_MOVE Space
1403056338591 6 4098 353.78677 1189.3811 0.13333334 2.0 2.0 2.0 2.0 0.0 0.17600001 2 TOUCH_MOVE Space
1403056338595 6 4098 353.78677 1189.3811 0.13333334 2.0 2.0 2.0 2.0 0.0 0.17600001 1 TOUCH_UP Space
1403056338631 6 4098 277.0 980.951 0.3 5.0 5.0 5.0 5.0 0.0 0.216 0 TOUCH_DOWN f
1403056338641 6 4098 277.0 980.951 0.3 5.0 5.0 5.0 5.0 0.0 0.224 2 TOUCH_MOVE f
1403056338704 6 4098 277.0 980.951 0.26666668 5.0 5.0 5.0 5.0 0.0 0.148 2 TOUCH_MOVE f
1403056338707 6 4098 277.0 980.951 0.26666668 5.0 5.0 5.0 5.0 0.0 0.148 1 TOUCH_UP f
1403056338799 6 4098 593.0 855.951 0.20000002 4.0 4.0 4.0 4.0 0.0 0.18800001 0 TOUCH_DOWN o
1403056338808 6 4098 593.0 855.951 0.20000002 4.0 4.0 4.0 4.0 0.0 0.192 2 TOUCH_MOVE o
1403056338848 6 4098 594.0895 855.3615 0.20000002 4.0 4.0 4.0 4.0 0.0 0.20400001 2 TOUCH_MOVE o
1403056338858 6 4098 595.0535 854.951 0.20000002 4.0 4.0 4.0 4.0 0.0 0.19600001 2 TOUCH_MOVE o
1403056338879 6 4098 595.0535 854.951 0.20000002 4.0 4.0 4.0 4.0 0.0 0.19600001 1 TOUCH_UP o
1403056338938 6 4098 243.5 849.451 0.26666668 4.0 4.0 4.0 4.0 0.0 0.22000001 0 TOUCH_DOWN r
1403056338958 6 4098 243.5 849.451 0.26666668 4.0 4.0 4.0 4.0 0.0 0.22800002 2 TOUCH_MOVE r
1403056338991 6 4098 243.5 849.451 0.20000002 3.0 3.0 3.0 3.0 0.0 0.2 2 TOUCH_MOVE r
1403056339003 6 4098 243.5 849.451 0.20000002 3.0 3.0 3.0 3.0 0.0 0.2 1 TOUCH_UP r
1403056339131 6 4098 365.5 1186.9509 0.20000002 3.0 3.0 3.0 3.0 0.0 0.2 0 TOUCH_DOWN Space
1403056339175 6 4098 366.0 1187.753 0.23333335 4.0 4.0 4.0 4.0 0.0 0.20400001 2 TOUCH_MOVE Space
1403056339193 6 4098 367.09213 1188.747 0.16666667 3.0 3.0 3.0 3.0 0.0 0.192 2 TOUCH_MOVE Space
1403056339198 6 4098 367.5 1188.9509 0.20000002 4.0 4.0 4.0 4.0 0.0 0.17600001 2 TOUCH_MOVE Space
1403056339201 6 4098 367.5 1188.9509 0.20000002 4.0 4.0 4.0 4.0 0.0 0.17600001 1 TOUCH_UP Space
1403056339258 6 4098 377.5 850.451 0.3 5.0 5.0 5.0 5.0 0.0 0.216 0 TOUCH_DOWN y
1403056339275 6 4098 377.5 850.451 0.3 5.0 5.0 5.0 5.0 0.0 0.22800002 2 TOUCH_MOVE y
1403056339292 6 4098 376.9788 850.451 0.3 5.0 5.0 5.0 5.0 0.0 0.23200001 2 TOUCH_MOVE y
1403056339308 6 4098 373.8195 850.8871 0.26666668 4.0 4.0 4.0 4.0 0.0 0.224 2 TOUCH_MOVE y
1403056339320 6 4098 373.5 850.951 0.13333334 2.0 2.0 2.0 2.0 0.0 0.124000005 2 TOUCH_MOVE y
1403056339324 6 4098 373.5 850.951 0.13333334 2.0 2.0 2.0 2.0 0.0 0.124000005 1 TOUCH_UP y
1403056339398 6 4098 588.5 859.951 0.16666667 3.0 3.0 3.0 3.0 0.0 0.192 0 TOUCH_DOWN o
1403056339409 6 4098 588.5 859.951 0.20000002 4.0 4.0 4.0 4.0 0.0 0.19600001 2 TOUCH_MOVE o
1403056339442 6 4098 587.28284 858.2338 0.23333335 5.0 5.0 5.0 5.0 0.0 0.21200001 2 TOUCH_MOVE o
1403056339459 6 4098 586.31964 857.2706 0.20000002 4.0 4.0 4.0 4.0 0.0 0.208 2 TOUCH_MOVE o
1403056339476 6 4098 585.35535 856.30634 0.13333334 2.0 2.0 2.0 2.0 0.0 0.14400001 2 TOUCH_MOVE o
1403056339479 6 4098 585.35535 856.30634 0.13333334 2.0 2.0 2.0 2.0 0.0 0.14400001 1 TOUCH_UP o
1403056339675 6 4098 425.0 841.451 0.26666668 4.0 4.0 4.0 4.0 0.0 0.20400001 0 TOUCH_DOWN y
1403056339691 6 4098 425.0 841.451 0.26666668 4.0 4.0 4.0 4.0 0.0 0.21200001 2 TOUCH_MOVE y
1403056339693 6 4098 425.0 841.451 0.26666668 4.0 4.0 4.0 4.0 0.0 0.18800001 2 TOUCH_MOVE y
1403056339711 6 4098 425.0 841.451 0.26666668 4.0 4.0 4.0 4.0 0.0 0.18800001 1 TOUCH_UP y
1403056340241 6 4098 661.0 1108.9509 0.3 5.0 5.0 5.0 5.0 0.0 0.18800001 0 TOUCH_DOWN Back
1403056340260 6 4098 661.0 1109.8137 0.26666668 4.0 4.0 4.0 4.0 0.0 0.19600001 2 TOUCH_MOVE Back
1403056340276 6 4098 661.0 1110.7542 0.26666668 4.0 4.0 4.0 4.0 0.0 0.19600001 2 TOUCH_MOVE Back
1403056340303 6 4098 661.0 1111.7133 0.26666668 4.0 4.0 4.0 4.0 0.0 0.19600001 2 TOUCH_MOVE Back
1403056340314 6 4098 661.0 1112.7009 0.3 5.0 5.0 5.0 5.0 0.0 0.18800001 2 TOUCH_MOVE Back
1403056340323 6 4098 661.0 1112.7009 0.3 5.0 5.0 5.0 5.0 0.0 0.18800001 1 TOUCH_UP Back
1403056340636 6 4098 471.5 833.451 0.3 5.0 5.0 5.0 5.0 0.0 0.22000001 0 TOUCH_DOWN u
1403056340646 6 4098 471.5 833.451 0.33333334 5.0 5.0 5.0 5.0 0.0 0.224 2 TOUCH_MOVE u
1403056340672 6 4098 471.5 833.451 0.20000002 4.0 4.0 4.0 4.0 0.0 0.18 2 TOUCH_MOVE u
1403056340676 6 4098 471.5 833.451 0.20000002 4.0 4.0 4.0 4.0 0.0 0.18 1 TOUCH_UP u
