1403056243750 6 4098 659.5 1082.9509 0.20000002 4.0 4.0 4.0 4.0 0.0 0.19600001 0 TOUCH_DOWN Back
1403056243755 6 4098 659.5 1082.9509 0.20000002 4.0 4.0 4.0 4.0 0.0 0.2 2 TOUCH_MOVE Back
1403056243809 6 4098 659.5 1082.9509 0.20000002 4.0 4.0 4.0 4.0 0.0 0.2 1 TOUCH_UP Back
1403056245064 6 4098 427.5 979.951 0.23333335 4.0 4.0 4.0 4.0 0.0 0.18 0 TOUCH_DOWN h
1403056245104 6 4098 429.00027 979.951 0.23333335 4.0 4.0 4.0 4.0 0.0 0.18 2 TOUCH_MOVE h
1403056245122 6 4098 429.9583 979.951 0.23333335 4.0 4.0 4.0 4.0 0.0 0.17600001 2 TOUCH_MOVE h
1403056245133 6 4098 430.5 979.951 0.16666667 3.0 3.0 3.0 3.0 0.0 0.1 2 TOUCH_MOVE h
1403056245137 6 4098 430.5 979.951 0.16666667 3.0 3.0 3.0 3.0 0.0 0.1 1 TOUCH_UP h
1403056245472 6 4098 657.0 1106.9509 0.3 5.0 5.0 5.0 5.0 0.0 0.19600001 0 TOUCH_DOWN Back
1403056245491 6 4098 657.0 1106.9509 0.3 5.0 5.0 5.0 5.0 0.0 0.2 2 TOUCH_MOVE Back
1403056245556 6 4098 657.0 1106.9509 0.3 5.0 5.0 5.0 5.0 0.0 0.2 1 TOUCH_UP Back
1403056245723 6 4098 56.5 1086.9509 0.23333335 4.0 4.0 4.0 4.0 0.0 0.2 0 TOUCH_DOWN Change
1403056245741 6 4098 56.5 1086.9509 0.23333335 4.0 4.0 4.0 4.0 0.0 0.20400001 2 TOUCH_MOVE Change
1403056245755 6 4098 56.5 1087.4563 0.23333335 4.0 4.0 4.0 4.0 0.0 0.21200001 2 TOUCH_MOVE Change
1403056245771 6 4098 56.5 1088.4269 0.23333335 4.0 4.0 4.0 4.0 0.0 0.208 2 TOUCH_MOVE Change
1403056245789 6 4098 56.058014 1089.393 0.23333335 4.0 4.0 4.0 4.0 0.0 0.20400001 2 TOUCH_MOVE Change
1403056245792 6 4098 56.0 1089.4509 0.23333335 4.0 4.0 4.0 4.0 0.0 0.18800001 2 TOUCH_MOVE Change
1403056245795 6 4098 56.0 1089.4509 0.23333335 4.0 4.0 4.0 4.0 0.0 0.18800001 1 TOUCH_UP Change
1403056245947 6 4098 436.5 968.451 0.20000002 4.0 4.0 4.0 4.0 0.0 0.19600001 0 TOUCH_DOWN H
1403056245955 6 4098 436.5 968.451 0.20000002 4.0 4.0 4.0 4.0 0.0 0.2 2 TOUCH_MOVE H
1403056245985 6 4098 436.5 968.451 0.20000002 4.0 4.0 4.0 4.0 0.0 0.2 1 TOUCH_UP H
1403056246191 6 4098 90.5 958.451 0.23333335 4.0 4.0 4.0 4.0 0.0 0.208 0 TOUCH_DOWN a
1403056246245 6 4098 90.5 958.451 0.23333335 4.0 4.0 4.0 4.0 0.0 0.208 1 TOUCH_UP a
1403056246375 6 4098 546.0 840.451 0.26666668 4.0 4.0 4.0 4.0 0.0 0.19600001 0 TOUCH_DOWN i
1403056246388 6 4098 546.0 840.451 0.26666668 4.0 4.0 4.0 4.0 0.0 0.20400001 2 TOUCH_MOVE i
1403056246405 6 4098 544.9716 839.4226 0.26666668 4.0 4.0 4.0 4.0 0.0 0.216 2 TOUCH_MOVE i
1403056246422 6 4098 543.5102 838.4612 0.26666668 4.0 4.0 4.0 4.0 0.0 0.216 2 TOUCH_MOVE i
1403056246438 6 4098 542.54706 838.90393 0.26666668 4.0 4.0 4.0 4.0 0.0 0.208 2 TOUCH_MOVE i
1403056246456 6 4098 542.0 839.451 0.13333334 2.0 2.0 2.0 2.0 0.0 0.120000005 2 TOUCH_MOVE i
1403056246461 6 4098 542.0 839.451 0.13333334 2.0 2.0 2.0 2.0 0.0 0.120000005 1 TOUCH_UP i
1403056246697 6 4098 309.0 1194.9509 0.20000002 4.0 4.0 4.0 4.0 0.0 0.208 0 TOUCH_DOWN Space
1403056246705 6 4098 309.0 1194.9509 0.23333335 4.0 4.0 4.0 4.0 0.0 0.216 2 TOUCH_MOVE Space
1403056246750 6 4098 309.0 1194.9509 0.23333335 4.0 4.0 4.0 4.0 0.0 0.216 1 TOUCH_UP Space
1403056246904 6 4098 156.5 973.451 0.23333335 5.0 5.0 5.0 5.0 0.0 0.20400001 0 TOUCH_DOWN s
1403056246972 6 4098 156.5 973.451 0.20000002 4.0 4.0 4.0 4.0 0.0 0.18800001 2 TOUCH_MOVE s
1403056246982 6 4098 156.5 973.451 0.20000002 4.0 4.0 4.0 4.0 0.0 0.18800001 1 TOUCH_UP s
1403056247142 6 4098 202.0 858.951 0.26666668 4.0 4.0 4.0 4.0 0.0 0.22000001 0 TOUCH_DOWN e
1403056247159 6 4098 202.0 858.951 0.26666668 4.0 4.0 4.0 4.0 0.0 0.22800002 2 TOUCH_MOVE e
1403056247206 6 4098 201.0 858.951 0.23333335 4.0 4.0 4.0 4.0 0.0 0.216 2 TOUCH_MOVE e
1403056247223 6 4098 201.0 858.951 0.13333334 2.0 2.0 2.0 2.0 0.0 0.112 2 TOUCH_MOVE e
1403056247226 6 4098 201.0 858.951 0.13333334 2.0 2.0 2.0 2.0 0.0 0.112 1 TOUCH_UP e
1403056247280 6 4098 637.5 983.951 0.26666668 4.0 4.0 4.0 4.0 0.0 0.2 0 TOUCH_DOWN l
1403056247289 6 4098 637.5 983.951 0.26666668 4.0 4.0 4.0 4.0 0.0 0.20400001 2 TOUCH_MOVE l
1403056247356 6 4098 638.0 983.951 0.26666668 4.0 4.0 4.0 4.0 0.0 0.19600001 2 TOUCH_MOVE l
1403056247362 6 4098 638.0 983.951 0.20000002 4.0 4.0 4.0 4.0 0.0 0.172 2 TOUCH_MOVE l
1403056247365 6 4098 638.0 983.951 0.20000002 4.0 4.0 4.0 4.0 0.0 0.172 1 TOUCH_UP l
1403056247410 6 4098 63.0 967.951 0.16666667 3.0 3.0 3.0 3.0 0.0 0.19600001 0 TOUCH_DOWN a
1403056247423 6 4098 63.0 967.951 0.20000002 3.0 3.0 3.0 3.0 0.0 0.2 2 TOUCH_MOVE a
1403056247441 6 4098 63.0 968.61395 0.20000002 3.0 3.0 3.0 3.0 0.0 0.20400001 2 TOUCH_MOVE a
1403056247456 6 4098 63.0 969.5936 0.20000002 3.0 3.0 3.0 3.0 0.0 0.208 2 TOUCH_MOVE a
1403056247473 6 4098 63.0 970.5419 0.20000002 3.0 3.0 3.0 3.0 0.0 0.2 2 TOUCH_MOVE a
1403056247489 6 4098 62.439613 970.951 0.16666667 3.0 3.0 3.0 3.0 0.0 0.17600001 2 TOUCH_MOVE a
1403056247494 6 4098 62.439613 970.951 0.16666667 3.0 3.0 3.0 3.0 0.0 0.17600001 1 TOUCH_UP a
1403056247552 6 4098 563.5 1104.9509 0.3 5.0 5.0 5.0 5.0 0.0 0.20400001 0 TOUCH_DOWN m
1403056247573 6 4098 563.5 1105.3632 0.33333334 5.0 5.0 5.0 5.0 0.0 0.208 2 TOUCH_MOVE m
1403056247597 6 4098 563.5 1106.2526 0.33333334 5.0 5.0 5.0 5.0 0.0 0.208 2 TOUCH_MOVE m
1403056247608 6 4098 563.7873 1108.0255 0.33333334 5.0 5.0 5.0 5.0 0.0 0.20400001 2 TOUCH_MOVE m
1403056247623 6 4098 565.44464 1109.8956 0.26666668 5.0 5.0 5.0 5.0 0.0 0.16000001 2 TOUCH_MOVE m
1403056247633 6 4098 565.44464 1109.8956 0.26666668 5.0 5.0 5.0 5.0 0.0 0.16000001 1 TOUCH_UP m
1403056247642 6 4098 77.5 966.951 0.20000002 3.0 3.0 3.0 3.0 0.0 0.20400001 0 TOUCH_DOWN a
1403056247656 6 4098 78.25 966.951 0.20000002 3.0 3.0 3.0 3.0 0.0 0.20400001 2 TOUCH_MOVE a
1403056247690 6 4098 78.5198 966.4312 0.20000002 3.0 3.0 3.0 3.0 0.0 0.192 2 TOUCH_MOVE a
1403056247702 6 4098 79.0 965.951 0.20000002 3.0 3.0 3.0 3.0 0.0 0.112 2 TOUCH_MOVE a
1403056247704 6 4098 79.0 965.951 0.20000002 3.0 3.0 3.0 3.0 0.0 0.112 1 TOUCH_UP a
1403056247908 6 4098 327.0 854.951 0.26666668 5.0 5.0 5.0 5.0 0.0 0.208 0 TOUCH_DOWN t
1403056247931 6 4098 327.0 854.951 0.3 5.0 5.0 5.0 5.0 0.0 0.216 2 TOUCH_MOVE t
1403056247940 6 4098 326.4929 854.951 0.3 5.0 5.0 5.0 5.0 0.0 0.22000001 2 TOUCH_MOVE t
1403056247956 6 4098 325.52368 854.951 0.3 5.0 5.0 5.0 5.0 0.0 0.216 2 TOUCH_MOVE t
1403056247969 6 4098 325.5 854.951 0.20000002 4.0 4.0 4.0 4.0 0.0 0.164 2 TOUCH_MOVE t
1403056247972 6 4098 325.5 854.951 0.20000002 4.0 4.0 4.0 4.0 0.0 0.164 1 TOUCH_UP t
1403056248047 6 4098 340.5 1194.4509 0.20000002 4.0 4.0 4.0 4.0 0.0 0.2 0 TOUCH_DOWN Space
1403056248057 6 4098 340.5 1194.4509 0.20000002 4.0 4.0 4.0 4.0 0.0 0.20400001 2 TOUCH_MOVE Space
1403056248098 6 4098 341.5 1193.4509 0.23333335 4.0 4.0 4.0 4.0 0.0 0.19600001 2 TOUCH_MOVE Space
1403056248103 6 4098 341.5 1193.4509 0.23333335 4.0 4.0 4.0 4.0 0.0 0.19600001 1 TOUCH_UP Space
1403056248345 6 4098 702.5 824.951 0.26666668 5.0 5.0 5.0 5.0 0.0 0.19600001 0 TOUCH_DOWN p
1403056248357 6 4098 702.5 824.951 0.23333335 5.0 5.0 5.0 5.0 0.0 0.20400001 2 TOUCH_MOVE p
1403056248390 6 4098 701.88513 824.951 0.3 5.0 5.0 5.0 5.0 0.0 0.216 2 TOUCH_MOVE p
1403056248407 6 4098 701.5 825.41315 0.3 5.0 5.0 5.0 5.0 0.0 0.216 2 TOUCH_MOVE p
1403056248424 6 4098 701.14276 827.02277 0.3 5.0 5.0 5.0 5.0 0.0 0.208 2 TOUCH_MOVE p
1403056248443 6 4098 700.5 829.951 0.20000002 4.0 4.0 4.0 4.0 0.0 0.18400002 2 TOUCH_MOVE p
1403056248446 6 4098 700.5 829.951 0.16666667 3.0 3.0 3.0 3.0 0.0 0.108 2 TOUCH_MOVE p
1403056248451 6 4098 700.5 829.951 0.16666667 3.0 3.0 3.0 3.0 0.0 0.108 1 TOUCH_UP p
1403056248502 6 4098 63.0 945.451 0.26666668 5.0 5.0 5.0 5.0 0.0 0.208 0 TOUCH_DOWN a
1403056248574 6 4098 62.504242 945.9468 0.23333335 4.0 4.0 4.0 4.0 0.0 0.21200001 2 TOUCH_MOVE a
1403056248584 6 4098 60.0 947.951 0.23333335 4.0 4.0 4.0 4.0 0.0 0.18 2 TOUCH_MOVE a
1403056248589 6 4098 60.0 947.951 0.23333335 4.0 4.0 4.0 4.0 0.0 0.18 1 TOUCH_UP a
1403056248782 6 4098 361.5 990.951 0.26666668 4.0 4.0 4.0 4.0 0.0 0.208 0 TOUCH_DOWN g
1403056248791 6 4098 361.5 990.951 0.26666668 4.0 4.0 4.0 4.0 0.0 0.216 2 TOUCH_MOVE g
1403056248824 6 4098 360.48972 990.951 0.3 5.0 5.0 5.0 5.0 0.0 0.22800002 2 TOUCH_MOVE g
1403056248853 6 4098 360.5 990.951 0.26666668 4.0 4.0 4.0 4.0 0.0 0.18800001 2 TOUCH_MOVE g
1403056248856 6 4098 360.5 990.951 0.26666668 4.0 4.0 4.0 4.0 0.0 0.18800001 1 TOUCH_UP g
1403056249073 6 4098 556.0 838.951 0.3 5.0 5.0 5.0 5.0 0.0 0.21200001 0 TOUCH_DOWN i
1403056249092 6 4098 556.0 838.951 0.3 5.0 5.0 5.0 5.0 0.0 0.216 2 TOUCH_MOVE i
1403056249124 6 4098 555.38464 838.951 0.3 5.0 5.0 5.0 5.0 0.0 0.22000001 2 TOUCH_MOVE i
1403056249140 6 4098 555.5 838.951 0.26666668 5.0 5.0 5.0 5.0 0.0 0.19600001 2 TOUCH_MOVE i
1403056249144 6 4098 555.5 838.951 0.26666668 5.0 5.0 5.0 5.0 0.0 0.19600001 1 TOUCH_UP i
1403056249566 6 4098 427.5 1223.9509 0.23333335 4.0 4.0 4.0 4.0 0.0 0.192 0 TOUCH_DOWN ,
1403056249627 6 4098 427.5 1223.9509 0.23333335 4.0 4.0 4.0 4.0 0.0 0.192 1 TOUCH_UP ,
1403056249847 6 4098 303.5 1219.9509 0.23333335 4.0 4.0 4.0 4.0 0.0 0.208 0 TOUCH_DOWN Space
1403056249858 6 4098 303.5 1219.9509 0.23333335 4.0 4.0 4.0 4.0 0.0 0.21200001 2 TOUCH_MOVE Space
1403056249908 6 4098 307.6421 1219.4154 0.23333335 4.0 4.0 4.0 4.0 0.0 0.18400002 2 TOUCH_MOVE Space
1403056249913 6 4098 307.6421 1219.4154 0.23333335 4.0 4.0 4.0 4.0 0.0 0.18400002 1 TOUCH_UP Space
1403056250042 6 4098 228.0 969.951 0.23333335 4.0 4.0 4.0 4.0 0.0 0.208 0 TOUCH_DOWN d
1403056250062 6 4098 227.65727 969.951 0.3 5.0 5.0 5.0 5.0 0.0 0.216 2 TOUCH_MOVE d
1403056250077 6 4098 226.8747 969.951 0.3 5.0 5.0 5.0 5.0 0.0 0.23200001 2 TOUCH_MOVE d
1403056250092 6 4098 225.88567 971.0653 0.3 5.0 5.0 5.0 5.0 0.0 0.23200001 2 TOUCH_MOVE d
1403056250109 6 4098 224.92044 972.0306 0.3 5.0 5.0 5.0 5.0 0.0 0.22000001 2 TOUCH_MOVE d
1403056250125 6 4098 221.80188 976.7977 0.3 5.0 5.0 5.0 5.0 0.0 0.18800001 2 TOUCH_MOVE d
1403056250131 6 4098 221.80188 976.7977 0.3 5.0 5.0 5.0 5.0 0.0 0.18800001 1 TOUCH_UP d
1403056250215 6 4098 550.5 852.451 0.23333335 5.0 5.0 5.0 5.0 0.0 0.2 0 TOUCH_DOWN i
1403056250225 6 4098 550.5 852.451 0.26666668 5.0 5.0 5.0 5.0 0.0 0.208 2 TOUCH_MOVE i
1403056250260 6 4098 550.5 851.20154 0.26666668 5.0 5.0 5.0 5.0 0.0 0.21200001 2 TOUCH_MOVE i
1403056250278 6 4098 550.5 851.20154 0.26666668 5.0 5.0 5.0 5.0 0.0 0.21200001 1 TOUCH_UP i
1403056250305 6 4098 156.0 975.951 0.26666668 5.0 5.0 5.0 5.0 0.0 0.21200001 0 TOUCH_DOWN s
1403056250310 6 4098 156.0 975.951 0.3 5.0 5.0 5.0 5.0 0.0 0.22000001 2 TOUCH_MOVE s
1403056250361 6 4098 155.5 976.451 0.23333335 4.0 4.0 4.0 4.0 0.0 0.156 2 TOUCH_MOVE s
1403056250369 6 4098 155.5 976.451 0.23333335 4.0 4.0 4.0 4.0 0.0 0.156 1 TOUCH_UP s
1403056250410 6 4098 533.5 863.951 0.23333335 4.0 4.0 4.0 4.0 0.0 0.20400001 0 TOUCH_DOWN i
1403056250426 6 4098 533.5 863.951 0.23333335 4.0 4.0 4.0 4.0 0.0 0.21200001 2 TOUCH_MOVE i
1403056250453 6 4098 533.5 864.74567 0.26666668 4.0 4.0 4.0 4.0 0.0 0.22000001 2 TOUCH_MOVE i
1403056250471 6 4098 533.0 867.27826 0.26666668 4.0 4.0 4.0 4.0 0.0 0.22000001 2 TOUCH_MOVE i
1403056250490 6 4098 533.0 872.6031 0.26666668 4.0 4.0 4.0 4.0 0.0 0.216 2 TOUCH_MOVE i
1403056250493 6 4098 532.5 879.451 0.20000002 4.0 4.0 4.0 4.0 0.0 0.164 2 TOUCH_MOVE i
1403056250496 6 4098 532.5 879.451 0.20000002 4.0 4.0 4.0 4.0 0.0 0.164 1 TOUCH_UP i
1403056250656 6 4098 465.5 1088.4509 0.23333335 4.0 4.0 4.0 4.0 0.0 0.208 0 TOUCH_DOWN n
1403056250709 6 4098 465.5 1088.4509 0.13333334 2.0 2.0 2.0 2.0 0.0 0.164 2 TOUCH_MOVE n
1403056250717 6 4098 465.5 1088.4509 0.13333334 2.0 2.0 2.0 2.0 0.0 0.164 1 TOUCH_UP n
1403056250874 6 4098 516.0 869.451 0.26666668 4.0 4.0 4.0 4.0 0.0 0.21200001 0 TOUCH_DOWN i
1403056250893 6 4098 516.0 869.451 0.3 5.0 5.0 5.0 5.0 0.0 0.22000001 2 TOUCH_MOVE i
1403056250943 6 4098 516.0 869.451 0.23333335 4.0 4.0 4.0 4.0 0.0 0.18 2 TOUCH_MOVE i
1403056250946 6 4098 516.0 869.451 0.23333335 4.0 4.0 4.0 4.0 0.0 0.18 1 TOUCH_UP i
1403056251132 6 4098 329.0 1194.4509 0.23333335 5.0 5.0 5.0 5.0 0.0 0.208 0 TOUCH_DOWN Space
1403056251143 6 4098 329.0 1194.4509 0.26666668 5.0 5.0 5.0 5.0 0.0 0.22000001 2 TOUCH_MOVE Space
1403056251193 6 4098 329.5 1194.4509 0.20000002 4.0 4.0 4.0 4.0 0.0 0.18 2 TOUCH_MOVE Space
1403056251197 6 4098 329.5 1194.4509 0.20000002 4.0 4.0 4.0 4.0 0.0 0.18 1 TOUCH_UP Space
1403056251421 6 4098 559.0 1077.4509 0.23333335 5.0 5.0 5.0 5.0 0.0 0.192 0 TOUCH_DOWN m
1403056251448 6 4098 559.0 1077.4509 0.23333335 5.0 5.0 5.0 5.0 0.0 0.19600001 2 TOUCH_MOVE m
1403056251477 6 4098 559.0 1078.0425 0.23333335 5.0 5.0 5.0 5.0 0.0 0.20400001 2 TOUCH_MOVE m
1403056251493 6 4098 559.5 1077.9509 0.20000002 4.0 4.0 4.0 4.0 0.0 0.192 2 TOUCH_MOVE m
1403056251498 6 4098 559.5 1077.9509 0.23333335 4.0 4.0 4.0 4.0 0.0 0.156 2 TOUCH_MOVE m
1403056251502 6 4098 559.5 1077.9509 0.23333335 4.0 4.0 4.0 4.0 0.0 0.156 1 TOUCH_UP m
1403056251682 6 4098 527.5 851.951 0.20000002 4.0 4.0 4.0 4.0 0.0 0.20400001 0 TOUCH_DOWN i
1403056251694 6 4098 527.5 851.951 0.20000002 4.0 4.0 4.0 4.0 0.0 0.208 2 TOUCH_MOVE i
1403056251723 6 4098 528.5 852.451 0.20000002 4.0 4.0 4.0 4.0 0.0 0.18800001 2 TOUCH_MOVE i
1403056251726 6 4098 528.5 852.451 0.20000002 4.0 4.0 4.0 4.0 0.0 0.18800001 1 TOUCH_UP i
1403056252095 6 4098 675.5 1097.4509 0.26666668 4.0 4.0 4.0 4.0 0.0 0.192 0 TOUCH_DOWN Back
1403056252114 6 4098 675.5 1097.9598 0.26666668 4.0 4.0 4.0 4.0 0.0 0.19600001 2 TOUCH_MOVE Back
1403056252127 6 4098 675.5 1098.9224 0.26666668 4.0 4.0 4.0 4.0 0.0 0.192 2 TOUCH_MOVE Back
1403056252139 6 4098 675.5 1098.9509 0.3 5.0 5.0 5.0 5.0 0.0 0.18400002 2 TOUCH_MOVE Back
1403056252143 6 4098 675.5 1098.9509 0.3 5.0 5.0 5.0 5.0 0.0 0.18400002 1 TOUCH_UP Back
1403056252243 6 4098 668.5 1090.4509 0.26666668 5.0 5.0 5.0 5.0 0.0 0.18400002 0 TOUCH_DOWN Back
1403056252261 6 4098 668.5 1090.4509 0.26666668 5.0 5.0 5.0 5.0 0.0 0.192 2 TOUCH_MOVE Back
1403056252294 6 4098 668.5 1091.5405 0.26666668 5.0 5.0 5.0 5.0 0.0 0.19600001 2 TOUCH_MOVE Back
1403056252319 6 4098 668.5 1091.5405 0.26666668 5.0 5.0 5.0 5.0 0.0 0.19600001 1 TOUCH_UP Back
1403056252574 6 4098 44.5 1059.4509 0.26666668 5.0 5.0 5.0 5.0 0.0 0.2 0 TOUCH_DOWN Change
1403056252628 6 4098 44.5 1059.7828 0.23333335 4.0 4.0 4.0 4.0 0.0 0.20400001 2 TOUCH_MOVE Change
1403056252644 6 4098 44.0 1060.4509 0.23333335 4.0 4.0 4.0 4.0 0.0 0.18800001 2 TOUCH_MOVE Change
1403056252651 6 4098 44.0 1060.4509 0.13333334 3.0 3.0 3.0 3.0 0.0 0.116000004 2 TOUCH_MOVE Change
1403056252655 6 4098 44.0 1060.4509 0.13333334 3.0 3.0 3.0 3.0 0.0 0.116000004 1 TOUCH_UP Change
1403056253007 6 4098 579.5 1122.4509 0.26666668 4.0 4.0 4.0 4.0 0.0 0.19600001 0 TOUCH_DOWN M
1403056253028 6 4098 579.5 1122.4509 0.26666668 4.0 4.0 4.0 4.0 0.0 0.2 2 TOUCH_MOVE M
1403056253063 6 4098 579.07996 1121.5309 0.26666668 4.0 4.0 4.0 4.0 0.0 0.208 2 TOUCH_MOVE M
1403056253076 6 4098 578.5 1120.4509 0.26666668 5.0 5.0 5.0 5.0 0.0 0.17600001 2 TOUCH_MOVE M
1403056253080 6 4098 578.5 1120.4509 0.26666668 5.0 5.0 5.0 5.0 0.0 0.17600001 1 TOUCH_UP M
1403056253293 6 4098 552.5 856.451 0.23333335 5.0 5.0 5.0 5.0 0.0 0.20400001 0 TOUCH_DOWN i
1403056253315 6 4098 552.1167 856.451 0.26666668 5.0 5.0 5.0 5.0 0.0 0.216 2 TOUCH_MOVE i
1403056253328 6 4098 551.2757 856.451 0.26666668 5.0 5.0 5.0 5.0 0.0 0.216 2 TOUCH_MOVE i
1403056253345 6 4098 550.75 856.451 0.26666668 5.0 5.0 5.0 5.0 0.0 0.216 2 TOUCH_MOVE i
1403056253363 6 4098 551.0 856.451 0.23333335 5.0 5.0 5.0 5.0 0.0 0.172 2 TOUCH_MOVE i
1403056253366 6 4098 551.0 856.451 0.23333335 5.0 5.0 5.0 5.0 0.0 0.172 1 TOUCH_UP i
1403056253504 6 4098 323.0 841.451 0.26666668 4.0 4.0 4.0 4.0 0.0 0.216 0 TOUCH_DOWN t
1403056253512 6 4098 323.0 841.451 0.3 5.0 5.0 5.0 5.0 0.0 0.22000001 2 TOUCH_MOVE t
1403056253545 6 4098 321.5311 841.21655 0.3 5.0 5.0 5.0 5.0 0.0 0.22800002 2 TOUCH_MOVE t
1403056253567 6 4098 318.5305 841.11255 0.26666668 4.0 4.0 4.0 4.0 0.0 0.21200001 2 TOUCH_MOVE t
1403056253579 6 4098 316.5 841.451 0.13333334 2.0 2.0 2.0 2.0 0.0 0.132 2 TOUCH_MOVE t
1403056253582 6 4098 316.5 841.451 0.13333334 2.0 2.0 2.0 2.0 0.0 0.132 1 TOUCH_UP t
1403056253675 6 4098 424.5 993.451 0.26666668 4.0 4.0 4.0 4.0 0.0 0.20400001 0 TOUCH_DOWN h
1403056253737 6 4098 424.5 993.451 0.26666668 5.0 5.0 5.0 5.0 0.0 0.17600001 2 TOUCH_MOVE h
1403056253740 6 4098 424.5 993.451 0.26666668 5.0 5.0 5.0 5.0 0.0 0.17600001 1 TOUCH_UP h
1403056253850 6 4098 59.0 971.451 0.20000002 3.0 3.0 3.0 3.0 0.0 0.2 0 TOUCH_DOWN a
1403056253895 6 4098 59.0 972.8787 0.20000002 3.0 3.0 3.0 3.0 0.0 0.20400001 2 TOUCH_MOVE a
1403056253908 6 4098 59.0 972.951 0.20000002 3.0 3.0 3.0 3.0 0.0 0.19600001 2 TOUCH_MOVE a
1403056253917 6 4098 59.0 972.951 0.20000002 3.0 3.0 3.0 3.0 0.0 0.19600001 1 TOUCH_UP a
1403056254159 6 4098 662.0 1198.4509 0.20000002 4.0 4.0 4.0 4.0 0.0 0.18800001 0 TOUCH_DOWN Enter
1403056254179 6 4098 662.0 1198.4509 0.20000002 4.0 4.0 4.0 4.0 0.0 0.19600001 2 TOUCH_MOVE Enter
1403056254235 6 4098 662.0 1198.4509 0.20000002 4.0 4.0 4.0 4.0 0.0 0.19600001 1 TOUCH_UP Enter
1403056282698 6 4098 145.0 969.951 0.26666668 4.0 4.0 4.0 4.0 0.0 0.22000001 0 TOUCH_DOWN S
1403056282721 6 4098 145.0 970.38763 0.26666668 4.0 4.0 4.0 4.0 0.0 0.224 2 TOUCH_MOVE S
1403056282750 6 4098 149.71486 973.7609 0.33333334 5.0 5.0 5.0 5.0 0.0 0.23600002 2 TOUCH_MOVE S
1403056282757 6 4098 151.76024 975.3311 0.33333334 5.0 5.0 5.0 5.0 0.0 0.23600002 2 TOUCH_MOVE S
1403056282779 6 4098 152.75 976.201 0.3 5.0 5.0 5.0 5.0 0.0 0.23200001 2 TOUCH_MOVE S
1403056282790 6 4098 152.0 975.451 0.26666668 4.0 4.0 4.0 4.0 0.0 0.21200001 2 TOUCH_MOVE S
1403056282795 6 4098 152.0 975.451 0.20000002 4.0 4.0 4.0 4.0 0.0 0.18800001 2 TOUCH_MOVE S
1403056282798 6 4098 152.0 975.451 0.20000002 4.0 4.0 4.0 4.0 0.0 0.18800001 1 TOUCH_UP S
1403056282967 6 4098 191.0 841.951 0.3 5.0 5.0 5.0 5.0 0.0 0.23200001 0 TOUCH_DOWN e
1403056282973 6 4098 191.0 841.951 0.3 5.0 5.0 5.0 5.0 0.0 0.23600002 2 TOUCH_MOVE e
1403056283039 6 4098 190.05157 841.72675 0.3 5.0 5.0 5.0 5.0 0.0 0.23600002 2 TOUCH_MOVE e
1403056283056 6 4098 189.5 841.451 0.26666668 4.0 4.0 4.0 4.0 0.0 0.20400001 2 TOUCH_MOVE e
1403056283064 6 4098 189.5 841.451 0.20000002 3.0 3.0 3.0 3.0 0.0 0.108 2 TOUCH_MOVE e
1403056283068 6 4098 189.5 841.451 0.20000002 3.0 3.0 3.0 3.0 0.0 0.108 1 TOUCH_UP e
1403056283277 6 4098 496.5 1090.9509 0.26666668 5.0 5.0 5.0 5.0 0.0 0.208 0 TOUCH_DOWN n
1403056283302 6 4098 496.5 1091.7778 0.3 5.0 5.0 5.0 5.0 0.0 0.22000001 2 TOUCH_MOVE n
1403056283306 6 4098 497.13196 1094.3468 0.3 5.0 5.0 5.0 5.0 0.0 0.22000001 2 TOUCH_MOVE n
1403056283323 6 4098 498.0922 1097.2275 0.3 5.0 5.0 5.0 5.0 0.0 0.22000001 2 TOUCH_MOVE n
1403056283340 6 4098 499.5834 1099.5343 0.3 5.0 5.0 5.0 5.0 0.0 0.216 2 TOUCH_MOVE n
1403056283356 6 4098 502.54315 1101.4797 0.26666668 4.0 4.0 4.0 4.0 0.0 0.18800001 2 TOUCH_MOVE n
1403056283376 6 4098 502.54315 1101.4797 0.26666668 4.0 4.0 4.0 4.0 0.0 0.18800001 1 TOUCH_UP n
1403056283385 6 4098 64.0 966.951 0.20000002 3.0 3.0 3.0 3.0 0.0 0.21200001 0 TOUCH_DOWN a
1403056283406 6 4098 65.0 968.401 0.23333335 4.0 4.0 4.0 4.0 0.0 0.21200001 2 TOUCH_MOVE a
1403056283423 6 4098 65.0 969.2914 0.23333335 4.0 4.0 4.0 4.0 0.0 0.216 2 TOUCH_MOVE a
1403056283440 6 4098 65.0 969.701 0.23333335 4.0 4.0 4.0 4.0 0.0 0.216 2 TOUCH_MOVE a
1403056283456 6 4098 64.40412 969.451 0.16666667 3.0 3.0 3.0 3.0 0.0 0.18800001 2 TOUCH_MOVE a
1403056283469 6 4098 64.40412 969.451 0.16666667 3.0 3.0 3.0 3.0 0.0 0.18800001 1 TOUCH_UP a
1403056283478 6 4098 503.0 1087.4509 0.23333335 5.0 5.0 5.0 5.0 0.0 0.208 0 TOUCH_DOWN n
1403056283492 6 4098 503.0 1087.4509 0.26666668 5.0 5.0 5.0 5.0 0.0 0.21200001 2 TOUCH_MOVE n
1403056283550 6 4098 503.0 1087.4509 0.23333335 5.0 5.0 5.0 5.0 0.0 0.17600001 2 TOUCH_MOVE n
1403056283555 6 4098 503.0 1087.4509 0.23333335 5.0 5.0 5.0 5.0 0.0 0.17600001 1 TOUCH_UP n
1403056283705 6 4098 356.0 944.951 0.33333334 5.0 5.0 5.0 5.0 0.0 0.23200001 0 TOUCH_DOWN g
1403056283777 6 4098 356.0 944.951 0.26666668 4.0 4.0 4.0 4.0 0.0 0.21200001 2 TOUCH_MOVE g
1403056283785 6 4098 356.0 944.951 0.13333334 2.0 2.0 2.0 2.0 0.0 0.116000004 2 TOUCH_MOVE g
1403056283788 6 4098 356.0 944.951 0.13333334 2.0 2.0 2.0 2.0 0.0 0.116000004 1 TOUCH_UP g
1403056283966 6 4098 304.0 1200.9509 0.23333335 4.0 4.0 4.0 4.0 0.0 0.21200001 0 TOUCH_DOWN Space
1403056283974 6 4098 304.0 1200.9509 0.23333335 4.0 4.0 4.0 4.0 0.0 0.22000001 2 TOUCH_MOVE Space
1403056284070 6 4098 305.5 1199.9509 0.20000002 4.0 4.0 4.0 4.0 0.0 0.17600001 2 TOUCH_MOVE Space
1403056284076 6 4098 305.5 1199.9509 0.20000002 4.0 4.0 4.0 4.0 0.0 0.17600001 1 TOUCH_UP Space
1403056284306 6 4098 412.0 1099.4509 0.26666668 4.0 4.0 4.0 4.0 0.0 0.216 0 TOUCH_DOWN b
1403056284333 6 4098 412.0 1099.4509 0.26666668 4.0 4.0 4.0 4.0 0.0 0.22800002 2 TOUCH_MOVE b
1403056284374 6 4098 412.0 1099.975 0.26666668 4.0 4.0 4.0 4.0 0.0 0.22000001 2 TOUCH_MOVE b
1403056284391 6 4098 412.0 1100.4509 0.20000002 4.0 4.0 4.0 4.0 0.0 0.172 2 TOUCH_MOVE b
1403056284394 6 4098 412.0 1100.4509 0.20000002 4.0 4.0 4.0 4.0 0.0 0.172 1 TOUCH_UP b
1403056284470 6 4098 184.0 840.951 0.26666668 4.0 4.0 4.0 4.0 0.0 0.224 0 TOUCH_DOWN e
1403056284564 6 4098 184.0 840.951 0.26666668 4.0 4.0 4.0 4.0 0.0 0.224 1 TOUCH_UP e
1403056284697 6 4098 268.0 863.951 0.3 5.0 5.0 5.0 5.0 0.0 0.22800002 0 TOUCH_DOWN r
1403056284708 6 4098 268.0 863.951 0.3 5.0 5.0 5.0 5.0 0.0 0.23600002 2 TOUCH_MOVE r
1403056284743 6 4098 267.08215 863.03314 0.33333334 5.0 5.0 5.0 5.0 0.0 0.24400002 2 TOUCH_MOVE r
1403056284757 6 4098 265.90292 862.3539 0.3 5.0 5.0 5.0 5.0 0.0 0.22000001 2 TOUCH_MOVE r
1403056284773 6 4098 265.5 861.951 0.13333334 2.0 2.0 2.0 2.0 0.0 0.120000005 2 TOUCH_MOVE r
1403056284777 6 4098 265.5 861.951 0.13333334 2.0 2.0 2.0 2.0 0.0 0.120000005 1 TOUCH_UP r
1403056284957 6 4098 509.0 977.951 0.26666668 5.0 5.0 5.0 5.0 0.0 0.19600001 0 TOUCH_DOWN j
1403056284987 6 4098 508.6079 977.951 0.26666668 5.0 5.0 5.0 5.0 0.0 0.20400001 2 TOUCH_MOVE j
1403056284992 6 4098 507.74075 978.7102 0.26666668 5.0 5.0 5.0 5.0 0.0 0.21200001 2 TOUCH_MOVE j
1403056285008 6 4098 506.77435 978.951 0.26666668 5.0 5.0 5.0 5.0 0.0 0.21200001 2 TOUCH_MOVE j
1403056285026 6 4098 506.5 978.951 0.26666668 5.0 5.0 5.0 5.0 0.0 0.208 2 TOUCH_MOVE j
1403056285033 6 4098 506.5 978.951 0.20000002 4.0 4.0 4.0 4.0 0.0 0.18400002 2 TOUCH_MOVE j
1403056285036 6 4098 506.5 978.951 0.20000002 4.0 4.0 4.0 4.0 0.0 0.18400002 1 TOUCH_UP j
1403056285228 6 4098 464.5 868.451 0.26666668 4.0 4.0 4.0 4.0 0.0 0.20400001 0 TOUCH_DOWN u
1403056285245 6 4098 464.5 868.451 0.26666668 4.0 4.0 4.0 4.0 0.0 0.208 2 TOUCH_MOVE u
1403056285297 6 4098 464.5 868.451 0.26666668 4.0 4.0 4.0 4.0 0.0 0.208 1 TOUCH_UP u
1403056285728 6 4098 559.5 1102.9509 0.3 5.0 5.0 5.0 5.0 0.0 0.2 0 TOUCH_DOWN m
1403056285789 6 4098 560.0 1098.9509 0.20000002 4.0 4.0 4.0 4.0 0.0 0.18400002 2 TOUCH_MOVE m
1403056285793 6 4098 560.0 1098.9509 0.20000002 4.0 4.0 4.0 4.0 0.0 0.18400002 1 TOUCH_UP m
1403056285994 6 4098 676.0 830.451 0.3 5.0 5.0 5.0 5.0 0.0 0.2 0 TOUCH_DOWN p
1403056286011 6 4098 676.0 830.451 0.3 5.0 5.0 5.0 5.0 0.0 0.208 2 TOUCH_MOVE p
1403056286056 6 4098 676.0 830.951 0.26666668 4.0 4.0 4.0 4.0 0.0 0.18800001 2 TOUCH_MOVE p
1403056286060 6 4098 676.0 830.951 0.26666668 4.0 4.0 4.0 4.0 0.0 0.18800001 1 TOUCH_UP p
1403056286114 6 4098 65.0 963.951 0.16666667 3.0 3.0 3.0 3.0 0.0 0.2 0 TOUCH_DOWN a
1403056286125 6 4098 65.0 963.951 0.20000002 3.0 3.0 3.0 3.0 0.0 0.20400001 2 TOUCH_MOVE a
1403056286163 6 4098 65.58546 965.03644 0.26666668 4.0 4.0 4.0 4.0 0.0 0.216 2 TOUCH_MOVE a
1403056286176 6 4098 66.5389 965.98987 0.26666668 4.0 4.0 4.0 4.0 0.0 0.21200001 2 TOUCH_MOVE a
1403056286193 6 4098 67.25 965.951 0.20000002 3.0 3.0 3.0 3.0 0.0 0.20400001 2 TOUCH_MOVE a
1403056286206 6 4098 67.25 965.951 0.20000002 3.0 3.0 3.0 3.0 0.0 0.20400001 1 TOUCH_UP a
1403056286296 6 4098 323.0 1176.4509 0.33333334 5.0 5.0 5.0 5.0 0.0 0.22800002 0 TOUCH_DOWN Space
1403056286309 6 4098 323.0 1176.4509 0.33333334 5.0 5.0 5.0 5.0 0.0 0.23600002 2 TOUCH_MOVE Space
1403056286342 6 4098 323.0 1176.9905 0.33333334 5.0 5.0 5.0 5.0 0.0 0.24000001 2 TOUCH_MOVE Space
1403056286359 6 4098 322.38174 1178.0692 0.26666668 4.0 4.0 4.0 4.0 0.0 0.224 2 TOUCH_MOVE Space
1403056286376 6 4098 322.5 1178.4509 0.20000002 3.0 3.0 3.0 3.0 0.0 0.1 2 TOUCH_MOVE Space
1403056286379 6 4098 322.5 1178.4509 0.20000002 3.0 3.0 3.0 3.0 0.0 0.1 1 TOUCH_UP Space
1403056286419 6 4098 227.5 983.951 0.26666668 4.0 4.0 4.0 4.0 0.0 0.224 0 TOUCH_DOWN d
1403056286454 6 4098 227.5 983.951 0.26666668 4.0 4.0 4.0 4.0 0.0 0.22800002 2 TOUCH_MOVE d
1403056286495 6 4098 227.5 983.451 0.26666668 4.0 4.0 4.0 4.0 0.0 0.216 2 TOUCH_MOVE d
1403056286499 6 4098 227.5 983.451 0.23333335 5.0 5.0 5.0 5.0 0.0 0.18800001 2 TOUCH_MOVE d
1403056286502 6 4098 227.5 983.451 0.23333335 5.0 5.0 5.0 5.0 0.0 0.18800001 1 TOUCH_UP d
1403056286640 6 4098 177.5 836.451 0.26666668 4.0 4.0 4.0 4.0 0.0 0.22800002 0 TOUCH_DOWN e
1403056286660 6 4098 177.5 836.451 0.33333334 5.0 5.0 5.0 5.0 0.0 0.23200001 2 TOUCH_MOVE e
1403056286693 6 4098 177.5 836.951 0.33333334 5.0 5.0 5.0 5.0 0.0 0.24000001 2 TOUCH_MOVE e
1403056286708 6 4098 177.5 836.951 0.3 5.0 5.0 5.0 5.0 0.0 0.18400002 2 TOUCH_MOVE e
1403056286717 6 4098 177.5 836.951 0.3 5.0 5.0 5.0 5.0 0.0 0.18400002 1 TOUCH_UP e
1403056286761 6 4098 482.5 1081.4509 0.20000002 4.0 4.0 4.0 4.0 0.0 0.2 0 TOUCH_DOWN n
1403056286782 6 4098 482.16977 1081.4509 0.20000002 4.0 4.0 4.0 4.0 0.0 0.208 2 TOUCH_MOVE n
1403056286793 6 4098 481.37473 1081.4509 0.26666668 5.0 5.0 5.0 5.0 0.0 0.216 2 TOUCH_MOVE n
1403056286810 6 4098 480.42764 1080.3785 0.23333335 4.0 4.0 4.0 4.0 0.0 0.208 2 TOUCH_MOVE n
1403056286821 6 4098 479.5 1077.9509 0.23333335 4.0 4.0 4.0 4.0 0.0 0.192 2 TOUCH_MOVE n
1403056286825 6 4098 479.5 1077.9509 0.23333335 4.0 4.0 4.0 4.0 0.0 0.192 1 TOUCH_UP n
1403056286984 6 4098 363.5 973.951 0.26666668 5.0 5.0 5.0 5.0 0.0 0.22000001 0 TOUCH_DOWN g
1403056286996 6 4098 363.5 973.951 0.3 5.0 5.0 5.0 5.0 0.0 0.224 2 TOUCH_MOVE g
1403056287026 6 4098 363.0 975.201 0.3 5.0 5.0 5.0 5.0 0.0 0.224 2 TOUCH_MOVE g
1403056287040 6 4098 363.0 975.201 0.3 5.0 5.0 5.0 5.0 0.0 0.224 1 TOUCH_UP g
1403056287120 6 4098 56.5 932.451 0.23333335 4.0 4.0 4.0 4.0 0.0 0.2 0 TOUCH_DOWN a
1403056287143 6 4098 56.5 932.451 0.23333335 4.0 4.0 4.0 4.0 0.0 0.20400001 2 TOUCH_MOVE a
1403056287184 6 4098 56.5 932.451 0.23333335 4.0 4.0 4.0 4.0 0.0 0.18 2 TOUCH_MOVE a
1403056287187 6 4098 56.5 932.451 0.23333335 4.0 4.0 4.0 4.0 0.0 0.18 1 TOUCH_UP a
1403056287224 6 4098 473.5 1074.9509 0.23333335 4.0 4.0 4.0 4.0 0.0 0.208 0 TOUCH_DOWN n
1403056287254 6 4098 473.5 1075.5414 0.23333335 4.0 4.0 4.0 4.0 0.0 0.21200001 2 TOUCH_MOVE n
1403056287262 6 4098 473.5 1076.4698 0.23333335 4.0 4.0 4.0 4.0 0.0 0.216 2 TOUCH_MOVE n
1403056287277 6 4098 473.5 1078.9944 0.20000002 4.0 4.0 4.0 4.0 0.0 0.208 2 TOUCH_MOVE n
1403056287288 6 4098 474.5 1079.9509 0.16666667 3.0 3.0 3.0 3.0 0.0 0.18800001 2 TOUCH_MOVE n
1403056287291 6 4098 474.5 1079.9509 0.16666667 3.0 3.0 3.0 3.0 0.0 0.18800001 1 TOUCH_UP n
1403056287470 6 4098 317.5 1198.9509 0.20000002 4.0 4.0 4.0 4.0 0.0 0.21200001 0 TOUCH_DOWN Space
1403056287517 6 4098 317.5 1198.9509 0.20000002 4.0 4.0 4.0 4.0 0.0 0.21200001 1 TOUCH_UP Space
1403056287565 6 4098 55.5 966.451 0.16666667 3.0 3.0 3.0 3.0 0.0 0.2 0 TOUCH_DOWN a
1403056287577 6 4098 55.5 966.451 0.20000002 3.0 3.0 3.0 3.0 0.0 0.208 2 TOUCH_MOVE a
1403056287612 6 4098 55.5 967.71277 0.23333335 4.0 4.0 4.0 4.0 0.0 0.21200001 2 TOUCH_MOVE a
1403056287627 6 4098 55.5 968.66376 0.20000002 3.0 3.0 3.0 3.0 0.0 0.208 2 TOUCH_MOVE a
1403056287644 6 4098 55.5 969.201 0.20000002 3.0 3.0 3.0 3.0 0.0 0.2 2 TOUCH_MOVE a
1403056287654 6 4098 55.5 969.201 0.20000002 3.0 3.0 3.0 3.0 0.0 0.2 1 TOUCH_UP a
1403056287714 6 4098 472.5 1091.9509 0.23333335 4.0 4.0 4.0 4.0 0.0 0.2 0 TOUCH_DOWN n
1403056287727 6 4098 472.5 1091.9509 0.23333335 4.0 4.0 4.0 4.0 0.0 0.208 2 TOUCH_MOVE n
1403056287744 6 4098 472.05807 1092.8928 0.26666668 4.0 4.0 4.0 4.0 0.0 0.216 2 TOUCH_MOVE n
1403056287771 6 4098 471.09332 1093.8575 0.26666668 4.0 4.0 4.0 4.0 0.0 0.216 2 TOUCH_MOVE n
1403056287774 6 4098 470.5 1094.4509 0.20000002 4.0 4.0 4.0 4.0 0.0 0.18400002 2 TOUCH_MOVE n
1403056287778 6 4098 470.5 1094.4509 0.20000002 4.0 4.0 4.0 4.0 0.0 0.18400002 1 TOUCH_UP n
1403056287894 6 4098 212.5 993.951 0.33333334 5.0 5.0 5.0 5.0 0.0 0.224 0 TOUCH_DOWN d
1403056287977 6 4098 212.5 993.951 0.3 5.0 5.0 5.0 5.0 0.0 0.21200001 2 TOUCH_MOVE d
1403056287982 6 4098 212.5 993.951 0.26666668 5.0 5.0 5.0 5.0 0.0 0.18400002 2 TOUCH_MOVE d
1403056287987 6 4098 212.5 993.951 0.26666668 5.0 5.0 5.0 5.0 0.0 0.18400002 1 TOUCH_UP d
1403056288134 6 4098 45.0 978.951 0.20000002 3.0 3.0 3.0 3.0 0.0 0.192 0 TOUCH_DOWN a
1403056288145 6 4098 45.0 978.951 0.20000002 3.0 3.0 3.0 3.0 0.0 0.2 2 TOUCH_MOVE a
1403056288195 6 4098 44.5 978.951 0.20000002 3.0 3.0 3.0 3.0 0.0 0.192 2 TOUCH_MOVE a
1403056288199 6 4098 44.5 978.951 0.13333334 2.0 2.0 2.0 2.0 0.0 0.164 2 TOUCH_MOVE a
1403056288202 6 4098 44.5 978.951 0.13333334 2.0 2.0 2.0 2.0 0.0 0.164 1 TOUCH_UP a
1403056288356 6 4098 653.5 1208.9509 0.23333335 4.0 4.0 4.0 4.0 0.0 0.192 0 TOUCH_DOWN Enter
1403056288391 6 4098 653.93896 1210.7678 0.23333335 4.0 4.0 4.0 4.0 0.0 0.192 2 TOUCH_MOVE Enter
1403056288396 6 4098 654.95135 1214.7565 0.23333335 4.0 4.0 4.0 4.0 0.0 0.192 2 TOUCH_MOVE Enter
1403056288410 6 4098 655.5 1215.9509 0.23333335 4.0 4.0 4.0 4.0 0.0 0.18800001 2 TOUCH_MOVE Enter
1403056288416 6 4098 655.5 1215.9509 0.23333335 4.0 4.0 4.0 4.0 0.0 0.18800001 1 TOUCH_UP Enter
1403056290339 6 4098 357.5 984.951 0.26666668 4.0 4.0 4.0 4.0 0.0 0.22800002 0 TOUCH_DOWN G
1403056290346 6 4098 357.5 984.951 0.33333334 5.0 5.0 5.0 5.0 0.0 0.23200001 2 TOUCH_MOVE G
1403056290383 6 4098 356.60355 984.5545 0.33333334 5.0 5.0 5.0 5.0 0.0 0.24000001 2 TOUCH_MOVE G
1403056290396 6 4098 355.6428 983.951 0.33333334 5.0 5.0 5.0 5.0 0.0 0.23600002 2 TOUCH_MOVE G
1403056290411 6 4098 355.0 983.451 0.26666668 4.0 4.0 4.0 4.0 0.0 0.18400002 2 TOUCH_MOVE G
1403056290414 6 4098 355.0 983.451 0.26666668 4.0 4.0 4.0 4.0 0.0 0.18400002 1 TOUCH_UP G
1403056290566 6 4098 595.5 831.451 0.3 5.0 5.0 5.0 5.0 0.0 0.20400001 0 TOUCH_DOWN o
1403056290586 6 4098 595.5 831.451 0.3 5.0 5.0 5.0 5.0 0.0 0.21200001 2 TOUCH_MOVE o
1403056290616 6 4098 594.25 830.951 0.33333334 5.0 5.0 5.0 5.0 0.0 0.22000001 2 TOUCH_MOVE o
1403056290636 6 4098 594.5 830.951 0.26666668 4.0 4.0 4.0 4.0 0.0 0.17600001 2 TOUCH_MOVE o
1403056290639 6 4098 594.5 830.951 0.26666668 4.0 4.0 4.0 4.0 0.0 0.17600001 1 TOUCH_UP o
1403056290727 6 4098 596.5 838.951 0.26666668 4.0 4.0 4.0 4.0 0.0 0.216 0 TOUCH_DOWN o
1403056290746 6 4098 596.5 838.951 0.26666668 4.0 4.0 4.0 4.0 0.0 0.22000001 2 TOUCH_MOVE o
1403056290809 6 4098 596.5 838.951 0.20000002 4.0 4.0 4.0 4.0 0.0 0.18 2 TOUCH_MOVE o
1403056290812 6 4098 596.5 838.951 0.20000002 4.0 4.0 4.0 4.0 0.0 0.18 1 TOUCH_UP o
1403056290887 6 4098 213.5 966.951 0.3 5.0 5.0 5.0 5.0 0.0 0.22000001 0 TOUCH_DOWN d
1403056290969 6 4098 213.5 966.951 0.16666667 3.0 3.0 3.0 3.0 0.0 0.1 2 TOUCH_MOVE d
1403056290973 6 4098 213.5 966.951 0.16666667 3.0 3.0 3.0 3.0 0.0 0.1 1 TOUCH_UP d
1403056291040 6 4098 335.0 1177.4509 0.33333334 5.0 5.0 5.0 5.0 0.0 0.22000001 0 TOUCH_DOWN Space
1403056291064 6 4098 335.0 1177.4509 0.33333334 5.0 5.0 5.0 5.0 0.0 0.224 2 TOUCH_MOVE Space
1403056291127 6 4098 335.0 1177.4509 0.33333334 5.0 5.0 5.0 5.0 0.0 0.224 1 TOUCH_UP Space
1403056291218 6 4098 207.0 962.951 0.26666668 4.0 4.0 4.0 4.0 0.0 0.224 0 TOUCH_DOWN d
1403056291230 6 4098 207.0 962.951 0.3 5.0 5.0 5.0 5.0 0.0 0.22800002 2 TOUCH_MOVE d
1403056291280 6 4098 207.0 963.451 0.23333335 4.0 4.0 4.0 4.0 0.0 0.20400001 2 TOUCH_MOVE d
1403056291287 6 4098 207.0 963.451 0.13333334 2.0 2.0 2.0 2.0 0.0 0.14 2 TOUCH_MOVE d
1403056291290 6 4098 207.0 963.451 0.13333334 2.0 2.0 2.0 2.0 0.0 0.14 1 TOUCH_UP d
1403056291460 6 4098 44.0 968.451 0.16666667 3.0 3.0 3.0 3.0 0.0 0.18800001 0 TOUCH_DOWN a
1403056291483 6 4098 44.0 968.451 0.16666667 3.0 3.0 3.0 3.0 0.0 0.19600001 2 TOUCH_MOVE a
1403056291514 6 4098 44.0 969.0668 0.16666667 3.0 3.0 3.0 3.0 0.0 0.19600001 2 TOUCH_MOVE a
1403056291530 6 4098 43.5 968.951 0.16666667 3.0 3.0 3.0 3.0 0.0 0.18 2 TOUCH_MOVE a
1403056291534 6 4098 43.5 968.951 0.16666667 3.0 3.0 3.0 3.0 0.0 0.18 1 TOUCH_UP a
1403056291625 6 4098 402.5 827.951 0.3 5.0 5.0 5.0 5.0 0.0 0.22000001 0 TOUCH_DOWN y
1403056291632 6 4098 402.5 827.951 0.33333334 5.0 5.0 5.0 5.0 0.0 0.22800002 2 TOUCH_MOVE y
1403056291681 6 4098 402.5 828.9057 0.33333334 5.0 5.0 5.0 5.0 0.0 0.23600002 2 TOUCH_MOVE y
1403056291694 6 4098 402.5 828.951 0.26666668 4.0 4.0 4.0 4.0 0.0 0.18800001 2 TOUCH_MOVE y
1403056291697 6 4098 402.5 828.951 0.26666668 4.0 4.0 4.0 4.0 0.0 0.18800001 1 TOUCH_UP y
1403056291867 6 4098 325.5 1183.9509 0.3 5.0 5.0 5.0 5.0 0.0 0.216 0 TOUCH_DOWN Space
1403056291881 6 4098 325.5 1183.9509 0.3 5.0 5.0 5.0 5.0 0.0 0.224 2 TOUCH_MOVE Space
1403056291932 6 4098 327.00998 1182.7776 0.3 5.0 5.0 5.0 5.0 0.0 0.224 2 TOUCH_MOVE Space
1403056291945 6 4098 327.5 1182.4509 0.26666668 4.0 4.0 4.0 4.0 0.0 0.192 2 TOUCH_MOVE Space
1403056291949 6 4098 327.5 1182.4509 0.26666668 4.0 4.0 4.0 4.0 0.0 0.192 1 TOUCH_UP Space
1403056292067 6 4098 284.5 987.951 0.26666668 4.0 4.0 4.0 4.0 0.0 0.22000001 0 TOUCH_DOWN f
1403056292087 6 4098 284.5 987.951 0.26666668 4.0 4.0 4.0 4.0 0.0 0.224 2 TOUCH_MOVE f
1403056292118 6 4098 280.8459 987.0375 0.33333334 5.0 5.0 5.0 5.0 0.0 0.22800002 2 TOUCH_MOVE f
1403056292132 6 4098 274.82922 986.06946 0.3 5.0 5.0 5.0 5.0 0.0 0.224 2 TOUCH_MOVE f
1403056292148 6 4098 265.8752 985.951 0.26666668 4.0 4.0 4.0 4.0 0.0 0.20400001 2 TOUCH_MOVE f
1403056292154 6 4098 264.0 985.951 0.23333335 4.0 4.0 4.0 4.0 0.0 0.18 2 TOUCH_MOVE f
1403056292157 6 4098 264.0 985.951 0.23333335 4.0 4.0 4.0 4.0 0.0 0.18 1 TOUCH_UP f
1403056292285 6 4098 617.0 856.451 0.23333335 5.0 5.0 5.0 5.0 0.0 0.19600001 0 TOUCH_DOWN o
1403056292303 6 4098 617.0 856.451 0.23333335 5.0 5.0 5.0 5.0 0.0 0.20400001 2 TOUCH_MOVE o
1403056292367 6 4098 617.0 856.451 0.23333335 5.0 5.0 5.0 5.0 0.0 0.20400001 1 TOUCH_UP o
1403056292484 6 4098 228.5 828.451 0.3 5.0 5.0 5.0 5.0 0.0 0.22800002 0 TOUCH_DOWN r
1403056292498 6 4098 228.5 828.451 0.33333334 5.0 5.0 5.0 5.0 0.0 0.23200001 2 TOUCH_MOVE r
1403056292566 6 4098 228.5 828.451 0.3 5.0 5.0 5.0 5.0 0.0 0.20400001 2 TOUCH_MOVE r
1403056292577 6 4098 228.5 828.451 0.3 5.0 5.0 5.0 5.0 0.0 0.20400001 1 TOUCH_UP r
1403056292662 6 4098 325.5 1190.4509 0.3 5.0 5.0 5.0 5.0 0.0 0.216 0 TOUCH_DOWN Space
1403056292682 6 4098 325.5 1190.4509 0.3 5.0 5.0 5.0 5.0 0.0 0.224 2 TOUCH_MOVE Space
1403056292744 6 4098 325.5 1190.4509 0.26666668 5.0 5.0 5.0 5.0 0.0 0.16000001 2 TOUCH_MOVE Space
1403056292748 6 4098 325.5 1190.4509 0.26666668 5.0 5.0 5.0 5.0 0.0 0.16000001 1 TOUCH_UP Space
1403056292927 6 4098 383.5 858.951 0.3 5.0 5.0 5.0 5.0 0.0 0.22000001 0 TOUCH_DOWN y
1403056292947 6 4098 383.5 858.951 0.3 5.0 5.0 5.0 5.0 0.0 0.22800002 2 TOUCH_MOVE y
1403056292982 6 4098 381.6538 857.5279 0.3 5.0 5.0 5.0 5.0 0.0 0.23200001 2 TOUCH_MOVE y
1403056292995 6 4098 381.5 857.451 0.23333335 4.0 4.0 4.0 4.0 0.0 0.19600001 2 TOUCH_MOVE y
1403056292999 6 4098 381.5 857.451 0.23333335 4.0 4.0 4.0 4.0 0.0 0.19600001 1 TOUCH_UP y
1403056293072 6 4098 607.5 828.951 0.3 5.0 5.0 5.0 5.0 0.0 0.2 0 TOUCH_DOWN o
1403056293082 6 4098 607.5 828.951 0.3 5.0 5.0 5.0 5.0 0.0 0.208 2 TOUCH_MOVE o
1403056293100 6 4098 606.33746 828.951 0.3 5.0 5.0 5.0 5.0 0.0 0.21200001 2 TOUCH_MOVE o
1403056293115 6 4098 603.6484 828.3338 0.3 5.0 5.0 5.0 5.0 0.0 0.208 2 TOUCH_MOVE o
1403056293132 6 4098 600.74457 828.451 0.3 5.0 5.0 5.0 5.0 0.0 0.18800001 2 TOUCH_MOVE o
1403056293136 6 4098 600.74457 828.451 0.3 5.0 5.0 5.0 5.0 0.0 0.18800001 1 TOUCH_UP o
1403056293297 6 4098 480.0 841.451 0.26666668 4.0 4.0 4.0 4.0 0.0 0.208 0 TOUCH_DOWN u
1403056293316 6 4098 480.0 841.451 0.26666668 4.0 4.0 4.0 4.0 0.0 0.21200001 2 TOUCH_MOVE u
1403056293332 6 4098 479.37555 842.57544 0.23333335 4.0 4.0 4.0 4.0 0.0 0.20400001 2 TOUCH_MOVE u
1403056293342 6 4098 479.5 842.451 0.16666667 3.0 3.0 3.0 3.0 0.0 0.18 2 TOUCH_MOVE u
1403056293346 6 4098 479.5 842.451 0.16666667 3.0 3.0 3.0 3.0 0.0 0.18 1 TOUCH_UP u
