1403835448268 6 4098 341.5 834.451 0.26666668 4.0 4.0 4.0 4.0 0.0 0.18800001 0 TOUCH_DOWN T
1403835448275 6 4098 341.5 834.451 0.26666668 4.0 4.0 4.0 4.0 0.0 0.192 2 TOUCH_MOVE T
1403835448372 6 4098 341.0 834.451 0.33333334 5.0 5.0 5.0 5.0 0.0 0.164 2 TOUCH_MOVE T
1403835448378 6 4098 341.0 834.451 0.33333334 5.0 5.0 5.0 5.0 0.0 0.164 1 TOUCH_UP T
1403835448617 6 4098 610.0 873.951 0.3 5.0 5.0 5.0 5.0 0.0 0.208 0 TOUCH_DOWN o
1403835448625 6 4098 610.0 873.951 0.3 5.0 5.0 5.0 5.0 0.0 0.21200001 2 TOUCH_MOVE o
1403835448676 6 4098 608.7955 873.951 0.3 5.0 5.0 5.0 5.0 0.0 0.21200001 2 TOUCH_MOVE o
1403835448725 6 4098 608.7955 873.951 0.3 5.0 5.0 5.0 5.0 0.0 0.21200001 1 TOUCH_UP o
1403835448901 6 4098 541.5 870.951 0.26666668 4.0 4.0 4.0 4.0 0.0 0.208 0 TOUCH_DOWN i
1403835448909 6 4098 541.5 870.951 0.26666668 4.0 4.0 4.0 4.0 0.0 0.21200001 2 TOUCH_MOVE i
1403835448959 6 4098 543.0 871.94006 0.26666668 4.0 4.0 4.0 4.0 0.0 0.22000001 2 TOUCH_MOVE i
1403835448978 6 4098 543.48804 872.451 0.26666668 4.0 4.0 4.0 4.0 0.0 0.216 2 TOUCH_MOVE i
1403835448992 6 4098 544.0 872.951 0.26666668 4.0 4.0 4.0 4.0 0.0 0.2 2 TOUCH_MOVE i
1403835448997 6 4098 544.0 872.951 0.26666668 4.0 4.0 4.0 4.0 0.0 0.17600001 2 TOUCH_MOVE i
1403835449006 6 4098 544.0 872.951 0.26666668 4.0 4.0 4.0 4.0 0.0 0.17600001 1 TOUCH_UP i
1403835449496 6 4098 259.0 1225.9509 0.23333335 4.0 4.0 4.0 4.0 0.0 0.18400002 0 TOUCH_DOWN Space
1403835449510 6 4098 259.0 1225.9509 0.23333335 4.0 4.0 4.0 4.0 0.0 0.18800001 2 TOUCH_MOVE Space
1403835449529 6 4098 259.81567 1225.7931 0.26666668 5.0 5.0 5.0 5.0 0.0 0.19600001 2 TOUCH_MOVE Space
1403835449543 6 4098 261.75592 1224.823 0.26666668 5.0 5.0 5.0 5.0 0.0 0.2 2 TOUCH_MOVE Space
1403835449562 6 4098 264.09232 1223.9509 0.26666668 5.0 5.0 5.0 5.0 0.0 0.2 2 TOUCH_MOVE Space
1403835449576 6 4098 265.0496 1223.9509 0.26666668 5.0 5.0 5.0 5.0 0.0 0.2 2 TOUCH_MOVE Space
1403835449593 6 4098 265.75 1223.9509 0.26666668 5.0 5.0 5.0 5.0 0.0 0.20400001 2 TOUCH_MOVE Space
1403835449657 6 4098 265.5 1224.4509 0.26666668 5.0 5.0 5.0 5.0 0.0 0.18800001 2 TOUCH_MOVE Space
1403835449661 6 4098 265.5 1224.4509 0.26666668 5.0 5.0 5.0 5.0 0.0 0.18800001 1 TOUCH_UP Space
1403835449996 6 4098 395.0 858.451 0.20000002 4.0 4.0 4.0 4.0 0.0 0.19600001 0 TOUCH_DOWN y
1403835450020 6 4098 395.0 858.451 0.20000002 4.0 4.0 4.0 4.0 0.0 0.2 2 TOUCH_MOVE y
1403835450077 6 4098 395.0 859.8031 0.23333335 4.0 4.0 4.0 4.0 0.0 0.208 2 TOUCH_MOVE y
1403835450093 6 4098 395.0 860.75574 0.26666668 5.0 5.0 5.0 5.0 0.0 0.2 2 TOUCH_MOVE y
1403835450108 6 4098 394.5 860.951 0.23333335 5.0 5.0 5.0 5.0 0.0 0.18 2 TOUCH_MOVE y
1403835450113 6 4098 394.5 860.951 0.23333335 5.0 5.0 5.0 5.0 0.0 0.18 1 TOUCH_UP y
1403835450450 6 4098 187.5 860.951 0.13333334 2.0 2.0 2.0 2.0 0.0 0.18 0 TOUCH_DOWN e
1403835450460 6 4098 187.93803 860.951 0.13333334 2.0 2.0 2.0 2.0 0.0 0.18400002 2 TOUCH_MOVE e
1403835450477 6 4098 190.58725 860.5542 0.16666667 3.0 3.0 3.0 3.0 0.0 0.192 2 TOUCH_MOVE e
1403835450502 6 4098 193.9309 859.59326 0.16666667 3.0 3.0 3.0 3.0 0.0 0.192 2 TOUCH_MOVE e
1403835450510 6 4098 196.63536 858.6333 0.20000002 4.0 4.0 4.0 4.0 0.0 0.19600001 2 TOUCH_MOVE e
1403835450528 6 4098 198.55463 858.17365 0.20000002 4.0 4.0 4.0 4.0 0.0 0.19600001 2 TOUCH_MOVE e
1403835450544 6 4098 199.72989 857.951 0.20000002 4.0 4.0 4.0 4.0 0.0 0.2 2 TOUCH_MOVE e
1403835450560 6 4098 200.25 857.951 0.20000002 4.0 4.0 4.0 4.0 0.0 0.19600001 2 TOUCH_MOVE e
1403835450610 6 4098 197.16545 857.951 0.13333334 2.0 2.0 2.0 2.0 0.0 0.17600001 2 TOUCH_MOVE e
1403835450621 6 4098 197.5 857.951 0.13333334 2.0 2.0 2.0 2.0 0.0 0.112 2 TOUCH_MOVE e
1403835450624 6 4098 197.5 857.951 0.13333334 2.0 2.0 2.0 2.0 0.0 0.112 1 TOUCH_UP e
1403835450770 6 4098 474.5 869.951 0.26666668 4.0 4.0 4.0 4.0 0.0 0.20400001 0 TOUCH_DOWN u
1403835450785 6 4098 474.5 869.951 0.26666668 4.0 4.0 4.0 4.0 0.0 0.208 2 TOUCH_MOVE u
1403835450811 6 4098 474.5 870.4761 0.26666668 4.0 4.0 4.0 4.0 0.0 0.21200001 2 TOUCH_MOVE u
1403835450828 6 4098 474.5 870.98193 0.26666668 4.0 4.0 4.0 4.0 0.0 0.21200001 2 TOUCH_MOVE u
1403835450844 6 4098 474.5 871.4617 0.26666668 4.0 4.0 4.0 4.0 0.0 0.21200001 2 TOUCH_MOVE u
1403835450877 6 4098 475.0 872.701 0.23333335 4.0 4.0 4.0 4.0 0.0 0.192 2 TOUCH_MOVE u
1403835450884 6 4098 475.0 872.701 0.23333335 4.0 4.0 4.0 4.0 0.0 0.192 1 TOUCH_UP u
1403835451342 6 4098 248.5 1225.4509 0.16666667 3.0 3.0 3.0 3.0 0.0 0.18400002 0 TOUCH_DOWN Space
1403835451364 6 4098 248.89352 1225.4509 0.20000002 3.0 3.0 3.0 3.0 0.0 0.18800001 2 TOUCH_MOVE Space
1403835451378 6 4098 249.9936 1225.4509 0.23333335 4.0 4.0 4.0 4.0 0.0 0.19600001 2 TOUCH_MOVE Space
1403835451396 6 4098 251.91383 1224.744 0.23333335 4.0 4.0 4.0 4.0 0.0 0.19600001 2 TOUCH_MOVE Space
1403835451413 6 4098 253.16582 1224.4509 0.23333335 4.0 4.0 4.0 4.0 0.0 0.19600001 2 TOUCH_MOVE Space
1403835451428 6 4098 254.1275 1223.9509 0.23333335 4.0 4.0 4.0 4.0 0.0 0.19600001 2 TOUCH_MOVE Space
1403835451444 6 4098 254.54416 1223.9509 0.23333335 4.0 4.0 4.0 4.0 0.0 0.19600001 2 TOUCH_MOVE Space
1403835451461 6 4098 255.5437 1221.2761 0.23333335 4.0 4.0 4.0 4.0 0.0 0.18400002 2 TOUCH_MOVE Space
1403835451467 6 4098 255.5437 1221.2761 0.23333335 4.0 4.0 4.0 4.0 0.0 0.18400002 1 TOUCH_UP Space
1403835451868 6 4098 323.5 873.451 0.3 5.0 5.0 5.0 5.0 0.0 0.192 0 TOUCH_DOWN t
1403835451979 6 4098 323.5 873.451 0.23333335 4.0 4.0 4.0 4.0 0.0 0.18400002 2 TOUCH_MOVE t
1403835451985 6 4098 323.5 873.451 0.23333335 4.0 4.0 4.0 4.0 0.0 0.156 2 TOUCH_MOVE t
1403835451988 6 4098 323.5 873.451 0.23333335 4.0 4.0 4.0 4.0 0.0 0.156 1 TOUCH_UP t
1403835452148 6 4098 236.5 828.451 0.26666668 5.0 5.0 5.0 5.0 0.0 0.18 0 TOUCH_DOWN r
1403835452195 6 4098 236.78993 828.7409 0.23333335 5.0 5.0 5.0 5.0 0.0 0.19600001 2 TOUCH_MOVE r
1403835452212 6 4098 237.75209 829.70306 0.26666668 5.0 5.0 5.0 5.0 0.0 0.2 2 TOUCH_MOVE r
1403835452229 6 4098 238.70908 830.66003 0.26666668 5.0 5.0 5.0 5.0 0.0 0.20400001 2 TOUCH_MOVE r
1403835452245 6 4098 239.0 831.62683 0.26666668 5.0 5.0 5.0 5.0 0.0 0.20400001 2 TOUCH_MOVE r
1403835452264 6 4098 239.0 832.201 0.26666668 5.0 5.0 5.0 5.0 0.0 0.20400001 2 TOUCH_MOVE r
1403835452281 6 4098 239.0 832.53876 0.23333335 4.0 4.0 4.0 4.0 0.0 0.19600001 2 TOUCH_MOVE r
1403835452295 6 4098 238.4623 833.4887 0.26666668 4.0 4.0 4.0 4.0 0.0 0.18800001 2 TOUCH_MOVE r
1403835452306 6 4098 237.5 834.451 0.26666668 4.0 4.0 4.0 4.0 0.0 0.18 2 TOUCH_MOVE r
1403835452310 6 4098 237.5 834.451 0.26666668 4.0 4.0 4.0 4.0 0.0 0.18 1 TOUCH_UP r
1403835452638 6 4098 486.5 859.451 0.20000002 4.0 4.0 4.0 4.0 0.0 0.19600001 0 TOUCH_DOWN u
1403835452755 6 4098 486.5 859.451 0.20000002 4.0 4.0 4.0 4.0 0.0 0.19600001 1 TOUCH_UP u
1403835453263 6 4098 404.0 869.951 0.26666668 4.0 4.0 4.0 4.0 0.0 0.2 0 TOUCH_DOWN y
1403835453268 6 4098 404.0 869.951 0.26666668 4.0 4.0 4.0 4.0 0.0 0.20400001 2 TOUCH_MOVE y
1403835453304 6 4098 402.8464 869.7974 0.26666668 4.0 4.0 4.0 4.0 0.0 0.208 2 TOUCH_MOVE y
1403835453313 6 4098 401.89014 869.451 0.26666668 4.0 4.0 4.0 4.0 0.0 0.208 2 TOUCH_MOVE y
1403835453373 6 4098 401.89014 869.451 0.26666668 4.0 4.0 4.0 4.0 0.0 0.208 1 TOUCH_UP y
1403835453655 6 4098 184.0 823.951 0.23333335 5.0 5.0 5.0 5.0 0.0 0.18800001 0 TOUCH_DOWN e
1403835453713 6 4098 184.0 823.951 0.23333335 5.0 5.0 5.0 5.0 0.0 0.19600001 2 TOUCH_MOVE e
1403835453747 6 4098 183.41287 825.62524 0.26666668 5.0 5.0 5.0 5.0 0.0 0.19600001 2 TOUCH_MOVE e
1403835453763 6 4098 181.36227 828.08875 0.26666668 4.0 4.0 4.0 4.0 0.0 0.18800001 2 TOUCH_MOVE e
1403835453780 6 4098 179.0 829.951 0.20000002 3.0 3.0 3.0 3.0 0.0 0.1 2 TOUCH_MOVE e
1403835453785 6 4098 179.0 829.951 0.20000002 3.0 3.0 3.0 3.0 0.0 0.1 1 TOUCH_UP e
1403835454150 6 4098 503.5 1129.4509 0.3 5.0 5.0 5.0 5.0 0.0 0.2 0 TOUCH_DOWN n
1403835454164 6 4098 503.5 1129.4509 0.26666668 5.0 5.0 5.0 5.0 0.0 0.2 2 TOUCH_MOVE n
1403835454197 6 4098 504.47748 1129.9285 0.3 5.0 5.0 5.0 5.0 0.0 0.21200001 2 TOUCH_MOVE n
1403835454216 6 4098 504.95517 1130.9061 0.3 5.0 5.0 5.0 5.0 0.0 0.216 2 TOUCH_MOVE n
1403835454231 6 4098 505.0 1131.8881 0.3 5.0 5.0 5.0 5.0 0.0 0.216 2 TOUCH_MOVE n
1403835454247 6 4098 505.88165 1132.8326 0.26666668 5.0 5.0 5.0 5.0 0.0 0.21200001 2 TOUCH_MOVE n
1403835454261 6 4098 506.0 1132.9509 0.20000002 4.0 4.0 4.0 4.0 0.0 0.18 2 TOUCH_MOVE n
1403835454265 6 4098 506.0 1132.9509 0.20000002 4.0 4.0 4.0 4.0 0.0 0.18 1 TOUCH_UP n
1403835454627 6 4098 249.0 1253.9509 0.10000001 2.0 2.0 2.0 2.0 0.0 0.17600001 0 TOUCH_DOWN Space
1403835454651 6 4098 250.23213 1251.8081 0.16666667 4.0 4.0 4.0 4.0 0.0 0.18400002 2 TOUCH_MOVE Space
1403835454664 6 4098 253.21466 1247.3314 0.16666667 4.0 4.0 4.0 4.0 0.0 0.18800001 2 TOUCH_MOVE Space
1403835454681 6 4098 254.86345 1243.3606 0.20000002 4.0 4.0 4.0 4.0 0.0 0.192 2 TOUCH_MOVE Space
1403835454699 6 4098 255.0 1240.8759 0.20000002 4.0 4.0 4.0 4.0 0.0 0.192 2 TOUCH_MOVE Space
1403835454714 6 4098 255.0 1239.679 0.20000002 4.0 4.0 4.0 4.0 0.0 0.192 2 TOUCH_MOVE Space
1403835454731 6 4098 255.0 1239.0809 0.20000002 4.0 4.0 4.0 4.0 0.0 0.192 2 TOUCH_MOVE Space
1403835454748 6 4098 254.11336 1238.0643 0.20000002 4.0 4.0 4.0 4.0 0.0 0.18800001 2 TOUCH_MOVE Space
1403835454760 6 4098 253.5 1237.4509 0.16666667 3.0 3.0 3.0 3.0 0.0 0.17600001 2 TOUCH_MOVE Space
1403835454763 6 4098 253.5 1237.4509 0.16666667 3.0 3.0 3.0 3.0 0.0 0.17600001 1 TOUCH_UP Space
1403835455030 6 4098 283.5 1102.4509 0.26666668 4.0 4.0 4.0 4.0 0.0 0.19600001 0 TOUCH_DOWN c
1403835455065 6 4098 283.5 1102.4509 0.26666668 4.0 4.0 4.0 4.0 0.0 0.20400001 2 TOUCH_MOVE c
1403835455081 6 4098 283.5 1103.1624 0.26666668 4.0 4.0 4.0 4.0 0.0 0.208 2 TOUCH_MOVE c
1403835455103 6 4098 283.5 1103.8162 0.26666668 4.0 4.0 4.0 4.0 0.0 0.208 2 TOUCH_MOVE c
1403835455116 6 4098 283.5 1104.2009 0.26666668 4.0 4.0 4.0 4.0 0.0 0.208 2 TOUCH_MOVE c
1403835455147 6 4098 283.0 1104.9509 0.33333334 5.0 5.0 5.0 5.0 0.0 0.18 2 TOUCH_MOVE c
1403835455160 6 4098 283.0 1104.9509 0.33333334 5.0 5.0 5.0 5.0 0.0 0.18 1 TOUCH_UP c
1403835455305 6 4098 607.0 845.451 0.3 5.0 5.0 5.0 5.0 0.0 0.20400001 0 TOUCH_DOWN o
1403835455315 6 4098 607.0 845.451 0.3 5.0 5.0 5.0 5.0 0.0 0.208 2 TOUCH_MOVE o
1403835455332 6 4098 606.2187 845.451 0.26666668 4.0 4.0 4.0 4.0 0.0 0.216 2 TOUCH_MOVE o
1403835455348 6 4098 604.466 845.71796 0.26666668 4.0 4.0 4.0 4.0 0.0 0.22000001 2 TOUCH_MOVE o
1403835455366 6 4098 602.5506 846.6757 0.26666668 4.0 4.0 4.0 4.0 0.0 0.22000001 2 TOUCH_MOVE o
1403835455385 6 4098 600.6554 848.4679 0.26666668 4.0 4.0 4.0 4.0 0.0 0.216 2 TOUCH_MOVE o
1403835455398 6 4098 598.6972 851.40515 0.23333335 4.0 4.0 4.0 4.0 0.0 0.208 2 TOUCH_MOVE o
1403835455415 6 4098 598.5 852.451 0.16666667 3.0 3.0 3.0 3.0 0.0 0.1 2 TOUCH_MOVE o
1403835455419 6 4098 598.5 852.451 0.16666667 3.0 3.0 3.0 3.0 0.0 0.1 1 TOUCH_UP o
1403835455592 6 4098 241.0 1223.4509 0.16666667 3.0 3.0 3.0 3.0 0.0 0.18800001 0 TOUCH_DOWN Space
1403835455598 6 4098 241.0 1223.4509 0.16666667 3.0 3.0 3.0 3.0 0.0 0.192 2 TOUCH_MOVE Space
1403835455633 6 4098 244.7789 1222.3579 0.23333335 4.0 4.0 4.0 4.0 0.0 0.2 2 TOUCH_MOVE Space
1403835455650 6 4098 247.6593 1221.3978 0.23333335 4.0 4.0 4.0 4.0 0.0 0.20400001 2 TOUCH_MOVE Space
1403835455667 6 4098 250.0216 1220.4402 0.23333335 4.0 4.0 4.0 4.0 0.0 0.20400001 2 TOUCH_MOVE Space
1403835455684 6 4098 250.97546 1219.9509 0.23333335 4.0 4.0 4.0 4.0 0.0 0.20400001 2 TOUCH_MOVE Space
1403835455698 6 4098 251.25 1219.9509 0.23333335 4.0 4.0 4.0 4.0 0.0 0.20400001 2 TOUCH_MOVE Space
1403835455715 6 4098 251.0 1219.0883 0.23333335 4.0 4.0 4.0 4.0 0.0 0.2 2 TOUCH_MOVE Space
1403835455732 6 4098 250.15984 1218.1107 0.20000002 3.0 3.0 3.0 3.0 0.0 0.192 2 TOUCH_MOVE Space
1403835455738 6 4098 250.0 1217.9509 0.16666667 3.0 3.0 3.0 3.0 0.0 0.18 2 TOUCH_MOVE Space
1403835455741 6 4098 250.0 1217.9509 0.16666667 3.0 3.0 3.0 3.0 0.0 0.18 1 TOUCH_UP Space
1403835456147 6 4098 500.5 1135.9509 0.23333335 5.0 5.0 5.0 5.0 0.0 0.192 0 TOUCH_DOWN n
1403835456167 6 4098 500.5 1135.9509 0.23333335 5.0 5.0 5.0 5.0 0.0 0.19600001 2 TOUCH_MOVE n
1403835456232 6 4098 500.5 1135.4337 0.26666668 5.0 5.0 5.0 5.0 0.0 0.2 2 TOUCH_MOVE n
1403835456252 6 4098 500.5 1134.8887 0.26666668 5.0 5.0 5.0 5.0 0.0 0.192 2 TOUCH_MOVE n
1403835456273 6 4098 500.5 1133.4509 0.26666668 5.0 5.0 5.0 5.0 0.0 0.17600001 2 TOUCH_MOVE n
1403835456286 6 4098 500.5 1133.4509 0.26666668 5.0 5.0 5.0 5.0 0.0 0.17600001 1 TOUCH_UP n
1403835456565 6 4098 472.5 855.951 0.23333335 4.0 4.0 4.0 4.0 0.0 0.21200001 0 TOUCH_DOWN u
1403835456666 6 4098 474.02832 854.9321 0.23333335 4.0 4.0 4.0 4.0 0.0 0.2 2 TOUCH_MOVE u
1403835456676 6 4098 480.5 853.451 0.23333335 5.0 5.0 5.0 5.0 0.0 0.18 2 TOUCH_MOVE u
1403835456679 6 4098 480.5 853.451 0.23333335 5.0 5.0 5.0 5.0 0.0 0.18 1 TOUCH_UP u
1403835456868 6 4098 619.0 841.451 0.26666668 4.0 4.0 4.0 4.0 0.0 0.2 0 TOUCH_DOWN o
1403835456883 6 4098 619.0 841.451 0.3 5.0 5.0 5.0 5.0 0.0 0.20400001 2 TOUCH_MOVE o
1403835456900 6 4098 619.0 841.9661 0.3 5.0 5.0 5.0 5.0 0.0 0.21200001 2 TOUCH_MOVE o
1403835456916 6 4098 618.493 842.958 0.3 5.0 5.0 5.0 5.0 0.0 0.21200001 2 TOUCH_MOVE o
1403835456933 6 4098 617.5121 843.9389 0.3 5.0 5.0 5.0 5.0 0.0 0.21200001 2 TOUCH_MOVE o
1403835456950 6 4098 617.5 844.90027 0.3 5.0 5.0 5.0 5.0 0.0 0.21200001 2 TOUCH_MOVE o
1403835456966 6 4098 617.5 845.201 0.26666668 5.0 5.0 5.0 5.0 0.0 0.21200001 2 TOUCH_MOVE o
1403835456992 6 4098 617.5 845.201 0.26666668 5.0 5.0 5.0 5.0 0.0 0.21200001 1 TOUCH_UP o
1403835457518 6 4098 268.0 1101.4509 0.3 5.0 5.0 5.0 5.0 0.0 0.19600001 0 TOUCH_DOWN c
1403835457522 6 4098 268.0 1101.4509 0.3 5.0 5.0 5.0 5.0 0.0 0.2 2 TOUCH_MOVE c
1403835457584 6 4098 268.0 1102.3864 0.3 5.0 5.0 5.0 5.0 0.0 0.20400001 2 TOUCH_MOVE c
1403835457601 6 4098 266.76086 1103.6901 0.3 5.0 5.0 5.0 5.0 0.0 0.19600001 2 TOUCH_MOVE c
1403835457606 6 4098 266.5 1103.9509 0.26666668 5.0 5.0 5.0 5.0 0.0 0.17600001 2 TOUCH_MOVE c
1403835457610 6 4098 266.5 1103.9509 0.26666668 5.0 5.0 5.0 5.0 0.0 0.17600001 1 TOUCH_UP c
1403835457823 6 4098 241.0 1233.4509 0.16666667 3.0 3.0 3.0 3.0 0.0 0.18400002 0 TOUCH_DOWN Space
1403835457834 6 4098 241.0 1233.4509 0.16666667 3.0 3.0 3.0 3.0 0.0 0.18800001 2 TOUCH_MOVE Space
1403835457868 6 4098 245.39749 1229.7778 0.23333335 4.0 4.0 4.0 4.0 0.0 0.2 2 TOUCH_MOVE Space
1403835457884 6 4098 249.16122 1227.5101 0.23333335 4.0 4.0 4.0 4.0 0.0 0.20400001 2 TOUCH_MOVE Space
1403835457903 6 4098 251.36206 1225.7699 0.23333335 4.0 4.0 4.0 4.0 0.0 0.2 2 TOUCH_MOVE Space
1403835457917 6 4098 252.6407 1224.8102 0.23333335 4.0 4.0 4.0 4.0 0.0 0.2 2 TOUCH_MOVE Space
1403835457934 6 4098 253.61777 1223.2155 0.23333335 4.0 4.0 4.0 4.0 0.0 0.2 2 TOUCH_MOVE Space
1403835457951 6 4098 254.5635 1218.57 0.23333335 4.0 4.0 4.0 4.0 0.0 0.19600001 2 TOUCH_MOVE Space
1403835457967 6 4098 255.0 1211.879 0.13333334 2.0 2.0 2.0 2.0 0.0 0.124000005 2 TOUCH_MOVE Space
1403835457972 6 4098 255.0 1211.879 0.13333334 2.0 2.0 2.0 2.0 0.0 0.124000005 1 TOUCH_UP Space
1403835458262 6 4098 306.0 847.451 0.23333335 4.0 4.0 4.0 4.0 0.0 0.19600001 0 TOUCH_DOWN t
1403835458268 6 4098 306.0 847.451 0.23333335 4.0 4.0 4.0 4.0 0.0 0.2 2 TOUCH_MOVE t
1403835458285 6 4098 307.00568 846.6981 0.23333335 4.0 4.0 4.0 4.0 0.0 0.2 2 TOUCH_MOVE t
1403835458307 6 4098 309.34186 845.78 0.23333335 4.0 4.0 4.0 4.0 0.0 0.20400001 2 TOUCH_MOVE t
1403835458318 6 4098 310.75 844.701 0.23333335 4.0 4.0 4.0 4.0 0.0 0.20400001 2 TOUCH_MOVE t
1403835458334 6 4098 311.25 844.951 0.23333335 4.0 4.0 4.0 4.0 0.0 0.20400001 2 TOUCH_MOVE t
1403835458368 6 4098 309.9796 844.4408 0.20000002 3.0 3.0 3.0 3.0 0.0 0.18800001 2 TOUCH_MOVE t
1403835458378 6 4098 308.0 843.451 0.16666667 3.0 3.0 3.0 3.0 0.0 0.17600001 2 TOUCH_MOVE t
1403835458385 6 4098 308.0 843.451 0.16666667 3.0 3.0 3.0 3.0 0.0 0.17600001 1 TOUCH_UP t
1403835458519 6 4098 613.0 861.951 0.26666668 5.0 5.0 5.0 5.0 0.0 0.19600001 0 TOUCH_DOWN o
1403835458536 6 4098 613.0 861.951 0.26666668 5.0 5.0 5.0 5.0 0.0 0.2 2 TOUCH_MOVE o
1403835458551 6 4098 613.0 862.4839 0.3 5.0 5.0 5.0 5.0 0.0 0.21200001 2 TOUCH_MOVE o
1403835458568 6 4098 611.9039 863.5471 0.3 5.0 5.0 5.0 5.0 0.0 0.21200001 2 TOUCH_MOVE o
1403835458597 6 4098 610.95215 864.49884 0.3 5.0 5.0 5.0 5.0 0.0 0.21200001 2 TOUCH_MOVE o
1403835458606 6 4098 610.25 865.201 0.3 5.0 5.0 5.0 5.0 0.0 0.21200001 2 TOUCH_MOVE o
1403835458625 6 4098 609.8457 864.951 0.26666668 5.0 5.0 5.0 5.0 0.0 0.21200001 2 TOUCH_MOVE o
1403835458648 6 4098 610.0 864.951 0.20000002 4.0 4.0 4.0 4.0 0.0 0.156 2 TOUCH_MOVE o
1403835458651 6 4098 610.0 864.951 0.20000002 4.0 4.0 4.0 4.0 0.0 0.156 1 TOUCH_UP o
1403835458832 6 4098 552.5 864.451 0.26666668 5.0 5.0 5.0 5.0 0.0 0.20400001 0 TOUCH_DOWN i
1403835458903 6 4098 552.5 864.7314 0.3 5.0 5.0 5.0 5.0 0.0 0.216 2 TOUCH_MOVE i
1403835458918 6 4098 552.5 865.70306 0.3 5.0 5.0 5.0 5.0 0.0 0.21200001 2 TOUCH_MOVE i
1403835458936 6 4098 553.0 866.6318 0.3 5.0 5.0 5.0 5.0 0.0 0.192 2 TOUCH_MOVE i
1403835458943 6 4098 553.0 866.951 0.20000002 3.0 3.0 3.0 3.0 0.0 0.104 2 TOUCH_MOVE i
1403835458949 6 4098 553.0 866.951 0.20000002 3.0 3.0 3.0 3.0 0.0 0.104 1 TOUCH_UP i
1403835459547 6 4098 663.0 1223.9509 0.26666668 5.0 5.0 5.0 5.0 0.0 0.19600001 0 TOUCH_DOWN Enter
1403835459554 6 4098 663.0 1223.9509 0.26666668 5.0 5.0 5.0 5.0 0.0 0.20400001 2 TOUCH_MOVE Enter
1403835459571 6 4098 662.8135 1224.4509 0.26666668 5.0 5.0 5.0 5.0 0.0 0.21200001 2 TOUCH_MOVE Enter
1403835459585 6 4098 662.25 1224.4509 0.26666668 5.0 5.0 5.0 5.0 0.0 0.21200001 2 TOUCH_MOVE Enter
1403835459603 6 4098 662.5 1225.1854 0.26666668 5.0 5.0 5.0 5.0 0.0 0.216 2 TOUCH_MOVE Enter
1403835459655 6 4098 663.0 1224.9509 0.26666668 5.0 5.0 5.0 5.0 0.0 0.19600001 2 TOUCH_MOVE Enter
1403835459659 6 4098 663.0 1224.9509 0.26666668 5.0 5.0 5.0 5.0 0.0 0.19600001 1 TOUCH_UP Enter
1403835460158 6 4098 354.5 1123.4509 0.20000002 4.0 4.0 4.0 4.0 0.0 0.192 0 TOUCH_DOWN V
1403835460182 6 4098 355.52878 1123.1865 0.26666668 4.0 4.0 4.0 4.0 0.0 0.20400001 2 TOUCH_MOVE V
1403835460192 6 4098 358.39243 1122.0048 0.26666668 4.0 4.0 4.0 4.0 0.0 0.20400001 2 TOUCH_MOVE V
1403835460203 6 4098 361.54834 1120.0853 0.3 5.0 5.0 5.0 5.0 0.0 0.20400001 2 TOUCH_MOVE V
1403835460219 6 4098 363.81046 1118.7957 0.3 5.0 5.0 5.0 5.0 0.0 0.20400001 2 TOUCH_MOVE V
1403835460237 6 4098 364.0 1117.8433 0.26666668 4.0 4.0 4.0 4.0 0.0 0.20400001 2 TOUCH_MOVE V
1403835460269 6 4098 360.91333 1118.4727 0.20000002 4.0 4.0 4.0 4.0 0.0 0.192 2 TOUCH_MOVE V
1403835460281 6 4098 358.5 1119.4509 0.20000002 4.0 4.0 4.0 4.0 0.0 0.18 2 TOUCH_MOVE V
1403835460285 6 4098 358.5 1119.4509 0.20000002 4.0 4.0 4.0 4.0 0.0 0.18 1 TOUCH_UP V
1403835460489 6 4098 489.0 860.451 0.23333335 4.0 4.0 4.0 4.0 0.0 0.208 0 TOUCH_DOWN u
1403835460503 6 4098 489.0 860.451 0.23333335 4.0 4.0 4.0 4.0 0.0 0.21200001 2 TOUCH_MOVE u
1403835460538 6 4098 487.11237 858.56335 0.26666668 4.0 4.0 4.0 4.0 0.0 0.22000001 2 TOUCH_MOVE u
1403835460553 6 4098 486.25 857.701 0.26666668 4.0 4.0 4.0 4.0 0.0 0.22000001 2 TOUCH_MOVE u
1403835460570 6 4098 485.25 857.451 0.26666668 4.0 4.0 4.0 4.0 0.0 0.216 2 TOUCH_MOVE u
1403835460608 6 4098 486.39865 857.451 0.20000002 4.0 4.0 4.0 4.0 0.0 0.2 2 TOUCH_MOVE u
1403835460611 6 4098 487.0 857.451 0.23333335 5.0 5.0 5.0 5.0 0.0 0.18400002 2 TOUCH_MOVE u
1403835460614 6 4098 487.0 857.451 0.23333335 5.0 5.0 5.0 5.0 0.0 0.18400002 1 TOUCH_UP u
1403835460738 6 4098 47.5 971.951 0.16666667 3.0 3.0 3.0 3.0 0.0 0.148 0 TOUCH_DOWN a
1403835460787 6 4098 47.79465 971.951 0.16666667 3.0 3.0 3.0 3.0 0.0 0.18400002 2 TOUCH_MOVE a
1403835460804 6 4098 49.49338 971.951 0.16666667 3.0 3.0 3.0 3.0 0.0 0.18400002 2 TOUCH_MOVE a
1403835460821 6 4098 50.701298 971.951 0.16666667 3.0 3.0 3.0 3.0 0.0 0.18800001 2 TOUCH_MOVE a
1403835460837 6 4098 52.36501 971.951 0.16666667 3.0 3.0 3.0 3.0 0.0 0.18800001 2 TOUCH_MOVE a
1403835460854 6 4098 53.137127 971.951 0.16666667 3.0 3.0 3.0 3.0 0.0 0.18800001 2 TOUCH_MOVE a
1403835460870 6 4098 54.074215 971.951 0.16666667 3.0 3.0 3.0 3.0 0.0 0.18800001 2 TOUCH_MOVE a
1403835460904 6 4098 54.0 972.4555 0.16666667 3.0 3.0 3.0 3.0 0.0 0.18 2 TOUCH_MOVE a
1403835460924 6 4098 54.0 973.451 0.16666667 3.0 3.0 3.0 3.0 0.0 0.104 2 TOUCH_MOVE a
1403835460927 6 4098 54.0 973.451 0.16666667 3.0 3.0 3.0 3.0 0.0 0.104 1 TOUCH_UP a
1403835461248 6 4098 256.0 1220.9509 0.20000002 3.0 3.0 3.0 3.0 0.0 0.18400002 0 TOUCH_DOWN Space
1403835461255 6 4098 256.0 1220.9509 0.23333335 4.0 4.0 4.0 4.0 0.0 0.18800001 2 TOUCH_MOVE Space
1403835461300 6 4098 257.4505 1220.9509 0.23333335 4.0 4.0 4.0 4.0 0.0 0.19600001 2 TOUCH_MOVE Space
1403835461307 6 4098 258.5489 1220.9509 0.23333335 4.0 4.0 4.0 4.0 0.0 0.2 2 TOUCH_MOVE Space
1403835461320 6 4098 259.52142 1220.9509 0.26666668 5.0 5.0 5.0 5.0 0.0 0.2 2 TOUCH_MOVE Space
1403835461337 6 4098 260.47055 1220.9509 0.26666668 5.0 5.0 5.0 5.0 0.0 0.2 2 TOUCH_MOVE Space
1403835461358 6 4098 261.29413 1220.9509 0.26666668 5.0 5.0 5.0 5.0 0.0 0.20400001 2 TOUCH_MOVE Space
1403835461371 6 4098 262.25 1220.9509 0.23333335 4.0 4.0 4.0 4.0 0.0 0.2 2 TOUCH_MOVE Space
1403835461412 6 4098 262.25 1220.9509 0.23333335 4.0 4.0 4.0 4.0 0.0 0.2 1 TOUCH_UP Space
1403835461493 6 4098 507.0 1120.4509 0.3 5.0 5.0 5.0 5.0 0.0 0.2 0 TOUCH_DOWN n
1403835461605 6 4098 506.47476 1120.4509 0.3 5.0 5.0 5.0 5.0 0.0 0.208 2 TOUCH_MOVE n
1403835461619 6 4098 505.5 1119.9509 0.33333334 5.0 5.0 5.0 5.0 0.0 0.18800001 2 TOUCH_MOVE n
1403835461622 6 4098 505.5 1119.9509 0.33333334 5.0 5.0 5.0 5.0 0.0 0.18800001 1 TOUCH_UP n
1403835461820 6 4098 442.0 989.451 0.3 5.0 5.0 5.0 5.0 0.0 0.208 0 TOUCH_DOWN h
1403835461891 6 4098 442.16226 990.2755 0.33333334 5.0 5.0 5.0 5.0 0.0 0.216 2 TOUCH_MOVE h
1403835461904 6 4098 443.1209 992.8138 0.33333334 5.0 5.0 5.0 5.0 0.0 0.20400001 2 TOUCH_MOVE h
1403835461914 6 4098 443.0 993.451 0.33333334 5.0 5.0 5.0 5.0 0.0 0.18800001 2 TOUCH_MOVE h
1403835461917 6 4098 443.0 993.451 0.33333334 5.0 5.0 5.0 5.0 0.0 0.18800001 1 TOUCH_UP h
1403835462100 6 4098 66.0 973.451 0.16666667 3.0 3.0 3.0 3.0 0.0 0.16000001 0 TOUCH_DOWN a
1403835462258 6 4098 66.0 973.451 0.16666667 3.0 3.0 3.0 3.0 0.0 0.120000005 2 TOUCH_MOVE a
1403835462262 6 4098 66.0 973.451 0.16666667 3.0 3.0 3.0 3.0 0.0 0.120000005 1 TOUCH_UP a
1403835462741 6 4098 512.5 1139.9509 0.20000002 4.0 4.0 4.0 4.0 0.0 0.2 0 TOUCH_DOWN n
1403835462772 6 4098 511.44528 1139.9509 0.20000002 4.0 4.0 4.0 4.0 0.0 0.208 2 TOUCH_MOVE n
1403835462789 6 4098 510.5014 1139.9509 0.20000002 4.0 4.0 4.0 4.0 0.0 0.208 2 TOUCH_MOVE n
1403835462805 6 4098 509.75 1139.9509 0.20000002 4.0 4.0 4.0 4.0 0.0 0.208 2 TOUCH_MOVE n
1403835462838 6 4098 509.05267 1139.9509 0.20000002 4.0 4.0 4.0 4.0 0.0 0.208 2 TOUCH_MOVE n
1403835462858 6 4098 508.1723 1139.9509 0.23333335 5.0 5.0 5.0 5.0 0.0 0.19600001 2 TOUCH_MOVE n
1403835462861 6 4098 508.0 1139.9509 0.23333335 5.0 5.0 5.0 5.0 0.0 0.17600001 2 TOUCH_MOVE n
1403835462864 6 4098 508.0 1139.9509 0.23333335 5.0 5.0 5.0 5.0 0.0 0.17600001 1 TOUCH_UP n
1403835463123 6 4098 256.0 1224.9509 0.23333335 4.0 4.0 4.0 4.0 0.0 0.18800001 0 TOUCH_DOWN Space
1403835463144 6 4098 256.33667 1224.9509 0.23333335 4.0 4.0 4.0 4.0 0.0 0.192 2 TOUCH_MOVE Space
1403835463159 6 4098 257.23294 1224.9509 0.23333335 4.0 4.0 4.0 4.0 0.0 0.2 2 TOUCH_MOVE Space
1403835463172 6 4098 259.21362 1224.9509 0.23333335 4.0 4.0 4.0 4.0 0.0 0.20400001 2 TOUCH_MOVE Space
1403835463189 6 4098 260.05862 1224.9509 0.26666668 5.0 5.0 5.0 5.0 0.0 0.20400001 2 TOUCH_MOVE Space
1403835463207 6 4098 261.03168 1224.9509 0.23333335 4.0 4.0 4.0 4.0 0.0 0.20400001 2 TOUCH_MOVE Space
1403835463222 6 4098 261.75 1224.9509 0.23333335 4.0 4.0 4.0 4.0 0.0 0.20400001 2 TOUCH_MOVE Space
1403835463260 6 4098 261.5 1224.9509 0.20000002 3.0 3.0 3.0 3.0 0.0 0.18 2 TOUCH_MOVE Space
1403835463264 6 4098 261.5 1224.9509 0.20000002 3.0 3.0 3.0 3.0 0.0 0.18 1 TOUCH_UP Space
1403835463531 6 4098 448.5 992.951 0.33333334 5.0 5.0 5.0 5.0 0.0 0.20400001 0 TOUCH_DOWN h
1403835463541 6 4098 448.5 992.951 0.33333334 5.0 5.0 5.0 5.0 0.0 0.208 2 TOUCH_MOVE h
1403835463651 6 4098 448.5 993.451 0.33333334 5.0 5.0 5.0 5.0 0.0 0.19600001 2 TOUCH_MOVE h
1403835463655 6 4098 448.5 993.451 0.33333334 5.0 5.0 5.0 5.0 0.0 0.19600001 1 TOUCH_UP h
1403835463791 6 4098 34.5 979.451 0.13333334 3.0 3.0 3.0 3.0 0.0 0.136 0 TOUCH_DOWN a
1403835463807 6 4098 34.5 979.451 0.20000002 3.0 3.0 3.0 3.0 0.0 0.18 2 TOUCH_MOVE a
1403835463823 6 4098 36.653126 980.502 0.20000002 3.0 3.0 3.0 3.0 0.0 0.18 2 TOUCH_MOVE a
1403835463841 6 4098 39.47044 980.451 0.20000002 3.0 3.0 3.0 3.0 0.0 0.18400002 2 TOUCH_MOVE a
1403835463856 6 4098 41.437244 981.4196 0.20000002 3.0 3.0 3.0 3.0 0.0 0.18400002 2 TOUCH_MOVE a
1403835463873 6 4098 42.417995 982.787 0.23333335 4.0 4.0 4.0 4.0 0.0 0.18400002 2 TOUCH_MOVE a
1403835463890 6 4098 43.389397 983.8404 0.23333335 4.0 4.0 4.0 4.0 0.0 0.18400002 2 TOUCH_MOVE a
1403835463906 6 4098 44.0 984.7813 0.23333335 4.0 4.0 4.0 4.0 0.0 0.18400002 2 TOUCH_MOVE a
1403835463928 6 4098 44.0 985.72046 0.23333335 4.0 4.0 4.0 4.0 0.0 0.18400002 2 TOUCH_MOVE a
1403835463940 6 4098 42.967216 986.7174 0.23333335 4.0 4.0 4.0 4.0 0.0 0.18 2 TOUCH_MOVE a
1403835463959 6 4098 42.5 986.951 0.20000002 3.0 3.0 3.0 3.0 0.0 0.148 2 TOUCH_MOVE a
1403835463964 6 4098 42.5 986.951 0.20000002 3.0 3.0 3.0 3.0 0.0 0.148 1 TOUCH_UP a
1403835464130 6 4098 476.5 872.451 0.23333335 4.0 4.0 4.0 4.0 0.0 0.20400001 0 TOUCH_DOWN u
1403835464226 6 4098 476.5 872.451 0.23333335 4.0 4.0 4.0 4.0 0.0 0.172 2 TOUCH_MOVE u
1403835464229 6 4098 476.5 872.451 0.23333335 4.0 4.0 4.0 4.0 0.0 0.172 1 TOUCH_UP u
1403835464985 6 4098 239.5 1231.9509 0.20000002 3.0 3.0 3.0 3.0 0.0 0.18400002 0 TOUCH_DOWN Space
1403835465009 6 4098 239.5 1231.9509 0.16666667 3.0 3.0 3.0 3.0 0.0 0.18800001 2 TOUCH_MOVE Space
1403835465024 6 4098 240.05782 1231.3931 0.16666667 3.0 3.0 3.0 3.0 0.0 0.19600001 2 TOUCH_MOVE Space
1403835465041 6 4098 241.12314 1230.3278 0.16666667 3.0 3.0 3.0 3.0 0.0 0.19600001 2 TOUCH_MOVE Space
1403835465057 6 4098 242.09233 1229.3586 0.16666667 3.0 3.0 3.0 3.0 0.0 0.2 2 TOUCH_MOVE Space
1403835465131 6 4098 241.5 1227.9509 0.20000002 3.0 3.0 3.0 3.0 0.0 0.14 2 TOUCH_MOVE Space
1403835465135 6 4098 241.5 1227.9509 0.20000002 3.0 3.0 3.0 3.0 0.0 0.14 1 TOUCH_UP Space
1403835465292 6 4098 664.0 990.451 0.3 5.0 5.0 5.0 5.0 0.0 0.192 0 TOUCH_DOWN l
1403835465312 6 4098 664.0 990.69763 0.3 5.0 5.0 5.0 5.0 0.0 0.19600001 2 TOUCH_MOVE l
1403835465324 6 4098 663.54865 991.40234 0.3 5.0 5.0 5.0 5.0 0.0 0.20400001 2 TOUCH_MOVE l
1403835465341 6 4098 661.2474 993.2861 0.3 5.0 5.0 5.0 5.0 0.0 0.208 2 TOUCH_MOVE l
1403835465358 6 4098 659.6251 994.82587 0.3 5.0 5.0 5.0 5.0 0.0 0.21200001 2 TOUCH_MOVE l
1403835465374 6 4098 658.6845 995.7665 0.3 5.0 5.0 5.0 5.0 0.0 0.216 2 TOUCH_MOVE l
1403835465394 6 4098 658.5 996.7388 0.3 5.0 5.0 5.0 5.0 0.0 0.21200001 2 TOUCH_MOVE l
1403835465416 6 4098 658.5 998.451 0.3 5.0 5.0 5.0 5.0 0.0 0.18400002 2 TOUCH_MOVE l
1403835465421 6 4098 658.5 998.451 0.3 5.0 5.0 5.0 5.0 0.0 0.18400002 1 TOUCH_UP l
1403835465614 6 4098 52.0 978.451 0.16666667 3.0 3.0 3.0 3.0 0.0 0.17600001 0 TOUCH_DOWN a
1403835465625 6 4098 52.367126 978.451 0.20000002 3.0 3.0 3.0 3.0 0.0 0.18400002 2 TOUCH_MOVE a
1403835465641 6 4098 53.815266 978.451 0.20000002 3.0 3.0 3.0 3.0 0.0 0.18800001 2 TOUCH_MOVE a
1403835465659 6 4098 55.80247 978.451 0.20000002 3.0 3.0 3.0 3.0 0.0 0.192 2 TOUCH_MOVE a
1403835465677 6 4098 57.123116 978.451 0.20000002 3.0 3.0 3.0 3.0 0.0 0.192 2 TOUCH_MOVE a
1403835465691 6 4098 57.75 978.451 0.20000002 3.0 3.0 3.0 3.0 0.0 0.192 2 TOUCH_MOVE a
1403835465741 6 4098 57.0 978.451 0.16666667 3.0 3.0 3.0 3.0 0.0 0.18 2 TOUCH_MOVE a
1403835465745 6 4098 57.0 978.451 0.16666667 3.0 3.0 3.0 3.0 0.0 0.15200001 2 TOUCH_MOVE a
1403835465749 6 4098 57.0 978.451 0.16666667 3.0 3.0 3.0 3.0 0.0 0.15200001 1 TOUCH_UP a
1403835465972 6 4098 517.0 879.451 0.3 5.0 5.0 5.0 5.0 0.0 0.208 0 TOUCH_DOWN i
1403835466042 6 4098 517.74585 879.451 0.3 5.0 5.0 5.0 5.0 0.0 0.216 2 TOUCH_MOVE i
1403835466059 6 4098 518.0 879.451 0.26666668 5.0 5.0 5.0 5.0 0.0 0.2 2 TOUCH_MOVE i
1403835466066 6 4098 518.0 879.451 0.23333335 5.0 5.0 5.0 5.0 0.0 0.16000001 2 TOUCH_MOVE i
1403835466070 6 4098 518.0 879.451 0.23333335 5.0 5.0 5.0 5.0 0.0 0.16000001 1 TOUCH_UP i
1403835466392 6 4098 221.5 1236.9509 0.20000002 5.0 5.0 5.0 5.0 0.0 0.18400002 0 TOUCH_DOWN Space
1403835466425 6 4098 221.5 1235.8197 0.23333335 4.0 4.0 4.0 4.0 0.0 0.19600001 2 TOUCH_MOVE Space
1403835466442 6 4098 221.5 1233.3713 0.23333335 4.0 4.0 4.0 4.0 0.0 0.2 2 TOUCH_MOVE Space
1403835466460 6 4098 221.5 1232.2068 0.23333335 4.0 4.0 4.0 4.0 0.0 0.2 2 TOUCH_MOVE Space
1403835466475 6 4098 221.5 1231.2418 0.23333335 4.0 4.0 4.0 4.0 0.0 0.2 2 TOUCH_MOVE Space
1403835466492 6 4098 221.5 1230.7009 0.23333335 4.0 4.0 4.0 4.0 0.0 0.2 2 TOUCH_MOVE Space
1403835466543 6 4098 221.5 1230.4448 0.23333335 4.0 4.0 4.0 4.0 0.0 0.18800001 2 TOUCH_MOVE Space
1403835466556 6 4098 222.0 1229.9509 0.23333335 4.0 4.0 4.0 4.0 0.0 0.18 2 TOUCH_MOVE Space
1403835466561 6 4098 222.0 1229.9509 0.23333335 4.0 4.0 4.0 4.0 0.0 0.18 1 TOUCH_UP Space
1403835466819 6 4098 351.0 1114.4509 0.26666668 5.0 5.0 5.0 5.0 0.0 0.19600001 0 TOUCH_DOWN v
1403835466828 6 4098 351.0 1114.4509 0.23333335 5.0 5.0 5.0 5.0 0.0 0.19600001 2 TOUCH_MOVE v
1403835466859 6 4098 351.0 1113.6636 0.26666668 5.0 5.0 5.0 5.0 0.0 0.208 2 TOUCH_MOVE v
1403835466876 6 4098 351.0 1112.7009 0.26666668 5.0 5.0 5.0 5.0 0.0 0.20400001 2 TOUCH_MOVE v
1403835466910 6 4098 350.5 1112.4509 0.3 5.0 5.0 5.0 5.0 0.0 0.18400002 2 TOUCH_MOVE v
1403835466913 6 4098 350.5 1112.4509 0.3 5.0 5.0 5.0 5.0 0.0 0.18400002 1 TOUCH_UP v
1403835467092 6 4098 481.5 856.951 0.20000002 4.0 4.0 4.0 4.0 0.0 0.20400001 0 TOUCH_DOWN u
1403835467128 6 4098 480.88153 856.3325 0.26666668 4.0 4.0 4.0 4.0 0.0 0.224 2 TOUCH_MOVE u
1403835467145 6 4098 480.25 855.701 0.26666668 4.0 4.0 4.0 4.0 0.0 0.224 2 TOUCH_MOVE u
1403835467176 6 4098 478.96985 855.951 0.23333335 4.0 4.0 4.0 4.0 0.0 0.208 2 TOUCH_MOVE u
1403835467199 6 4098 478.96985 855.951 0.23333335 4.0 4.0 4.0 4.0 0.0 0.208 1 TOUCH_UP u
1403835467399 6 4098 51.5 972.451 0.16666667 3.0 3.0 3.0 3.0 0.0 0.17600001 0 TOUCH_DOWN a
1403835467422 6 4098 51.5 972.451 0.16666667 3.0 3.0 3.0 3.0 0.0 0.18 2 TOUCH_MOVE a
1403835467451 6 4098 54.841415 972.451 0.16666667 3.0 3.0 3.0 3.0 0.0 0.18800001 2 TOUCH_MOVE a
1403835467459 6 4098 56.71537 972.451 0.16666667 3.0 3.0 3.0 3.0 0.0 0.18800001 2 TOUCH_MOVE a
1403835467476 6 4098 58.297962 972.451 0.16666667 3.0 3.0 3.0 3.0 0.0 0.192 2 TOUCH_MOVE a
1403835467493 6 4098 59.27123 972.451 0.16666667 3.0 3.0 3.0 3.0 0.0 0.192 2 TOUCH_MOVE a
1403835467510 6 4098 60.028492 972.951 0.16666667 3.0 3.0 3.0 3.0 0.0 0.18800001 2 TOUCH_MOVE a
1403835467527 6 4098 60.75 972.951 0.16666667 3.0 3.0 3.0 3.0 0.0 0.18800001 2 TOUCH_MOVE a
1403835467543 6 4098 60.5 974.78107 0.20000002 3.0 3.0 3.0 3.0 0.0 0.17600001 2 TOUCH_MOVE a
1403835467553 6 4098 60.5 974.78107 0.20000002 3.0 3.0 3.0 3.0 0.0 0.17600001 1 TOUCH_UP a
1403835467860 6 4098 229.0 1227.9509 0.23333335 4.0 4.0 4.0 4.0 0.0 0.18800001 0 TOUCH_DOWN Space
1403835467893 6 4098 229.82137 1227.9509 0.23333335 4.0 4.0 4.0 4.0 0.0 0.19600001 2 TOUCH_MOVE Space
1403835467911 6 4098 231.04834 1227.9509 0.23333335 4.0 4.0 4.0 4.0 0.0 0.19600001 2 TOUCH_MOVE Space
1403835467927 6 4098 232.24242 1227.9509 0.23333335 4.0 4.0 4.0 4.0 0.0 0.2 2 TOUCH_MOVE Space
1403835467944 6 4098 233.19353 1227.9509 0.23333335 4.0 4.0 4.0 4.0 0.0 0.2 2 TOUCH_MOVE Space
1403835467977 6 4098 235.11107 1226.1177 0.20000002 3.0 3.0 3.0 3.0 0.0 0.19600001 2 TOUCH_MOVE Space
1403835467993 6 4098 234.32858 1215.4224 0.23333335 4.0 4.0 4.0 4.0 0.0 0.18 2 TOUCH_MOVE Space
1403835467998 6 4098 234.32858 1215.4224 0.23333335 4.0 4.0 4.0 4.0 0.0 0.18 1 TOUCH_UP Space
1403835468362 6 4098 347.0 849.451 0.23333335 4.0 4.0 4.0 4.0 0.0 0.19600001 0 TOUCH_DOWN t
1403835468382 6 4098 347.0 849.451 0.23333335 4.0 4.0 4.0 4.0 0.0 0.2 2 TOUCH_MOVE t
1403835468410 6 4098 347.0 848.8361 0.23333335 4.0 4.0 4.0 4.0 0.0 0.208 2 TOUCH_MOVE t
1403835468461 6 4098 346.0 849.451 0.20000002 4.0 4.0 4.0 4.0 0.0 0.18800001 2 TOUCH_MOVE t
1403835468464 6 4098 346.0 849.451 0.20000002 4.0 4.0 4.0 4.0 0.0 0.136 2 TOUCH_MOVE t
1403835468468 6 4098 346.0 849.451 0.20000002 4.0 4.0 4.0 4.0 0.0 0.136 1 TOUCH_UP t
1403835468757 6 4098 472.5 883.451 0.23333335 5.0 5.0 5.0 5.0 0.0 0.2 0 TOUCH_DOWN u
1403835468778 6 4098 472.5 883.451 0.23333335 5.0 5.0 5.0 5.0 0.0 0.208 2 TOUCH_MOVE u
1403835468866 6 4098 472.5 883.451 0.23333335 5.0 5.0 5.0 5.0 0.0 0.208 1 TOUCH_UP u
1403835469112 6 4098 400.5 866.451 0.26666668 4.0 4.0 4.0 4.0 0.0 0.20400001 0 TOUCH_DOWN y
1403835469130 6 4098 400.5 866.451 0.23333335 4.0 4.0 4.0 4.0 0.0 0.20400001 2 TOUCH_MOVE y
1403835469195 6 4098 399.7902 867.6608 0.26666668 4.0 4.0 4.0 4.0 0.0 0.19600001 2 TOUCH_MOVE y
1403835469211 6 4098 399.5 867.951 0.20000002 3.0 3.0 3.0 3.0 0.0 0.116000004 2 TOUCH_MOVE y
1403835469215 6 4098 399.5 867.951 0.20000002 3.0 3.0 3.0 3.0 0.0 0.116000004 1 TOUCH_UP y
1403835469559 6 4098 165.0 850.951 0.20000002 4.0 4.0 4.0 4.0 0.0 0.18 0 TOUCH_DOWN e
1403835469595 6 4098 165.25119 850.951 0.20000002 4.0 4.0 4.0 4.0 0.0 0.18800001 2 TOUCH_MOVE e
1403835469612 6 4098 166.21434 850.951 0.20000002 4.0 4.0 4.0 4.0 0.0 0.192 2 TOUCH_MOVE e
1403835469628 6 4098 167.09285 850.951 0.20000002 4.0 4.0 4.0 4.0 0.0 0.19600001 2 TOUCH_MOVE e
1403835469645 6 4098 168.13632 850.951 0.20000002 4.0 4.0 4.0 4.0 0.0 0.19600001 2 TOUCH_MOVE e
1403835469665 6 4098 169.08517 850.951 0.20000002 4.0 4.0 4.0 4.0 0.0 0.19600001 2 TOUCH_MOVE e
1403835469678 6 4098 170.05646 850.951 0.20000002 4.0 4.0 4.0 4.0 0.0 0.192 2 TOUCH_MOVE e
1403835469695 6 4098 171.0039 850.951 0.20000002 4.0 4.0 4.0 4.0 0.0 0.18400002 2 TOUCH_MOVE e
1403835469712 6 4098 171.75 850.951 0.20000002 4.0 4.0 4.0 4.0 0.0 0.17600001 2 TOUCH_MOVE e
1403835469723 6 4098 171.75 850.951 0.20000002 4.0 4.0 4.0 4.0 0.0 0.17600001 1 TOUCH_UP e
1403835469925 6 4098 330.5 843.951 0.3 5.0 5.0 5.0 5.0 0.0 0.19600001 0 TOUCH_DOWN t
1403835469947 6 4098 330.5 843.951 0.3 5.0 5.0 5.0 5.0 0.0 0.2 2 TOUCH_MOVE t
1403835469962 6 4098 330.5 843.0726 0.3 5.0 5.0 5.0 5.0 0.0 0.208 2 TOUCH_MOVE t
1403835469978 6 4098 330.5 842.201 0.3 5.0 5.0 5.0 5.0 0.0 0.208 2 TOUCH_MOVE t
1403835470014 6 4098 329.8545 842.451 0.3 5.0 5.0 5.0 5.0 0.0 0.208 2 TOUCH_MOVE t
1403835470029 6 4098 327.6405 842.88074 0.26666668 5.0 5.0 5.0 5.0 0.0 0.208 2 TOUCH_MOVE t
1403835470046 6 4098 324.5 845.451 0.20000002 4.0 4.0 4.0 4.0 0.0 0.18400002 2 TOUCH_MOVE t
1403835470054 6 4098 324.5 845.451 0.20000002 4.0 4.0 4.0 4.0 0.0 0.18400002 1 TOUCH_UP t
1403835470394 6 4098 302.0 1252.4509 0.10000001 2.0 2.0 2.0 2.0 0.0 0.164 0 TOUCH_DOWN Space
1403835470413 6 4098 302.0 1252.4509 0.10000001 2.0 2.0 2.0 2.0 0.0 0.17600001 2 TOUCH_MOVE Space
1403835470447 6 4098 303.72388 1247.2793 0.16666667 4.0 4.0 4.0 4.0 0.0 0.18800001 2 TOUCH_MOVE Space
1403835470462 6 4098 304.68454 1244.3973 0.16666667 4.0 4.0 4.0 4.0 0.0 0.18800001 2 TOUCH_MOVE Space
1403835470479 6 4098 305.64243 1243.3085 0.16666667 4.0 4.0 4.0 4.0 0.0 0.18800001 2 TOUCH_MOVE Space
1403835470496 6 4098 305.5 1242.3472 0.16666667 4.0 4.0 4.0 4.0 0.0 0.18800001 2 TOUCH_MOVE Space
1403835470530 6 4098 306.0 1241.2009 0.13333334 3.0 3.0 3.0 3.0 0.0 0.18400002 2 TOUCH_MOVE Space
1403835470535 6 4098 306.0 1241.2009 0.13333334 3.0 3.0 3.0 3.0 0.0 0.18400002 1 TOUCH_UP Space
1403835470758 6 4098 342.0 1122.4509 0.26666668 4.0 4.0 4.0 4.0 0.0 0.19600001 0 TOUCH_DOWN v
1403835470813 6 4098 342.0 1121.6184 0.26666668 4.0 4.0 4.0 4.0 0.0 0.208 2 TOUCH_MOVE v
1403835470829 6 4098 342.0 1121.2009 0.26666668 4.0 4.0 4.0 4.0 0.0 0.208 2 TOUCH_MOVE v
1403835470880 6 4098 341.5 1122.9509 0.23333335 4.0 4.0 4.0 4.0 0.0 0.17600001 2 TOUCH_MOVE v
1403835470883 6 4098 341.5 1122.9509 0.23333335 4.0 4.0 4.0 4.0 0.0 0.17600001 1 TOUCH_UP v
1403835471022 6 4098 612.5 861.951 0.26666668 5.0 5.0 5.0 5.0 0.0 0.2 0 TOUCH_DOWN o
1403835471030 6 4098 612.5 861.951 0.26666668 5.0 5.0 5.0 5.0 0.0 0.20400001 2 TOUCH_MOVE o
1403835471047 6 4098 612.5 862.7365 0.3 5.0 5.0 5.0 5.0 0.0 0.21200001 2 TOUCH_MOVE o
1403835471063 6 4098 612.3597 863.7316 0.3 5.0 5.0 5.0 5.0 0.0 0.216 2 TOUCH_MOVE o
1403835471080 6 4098 612.0 865.1187 0.3 5.0 5.0 5.0 5.0 0.0 0.216 2 TOUCH_MOVE o
1403835471096 6 4098 611.3348 866.1162 0.3 5.0 5.0 5.0 5.0 0.0 0.216 2 TOUCH_MOVE o
1403835471115 6 4098 611.5 866.701 0.3 5.0 5.0 5.0 5.0 0.0 0.216 2 TOUCH_MOVE o
1403835471130 6 4098 610.97406 866.451 0.23333335 4.0 4.0 4.0 4.0 0.0 0.2 2 TOUCH_MOVE o
1403835471146 6 4098 610.0 865.951 0.20000002 4.0 4.0 4.0 4.0 0.0 0.18400002 2 TOUCH_MOVE o
1403835471148 6 4098 610.0 865.951 0.16666667 3.0 3.0 3.0 3.0 0.0 0.104 2 TOUCH_MOVE o
1403835471155 6 4098 610.0 865.951 0.16666667 3.0 3.0 3.0 3.0 0.0 0.104 1 TOUCH_UP o
1403835471317 6 4098 544.0 859.951 0.20000002 4.0 4.0 4.0 4.0 0.0 0.2 0 TOUCH_DOWN i
1403835471347 6 4098 544.0 859.951 0.26666668 4.0 4.0 4.0 4.0 0.0 0.208 2 TOUCH_MOVE i
1403835471363 6 4098 544.0 861.5078 0.26666668 4.0 4.0 4.0 4.0 0.0 0.21200001 2 TOUCH_MOVE i
1403835471380 6 4098 544.0 863.42706 0.26666668 4.0 4.0 4.0 4.0 0.0 0.21200001 2 TOUCH_MOVE i
1403835471397 6 4098 544.94336 866.2811 0.26666668 4.0 4.0 4.0 4.0 0.0 0.21200001 2 TOUCH_MOVE i
1403835471416 6 4098 545.8444 868.63983 0.26666668 4.0 4.0 4.0 4.0 0.0 0.2 2 TOUCH_MOVE i
1403835471418 6 4098 546.0 868.951 0.3 5.0 5.0 5.0 5.0 0.0 0.17600001 2 TOUCH_MOVE i
1403835471421 6 4098 546.0 868.951 0.3 5.0 5.0 5.0 5.0 0.0 0.17600001 1 TOUCH_UP i
1403835471634 6 4098 236.5 1252.4509 0.13333334 3.0 3.0 3.0 3.0 0.0 0.18 0 TOUCH_DOWN Space
1403835471680 6 4098 236.5 1248.6261 0.16666667 4.0 4.0 4.0 4.0 0.0 0.18800001 2 TOUCH_MOVE Space
1403835471698 6 4098 236.5 1246.4801 0.16666667 4.0 4.0 4.0 4.0 0.0 0.18800001 2 TOUCH_MOVE Space
1403835471714 6 4098 236.5 1245.2856 0.16666667 4.0 4.0 4.0 4.0 0.0 0.192 2 TOUCH_MOVE Space
1403835471730 6 4098 236.5 1244.3102 0.16666667 4.0 4.0 4.0 4.0 0.0 0.192 2 TOUCH_MOVE Space
1403835471781 6 4098 235.99525 1243.4414 0.20000002 4.0 4.0 4.0 4.0 0.0 0.192 2 TOUCH_MOVE Space
1403835471791 6 4098 235.0 1241.9509 0.20000002 4.0 4.0 4.0 4.0 0.0 0.18400002 2 TOUCH_MOVE Space
1403835471796 6 4098 235.0 1241.9509 0.20000002 4.0 4.0 4.0 4.0 0.0 0.18400002 1 TOUCH_UP Space
1403835472072 6 4098 134.0 1000.951 0.23333335 5.0 5.0 5.0 5.0 0.0 0.18 0 TOUCH_DOWN s
1403835472114 6 4098 136.68282 1000.7234 0.3 5.0 5.0 5.0 5.0 0.0 0.19600001 2 TOUCH_MOVE s
1403835472141 6 4098 139.39145 1000.451 0.3 5.0 5.0 5.0 5.0 0.0 0.19600001 2 TOUCH_MOVE s
1403835472148 6 4098 141.24306 1000.451 0.3 5.0 5.0 5.0 5.0 0.0 0.2 2 TOUCH_MOVE s
1403835472164 6 4098 142.11105 1000.451 0.3 5.0 5.0 5.0 5.0 0.0 0.2 2 TOUCH_MOVE s
1403835472181 6 4098 142.75 1000.451 0.3 5.0 5.0 5.0 5.0 0.0 0.2 2 TOUCH_MOVE s
1403835472214 6 4098 140.01024 999.95355 0.23333335 5.0 5.0 5.0 5.0 0.0 0.18800001 2 TOUCH_MOVE s
1403835472226 6 4098 140.0 999.951 0.16666667 3.0 3.0 3.0 3.0 0.0 0.1 2 TOUCH_MOVE s
1403835472229 6 4098 140.0 999.951 0.16666667 3.0 3.0 3.0 3.0 0.0 0.1 1 TOUCH_UP s
1403835472437 6 4098 44.0 966.951 0.16666667 3.0 3.0 3.0 3.0 0.0 0.164 0 TOUCH_DOWN a
1403835472453 6 4098 44.0 966.951 0.16666667 3.0 3.0 3.0 3.0 0.0 0.18 2 TOUCH_MOVE a
1403835472481 6 4098 47.693245 965.6044 0.16666667 3.0 3.0 3.0 3.0 0.0 0.18400002 2 TOUCH_MOVE a
1403835472498 6 4098 49.64504 965.1285 0.16666667 3.0 3.0 3.0 3.0 0.0 0.18400002 2 TOUCH_MOVE a
1403835472514 6 4098 50.769012 964.951 0.16666667 3.0 3.0 3.0 3.0 0.0 0.18400002 2 TOUCH_MOVE a
1403835472531 6 4098 51.69836 964.951 0.16666667 3.0 3.0 3.0 3.0 0.0 0.18800001 2 TOUCH_MOVE a
1403835472548 6 4098 52.6894 964.951 0.16666667 3.0 3.0 3.0 3.0 0.0 0.18800001 2 TOUCH_MOVE a
1403835472568 6 4098 53.25 964.951 0.16666667 3.0 3.0 3.0 3.0 0.0 0.18800001 2 TOUCH_MOVE a
1403835472598 6 4098 51.931736 964.951 0.16666667 3.0 3.0 3.0 3.0 0.0 0.172 2 TOUCH_MOVE a
1403835472613 6 4098 51.931736 964.951 0.16666667 3.0 3.0 3.0 3.0 0.0 0.172 1 TOUCH_UP a
1403835472798 6 4098 461.0 866.451 0.23333335 4.0 4.0 4.0 4.0 0.0 0.2 0 TOUCH_DOWN u
1403835472816 6 4098 461.0 866.451 0.23333335 4.0 4.0 4.0 4.0 0.0 0.20400001 2 TOUCH_MOVE u
1403835472881 6 4098 461.0 867.701 0.26666668 4.0 4.0 4.0 4.0 0.0 0.208 2 TOUCH_MOVE u
1403835472898 6 4098 461.0 867.951 0.26666668 4.0 4.0 4.0 4.0 0.0 0.2 2 TOUCH_MOVE u
1403835472910 6 4098 461.0 867.951 0.23333335 4.0 4.0 4.0 4.0 0.0 0.17600001 2 TOUCH_MOVE u
1403835472914 6 4098 461.0 867.951 0.23333335 4.0 4.0 4.0 4.0 0.0 0.17600001 1 TOUCH_UP u
1403835473342 6 4098 244.5 1243.9509 0.10000001 2.0 2.0 2.0 2.0 0.0 0.17600001 0 TOUCH_DOWN Space
1403835473372 6 4098 244.5 1242.9707 0.13333334 2.0 2.0 2.0 2.0 0.0 0.192 2 TOUCH_MOVE Space
1403835473382 6 4098 244.7028 1239.8425 0.20000002 4.0 4.0 4.0 4.0 0.0 0.192 2 TOUCH_MOVE Space
1403835473398 6 4098 245.0 1237.6157 0.20000002 4.0 4.0 4.0 4.0 0.0 0.19600001 2 TOUCH_MOVE Space
1403835473415 6 4098 245.0 1236.8856 0.20000002 4.0 4.0 4.0 4.0 0.0 0.19600001 2 TOUCH_MOVE Space
1403835473432 6 4098 245.0 1236.2009 0.20000002 4.0 4.0 4.0 4.0 0.0 0.19600001 2 TOUCH_MOVE Space
1403835473477 6 4098 244.5 1235.9509 0.16666667 3.0 3.0 3.0 3.0 0.0 0.18 2 TOUCH_MOVE Space
1403835473480 6 4098 244.5 1235.9509 0.16666667 3.0 3.0 3.0 3.0 0.0 0.18 1 TOUCH_UP Space
1403835473791 6 4098 124.0 989.451 0.26666668 5.0 5.0 5.0 5.0 0.0 0.17600001 0 TOUCH_DOWN s
1403835473799 6 4098 124.0 989.451 0.26666668 5.0 5.0 5.0 5.0 0.0 0.18400002 2 TOUCH_MOVE s
1403835473833 6 4098 124.0 990.701 0.26666668 5.0 5.0 5.0 5.0 0.0 0.192 2 TOUCH_MOVE s
1403835473849 6 4098 124.59589 991.5469 0.23333335 5.0 5.0 5.0 5.0 0.0 0.19600001 2 TOUCH_MOVE s
1403835473866 6 4098 125.551926 992.5029 0.23333335 5.0 5.0 5.0 5.0 0.0 0.2 2 TOUCH_MOVE s
1403835473892 6 4098 126.51084 992.951 0.23333335 5.0 5.0 5.0 5.0 0.0 0.20400001 2 TOUCH_MOVE s
1403835473899 6 4098 127.25 992.951 0.23333335 5.0 5.0 5.0 5.0 0.0 0.20400001 2 TOUCH_MOVE s
1403835473949 6 4098 120.563675 991.4201 0.26666668 4.0 4.0 4.0 4.0 0.0 0.192 2 TOUCH_MOVE s
1403835473964 6 4098 119.0 990.951 0.26666668 5.0 5.0 5.0 5.0 0.0 0.148 2 TOUCH_MOVE s
1403835473967 6 4098 119.0 990.951 0.26666668 5.0 5.0 5.0 5.0 0.0 0.148 1 TOUCH_UP s
1403835474103 6 4098 45.0 968.451 0.16666667 3.0 3.0 3.0 3.0 0.0 0.17600001 0 TOUCH_DOWN a
1403835474149 6 4098 45.74173 968.451 0.16666667 3.0 3.0 3.0 3.0 0.0 0.18400002 2 TOUCH_MOVE a
1403835474166 6 4098 47.663773 968.451 0.16666667 3.0 3.0 3.0 3.0 0.0 0.18800001 2 TOUCH_MOVE a
1403835474183 6 4098 49.287327 968.451 0.16666667 3.0 3.0 3.0 3.0 0.0 0.18800001 2 TOUCH_MOVE a
1403835474200 6 4098 50.230663 968.451 0.16666667 3.0 3.0 3.0 3.0 0.0 0.18800001 2 TOUCH_MOVE a
1403835474234 6 4098 50.6542 968.451 0.16666667 3.0 3.0 3.0 3.0 0.0 0.18800001 2 TOUCH_MOVE a
1403835474283 6 4098 47.29153 969.5031 0.16666667 3.0 3.0 3.0 3.0 0.0 0.16000001 2 TOUCH_MOVE a
1403835474287 6 4098 47.29153 969.5031 0.16666667 3.0 3.0 3.0 3.0 0.0 0.16000001 1 TOUCH_UP a
1403835475041 6 4098 683.5 1230.4509 0.23333335 4.0 4.0 4.0 4.0 0.0 0.18800001 0 TOUCH_DOWN Enter
1403835475050 6 4098 683.5 1230.4509 0.23333335 4.0 4.0 4.0 4.0 0.0 0.192 2 TOUCH_MOVE Enter
1403835475084 6 4098 682.3627 1230.4509 0.23333335 4.0 4.0 4.0 4.0 0.0 0.2 2 TOUCH_MOVE Enter
1403835475117 6 4098 681.879 1230.4509 0.23333335 4.0 4.0 4.0 4.0 0.0 0.20400001 2 TOUCH_MOVE Enter
1403835475163 6 4098 681.879 1230.4509 0.23333335 4.0 4.0 4.0 4.0 0.0 0.20400001 1 TOUCH_UP Enter
1403835475668 6 4098 320.5 827.951 0.3 5.0 5.0 5.0 5.0 0.0 0.19600001 0 TOUCH_DOWN T
1403835475688 6 4098 320.5 827.951 0.3 5.0 5.0 5.0 5.0 0.0 0.2 2 TOUCH_MOVE T
1403835475751 6 4098 320.5 828.45374 0.33333334 5.0 5.0 5.0 5.0 0.0 0.208 2 TOUCH_MOVE T
1403835475787 6 4098 320.0368 829.9142 0.26666668 4.0 4.0 4.0 4.0 0.0 0.192 2 TOUCH_MOVE T
1403835475788 6 4098 320.0 829.951 0.23333335 4.0 4.0 4.0 4.0 0.0 0.18 2 TOUCH_MOVE T
1403835475795 6 4098 320.0 829.951 0.23333335 4.0 4.0 4.0 4.0 0.0 0.18 1 TOUCH_UP T
1403835476015 6 4098 423.5 987.951 0.23333335 4.0 4.0 4.0 4.0 0.0 0.2 0 TOUCH_DOWN h
1403835476034 6 4098 423.5 987.951 0.26666668 4.0 4.0 4.0 4.0 0.0 0.20400001 2 TOUCH_MOVE h
1403835476069 6 4098 424.75 987.951 0.26666668 4.0 4.0 4.0 4.0 0.0 0.216 2 TOUCH_MOVE h
1403835476084 6 4098 425.113 987.951 0.26666668 4.0 4.0 4.0 4.0 0.0 0.21200001 2 TOUCH_MOVE h
1403835476101 6 4098 425.69962 988.451 0.26666668 4.0 4.0 4.0 4.0 0.0 0.21200001 2 TOUCH_MOVE h
1403835476118 6 4098 426.65878 989.10974 0.26666668 4.0 4.0 4.0 4.0 0.0 0.21200001 2 TOUCH_MOVE h
1403835476144 6 4098 426.5 988.951 0.26666668 4.0 4.0 4.0 4.0 0.0 0.18 2 TOUCH_MOVE h
1403835476148 6 4098 426.5 988.951 0.26666668 4.0 4.0 4.0 4.0 0.0 0.18 1 TOUCH_UP h
1403835476365 6 4098 476.0 861.451 0.20000002 3.0 3.0 3.0 3.0 0.0 0.20400001 0 TOUCH_DOWN u
1403835476390 6 4098 476.0 861.451 0.23333335 4.0 4.0 4.0 4.0 0.0 0.208 2 TOUCH_MOVE u
1403835476435 6 4098 478.2992 861.951 0.23333335 4.0 4.0 4.0 4.0 0.0 0.208 2 TOUCH_MOVE u
1403835476453 6 4098 480.75 861.951 0.23333335 4.0 4.0 4.0 4.0 0.0 0.2 2 TOUCH_MOVE u
1403835476466 6 4098 486.5 860.451 0.23333335 5.0 5.0 5.0 5.0 0.0 0.15200001 2 TOUCH_MOVE u
1403835476471 6 4098 486.5 860.451 0.23333335 5.0 5.0 5.0 5.0 0.0 0.15200001 1 TOUCH_UP u
1403835476666 6 4098 615.5 847.951 0.26666668 5.0 5.0 5.0 5.0 0.0 0.192 0 TOUCH_DOWN o
1403835476677 6 4098 615.5 847.951 0.26666668 5.0 5.0 5.0 5.0 0.0 0.19600001 2 TOUCH_MOVE o
1403835476718 6 4098 615.5 848.4882 0.23333335 5.0 5.0 5.0 5.0 0.0 0.208 2 TOUCH_MOVE o
1403835476735 6 4098 615.5 849.0436 0.23333335 5.0 5.0 5.0 5.0 0.0 0.208 2 TOUCH_MOVE o
1403835476785 6 4098 615.5 848.951 0.23333335 5.0 5.0 5.0 5.0 0.0 0.172 2 TOUCH_MOVE o
1403835476789 6 4098 615.5 848.951 0.23333335 5.0 5.0 5.0 5.0 0.0 0.172 1 TOUCH_UP o
1403835477153 6 4098 495.0 1124.4509 0.3 5.0 5.0 5.0 5.0 0.0 0.19600001 0 TOUCH_DOWN n
1403835477170 6 4098 495.0 1124.4509 0.3 5.0 5.0 5.0 5.0 0.0 0.2 2 TOUCH_MOVE n
1403835477264 6 4098 495.0 1124.4509 0.3 5.0 5.0 5.0 5.0 0.0 0.2 1 TOUCH_UP n
1403835477756 6 4098 361.5 991.951 0.20000002 4.0 4.0 4.0 4.0 0.0 0.192 0 TOUCH_DOWN g
1403835477769 6 4098 361.5 991.951 0.23333335 4.0 4.0 4.0 4.0 0.0 0.19600001 2 TOUCH_MOVE g
1403835477853 6 4098 361.5 992.451 0.23333335 5.0 5.0 5.0 5.0 0.0 0.18400002 2 TOUCH_MOVE g
1403835477865 6 4098 361.5 992.451 0.23333335 5.0 5.0 5.0 5.0 0.0 0.14 2 TOUCH_MOVE g
1403835477868 6 4098 361.5 992.451 0.23333335 5.0 5.0 5.0 5.0 0.0 0.14 1 TOUCH_UP g
1403835478170 6 4098 267.0 1202.4509 0.26666668 5.0 5.0 5.0 5.0 0.0 0.192 0 TOUCH_DOWN Space
1403835478190 6 4098 267.0 1202.4509 0.26666668 5.0 5.0 5.0 5.0 0.0 0.19600001 2 TOUCH_MOVE Space
1403835478220 6 4098 267.612 1204.063 0.26666668 5.0 5.0 5.0 5.0 0.0 0.20400001 2 TOUCH_MOVE Space
1403835478236 6 4098 268.25 1204.7009 0.26666668 5.0 5.0 5.0 5.0 0.0 0.20400001 2 TOUCH_MOVE Space
1403835478253 6 4098 268.0 1205.504 0.26666668 5.0 5.0 5.0 5.0 0.0 0.208 2 TOUCH_MOVE Space
1403835478286 6 4098 268.65277 1205.4509 0.26666668 5.0 5.0 5.0 5.0 0.0 0.20400001 2 TOUCH_MOVE Space
1403835478325 6 4098 268.5 1204.9509 0.23333335 5.0 5.0 5.0 5.0 0.0 0.18400002 2 TOUCH_MOVE Space
1403835478328 6 4098 268.5 1204.9509 0.23333335 5.0 5.0 5.0 5.0 0.0 0.18400002 1 TOUCH_UP Space
1403835478466 6 4098 503.0 1111.4509 0.33333334 5.0 5.0 5.0 5.0 0.0 0.192 0 TOUCH_DOWN n
1403835478504 6 4098 502.05093 1111.4509 0.33333334 5.0 5.0 5.0 5.0 0.0 0.2 2 TOUCH_MOVE n
1403835478520 6 4098 502.0 1111.9055 0.33333334 5.0 5.0 5.0 5.0 0.0 0.2 2 TOUCH_MOVE n
1403835478537 6 4098 501.1379 1112.813 0.33333334 5.0 5.0 5.0 5.0 0.0 0.20400001 2 TOUCH_MOVE n
1403835478554 6 4098 500.58615 1113.3647 0.33333334 5.0 5.0 5.0 5.0 0.0 0.20400001 2 TOUCH_MOVE n
1403835478570 6 4098 499.75 1114.2009 0.33333334 5.0 5.0 5.0 5.0 0.0 0.19600001 2 TOUCH_MOVE n
1403835478579 6 4098 499.75 1114.2009 0.33333334 5.0 5.0 5.0 5.0 0.0 0.19600001 1 TOUCH_UP n
1403835478990 6 4098 361.5 983.951 0.23333335 4.0 4.0 4.0 4.0 0.0 0.192 0 TOUCH_DOWN g
1403835479004 6 4098 361.5 983.951 0.23333335 4.0 4.0 4.0 4.0 0.0 0.2 2 TOUCH_MOVE g
1403835479110 6 4098 361.0 984.451 0.20000002 4.0 4.0 4.0 4.0 0.0 0.18 2 TOUCH_MOVE g
1403835479113 6 4098 361.0 984.451 0.20000002 4.0 4.0 4.0 4.0 0.0 0.18 1 TOUCH_UP g
1403835479646 6 4098 470.0 871.951 0.20000002 4.0 4.0 4.0 4.0 0.0 0.2 0 TOUCH_DOWN u
1403835479654 6 4098 470.0 871.951 0.26666668 4.0 4.0 4.0 4.0 0.0 0.208 2 TOUCH_MOVE u
1403835479672 6 4098 470.0 871.3764 0.26666668 4.0 4.0 4.0 4.0 0.0 0.21200001 2 TOUCH_MOVE u
1403835479688 6 4098 470.5 869.2052 0.26666668 4.0 4.0 4.0 4.0 0.0 0.216 2 TOUCH_MOVE u
1403835479704 6 4098 471.0774 868.3736 0.26666668 4.0 4.0 4.0 4.0 0.0 0.216 2 TOUCH_MOVE u
1403835479738 6 4098 472.38458 868.89325 0.26666668 4.0 4.0 4.0 4.0 0.0 0.20400001 2 TOUCH_MOVE u
1403835479756 6 4098 472.5 868.951 0.16666667 3.0 3.0 3.0 3.0 0.0 0.108 2 TOUCH_MOVE u
1403835479759 6 4098 472.5 868.951 0.16666667 3.0 3.0 3.0 3.0 0.0 0.108 1 TOUCH_UP u
1403835479968 6 4098 614.5 860.451 0.23333335 5.0 5.0 5.0 5.0 0.0 0.2 0 TOUCH_DOWN o
1403835479988 6 4098 614.5 860.451 0.23333335 5.0 5.0 5.0 5.0 0.0 0.20400001 2 TOUCH_MOVE o
1403835480026 6 4098 614.5 861.2658 0.26666668 5.0 5.0 5.0 5.0 0.0 0.208 2 TOUCH_MOVE o
1403835480042 6 4098 614.5 861.8402 0.26666668 5.0 5.0 5.0 5.0 0.0 0.208 2 TOUCH_MOVE o
1403835480056 6 4098 614.5 862.18176 0.26666668 5.0 5.0 5.0 5.0 0.0 0.208 2 TOUCH_MOVE o
1403835480071 6 4098 614.5 861.951 0.23333335 5.0 5.0 5.0 5.0 0.0 0.18 2 TOUCH_MOVE o
1403835480075 6 4098 614.5 861.951 0.23333335 5.0 5.0 5.0 5.0 0.0 0.18 1 TOUCH_UP o
1403835480272 6 4098 532.0 860.451 0.20000002 3.0 3.0 3.0 3.0 0.0 0.20400001 0 TOUCH_DOWN i
1403835480288 6 4098 532.0 860.451 0.23333335 4.0 4.0 4.0 4.0 0.0 0.20400001 2 TOUCH_MOVE i
1403835480307 6 4098 532.0 860.9973 0.23333335 4.0 4.0 4.0 4.0 0.0 0.21200001 2 TOUCH_MOVE i
1403835480322 6 4098 532.0 862.05023 0.23333335 4.0 4.0 4.0 4.0 0.0 0.208 2 TOUCH_MOVE i
1403835480339 6 4098 532.5628 862.451 0.23333335 4.0 4.0 4.0 4.0 0.0 0.208 2 TOUCH_MOVE i
1403835480355 6 4098 533.5178 862.951 0.23333335 4.0 4.0 4.0 4.0 0.0 0.19600001 2 TOUCH_MOVE i
1403835480372 6 4098 534.5 862.951 0.20000002 4.0 4.0 4.0 4.0 0.0 0.18 2 TOUCH_MOVE i
1403835480375 6 4098 534.5 862.951 0.13333334 2.0 2.0 2.0 2.0 0.0 0.1 2 TOUCH_MOVE i
1403835480380 6 4098 534.5 862.951 0.13333334 2.0 2.0 2.0 2.0 0.0 0.1 1 TOUCH_UP i
1403835480642 6 4098 249.0 1246.4509 0.10000001 2.0 2.0 2.0 2.0 0.0 0.17600001 0 TOUCH_DOWN Space
1403835480665 6 4098 249.15373 1245.9897 0.13333334 3.0 3.0 3.0 3.0 0.0 0.18400002 2 TOUCH_MOVE Space
1403835480672 6 4098 249.76189 1243.9033 0.20000002 4.0 4.0 4.0 4.0 0.0 0.192 2 TOUCH_MOVE Space
1403835480689 6 4098 250.7094 1240.3228 0.20000002 4.0 4.0 4.0 4.0 0.0 0.192 2 TOUCH_MOVE Space
1403835480705 6 4098 251.0 1237.384 0.20000002 4.0 4.0 4.0 4.0 0.0 0.19600001 2 TOUCH_MOVE Space
1403835480722 6 4098 251.0 1236.3187 0.20000002 4.0 4.0 4.0 4.0 0.0 0.19600001 2 TOUCH_MOVE Space
1403835480739 6 4098 251.0 1235.3453 0.20000002 4.0 4.0 4.0 4.0 0.0 0.19600001 2 TOUCH_MOVE Space
1403835480772 6 4098 250.4951 1234.946 0.20000002 3.0 3.0 3.0 3.0 0.0 0.18800001 2 TOUCH_MOVE Space
1403835480784 6 4098 249.0 1234.4509 0.16666667 3.0 3.0 3.0 3.0 0.0 0.17600001 2 TOUCH_MOVE Space
1403835480787 6 4098 249.0 1234.4509 0.16666667 3.0 3.0 3.0 3.0 0.0 0.17600001 1 TOUCH_UP Space
1403835480994 6 4098 493.0 1120.4509 0.26666668 4.0 4.0 4.0 4.0 0.0 0.2 0 TOUCH_DOWN n
1403835481072 6 4098 493.0 1120.851 0.26666668 4.0 4.0 4.0 4.0 0.0 0.216 2 TOUCH_MOVE n
1403835481089 6 4098 493.0 1121.7162 0.26666668 4.0 4.0 4.0 4.0 0.0 0.21200001 2 TOUCH_MOVE n
1403835481106 6 4098 492.77844 1123.6156 0.23333335 4.0 4.0 4.0 4.0 0.0 0.2 2 TOUCH_MOVE n
1403835481123 6 4098 492.5 1125.9509 0.20000002 4.0 4.0 4.0 4.0 0.0 0.164 2 TOUCH_MOVE n
1403835481127 6 4098 492.5 1125.9509 0.20000002 4.0 4.0 4.0 4.0 0.0 0.164 1 TOUCH_UP n
1403835481353 6 4098 352.0 968.451 0.16666667 3.0 3.0 3.0 3.0 0.0 0.192 0 TOUCH_DOWN g
1403835481407 6 4098 353.50034 967.951 0.20000002 4.0 4.0 4.0 4.0 0.0 0.2 2 TOUCH_MOVE g
1403835481423 6 4098 354.465 967.951 0.20000002 4.0 4.0 4.0 4.0 0.0 0.20400001 2 TOUCH_MOVE g
1403835481440 6 4098 353.57187 967.951 0.20000002 4.0 4.0 4.0 4.0 0.0 0.2 2 TOUCH_MOVE g
1403835481445 6 4098 353.5 967.951 0.20000002 4.0 4.0 4.0 4.0 0.0 0.18 2 TOUCH_MOVE g
1403835481448 6 4098 353.5 967.951 0.20000002 4.0 4.0 4.0 4.0 0.0 0.18 1 TOUCH_UP g
1403835481752 6 4098 495.5 875.451 0.26666668 4.0 4.0 4.0 4.0 0.0 0.208 0 TOUCH_DOWN u
1403835481852 6 4098 495.5 875.451 0.26666668 4.0 4.0 4.0 4.0 0.0 0.208 1 TOUCH_UP u
1403835482043 6 4098 620.0 854.951 0.23333335 5.0 5.0 5.0 5.0 0.0 0.19600001 0 TOUCH_DOWN o
1403835482084 6 4098 618.20416 854.951 0.23333335 5.0 5.0 5.0 5.0 0.0 0.20400001 2 TOUCH_MOVE o
1403835482091 6 4098 615.76184 854.951 0.23333335 5.0 5.0 5.0 5.0 0.0 0.208 2 TOUCH_MOVE o
1403835482106 6 4098 613.84204 855.451 0.23333335 5.0 5.0 5.0 5.0 0.0 0.208 2 TOUCH_MOVE o
1403835482123 6 4098 612.7153 855.451 0.23333335 5.0 5.0 5.0 5.0 0.0 0.208 2 TOUCH_MOVE o
1403835482140 6 4098 612.25 855.451 0.23333335 5.0 5.0 5.0 5.0 0.0 0.208 2 TOUCH_MOVE o
1403835482172 6 4098 612.25 855.451 0.23333335 5.0 5.0 5.0 5.0 0.0 0.208 1 TOUCH_UP o
1403835482360 6 4098 535.0 875.451 0.26666668 4.0 4.0 4.0 4.0 0.0 0.208 0 TOUCH_DOWN i
1403835482452 6 4098 535.0 875.451 0.26666668 5.0 5.0 5.0 5.0 0.0 0.156 2 TOUCH_MOVE i
1403835482455 6 4098 535.0 875.451 0.26666668 5.0 5.0 5.0 5.0 0.0 0.156 1 TOUCH_UP i
1403835482765 6 4098 262.5 1233.9509 0.20000002 4.0 4.0 4.0 4.0 0.0 0.18400002 0 TOUCH_DOWN Space
1403835482774 6 4098 262.5 1233.9509 0.20000002 4.0 4.0 4.0 4.0 0.0 0.18800001 2 TOUCH_MOVE Space
1403835482824 6 4098 262.5 1232.8318 0.23333335 4.0 4.0 4.0 4.0 0.0 0.2 2 TOUCH_MOVE Space
1403835482841 6 4098 262.5 1231.9299 0.23333335 4.0 4.0 4.0 4.0 0.0 0.2 2 TOUCH_MOVE Space
1403835482859 6 4098 262.5 1231.4352 0.23333335 4.0 4.0 4.0 4.0 0.0 0.2 2 TOUCH_MOVE Space
1403835482921 6 4098 262.5 1231.4509 0.23333335 4.0 4.0 4.0 4.0 0.0 0.17600001 2 TOUCH_MOVE Space
1403835482925 6 4098 262.5 1231.4509 0.23333335 4.0 4.0 4.0 4.0 0.0 0.17600001 1 TOUCH_UP Space
1403835483147 6 4098 670.5 997.951 0.33333334 5.0 5.0 5.0 5.0 0.0 0.18 0 TOUCH_DOWN l
1403835483159 6 4098 670.5 997.951 0.33333334 5.0 5.0 5.0 5.0 0.0 0.18800001 2 TOUCH_MOVE l
1403835483176 6 4098 670.5 998.7269 0.33333334 5.0 5.0 5.0 5.0 0.0 0.19600001 2 TOUCH_MOVE l
1403835483191 6 4098 670.2646 999.6864 0.33333334 5.0 5.0 5.0 5.0 0.0 0.20400001 2 TOUCH_MOVE l
1403835483208 6 4098 669.31555 1000.63544 0.3 5.0 5.0 5.0 5.0 0.0 0.20400001 2 TOUCH_MOVE l
1403835483224 6 4098 668.3516 1001.59937 0.3 5.0 5.0 5.0 5.0 0.0 0.20400001 2 TOUCH_MOVE l
1403835483241 6 4098 668.5 1002.54486 0.3 5.0 5.0 5.0 5.0 0.0 0.20400001 2 TOUCH_MOVE l
1403835483259 6 4098 668.5 1003.523 0.3 5.0 5.0 5.0 5.0 0.0 0.20400001 2 TOUCH_MOVE l
1403835483286 6 4098 668.5 1003.451 0.33333334 5.0 5.0 5.0 5.0 0.0 0.17600001 2 TOUCH_MOVE l
1403835483289 6 4098 668.5 1003.451 0.33333334 5.0 5.0 5.0 5.0 0.0 0.17600001 1 TOUCH_UP l
1403835483500 6 4098 68.0 982.951 0.16666667 3.0 3.0 3.0 3.0 0.0 0.148 0 TOUCH_DOWN a
1403835483522 6 4098 68.0 983.1906 0.16666667 3.0 3.0 3.0 3.0 0.0 0.18 2 TOUCH_MOVE a
1403835483545 6 4098 68.0 984.8492 0.20000002 4.0 4.0 4.0 4.0 0.0 0.192 2 TOUCH_MOVE a
1403835483560 6 4098 68.0 985.8104 0.20000002 4.0 4.0 4.0 4.0 0.0 0.192 2 TOUCH_MOVE a
1403835483575 6 4098 68.40413 986.3551 0.20000002 4.0 4.0 4.0 4.0 0.0 0.192 2 TOUCH_MOVE a
1403835483591 6 4098 69.0 986.72925 0.20000002 4.0 4.0 4.0 4.0 0.0 0.192 2 TOUCH_MOVE a
1403835483608 6 4098 69.0 987.201 0.20000002 4.0 4.0 4.0 4.0 0.0 0.192 2 TOUCH_MOVE a
1403835483641 6 4098 68.47459 987.4764 0.23333335 4.0 4.0 4.0 4.0 0.0 0.18 2 TOUCH_MOVE a
1403835483654 6 4098 68.0 987.951 0.23333335 4.0 4.0 4.0 4.0 0.0 0.172 2 TOUCH_MOVE a
1403835483658 6 4098 68.0 987.951 0.23333335 4.0 4.0 4.0 4.0 0.0 0.172 1 TOUCH_UP a
1403835483833 6 4098 538.0 875.951 0.26666668 4.0 4.0 4.0 4.0 0.0 0.20400001 0 TOUCH_DOWN i
1403835483842 6 4098 538.0 875.951 0.26666668 4.0 4.0 4.0 4.0 0.0 0.208 2 TOUCH_MOVE i
1403835483893 6 4098 538.0 874.89197 0.26666668 4.0 4.0 4.0 4.0 0.0 0.21200001 2 TOUCH_MOVE i
1403835483945 6 4098 538.0 874.89197 0.26666668 4.0 4.0 4.0 4.0 0.0 0.21200001 1 TOUCH_UP i
1403835484204 6 4098 217.0 1221.4509 0.26666668 5.0 5.0 5.0 5.0 0.0 0.18400002 0 TOUCH_DOWN Space
1403835484227 6 4098 217.0 1221.4509 0.26666668 5.0 5.0 5.0 5.0 0.0 0.18800001 2 TOUCH_MOVE Space
1403835484259 6 4098 218.1734 1221.4509 0.23333335 4.0 4.0 4.0 4.0 0.0 0.2 2 TOUCH_MOVE Space
1403835484275 6 4098 219.78679 1221.4509 0.23333335 4.0 4.0 4.0 4.0 0.0 0.2 2 TOUCH_MOVE Space
1403835484292 6 4098 221.02457 1221.4509 0.23333335 4.0 4.0 4.0 4.0 0.0 0.2 2 TOUCH_MOVE Space
1403835484314 6 4098 222.05548 1221.4509 0.23333335 4.0 4.0 4.0 4.0 0.0 0.20400001 2 TOUCH_MOVE Space
1403835484327 6 4098 222.95163 1221.4509 0.23333335 4.0 4.0 4.0 4.0 0.0 0.2 2 TOUCH_MOVE Space
1403835484342 6 4098 223.98271 1219.9855 0.23333335 4.0 4.0 4.0 4.0 0.0 0.2 2 TOUCH_MOVE Space
1403835484365 6 4098 225.0 1217.4509 0.23333335 4.0 4.0 4.0 4.0 0.0 0.18 2 TOUCH_MOVE Space
1403835484368 6 4098 225.0 1217.4509 0.23333335 4.0 4.0 4.0 4.0 0.0 0.18 1 TOUCH_UP Space
1403835484720 6 4098 325.0 801.951 0.23333335 5.0 5.0 5.0 5.0 0.0 0.18800001 0 TOUCH_DOWN t
1403835484728 6 4098 325.0 801.951 0.23333335 5.0 5.0 5.0 5.0 0.0 0.192 2 TOUCH_MOVE t
1403835484759 6 4098 327.93784 806.3474 0.26666668 5.0 5.0 5.0 5.0 0.0 0.2 2 TOUCH_MOVE t
1403835484776 6 4098 330.8273 811.16315 0.26666668 4.0 4.0 4.0 4.0 0.0 0.20400001 2 TOUCH_MOVE t
1403835484793 6 4098 332.4021 813.7552 0.26666668 4.0 4.0 4.0 4.0 0.0 0.20400001 2 TOUCH_MOVE t
1403835484810 6 4098 333.35065 815.30164 0.26666668 4.0 4.0 4.0 4.0 0.0 0.208 2 TOUCH_MOVE t
1403835484826 6 4098 333.5 816.2631 0.26666668 4.0 4.0 4.0 4.0 0.0 0.208 2 TOUCH_MOVE t
1403835484842 6 4098 333.5 816.701 0.26666668 4.0 4.0 4.0 4.0 0.0 0.20400001 2 TOUCH_MOVE t
1403835484867 6 4098 333.0 816.451 0.3 5.0 5.0 5.0 5.0 0.0 0.18800001 2 TOUCH_MOVE t
1403835484870 6 4098 333.0 816.451 0.3 5.0 5.0 5.0 5.0 0.0 0.18800001 1 TOUCH_UP t
1403835486029 6 4098 442.0 1004.951 0.3 5.0 5.0 5.0 5.0 0.0 0.208 0 TOUCH_DOWN h
1403835486047 6 4098 442.0 1004.951 0.3 5.0 5.0 5.0 5.0 0.0 0.21200001 2 TOUCH_MOVE h
1403835486094 6 4098 441.21024 1006.2408 0.3 5.0 5.0 5.0 5.0 0.0 0.21200001 2 TOUCH_MOVE h
1403835486110 6 4098 440.5 1006.951 0.26666668 4.0 4.0 4.0 4.0 0.0 0.2 2 TOUCH_MOVE h
1403835486119 6 4098 440.5 1006.951 0.3 5.0 5.0 5.0 5.0 0.0 0.17600001 2 TOUCH_MOVE h
1403835486124 6 4098 440.5 1006.951 0.3 5.0 5.0 5.0 5.0 0.0 0.17600001 1 TOUCH_UP h
1403835486383 6 4098 485.5 850.951 0.23333335 4.0 4.0 4.0 4.0 0.0 0.20400001 0 TOUCH_DOWN u
1403835486402 6 4098 485.5 850.951 0.23333335 4.0 4.0 4.0 4.0 0.0 0.208 2 TOUCH_MOVE u
1403835486461 6 4098 486.0 851.451 0.20000002 4.0 4.0 4.0 4.0 0.0 0.192 2 TOUCH_MOVE u
1403835486465 6 4098 486.0 851.451 0.23333335 5.0 5.0 5.0 5.0 0.0 0.16800001 2 TOUCH_MOVE u
1403835486468 6 4098 486.0 851.451 0.23333335 5.0 5.0 5.0 5.0 0.0 0.16800001 1 TOUCH_UP u
1403835486661 6 4098 628.0 827.951 0.3 5.0 5.0 5.0 5.0 0.0 0.2 0 TOUCH_DOWN o
1403835486678 6 4098 628.0 827.951 0.3 5.0 5.0 5.0 5.0 0.0 0.20400001 2 TOUCH_MOVE o
1403835486694 6 4098 626.81683 828.79254 0.3 5.0 5.0 5.0 5.0 0.0 0.21200001 2 TOUCH_MOVE o
1403835486711 6 4098 624.8943 830.25385 0.3 5.0 5.0 5.0 5.0 0.0 0.216 2 TOUCH_MOVE o
1403835486727 6 4098 623.73126 831.48846 0.3 5.0 5.0 5.0 5.0 0.0 0.22000001 2 TOUCH_MOVE o
1403835486746 6 4098 623.0 832.903 0.3 5.0 5.0 5.0 5.0 0.0 0.224 2 TOUCH_MOVE o
1403835486762 6 4098 623.0 834.1366 0.3 5.0 5.0 5.0 5.0 0.0 0.22000001 2 TOUCH_MOVE o
1403835486778 6 4098 623.0 835.55725 0.26666668 4.0 4.0 4.0 4.0 0.0 0.216 2 TOUCH_MOVE o
1403835486794 6 4098 624.21967 837.17065 0.26666668 4.0 4.0 4.0 4.0 0.0 0.2 2 TOUCH_MOVE o
1403835486808 6 4098 624.5 837.451 0.13333334 2.0 2.0 2.0 2.0 0.0 0.14400001 2 TOUCH_MOVE o
1403835486812 6 4098 624.5 837.451 0.13333334 2.0 2.0 2.0 2.0 0.0 0.14400001 1 TOUCH_UP o
1403835487234 6 4098 496.0 1134.4509 0.23333335 5.0 5.0 5.0 5.0 0.0 0.20400001 0 TOUCH_DOWN n
1403835487247 6 4098 496.0 1134.4509 0.26666668 5.0 5.0 5.0 5.0 0.0 0.208 2 TOUCH_MOVE n
1403835487278 6 4098 496.0 1133.8677 0.3 5.0 5.0 5.0 5.0 0.0 0.216 2 TOUCH_MOVE n
1403835487295 6 4098 496.0 1133.2233 0.3 5.0 5.0 5.0 5.0 0.0 0.22000001 2 TOUCH_MOVE n
1403835487347 6 4098 496.0 1133.2233 0.3 5.0 5.0 5.0 5.0 0.0 0.22000001 1 TOUCH_UP n
1403835487765 6 4098 353.5 970.951 0.13333334 2.0 2.0 2.0 2.0 0.0 0.18400002 0 TOUCH_DOWN g
1403835487779 6 4098 353.5 970.951 0.16666667 3.0 3.0 3.0 3.0 0.0 0.192 2 TOUCH_MOVE g
1403835487813 6 4098 354.6422 970.951 0.20000002 4.0 4.0 4.0 4.0 0.0 0.20400001 2 TOUCH_MOVE g
1403835487829 6 4098 355.0 971.58386 0.20000002 4.0 4.0 4.0 4.0 0.0 0.2 2 TOUCH_MOVE g
1403835487845 6 4098 355.0 971.9968 0.20000002 4.0 4.0 4.0 4.0 0.0 0.2 2 TOUCH_MOVE g
1403835487873 6 4098 352.5 972.951 0.20000002 4.0 4.0 4.0 4.0 0.0 0.17600001 2 TOUCH_MOVE g
1403835487882 6 4098 352.5 972.951 0.20000002 4.0 4.0 4.0 4.0 0.0 0.17600001 1 TOUCH_UP g
1403835488260 6 4098 248.5 1190.9509 0.16666667 3.0 3.0 3.0 3.0 0.0 0.18800001 0 TOUCH_DOWN Space
1403835488280 6 4098 248.5 1190.9509 0.20000002 4.0 4.0 4.0 4.0 0.0 0.18800001 2 TOUCH_MOVE Space
1403835488296 6 4098 251.54955 1190.4344 0.23333335 4.0 4.0 4.0 4.0 0.0 0.19600001 2 TOUCH_MOVE Space
1403835488313 6 4098 252.97142 1189.9509 0.23333335 4.0 4.0 4.0 4.0 0.0 0.2 2 TOUCH_MOVE Space
1403835488329 6 4098 253.93343 1189.4509 0.23333335 4.0 4.0 4.0 4.0 0.0 0.2 2 TOUCH_MOVE Space
1403835488346 6 4098 254.75 1188.7009 0.23333335 4.0 4.0 4.0 4.0 0.0 0.2 2 TOUCH_MOVE Space
1403835488379 6 4098 254.5 1187.8297 0.23333335 4.0 4.0 4.0 4.0 0.0 0.19600001 2 TOUCH_MOVE Space
1403835488395 6 4098 254.5 1187.4509 0.16666667 3.0 3.0 3.0 3.0 0.0 0.104 2 TOUCH_MOVE Space
1403835488398 6 4098 254.5 1187.4509 0.16666667 3.0 3.0 3.0 3.0 0.0 0.104 1 TOUCH_UP Space
1403835488717 6 4098 301.0 851.951 0.13333334 2.0 2.0 2.0 2.0 0.0 0.18400002 0 TOUCH_DOWN t
1403835488748 6 4098 302.3368 850.6142 0.23333335 4.0 4.0 4.0 4.0 0.0 0.2 2 TOUCH_MOVE t
1403835488768 6 4098 303.89114 849.0598 0.23333335 4.0 4.0 4.0 4.0 0.0 0.20400001 2 TOUCH_MOVE t
1403835488794 6 4098 304.75 848.201 0.23333335 4.0 4.0 4.0 4.0 0.0 0.208 2 TOUCH_MOVE t
1403835488813 6 4098 304.5 847.701 0.23333335 4.0 4.0 4.0 4.0 0.0 0.208 2 TOUCH_MOVE t
1403835488830 6 4098 304.27002 848.68097 0.23333335 4.0 4.0 4.0 4.0 0.0 0.208 2 TOUCH_MOVE t
1403835488847 6 4098 301.6593 850.7171 0.23333335 4.0 4.0 4.0 4.0 0.0 0.2 2 TOUCH_MOVE t
1403835488864 6 4098 299.5 851.951 0.20000002 4.0 4.0 4.0 4.0 0.0 0.16000001 2 TOUCH_MOVE t
1403835488868 6 4098 299.5 851.951 0.20000002 4.0 4.0 4.0 4.0 0.0 0.16000001 1 TOUCH_UP t
1403835489149 6 4098 67.0 974.951 0.16666667 3.0 3.0 3.0 3.0 0.0 0.18400002 0 TOUCH_DOWN a
1403835489163 6 4098 67.0 974.951 0.20000002 3.0 3.0 3.0 3.0 0.0 0.18800001 2 TOUCH_MOVE a
1403835489197 6 4098 70.06102 976.3047 0.23333335 4.0 4.0 4.0 4.0 0.0 0.192 2 TOUCH_MOVE a
1403835489213 6 4098 73.899895 977.251 0.23333335 4.0 4.0 4.0 4.0 0.0 0.19600001 2 TOUCH_MOVE a
1403835489230 6 4098 75.273186 977.451 0.23333335 4.0 4.0 4.0 4.0 0.0 0.19600001 2 TOUCH_MOVE a
1403835489247 6 4098 75.75 977.451 0.23333335 4.0 4.0 4.0 4.0 0.0 0.19600001 2 TOUCH_MOVE a
1403835489282 6 4098 75.34706 978.75684 0.26666668 4.0 4.0 4.0 4.0 0.0 0.192 2 TOUCH_MOVE a
1403835489297 6 4098 73.78339 982.4925 0.20000002 4.0 4.0 4.0 4.0 0.0 0.18 2 TOUCH_MOVE a
1403835489310 6 4098 74.0 981.951 0.26666668 5.0 5.0 5.0 5.0 0.0 0.148 2 TOUCH_MOVE a
1403835489314 6 4098 74.0 981.951 0.26666668 5.0 5.0 5.0 5.0 0.0 0.148 1 TOUCH_UP a
1403835489818 6 4098 688.5 1235.4509 0.16666667 3.0 3.0 3.0 3.0 0.0 0.18400002 0 TOUCH_DOWN Enter
1403835489831 6 4098 688.5 1235.4509 0.23333335 4.0 4.0 4.0 4.0 0.0 0.18800001 2 TOUCH_MOVE Enter
1403835489865 6 4098 684.57306 1233.7374 0.23333335 4.0 4.0 4.0 4.0 0.0 0.2 2 TOUCH_MOVE Enter
1403835489881 6 4098 682.7829 1232.7339 0.23333335 4.0 4.0 4.0 4.0 0.0 0.2 2 TOUCH_MOVE Enter
1403835489898 6 4098 681.829 1232.4509 0.23333335 4.0 4.0 4.0 4.0 0.0 0.20400001 2 TOUCH_MOVE Enter
1403835489914 6 4098 681.25 1232.4509 0.23333335 4.0 4.0 4.0 4.0 0.0 0.20400001 2 TOUCH_MOVE Enter
1403835489946 6 4098 681.25 1232.4509 0.23333335 4.0 4.0 4.0 4.0 0.0 0.20400001 1 TOUCH_UP Enter
1403835490711 6 4098 402.5 864.451 0.23333335 4.0 4.0 4.0 4.0 0.0 0.20400001 0 TOUCH_DOWN Y
1403835490724 6 4098 402.5 864.451 0.23333335 4.0 4.0 4.0 4.0 0.0 0.208 2 TOUCH_MOVE Y
1403835490781 6 4098 402.5 864.95715 0.26666668 4.0 4.0 4.0 4.0 0.0 0.20400001 2 TOUCH_MOVE Y
1403835490798 6 4098 402.5 865.9513 0.26666668 4.0 4.0 4.0 4.0 0.0 0.192 2 TOUCH_MOVE Y
1403835490811 6 4098 402.5 865.951 0.13333334 2.0 2.0 2.0 2.0 0.0 0.132 2 TOUCH_MOVE Y
1403835490814 6 4098 402.5 865.951 0.13333334 2.0 2.0 2.0 2.0 0.0 0.132 1 TOUCH_UP Y
1403835491154 6 4098 185.0 847.951 0.13333334 2.0 2.0 2.0 2.0 0.0 0.18 0 TOUCH_DOWN e
1403835491165 6 4098 186.268 847.951 0.20000002 3.0 3.0 3.0 3.0 0.0 0.192 2 TOUCH_MOVE e
1403835491187 6 4098 191.38016 847.951 0.23333335 4.0 4.0 4.0 4.0 0.0 0.192 2 TOUCH_MOVE e
1403835491198 6 4098 194.5808 847.951 0.23333335 4.0 4.0 4.0 4.0 0.0 0.192 2 TOUCH_MOVE e
1403835491215 6 4098 196.53223 847.951 0.23333335 4.0 4.0 4.0 4.0 0.0 0.19600001 2 TOUCH_MOVE e
1403835491234 6 4098 197.25 847.951 0.23333335 4.0 4.0 4.0 4.0 0.0 0.19600001 2 TOUCH_MOVE e
1403835491282 6 4098 195.5 847.951 0.13333334 2.0 2.0 2.0 2.0 0.0 0.17600001 2 TOUCH_MOVE e
1403835491296 6 4098 195.5 847.951 0.13333334 2.0 2.0 2.0 2.0 0.0 0.120000005 2 TOUCH_MOVE e
1403835491301 6 4098 195.5 847.951 0.13333334 2.0 2.0 2.0 2.0 0.0 0.120000005 1 TOUCH_UP e
1403835491398 6 4098 476.5 852.451 0.16666667 3.0 3.0 3.0 3.0 0.0 0.19600001 0 TOUCH_DOWN u
1403835491417 6 4098 476.5 852.451 0.20000002 3.0 3.0 3.0 3.0 0.0 0.20400001 2 TOUCH_MOVE u
1403835491505 6 4098 476.5 852.451 0.20000002 4.0 4.0 4.0 4.0 0.0 0.18 2 TOUCH_MOVE u
1403835491508 6 4098 476.5 852.451 0.20000002 4.0 4.0 4.0 4.0 0.0 0.18 1 TOUCH_UP u
1403835492446 6 4098 292.5 1229.9509 0.20000002 3.0 3.0 3.0 3.0 0.0 0.18400002 0 TOUCH_DOWN Space
1403835492451 6 4098 292.5 1229.9509 0.20000002 3.0 3.0 3.0 3.0 0.0 0.18800001 2 TOUCH_MOVE Space
1403835492484 6 4098 292.5 1228.9711 0.23333335 4.0 4.0 4.0 4.0 0.0 0.19600001 2 TOUCH_MOVE Space
1403835492500 6 4098 292.0 1228.012 0.23333335 4.0 4.0 4.0 4.0 0.0 0.19600001 2 TOUCH_MOVE Space
1403835492517 6 4098 291.56372 1227.9509 0.23333335 4.0 4.0 4.0 4.0 0.0 0.2 2 TOUCH_MOVE Space
1403835492535 6 4098 290.64227 1227.9509 0.23333335 4.0 4.0 4.0 4.0 0.0 0.19600001 2 TOUCH_MOVE Space
1403835492563 6 4098 290.09305 1227.9509 0.23333335 4.0 4.0 4.0 4.0 0.0 0.19600001 2 TOUCH_MOVE Space
1403835492565 6 4098 290.0 1227.9509 0.20000002 3.0 3.0 3.0 3.0 0.0 0.14400001 2 TOUCH_MOVE Space
1403835492569 6 4098 290.0 1227.9509 0.20000002 3.0 3.0 3.0 3.0 0.0 0.14400001 1 TOUCH_UP Space
1403835493042 6 4098 516.5 1123.9509 0.26666668 4.0 4.0 4.0 4.0 0.0 0.2 0 TOUCH_DOWN n
1403835493050 6 4098 516.5 1123.9509 0.26666668 4.0 4.0 4.0 4.0 0.0 0.20400001 2 TOUCH_MOVE n
1403835493152 6 4098 516.0 1122.7286 0.26666668 4.0 4.0 4.0 4.0 0.0 0.20400001 2 TOUCH_MOVE n
1403835493164 6 4098 516.0 1122.4509 0.26666668 5.0 5.0 5.0 5.0 0.0 0.148 2 TOUCH_MOVE n
1403835493169 6 4098 516.0 1122.4509 0.26666668 5.0 5.0 5.0 5.0 0.0 0.148 1 TOUCH_UP n
1403835493410 6 4098 443.0 983.951 0.3 5.0 5.0 5.0 5.0 0.0 0.208 0 TOUCH_DOWN h
1403835493418 6 4098 443.0 983.951 0.3 5.0 5.0 5.0 5.0 0.0 0.21200001 2 TOUCH_MOVE h
1403835493520 6 4098 443.0 983.951 0.26666668 5.0 5.0 5.0 5.0 0.0 0.17600001 2 TOUCH_MOVE h
1403835493524 6 4098 443.0 983.951 0.26666668 5.0 5.0 5.0 5.0 0.0 0.17600001 1 TOUCH_UP h
1403835493657 6 4098 48.5 970.951 0.16666667 3.0 3.0 3.0 3.0 0.0 0.18 0 TOUCH_DOWN a
1403835493684 6 4098 50.785057 970.951 0.16666667 3.0 3.0 3.0 3.0 0.0 0.18800001 2 TOUCH_MOVE a
1403835493701 6 4098 53.685055 969.8893 0.16666667 3.0 3.0 3.0 3.0 0.0 0.192 2 TOUCH_MOVE a
1403835493717 6 4098 56.004017 969.951 0.16666667 3.0 3.0 3.0 3.0 0.0 0.192 2 TOUCH_MOVE a
1403835493735 6 4098 57.95876 969.951 0.16666667 3.0 3.0 3.0 3.0 0.0 0.192 2 TOUCH_MOVE a
1403835493751 6 4098 58.939312 969.951 0.16666667 3.0 3.0 3.0 3.0 0.0 0.192 2 TOUCH_MOVE a
1403835493768 6 4098 59.25 969.951 0.16666667 3.0 3.0 3.0 3.0 0.0 0.192 2 TOUCH_MOVE a
1403835493834 6 4098 57.0 969.951 0.16666667 3.0 3.0 3.0 3.0 0.0 0.17600001 2 TOUCH_MOVE a
1403835493842 6 4098 57.0 969.951 0.16666667 3.0 3.0 3.0 3.0 0.0 0.136 2 TOUCH_MOVE a
1403835493845 6 4098 57.0 969.951 0.16666667 3.0 3.0 3.0 3.0 0.0 0.136 1 TOUCH_UP a
1403835493966 6 4098 467.0 854.951 0.16666667 3.0 3.0 3.0 3.0 0.0 0.19600001 0 TOUCH_DOWN u
1403835493984 6 4098 467.0 854.951 0.16666667 3.0 3.0 3.0 3.0 0.0 0.2 2 TOUCH_MOVE u
1403835494019 6 4098 468.2936 854.951 0.23333335 4.0 4.0 4.0 4.0 0.0 0.216 2 TOUCH_MOVE u
1403835494035 6 4098 469.2486 855.1996 0.26666668 4.0 4.0 4.0 4.0 0.0 0.22000001 2 TOUCH_MOVE u
1403835494053 6 4098 469.85513 855.80615 0.26666668 4.0 4.0 4.0 4.0 0.0 0.22000001 2 TOUCH_MOVE u
1403835494068 6 4098 470.67938 856.6304 0.23333335 4.0 4.0 4.0 4.0 0.0 0.2 2 TOUCH_MOVE u
1403835494076 6 4098 470.5 856.451 0.13333334 2.0 2.0 2.0 2.0 0.0 0.136 2 TOUCH_MOVE u
1403835494080 6 4098 470.5 856.451 0.13333334 2.0 2.0 2.0 2.0 0.0 0.136 1 TOUCH_UP u
1403835494575 6 4098 261.0 1247.9509 0.16666667 4.0 4.0 4.0 4.0 0.0 0.17600001 0 TOUCH_DOWN Space
1403835494585 6 4098 261.0 1247.9509 0.16666667 4.0 4.0 4.0 4.0 0.0 0.18 2 TOUCH_MOVE Space
1403835494608 6 4098 262.2876 1245.7695 0.16666667 4.0 4.0 4.0 4.0 0.0 0.18400002 2 TOUCH_MOVE Space
1403835494623 6 4098 263.35132 1242.897 0.16666667 4.0 4.0 4.0 4.0 0.0 0.18800001 2 TOUCH_MOVE Space
1403835494635 6 4098 264.3236 1240.6273 0.20000002 5.0 5.0 5.0 5.0 0.0 0.18800001 2 TOUCH_MOVE Space
1403835494652 6 4098 265.0 1239.676 0.20000002 5.0 5.0 5.0 5.0 0.0 0.18800001 2 TOUCH_MOVE Space
1403835494668 6 4098 264.7567 1238.7076 0.23333335 5.0 5.0 5.0 5.0 0.0 0.192 2 TOUCH_MOVE Space
1403835494685 6 4098 263.8404 1237.6317 0.20000002 4.0 4.0 4.0 4.0 0.0 0.18400002 2 TOUCH_MOVE Space
1403835494693 6 4098 263.5 1236.9509 0.23333335 4.0 4.0 4.0 4.0 0.0 0.18 2 TOUCH_MOVE Space
1403835494697 6 4098 263.5 1236.9509 0.23333335 4.0 4.0 4.0 4.0 0.0 0.18 1 TOUCH_UP Space
1403835494977 6 4098 224.0 979.951 0.23333335 4.0 4.0 4.0 4.0 0.0 0.18800001 0 TOUCH_DOWN d
1403835495003 6 4098 224.47028 980.42126 0.23333335 4.0 4.0 4.0 4.0 0.0 0.192 2 TOUCH_MOVE d
1403835495019 6 4098 226.30208 981.35205 0.23333335 4.0 4.0 4.0 4.0 0.0 0.19600001 2 TOUCH_MOVE d
1403835495035 6 4098 228.2051 981.951 0.23333335 4.0 4.0 4.0 4.0 0.0 0.2 2 TOUCH_MOVE d
1403835495057 6 4098 229.25 981.951 0.23333335 4.0 4.0 4.0 4.0 0.0 0.2 2 TOUCH_MOVE d
1403835495069 6 4098 230.25 981.951 0.23333335 4.0 4.0 4.0 4.0 0.0 0.19600001 2 TOUCH_MOVE d
1403835495108 6 4098 228.00996 979.46094 0.23333335 5.0 5.0 5.0 5.0 0.0 0.17600001 2 TOUCH_MOVE d
1403835495111 6 4098 228.00996 979.46094 0.23333335 5.0 5.0 5.0 5.0 0.0 0.17600001 1 TOUCH_UP d
1403835495338 6 4098 461.0 847.451 0.23333335 4.0 4.0 4.0 4.0 0.0 0.20400001 0 TOUCH_DOWN u
1403835495352 6 4098 461.0 847.451 0.26666668 4.0 4.0 4.0 4.0 0.0 0.208 2 TOUCH_MOVE u
1403835495432 6 4098 461.0 847.951 0.23333335 4.0 4.0 4.0 4.0 0.0 0.2 2 TOUCH_MOVE u
1403835495436 6 4098 461.0 847.951 0.23333335 4.0 4.0 4.0 4.0 0.0 0.2 1 TOUCH_UP u
1403835495696 6 4098 234.0 1216.4509 0.20000002 3.0 3.0 3.0 3.0 0.0 0.18800001 0 TOUCH_DOWN Space
1403835495703 6 4098 234.0 1216.4509 0.20000002 3.0 3.0 3.0 3.0 0.0 0.19600001 2 TOUCH_MOVE Space
1403835495736 6 4098 235.19582 1216.4509 0.23333335 4.0 4.0 4.0 4.0 0.0 0.2 2 TOUCH_MOVE Space
1403835495753 6 4098 235.54721 1216.4509 0.23333335 4.0 4.0 4.0 4.0 0.0 0.2 2 TOUCH_MOVE Space
1403835495836 6 4098 233.68727 1215.5758 0.23333335 4.0 4.0 4.0 4.0 0.0 0.19600001 2 TOUCH_MOVE Space
1403835495849 6 4098 230.0 1213.4509 0.23333335 4.0 4.0 4.0 4.0 0.0 0.164 2 TOUCH_MOVE Space
1403835495856 6 4098 230.0 1213.4509 0.23333335 4.0 4.0 4.0 4.0 0.0 0.164 1 TOUCH_UP Space
1403835496103 6 4098 584.5 1128.9509 0.20000002 4.0 4.0 4.0 4.0 0.0 0.19600001 0 TOUCH_DOWN m
1403835496124 6 4098 584.1212 1128.9509 0.23333335 4.0 4.0 4.0 4.0 0.0 0.2 2 TOUCH_MOVE m
1403835496150 6 4098 583.15796 1128.9509 0.26666668 4.0 4.0 4.0 4.0 0.0 0.216 2 TOUCH_MOVE m
1403835496155 6 4098 581.8225 1129.1284 0.26666668 4.0 4.0 4.0 4.0 0.0 0.216 2 TOUCH_MOVE m
1403835496170 6 4098 580.88446 1130.0665 0.26666668 4.0 4.0 4.0 4.0 0.0 0.216 2 TOUCH_MOVE m
1403835496186 6 4098 580.25 1129.9509 0.26666668 4.0 4.0 4.0 4.0 0.0 0.22000001 2 TOUCH_MOVE m
1403835496204 6 4098 580.5 1130.4685 0.26666668 4.0 4.0 4.0 4.0 0.0 0.216 2 TOUCH_MOVE m
1403835496220 6 4098 579.9928 1130.4509 0.26666668 4.0 4.0 4.0 4.0 0.0 0.2 2 TOUCH_MOVE m
1403835496231 6 4098 580.0 1130.4509 0.16666667 3.0 3.0 3.0 3.0 0.0 0.14400001 2 TOUCH_MOVE m
1403835496235 6 4098 580.0 1130.4509 0.16666667 3.0 3.0 3.0 3.0 0.0 0.14400001 1 TOUCH_UP m
1403835496436 6 4098 42.5 968.451 0.16666667 3.0 3.0 3.0 3.0 0.0 0.16000001 0 TOUCH_DOWN a
1403835496454 6 4098 42.5 968.451 0.16666667 3.0 3.0 3.0 3.0 0.0 0.17600001 2 TOUCH_MOVE a
1403835496471 6 4098 46.11841 968.0273 0.16666667 3.0 3.0 3.0 3.0 0.0 0.18400002 2 TOUCH_MOVE a
1403835496487 6 4098 51.889336 967.451 0.16666667 3.0 3.0 3.0 3.0 0.0 0.18800001 2 TOUCH_MOVE a
1403835496503 6 4098 56.362854 967.7917 0.16666667 3.0 3.0 3.0 3.0 0.0 0.192 2 TOUCH_MOVE a
1403835496520 6 4098 59.11191 968.75696 0.16666667 3.0 3.0 3.0 3.0 0.0 0.192 2 TOUCH_MOVE a
1403835496537 6 4098 60.765213 969.2162 0.16666667 3.0 3.0 3.0 3.0 0.0 0.192 2 TOUCH_MOVE a
1403835496554 6 4098 61.724834 969.451 0.16666667 3.0 3.0 3.0 3.0 0.0 0.192 2 TOUCH_MOVE a
1403835496604 6 4098 60.395435 970.55554 0.16666667 3.0 3.0 3.0 3.0 0.0 0.18 2 TOUCH_MOVE a
1403835496628 6 4098 59.5 970.951 0.16666667 3.0 3.0 3.0 3.0 0.0 0.17600001 2 TOUCH_MOVE a
1403835496633 6 4098 59.5 970.951 0.16666667 3.0 3.0 3.0 3.0 0.0 0.17600001 1 TOUCH_UP a
1403835496867 6 4098 400.0 853.451 0.20000002 4.0 4.0 4.0 4.0 0.0 0.2 0 TOUCH_DOWN y
1403835496887 6 4098 400.0 852.9911 0.23333335 4.0 4.0 4.0 4.0 0.0 0.208 2 TOUCH_MOVE y
1403835496904 6 4098 400.8533 852.0977 0.23333335 4.0 4.0 4.0 4.0 0.0 0.208 2 TOUCH_MOVE y
1403835496920 6 4098 401.0 851.1103 0.23333335 4.0 4.0 4.0 4.0 0.0 0.208 2 TOUCH_MOVE y
1403835496937 6 4098 401.0 850.701 0.23333335 4.0 4.0 4.0 4.0 0.0 0.208 2 TOUCH_MOVE y
1403835496970 6 4098 401.0 851.451 0.20000002 4.0 4.0 4.0 4.0 0.0 0.18800001 2 TOUCH_MOVE y
1403835496974 6 4098 401.0 851.451 0.20000002 4.0 4.0 4.0 4.0 0.0 0.18800001 1 TOUCH_UP y
1403835497322 6 4098 254.0 1241.9509 0.13333334 3.0 3.0 3.0 3.0 0.0 0.18 0 TOUCH_DOWN Space
1403835497354 6 4098 254.0 1239.2483 0.23333335 4.0 4.0 4.0 4.0 0.0 0.192 2 TOUCH_MOVE Space
1403835497371 6 4098 254.76521 1235.6553 0.23333335 4.0 4.0 4.0 4.0 0.0 0.2 2 TOUCH_MOVE Space
1403835497388 6 4098 255.72388 1233.0032 0.23333335 4.0 4.0 4.0 4.0 0.0 0.20400001 2 TOUCH_MOVE Space
1403835497408 6 4098 256.60587 1231.2391 0.23333335 4.0 4.0 4.0 4.0 0.0 0.20400001 2 TOUCH_MOVE Space
1403835497421 6 4098 256.5 1230.3209 0.23333335 4.0 4.0 4.0 4.0 0.0 0.20400001 2 TOUCH_MOVE Space
1403835497471 6 4098 255.45619 1228.9071 0.23333335 4.0 4.0 4.0 4.0 0.0 0.19600001 2 TOUCH_MOVE Space
1403835497482 6 4098 254.0 1226.4509 0.16666667 3.0 3.0 3.0 3.0 0.0 0.18 2 TOUCH_MOVE Space
1403835497486 6 4098 254.0 1226.4509 0.16666667 3.0 3.0 3.0 3.0 0.0 0.18 1 TOUCH_UP Space
1403835497719 6 4098 266.0 1089.9509 0.26666668 5.0 5.0 5.0 5.0 0.0 0.192 0 TOUCH_DOWN c
1403835497739 6 4098 266.0 1089.9509 0.26666668 5.0 5.0 5.0 5.0 0.0 0.19600001 2 TOUCH_MOVE c
1403835497789 6 4098 266.0 1091.1747 0.26666668 5.0 5.0 5.0 5.0 0.0 0.208 2 TOUCH_MOVE c
1403835497805 6 4098 266.0 1092.1741 0.26666668 5.0 5.0 5.0 5.0 0.0 0.208 2 TOUCH_MOVE c
1403835497840 6 4098 265.0 1091.9509 0.13333334 2.0 2.0 2.0 2.0 0.0 0.14 2 TOUCH_MOVE c
1403835497856 6 4098 265.0 1091.9509 0.13333334 2.0 2.0 2.0 2.0 0.0 0.14 1 TOUCH_UP c
1403835498083 6 4098 54.0 963.951 0.16666667 3.0 3.0 3.0 3.0 0.0 0.16000001 0 TOUCH_DOWN a
1403835498088 6 4098 54.0 963.951 0.16666667 3.0 3.0 3.0 3.0 0.0 0.17600001 2 TOUCH_MOVE a
1403835498127 6 4098 55.41906 963.951 0.16666667 3.0 3.0 3.0 3.0 0.0 0.18400002 2 TOUCH_MOVE a
1403835498138 6 4098 57.345684 963.951 0.16666667 3.0 3.0 3.0 3.0 0.0 0.18800001 2 TOUCH_MOVE a
1403835498155 6 4098 58.874413 963.951 0.16666667 3.0 3.0 3.0 3.0 0.0 0.18800001 2 TOUCH_MOVE a
1403835498172 6 4098 59.84197 963.951 0.16666667 3.0 3.0 3.0 3.0 0.0 0.192 2 TOUCH_MOVE a
1403835498188 6 4098 60.75 963.951 0.16666667 3.0 3.0 3.0 3.0 0.0 0.18800001 2 TOUCH_MOVE a
1403835498223 6 4098 60.5 964.4893 0.16666667 3.0 3.0 3.0 3.0 0.0 0.18 2 TOUCH_MOVE a
1403835498232 6 4098 60.5 964.4893 0.16666667 3.0 3.0 3.0 3.0 0.0 0.18 1 TOUCH_UP a
1403835498469 6 4098 272.5 1119.9509 0.3 5.0 5.0 5.0 5.0 0.0 0.2 0 TOUCH_DOWN c
1403835498490 6 4098 272.5 1119.9509 0.3 5.0 5.0 5.0 5.0 0.0 0.20400001 2 TOUCH_MOVE c
1403835498507 6 4098 273.54108 1119.4099 0.3 5.0 5.0 5.0 5.0 0.0 0.21200001 2 TOUCH_MOVE c
1403835498522 6 4098 275.50058 1118.4507 0.3 5.0 5.0 5.0 5.0 0.0 0.21200001 2 TOUCH_MOVE c
1403835498539 6 4098 276.96173 1117.9509 0.3 5.0 5.0 5.0 5.0 0.0 0.21200001 2 TOUCH_MOVE c
1403835498556 6 4098 277.91995 1117.4509 0.3 5.0 5.0 5.0 5.0 0.0 0.21200001 2 TOUCH_MOVE c
1403835498572 6 4098 278.75 1117.4509 0.3 5.0 5.0 5.0 5.0 0.0 0.216 2 TOUCH_MOVE c
1403835498622 6 4098 277.0 1116.4509 0.33333334 5.0 5.0 5.0 5.0 0.0 0.192 2 TOUCH_MOVE c
1403835498629 6 4098 277.0 1116.4509 0.26666668 5.0 5.0 5.0 5.0 0.0 0.15200001 2 TOUCH_MOVE c
1403835498635 6 4098 277.0 1116.4509 0.26666668 5.0 5.0 5.0 5.0 0.0 0.15200001 1 TOUCH_UP c
1403835498782 6 4098 415.5 991.951 0.20000002 4.0 4.0 4.0 4.0 0.0 0.19600001 0 TOUCH_DOWN h
1403835498811 6 4098 415.5 991.951 0.20000002 4.0 4.0 4.0 4.0 0.0 0.2 2 TOUCH_MOVE h
1403835498899 6 4098 415.5 992.451 0.23333335 5.0 5.0 5.0 5.0 0.0 0.18400002 2 TOUCH_MOVE h
1403835498902 6 4098 415.5 992.451 0.23333335 5.0 5.0 5.0 5.0 0.0 0.18400002 1 TOUCH_UP h
1403835499185 6 4098 232.5 1244.9509 0.13333334 3.0 3.0 3.0 3.0 0.0 0.18 0 TOUCH_DOWN Space
1403835499206 6 4098 232.5 1244.9509 0.16666667 4.0 4.0 4.0 4.0 0.0 0.18400002 2 TOUCH_MOVE Space
1403835499223 6 4098 234.45988 1242.9911 0.20000002 4.0 4.0 4.0 4.0 0.0 0.192 2 TOUCH_MOVE Space
1403835499239 6 4098 237.05258 1239.6221 0.20000002 4.0 4.0 4.0 4.0 0.0 0.19600001 2 TOUCH_MOVE Space
1403835499259 6 4098 238.24149 1237.468 0.20000002 4.0 4.0 4.0 4.0 0.0 0.19600001 2 TOUCH_MOVE Space
1403835499273 6 4098 239.0 1236.2537 0.20000002 4.0 4.0 4.0 4.0 0.0 0.19600001 2 TOUCH_MOVE Space
1403835499291 6 4098 239.0 1235.2958 0.20000002 4.0 4.0 4.0 4.0 0.0 0.19600001 2 TOUCH_MOVE Space
1403835499306 6 4098 238.37329 1234.3242 0.23333335 4.0 4.0 4.0 4.0 0.0 0.19600001 2 TOUCH_MOVE Space
1403835499323 6 4098 236.23656 1231.6875 0.23333335 4.0 4.0 4.0 4.0 0.0 0.18800001 2 TOUCH_MOVE Space
1403835499345 6 4098 235.0 1229.4509 0.20000002 3.0 3.0 3.0 3.0 0.0 0.17600001 2 TOUCH_MOVE Space
1403835499351 6 4098 235.0 1229.4509 0.20000002 3.0 3.0 3.0 3.0 0.0 0.17600001 1 TOUCH_UP Space
1403835499602 6 4098 203.0 1097.9509 0.23333335 4.0 4.0 4.0 4.0 0.0 0.18800001 0 TOUCH_DOWN x
1403835499637 6 4098 203.0 1098.3792 0.26666668 4.0 4.0 4.0 4.0 0.0 0.192 2 TOUCH_MOVE x
1403835499642 6 4098 204.12703 1099.578 0.3 5.0 5.0 5.0 5.0 0.0 0.2 2 TOUCH_MOVE x
1403835499656 6 4098 206.0616 1100.7317 0.3 5.0 5.0 5.0 5.0 0.0 0.20400001 2 TOUCH_MOVE x
1403835499673 6 4098 207.21701 1101.668 0.3 5.0 5.0 5.0 5.0 0.0 0.20400001 2 TOUCH_MOVE x
1403835499690 6 4098 207.5 1102.6653 0.3 5.0 5.0 5.0 5.0 0.0 0.20400001 2 TOUCH_MOVE x
1403835499707 6 4098 207.5 1103.2009 0.3 5.0 5.0 5.0 5.0 0.0 0.20400001 2 TOUCH_MOVE x
1403835499723 6 4098 206.42323 1102.4126 0.23333335 4.0 4.0 4.0 4.0 0.0 0.19600001 2 TOUCH_MOVE x
1403835499740 6 4098 203.0 1099.4509 0.13333334 2.0 2.0 2.0 2.0 0.0 0.136 2 TOUCH_MOVE x
1403835499744 6 4098 203.0 1099.4509 0.13333334 2.0 2.0 2.0 2.0 0.0 0.136 1 TOUCH_UP x
1403835499968 6 4098 49.5 963.451 0.16666667 3.0 3.0 3.0 3.0 0.0 0.156 0 TOUCH_DOWN a
1403835499973 6 4098 49.5 963.451 0.16666667 3.0 3.0 3.0 3.0 0.0 0.17600001 2 TOUCH_MOVE a
1403835500007 6 4098 51.246128 962.12024 0.20000002 3.0 3.0 3.0 3.0 0.0 0.18400002 2 TOUCH_MOVE a
1403835500024 6 4098 54.716774 960.5454 0.20000002 3.0 3.0 3.0 3.0 0.0 0.18800001 2 TOUCH_MOVE a
1403835500040 6 4098 56.86698 959.584 0.20000002 3.0 3.0 3.0 3.0 0.0 0.192 2 TOUCH_MOVE a
1403835500061 6 4098 57.766834 958.68414 0.20000002 3.0 3.0 3.0 3.0 0.0 0.192 2 TOUCH_MOVE a
1403835500073 6 4098 58.787277 958.451 0.20000002 3.0 3.0 3.0 3.0 0.0 0.192 2 TOUCH_MOVE a
1403835500091 6 4098 59.749474 958.451 0.20000002 3.0 3.0 3.0 3.0 0.0 0.192 2 TOUCH_MOVE a
1403835500123 6 4098 58.903866 960.14325 0.16666667 3.0 3.0 3.0 3.0 0.0 0.17600001 2 TOUCH_MOVE a
1403835500133 6 4098 59.0 959.951 0.16666667 3.0 3.0 3.0 3.0 0.0 0.1 2 TOUCH_MOVE a
1403835500138 6 4098 59.0 959.951 0.16666667 3.0 3.0 3.0 3.0 0.0 0.1 1 TOUCH_UP a
1403835500420 6 4098 237.5 1210.4509 0.20000002 3.0 3.0 3.0 3.0 0.0 0.18800001 0 TOUCH_DOWN Space
1403835500455 6 4098 237.5 1211.3177 0.20000002 3.0 3.0 3.0 3.0 0.0 0.19600001 2 TOUCH_MOVE Space
1403835500459 6 4098 237.86395 1212.315 0.23333335 4.0 4.0 4.0 4.0 0.0 0.2 2 TOUCH_MOVE Space
1403835500474 6 4098 239.63206 1213.267 0.23333335 4.0 4.0 4.0 4.0 0.0 0.20400001 2 TOUCH_MOVE Space
1403835500490 6 4098 241.0501 1213.4509 0.23333335 4.0 4.0 4.0 4.0 0.0 0.208 2 TOUCH_MOVE Space
1403835500507 6 4098 242.2075 1213.4509 0.23333335 4.0 4.0 4.0 4.0 0.0 0.208 2 TOUCH_MOVE Space
1403835500524 6 4098 243.20276 1213.4509 0.23333335 4.0 4.0 4.0 4.0 0.0 0.208 2 TOUCH_MOVE Space
1403835500559 6 4098 243.5 1210.5083 0.23333335 4.0 4.0 4.0 4.0 0.0 0.208 2 TOUCH_MOVE Space
1403835500574 6 4098 240.62752 1199.3335 0.16666667 3.0 3.0 3.0 3.0 0.0 0.18800001 2 TOUCH_MOVE Space
1403835500584 6 4098 241.0 1200.4509 0.16666667 3.0 3.0 3.0 3.0 0.0 0.104 2 TOUCH_MOVE Space
1403835500588 6 4098 241.0 1200.4509 0.16666667 3.0 3.0 3.0 3.0 0.0 0.104 1 TOUCH_UP Space
1403835500754 6 4098 280.5 1121.9509 0.26666668 4.0 4.0 4.0 4.0 0.0 0.20400001 0 TOUCH_DOWN c
1403835500761 6 4098 280.5 1121.9509 0.26666668 4.0 4.0 4.0 4.0 0.0 0.208 2 TOUCH_MOVE c
1403835500792 6 4098 284.12692 1121.9509 0.26666668 4.0 4.0 4.0 4.0 0.0 0.21200001 2 TOUCH_MOVE c
1403835500807 6 4098 286.05472 1121.9509 0.26666668 4.0 4.0 4.0 4.0 0.0 0.21200001 2 TOUCH_MOVE c
1403835500824 6 4098 286.97943 1122.4509 0.26666668 4.0 4.0 4.0 4.0 0.0 0.21200001 2 TOUCH_MOVE c
1403835500842 6 4098 287.25 1122.4509 0.26666668 4.0 4.0 4.0 4.0 0.0 0.21200001 2 TOUCH_MOVE c
1403835500871 6 4098 285.5 1122.4509 0.26666668 4.0 4.0 4.0 4.0 0.0 0.18800001 2 TOUCH_MOVE c
1403835500874 6 4098 285.5 1122.4509 0.26666668 4.0 4.0 4.0 4.0 0.0 0.18800001 1 TOUCH_UP c
1403835501074 6 4098 466.5 852.451 0.23333335 4.0 4.0 4.0 4.0 0.0 0.20400001 0 TOUCH_DOWN u
1403835501096 6 4098 466.5 852.0308 0.20000002 3.0 3.0 3.0 3.0 0.0 0.20400001 2 TOUCH_MOVE u
1403835501108 6 4098 466.5 851.1479 0.23333335 4.0 4.0 4.0 4.0 0.0 0.208 2 TOUCH_MOVE u
1403835501125 6 4098 466.5 850.1876 0.23333335 4.0 4.0 4.0 4.0 0.0 0.208 2 TOUCH_MOVE u
1403835501142 6 4098 466.5 849.701 0.23333335 4.0 4.0 4.0 4.0 0.0 0.208 2 TOUCH_MOVE u
1403835501166 6 4098 466.5 849.951 0.13333334 2.0 2.0 2.0 2.0 0.0 0.17600001 2 TOUCH_MOVE u
1403835501170 6 4098 466.5 849.951 0.13333334 2.0 2.0 2.0 2.0 0.0 0.17600001 1 TOUCH_UP u
1403835501528 6 4098 503.5 1129.9509 0.26666668 5.0 5.0 5.0 5.0 0.0 0.192 0 TOUCH_DOWN n
1403835501541 6 4098 503.5 1129.9509 0.26666668 5.0 5.0 5.0 5.0 0.0 0.2 2 TOUCH_MOVE n
1403835501576 6 4098 504.68164 1129.9509 0.23333335 4.0 4.0 4.0 4.0 0.0 0.20400001 2 TOUCH_MOVE n
1403835501609 6 4098 505.1524 1129.9509 0.23333335 4.0 4.0 4.0 4.0 0.0 0.20400001 2 TOUCH_MOVE n
1403835501626 6 4098 505.0 1131.0211 0.23333335 5.0 5.0 5.0 5.0 0.0 0.17600001 2 TOUCH_MOVE n
1403835501630 6 4098 505.0 1131.0211 0.23333335 5.0 5.0 5.0 5.0 0.0 0.17600001 1 TOUCH_UP n
1403835501821 6 4098 354.5 958.451 0.20000002 3.0 3.0 3.0 3.0 0.0 0.2 0 TOUCH_DOWN g
1403835501825 6 4098 354.5 958.451 0.23333335 4.0 4.0 4.0 4.0 0.0 0.20400001 2 TOUCH_MOVE g
1403835501925 6 4098 352.0 960.951 0.16666667 3.0 3.0 3.0 3.0 0.0 0.18 2 TOUCH_MOVE g
1403835501931 6 4098 352.0 960.951 0.16666667 3.0 3.0 3.0 3.0 0.0 0.120000005 2 TOUCH_MOVE g
1403835501934 6 4098 352.0 960.951 0.16666667 3.0 3.0 3.0 3.0 0.0 0.120000005 1 TOUCH_UP g
1403835502210 6 4098 269.5 1188.9509 0.23333335 5.0 5.0 5.0 5.0 0.0 0.18800001 0 TOUCH_DOWN Space
1403835502252 6 4098 269.5 1188.9509 0.26666668 5.0 5.0 5.0 5.0 0.0 0.192 2 TOUCH_MOVE Space
1403835502325 6 4098 270.37436 1188.5765 0.26666668 5.0 5.0 5.0 5.0 0.0 0.19600001 2 TOUCH_MOVE Space
1403835502342 6 4098 271.31866 1185.3575 0.3 5.0 5.0 5.0 5.0 0.0 0.192 2 TOUCH_MOVE Space
1403835502348 6 4098 271.5 1184.4509 0.3 5.0 5.0 5.0 5.0 0.0 0.18400002 2 TOUCH_MOVE Space
1403835502352 6 4098 271.5 1184.4509 0.3 5.0 5.0 5.0 5.0 0.0 0.18400002 1 TOUCH_UP Space
1403835502739 6 4098 319.5 818.951 0.26666668 4.0 4.0 4.0 4.0 0.0 0.2 0 TOUCH_DOWN t
1403835502762 6 4098 319.5 818.951 0.3 5.0 5.0 5.0 5.0 0.0 0.20400001 2 TOUCH_MOVE t
1403835502777 6 4098 320.29553 818.951 0.3 5.0 5.0 5.0 5.0 0.0 0.208 2 TOUCH_MOVE t
1403835502793 6 4098 321.26535 819.2163 0.3 5.0 5.0 5.0 5.0 0.0 0.208 2 TOUCH_MOVE t
1403835502809 6 4098 321.99423 819.94525 0.3 5.0 5.0 5.0 5.0 0.0 0.208 2 TOUCH_MOVE t
1403835502826 6 4098 323.18585 821.13684 0.33333334 5.0 5.0 5.0 5.0 0.0 0.208 2 TOUCH_MOVE t
1403835502865 6 4098 324.0 823.451 0.33333334 5.0 5.0 5.0 5.0 0.0 0.18800001 2 TOUCH_MOVE t
1403835502869 6 4098 324.0 823.451 0.33333334 5.0 5.0 5.0 5.0 0.0 0.18800001 1 TOUCH_UP t
1403835503453 6 4098 527.0 838.451 0.20000002 4.0 4.0 4.0 4.0 0.0 0.2 0 TOUCH_DOWN i
1403835503462 6 4098 527.0 838.451 0.20000002 4.0 4.0 4.0 4.0 0.0 0.20400001 2 TOUCH_MOVE i
1403835503510 6 4098 527.5461 839.4971 0.26666668 4.0 4.0 4.0 4.0 0.0 0.208 2 TOUCH_MOVE i
1403835503531 6 4098 529.51917 842.474 0.23333335 4.0 4.0 4.0 4.0 0.0 0.20400001 2 TOUCH_MOVE i
1403835503544 6 4098 532.0 845.451 0.20000002 4.0 4.0 4.0 4.0 0.0 0.18800001 2 TOUCH_MOVE i
1403835503548 6 4098 532.0 845.451 0.16666667 3.0 3.0 3.0 3.0 0.0 0.104 2 TOUCH_MOVE i
1403835503564 6 4098 532.0 845.451 0.16666667 3.0 3.0 3.0 3.0 0.0 0.104 1 TOUCH_UP i
1403835503978 6 4098 563.5 1123.9509 0.26666668 4.0 4.0 4.0 4.0 0.0 0.2 0 TOUCH_DOWN m
1403835504060 6 4098 563.5 1124.6777 0.26666668 4.0 4.0 4.0 4.0 0.0 0.20400001 2 TOUCH_MOVE m
1403835504077 6 4098 563.5 1124.9509 0.16666667 3.0 3.0 3.0 3.0 0.0 0.120000005 2 TOUCH_MOVE m
1403835504080 6 4098 563.5 1124.9509 0.16666667 3.0 3.0 3.0 3.0 0.0 0.120000005 1 TOUCH_UP m
