1403835388198 6 4098 332.0 845.951 0.26666668 5.0 5.0 5.0 5.0 0.0 0.18800001 0 TOUCH_DOWN T
1403835388227 6 4098 332.0 845.951 0.23333335 4.0 4.0 4.0 4.0 0.0 0.192 2 TOUCH_MOVE T
1403835388306 6 4098 332.0 845.951 0.23333335 4.0 4.0 4.0 4.0 0.0 0.192 1 TOUCH_UP T
1403835388525 6 4098 604.5 877.451 0.26666668 4.0 4.0 4.0 4.0 0.0 0.2 0 TOUCH_DOWN o
1403835388603 6 4098 604.5 877.451 0.26666668 4.0 4.0 4.0 4.0 0.0 0.208 2 TOUCH_MOVE o
1403835388619 6 4098 603.812 877.451 0.26666668 4.0 4.0 4.0 4.0 0.0 0.208 2 TOUCH_MOVE o
1403835388643 6 4098 604.0 877.451 0.26666668 4.0 4.0 4.0 4.0 0.0 0.18 2 TOUCH_MOVE o
1403835388647 6 4098 604.0 877.451 0.26666668 4.0 4.0 4.0 4.0 0.0 0.18 1 TOUCH_UP o
1403835389069 6 4098 530.5 863.451 0.20000002 3.0 3.0 3.0 3.0 0.0 0.20400001 0 TOUCH_DOWN i
1403835389086 6 4098 530.5 863.8283 0.23333335 4.0 4.0 4.0 4.0 0.0 0.20400001 2 TOUCH_MOVE i
1403835389104 6 4098 530.5 864.6688 0.26666668 4.0 4.0 4.0 4.0 0.0 0.216 2 TOUCH_MOVE i
1403835389120 6 4098 530.5 865.63086 0.26666668 4.0 4.0 4.0 4.0 0.0 0.22000001 2 TOUCH_MOVE i
1403835389137 6 4098 530.5 866.5904 0.26666668 4.0 4.0 4.0 4.0 0.0 0.22000001 2 TOUCH_MOVE i
1403835389153 6 4098 530.5 867.54956 0.26666668 4.0 4.0 4.0 4.0 0.0 0.216 2 TOUCH_MOVE i
1403835389171 6 4098 531.51306 868.46405 0.26666668 4.0 4.0 4.0 4.0 0.0 0.208 2 TOUCH_MOVE i
1403835389186 6 4098 532.25 869.201 0.26666668 4.0 4.0 4.0 4.0 0.0 0.192 2 TOUCH_MOVE i
1403835389191 6 4098 532.25 869.201 0.26666668 4.0 4.0 4.0 4.0 0.0 0.192 1 TOUCH_UP i
1403835389670 6 4098 278.0 1237.4509 0.16666667 4.0 4.0 4.0 4.0 0.0 0.17600001 0 TOUCH_DOWN Space
1403835389689 6 4098 278.0 1237.4509 0.16666667 4.0 4.0 4.0 4.0 0.0 0.18 2 TOUCH_MOVE Space
1403835389704 6 4098 278.77948 1236.392 0.20000002 4.0 4.0 4.0 4.0 0.0 0.18800001 2 TOUCH_MOVE Space
1403835389722 6 4098 280.44223 1234.5087 0.23333335 4.0 4.0 4.0 4.0 0.0 0.192 2 TOUCH_MOVE Space
1403835389737 6 4098 281.70526 1232.7456 0.23333335 4.0 4.0 4.0 4.0 0.0 0.192 2 TOUCH_MOVE Space
1403835389754 6 4098 282.0 1231.7858 0.23333335 4.0 4.0 4.0 4.0 0.0 0.192 2 TOUCH_MOVE Space
1403835389787 6 4098 282.0 1231.2009 0.23333335 4.0 4.0 4.0 4.0 0.0 0.192 2 TOUCH_MOVE Space
1403835389797 6 4098 281.5 1231.4509 0.26666668 5.0 5.0 5.0 5.0 0.0 0.18 2 TOUCH_MOVE Space
1403835389802 6 4098 281.5 1231.4509 0.26666668 5.0 5.0 5.0 5.0 0.0 0.18 1 TOUCH_UP Space
1403835390186 6 4098 406.5 872.451 0.26666668 4.0 4.0 4.0 4.0 0.0 0.20400001 0 TOUCH_DOWN y
1403835390285 6 4098 405.5 873.451 0.3 5.0 5.0 5.0 5.0 0.0 0.18 2 TOUCH_MOVE y
1403835390289 6 4098 405.5 873.451 0.3 5.0 5.0 5.0 5.0 0.0 0.18 1 TOUCH_UP y
1403835390561 6 4098 174.0 855.451 0.20000002 4.0 4.0 4.0 4.0 0.0 0.17600001 0 TOUCH_DOWN e
1403835390571 6 4098 174.0 855.451 0.20000002 4.0 4.0 4.0 4.0 0.0 0.18 2 TOUCH_MOVE e
1403835390607 6 4098 175.2242 854.7268 0.16666667 3.0 3.0 3.0 3.0 0.0 0.192 2 TOUCH_MOVE e
1403835390621 6 4098 178.3581 852.18243 0.20000002 3.0 3.0 3.0 3.0 0.0 0.19600001 2 TOUCH_MOVE e
1403835390638 6 4098 181.13248 850.3627 0.20000002 3.0 3.0 3.0 3.0 0.0 0.19600001 2 TOUCH_MOVE e
1403835390656 6 4098 183.50061 848.9507 0.20000002 3.0 3.0 3.0 3.0 0.0 0.19600001 2 TOUCH_MOVE e
1403835390671 6 4098 184.43904 848.01196 0.20000002 3.0 3.0 3.0 3.0 0.0 0.2 2 TOUCH_MOVE e
1403835390690 6 4098 184.75 847.701 0.20000002 3.0 3.0 3.0 3.0 0.0 0.19600001 2 TOUCH_MOVE e
1403835390722 6 4098 182.5 847.951 0.20000002 4.0 4.0 4.0 4.0 0.0 0.18 2 TOUCH_MOVE e
1403835390728 6 4098 182.5 847.951 0.20000002 4.0 4.0 4.0 4.0 0.0 0.156 2 TOUCH_MOVE e
1403835390732 6 4098 182.5 847.951 0.20000002 4.0 4.0 4.0 4.0 0.0 0.156 1 TOUCH_UP e
1403835390812 6 4098 479.5 869.951 0.23333335 4.0 4.0 4.0 4.0 0.0 0.2 0 TOUCH_DOWN u
1403835390939 6 4098 479.5 869.951 0.23333335 4.0 4.0 4.0 4.0 0.0 0.2 1 TOUCH_UP u
1403835391508 6 4098 246.0 1230.9509 0.16666667 3.0 3.0 3.0 3.0 0.0 0.18800001 0 TOUCH_DOWN Space
1403835391522 6 4098 246.0 1230.9509 0.16666667 3.0 3.0 3.0 3.0 0.0 0.192 2 TOUCH_MOVE Space
1403835391561 6 4098 246.0 1229.6876 0.16666667 3.0 3.0 3.0 3.0 0.0 0.19600001 2 TOUCH_MOVE Space
1403835391572 6 4098 246.0 1228.7009 0.16666667 3.0 3.0 3.0 3.0 0.0 0.19600001 2 TOUCH_MOVE Space
1403835391623 6 4098 245.5 1227.4509 0.16666667 3.0 3.0 3.0 3.0 0.0 0.18 2 TOUCH_MOVE Space
1403835391627 6 4098 245.5 1227.4509 0.16666667 3.0 3.0 3.0 3.0 0.0 0.18 1 TOUCH_UP Space
1403835392175 6 4098 321.5 848.451 0.26666668 5.0 5.0 5.0 5.0 0.0 0.18400002 0 TOUCH_DOWN t
1403835392198 6 4098 321.5 848.451 0.26666668 5.0 5.0 5.0 5.0 0.0 0.18800001 2 TOUCH_MOVE t
1403835392306 6 4098 321.0 848.451 0.16666667 3.0 3.0 3.0 3.0 0.0 0.116000004 2 TOUCH_MOVE t
1403835392311 6 4098 321.0 848.451 0.16666667 3.0 3.0 3.0 3.0 0.0 0.116000004 1 TOUCH_UP t
1403835392459 6 4098 253.5 819.951 0.26666668 4.0 4.0 4.0 4.0 0.0 0.18800001 0 TOUCH_DOWN r
1403835392473 6 4098 253.5 819.951 0.26666668 4.0 4.0 4.0 4.0 0.0 0.19600001 2 TOUCH_MOVE r
1403835392489 6 4098 254.60948 821.0605 0.3 5.0 5.0 5.0 5.0 0.0 0.2 2 TOUCH_MOVE r
1403835392506 6 4098 256.04926 822.50024 0.3 5.0 5.0 5.0 5.0 0.0 0.20400001 2 TOUCH_MOVE r
1403835392523 6 4098 257.53027 823.98126 0.3 5.0 5.0 5.0 5.0 0.0 0.20400001 2 TOUCH_MOVE r
1403835392541 6 4098 258.4915 825.4425 0.3 5.0 5.0 5.0 5.0 0.0 0.20400001 2 TOUCH_MOVE r
1403835392557 6 4098 259.46375 826.41473 0.33333334 5.0 5.0 5.0 5.0 0.0 0.2 2 TOUCH_MOVE r
1403835392573 6 4098 260.36136 827.3124 0.33333334 5.0 5.0 5.0 5.0 0.0 0.2 2 TOUCH_MOVE r
1403835392590 6 4098 260.5 828.32324 0.3 5.0 5.0 5.0 5.0 0.0 0.19600001 2 TOUCH_MOVE r
1403835392608 6 4098 259.68594 829.7651 0.26666668 4.0 4.0 4.0 4.0 0.0 0.18400002 2 TOUCH_MOVE r
1403835392624 6 4098 259.5 829.951 0.16666667 3.0 3.0 3.0 3.0 0.0 0.104 2 TOUCH_MOVE r
1403835392630 6 4098 259.5 829.951 0.16666667 3.0 3.0 3.0 3.0 0.0 0.104 1 TOUCH_UP r
1403835392872 6 4098 492.0 877.451 0.26666668 4.0 4.0 4.0 4.0 0.0 0.2 0 TOUCH_DOWN u
1403835392957 6 4098 491.51392 877.451 0.26666668 4.0 4.0 4.0 4.0 0.0 0.208 2 TOUCH_MOVE u
1403835392973 6 4098 490.75 877.451 0.26666668 4.0 4.0 4.0 4.0 0.0 0.20400001 2 TOUCH_MOVE u
1403835392990 6 4098 490.5 877.451 0.26666668 4.0 4.0 4.0 4.0 0.0 0.192 2 TOUCH_MOVE u
1403835392994 6 4098 490.5 877.451 0.26666668 5.0 5.0 5.0 5.0 0.0 0.16800001 2 TOUCH_MOVE u
1403835392998 6 4098 490.5 877.451 0.26666668 5.0 5.0 5.0 5.0 0.0 0.16800001 1 TOUCH_UP u
1403835393214 6 4098 405.5 862.951 0.23333335 4.0 4.0 4.0 4.0 0.0 0.2 0 TOUCH_DOWN y
1403835393231 6 4098 405.5 862.951 0.23333335 4.0 4.0 4.0 4.0 0.0 0.19600001 2 TOUCH_MOVE y
1403835393274 6 4098 405.5 864.1393 0.26666668 4.0 4.0 4.0 4.0 0.0 0.20400001 2 TOUCH_MOVE y
1403835393290 6 4098 405.5 865.1517 0.26666668 4.0 4.0 4.0 4.0 0.0 0.2 2 TOUCH_MOVE y
1403835393309 6 4098 405.5 865.91113 0.26666668 4.0 4.0 4.0 4.0 0.0 0.2 2 TOUCH_MOVE y
1403835393325 6 4098 407.23035 867.06616 0.16666667 3.0 3.0 3.0 3.0 0.0 0.18 2 TOUCH_MOVE y
1403835393329 6 4098 407.23035 867.06616 0.16666667 3.0 3.0 3.0 3.0 0.0 0.18 1 TOUCH_UP y
1403835393547 6 4098 182.0 832.451 0.20000002 4.0 4.0 4.0 4.0 0.0 0.18400002 0 TOUCH_DOWN e
1403835393559 6 4098 182.0 832.451 0.23333335 5.0 5.0 5.0 5.0 0.0 0.18800001 2 TOUCH_MOVE e
1403835393575 6 4098 183.01624 832.451 0.23333335 5.0 5.0 5.0 5.0 0.0 0.19600001 2 TOUCH_MOVE e
1403835393590 6 4098 184.42189 832.451 0.23333335 5.0 5.0 5.0 5.0 0.0 0.19600001 2 TOUCH_MOVE e
1403835393610 6 4098 185.43175 832.451 0.20000002 4.0 4.0 4.0 4.0 0.0 0.2 2 TOUCH_MOVE e
1403835393624 6 4098 186.39645 832.451 0.20000002 4.0 4.0 4.0 4.0 0.0 0.2 2 TOUCH_MOVE e
1403835393641 6 4098 186.75 832.451 0.20000002 4.0 4.0 4.0 4.0 0.0 0.2 2 TOUCH_MOVE e
1403835393674 6 4098 185.2208 832.1912 0.26666668 5.0 5.0 5.0 5.0 0.0 0.18800001 2 TOUCH_MOVE e
1403835393681 6 4098 184.5 831.951 0.26666668 5.0 5.0 5.0 5.0 0.0 0.17600001 2 TOUCH_MOVE e
1403835393684 6 4098 184.5 831.951 0.26666668 5.0 5.0 5.0 5.0 0.0 0.17600001 1 TOUCH_UP e
1403835394108 6 4098 516.5 1119.9509 0.26666668 4.0 4.0 4.0 4.0 0.0 0.2 0 TOUCH_DOWN n
1403835394127 6 4098 516.5 1119.9509 0.26666668 4.0 4.0 4.0 4.0 0.0 0.20400001 2 TOUCH_MOVE n
1403835394142 6 4098 515.95465 1120.4963 0.26666668 4.0 4.0 4.0 4.0 0.0 0.216 2 TOUCH_MOVE n
1403835394158 6 4098 515.25 1121.2009 0.26666668 4.0 4.0 4.0 4.0 0.0 0.216 2 TOUCH_MOVE n
1403835394208 6 4098 515.5 1121.9116 0.26666668 4.0 4.0 4.0 4.0 0.0 0.21200001 2 TOUCH_MOVE n
1403835394220 6 4098 516.0 1122.4509 0.26666668 4.0 4.0 4.0 4.0 0.0 0.18800001 2 TOUCH_MOVE n
1403835394223 6 4098 516.0 1122.4509 0.26666668 4.0 4.0 4.0 4.0 0.0 0.18800001 1 TOUCH_UP n
1403835394600 6 4098 235.5 1268.5 0.10000001 2.0 2.0 2.0 2.0 0.0 0.128 0 TOUCH_DOWN Space
1403835394608 6 4098 235.5 1268.5 0.10000001 2.0 2.0 2.0 2.0 0.0 0.148 2 TOUCH_MOVE Space
1403835394627 6 4098 235.5 1270.0 0.10000001 2.0 2.0 2.0 2.0 0.0 0.16000001 2 TOUCH_MOVE Space
1403835394641 6 4098 236.4547 1268.5906 0.10000001 2.0 2.0 2.0 2.0 0.0 0.17600001 2 TOUCH_MOVE Space
1403835394658 6 4098 237.41464 1263.0121 0.16666667 4.0 4.0 4.0 4.0 0.0 0.18 2 TOUCH_MOVE Space
1403835394677 6 4098 238.37488 1258.0005 0.16666667 4.0 4.0 4.0 4.0 0.0 0.18 2 TOUCH_MOVE Space
1403835394696 6 4098 238.82512 1254.4927 0.16666667 4.0 4.0 4.0 4.0 0.0 0.18400002 2 TOUCH_MOVE Space
1403835394710 6 4098 239.78848 1251.874 0.16666667 4.0 4.0 4.0 4.0 0.0 0.18400002 2 TOUCH_MOVE Space
1403835394732 6 4098 240.73997 1249.7311 0.16666667 4.0 4.0 4.0 4.0 0.0 0.18400002 2 TOUCH_MOVE Space
1403835394741 6 4098 241.5 1248.4509 0.10000001 2.0 2.0 2.0 2.0 0.0 0.17600001 2 TOUCH_MOVE Space
1403835394745 6 4098 241.5 1248.4509 0.10000001 2.0 2.0 2.0 2.0 0.0 0.17600001 1 TOUCH_UP Space
1403835395041 6 4098 288.5 1087.4509 0.16666667 3.0 3.0 3.0 3.0 0.0 0.192 0 TOUCH_DOWN c
1403835395064 6 4098 288.9707 1087.9216 0.16666667 3.0 3.0 3.0 3.0 0.0 0.19600001 2 TOUCH_MOVE c
1403835395076 6 4098 290.31613 1088.859 0.23333335 4.0 4.0 4.0 4.0 0.0 0.20400001 2 TOUCH_MOVE c
1403835395092 6 4098 291.35553 1089.8065 0.23333335 4.0 4.0 4.0 4.0 0.0 0.20400001 2 TOUCH_MOVE c
1403835395109 6 4098 292.32953 1090.7804 0.23333335 4.0 4.0 4.0 4.0 0.0 0.20400001 2 TOUCH_MOVE c
1403835395125 6 4098 292.5 1091.7443 0.23333335 4.0 4.0 4.0 4.0 0.0 0.20400001 2 TOUCH_MOVE c
1403835395142 6 4098 292.5 1092.2009 0.23333335 4.0 4.0 4.0 4.0 0.0 0.2 2 TOUCH_MOVE c
1403835395159 6 4098 292.5 1091.9509 0.23333335 4.0 4.0 4.0 4.0 0.0 0.17600001 2 TOUCH_MOVE c
1403835395163 6 4098 292.5 1091.9509 0.23333335 4.0 4.0 4.0 4.0 0.0 0.17600001 1 TOUCH_UP c
1403835395361 6 4098 604.0 871.451 0.26666668 4.0 4.0 4.0 4.0 0.0 0.19600001 0 TOUCH_DOWN o
1403835395376 6 4098 604.0 871.451 0.26666668 4.0 4.0 4.0 4.0 0.0 0.2 2 TOUCH_MOVE o
1403835395409 6 4098 604.0 872.5555 0.26666668 4.0 4.0 4.0 4.0 0.0 0.208 2 TOUCH_MOVE o
1403835395426 6 4098 604.0 873.5232 0.26666668 4.0 4.0 4.0 4.0 0.0 0.208 2 TOUCH_MOVE o
1403835395442 6 4098 604.0 873.9669 0.26666668 4.0 4.0 4.0 4.0 0.0 0.208 2 TOUCH_MOVE o
1403835395486 6 4098 604.0 873.9669 0.26666668 4.0 4.0 4.0 4.0 0.0 0.208 1 TOUCH_UP o
1403835396052 6 4098 256.0 1220.9509 0.20000002 3.0 3.0 3.0 3.0 0.0 0.18400002 0 TOUCH_DOWN Space
1403835396060 6 4098 256.0 1220.9509 0.20000002 3.0 3.0 3.0 3.0 0.0 0.18800001 2 TOUCH_MOVE Space
1403835396110 6 4098 256.61517 1220.9509 0.23333335 4.0 4.0 4.0 4.0 0.0 0.2 2 TOUCH_MOVE Space
1403835396128 6 4098 257.39227 1220.9509 0.23333335 4.0 4.0 4.0 4.0 0.0 0.2 2 TOUCH_MOVE Space
1403835396145 6 4098 257.75 1220.9509 0.23333335 4.0 4.0 4.0 4.0 0.0 0.2 2 TOUCH_MOVE Space
1403835396202 6 4098 257.0 1220.4509 0.16666667 3.0 3.0 3.0 3.0 0.0 0.112 2 TOUCH_MOVE Space
1403835396208 6 4098 257.0 1220.4509 0.16666667 3.0 3.0 3.0 3.0 0.0 0.112 1 TOUCH_UP Space
1403835396639 6 4098 523.0 1122.9509 0.20000002 4.0 4.0 4.0 4.0 0.0 0.192 0 TOUCH_DOWN n
1403835396664 6 4098 523.0 1122.9509 0.23333335 4.0 4.0 4.0 4.0 0.0 0.2 2 TOUCH_MOVE n
1403835396693 6 4098 522.38513 1123.5658 0.26666668 4.0 4.0 4.0 4.0 0.0 0.20400001 2 TOUCH_MOVE n
1403835396710 6 4098 521.5067 1123.4509 0.26666668 4.0 4.0 4.0 4.0 0.0 0.20400001 2 TOUCH_MOVE n
1403835396727 6 4098 521.0235 1123.9274 0.26666668 4.0 4.0 4.0 4.0 0.0 0.20400001 2 TOUCH_MOVE n
1403835396743 6 4098 520.77 1124.1809 0.26666668 4.0 4.0 4.0 4.0 0.0 0.2 2 TOUCH_MOVE n
1403835396763 6 4098 520.77 1124.1809 0.26666668 4.0 4.0 4.0 4.0 0.0 0.2 1 TOUCH_UP n
1403835397047 6 4098 482.0 873.951 0.26666668 4.0 4.0 4.0 4.0 0.0 0.20400001 0 TOUCH_DOWN u
1403835397061 6 4098 482.0 873.951 0.26666668 4.0 4.0 4.0 4.0 0.0 0.208 2 TOUCH_MOVE u
1403835397094 6 4098 481.4824 873.43335 0.26666668 4.0 4.0 4.0 4.0 0.0 0.216 2 TOUCH_MOVE u
1403835397111 6 4098 480.46973 872.4207 0.26666668 4.0 4.0 4.0 4.0 0.0 0.216 2 TOUCH_MOVE u
1403835397127 6 4098 479.51056 871.96155 0.26666668 4.0 4.0 4.0 4.0 0.0 0.22000001 2 TOUCH_MOVE u
1403835397144 6 4098 479.25 871.701 0.26666668 4.0 4.0 4.0 4.0 0.0 0.216 2 TOUCH_MOVE u
1403835397167 6 4098 479.25 871.701 0.26666668 4.0 4.0 4.0 4.0 0.0 0.216 1 TOUCH_UP u
1403835397375 6 4098 604.0 843.451 0.26666668 4.0 4.0 4.0 4.0 0.0 0.2 0 TOUCH_DOWN o
1403835397427 6 4098 604.0 844.3376 0.26666668 4.0 4.0 4.0 4.0 0.0 0.21200001 2 TOUCH_MOVE o
1403835397444 6 4098 604.0 845.1837 0.26666668 5.0 5.0 5.0 5.0 0.0 0.208 2 TOUCH_MOVE o
1403835397461 6 4098 604.0 845.99084 0.26666668 5.0 5.0 5.0 5.0 0.0 0.208 2 TOUCH_MOVE o
1403835397478 6 4098 604.65063 847.75226 0.26666668 5.0 5.0 5.0 5.0 0.0 0.2 2 TOUCH_MOVE o
1403835397487 6 4098 604.5 847.451 0.23333335 5.0 5.0 5.0 5.0 0.0 0.17600001 2 TOUCH_MOVE o
1403835397495 6 4098 604.5 847.451 0.23333335 5.0 5.0 5.0 5.0 0.0 0.17600001 1 TOUCH_UP o
1403835397812 6 4098 295.0 1124.9509 0.20000002 4.0 4.0 4.0 4.0 0.0 0.18400002 0 TOUCH_DOWN c
1403835397829 6 4098 295.80304 1124.1478 0.20000002 4.0 4.0 4.0 4.0 0.0 0.19600001 2 TOUCH_MOVE c
1403835397855 6 4098 296.77576 1123.1752 0.20000002 4.0 4.0 4.0 4.0 0.0 0.19600001 2 TOUCH_MOVE c
1403835397861 6 4098 297.0 1122.2174 0.20000002 4.0 4.0 4.0 4.0 0.0 0.19600001 2 TOUCH_MOVE c
1403835397879 6 4098 297.6975 1121.2534 0.20000002 4.0 4.0 4.0 4.0 0.0 0.19600001 2 TOUCH_MOVE c
1403835397918 6 4098 297.6975 1121.2534 0.20000002 4.0 4.0 4.0 4.0 0.0 0.19600001 1 TOUCH_UP c
1403835398163 6 4098 263.0 1219.9509 0.26666668 5.0 5.0 5.0 5.0 0.0 0.18800001 0 TOUCH_DOWN Space
1403835398180 6 4098 263.0 1219.9509 0.26666668 5.0 5.0 5.0 5.0 0.0 0.192 2 TOUCH_MOVE Space
1403835398195 6 4098 264.86987 1219.516 0.26666668 5.0 5.0 5.0 5.0 0.0 0.19600001 2 TOUCH_MOVE Space
1403835398211 6 4098 267.13452 1218.5728 0.26666668 5.0 5.0 5.0 5.0 0.0 0.19600001 2 TOUCH_MOVE Space
1403835398229 6 4098 268.3547 1218.0962 0.26666668 5.0 5.0 5.0 5.0 0.0 0.2 2 TOUCH_MOVE Space
1403835398245 6 4098 269.8044 1217.1465 0.26666668 5.0 5.0 5.0 5.0 0.0 0.2 2 TOUCH_MOVE Space
1403835398261 6 4098 270.76593 1215.9191 0.26666668 5.0 5.0 5.0 5.0 0.0 0.19600001 2 TOUCH_MOVE Space
1403835398279 6 4098 271.5 1211.5609 0.26666668 5.0 5.0 5.0 5.0 0.0 0.192 2 TOUCH_MOVE Space
1403835398295 6 4098 271.5 1209.4509 0.23333335 5.0 5.0 5.0 5.0 0.0 0.148 2 TOUCH_MOVE Space
1403835398298 6 4098 271.5 1209.4509 0.23333335 5.0 5.0 5.0 5.0 0.0 0.148 1 TOUCH_UP Space
1403835398611 6 4098 344.0 850.951 0.20000002 4.0 4.0 4.0 4.0 0.0 0.192 0 TOUCH_DOWN t
1403835398635 6 4098 344.0 850.50494 0.23333335 4.0 4.0 4.0 4.0 0.0 0.192 2 TOUCH_MOVE t
1403835398645 6 4098 344.0 849.603 0.23333335 4.0 4.0 4.0 4.0 0.0 0.20400001 2 TOUCH_MOVE t
1403835398662 6 4098 344.5 847.84454 0.23333335 4.0 4.0 4.0 4.0 0.0 0.20400001 2 TOUCH_MOVE t
1403835398679 6 4098 344.5 846.67975 0.23333335 4.0 4.0 4.0 4.0 0.0 0.20400001 2 TOUCH_MOVE t
1403835398696 6 4098 344.5 845.72003 0.23333335 4.0 4.0 4.0 4.0 0.0 0.20400001 2 TOUCH_MOVE t
1403835398712 6 4098 344.5 844.84607 0.23333335 4.0 4.0 4.0 4.0 0.0 0.2 2 TOUCH_MOVE t
1403835398729 6 4098 343.91745 844.951 0.23333335 4.0 4.0 4.0 4.0 0.0 0.19600001 2 TOUCH_MOVE t
1403835398745 6 4098 342.8737 843.8247 0.23333335 4.0 4.0 4.0 4.0 0.0 0.18 2 TOUCH_MOVE t
1403835398758 6 4098 343.0 843.951 0.20000002 3.0 3.0 3.0 3.0 0.0 0.1 2 TOUCH_MOVE t
1403835398762 6 4098 343.0 843.951 0.20000002 3.0 3.0 3.0 3.0 0.0 0.1 1 TOUCH_UP t
1403835398844 6 4098 628.0 865.951 0.23333335 4.0 4.0 4.0 4.0 0.0 0.192 0 TOUCH_DOWN o
1403835398862 6 4098 627.587 866.364 0.23333335 4.0 4.0 4.0 4.0 0.0 0.19600001 2 TOUCH_MOVE o
1403835398879 6 4098 625.12225 867.2436 0.3 5.0 5.0 5.0 5.0 0.0 0.20400001 2 TOUCH_MOVE o
1403835398895 6 4098 622.2385 868.20483 0.3 5.0 5.0 5.0 5.0 0.0 0.208 2 TOUCH_MOVE o
1403835398913 6 4098 619.69507 869.10345 0.3 5.0 5.0 5.0 5.0 0.0 0.208 2 TOUCH_MOVE o
1403835398938 6 4098 618.3301 869.951 0.3 5.0 5.0 5.0 5.0 0.0 0.208 2 TOUCH_MOVE o
1403835398947 6 4098 617.3699 869.951 0.3 5.0 5.0 5.0 5.0 0.0 0.208 2 TOUCH_MOVE o
1403835398963 6 4098 616.4681 869.951 0.3 5.0 5.0 5.0 5.0 0.0 0.192 2 TOUCH_MOVE o
1403835398972 6 4098 615.5 869.951 0.26666668 5.0 5.0 5.0 5.0 0.0 0.164 2 TOUCH_MOVE o
1403835398976 6 4098 615.5 869.951 0.26666668 5.0 5.0 5.0 5.0 0.0 0.164 1 TOUCH_UP o
1403835399200 6 4098 510.5 873.951 0.26666668 4.0 4.0 4.0 4.0 0.0 0.208 0 TOUCH_DOWN i
1403835399247 6 4098 510.9102 873.951 0.26666668 4.0 4.0 4.0 4.0 0.0 0.22000001 2 TOUCH_MOVE i
1403835399265 6 4098 511.87088 874.451 0.26666668 4.0 4.0 4.0 4.0 0.0 0.22000001 2 TOUCH_MOVE i
1403835399279 6 4098 513.9939 875.2823 0.26666668 4.0 4.0 4.0 4.0 0.0 0.216 2 TOUCH_MOVE i
1403835399296 6 4098 518.2368 876.19836 0.23333335 4.0 4.0 4.0 4.0 0.0 0.2 2 TOUCH_MOVE i
1403835399303 6 4098 519.5 876.451 0.23333335 5.0 5.0 5.0 5.0 0.0 0.17600001 2 TOUCH_MOVE i
1403835399307 6 4098 519.5 876.451 0.23333335 5.0 5.0 5.0 5.0 0.0 0.17600001 1 TOUCH_UP i
1403835400258 6 4098 690.0 1252.9509 0.10000001 2.0 2.0 2.0 2.0 0.0 0.17600001 0 TOUCH_DOWN Enter
1403835400277 6 4098 689.7652 1252.7161 0.16666667 4.0 4.0 4.0 4.0 0.0 0.18 2 TOUCH_MOVE Enter
1403835400307 6 4098 687.3177 1250.2686 0.16666667 4.0 4.0 4.0 4.0 0.0 0.18800001 2 TOUCH_MOVE Enter
1403835400315 6 4098 686.14685 1249.0978 0.16666667 4.0 4.0 4.0 4.0 0.0 0.18800001 2 TOUCH_MOVE Enter
1403835400330 6 4098 685.25 1248.2009 0.16666667 4.0 4.0 4.0 4.0 0.0 0.18400002 2 TOUCH_MOVE Enter
1403835400359 6 4098 685.25 1248.2009 0.16666667 4.0 4.0 4.0 4.0 0.0 0.18400002 1 TOUCH_UP Enter
1403835400996 6 4098 363.5 1121.9509 0.23333335 4.0 4.0 4.0 4.0 0.0 0.18400002 0 TOUCH_DOWN V
1403835401021 6 4098 364.3304 1121.7858 0.3 5.0 5.0 5.0 5.0 0.0 0.192 2 TOUCH_MOVE V
1403835401031 6 4098 366.89175 1120.1897 0.3 5.0 5.0 5.0 5.0 0.0 0.2 2 TOUCH_MOVE V
1403835401048 6 4098 369.17957 1118.2714 0.3 5.0 5.0 5.0 5.0 0.0 0.2 2 TOUCH_MOVE V
1403835401064 6 4098 371.08835 1117.4067 0.3 5.0 5.0 5.0 5.0 0.0 0.20400001 2 TOUCH_MOVE V
1403835401081 6 4098 372.01086 1116.4401 0.3 5.0 5.0 5.0 5.0 0.0 0.20400001 2 TOUCH_MOVE V
1403835401097 6 4098 372.0 1115.7009 0.3 5.0 5.0 5.0 5.0 0.0 0.20400001 2 TOUCH_MOVE V
1403835401131 6 4098 365.35165 1115.9509 0.20000002 4.0 4.0 4.0 4.0 0.0 0.192 2 TOUCH_MOVE V
1403835401145 6 4098 364.5 1115.9509 0.16666667 3.0 3.0 3.0 3.0 0.0 0.1 2 TOUCH_MOVE V
1403835401154 6 4098 364.5 1115.9509 0.16666667 3.0 3.0 3.0 3.0 0.0 0.1 1 TOUCH_UP V
1403835401364 6 4098 482.0 845.451 0.26666668 4.0 4.0 4.0 4.0 0.0 0.2 0 TOUCH_DOWN u
1403835401388 6 4098 482.0 845.0575 0.26666668 4.0 4.0 4.0 4.0 0.0 0.20400001 2 TOUCH_MOVE u
1403835401398 6 4098 481.25146 843.9539 0.26666668 4.0 4.0 4.0 4.0 0.0 0.21200001 2 TOUCH_MOVE u
1403835401415 6 4098 479.58594 842.74396 0.26666668 4.0 4.0 4.0 4.0 0.0 0.21200001 2 TOUCH_MOVE u
1403835401431 6 4098 478.3512 841.8022 0.26666668 4.0 4.0 4.0 4.0 0.0 0.21200001 2 TOUCH_MOVE u
1403835401448 6 4098 477.37814 840.82916 0.26666668 4.0 4.0 4.0 4.0 0.0 0.21200001 2 TOUCH_MOVE u
1403835401464 6 4098 476.40894 840.951 0.23333335 4.0 4.0 4.0 4.0 0.0 0.208 2 TOUCH_MOVE u
1403835401484 6 4098 476.0 841.451 0.13333334 2.0 2.0 2.0 2.0 0.0 0.14 2 TOUCH_MOVE u
1403835401487 6 4098 476.0 841.451 0.13333334 2.0 2.0 2.0 2.0 0.0 0.14 1 TOUCH_UP u
1403835401700 6 4098 58.0 968.451 0.16666667 3.0 3.0 3.0 3.0 0.0 0.17600001 0 TOUCH_DOWN a
1403835401734 6 4098 58.48322 968.451 0.16666667 3.0 3.0 3.0 3.0 0.0 0.18 2 TOUCH_MOVE a
1403835401755 6 4098 59.35806 967.951 0.16666667 3.0 3.0 3.0 3.0 0.0 0.18800001 2 TOUCH_MOVE a
1403835401766 6 4098 60.36949 967.451 0.16666667 3.0 3.0 3.0 3.0 0.0 0.18800001 2 TOUCH_MOVE a
1403835401781 6 4098 61.33189 967.451 0.16666667 3.0 3.0 3.0 3.0 0.0 0.18800001 2 TOUCH_MOVE a
1403835401798 6 4098 61.75 967.451 0.16666667 3.0 3.0 3.0 3.0 0.0 0.18800001 2 TOUCH_MOVE a
1403835401855 6 4098 61.75 967.451 0.16666667 3.0 3.0 3.0 3.0 0.0 0.18800001 1 TOUCH_UP a
1403835402192 6 4098 246.0 1195.4509 0.16666667 3.0 3.0 3.0 3.0 0.0 0.19600001 0 TOUCH_DOWN Space
1403835402232 6 4098 246.55013 1195.4509 0.20000002 4.0 4.0 4.0 4.0 0.0 0.208 2 TOUCH_MOVE Space
1403835402282 6 4098 247.09192 1195.4509 0.20000002 4.0 4.0 4.0 4.0 0.0 0.208 2 TOUCH_MOVE Space
1403835402351 6 4098 247.0 1194.9509 0.20000002 4.0 4.0 4.0 4.0 0.0 0.19600001 2 TOUCH_MOVE Space
1403835402359 6 4098 247.0 1194.9509 0.13333334 2.0 2.0 2.0 2.0 0.0 0.16000001 2 TOUCH_MOVE Space
1403835402362 6 4098 247.0 1194.9509 0.13333334 2.0 2.0 2.0 2.0 0.0 0.16000001 1 TOUCH_UP Space
1403835402563 6 4098 503.0 1131.9509 0.26666668 5.0 5.0 5.0 5.0 0.0 0.19600001 0 TOUCH_DOWN n
1403835402616 6 4098 503.3229 1131.9509 0.3 5.0 5.0 5.0 5.0 0.0 0.21200001 2 TOUCH_MOVE n
1403835402633 6 4098 504.0 1131.1659 0.3 5.0 5.0 5.0 5.0 0.0 0.21200001 2 TOUCH_MOVE n
1403835402651 6 4098 504.0 1130.7009 0.3 5.0 5.0 5.0 5.0 0.0 0.21200001 2 TOUCH_MOVE n
1403835402666 6 4098 504.0 1130.3828 0.3 5.0 5.0 5.0 5.0 0.0 0.21200001 2 TOUCH_MOVE n
1403835402682 6 4098 504.0 1129.8752 0.3 5.0 5.0 5.0 5.0 0.0 0.20400001 2 TOUCH_MOVE n
1403835402691 6 4098 504.0 1129.9509 0.3 5.0 5.0 5.0 5.0 0.0 0.18 2 TOUCH_MOVE n
1403835402694 6 4098 504.0 1129.9509 0.3 5.0 5.0 5.0 5.0 0.0 0.18 1 TOUCH_UP n
1403835402900 6 4098 445.0 1010.451 0.3 5.0 5.0 5.0 5.0 0.0 0.208 0 TOUCH_DOWN h
1403835402904 6 4098 445.0 1010.451 0.3 5.0 5.0 5.0 5.0 0.0 0.21200001 2 TOUCH_MOVE h
1403835402934 6 4098 445.0 1008.38226 0.33333334 5.0 5.0 5.0 5.0 0.0 0.22000001 2 TOUCH_MOVE h
1403835402950 6 4098 445.0 1006.94226 0.33333334 5.0 5.0 5.0 5.0 0.0 0.216 2 TOUCH_MOVE h
1403835402966 6 4098 445.0 1006.201 0.33333334 5.0 5.0 5.0 5.0 0.0 0.216 2 TOUCH_MOVE h
1403835402983 6 4098 446.39813 1006.451 0.3 5.0 5.0 5.0 5.0 0.0 0.21200001 2 TOUCH_MOVE h
1403835402995 6 4098 447.5 1006.951 0.26666668 4.0 4.0 4.0 4.0 0.0 0.18800001 2 TOUCH_MOVE h
1403835402998 6 4098 447.5 1006.951 0.26666668 4.0 4.0 4.0 4.0 0.0 0.18800001 1 TOUCH_UP h
1403835403188 6 4098 69.5 979.451 0.16666667 3.0 3.0 3.0 3.0 0.0 0.16000001 0 TOUCH_DOWN a
1403835403200 6 4098 69.06635 979.451 0.16666667 3.0 3.0 3.0 3.0 0.0 0.18 2 TOUCH_MOVE a
1403835403218 6 4098 68.12802 979.07904 0.16666667 3.0 3.0 3.0 3.0 0.0 0.18400002 2 TOUCH_MOVE a
1403835403233 6 4098 66.6476 977.2462 0.16666667 3.0 3.0 3.0 3.0 0.0 0.18800001 2 TOUCH_MOVE a
1403835403250 6 4098 66.0 975.3236 0.16666667 3.0 3.0 3.0 3.0 0.0 0.18800001 2 TOUCH_MOVE a
1403835403266 6 4098 66.0 973.68365 0.16666667 3.0 3.0 3.0 3.0 0.0 0.192 2 TOUCH_MOVE a
1403835403283 6 4098 66.0 972.7191 0.16666667 3.0 3.0 3.0 3.0 0.0 0.192 2 TOUCH_MOVE a
1403835403350 6 4098 64.9163 972.951 0.16666667 3.0 3.0 3.0 3.0 0.0 0.164 2 TOUCH_MOVE a
1403835403359 6 4098 64.9163 972.951 0.16666667 3.0 3.0 3.0 3.0 0.0 0.164 1 TOUCH_UP a
1403835403448 6 4098 521.0 1122.4509 0.26666668 4.0 4.0 4.0 4.0 0.0 0.19600001 0 TOUCH_DOWN n
1403835403478 6 4098 520.74066 1122.7102 0.26666668 4.0 4.0 4.0 4.0 0.0 0.2 2 TOUCH_MOVE n
1403835403483 6 4098 520.2616 1123.1893 0.26666668 4.0 4.0 4.0 4.0 0.0 0.20400001 2 TOUCH_MOVE n
1403835403500 6 4098 519.2884 1123.4509 0.26666668 4.0 4.0 4.0 4.0 0.0 0.208 2 TOUCH_MOVE n
1403835403518 6 4098 518.6745 1123.7764 0.26666668 4.0 4.0 4.0 4.0 0.0 0.208 2 TOUCH_MOVE n
1403835403533 6 4098 518.2756 1124.1754 0.26666668 4.0 4.0 4.0 4.0 0.0 0.208 2 TOUCH_MOVE n
1403835403550 6 4098 517.7634 1123.9509 0.26666668 4.0 4.0 4.0 4.0 0.0 0.20400001 2 TOUCH_MOVE n
1403835403569 6 4098 517.7634 1123.9509 0.26666668 4.0 4.0 4.0 4.0 0.0 0.20400001 1 TOUCH_UP n
1403835403892 6 4098 248.0 1228.9509 0.16666667 3.0 3.0 3.0 3.0 0.0 0.18400002 0 TOUCH_DOWN Space
1403835403933 6 4098 248.0 1228.9509 0.23333335 4.0 4.0 4.0 4.0 0.0 0.2 2 TOUCH_MOVE Space
1403835403950 6 4098 248.0 1228.2009 0.23333335 4.0 4.0 4.0 4.0 0.0 0.2 2 TOUCH_MOVE Space
1403835403967 6 4098 248.73036 1227.7206 0.23333335 4.0 4.0 4.0 4.0 0.0 0.20400001 2 TOUCH_MOVE Space
1403835403983 6 4098 248.5 1227.2246 0.23333335 4.0 4.0 4.0 4.0 0.0 0.20400001 2 TOUCH_MOVE Space
1403835404004 6 4098 248.5 1226.7169 0.23333335 4.0 4.0 4.0 4.0 0.0 0.20400001 2 TOUCH_MOVE Space
1403835404024 6 4098 248.5 1226.2592 0.23333335 4.0 4.0 4.0 4.0 0.0 0.20400001 2 TOUCH_MOVE Space
1403835404034 6 4098 248.08435 1225.5353 0.20000002 3.0 3.0 3.0 3.0 0.0 0.2 2 TOUCH_MOVE Space
1403835404047 6 4098 247.0 1223.9509 0.16666667 3.0 3.0 3.0 3.0 0.0 0.18 2 TOUCH_MOVE Space
1403835404052 6 4098 247.0 1223.9509 0.16666667 3.0 3.0 3.0 3.0 0.0 0.18 1 TOUCH_UP Space
1403835404334 6 4098 454.5 987.951 0.26666668 4.0 4.0 4.0 4.0 0.0 0.208 0 TOUCH_DOWN h
1403835404367 6 4098 453.96957 987.951 0.26666668 4.0 4.0 4.0 4.0 0.0 0.21200001 2 TOUCH_MOVE h
1403835404384 6 4098 452.90988 987.951 0.26666668 4.0 4.0 4.0 4.0 0.0 0.21200001 2 TOUCH_MOVE h
1403835404408 6 4098 452.2175 987.951 0.3 5.0 5.0 5.0 5.0 0.0 0.21200001 2 TOUCH_MOVE h
1403835404417 6 4098 451.4926 987.951 0.3 5.0 5.0 5.0 5.0 0.0 0.208 2 TOUCH_MOVE h
1403835404434 6 4098 451.0 986.98047 0.3 5.0 5.0 5.0 5.0 0.0 0.20400001 2 TOUCH_MOVE h
1403835404446 6 4098 451.0 986.951 0.26666668 5.0 5.0 5.0 5.0 0.0 0.16800001 2 TOUCH_MOVE h
1403835404452 6 4098 451.0 986.951 0.26666668 5.0 5.0 5.0 5.0 0.0 0.16800001 1 TOUCH_UP h
1403835404678 6 4098 46.0 981.451 0.20000002 3.0 3.0 3.0 3.0 0.0 0.16000001 0 TOUCH_DOWN a
1403835404701 6 4098 46.0 981.451 0.20000002 3.0 3.0 3.0 3.0 0.0 0.17600001 2 TOUCH_MOVE a
1403835404718 6 4098 47.081657 981.16016 0.20000002 3.0 3.0 3.0 3.0 0.0 0.18400002 2 TOUCH_MOVE a
1403835404735 6 4098 48.98033 980.2108 0.20000002 3.0 3.0 3.0 3.0 0.0 0.18400002 2 TOUCH_MOVE a
1403835404751 6 4098 50.712605 979.451 0.20000002 3.0 3.0 3.0 3.0 0.0 0.18800001 2 TOUCH_MOVE a
1403835404768 6 4098 51.67052 979.451 0.20000002 3.0 3.0 3.0 3.0 0.0 0.18800001 2 TOUCH_MOVE a
1403835404785 6 4098 52.25 979.451 0.20000002 3.0 3.0 3.0 3.0 0.0 0.18800001 2 TOUCH_MOVE a
1403835404835 6 4098 50.987186 979.451 0.20000002 3.0 3.0 3.0 3.0 0.0 0.18 2 TOUCH_MOVE a
1403835404852 6 4098 50.5 979.451 0.20000002 3.0 3.0 3.0 3.0 0.0 0.128 2 TOUCH_MOVE a
1403835404860 6 4098 50.5 979.451 0.20000002 3.0 3.0 3.0 3.0 0.0 0.128 1 TOUCH_UP a
1403835404947 6 4098 457.0 857.951 0.20000002 4.0 4.0 4.0 4.0 0.0 0.2 0 TOUCH_DOWN u
1403835404985 6 4098 457.65115 858.6022 0.23333335 4.0 4.0 4.0 4.0 0.0 0.21200001 2 TOUCH_MOVE u
1403835405002 6 4098 458.62576 859.5767 0.23333335 4.0 4.0 4.0 4.0 0.0 0.208 2 TOUCH_MOVE u
1403835405018 6 4098 459.57547 861.1019 0.26666668 4.0 4.0 4.0 4.0 0.0 0.208 2 TOUCH_MOVE u
1403835405034 6 4098 460.53024 863.0115 0.26666668 4.0 4.0 4.0 4.0 0.0 0.208 2 TOUCH_MOVE u
1403835405059 6 4098 462.5 865.451 0.20000002 4.0 4.0 4.0 4.0 0.0 0.18 2 TOUCH_MOVE u
1403835405063 6 4098 462.5 865.451 0.20000002 4.0 4.0 4.0 4.0 0.0 0.18 1 TOUCH_UP u
1403835405475 6 4098 247.5 1221.9509 0.16666667 3.0 3.0 3.0 3.0 0.0 0.192 0 TOUCH_DOWN Space
1403835405486 6 4098 247.5 1221.9509 0.16666667 3.0 3.0 3.0 3.0 0.0 0.19600001 2 TOUCH_MOVE Space
1403835405535 6 4098 248.07669 1221.9509 0.23333335 4.0 4.0 4.0 4.0 0.0 0.208 2 TOUCH_MOVE Space
1403835405619 6 4098 246.3676 1220.8848 0.16666667 3.0 3.0 3.0 3.0 0.0 0.18 2 TOUCH_MOVE Space
1403835405624 6 4098 246.3676 1220.8848 0.16666667 3.0 3.0 3.0 3.0 0.0 0.18 1 TOUCH_UP Space
1403835405786 6 4098 675.0 1013.951 0.3 5.0 5.0 5.0 5.0 0.0 0.192 0 TOUCH_DOWN l
1403835405809 6 4098 673.9412 1013.7647 0.3 5.0 5.0 5.0 5.0 0.0 0.20400001 2 TOUCH_MOVE l
1403835405818 6 4098 670.41644 1012.1592 0.3 5.0 5.0 5.0 5.0 0.0 0.208 2 TOUCH_MOVE l
1403835405835 6 4098 667.678 1011.3436 0.3 5.0 5.0 5.0 5.0 0.0 0.21200001 2 TOUCH_MOVE l
1403835405860 6 4098 666.39 1011.451 0.3 5.0 5.0 5.0 5.0 0.0 0.216 2 TOUCH_MOVE l
1403835405869 6 4098 664.966 1011.451 0.3 5.0 5.0 5.0 5.0 0.0 0.21200001 2 TOUCH_MOVE l
1403835405923 6 4098 664.966 1011.451 0.3 5.0 5.0 5.0 5.0 0.0 0.21200001 1 TOUCH_UP l
1403835406115 6 4098 67.0 977.451 0.13333334 2.0 2.0 2.0 2.0 0.0 0.156 0 TOUCH_DOWN a
1403835406124 6 4098 67.0 977.451 0.13333334 2.0 2.0 2.0 2.0 0.0 0.17600001 2 TOUCH_MOVE a
1403835406143 6 4098 67.38298 978.334 0.16666667 3.0 3.0 3.0 3.0 0.0 0.18800001 2 TOUCH_MOVE a
1403835406153 6 4098 68.34296 980.1369 0.16666667 3.0 3.0 3.0 3.0 0.0 0.18800001 2 TOUCH_MOVE a
1403835406169 6 4098 69.30733 981.7583 0.16666667 3.0 3.0 3.0 3.0 0.0 0.192 2 TOUCH_MOVE a
1403835406205 6 4098 69.5 983.6746 0.16666667 3.0 3.0 3.0 3.0 0.0 0.192 2 TOUCH_MOVE a
1403835406220 6 4098 69.5 984.201 0.16666667 3.0 3.0 3.0 3.0 0.0 0.192 2 TOUCH_MOVE a
1403835406261 6 4098 69.5 984.201 0.16666667 3.0 3.0 3.0 3.0 0.0 0.192 1 TOUCH_UP a
1403835406408 6 4098 532.5 870.451 0.23333335 4.0 4.0 4.0 4.0 0.0 0.208 0 TOUCH_DOWN i
1403835406427 6 4098 532.5 870.451 0.26666668 4.0 4.0 4.0 4.0 0.0 0.208 2 TOUCH_MOVE i
1403835406447 6 4098 533.1587 870.451 0.26666668 4.0 4.0 4.0 4.0 0.0 0.216 2 TOUCH_MOVE i
1403835406453 6 4098 533.75 870.451 0.26666668 4.0 4.0 4.0 4.0 0.0 0.22000001 2 TOUCH_MOVE i
1403835406469 6 4098 533.5 871.17975 0.26666668 4.0 4.0 4.0 4.0 0.0 0.22000001 2 TOUCH_MOVE i
1403835406503 6 4098 533.5 871.9566 0.20000002 4.0 4.0 4.0 4.0 0.0 0.18 2 TOUCH_MOVE i
1403835406508 6 4098 533.5 871.9566 0.20000002 4.0 4.0 4.0 4.0 0.0 0.18 1 TOUCH_UP i
1403835406720 6 4098 227.5 1219.4509 0.23333335 4.0 4.0 4.0 4.0 0.0 0.18800001 0 TOUCH_DOWN Space
1403835406877 6 4098 227.5 1219.4509 0.23333335 4.0 4.0 4.0 4.0 0.0 0.18800001 1 TOUCH_UP Space
1403835407236 6 4098 357.5 1103.4509 0.20000002 4.0 4.0 4.0 4.0 0.0 0.18800001 0 TOUCH_DOWN v
1403835407341 6 4098 355.98325 1102.9453 0.23333335 4.0 4.0 4.0 4.0 0.0 0.18800001 2 TOUCH_MOVE v
1403835407350 6 4098 354.5 1102.4509 0.23333335 4.0 4.0 4.0 4.0 0.0 0.18 2 TOUCH_MOVE v
1403835407357 6 4098 354.5 1102.4509 0.23333335 4.0 4.0 4.0 4.0 0.0 0.18 1 TOUCH_UP v
1403835407479 6 4098 471.0 850.951 0.16666667 3.0 3.0 3.0 3.0 0.0 0.2 0 TOUCH_DOWN u
1403835407554 6 4098 471.0 850.951 0.26666668 4.0 4.0 4.0 4.0 0.0 0.216 2 TOUCH_MOVE u
1403835407587 6 4098 471.0 849.57196 0.26666668 4.0 4.0 4.0 4.0 0.0 0.20400001 2 TOUCH_MOVE u
1403835407603 6 4098 471.0 849.451 0.16666667 3.0 3.0 3.0 3.0 0.0 0.128 2 TOUCH_MOVE u
1403835407609 6 4098 471.0 849.451 0.16666667 3.0 3.0 3.0 3.0 0.0 0.128 1 TOUCH_UP u
1403835407753 6 4098 50.5 980.451 0.20000002 3.0 3.0 3.0 3.0 0.0 0.16800001 0 TOUCH_DOWN a
1403835407770 6 4098 50.5 980.451 0.20000002 3.0 3.0 3.0 3.0 0.0 0.17600001 2 TOUCH_MOVE a
1403835407788 6 4098 52.227295 981.3601 0.20000002 3.0 3.0 3.0 3.0 0.0 0.18 2 TOUCH_MOVE a
1403835407808 6 4098 54.75 982.201 0.20000002 3.0 3.0 3.0 3.0 0.0 0.18400002 2 TOUCH_MOVE a
1403835407820 6 4098 58.374523 982.2946 0.20000002 3.0 3.0 3.0 3.0 0.0 0.18800001 2 TOUCH_MOVE a
1403835407837 6 4098 61.362064 982.951 0.20000002 3.0 3.0 3.0 3.0 0.0 0.192 2 TOUCH_MOVE a
1403835407854 6 4098 62.761795 982.951 0.20000002 3.0 3.0 3.0 3.0 0.0 0.192 2 TOUCH_MOVE a
1403835407870 6 4098 63.721333 982.951 0.20000002 3.0 3.0 3.0 3.0 0.0 0.18800001 2 TOUCH_MOVE a
1403835407896 6 4098 63.5 982.951 0.20000002 3.0 3.0 3.0 3.0 0.0 0.148 2 TOUCH_MOVE a
1403835407903 6 4098 63.5 982.951 0.20000002 3.0 3.0 3.0 3.0 0.0 0.148 1 TOUCH_UP a
1403835408175 6 4098 226.0 1240.4509 0.16666667 4.0 4.0 4.0 4.0 0.0 0.18 0 TOUCH_DOWN Space
1403835408221 6 4098 228.24779 1238.2031 0.20000002 4.0 4.0 4.0 4.0 0.0 0.19600001 2 TOUCH_MOVE Space
1403835408237 6 4098 230.18834 1235.7626 0.20000002 4.0 4.0 4.0 4.0 0.0 0.19600001 2 TOUCH_MOVE Space
1403835408271 6 4098 232.73633 1232.7146 0.23333335 4.0 4.0 4.0 4.0 0.0 0.2 2 TOUCH_MOVE Space
1403835408288 6 4098 233.5 1231.7328 0.23333335 4.0 4.0 4.0 4.0 0.0 0.2 2 TOUCH_MOVE Space
1403835408304 6 4098 233.5 1231.2009 0.23333335 4.0 4.0 4.0 4.0 0.0 0.2 2 TOUCH_MOVE Space
1403835408321 6 4098 233.5 1230.2999 0.23333335 4.0 4.0 4.0 4.0 0.0 0.19600001 2 TOUCH_MOVE Space
1403835408331 6 4098 233.0 1229.4509 0.23333335 4.0 4.0 4.0 4.0 0.0 0.18 2 TOUCH_MOVE Space
1403835408336 6 4098 233.0 1229.4509 0.23333335 4.0 4.0 4.0 4.0 0.0 0.18 1 TOUCH_UP Space
1403835408675 6 4098 325.5 843.951 0.26666668 5.0 5.0 5.0 5.0 0.0 0.18800001 0 TOUCH_DOWN t
1403835408806 6 4098 325.5 843.951 0.23333335 4.0 4.0 4.0 4.0 0.0 0.19600001 2 TOUCH_MOVE t
1403835408817 6 4098 324.0 843.951 0.16666667 3.0 3.0 3.0 3.0 0.0 0.116000004 2 TOUCH_MOVE t
1403835408820 6 4098 324.0 843.951 0.16666667 3.0 3.0 3.0 3.0 0.0 0.116000004 1 TOUCH_UP t
1403835409027 6 4098 471.5 871.951 0.20000002 4.0 4.0 4.0 4.0 0.0 0.20400001 0 TOUCH_DOWN u
1403835409122 6 4098 471.5 871.951 0.23333335 4.0 4.0 4.0 4.0 0.0 0.192 2 TOUCH_MOVE u
1403835409131 6 4098 471.5 871.951 0.23333335 4.0 4.0 4.0 4.0 0.0 0.192 1 TOUCH_UP u
1403835409320 6 4098 400.5 862.451 0.23333335 4.0 4.0 4.0 4.0 0.0 0.2 0 TOUCH_DOWN y
1403835409372 6 4098 400.5 863.57404 0.26666668 4.0 4.0 4.0 4.0 0.0 0.20400001 2 TOUCH_MOVE y
1403835409389 6 4098 400.0 865.1164 0.26666668 4.0 4.0 4.0 4.0 0.0 0.20400001 2 TOUCH_MOVE y
1403835409405 6 4098 400.0 868.04626 0.26666668 4.0 4.0 4.0 4.0 0.0 0.19600001 2 TOUCH_MOVE y
1403835409416 6 4098 400.0 868.951 0.26666668 4.0 4.0 4.0 4.0 0.0 0.18 2 TOUCH_MOVE y
1403835409422 6 4098 400.0 868.951 0.26666668 4.0 4.0 4.0 4.0 0.0 0.18 1 TOUCH_UP y
1403835410061 6 4098 177.5 857.951 0.20000002 4.0 4.0 4.0 4.0 0.0 0.18 0 TOUCH_DOWN e
1403835410214 6 4098 177.5 857.951 0.20000002 4.0 4.0 4.0 4.0 0.0 0.18 1 TOUCH_UP e
1403835410481 6 4098 325.5 854.951 0.23333335 5.0 5.0 5.0 5.0 0.0 0.192 0 TOUCH_DOWN t
1403835410540 6 4098 324.3704 854.63617 0.20000002 4.0 4.0 4.0 4.0 0.0 0.2 2 TOUCH_MOVE t
1403835410556 6 4098 321.13568 853.6781 0.20000002 4.0 4.0 4.0 4.0 0.0 0.19600001 2 TOUCH_MOVE t
1403835410572 6 4098 320.0 853.451 0.13333334 2.0 2.0 2.0 2.0 0.0 0.156 2 TOUCH_MOVE t
1403835410576 6 4098 320.0 853.451 0.13333334 2.0 2.0 2.0 2.0 0.0 0.156 1 TOUCH_UP t
1403835411033 6 4098 269.5 1255.5 0.20000002 5.0 5.0 5.0 5.0 0.0 0.14400001 0 TOUCH_DOWN Space
1403835411040 6 4098 269.5 1255.5 0.20000002 5.0 5.0 5.0 5.0 0.0 0.172 2 TOUCH_MOVE Space
1403835411074 6 4098 271.57483 1253.9098 0.20000002 5.0 5.0 5.0 5.0 0.0 0.18400002 2 TOUCH_MOVE Space
1403835411111 6 4098 274.45038 1251.5006 0.20000002 5.0 5.0 5.0 5.0 0.0 0.18400002 2 TOUCH_MOVE Space
1403835411131 6 4098 275.41177 1250.1274 0.20000002 5.0 5.0 5.0 5.0 0.0 0.18400002 2 TOUCH_MOVE Space
1403835411142 6 4098 275.5 1249.0739 0.20000002 5.0 5.0 5.0 5.0 0.0 0.18400002 2 TOUCH_MOVE Space
1403835411157 6 4098 275.5 1247.7789 0.20000002 5.0 5.0 5.0 5.0 0.0 0.18400002 2 TOUCH_MOVE Space
1403835411172 6 4098 275.5 1245.9509 0.20000002 5.0 5.0 5.0 5.0 0.0 0.17600001 2 TOUCH_MOVE Space
1403835411175 6 4098 275.5 1245.9509 0.20000002 5.0 5.0 5.0 5.0 0.0 0.17600001 1 TOUCH_UP Space
1403835411515 6 4098 357.5 1103.4509 0.20000002 4.0 4.0 4.0 4.0 0.0 0.192 0 TOUCH_DOWN v
1403835411541 6 4098 357.5 1103.4509 0.20000002 4.0 4.0 4.0 4.0 0.0 0.2 2 TOUCH_MOVE v
1403835411591 6 4098 358.0763 1103.4509 0.26666668 4.0 4.0 4.0 4.0 0.0 0.208 2 TOUCH_MOVE v
1403835411624 6 4098 358.0 1102.9509 0.23333335 4.0 4.0 4.0 4.0 0.0 0.19600001 2 TOUCH_MOVE v
1403835411627 6 4098 358.0 1102.9509 0.23333335 4.0 4.0 4.0 4.0 0.0 0.19600001 1 TOUCH_UP v
1403835411799 6 4098 622.5 865.451 0.26666668 5.0 5.0 5.0 5.0 0.0 0.2 0 TOUCH_DOWN o
1403835411808 6 4098 622.5 865.451 0.3 5.0 5.0 5.0 5.0 0.0 0.20400001 2 TOUCH_MOVE o
1403835411827 6 4098 620.92377 866.14307 0.3 5.0 5.0 5.0 5.0 0.0 0.21200001 2 TOUCH_MOVE o
1403835411841 6 4098 617.88983 867.15436 0.3 5.0 5.0 5.0 5.0 0.0 0.216 2 TOUCH_MOVE o
1403835411860 6 4098 616.0769 867.91254 0.3 5.0 5.0 5.0 5.0 0.0 0.216 2 TOUCH_MOVE o
1403835411876 6 4098 614.39294 867.951 0.3 5.0 5.0 5.0 5.0 0.0 0.216 2 TOUCH_MOVE o
1403835411891 6 4098 613.4352 867.951 0.26666668 5.0 5.0 5.0 5.0 0.0 0.20400001 2 TOUCH_MOVE o
1403835411908 6 4098 612.47266 866.39624 0.26666668 5.0 5.0 5.0 5.0 0.0 0.15200001 2 TOUCH_MOVE o
1403835411913 6 4098 612.47266 866.39624 0.26666668 5.0 5.0 5.0 5.0 0.0 0.15200001 1 TOUCH_UP o
1403835412093 6 4098 528.0 859.451 0.23333335 4.0 4.0 4.0 4.0 0.0 0.20400001 0 TOUCH_DOWN i
1403835412158 6 4098 528.0 860.37494 0.26666668 4.0 4.0 4.0 4.0 0.0 0.22000001 2 TOUCH_MOVE i
1403835412175 6 4098 528.0 861.33636 0.26666668 4.0 4.0 4.0 4.0 0.0 0.216 2 TOUCH_MOVE i
1403835412191 6 4098 528.5 861.451 0.23333335 4.0 4.0 4.0 4.0 0.0 0.20400001 2 TOUCH_MOVE i
1403835412198 6 4098 528.5 861.451 0.16666667 3.0 3.0 3.0 3.0 0.0 0.18 2 TOUCH_MOVE i
1403835412208 6 4098 528.5 861.451 0.16666667 3.0 3.0 3.0 3.0 0.0 0.18 1 TOUCH_UP i
1403835412650 6 4098 264.5 1215.9509 0.26666668 5.0 5.0 5.0 5.0 0.0 0.192 0 TOUCH_DOWN Space
1403835412658 6 4098 264.5 1215.9509 0.26666668 5.0 5.0 5.0 5.0 0.0 0.19600001 2 TOUCH_MOVE Space
1403835412775 6 4098 264.0 1214.9509 0.23333335 4.0 4.0 4.0 4.0 0.0 0.18800001 2 TOUCH_MOVE Space
1403835412779 6 4098 264.0 1214.9509 0.16666667 3.0 3.0 3.0 3.0 0.0 0.112 2 TOUCH_MOVE Space
1403835412782 6 4098 264.0 1214.9509 0.16666667 3.0 3.0 3.0 3.0 0.0 0.112 1 TOUCH_UP Space
1403835413147 6 4098 130.0 974.951 0.13333334 2.0 2.0 2.0 2.0 0.0 0.17600001 0 TOUCH_DOWN s
1403835413159 6 4098 130.0 974.951 0.13333334 2.0 2.0 2.0 2.0 0.0 0.18 2 TOUCH_MOVE s
1403835413203 6 4098 135.84189 974.951 0.16666667 3.0 3.0 3.0 3.0 0.0 0.18800001 2 TOUCH_MOVE s
1403835413211 6 4098 137.81117 974.951 0.16666667 3.0 3.0 3.0 3.0 0.0 0.192 2 TOUCH_MOVE s
1403835413227 6 4098 138.75 974.951 0.16666667 3.0 3.0 3.0 3.0 0.0 0.192 2 TOUCH_MOVE s
1403835413259 6 4098 134.0 974.951 0.13333334 2.0 2.0 2.0 2.0 0.0 0.17600001 2 TOUCH_MOVE s
1403835413266 6 4098 134.0 974.951 0.16666667 3.0 3.0 3.0 3.0 0.0 0.132 2 TOUCH_MOVE s
1403835413270 6 4098 134.0 974.951 0.16666667 3.0 3.0 3.0 3.0 0.0 0.132 1 TOUCH_UP s
1403835413466 6 4098 39.5 977.451 0.16666667 3.0 3.0 3.0 3.0 0.0 0.17600001 0 TOUCH_DOWN a
1403835413509 6 4098 40.68562 977.451 0.16666667 3.0 3.0 3.0 3.0 0.0 0.18 2 TOUCH_MOVE a
1403835413527 6 4098 42.149433 977.451 0.16666667 3.0 3.0 3.0 3.0 0.0 0.18400002 2 TOUCH_MOVE a
1403835413543 6 4098 43.10907 977.451 0.16666667 3.0 3.0 3.0 3.0 0.0 0.18 2 TOUCH_MOVE a
1403835413612 6 4098 42.057236 976.50824 0.16666667 3.0 3.0 3.0 3.0 0.0 0.17600001 2 TOUCH_MOVE a
1403835413622 6 4098 41.5 975.951 0.13333334 2.0 2.0 2.0 2.0 0.0 0.136 2 TOUCH_MOVE a
1403835413627 6 4098 41.5 975.951 0.13333334 2.0 2.0 2.0 2.0 0.0 0.136 1 TOUCH_UP a
1403835414199 6 4098 470.0 873.951 0.20000002 4.0 4.0 4.0 4.0 0.0 0.2 0 TOUCH_DOWN u
1403835414295 6 4098 470.0 873.951 0.23333335 4.0 4.0 4.0 4.0 0.0 0.2 2 TOUCH_MOVE u
1403835414302 6 4098 470.0 873.951 0.23333335 4.0 4.0 4.0 4.0 0.0 0.2 1 TOUCH_UP u
1403835414673 6 4098 265.0 1263.5 0.16666667 4.0 4.0 4.0 4.0 0.0 0.132 0 TOUCH_DOWN Space
1403835414696 6 4098 265.0 1263.5 0.20000002 5.0 5.0 5.0 5.0 0.0 0.14 2 TOUCH_MOVE Space
1403835414744 6 4098 265.7062 1262.0875 0.20000002 5.0 5.0 5.0 5.0 0.0 0.18 2 TOUCH_MOVE Space
1403835414760 6 4098 266.68445 1260.1311 0.20000002 5.0 5.0 5.0 5.0 0.0 0.18 2 TOUCH_MOVE Space
1403835414778 6 4098 266.5 1258.2152 0.20000002 5.0 5.0 5.0 5.0 0.0 0.18 2 TOUCH_MOVE Space
1403835414795 6 4098 266.5 1256.2959 0.20000002 5.0 5.0 5.0 5.0 0.0 0.18 2 TOUCH_MOVE Space
1403835414810 6 4098 265.97644 1254.4529 0.16666667 4.0 4.0 4.0 4.0 0.0 0.17600001 2 TOUCH_MOVE Space
1403835414827 6 4098 265.5 1253.9509 0.16666667 4.0 4.0 4.0 4.0 0.0 0.132 2 TOUCH_MOVE Space
1403835414832 6 4098 265.5 1253.9509 0.16666667 4.0 4.0 4.0 4.0 0.0 0.132 1 TOUCH_UP Space
1403835415286 6 4098 135.5 971.451 0.13333334 2.0 2.0 2.0 2.0 0.0 0.17600001 0 TOUCH_DOWN s
1403835415294 6 4098 135.5 971.451 0.13333334 2.0 2.0 2.0 2.0 0.0 0.18 2 TOUCH_MOVE s
1403835415313 6 4098 138.7861 971.09375 0.20000002 4.0 4.0 4.0 4.0 0.0 0.18800001 2 TOUCH_MOVE s
1403835415334 6 4098 142.44966 970.13446 0.20000002 4.0 4.0 4.0 4.0 0.0 0.192 2 TOUCH_MOVE s
1403835415344 6 4098 144.76732 969.451 0.20000002 4.0 4.0 4.0 4.0 0.0 0.192 2 TOUCH_MOVE s
1403835415362 6 4098 145.74307 969.451 0.20000002 4.0 4.0 4.0 4.0 0.0 0.192 2 TOUCH_MOVE s
1403835415411 6 4098 140.08223 968.83624 0.13333334 2.0 2.0 2.0 2.0 0.0 0.18 2 TOUCH_MOVE s
1403835415421 6 4098 141.0 968.951 0.16666667 3.0 3.0 3.0 3.0 0.0 0.108 2 TOUCH_MOVE s
1403835415424 6 4098 141.0 968.951 0.16666667 3.0 3.0 3.0 3.0 0.0 0.108 1 TOUCH_UP s
1403835415586 6 4098 43.0 966.951 0.16666667 3.0 3.0 3.0 3.0 0.0 0.172 0 TOUCH_DOWN a
1403835415594 6 4098 43.0 966.951 0.16666667 3.0 3.0 3.0 3.0 0.0 0.17600001 2 TOUCH_MOVE a
1403835415619 6 4098 43.773636 966.31415 0.16666667 3.0 3.0 3.0 3.0 0.0 0.18 2 TOUCH_MOVE a
1403835415628 6 4098 45.556255 965.42285 0.16666667 3.0 3.0 3.0 3.0 0.0 0.18400002 2 TOUCH_MOVE a
1403835415647 6 4098 47.05801 964.951 0.16666667 3.0 3.0 3.0 3.0 0.0 0.18400002 2 TOUCH_MOVE a
1403835415663 6 4098 48.012558 964.951 0.16666667 3.0 3.0 3.0 3.0 0.0 0.18800001 2 TOUCH_MOVE a
1403835415728 6 4098 45.20262 965.3105 0.16666667 3.0 3.0 3.0 3.0 0.0 0.17600001 2 TOUCH_MOVE a
1403835415734 6 4098 44.5 965.451 0.16666667 3.0 3.0 3.0 3.0 0.0 0.156 2 TOUCH_MOVE a
1403835415737 6 4098 44.5 965.451 0.16666667 3.0 3.0 3.0 3.0 0.0 0.156 1 TOUCH_UP a
1403835416392 6 4098 688.5 1233.9509 0.20000002 3.0 3.0 3.0 3.0 0.0 0.18 0 TOUCH_DOWN Enter
1403835416417 6 4098 688.1477 1233.9509 0.23333335 4.0 4.0 4.0 4.0 0.0 0.18800001 2 TOUCH_MOVE Enter
1403835416430 6 4098 686.6696 1233.2858 0.23333335 4.0 4.0 4.0 4.0 0.0 0.2 2 TOUCH_MOVE Enter
1403835416445 6 4098 684.7318 1232.3169 0.23333335 4.0 4.0 4.0 4.0 0.0 0.20400001 2 TOUCH_MOVE Enter
1403835416462 6 4098 683.9055 1231.3564 0.23333335 4.0 4.0 4.0 4.0 0.0 0.20400001 2 TOUCH_MOVE Enter
1403835416478 6 4098 683.25 1231.4509 0.23333335 4.0 4.0 4.0 4.0 0.0 0.20400001 2 TOUCH_MOVE Enter
1403835416513 6 4098 683.25 1231.4509 0.23333335 4.0 4.0 4.0 4.0 0.0 0.20400001 1 TOUCH_UP Enter
1403835416942 6 4098 319.0 825.451 0.33333334 5.0 5.0 5.0 5.0 0.0 0.18800001 0 TOUCH_DOWN T
1403835416964 6 4098 319.0 825.451 0.33333334 5.0 5.0 5.0 5.0 0.0 0.192 2 TOUCH_MOVE T
1403835416996 6 4098 320.30908 825.451 0.33333334 5.0 5.0 5.0 5.0 0.0 0.2 2 TOUCH_MOVE T
1403835417013 6 4098 320.75 825.451 0.33333334 5.0 5.0 5.0 5.0 0.0 0.20400001 2 TOUCH_MOVE T
1403835417046 6 4098 320.5 826.06555 0.3 5.0 5.0 5.0 5.0 0.0 0.19600001 2 TOUCH_MOVE T
1403835417058 6 4098 320.5 825.951 0.26666668 5.0 5.0 5.0 5.0 0.0 0.148 2 TOUCH_MOVE T
1403835417062 6 4098 320.5 825.951 0.26666668 5.0 5.0 5.0 5.0 0.0 0.148 1 TOUCH_UP T
1403835417298 6 4098 429.0 981.451 0.26666668 4.0 4.0 4.0 4.0 0.0 0.20400001 0 TOUCH_DOWN h
1403835417426 6 4098 429.0 981.451 0.26666668 4.0 4.0 4.0 4.0 0.0 0.20400001 1 TOUCH_UP h
1403835417620 6 4098 465.0 856.951 0.20000002 4.0 4.0 4.0 4.0 0.0 0.20400001 0 TOUCH_DOWN u
1403835417630 6 4098 465.0 856.951 0.23333335 4.0 4.0 4.0 4.0 0.0 0.20400001 2 TOUCH_MOVE u
1403835417713 6 4098 466.66028 856.37085 0.23333335 4.0 4.0 4.0 4.0 0.0 0.2 2 TOUCH_MOVE u
1403835417724 6 4098 466.5 856.451 0.13333334 2.0 2.0 2.0 2.0 0.0 0.15200001 2 TOUCH_MOVE u
1403835417727 6 4098 466.5 856.451 0.13333334 2.0 2.0 2.0 2.0 0.0 0.15200001 1 TOUCH_UP u
1403835417934 6 4098 600.0 834.451 0.26666668 4.0 4.0 4.0 4.0 0.0 0.2 0 TOUCH_DOWN o
1403835417947 6 4098 600.0 834.451 0.26666668 4.0 4.0 4.0 4.0 0.0 0.20400001 2 TOUCH_MOVE o
1403835417980 6 4098 600.0 835.3914 0.26666668 4.0 4.0 4.0 4.0 0.0 0.21200001 2 TOUCH_MOVE o
1403835417997 6 4098 600.0 836.3438 0.26666668 4.0 4.0 4.0 4.0 0.0 0.216 2 TOUCH_MOVE o
1403835418013 6 4098 600.0 837.25836 0.26666668 4.0 4.0 4.0 4.0 0.0 0.216 2 TOUCH_MOVE o
1403835418030 6 4098 600.0 837.701 0.26666668 4.0 4.0 4.0 4.0 0.0 0.216 2 TOUCH_MOVE o
1403835418047 6 4098 600.28375 838.23474 0.26666668 4.0 4.0 4.0 4.0 0.0 0.208 2 TOUCH_MOVE o
1403835418064 6 4098 601.5 838.951 0.3 5.0 5.0 5.0 5.0 0.0 0.18400002 2 TOUCH_MOVE o
1403835418069 6 4098 601.5 838.951 0.3 5.0 5.0 5.0 5.0 0.0 0.18400002 1 TOUCH_UP o
1403835418413 6 4098 487.5 1118.9509 0.26666668 4.0 4.0 4.0 4.0 0.0 0.20400001 0 TOUCH_DOWN n
1403835418435 6 4098 487.5 1118.9509 0.26666668 4.0 4.0 4.0 4.0 0.0 0.208 2 TOUCH_MOVE n
1403835418513 6 4098 487.5 1118.9509 0.26666668 4.0 4.0 4.0 4.0 0.0 0.208 1 TOUCH_UP n
1403835419278 6 4098 364.5 995.951 0.26666668 5.0 5.0 5.0 5.0 0.0 0.192 0 TOUCH_DOWN g
1403835419298 6 4098 364.5 995.951 0.3 5.0 5.0 5.0 5.0 0.0 0.2 2 TOUCH_MOVE g
1403835419398 6 4098 360.28482 997.53705 0.23333335 5.0 5.0 5.0 5.0 0.0 0.17600001 2 TOUCH_MOVE g
1403835419403 6 4098 360.28482 997.53705 0.23333335 5.0 5.0 5.0 5.0 0.0 0.17600001 1 TOUCH_UP g
1403835419761 6 4098 261.5 1211.4509 0.23333335 4.0 4.0 4.0 4.0 0.0 0.18800001 0 TOUCH_DOWN Space
1403835419782 6 4098 261.5 1211.4509 0.26666668 5.0 5.0 5.0 5.0 0.0 0.192 2 TOUCH_MOVE Space
1403835419798 6 4098 262.0241 1211.4509 0.26666668 5.0 5.0 5.0 5.0 0.0 0.2 2 TOUCH_MOVE Space
1403835419815 6 4098 263.0517 1211.4509 0.26666668 5.0 5.0 5.0 5.0 0.0 0.20400001 2 TOUCH_MOVE Space
1403835419833 6 4098 263.995 1211.4509 0.26666668 5.0 5.0 5.0 5.0 0.0 0.20400001 2 TOUCH_MOVE Space
1403835419848 6 4098 264.25 1211.4509 0.26666668 5.0 5.0 5.0 5.0 0.0 0.20400001 2 TOUCH_MOVE Space
1403835419920 6 4098 264.25 1211.4509 0.26666668 5.0 5.0 5.0 5.0 0.0 0.20400001 1 TOUCH_UP Space
1403835420127 6 4098 484.5 1123.9509 0.26666668 4.0 4.0 4.0 4.0 0.0 0.2 0 TOUCH_DOWN n
1403835420249 6 4098 484.5 1124.4303 0.26666668 4.0 4.0 4.0 4.0 0.0 0.20400001 2 TOUCH_MOVE n
1403835420252 6 4098 484.5 1124.4509 0.26666668 4.0 4.0 4.0 4.0 0.0 0.18800001 2 TOUCH_MOVE n
1403835420256 6 4098 484.5 1124.4509 0.26666668 4.0 4.0 4.0 4.0 0.0 0.18800001 1 TOUCH_UP n
1403835420914 6 4098 352.5 983.951 0.16666667 3.0 3.0 3.0 3.0 0.0 0.192 0 TOUCH_DOWN g
1403835420933 6 4098 352.5 983.951 0.16666667 3.0 3.0 3.0 3.0 0.0 0.2 2 TOUCH_MOVE g
1403835420966 6 4098 353.75 983.951 0.23333335 4.0 4.0 4.0 4.0 0.0 0.20400001 2 TOUCH_MOVE g
1403835421001 6 4098 354.22754 983.951 0.23333335 4.0 4.0 4.0 4.0 0.0 0.20400001 2 TOUCH_MOVE g
1403835421021 6 4098 354.22754 983.951 0.23333335 4.0 4.0 4.0 4.0 0.0 0.20400001 1 TOUCH_UP g
1403835421285 6 4098 481.5 860.451 0.23333335 4.0 4.0 4.0 4.0 0.0 0.208 0 TOUCH_DOWN u
1403835421366 6 4098 481.5 860.451 0.20000002 4.0 4.0 4.0 4.0 0.0 0.18800001 2 TOUCH_MOVE u
1403835421373 6 4098 481.5 860.451 0.16666667 3.0 3.0 3.0 3.0 0.0 0.124000005 2 TOUCH_MOVE u
1403835421376 6 4098 481.5 860.451 0.16666667 3.0 3.0 3.0 3.0 0.0 0.124000005 1 TOUCH_UP u
1403835421578 6 4098 622.0 845.951 0.23333335 4.0 4.0 4.0 4.0 0.0 0.2 0 TOUCH_DOWN o
1403835421600 6 4098 622.0 845.951 0.26666668 4.0 4.0 4.0 4.0 0.0 0.20400001 2 TOUCH_MOVE o
1403835421677 6 4098 621.5 846.451 0.23333335 5.0 5.0 5.0 5.0 0.0 0.18800001 2 TOUCH_MOVE o
1403835421680 6 4098 621.5 846.451 0.23333335 5.0 5.0 5.0 5.0 0.0 0.18800001 1 TOUCH_UP o
1403835421874 6 4098 535.5 860.451 0.23333335 4.0 4.0 4.0 4.0 0.0 0.208 0 TOUCH_DOWN i
1403835421892 6 4098 535.1539 860.451 0.23333335 4.0 4.0 4.0 4.0 0.0 0.21200001 2 TOUCH_MOVE i
1403835421909 6 4098 534.48785 860.451 0.26666668 4.0 4.0 4.0 4.0 0.0 0.22000001 2 TOUCH_MOVE i
1403835421917 6 4098 533.5237 860.9273 0.26666668 4.0 4.0 4.0 4.0 0.0 0.22000001 2 TOUCH_MOVE i
1403835421934 6 4098 533.0 861.8914 0.26666668 4.0 4.0 4.0 4.0 0.0 0.216 2 TOUCH_MOVE i
1403835421951 6 4098 533.0 862.8527 0.26666668 4.0 4.0 4.0 4.0 0.0 0.208 2 TOUCH_MOVE i
1403835421964 6 4098 533.0 862.951 0.13333334 2.0 2.0 2.0 2.0 0.0 0.104 2 TOUCH_MOVE i
1403835421969 6 4098 533.0 862.951 0.13333334 2.0 2.0 2.0 2.0 0.0 0.104 1 TOUCH_UP i
1403835422325 6 4098 246.0 1256.5 0.10000001 2.0 2.0 2.0 2.0 0.0 0.14400001 0 TOUCH_DOWN Space
1403835422353 6 4098 246.47102 1255.558 0.10000001 2.0 2.0 2.0 2.0 0.0 0.164 2 TOUCH_MOVE Space
1403835422368 6 4098 249.55067 1251.1249 0.16666667 4.0 4.0 4.0 4.0 0.0 0.18400002 2 TOUCH_MOVE Space
1403835422384 6 4098 253.0889 1245.6361 0.16666667 4.0 4.0 4.0 4.0 0.0 0.18400002 2 TOUCH_MOVE Space
1403835422403 6 4098 254.82703 1242.4698 0.16666667 4.0 4.0 4.0 4.0 0.0 0.18800001 2 TOUCH_MOVE Space
1403835422420 6 4098 255.5 1240.4185 0.16666667 4.0 4.0 4.0 4.0 0.0 0.18800001 2 TOUCH_MOVE Space
1403835422437 6 4098 255.5 1238.7177 0.20000002 4.0 4.0 4.0 4.0 0.0 0.192 2 TOUCH_MOVE Space
1403835422456 6 4098 255.5 1237.765 0.20000002 4.0 4.0 4.0 4.0 0.0 0.18800001 2 TOUCH_MOVE Space
1403835422468 6 4098 254.82602 1237.4509 0.20000002 4.0 4.0 4.0 4.0 0.0 0.18800001 2 TOUCH_MOVE Space
1403835422484 6 4098 253.8782 1237.4509 0.20000002 4.0 4.0 4.0 4.0 0.0 0.18400002 2 TOUCH_MOVE Space
1403835422495 6 4098 254.0 1237.4509 0.10000001 2.0 2.0 2.0 2.0 0.0 0.14400001 2 TOUCH_MOVE Space
1403835422502 6 4098 254.0 1237.4509 0.10000001 2.0 2.0 2.0 2.0 0.0 0.14400001 1 TOUCH_UP Space
1403835422687 6 4098 499.5 1129.4509 0.3 5.0 5.0 5.0 5.0 0.0 0.2 0 TOUCH_DOWN n
1403835422722 6 4098 499.5 1129.4509 0.3 5.0 5.0 5.0 5.0 0.0 0.20400001 2 TOUCH_MOVE n
1403835422816 6 4098 500.0 1129.4509 0.26666668 5.0 5.0 5.0 5.0 0.0 0.148 2 TOUCH_MOVE n
1403835422820 6 4098 500.0 1129.4509 0.26666668 5.0 5.0 5.0 5.0 0.0 0.148 1 TOUCH_UP n
1403835423048 6 4098 358.5 973.451 0.16666667 3.0 3.0 3.0 3.0 0.0 0.192 0 TOUCH_DOWN g
1403835423053 6 4098 358.5 973.451 0.16666667 3.0 3.0 3.0 3.0 0.0 0.19600001 2 TOUCH_MOVE g
1403835423151 6 4098 356.99768 973.451 0.16666667 3.0 3.0 3.0 3.0 0.0 0.192 2 TOUCH_MOVE g
1403835423163 6 4098 354.0 973.451 0.20000002 4.0 4.0 4.0 4.0 0.0 0.17600001 2 TOUCH_MOVE g
1403835423166 6 4098 354.0 973.451 0.20000002 4.0 4.0 4.0 4.0 0.0 0.17600001 1 TOUCH_UP g
1403835423614 6 4098 475.0 851.451 0.20000002 3.0 3.0 3.0 3.0 0.0 0.20400001 0 TOUCH_DOWN u
1403835423635 6 4098 475.0 851.451 0.20000002 3.0 3.0 3.0 3.0 0.0 0.208 2 TOUCH_MOVE u
1403835423669 6 4098 475.5386 851.451 0.23333335 4.0 4.0 4.0 4.0 0.0 0.208 2 TOUCH_MOVE u
1403835423685 6 4098 475.5 851.451 0.20000002 4.0 4.0 4.0 4.0 0.0 0.18400002 2 TOUCH_MOVE u
1403835423689 6 4098 475.5 851.451 0.20000002 4.0 4.0 4.0 4.0 0.0 0.18400002 1 TOUCH_UP u
1403835423921 6 4098 619.5 854.951 0.20000002 4.0 4.0 4.0 4.0 0.0 0.19600001 0 TOUCH_DOWN o
1403835423936 6 4098 619.5 854.951 0.20000002 4.0 4.0 4.0 4.0 0.0 0.2 2 TOUCH_MOVE o
1403835424038 6 4098 619.5 854.951 0.20000002 4.0 4.0 4.0 4.0 0.0 0.2 1 TOUCH_UP o
1403835424210 6 4098 534.0 876.451 0.26666668 4.0 4.0 4.0 4.0 0.0 0.208 0 TOUCH_DOWN i
1403835424224 6 4098 534.0 876.451 0.26666668 4.0 4.0 4.0 4.0 0.0 0.21200001 2 TOUCH_MOVE i
1403835424275 6 4098 534.0 877.7811 0.3 5.0 5.0 5.0 5.0 0.0 0.22000001 2 TOUCH_MOVE i
1403835424286 6 4098 534.0 878.73975 0.3 5.0 5.0 5.0 5.0 0.0 0.21200001 2 TOUCH_MOVE i
1403835424308 6 4098 534.5 879.451 0.3 5.0 5.0 5.0 5.0 0.0 0.2 2 TOUCH_MOVE i
1403835424311 6 4098 534.5 879.451 0.26666668 5.0 5.0 5.0 5.0 0.0 0.172 2 TOUCH_MOVE i
1403835424314 6 4098 534.5 879.451 0.26666668 5.0 5.0 5.0 5.0 0.0 0.172 1 TOUCH_UP i
1403835424672 6 4098 250.0 1242.4509 0.10000001 2.0 2.0 2.0 2.0 0.0 0.17600001 0 TOUCH_DOWN Space
1403835424681 6 4098 250.0 1241.5994 0.16666667 3.0 3.0 3.0 3.0 0.0 0.18800001 2 TOUCH_MOVE Space
1403835424701 6 4098 250.82774 1238.4677 0.23333335 4.0 4.0 4.0 4.0 0.0 0.19600001 2 TOUCH_MOVE Space
1403835424720 6 4098 252.0 1233.7024 0.23333335 4.0 4.0 4.0 4.0 0.0 0.19600001 2 TOUCH_MOVE Space
1403835424736 6 4098 252.0 1232.7444 0.23333335 4.0 4.0 4.0 4.0 0.0 0.2 2 TOUCH_MOVE Space
1403835424820 6 4098 251.44888 1232.9509 0.16666667 3.0 3.0 3.0 3.0 0.0 0.18 2 TOUCH_MOVE Space
1403835424832 6 4098 251.44888 1232.9509 0.16666667 3.0 3.0 3.0 3.0 0.0 0.18 1 TOUCH_UP Space
1403835425014 6 4098 662.0 1009.451 0.26666668 4.0 4.0 4.0 4.0 0.0 0.192 0 TOUCH_DOWN l
1403835425020 6 4098 662.0 1009.451 0.26666668 4.0 4.0 4.0 4.0 0.0 0.19600001 2 TOUCH_MOVE l
1403835425053 6 4098 660.11597 1009.451 0.26666668 4.0 4.0 4.0 4.0 0.0 0.208 2 TOUCH_MOVE l
1403835425070 6 4098 658.18884 1009.451 0.26666668 4.0 4.0 4.0 4.0 0.0 0.21200001 2 TOUCH_MOVE l
1403835425088 6 4098 656.6386 1009.951 0.26666668 4.0 4.0 4.0 4.0 0.0 0.21200001 2 TOUCH_MOVE l
1403835425103 6 4098 655.75 1009.951 0.26666668 4.0 4.0 4.0 4.0 0.0 0.21200001 2 TOUCH_MOVE l
1403835425120 6 4098 655.25 1009.951 0.26666668 4.0 4.0 4.0 4.0 0.0 0.21200001 2 TOUCH_MOVE l
1403835425160 6 4098 655.25 1009.951 0.26666668 4.0 4.0 4.0 4.0 0.0 0.21200001 1 TOUCH_UP l
1403835425343 6 4098 60.0 976.451 0.20000002 3.0 3.0 3.0 3.0 0.0 0.17600001 0 TOUCH_DOWN a
1403835425354 6 4098 60.0 976.451 0.20000002 3.0 3.0 3.0 3.0 0.0 0.18 2 TOUCH_MOVE a
1403835425387 6 4098 61.787853 977.0949 0.20000002 3.0 3.0 3.0 3.0 0.0 0.192 2 TOUCH_MOVE a
1403835425404 6 4098 64.2104 978.0562 0.20000002 3.0 3.0 3.0 3.0 0.0 0.192 2 TOUCH_MOVE a
1403835425420 6 4098 65.56771 979.0187 0.20000002 3.0 3.0 3.0 3.0 0.0 0.19600001 2 TOUCH_MOVE a
1403835425437 6 4098 66.52544 979.451 0.20000002 3.0 3.0 3.0 3.0 0.0 0.19600001 2 TOUCH_MOVE a
1403835425454 6 4098 67.25 979.451 0.20000002 3.0 3.0 3.0 3.0 0.0 0.192 2 TOUCH_MOVE a
1403835425502 6 4098 65.5 979.451 0.20000002 3.0 3.0 3.0 3.0 0.0 0.172 2 TOUCH_MOVE a
1403835425505 6 4098 65.5 979.451 0.20000002 3.0 3.0 3.0 3.0 0.0 0.172 1 TOUCH_UP a
1403835425816 6 4098 523.0 874.951 0.26666668 4.0 4.0 4.0 4.0 0.0 0.20400001 0 TOUCH_DOWN i
1403835425830 6 4098 523.0 874.951 0.26666668 4.0 4.0 4.0 4.0 0.0 0.21200001 2 TOUCH_MOVE i
1403835425883 6 4098 523.5 876.451 0.23333335 5.0 5.0 5.0 5.0 0.0 0.18 2 TOUCH_MOVE i
1403835425886 6 4098 523.5 876.451 0.23333335 5.0 5.0 5.0 5.0 0.0 0.18 1 TOUCH_UP i
1403835426334 6 4098 257.5 1225.4509 0.20000002 3.0 3.0 3.0 3.0 0.0 0.18 0 TOUCH_DOWN Space
1403835426355 6 4098 257.5 1225.4509 0.23333335 4.0 4.0 4.0 4.0 0.0 0.18800001 2 TOUCH_MOVE Space
1403835426371 6 4098 259.05383 1224.3971 0.23333335 4.0 4.0 4.0 4.0 0.0 0.19600001 2 TOUCH_MOVE Space
1403835426388 6 4098 260.97943 1221.9714 0.23333335 4.0 4.0 4.0 4.0 0.0 0.2 2 TOUCH_MOVE Space
1403835426408 6 4098 262.89218 1220.0587 0.26666668 5.0 5.0 5.0 5.0 0.0 0.20400001 2 TOUCH_MOVE Space
1403835426434 6 4098 263.6582 1219.2927 0.26666668 5.0 5.0 5.0 5.0 0.0 0.2 2 TOUCH_MOVE Space
1403835426441 6 4098 264.61328 1218.9509 0.26666668 5.0 5.0 5.0 5.0 0.0 0.2 2 TOUCH_MOVE Space
1403835426455 6 4098 265.25 1218.9509 0.26666668 5.0 5.0 5.0 5.0 0.0 0.2 2 TOUCH_MOVE Space
1403835426471 6 4098 265.0 1216.7955 0.23333335 4.0 4.0 4.0 4.0 0.0 0.18400002 2 TOUCH_MOVE Space
1403835426482 6 4098 265.0 1216.9509 0.16666667 3.0 3.0 3.0 3.0 0.0 0.116000004 2 TOUCH_MOVE Space
1403835426487 6 4098 265.0 1216.9509 0.16666667 3.0 3.0 3.0 3.0 0.0 0.116000004 1 TOUCH_UP Space
1403835426805 6 4098 328.5 828.951 0.33333334 5.0 5.0 5.0 5.0 0.0 0.19600001 0 TOUCH_DOWN t
1403835426838 6 4098 329.03802 828.951 0.33333334 5.0 5.0 5.0 5.0 0.0 0.20400001 2 TOUCH_MOVE t
1403835426855 6 4098 330.12164 828.951 0.33333334 5.0 5.0 5.0 5.0 0.0 0.208 2 TOUCH_MOVE t
1403835426872 6 4098 330.75 828.951 0.33333334 5.0 5.0 5.0 5.0 0.0 0.208 2 TOUCH_MOVE t
1403835426888 6 4098 330.5 829.461 0.33333334 5.0 5.0 5.0 5.0 0.0 0.208 2 TOUCH_MOVE t
1403835426905 6 4098 330.5 830.34924 0.3 5.0 5.0 5.0 5.0 0.0 0.20400001 2 TOUCH_MOVE t
1403835426923 6 4098 330.04703 831.40393 0.3 5.0 5.0 5.0 5.0 0.0 0.19600001 2 TOUCH_MOVE t
1403835426925 6 4098 330.0 831.451 0.3 5.0 5.0 5.0 5.0 0.0 0.18 2 TOUCH_MOVE t
1403835426929 6 4098 330.0 831.451 0.3 5.0 5.0 5.0 5.0 0.0 0.18 1 TOUCH_UP t
1403835427083 6 4098 434.0 979.951 0.23333335 4.0 4.0 4.0 4.0 0.0 0.20400001 0 TOUCH_DOWN h
1403835427106 6 4098 434.0 979.951 0.23333335 4.0 4.0 4.0 4.0 0.0 0.208 2 TOUCH_MOVE h
1403835427128 6 4098 434.0 978.97925 0.26666668 4.0 4.0 4.0 4.0 0.0 0.22000001 2 TOUCH_MOVE h
1403835427138 6 4098 434.0 978.0263 0.26666668 4.0 4.0 4.0 4.0 0.0 0.22000001 2 TOUCH_MOVE h
1403835427155 6 4098 434.0 977.701 0.26666668 4.0 4.0 4.0 4.0 0.0 0.22000001 2 TOUCH_MOVE h
1403835427188 6 4098 435.1247 976.8263 0.23333335 4.0 4.0 4.0 4.0 0.0 0.20400001 2 TOUCH_MOVE h
1403835427205 6 4098 437.0 973.451 0.23333335 5.0 5.0 5.0 5.0 0.0 0.17600001 2 TOUCH_MOVE h
1403835427208 6 4098 437.0 973.451 0.23333335 5.0 5.0 5.0 5.0 0.0 0.17600001 1 TOUCH_UP h
1403835427426 6 4098 473.5 852.951 0.23333335 4.0 4.0 4.0 4.0 0.0 0.216 0 TOUCH_DOWN u
1403835427439 6 4098 473.5 852.55963 0.26666668 4.0 4.0 4.0 4.0 0.0 0.216 2 TOUCH_MOVE u
1403835427456 6 4098 473.5 851.8517 0.26666668 4.0 4.0 4.0 4.0 0.0 0.22000001 2 TOUCH_MOVE u
1403835427489 6 4098 473.5 852.4732 0.23333335 4.0 4.0 4.0 4.0 0.0 0.216 2 TOUCH_MOVE u
1403835427507 6 4098 473.5 853.201 0.23333335 4.0 4.0 4.0 4.0 0.0 0.21200001 2 TOUCH_MOVE u
1403835427523 6 4098 475.0 854.951 0.13333334 2.0 2.0 2.0 2.0 0.0 0.128 2 TOUCH_MOVE u
1403835427528 6 4098 475.0 854.951 0.13333334 2.0 2.0 2.0 2.0 0.0 0.128 1 TOUCH_UP u
1403835427718 6 4098 614.5 846.951 0.26666668 5.0 5.0 5.0 5.0 0.0 0.20400001 0 TOUCH_DOWN o
1403835427772 6 4098 614.09204 848.35895 0.3 5.0 5.0 5.0 5.0 0.0 0.216 2 TOUCH_MOVE o
1403835427790 6 4098 613.5 849.3219 0.3 5.0 5.0 5.0 5.0 0.0 0.22000001 2 TOUCH_MOVE o
1403835427809 6 4098 613.5 850.201 0.3 5.0 5.0 5.0 5.0 0.0 0.22000001 2 TOUCH_MOVE o
1403835427838 6 4098 613.5 850.451 0.23333335 5.0 5.0 5.0 5.0 0.0 0.17600001 2 TOUCH_MOVE o
1403835427842 6 4098 613.5 850.451 0.23333335 5.0 5.0 5.0 5.0 0.0 0.17600001 1 TOUCH_UP o
1403835428212 6 4098 493.0 1123.4509 0.26666668 4.0 4.0 4.0 4.0 0.0 0.20400001 0 TOUCH_DOWN n
1403835428323 6 4098 493.0 1123.4509 0.26666668 4.0 4.0 4.0 4.0 0.0 0.20400001 1 TOUCH_UP n
1403835428769 6 4098 350.5 988.451 0.20000002 4.0 4.0 4.0 4.0 0.0 0.192 0 TOUCH_DOWN g
1403835428774 6 4098 350.5 988.451 0.20000002 4.0 4.0 4.0 4.0 0.0 0.19600001 2 TOUCH_MOVE g
1403835428807 6 4098 351.11282 988.451 0.23333335 4.0 4.0 4.0 4.0 0.0 0.20400001 2 TOUCH_MOVE g
1403835428840 6 4098 351.66003 988.451 0.26666668 4.0 4.0 4.0 4.0 0.0 0.20400001 2 TOUCH_MOVE g
1403835428872 6 4098 351.0 989.951 0.26666668 5.0 5.0 5.0 5.0 0.0 0.18 2 TOUCH_MOVE g
1403835428876 6 4098 351.0 989.951 0.26666668 5.0 5.0 5.0 5.0 0.0 0.18 1 TOUCH_UP g
1403835429148 6 4098 244.5 1195.4509 0.13333334 2.0 2.0 2.0 2.0 0.0 0.18400002 0 TOUCH_DOWN Space
1403835429171 6 4098 244.54233 1195.4509 0.16666667 3.0 3.0 3.0 3.0 0.0 0.18800001 2 TOUCH_MOVE Space
1403835429202 6 4098 247.99103 1195.4509 0.20000002 4.0 4.0 4.0 4.0 0.0 0.19600001 2 TOUCH_MOVE Space
1403835429211 6 4098 249.92023 1194.9908 0.20000002 4.0 4.0 4.0 4.0 0.0 0.2 2 TOUCH_MOVE Space
1403835429224 6 4098 251.42311 1194.9509 0.20000002 4.0 4.0 4.0 4.0 0.0 0.2 2 TOUCH_MOVE Space
1403835429240 6 4098 252.25 1194.9509 0.20000002 4.0 4.0 4.0 4.0 0.0 0.2 2 TOUCH_MOVE Space
1403835429291 6 4098 252.0 1193.1823 0.16666667 3.0 3.0 3.0 3.0 0.0 0.192 2 TOUCH_MOVE Space
1403835429300 6 4098 252.0 1192.4509 0.20000002 3.0 3.0 3.0 3.0 0.0 0.18400002 2 TOUCH_MOVE Space
1403835429304 6 4098 252.0 1192.4509 0.20000002 3.0 3.0 3.0 3.0 0.0 0.18400002 1 TOUCH_UP Space
1403835429620 6 4098 320.5 826.451 0.33333334 5.0 5.0 5.0 5.0 0.0 0.20400001 0 TOUCH_DOWN t
1403835429674 6 4098 320.5 828.1323 0.33333334 5.0 5.0 5.0 5.0 0.0 0.21200001 2 TOUCH_MOVE t
1403835429691 6 4098 320.214 830.8091 0.26666668 4.0 4.0 4.0 4.0 0.0 0.21200001 2 TOUCH_MOVE t
1403835429708 6 4098 318.98367 834.48364 0.26666668 4.0 4.0 4.0 4.0 0.0 0.21200001 2 TOUCH_MOVE t
1403835429734 6 4098 315.51492 838.0118 0.23333335 4.0 4.0 4.0 4.0 0.0 0.20400001 2 TOUCH_MOVE t
1403835429742 6 4098 313.5 839.451 0.13333334 2.0 2.0 2.0 2.0 0.0 0.128 2 TOUCH_MOVE t
1403835429745 6 4098 313.5 839.451 0.13333334 2.0 2.0 2.0 2.0 0.0 0.128 1 TOUCH_UP t
1403835430036 6 4098 57.5 971.951 0.16666667 3.0 3.0 3.0 3.0 0.0 0.17600001 0 TOUCH_DOWN a
1403835430059 6 4098 57.5 971.951 0.16666667 3.0 3.0 3.0 3.0 0.0 0.18400002 2 TOUCH_MOVE a
1403835430075 6 4098 58.751545 971.951 0.16666667 3.0 3.0 3.0 3.0 0.0 0.18800001 2 TOUCH_MOVE a
1403835430092 6 4098 61.0236 971.1098 0.16666667 3.0 3.0 3.0 3.0 0.0 0.18800001 2 TOUCH_MOVE a
1403835430112 6 4098 63.09231 970.15485 0.16666667 3.0 3.0 3.0 3.0 0.0 0.192 2 TOUCH_MOVE a
1403835430126 6 4098 64.75029 969.951 0.16666667 3.0 3.0 3.0 3.0 0.0 0.192 2 TOUCH_MOVE a
1403835430141 6 4098 65.73112 969.951 0.16666667 3.0 3.0 3.0 3.0 0.0 0.192 2 TOUCH_MOVE a
1403835430175 6 4098 64.96807 969.951 0.16666667 3.0 3.0 3.0 3.0 0.0 0.18 2 TOUCH_MOVE a
1403835430184 6 4098 64.0 970.451 0.16666667 3.0 3.0 3.0 3.0 0.0 0.16800001 2 TOUCH_MOVE a
1403835430188 6 4098 64.0 970.451 0.16666667 3.0 3.0 3.0 3.0 0.0 0.16800001 1 TOUCH_UP a
1403835430750 6 4098 678.5 1236.4509 0.16666667 4.0 4.0 4.0 4.0 0.0 0.18 0 TOUCH_DOWN Enter
1403835430759 6 4098 678.5 1236.4509 0.16666667 4.0 4.0 4.0 4.0 0.0 0.18400002 2 TOUCH_MOVE Enter
1403835430864 6 4098 678.5 1236.4509 0.16666667 4.0 4.0 4.0 4.0 0.0 0.18400002 1 TOUCH_UP Enter
1403835431523 6 4098 402.5 863.451 0.23333335 4.0 4.0 4.0 4.0 0.0 0.208 0 TOUCH_DOWN Y
1403835431543 6 4098 402.5 863.451 0.23333335 4.0 4.0 4.0 4.0 0.0 0.21200001 2 TOUCH_MOVE Y
1403835431594 6 4098 402.5 864.1682 0.26666668 4.0 4.0 4.0 4.0 0.0 0.21200001 2 TOUCH_MOVE Y
1403835431611 6 4098 402.0 865.1349 0.26666668 4.0 4.0 4.0 4.0 0.0 0.20400001 2 TOUCH_MOVE Y
1403835431640 6 4098 402.0 865.951 0.26666668 4.0 4.0 4.0 4.0 0.0 0.18 2 TOUCH_MOVE Y
1403835431644 6 4098 402.0 865.951 0.26666668 4.0 4.0 4.0 4.0 0.0 0.18 1 TOUCH_UP Y
1403835431923 6 4098 170.5 847.951 0.23333335 4.0 4.0 4.0 4.0 0.0 0.18400002 0 TOUCH_DOWN e
1403835431948 6 4098 171.35672 847.951 0.20000002 4.0 4.0 4.0 4.0 0.0 0.18800001 2 TOUCH_MOVE e
1403835431960 6 4098 174.01938 847.951 0.23333335 4.0 4.0 4.0 4.0 0.0 0.2 2 TOUCH_MOVE e
1403835431979 6 4098 176.61548 847.451 0.23333335 4.0 4.0 4.0 4.0 0.0 0.2 2 TOUCH_MOVE e
1403835431993 6 4098 178.26462 847.451 0.23333335 4.0 4.0 4.0 4.0 0.0 0.2 2 TOUCH_MOVE e
1403835432010 6 4098 179.2247 847.451 0.23333335 4.0 4.0 4.0 4.0 0.0 0.2 2 TOUCH_MOVE e
1403835432027 6 4098 179.75 847.451 0.23333335 4.0 4.0 4.0 4.0 0.0 0.2 2 TOUCH_MOVE e
1403835432079 6 4098 178.0 848.451 0.20000002 4.0 4.0 4.0 4.0 0.0 0.18 2 TOUCH_MOVE e
1403835432087 6 4098 178.0 848.451 0.16666667 3.0 3.0 3.0 3.0 0.0 0.1 2 TOUCH_MOVE e
1403835432090 6 4098 178.0 848.451 0.16666667 3.0 3.0 3.0 3.0 0.0 0.1 1 TOUCH_UP e
1403835432191 6 4098 482.0 851.451 0.23333335 4.0 4.0 4.0 4.0 0.0 0.2 0 TOUCH_DOWN u
1403835432211 6 4098 482.0 851.451 0.20000002 3.0 3.0 3.0 3.0 0.0 0.2 2 TOUCH_MOVE u
1403835432227 6 4098 481.30005 851.451 0.23333335 4.0 4.0 4.0 4.0 0.0 0.208 2 TOUCH_MOVE u
1403835432243 6 4098 480.75 851.451 0.23333335 4.0 4.0 4.0 4.0 0.0 0.208 2 TOUCH_MOVE u
1403835432304 6 4098 480.75 851.451 0.23333335 4.0 4.0 4.0 4.0 0.0 0.208 1 TOUCH_UP u
1403835432735 6 4098 264.5 1245.9509 0.16666667 4.0 4.0 4.0 4.0 0.0 0.17600001 0 TOUCH_DOWN Space
1403835432761 6 4098 265.42337 1245.0276 0.20000002 5.0 5.0 5.0 5.0 0.0 0.18400002 2 TOUCH_MOVE Space
1403835432777 6 4098 268.9205 1241.5304 0.20000002 5.0 5.0 5.0 5.0 0.0 0.192 2 TOUCH_MOVE Space
1403835432795 6 4098 272.46332 1237.1665 0.23333335 5.0 5.0 5.0 5.0 0.0 0.19600001 2 TOUCH_MOVE Space
1403835432812 6 4098 273.94595 1235.032 0.23333335 5.0 5.0 5.0 5.0 0.0 0.19600001 2 TOUCH_MOVE Space
1403835432827 6 4098 275.26172 1233.1892 0.23333335 5.0 5.0 5.0 5.0 0.0 0.2 2 TOUCH_MOVE Space
1403835432844 6 4098 275.5 1232.227 0.26666668 5.0 5.0 5.0 5.0 0.0 0.2 2 TOUCH_MOVE Space
1403835432894 6 4098 274.39648 1233.0544 0.23333335 5.0 5.0 5.0 5.0 0.0 0.18400002 2 TOUCH_MOVE Space
1403835432910 6 4098 273.5 1233.4509 0.20000002 5.0 5.0 5.0 5.0 0.0 0.172 2 TOUCH_MOVE Space
1403835432913 6 4098 273.5 1233.4509 0.20000002 5.0 5.0 5.0 5.0 0.0 0.172 1 TOUCH_UP Space
1403835433063 6 4098 511.5 1132.9509 0.23333335 4.0 4.0 4.0 4.0 0.0 0.20400001 0 TOUCH_DOWN n
1403835433095 6 4098 511.5 1132.9509 0.23333335 4.0 4.0 4.0 4.0 0.0 0.208 2 TOUCH_MOVE n
1403835433197 6 4098 511.5 1132.9509 0.23333335 4.0 4.0 4.0 4.0 0.0 0.208 1 TOUCH_UP n
1403835433422 6 4098 443.5 999.951 0.33333334 5.0 5.0 5.0 5.0 0.0 0.2 0 TOUCH_DOWN h
1403835433433 6 4098 443.5 999.951 0.33333334 5.0 5.0 5.0 5.0 0.0 0.20400001 2 TOUCH_MOVE h
1403835433461 6 4098 443.5 998.2147 0.33333334 5.0 5.0 5.0 5.0 0.0 0.20400001 2 TOUCH_MOVE h
1403835433478 6 4098 443.5 997.701 0.33333334 5.0 5.0 5.0 5.0 0.0 0.20400001 2 TOUCH_MOVE h
1403835433511 6 4098 443.5 999.05475 0.33333334 5.0 5.0 5.0 5.0 0.0 0.2 2 TOUCH_MOVE h
1403835433530 6 4098 443.0 999.951 0.33333334 5.0 5.0 5.0 5.0 0.0 0.18 2 TOUCH_MOVE h
1403835433534 6 4098 443.0 999.951 0.33333334 5.0 5.0 5.0 5.0 0.0 0.18 1 TOUCH_UP h
1403835433732 6 4098 51.0 983.451 0.20000002 3.0 3.0 3.0 3.0 0.0 0.16800001 0 TOUCH_DOWN a
1403835433745 6 4098 51.0 983.451 0.20000002 3.0 3.0 3.0 3.0 0.0 0.18 2 TOUCH_MOVE a
1403835433761 6 4098 52.53219 982.4349 0.20000002 3.0 3.0 3.0 3.0 0.0 0.18800001 2 TOUCH_MOVE a
1403835433779 6 4098 55.432495 980.996 0.20000002 3.0 3.0 3.0 3.0 0.0 0.18800001 2 TOUCH_MOVE a
1403835433795 6 4098 57.811455 980.01385 0.20000002 3.0 3.0 3.0 3.0 0.0 0.18800001 2 TOUCH_MOVE a
1403835433811 6 4098 59.311073 979.1399 0.20000002 3.0 3.0 3.0 3.0 0.0 0.192 2 TOUCH_MOVE a
1403835433828 6 4098 60.25 978.951 0.20000002 3.0 3.0 3.0 3.0 0.0 0.192 2 TOUCH_MOVE a
1403835433895 6 4098 58.796394 978.951 0.20000002 3.0 3.0 3.0 3.0 0.0 0.17600001 2 TOUCH_MOVE a
1403835433905 6 4098 59.0 978.951 0.16666667 3.0 3.0 3.0 3.0 0.0 0.120000005 2 TOUCH_MOVE a
1403835433910 6 4098 59.0 978.951 0.16666667 3.0 3.0 3.0 3.0 0.0 0.120000005 1 TOUCH_UP a
1403835433996 6 4098 460.5 874.951 0.26666668 4.0 4.0 4.0 4.0 0.0 0.21200001 0 TOUCH_DOWN u
1403835434014 6 4098 460.5 874.951 0.26666668 4.0 4.0 4.0 4.0 0.0 0.216 2 TOUCH_MOVE u
1403835434094 6 4098 460.5 873.951 0.26666668 4.0 4.0 4.0 4.0 0.0 0.18 2 TOUCH_MOVE u
1403835434098 6 4098 460.5 873.951 0.26666668 4.0 4.0 4.0 4.0 0.0 0.18 1 TOUCH_UP u
1403835434484 6 4098 237.0 1261.5 0.10000001 2.0 2.0 2.0 2.0 0.0 0.16800001 0 TOUCH_DOWN Space
1403835434496 6 4098 237.0 1261.5 0.10000001 2.0 2.0 2.0 2.0 0.0 0.17600001 2 TOUCH_MOVE Space
1403835434529 6 4098 236.32602 1251.255 0.16666667 4.0 4.0 4.0 4.0 0.0 0.18400002 2 TOUCH_MOVE Space
1403835434545 6 4098 236.5 1248.5486 0.16666667 4.0 4.0 4.0 4.0 0.0 0.18800001 2 TOUCH_MOVE Space
1403835434562 6 4098 236.5 1246.7772 0.16666667 4.0 4.0 4.0 4.0 0.0 0.18800001 2 TOUCH_MOVE Space
1403835434579 6 4098 236.5 1245.9131 0.16666667 4.0 4.0 4.0 4.0 0.0 0.18800001 2 TOUCH_MOVE Space
1403835434615 6 4098 235.53082 1243.9817 0.16666667 4.0 4.0 4.0 4.0 0.0 0.18400002 2 TOUCH_MOVE Space
1403835434617 6 4098 235.5 1243.9509 0.13333334 3.0 3.0 3.0 3.0 0.0 0.116000004 2 TOUCH_MOVE Space
1403835434625 6 4098 235.5 1243.9509 0.13333334 3.0 3.0 3.0 3.0 0.0 0.116000004 1 TOUCH_UP Space
1403835434964 6 4098 205.5 968.951 0.20000002 4.0 4.0 4.0 4.0 0.0 0.18400002 0 TOUCH_DOWN d
1403835434991 6 4098 206.08804 968.951 0.23333335 5.0 5.0 5.0 5.0 0.0 0.18800001 2 TOUCH_MOVE d
1403835434996 6 4098 207.54427 969.47314 0.23333335 5.0 5.0 5.0 5.0 0.0 0.192 2 TOUCH_MOVE d
1403835435013 6 4098 210.01825 969.951 0.23333335 5.0 5.0 5.0 5.0 0.0 0.19600001 2 TOUCH_MOVE d
1403835435029 6 4098 212.44078 970.451 0.23333335 5.0 5.0 5.0 5.0 0.0 0.19600001 2 TOUCH_MOVE d
1403835435046 6 4098 213.92711 970.451 0.23333335 5.0 5.0 5.0 5.0 0.0 0.19600001 2 TOUCH_MOVE d
1403835435063 6 4098 214.75 971.201 0.23333335 5.0 5.0 5.0 5.0 0.0 0.19600001 2 TOUCH_MOVE d
1403835435111 6 4098 214.0 970.951 0.20000002 4.0 4.0 4.0 4.0 0.0 0.14 2 TOUCH_MOVE d
1403835435115 6 4098 214.0 970.951 0.20000002 4.0 4.0 4.0 4.0 0.0 0.14 1 TOUCH_UP d
1403835435304 6 4098 477.5 854.951 0.20000002 3.0 3.0 3.0 3.0 0.0 0.20400001 0 TOUCH_DOWN u
1403835435313 6 4098 477.5 854.951 0.23333335 4.0 4.0 4.0 4.0 0.0 0.21200001 2 TOUCH_MOVE u
1403835435363 6 4098 476.3429 854.951 0.23333335 4.0 4.0 4.0 4.0 0.0 0.21200001 2 TOUCH_MOVE u
1403835435382 6 4098 475.38754 854.951 0.20000002 4.0 4.0 4.0 4.0 0.0 0.19600001 2 TOUCH_MOVE u
1403835435390 6 4098 475.0 854.951 0.13333334 2.0 2.0 2.0 2.0 0.0 0.16000001 2 TOUCH_MOVE u
1403835435394 6 4098 475.0 854.951 0.13333334 2.0 2.0 2.0 2.0 0.0 0.16000001 1 TOUCH_UP u
1403835435655 6 4098 244.0 1247.4509 0.10000001 2.0 2.0 2.0 2.0 0.0 0.17600001 0 TOUCH_DOWN Space
1403835435680 6 4098 244.90749 1245.636 0.10000001 2.0 2.0 2.0 2.0 0.0 0.18 2 TOUCH_MOVE Space
1403835435697 6 4098 247.93263 1239.4438 0.20000002 4.0 4.0 4.0 4.0 0.0 0.19600001 2 TOUCH_MOVE Space
1403835435713 6 4098 250.92091 1233.916 0.23333335 4.0 4.0 4.0 4.0 0.0 0.2 2 TOUCH_MOVE Space
1403835435730 6 4098 252.7873 1230.8763 0.23333335 4.0 4.0 4.0 4.0 0.0 0.2 2 TOUCH_MOVE Space
1403835435746 6 4098 253.74591 1229.205 0.23333335 4.0 4.0 4.0 4.0 0.0 0.20400001 2 TOUCH_MOVE Space
1403835435766 6 4098 254.25 1228.7009 0.23333335 4.0 4.0 4.0 4.0 0.0 0.20400001 2 TOUCH_MOVE Space
1403835435813 6 4098 253.4892 1228.9509 0.23333335 4.0 4.0 4.0 4.0 0.0 0.2 2 TOUCH_MOVE Space
1403835435830 6 4098 250.8623 1228.9509 0.20000002 3.0 3.0 3.0 3.0 0.0 0.192 2 TOUCH_MOVE Space
1403835435841 6 4098 248.5 1228.9509 0.16666667 3.0 3.0 3.0 3.0 0.0 0.18400002 2 TOUCH_MOVE Space
1403835435845 6 4098 248.5 1228.9509 0.16666667 3.0 3.0 3.0 3.0 0.0 0.18400002 1 TOUCH_UP Space
1403835436200 6 4098 591.0 1137.9509 0.16666667 3.0 3.0 3.0 3.0 0.0 0.19600001 0 TOUCH_DOWN m
1403835436243 6 4098 590.4266 1137.9509 0.23333335 4.0 4.0 4.0 4.0 0.0 0.21200001 2 TOUCH_MOVE m
1403835436249 6 4098 589.4615 1138.4895 0.23333335 4.0 4.0 4.0 4.0 0.0 0.216 2 TOUCH_MOVE m
1403835436264 6 4098 588.50146 1138.9509 0.23333335 4.0 4.0 4.0 4.0 0.0 0.216 2 TOUCH_MOVE m
1403835436291 6 4098 587.75 1139.7009 0.23333335 4.0 4.0 4.0 4.0 0.0 0.216 2 TOUCH_MOVE m
1403835436321 6 4098 587.75 1139.7009 0.23333335 4.0 4.0 4.0 4.0 0.0 0.216 1 TOUCH_UP m
1403835436572 6 4098 42.0 968.951 0.16666667 3.0 3.0 3.0 3.0 0.0 0.16800001 0 TOUCH_DOWN a
1403835436581 6 4098 42.0 968.951 0.16666667 3.0 3.0 3.0 3.0 0.0 0.17600001 2 TOUCH_MOVE a
1403835436598 6 4098 42.900597 968.951 0.16666667 3.0 3.0 3.0 3.0 0.0 0.18400002 2 TOUCH_MOVE a
1403835436614 6 4098 44.824577 968.2887 0.16666667 3.0 3.0 3.0 3.0 0.0 0.18400002 2 TOUCH_MOVE a
1403835436631 6 4098 46.100285 967.3507 0.16666667 3.0 3.0 3.0 3.0 0.0 0.18800001 2 TOUCH_MOVE a
1403835436648 6 4098 47.580708 967.451 0.16666667 3.0 3.0 3.0 3.0 0.0 0.18800001 2 TOUCH_MOVE a
1403835436664 6 4098 48.543335 967.451 0.16666667 3.0 3.0 3.0 3.0 0.0 0.18400002 2 TOUCH_MOVE a
1403835436714 6 4098 47.61066 967.451 0.16666667 3.0 3.0 3.0 3.0 0.0 0.18 2 TOUCH_MOVE a
1403835436727 6 4098 47.5 967.451 0.16666667 3.0 3.0 3.0 3.0 0.0 0.112 2 TOUCH_MOVE a
1403835436731 6 4098 47.5 967.451 0.16666667 3.0 3.0 3.0 3.0 0.0 0.112 1 TOUCH_UP a
1403835437127 6 4098 393.5 856.951 0.20000002 4.0 4.0 4.0 4.0 0.0 0.19600001 0 TOUCH_DOWN y
1403835437162 6 4098 393.5 856.28076 0.20000002 4.0 4.0 4.0 4.0 0.0 0.2 2 TOUCH_MOVE y
1403835437185 6 4098 393.5 856.451 0.20000002 4.0 4.0 4.0 4.0 0.0 0.164 2 TOUCH_MOVE y
1403835437196 6 4098 393.5 856.451 0.20000002 4.0 4.0 4.0 4.0 0.0 0.164 1 TOUCH_UP y
1403835437616 6 4098 249.0 1232.4509 0.16666667 3.0 3.0 3.0 3.0 0.0 0.18800001 0 TOUCH_DOWN Space
1403835437637 6 4098 249.0 1232.4509 0.20000002 4.0 4.0 4.0 4.0 0.0 0.192 2 TOUCH_MOVE Space
1403835437665 6 4098 249.52707 1231.9238 0.23333335 4.0 4.0 4.0 4.0 0.0 0.2 2 TOUCH_MOVE Space
1403835437682 6 4098 250.0 1230.8562 0.23333335 4.0 4.0 4.0 4.0 0.0 0.2 2 TOUCH_MOVE Space
1403835437711 6 4098 250.0 1230.1746 0.23333335 4.0 4.0 4.0 4.0 0.0 0.2 2 TOUCH_MOVE Space
1403835437716 6 4098 250.0 1229.7218 0.23333335 4.0 4.0 4.0 4.0 0.0 0.2 2 TOUCH_MOVE Space
1403835437748 6 4098 248.62796 1229.0149 0.20000002 3.0 3.0 3.0 3.0 0.0 0.192 2 TOUCH_MOVE Space
1403835437753 6 4098 248.5 1228.9509 0.16666667 3.0 3.0 3.0 3.0 0.0 0.18 2 TOUCH_MOVE Space
1403835437759 6 4098 248.5 1228.9509 0.16666667 3.0 3.0 3.0 3.0 0.0 0.18 1 TOUCH_UP Space
1403835438008 6 4098 255.0 1104.9509 0.26666668 4.0 4.0 4.0 4.0 0.0 0.19600001 0 TOUCH_DOWN c
1403835438024 6 4098 255.0 1104.9509 0.26666668 4.0 4.0 4.0 4.0 0.0 0.2 2 TOUCH_MOVE c
1403835438051 6 4098 256.19263 1105.4509 0.26666668 4.0 4.0 4.0 4.0 0.0 0.208 2 TOUCH_MOVE c
1403835438066 6 4098 257.16992 1105.4509 0.26666668 4.0 4.0 4.0 4.0 0.0 0.208 2 TOUCH_MOVE c
1403835438082 6 4098 257.75 1105.4509 0.26666668 4.0 4.0 4.0 4.0 0.0 0.208 2 TOUCH_MOVE c
1403835438115 6 4098 256.99118 1105.4509 0.26666668 4.0 4.0 4.0 4.0 0.0 0.2 2 TOUCH_MOVE c
1403835438132 6 4098 253.5 1103.4509 0.13333334 2.0 2.0 2.0 2.0 0.0 0.132 2 TOUCH_MOVE c
1403835438137 6 4098 253.5 1103.4509 0.13333334 2.0 2.0 2.0 2.0 0.0 0.132 1 TOUCH_UP c
1403835438368 6 4098 51.5 967.951 0.16666667 3.0 3.0 3.0 3.0 0.0 0.172 0 TOUCH_DOWN a
1403835438385 6 4098 51.5 967.951 0.16666667 3.0 3.0 3.0 3.0 0.0 0.17600001 2 TOUCH_MOVE a
1403835438416 6 4098 54.980125 967.12427 0.16666667 3.0 3.0 3.0 3.0 0.0 0.18800001 2 TOUCH_MOVE a
1403835438432 6 4098 57.87374 966.951 0.16666667 3.0 3.0 3.0 3.0 0.0 0.18800001 2 TOUCH_MOVE a
1403835438449 6 4098 59.486576 966.951 0.16666667 3.0 3.0 3.0 3.0 0.0 0.18800001 2 TOUCH_MOVE a
1403835438466 6 4098 60.709053 966.951 0.16666667 3.0 3.0 3.0 3.0 0.0 0.18800001 2 TOUCH_MOVE a
1403835438516 6 4098 59.986824 966.951 0.16666667 3.0 3.0 3.0 3.0 0.0 0.172 2 TOUCH_MOVE a
1403835438520 6 4098 59.986824 966.951 0.16666667 3.0 3.0 3.0 3.0 0.0 0.172 1 TOUCH_UP a
1403835438766 6 4098 268.5 1117.4509 0.3 5.0 5.0 5.0 5.0 0.0 0.2 0 TOUCH_DOWN c
1403835438786 6 4098 268.5 1117.4509 0.3 5.0 5.0 5.0 5.0 0.0 0.20400001 2 TOUCH_MOVE c
1403835438800 6 4098 269.80984 1117.4509 0.3 5.0 5.0 5.0 5.0 0.0 0.208 2 TOUCH_MOVE c
1403835438816 6 4098 271.64243 1117.4509 0.3 5.0 5.0 5.0 5.0 0.0 0.21200001 2 TOUCH_MOVE c
1403835438833 6 4098 272.82663 1117.4509 0.3 5.0 5.0 5.0 5.0 0.0 0.21200001 2 TOUCH_MOVE c
1403835438849 6 4098 273.75 1117.4509 0.33333334 5.0 5.0 5.0 5.0 0.0 0.21200001 2 TOUCH_MOVE c
1403835438900 6 4098 273.5 1117.4509 0.33333334 5.0 5.0 5.0 5.0 0.0 0.18800001 2 TOUCH_MOVE c
1403835438905 6 4098 273.5 1117.4509 0.33333334 5.0 5.0 5.0 5.0 0.0 0.18800001 1 TOUCH_UP c
1403835439060 6 4098 431.5 994.951 0.3 5.0 5.0 5.0 5.0 0.0 0.19600001 0 TOUCH_DOWN h
1403835439083 6 4098 431.5 994.951 0.3 5.0 5.0 5.0 5.0 0.0 0.2 2 TOUCH_MOVE h
1403835439100 6 4098 431.5 994.39 0.26666668 4.0 4.0 4.0 4.0 0.0 0.21200001 2 TOUCH_MOVE h
1403835439117 6 4098 431.5 993.3058 0.26666668 4.0 4.0 4.0 4.0 0.0 0.216 2 TOUCH_MOVE h
1403835439133 6 4098 431.5 992.3511 0.26666668 4.0 4.0 4.0 4.0 0.0 0.21200001 2 TOUCH_MOVE h
1403835439162 6 4098 431.5 991.701 0.26666668 4.0 4.0 4.0 4.0 0.0 0.21200001 2 TOUCH_MOVE h
1403835439194 6 4098 431.5 991.701 0.26666668 4.0 4.0 4.0 4.0 0.0 0.21200001 1 TOUCH_UP h
1403835439787 6 4098 255.5 1223.9509 0.20000002 3.0 3.0 3.0 3.0 0.0 0.18400002 0 TOUCH_DOWN Space
1403835439801 6 4098 255.5 1223.9509 0.23333335 4.0 4.0 4.0 4.0 0.0 0.192 2 TOUCH_MOVE Space
1403835439834 6 4098 257.4231 1222.5278 0.23333335 4.0 4.0 4.0 4.0 0.0 0.2 2 TOUCH_MOVE Space
1403835439853 6 4098 258.38275 1222.0681 0.23333335 4.0 4.0 4.0 4.0 0.0 0.2 2 TOUCH_MOVE Space
1403835439867 6 4098 259.0 1221.109 0.23333335 4.0 4.0 4.0 4.0 0.0 0.20400001 2 TOUCH_MOVE Space
1403835439884 6 4098 259.0 1220.7009 0.23333335 4.0 4.0 4.0 4.0 0.0 0.20400001 2 TOUCH_MOVE Space
1403835439917 6 4098 258.77707 1219.2822 0.23333335 4.0 4.0 4.0 4.0 0.0 0.19600001 2 TOUCH_MOVE Space
1403835439934 6 4098 258.5 1218.4509 0.16666667 3.0 3.0 3.0 3.0 0.0 0.132 2 TOUCH_MOVE Space
1403835439937 6 4098 258.5 1218.4509 0.16666667 3.0 3.0 3.0 3.0 0.0 0.132 1 TOUCH_UP Space
1403835440429 6 4098 187.5 1114.9509 0.20000002 4.0 4.0 4.0 4.0 0.0 0.18800001 0 TOUCH_DOWN x
1403835440454 6 4098 187.5 1114.9509 0.20000002 4.0 4.0 4.0 4.0 0.0 0.192 2 TOUCH_MOVE x
1403835440484 6 4098 188.75 1114.9509 0.20000002 4.0 4.0 4.0 4.0 0.0 0.2 2 TOUCH_MOVE x
1403835440503 6 4098 189.18468 1115.6356 0.20000002 4.0 4.0 4.0 4.0 0.0 0.2 2 TOUCH_MOVE x
1403835440534 6 4098 187.82437 1113.8248 0.23333335 5.0 5.0 5.0 5.0 0.0 0.192 2 TOUCH_MOVE x
1403835440556 6 4098 187.0 1112.4509 0.20000002 3.0 3.0 3.0 3.0 0.0 0.14400001 2 TOUCH_MOVE x
1403835440562 6 4098 187.0 1112.4509 0.20000002 3.0 3.0 3.0 3.0 0.0 0.14400001 1 TOUCH_UP x
1403835440761 6 4098 54.0 972.451 0.16666667 3.0 3.0 3.0 3.0 0.0 0.17600001 0 TOUCH_DOWN a
1403835440768 6 4098 54.0 972.451 0.16666667 3.0 3.0 3.0 3.0 0.0 0.18 2 TOUCH_MOVE a
1403835440808 6 4098 55.09504 972.35596 0.16666667 3.0 3.0 3.0 3.0 0.0 0.18800001 2 TOUCH_MOVE a
1403835440820 6 4098 56.0647 971.951 0.16666667 3.0 3.0 3.0 3.0 0.0 0.192 2 TOUCH_MOVE a
1403835440835 6 4098 57.0178 971.951 0.16666667 3.0 3.0 3.0 3.0 0.0 0.18800001 2 TOUCH_MOVE a
1403835440852 6 4098 57.98095 971.951 0.16666667 3.0 3.0 3.0 3.0 0.0 0.18800001 2 TOUCH_MOVE a
1403835440869 6 4098 58.463753 971.951 0.16666667 3.0 3.0 3.0 3.0 0.0 0.192 2 TOUCH_MOVE a
1403835440885 6 4098 58.727158 971.951 0.16666667 3.0 3.0 3.0 3.0 0.0 0.18800001 2 TOUCH_MOVE a
1403835440910 6 4098 58.727158 971.951 0.16666667 3.0 3.0 3.0 3.0 0.0 0.18800001 1 TOUCH_UP a
1403835441221 6 4098 230.0 1218.4509 0.23333335 4.0 4.0 4.0 4.0 0.0 0.18800001 0 TOUCH_DOWN Space
1403835441245 6 4098 230.0 1218.4509 0.23333335 4.0 4.0 4.0 4.0 0.0 0.192 2 TOUCH_MOVE Space
1403835441368 6 4098 229.76283 1216.0023 0.23333335 4.0 4.0 4.0 4.0 0.0 0.2 2 TOUCH_MOVE Space
1403835441385 6 4098 227.5 1210.9509 0.23333335 5.0 5.0 5.0 5.0 0.0 0.18 2 TOUCH_MOVE Space
1403835441390 6 4098 227.5 1210.9509 0.23333335 5.0 5.0 5.0 5.0 0.0 0.18 1 TOUCH_UP Space
1403835441763 6 4098 211.0 1114.9509 0.33333334 5.0 5.0 5.0 5.0 0.0 0.192 0 TOUCH_DOWN x
1403835441788 6 4098 211.36418 1114.9509 0.33333334 5.0 5.0 5.0 5.0 0.0 0.2 2 TOUCH_MOVE x
1403835441807 6 4098 212.85704 1114.9509 0.33333334 5.0 5.0 5.0 5.0 0.0 0.20400001 2 TOUCH_MOVE x
1403835441819 6 4098 214.16196 1114.9509 0.33333334 5.0 5.0 5.0 5.0 0.0 0.20400001 2 TOUCH_MOVE x
1403835441836 6 4098 215.11081 1114.9509 0.33333334 5.0 5.0 5.0 5.0 0.0 0.20400001 2 TOUCH_MOVE x
1403835441853 6 4098 215.75 1114.9509 0.33333334 5.0 5.0 5.0 5.0 0.0 0.20400001 2 TOUCH_MOVE x
1403835441904 6 4098 214.0 1114.9509 0.3 5.0 5.0 5.0 5.0 0.0 0.18800001 2 TOUCH_MOVE x
1403835441918 6 4098 214.0 1114.9509 0.26666668 5.0 5.0 5.0 5.0 0.0 0.14 2 TOUCH_MOVE x
1403835441923 6 4098 214.0 1114.9509 0.26666668 5.0 5.0 5.0 5.0 0.0 0.14 1 TOUCH_UP x
1403835442494 6 4098 690.5 1117.9509 0.23333335 4.0 4.0 4.0 4.0 0.0 0.192 0 TOUCH_DOWN Back
1403835442503 6 4098 690.5 1117.9509 0.26666668 4.0 4.0 4.0 4.0 0.0 0.2 2 TOUCH_MOVE Back
1403835442527 6 4098 688.0994 1117.9509 0.26666668 4.0 4.0 4.0 4.0 0.0 0.21200001 2 TOUCH_MOVE Back
1403835442538 6 4098 685.2254 1118.4509 0.26666668 4.0 4.0 4.0 4.0 0.0 0.216 2 TOUCH_MOVE Back
1403835442554 6 4098 683.62256 1119.3284 0.26666668 4.0 4.0 4.0 4.0 0.0 0.22000001 2 TOUCH_MOVE Back
1403835442571 6 4098 682.6541 1119.7969 0.26666668 4.0 4.0 4.0 4.0 0.0 0.216 2 TOUCH_MOVE Back
1403835442586 6 4098 682.25 1120.2009 0.26666668 4.0 4.0 4.0 4.0 0.0 0.22000001 2 TOUCH_MOVE Back
1403835442625 6 4098 682.25 1120.2009 0.26666668 4.0 4.0 4.0 4.0 0.0 0.22000001 1 TOUCH_UP Back
1403835443124 6 4098 278.0 1122.9509 0.26666668 4.0 4.0 4.0 4.0 0.0 0.192 0 TOUCH_DOWN c
1403835443137 6 4098 278.0 1122.9509 0.26666668 4.0 4.0 4.0 4.0 0.0 0.19600001 2 TOUCH_MOVE c
1403835443171 6 4098 280.30408 1121.5488 0.26666668 4.0 4.0 4.0 4.0 0.0 0.20400001 2 TOUCH_MOVE c
1403835443187 6 4098 281.3486 1120.6023 0.26666668 4.0 4.0 4.0 4.0 0.0 0.20400001 2 TOUCH_MOVE c
1403835443207 6 4098 282.3273 1119.6237 0.26666668 4.0 4.0 4.0 4.0 0.0 0.20400001 2 TOUCH_MOVE c
1403835443220 6 4098 283.25 1119.4509 0.26666668 4.0 4.0 4.0 4.0 0.0 0.2 2 TOUCH_MOVE c
1403835443248 6 4098 283.25 1119.4509 0.26666668 4.0 4.0 4.0 4.0 0.0 0.2 1 TOUCH_UP c
1403835443660 6 4098 481.0 855.951 0.16666667 3.0 3.0 3.0 3.0 0.0 0.2 0 TOUCH_DOWN u
1403835443671 6 4098 481.0 855.60364 0.23333335 4.0 4.0 4.0 4.0 0.0 0.208 2 TOUCH_MOVE u
1403835443693 6 4098 480.87238 854.82336 0.23333335 4.0 4.0 4.0 4.0 0.0 0.21200001 2 TOUCH_MOVE u
1403835443704 6 4098 480.5 853.8279 0.23333335 4.0 4.0 4.0 4.0 0.0 0.21200001 2 TOUCH_MOVE u
1403835443766 6 4098 480.5 853.951 0.13333334 2.0 2.0 2.0 2.0 0.0 0.116000004 2 TOUCH_MOVE u
1403835443770 6 4098 480.5 853.951 0.13333334 2.0 2.0 2.0 2.0 0.0 0.116000004 1 TOUCH_UP u
1403835444046 6 4098 497.5 1119.4509 0.3 5.0 5.0 5.0 5.0 0.0 0.20400001 0 TOUCH_DOWN n
1403835444054 6 4098 497.5 1119.4509 0.3 5.0 5.0 5.0 5.0 0.0 0.208 2 TOUCH_MOVE n
1403835444154 6 4098 497.5 1119.4509 0.26666668 5.0 5.0 5.0 5.0 0.0 0.172 2 TOUCH_MOVE n
1403835444160 6 4098 497.5 1119.4509 0.26666668 5.0 5.0 5.0 5.0 0.0 0.172 1 TOUCH_UP n
1403835444332 6 4098 360.5 972.451 0.16666667 3.0 3.0 3.0 3.0 0.0 0.18800001 0 TOUCH_DOWN g
1403835444341 6 4098 360.5 972.451 0.20000002 4.0 4.0 4.0 4.0 0.0 0.19600001 2 TOUCH_MOVE g
1403835444371 6 4098 362.0159 972.451 0.20000002 4.0 4.0 4.0 4.0 0.0 0.2 2 TOUCH_MOVE g
1403835444388 6 4098 363.46927 972.9202 0.20000002 4.0 4.0 4.0 4.0 0.0 0.2 2 TOUCH_MOVE g
1403835444409 6 4098 363.5 974.97253 0.23333335 4.0 4.0 4.0 4.0 0.0 0.2 2 TOUCH_MOVE g
1403835444421 6 4098 362.60437 979.1378 0.23333335 4.0 4.0 4.0 4.0 0.0 0.2 2 TOUCH_MOVE g
1403835444439 6 4098 359.55002 983.2634 0.20000002 4.0 4.0 4.0 4.0 0.0 0.192 2 TOUCH_MOVE g
1403835444444 6 4098 359.0 983.951 0.20000002 4.0 4.0 4.0 4.0 0.0 0.17600001 2 TOUCH_MOVE g
1403835444447 6 4098 359.0 983.951 0.20000002 4.0 4.0 4.0 4.0 0.0 0.17600001 1 TOUCH_UP g
1403835444661 6 4098 256.5 1226.9509 0.20000002 3.0 3.0 3.0 3.0 0.0 0.18400002 0 TOUCH_DOWN Space
1403835444672 6 4098 256.5 1226.9509 0.20000002 3.0 3.0 3.0 3.0 0.0 0.18800001 2 TOUCH_MOVE Space
1403835444738 6 4098 256.5 1225.8064 0.23333335 4.0 4.0 4.0 4.0 0.0 0.20400001 2 TOUCH_MOVE Space
1403835444755 6 4098 256.5 1225.4019 0.23333335 4.0 4.0 4.0 4.0 0.0 0.20400001 2 TOUCH_MOVE Space
1403835444772 6 4098 256.5 1224.7009 0.23333335 4.0 4.0 4.0 4.0 0.0 0.20400001 2 TOUCH_MOVE Space
1403835444789 6 4098 256.5 1224.219 0.23333335 4.0 4.0 4.0 4.0 0.0 0.20400001 2 TOUCH_MOVE Space
1403835444806 6 4098 256.5 1223.721 0.23333335 4.0 4.0 4.0 4.0 0.0 0.20400001 2 TOUCH_MOVE Space
1403835444822 6 4098 256.94067 1214.6034 0.23333335 4.0 4.0 4.0 4.0 0.0 0.19600001 2 TOUCH_MOVE Space
1403835444827 6 4098 257.0 1213.9509 0.20000002 4.0 4.0 4.0 4.0 0.0 0.18400002 2 TOUCH_MOVE Space
1403835444830 6 4098 257.0 1213.9509 0.20000002 4.0 4.0 4.0 4.0 0.0 0.18400002 1 TOUCH_UP Space
1403835445123 6 4098 324.5 848.451 0.26666668 5.0 5.0 5.0 5.0 0.0 0.2 0 TOUCH_DOWN t
1403835445156 6 4098 325.03372 847.91724 0.26666668 5.0 5.0 5.0 5.0 0.0 0.208 2 TOUCH_MOVE t
1403835445173 6 4098 326.09888 846.8521 0.3 5.0 5.0 5.0 5.0 0.0 0.21200001 2 TOUCH_MOVE t
1403835445190 6 4098 327.0308 845.92017 0.26666668 5.0 5.0 5.0 5.0 0.0 0.21200001 2 TOUCH_MOVE t
1403835445239 6 4098 326.56216 846.8888 0.26666668 5.0 5.0 5.0 5.0 0.0 0.2 2 TOUCH_MOVE t
1403835445257 6 4098 326.0 847.951 0.20000002 4.0 4.0 4.0 4.0 0.0 0.17600001 2 TOUCH_MOVE t
1403835445260 6 4098 326.0 847.951 0.20000002 4.0 4.0 4.0 4.0 0.0 0.17600001 1 TOUCH_UP t
1403835445444 6 4098 536.0 850.951 0.23333335 4.0 4.0 4.0 4.0 0.0 0.208 0 TOUCH_DOWN i
1403835445522 6 4098 538.5258 852.9768 0.23333335 4.0 4.0 4.0 4.0 0.0 0.208 2 TOUCH_MOVE i
1403835445538 6 4098 539.5 853.951 0.16666667 3.0 3.0 3.0 3.0 0.0 0.112 2 TOUCH_MOVE i
1403835445542 6 4098 539.5 853.951 0.16666667 3.0 3.0 3.0 3.0 0.0 0.112 1 TOUCH_UP i
1403835445858 6 4098 583.0 1131.9509 0.20000002 3.0 3.0 3.0 3.0 0.0 0.2 0 TOUCH_DOWN m
1403835445877 6 4098 583.0 1131.9509 0.23333335 4.0 4.0 4.0 4.0 0.0 0.20400001 2 TOUCH_MOVE m
1403835445889 6 4098 582.1282 1131.9509 0.23333335 4.0 4.0 4.0 4.0 0.0 0.208 2 TOUCH_MOVE m
1403835445906 6 4098 581.16986 1132.281 0.26666668 4.0 4.0 4.0 4.0 0.0 0.216 2 TOUCH_MOVE m
1403835445923 6 4098 580.25 1132.4509 0.26666668 4.0 4.0 4.0 4.0 0.0 0.216 2 TOUCH_MOVE m
1403835445939 6 4098 579.8715 1132.4509 0.23333335 4.0 4.0 4.0 4.0 0.0 0.21200001 2 TOUCH_MOVE m
1403835445957 6 4098 579.28467 1132.4509 0.23333335 4.0 4.0 4.0 4.0 0.0 0.192 2 TOUCH_MOVE m
1403835445965 6 4098 579.0 1132.4509 0.13333334 2.0 2.0 2.0 2.0 0.0 0.128 2 TOUCH_MOVE m
1403835445968 6 4098 579.0 1132.4509 0.13333334 2.0 2.0 2.0 2.0 0.0 0.128 1 TOUCH_UP m
