1403835211292 6 4098 343.0 820.451 0.26666668 4.0 4.0 4.0 4.0 0.0 0.19600001 0 TOUCH_DOWN T
1403835211323 6 4098 343.995 820.451 0.26666668 4.0 4.0 4.0 4.0 0.0 0.20400001 2 TOUCH_MOVE T
1403835211346 6 4098 344.95453 820.451 0.26666668 4.0 4.0 4.0 4.0 0.0 0.20400001 2 TOUCH_MOVE T
1403835211357 6 4098 345.88116 821.33215 0.26666668 4.0 4.0 4.0 4.0 0.0 0.208 2 TOUCH_MOVE T
1403835211371 6 4098 346.87402 823.19904 0.3 5.0 5.0 5.0 5.0 0.0 0.208 2 TOUCH_MOVE T
1403835211390 6 4098 347.5 825.1125 0.26666668 5.0 5.0 5.0 5.0 0.0 0.20400001 2 TOUCH_MOVE T
1403835211401 6 4098 347.5 826.451 0.26666668 5.0 5.0 5.0 5.0 0.0 0.17600001 2 TOUCH_MOVE T
1403835211408 6 4098 347.5 826.451 0.26666668 5.0 5.0 5.0 5.0 0.0 0.17600001 1 TOUCH_UP T
1403835211610 6 4098 602.0 857.951 0.20000002 4.0 4.0 4.0 4.0 0.0 0.192 0 TOUCH_DOWN o
1403835211620 6 4098 602.0 857.951 0.20000002 4.0 4.0 4.0 4.0 0.0 0.19600001 2 TOUCH_MOVE o
1403835211690 6 4098 601.0 859.06836 0.23333335 4.0 4.0 4.0 4.0 0.0 0.21200001 2 TOUCH_MOVE o
1403835211704 6 4098 601.0 860.0235 0.23333335 4.0 4.0 4.0 4.0 0.0 0.21200001 2 TOUCH_MOVE o
1403835211720 6 4098 601.0 860.9956 0.23333335 4.0 4.0 4.0 4.0 0.0 0.208 2 TOUCH_MOVE o
1403835211738 6 4098 601.0 861.95306 0.23333335 4.0 4.0 4.0 4.0 0.0 0.19600001 2 TOUCH_MOVE o
1403835211757 6 4098 601.0 861.95306 0.23333335 4.0 4.0 4.0 4.0 0.0 0.19600001 1 TOUCH_UP o
1403835211979 6 4098 544.0 876.951 0.26666668 4.0 4.0 4.0 4.0 0.0 0.208 0 TOUCH_DOWN i
1403835212026 6 4098 544.0 877.1149 0.3 5.0 5.0 5.0 5.0 0.0 0.22000001 2 TOUCH_MOVE i
1403835212037 6 4098 544.0 878.201 0.3 5.0 5.0 5.0 5.0 0.0 0.22000001 2 TOUCH_MOVE i
1403835212072 6 4098 542.7902 878.451 0.3 5.0 5.0 5.0 5.0 0.0 0.216 2 TOUCH_MOVE i
1403835212112 6 4098 542.7902 878.451 0.3 5.0 5.0 5.0 5.0 0.0 0.216 1 TOUCH_UP i
1403835212551 6 4098 268.5 1233.9509 0.20000002 5.0 5.0 5.0 5.0 0.0 0.18 0 TOUCH_DOWN Space
1403835212558 6 4098 268.5 1233.9509 0.23333335 5.0 5.0 5.0 5.0 0.0 0.18400002 2 TOUCH_MOVE Space
1403835212605 6 4098 269.9203 1233.9509 0.26666668 5.0 5.0 5.0 5.0 0.0 0.19600001 2 TOUCH_MOVE Space
1403835212621 6 4098 270.90347 1233.0475 0.26666668 5.0 5.0 5.0 5.0 0.0 0.19600001 2 TOUCH_MOVE Space
1403835212638 6 4098 271.84775 1232.4509 0.26666668 5.0 5.0 5.0 5.0 0.0 0.19600001 2 TOUCH_MOVE Space
1403835212655 6 4098 272.75 1232.4509 0.26666668 5.0 5.0 5.0 5.0 0.0 0.19600001 2 TOUCH_MOVE Space
1403835212696 6 4098 272.5 1231.9509 0.26666668 5.0 5.0 5.0 5.0 0.0 0.18 2 TOUCH_MOVE Space
1403835212702 6 4098 272.5 1231.9509 0.26666668 5.0 5.0 5.0 5.0 0.0 0.18 1 TOUCH_UP Space
1403835213061 6 4098 396.0 869.451 0.26666668 4.0 4.0 4.0 4.0 0.0 0.20400001 0 TOUCH_DOWN y
1403835213138 6 4098 396.0 869.967 0.26666668 4.0 4.0 4.0 4.0 0.0 0.208 2 TOUCH_MOVE y
1403835213162 6 4098 396.0 871.0815 0.26666668 4.0 4.0 4.0 4.0 0.0 0.20400001 2 TOUCH_MOVE y
1403835213172 6 4098 396.0 872.0456 0.26666668 4.0 4.0 4.0 4.0 0.0 0.18 2 TOUCH_MOVE y
1403835213186 6 4098 396.0 872.0456 0.26666668 4.0 4.0 4.0 4.0 0.0 0.18 1 TOUCH_UP y
1403835213517 6 4098 194.0 837.451 0.26666668 5.0 5.0 5.0 5.0 0.0 0.18400002 0 TOUCH_DOWN e
1403835213531 6 4098 194.2582 837.451 0.26666668 4.0 4.0 4.0 4.0 0.0 0.18800001 2 TOUCH_MOVE e
1403835213545 6 4098 198.1754 836.48083 0.33333334 5.0 5.0 5.0 5.0 0.0 0.192 2 TOUCH_MOVE e
1403835213555 6 4098 202.20515 835.2747 0.3 5.0 5.0 5.0 5.0 0.0 0.19600001 2 TOUCH_MOVE e
1403835213572 6 4098 203.77982 834.951 0.3 5.0 5.0 5.0 5.0 0.0 0.2 2 TOUCH_MOVE e
1403835213589 6 4098 205.10028 834.951 0.3 5.0 5.0 5.0 5.0 0.0 0.2 2 TOUCH_MOVE e
1403835213606 6 4098 205.75 834.951 0.3 5.0 5.0 5.0 5.0 0.0 0.2 2 TOUCH_MOVE e
1403835213656 6 4098 205.0 834.951 0.16666667 3.0 3.0 3.0 3.0 0.0 0.104 2 TOUCH_MOVE e
1403835213660 6 4098 205.0 834.951 0.16666667 3.0 3.0 3.0 3.0 0.0 0.104 1 TOUCH_UP e
1403835213772 6 4098 486.5 858.951 0.20000002 4.0 4.0 4.0 4.0 0.0 0.2 0 TOUCH_DOWN u
1403835213825 6 4098 485.99258 858.951 0.23333335 4.0 4.0 4.0 4.0 0.0 0.216 2 TOUCH_MOVE u
1403835213839 6 4098 484.99265 858.951 0.23333335 4.0 4.0 4.0 4.0 0.0 0.216 2 TOUCH_MOVE u
1403835213856 6 4098 484.06732 858.951 0.23333335 4.0 4.0 4.0 4.0 0.0 0.216 2 TOUCH_MOVE u
1403835213873 6 4098 483.25 858.951 0.23333335 4.0 4.0 4.0 4.0 0.0 0.216 2 TOUCH_MOVE u
1403835213912 6 4098 483.25 858.951 0.23333335 4.0 4.0 4.0 4.0 0.0 0.216 1 TOUCH_UP u
1403835214435 6 4098 254.5 1229.4509 0.20000002 3.0 3.0 3.0 3.0 0.0 0.18400002 0 TOUCH_DOWN Space
1403835214461 6 4098 255.03627 1229.4147 0.23333335 4.0 4.0 4.0 4.0 0.0 0.19600001 2 TOUCH_MOVE Space
1403835214483 6 4098 256.4597 1228.4711 0.23333335 4.0 4.0 4.0 4.0 0.0 0.19600001 2 TOUCH_MOVE Space
1403835214491 6 4098 257.95776 1227.4932 0.23333335 4.0 4.0 4.0 4.0 0.0 0.19600001 2 TOUCH_MOVE Space
1403835214507 6 4098 258.92136 1226.5295 0.23333335 4.0 4.0 4.0 4.0 0.0 0.19600001 2 TOUCH_MOVE Space
1403835214523 6 4098 259.5 1226.0739 0.23333335 4.0 4.0 4.0 4.0 0.0 0.19600001 2 TOUCH_MOVE Space
1403835214540 6 4098 259.16275 1224.7764 0.23333335 4.0 4.0 4.0 4.0 0.0 0.19600001 2 TOUCH_MOVE Space
1403835214554 6 4098 258.0 1221.9509 0.23333335 4.0 4.0 4.0 4.0 0.0 0.18400002 2 TOUCH_MOVE Space
1403835214558 6 4098 258.0 1221.9509 0.23333335 4.0 4.0 4.0 4.0 0.0 0.18400002 1 TOUCH_UP Space
1403835215016 6 4098 312.0 836.451 0.26666668 4.0 4.0 4.0 4.0 0.0 0.19600001 0 TOUCH_DOWN t
1403835215033 6 4098 312.0 836.451 0.26666668 4.0 4.0 4.0 4.0 0.0 0.2 2 TOUCH_MOVE t
1403835215057 6 4098 312.51553 836.451 0.26666668 4.0 4.0 4.0 4.0 0.0 0.20400001 2 TOUCH_MOVE t
1403835215074 6 4098 313.56894 836.451 0.26666668 4.0 4.0 4.0 4.0 0.0 0.20400001 2 TOUCH_MOVE t
1403835215090 6 4098 314.25 836.451 0.26666668 4.0 4.0 4.0 4.0 0.0 0.20400001 2 TOUCH_MOVE t
1403835215136 6 4098 313.0 836.951 0.20000002 4.0 4.0 4.0 4.0 0.0 0.18 2 TOUCH_MOVE t
1403835215144 6 4098 313.0 836.951 0.20000002 4.0 4.0 4.0 4.0 0.0 0.18 1 TOUCH_UP t
1403835215342 6 4098 218.5 805.951 0.23333335 5.0 5.0 5.0 5.0 0.0 0.18 0 TOUCH_DOWN r
1403835215348 6 4098 218.71732 805.951 0.20000002 4.0 4.0 4.0 4.0 0.0 0.18400002 2 TOUCH_MOVE r
1403835215366 6 4098 219.77496 805.951 0.20000002 4.0 4.0 4.0 4.0 0.0 0.192 2 TOUCH_MOVE r
1403835215376 6 4098 221.69957 806.3008 0.23333335 4.0 4.0 4.0 4.0 0.0 0.192 2 TOUCH_MOVE r
1403835215390 6 4098 223.63313 807.2676 0.23333335 4.0 4.0 4.0 4.0 0.0 0.19600001 2 TOUCH_MOVE r
1403835215410 6 4098 224.77383 807.451 0.23333335 4.0 4.0 4.0 4.0 0.0 0.19600001 2 TOUCH_MOVE r
1403835215424 6 4098 225.73631 807.451 0.23333335 4.0 4.0 4.0 4.0 0.0 0.19600001 2 TOUCH_MOVE r
1403835215440 6 4098 226.25 807.451 0.23333335 4.0 4.0 4.0 4.0 0.0 0.19600001 2 TOUCH_MOVE r
1403835215485 6 4098 226.0 807.451 0.23333335 4.0 4.0 4.0 4.0 0.0 0.16800001 2 TOUCH_MOVE r
1403835215488 6 4098 226.0 807.451 0.23333335 4.0 4.0 4.0 4.0 0.0 0.16800001 1 TOUCH_UP r
1403835215787 6 4098 478.5 863.451 0.20000002 3.0 3.0 3.0 3.0 0.0 0.2 0 TOUCH_DOWN u
1403835215808 6 4098 478.5 863.451 0.20000002 3.0 3.0 3.0 3.0 0.0 0.20400001 2 TOUCH_MOVE u
1403835215924 6 4098 479.5 861.9029 0.16666667 3.0 3.0 3.0 3.0 0.0 0.18800001 2 TOUCH_MOVE u
1403835215941 6 4098 479.5 861.451 0.13333334 2.0 2.0 2.0 2.0 0.0 0.116000004 2 TOUCH_MOVE u
1403835215946 6 4098 479.5 861.451 0.13333334 2.0 2.0 2.0 2.0 0.0 0.116000004 1 TOUCH_UP u
1403835216597 6 4098 387.0 850.451 0.26666668 5.0 5.0 5.0 5.0 0.0 0.20400001 0 TOUCH_DOWN y
1403835216617 6 4098 387.0 850.451 0.3 5.0 5.0 5.0 5.0 0.0 0.21200001 2 TOUCH_MOVE y
1403835216675 6 4098 387.0 851.7233 0.3 5.0 5.0 5.0 5.0 0.0 0.22000001 2 TOUCH_MOVE y
1403835216693 6 4098 387.0 856.0112 0.3 5.0 5.0 5.0 5.0 0.0 0.216 2 TOUCH_MOVE y
1403835216710 6 4098 387.0853 860.7922 0.26666668 5.0 5.0 5.0 5.0 0.0 0.20400001 2 TOUCH_MOVE y
1403835216726 6 4098 387.5 862.451 0.23333335 5.0 5.0 5.0 5.0 0.0 0.148 2 TOUCH_MOVE y
1403835216729 6 4098 387.5 862.451 0.23333335 5.0 5.0 5.0 5.0 0.0 0.148 1 TOUCH_UP y
1403835217039 6 4098 191.5 838.951 0.23333335 4.0 4.0 4.0 4.0 0.0 0.18400002 0 TOUCH_DOWN e
1403835217059 6 4098 191.92572 838.951 0.23333335 4.0 4.0 4.0 4.0 0.0 0.18800001 2 TOUCH_MOVE e
1403835217075 6 4098 192.77861 838.951 0.23333335 4.0 4.0 4.0 4.0 0.0 0.192 2 TOUCH_MOVE e
1403835217092 6 4098 194.2697 838.951 0.26666668 4.0 4.0 4.0 4.0 0.0 0.19600001 2 TOUCH_MOVE e
1403835217109 6 4098 195.23094 838.951 0.26666668 4.0 4.0 4.0 4.0 0.0 0.19600001 2 TOUCH_MOVE e
1403835217127 6 4098 196.18675 838.951 0.26666668 4.0 4.0 4.0 4.0 0.0 0.19600001 2 TOUCH_MOVE e
1403835217176 6 4098 196.0 838.951 0.20000002 4.0 4.0 4.0 4.0 0.0 0.172 2 TOUCH_MOVE e
1403835217180 6 4098 196.0 838.951 0.20000002 4.0 4.0 4.0 4.0 0.0 0.172 1 TOUCH_UP e
1403835217683 6 4098 486.0 1130.4509 0.26666668 4.0 4.0 4.0 4.0 0.0 0.208 0 TOUCH_DOWN n
1403835217694 6 4098 486.0 1130.4509 0.26666668 4.0 4.0 4.0 4.0 0.0 0.21200001 2 TOUCH_MOVE n
1403835217711 6 4098 486.79633 1130.1545 0.3 5.0 5.0 5.0 5.0 0.0 0.224 2 TOUCH_MOVE n
1403835217726 6 4098 488.52356 1129.1891 0.3 5.0 5.0 5.0 5.0 0.0 0.22800002 2 TOUCH_MOVE n
1403835217743 6 4098 490.44775 1128.227 0.3 5.0 5.0 5.0 5.0 0.0 0.22800002 2 TOUCH_MOVE n
1403835217759 6 4098 492.29724 1127.3022 0.3 5.0 5.0 5.0 5.0 0.0 0.22800002 2 TOUCH_MOVE n
1403835217786 6 4098 494.2893 1126.4509 0.3 5.0 5.0 5.0 5.0 0.0 0.224 2 TOUCH_MOVE n
1403835217793 6 4098 496.8041 1126.4509 0.3 5.0 5.0 5.0 5.0 0.0 0.216 2 TOUCH_MOVE n
1403835217811 6 4098 499.61597 1125.9509 0.20000002 3.0 3.0 3.0 3.0 0.0 0.116000004 2 TOUCH_MOVE n
1403835217814 6 4098 499.61597 1125.9509 0.20000002 3.0 3.0 3.0 3.0 0.0 0.116000004 1 TOUCH_UP n
1403835218129 6 4098 252.0 1259.5 0.16666667 4.0 4.0 4.0 4.0 0.0 0.17600001 0 TOUCH_DOWN Space
1403835218134 6 4098 252.0 1259.5 0.16666667 4.0 4.0 4.0 4.0 0.0 0.18 2 TOUCH_MOVE Space
1403835218160 6 4098 252.0 1258.04 0.16666667 4.0 4.0 4.0 4.0 0.0 0.18400002 2 TOUCH_MOVE Space
1403835218177 6 4098 252.0 1256.1072 0.16666667 4.0 4.0 4.0 4.0 0.0 0.18400002 2 TOUCH_MOVE Space
1403835218195 6 4098 252.0 1253.7811 0.16666667 4.0 4.0 4.0 4.0 0.0 0.18800001 2 TOUCH_MOVE Space
1403835218210 6 4098 252.0 1252.9216 0.16666667 4.0 4.0 4.0 4.0 0.0 0.18400002 2 TOUCH_MOVE Space
1403835218226 6 4098 252.0 1252.4216 0.16666667 4.0 4.0 4.0 4.0 0.0 0.18800001 2 TOUCH_MOVE Space
1403835218244 6 4098 251.46461 1248.2032 0.20000002 4.0 4.0 4.0 4.0 0.0 0.192 2 TOUCH_MOVE Space
1403835218255 6 4098 249.5 1242.9509 0.16666667 3.0 3.0 3.0 3.0 0.0 0.18400002 2 TOUCH_MOVE Space
1403835218263 6 4098 249.5 1242.9509 0.16666667 3.0 3.0 3.0 3.0 0.0 0.18400002 1 TOUCH_UP Space
1403835218550 6 4098 284.5 1088.9509 0.20000002 4.0 4.0 4.0 4.0 0.0 0.192 0 TOUCH_DOWN c
1403835218560 6 4098 284.5 1088.9509 0.23333335 4.0 4.0 4.0 4.0 0.0 0.2 2 TOUCH_MOVE c
1403835218579 6 4098 286.14038 1089.8778 0.23333335 4.0 4.0 4.0 4.0 0.0 0.20400001 2 TOUCH_MOVE c
1403835218593 6 4098 289.12793 1091.8695 0.23333335 4.0 4.0 4.0 4.0 0.0 0.208 2 TOUCH_MOVE c
1403835218610 6 4098 290.1554 1092.6063 0.23333335 4.0 4.0 4.0 4.0 0.0 0.208 2 TOUCH_MOVE c
1403835218627 6 4098 291.124 1093.575 0.26666668 4.0 4.0 4.0 4.0 0.0 0.208 2 TOUCH_MOVE c
1403835218645 6 4098 291.0 1095.016 0.26666668 4.0 4.0 4.0 4.0 0.0 0.20400001 2 TOUCH_MOVE c
1403835218660 6 4098 290.4597 1095.9912 0.26666668 4.0 4.0 4.0 4.0 0.0 0.2 2 TOUCH_MOVE c
1403835218678 6 4098 289.5 1096.4509 0.23333335 4.0 4.0 4.0 4.0 0.0 0.148 2 TOUCH_MOVE c
1403835218683 6 4098 289.5 1096.4509 0.23333335 4.0 4.0 4.0 4.0 0.0 0.148 1 TOUCH_UP c
1403835218767 6 4098 605.0 854.951 0.20000002 4.0 4.0 4.0 4.0 0.0 0.2 0 TOUCH_DOWN o
1403835218778 6 4098 605.0 854.951 0.23333335 4.0 4.0 4.0 4.0 0.0 0.208 2 TOUCH_MOVE o
1403835218810 6 4098 603.8196 854.951 0.23333335 4.0 4.0 4.0 4.0 0.0 0.21200001 2 TOUCH_MOVE o
1403835218828 6 4098 601.6997 854.951 0.26666668 4.0 4.0 4.0 4.0 0.0 0.216 2 TOUCH_MOVE o
1403835218844 6 4098 600.9066 854.951 0.3 5.0 5.0 5.0 5.0 0.0 0.216 2 TOUCH_MOVE o
1403835218864 6 4098 600.25 854.951 0.23333335 4.0 4.0 4.0 4.0 0.0 0.21200001 2 TOUCH_MOVE o
1403835218896 6 4098 600.25 854.951 0.23333335 4.0 4.0 4.0 4.0 0.0 0.21200001 1 TOUCH_UP o
1403835219124 6 4098 232.5 1233.9509 0.20000002 4.0 4.0 4.0 4.0 0.0 0.18800001 0 TOUCH_DOWN Space
1403835219144 6 4098 232.90456 1233.9509 0.20000002 4.0 4.0 4.0 4.0 0.0 0.192 2 TOUCH_MOVE Space
1403835219163 6 4098 233.85135 1233.5996 0.23333335 4.0 4.0 4.0 4.0 0.0 0.2 2 TOUCH_MOVE Space
1403835219177 6 4098 234.81479 1232.6361 0.23333335 4.0 4.0 4.0 4.0 0.0 0.2 2 TOUCH_MOVE Space
1403835219195 6 4098 235.77382 1232.4509 0.23333335 4.0 4.0 4.0 4.0 0.0 0.2 2 TOUCH_MOVE Space
1403835219213 6 4098 236.72755 1232.4509 0.23333335 4.0 4.0 4.0 4.0 0.0 0.20400001 2 TOUCH_MOVE Space
1403835219227 6 4098 237.09193 1231.859 0.23333335 4.0 4.0 4.0 4.0 0.0 0.20400001 2 TOUCH_MOVE Space
1403835219244 6 4098 237.0 1231.3738 0.23333335 4.0 4.0 4.0 4.0 0.0 0.2 2 TOUCH_MOVE Space
1403835219262 6 4098 237.0 1230.8975 0.23333335 4.0 4.0 4.0 4.0 0.0 0.2 2 TOUCH_MOVE Space
1403835219277 6 4098 237.0 1229.2937 0.20000002 3.0 3.0 3.0 3.0 0.0 0.18400002 2 TOUCH_MOVE Space
1403835219288 6 4098 237.0 1229.4509 0.20000002 3.0 3.0 3.0 3.0 0.0 0.1 2 TOUCH_MOVE Space
1403835219292 6 4098 237.0 1229.4509 0.20000002 3.0 3.0 3.0 3.0 0.0 0.1 1 TOUCH_UP Space
1403835220135 6 4098 509.0 1124.9509 0.26666668 4.0 4.0 4.0 4.0 0.0 0.20400001 0 TOUCH_DOWN n
1403835220145 6 4098 509.0 1124.9509 0.3 5.0 5.0 5.0 5.0 0.0 0.208 2 TOUCH_MOVE n
1403835220178 6 4098 508.39273 1124.9509 0.3 5.0 5.0 5.0 5.0 0.0 0.22000001 2 TOUCH_MOVE n
1403835220230 6 4098 508.0 1124.9509 0.3 5.0 5.0 5.0 5.0 0.0 0.20400001 2 TOUCH_MOVE n
1403835220235 6 4098 508.0 1124.9509 0.26666668 5.0 5.0 5.0 5.0 0.0 0.17600001 2 TOUCH_MOVE n
1403835220238 6 4098 508.0 1124.9509 0.26666668 5.0 5.0 5.0 5.0 0.0 0.17600001 1 TOUCH_UP n
1403835220526 6 4098 491.0 825.451 0.3 5.0 5.0 5.0 5.0 0.0 0.216 0 TOUCH_DOWN u
1403835220562 6 4098 491.0 825.451 0.3 5.0 5.0 5.0 5.0 0.0 0.22000001 2 TOUCH_MOVE u
1403835220579 6 4098 490.52274 826.4283 0.3 5.0 5.0 5.0 5.0 0.0 0.22800002 2 TOUCH_MOVE u
1403835220595 6 4098 489.56134 828.3283 0.3 5.0 5.0 5.0 5.0 0.0 0.224 2 TOUCH_MOVE u
1403835220612 6 4098 488.67273 830.9328 0.26666668 4.0 4.0 4.0 4.0 0.0 0.224 2 TOUCH_MOVE u
1403835220629 6 4098 488.85944 833.66986 0.26666668 4.0 4.0 4.0 4.0 0.0 0.216 2 TOUCH_MOVE u
1403835220666 6 4098 489.0 833.951 0.20000002 3.0 3.0 3.0 3.0 0.0 0.112 2 TOUCH_MOVE u
1403835220672 6 4098 489.0 833.951 0.20000002 3.0 3.0 3.0 3.0 0.0 0.112 1 TOUCH_UP u
1403835220868 6 4098 608.0 831.451 0.33333334 5.0 5.0 5.0 5.0 0.0 0.20400001 0 TOUCH_DOWN o
1403835220879 6 4098 608.0 831.451 0.33333334 5.0 5.0 5.0 5.0 0.0 0.21200001 2 TOUCH_MOVE o
1403835220913 6 4098 608.0 832.629 0.3 5.0 5.0 5.0 5.0 0.0 0.216 2 TOUCH_MOVE o
1403835220929 6 4098 608.0 833.59985 0.3 5.0 5.0 5.0 5.0 0.0 0.22000001 2 TOUCH_MOVE o
1403835220946 6 4098 608.0 834.51337 0.3 5.0 5.0 5.0 5.0 0.0 0.22000001 2 TOUCH_MOVE o
1403835220963 6 4098 608.0 835.51227 0.3 5.0 5.0 5.0 5.0 0.0 0.216 2 TOUCH_MOVE o
1403835220979 6 4098 608.9889 836.4399 0.3 5.0 5.0 5.0 5.0 0.0 0.21200001 2 TOUCH_MOVE o
1403835220991 6 4098 610.0 837.451 0.26666668 5.0 5.0 5.0 5.0 0.0 0.18 2 TOUCH_MOVE o
1403835220994 6 4098 610.0 837.451 0.26666668 5.0 5.0 5.0 5.0 0.0 0.18 1 TOUCH_UP o
1403835221373 6 4098 298.5 1097.9509 0.16666667 3.0 3.0 3.0 3.0 0.0 0.192 0 TOUCH_DOWN c
1403835221379 6 4098 298.5 1097.9509 0.20000002 4.0 4.0 4.0 4.0 0.0 0.19600001 2 TOUCH_MOVE c
1403835221494 6 4098 298.0 1098.4509 0.23333335 4.0 4.0 4.0 4.0 0.0 0.18400002 2 TOUCH_MOVE c
1403835221498 6 4098 298.0 1098.4509 0.23333335 4.0 4.0 4.0 4.0 0.0 0.18400002 1 TOUCH_UP c
1403835221781 6 4098 264.0 1223.4509 0.26666668 5.0 5.0 5.0 5.0 0.0 0.192 0 TOUCH_DOWN Space
1403835221799 6 4098 264.0 1223.4509 0.26666668 5.0 5.0 5.0 5.0 0.0 0.19600001 2 TOUCH_MOVE Space
1403835221813 6 4098 264.50702 1223.4509 0.26666668 5.0 5.0 5.0 5.0 0.0 0.2 2 TOUCH_MOVE Space
1403835221830 6 4098 265.5021 1223.4509 0.26666668 5.0 5.0 5.0 5.0 0.0 0.20400001 2 TOUCH_MOVE Space
1403835221846 6 4098 266.46512 1223.4509 0.26666668 5.0 5.0 5.0 5.0 0.0 0.20400001 2 TOUCH_MOVE Space
1403835221863 6 4098 267.24146 1223.4509 0.26666668 5.0 5.0 5.0 5.0 0.0 0.20400001 2 TOUCH_MOVE Space
1403835221881 6 4098 267.93158 1223.0194 0.26666668 5.0 5.0 5.0 5.0 0.0 0.2 2 TOUCH_MOVE Space
1403835221896 6 4098 268.84595 1217.4915 0.26666668 5.0 5.0 5.0 5.0 0.0 0.2 2 TOUCH_MOVE Space
1403835221912 6 4098 270.0 1207.9509 0.23333335 5.0 5.0 5.0 5.0 0.0 0.15200001 2 TOUCH_MOVE Space
1403835221916 6 4098 270.0 1207.9509 0.23333335 5.0 5.0 5.0 5.0 0.0 0.15200001 1 TOUCH_UP Space
1403835222228 6 4098 344.0 803.951 0.20000002 4.0 4.0 4.0 4.0 0.0 0.19600001 0 TOUCH_DOWN t
1403835222236 6 4098 344.05258 803.951 0.16666667 3.0 3.0 3.0 3.0 0.0 0.19600001 2 TOUCH_MOVE t
1403835222256 6 4098 345.52225 803.951 0.20000002 4.0 4.0 4.0 4.0 0.0 0.20400001 2 TOUCH_MOVE t
1403835222264 6 4098 349.37308 803.951 0.20000002 4.0 4.0 4.0 4.0 0.0 0.208 2 TOUCH_MOVE t
1403835222280 6 4098 351.3598 803.951 0.23333335 4.0 4.0 4.0 4.0 0.0 0.208 2 TOUCH_MOVE t
1403835222297 6 4098 352.39114 803.951 0.23333335 4.0 4.0 4.0 4.0 0.0 0.208 2 TOUCH_MOVE t
1403835222314 6 4098 352.75 803.951 0.23333335 4.0 4.0 4.0 4.0 0.0 0.208 2 TOUCH_MOVE t
1403835222330 6 4098 350.80173 803.35187 0.20000002 4.0 4.0 4.0 4.0 0.0 0.192 2 TOUCH_MOVE t
1403835222337 6 4098 350.0 802.951 0.20000002 4.0 4.0 4.0 4.0 0.0 0.17600001 2 TOUCH_MOVE t
1403835222340 6 4098 350.0 802.951 0.20000002 4.0 4.0 4.0 4.0 0.0 0.17600001 1 TOUCH_UP t
1403835222509 6 4098 613.5 849.951 0.26666668 5.0 5.0 5.0 5.0 0.0 0.2 0 TOUCH_DOWN o
1403835222516 6 4098 613.5 849.951 0.26666668 5.0 5.0 5.0 5.0 0.0 0.20400001 2 TOUCH_MOVE o
1403835222547 6 4098 612.2039 849.951 0.26666668 5.0 5.0 5.0 5.0 0.0 0.21200001 2 TOUCH_MOVE o
1403835222566 6 4098 611.25 849.951 0.26666668 5.0 5.0 5.0 5.0 0.0 0.208 2 TOUCH_MOVE o
1403835222597 6 4098 611.0 849.951 0.26666668 5.0 5.0 5.0 5.0 0.0 0.19600001 2 TOUCH_MOVE o
1403835222603 6 4098 611.0 849.951 0.26666668 5.0 5.0 5.0 5.0 0.0 0.19600001 1 TOUCH_UP o
1403835222817 6 4098 525.0 869.451 0.26666668 4.0 4.0 4.0 4.0 0.0 0.208 0 TOUCH_DOWN i
1403835222831 6 4098 525.0 869.451 0.26666668 4.0 4.0 4.0 4.0 0.0 0.21200001 2 TOUCH_MOVE i
1403835222934 6 4098 526.5 868.451 0.23333335 4.0 4.0 4.0 4.0 0.0 0.18800001 2 TOUCH_MOVE i
1403835222937 6 4098 526.5 868.451 0.13333334 2.0 2.0 2.0 2.0 0.0 0.104 2 TOUCH_MOVE i
1403835222941 6 4098 526.5 868.451 0.13333334 2.0 2.0 2.0 2.0 0.0 0.104 1 TOUCH_UP i
1403835224325 6 4098 692.5 1260.5 0.10000001 2.0 2.0 2.0 2.0 0.0 0.16000001 0 TOUCH_DOWN Enter
1403835224332 6 4098 692.5 1260.5 0.13333334 3.0 3.0 3.0 3.0 0.0 0.172 2 TOUCH_MOVE Enter
1403835224349 6 4098 691.9937 1259.4874 0.16666667 4.0 4.0 4.0 4.0 0.0 0.18 2 TOUCH_MOVE Enter
1403835224365 6 4098 689.0882 1254.6764 0.16666667 4.0 4.0 4.0 4.0 0.0 0.18 2 TOUCH_MOVE Enter
1403835224382 6 4098 686.6297 1252.5806 0.16666667 4.0 4.0 4.0 4.0 0.0 0.18 2 TOUCH_MOVE Enter
1403835224403 6 4098 685.1035 1251.0544 0.16666667 4.0 4.0 4.0 4.0 0.0 0.18 2 TOUCH_MOVE Enter
1403835224416 6 4098 685.0 1250.4509 0.16666667 4.0 4.0 4.0 4.0 0.0 0.17600001 2 TOUCH_MOVE Enter
1403835224421 6 4098 685.0 1250.4509 0.13333334 3.0 3.0 3.0 3.0 0.0 0.136 2 TOUCH_MOVE Enter
1403835224424 6 4098 685.0 1250.4509 0.13333334 3.0 3.0 3.0 3.0 0.0 0.136 1 TOUCH_UP Enter
1403835225007 6 4098 353.0 1124.9509 0.20000002 4.0 4.0 4.0 4.0 0.0 0.18800001 0 TOUCH_DOWN V
1403835225033 6 4098 353.4407 1124.5103 0.20000002 4.0 4.0 4.0 4.0 0.0 0.192 2 TOUCH_MOVE V
1403835225050 6 4098 356.03088 1123.1073 0.26666668 4.0 4.0 4.0 4.0 0.0 0.20400001 2 TOUCH_MOVE V
1403835225066 6 4098 358.90308 1121.6499 0.26666668 4.0 4.0 4.0 4.0 0.0 0.208 2 TOUCH_MOVE V
1403835225084 6 4098 360.26254 1120.9509 0.26666668 4.0 4.0 4.0 4.0 0.0 0.208 2 TOUCH_MOVE V
1403835225101 6 4098 361.18466 1120.9509 0.26666668 4.0 4.0 4.0 4.0 0.0 0.208 2 TOUCH_MOVE V
1403835225116 6 4098 361.75 1120.9509 0.26666668 4.0 4.0 4.0 4.0 0.0 0.20400001 2 TOUCH_MOVE V
1403835225147 6 4098 361.75 1120.9509 0.26666668 4.0 4.0 4.0 4.0 0.0 0.20400001 1 TOUCH_UP V
1403835225459 6 4098 470.0 841.451 0.26666668 4.0 4.0 4.0 4.0 0.0 0.21200001 0 TOUCH_DOWN u
1403835225517 6 4098 470.0 842.17426 0.26666668 4.0 4.0 4.0 4.0 0.0 0.22000001 2 TOUCH_MOVE u
1403835225535 6 4098 470.0 842.63684 0.26666668 4.0 4.0 4.0 4.0 0.0 0.216 2 TOUCH_MOVE u
1403835225550 6 4098 470.0 843.201 0.26666668 4.0 4.0 4.0 4.0 0.0 0.21200001 2 TOUCH_MOVE u
1403835225567 6 4098 470.0 843.201 0.26666668 4.0 4.0 4.0 4.0 0.0 0.21200001 1 TOUCH_UP u
1403835225836 6 4098 64.0 962.451 0.16666667 3.0 3.0 3.0 3.0 0.0 0.17600001 0 TOUCH_DOWN a
1403835225917 6 4098 64.27156 962.17944 0.20000002 3.0 3.0 3.0 3.0 0.0 0.2 2 TOUCH_MOVE a
1403835225934 6 4098 65.24326 961.2077 0.20000002 3.0 3.0 3.0 3.0 0.0 0.19600001 2 TOUCH_MOVE a
1403835225952 6 4098 65.5 960.24713 0.20000002 3.0 3.0 3.0 3.0 0.0 0.19600001 2 TOUCH_MOVE a
1403835225968 6 4098 65.5 959.2333 0.20000002 3.0 3.0 3.0 3.0 0.0 0.192 2 TOUCH_MOVE a
1403835225984 6 4098 64.36618 959.451 0.20000002 3.0 3.0 3.0 3.0 0.0 0.18 2 TOUCH_MOVE a
1403835225993 6 4098 64.5 959.451 0.16666667 3.0 3.0 3.0 3.0 0.0 0.104 2 TOUCH_MOVE a
1403835226018 6 4098 64.5 959.451 0.16666667 3.0 3.0 3.0 3.0 0.0 0.104 1 TOUCH_UP a
1403835226319 6 4098 246.5 1218.4509 0.16666667 3.0 3.0 3.0 3.0 0.0 0.18800001 0 TOUCH_DOWN Space
1403835226341 6 4098 247.2919 1218.4509 0.20000002 3.0 3.0 3.0 3.0 0.0 0.19600001 2 TOUCH_MOVE Space
1403835226353 6 4098 250.21783 1218.4509 0.23333335 4.0 4.0 4.0 4.0 0.0 0.20400001 2 TOUCH_MOVE Space
1403835226367 6 4098 252.92165 1218.4509 0.23333335 4.0 4.0 4.0 4.0 0.0 0.208 2 TOUCH_MOVE Space
1403835226384 6 4098 254.1687 1218.4509 0.23333335 4.0 4.0 4.0 4.0 0.0 0.208 2 TOUCH_MOVE Space
1403835226406 6 4098 254.56519 1218.4509 0.23333335 4.0 4.0 4.0 4.0 0.0 0.208 2 TOUCH_MOVE Space
1403835226417 6 4098 254.5 1217.7009 0.23333335 4.0 4.0 4.0 4.0 0.0 0.208 2 TOUCH_MOVE Space
1403835226434 6 4098 254.5 1217.2197 0.23333335 4.0 4.0 4.0 4.0 0.0 0.208 2 TOUCH_MOVE Space
1403835226453 6 4098 254.5 1216.4384 0.23333335 4.0 4.0 4.0 4.0 0.0 0.20400001 2 TOUCH_MOVE Space
1403835226467 6 4098 254.5 1214.5349 0.23333335 4.0 4.0 4.0 4.0 0.0 0.19600001 2 TOUCH_MOVE Space
1403835226480 6 4098 254.5 1214.4509 0.13333334 2.0 2.0 2.0 2.0 0.0 0.108 2 TOUCH_MOVE Space
1403835226483 6 4098 254.5 1214.4509 0.13333334 2.0 2.0 2.0 2.0 0.0 0.108 1 TOUCH_UP Space
1403835226739 6 4098 498.0 1135.9509 0.23333335 5.0 5.0 5.0 5.0 0.0 0.19600001 0 TOUCH_DOWN n
1403835226888 6 4098 498.0 1135.9509 0.23333335 5.0 5.0 5.0 5.0 0.0 0.19600001 1 TOUCH_UP n
1403835227149 6 4098 427.0 1007.451 0.26666668 4.0 4.0 4.0 4.0 0.0 0.208 0 TOUCH_DOWN h
1403835227169 6 4098 427.0 1007.451 0.26666668 4.0 4.0 4.0 4.0 0.0 0.21200001 2 TOUCH_MOVE h
1403835227236 6 4098 427.0 1007.96606 0.26666668 4.0 4.0 4.0 4.0 0.0 0.21200001 2 TOUCH_MOVE h
1403835227252 6 4098 427.0 1010.1544 0.26666668 4.0 4.0 4.0 4.0 0.0 0.18400002 2 TOUCH_MOVE h
1403835227257 6 4098 427.0 1010.1544 0.26666668 4.0 4.0 4.0 4.0 0.0 0.18400002 1 TOUCH_UP h
1403835227626 6 4098 52.5 972.451 0.16666667 3.0 3.0 3.0 3.0 0.0 0.18 0 TOUCH_DOWN a
1403835227652 6 4098 53.05133 972.451 0.16666667 3.0 3.0 3.0 3.0 0.0 0.18400002 2 TOUCH_MOVE a
1403835227669 6 4098 54.725975 972.451 0.16666667 3.0 3.0 3.0 3.0 0.0 0.18800001 2 TOUCH_MOVE a
1403835227685 6 4098 56.6533 973.02765 0.16666667 3.0 3.0 3.0 3.0 0.0 0.192 2 TOUCH_MOVE a
1403835227703 6 4098 58.03014 973.98114 0.16666667 3.0 3.0 3.0 3.0 0.0 0.192 2 TOUCH_MOVE a
1403835227719 6 4098 58.993294 974.9443 0.16666667 3.0 3.0 3.0 3.0 0.0 0.192 2 TOUCH_MOVE a
1403835227735 6 4098 59.0 975.701 0.20000002 3.0 3.0 3.0 3.0 0.0 0.192 2 TOUCH_MOVE a
1403835227785 6 4098 59.0 976.451 0.20000002 3.0 3.0 3.0 3.0 0.0 0.17600001 2 TOUCH_MOVE a
1403835227791 6 4098 59.0 976.451 0.16666667 3.0 3.0 3.0 3.0 0.0 0.120000005 2 TOUCH_MOVE a
1403835227794 6 4098 59.0 976.451 0.16666667 3.0 3.0 3.0 3.0 0.0 0.120000005 1 TOUCH_UP a
1403835228061 6 4098 515.5 1129.9509 0.26666668 4.0 4.0 4.0 4.0 0.0 0.20400001 0 TOUCH_DOWN n
1403835228069 6 4098 515.5 1129.9509 0.26666668 4.0 4.0 4.0 4.0 0.0 0.21200001 2 TOUCH_MOVE n
1403835228107 6 4098 512.4129 1128.4073 0.3 5.0 5.0 5.0 5.0 0.0 0.22000001 2 TOUCH_MOVE n
1403835228119 6 4098 510.96436 1127.9509 0.3 5.0 5.0 5.0 5.0 0.0 0.22000001 2 TOUCH_MOVE n
1403835228136 6 4098 510.0151 1127.9509 0.3 5.0 5.0 5.0 5.0 0.0 0.22000001 2 TOUCH_MOVE n
1403835228154 6 4098 509.75 1127.9509 0.3 5.0 5.0 5.0 5.0 0.0 0.22000001 2 TOUCH_MOVE n
1403835228170 6 4098 509.0806 1127.9509 0.3 5.0 5.0 5.0 5.0 0.0 0.20400001 2 TOUCH_MOVE n
1403835228174 6 4098 509.0 1127.9509 0.26666668 5.0 5.0 5.0 5.0 0.0 0.17600001 2 TOUCH_MOVE n
1403835228177 6 4098 509.0 1127.9509 0.26666668 5.0 5.0 5.0 5.0 0.0 0.17600001 1 TOUCH_UP n
1403835228551 6 4098 363.5 1227.9509 0.16666667 3.0 3.0 3.0 3.0 0.0 0.18400002 0 TOUCH_DOWN Space
1403835228573 6 4098 363.5 1227.9509 0.16666667 3.0 3.0 3.0 3.0 0.0 0.192 2 TOUCH_MOVE Space
1403835228607 6 4098 363.5 1227.3636 0.20000002 3.0 3.0 3.0 3.0 0.0 0.2 2 TOUCH_MOVE Space
1403835228619 6 4098 363.5 1226.7009 0.16666667 3.0 3.0 3.0 3.0 0.0 0.2 2 TOUCH_MOVE Space
1403835228673 6 4098 363.5 1226.7009 0.16666667 3.0 3.0 3.0 3.0 0.0 0.2 1 TOUCH_UP Space
1403835230181 6 4098 442.5 959.951 0.3 5.0 5.0 5.0 5.0 0.0 0.208 0 TOUCH_DOWN h
1403835230188 6 4098 442.5 959.951 0.3 5.0 5.0 5.0 5.0 0.0 0.21200001 2 TOUCH_MOVE h
1403835230208 6 4098 441.9918 959.951 0.3 5.0 5.0 5.0 5.0 0.0 0.22000001 2 TOUCH_MOVE h
1403835230222 6 4098 440.97302 959.424 0.3 5.0 5.0 5.0 5.0 0.0 0.22000001 2 TOUCH_MOVE h
1403835230241 6 4098 440.00677 959.451 0.3 5.0 5.0 5.0 5.0 0.0 0.22000001 2 TOUCH_MOVE h
1403835230254 6 4098 439.04883 959.90216 0.3 5.0 5.0 5.0 5.0 0.0 0.224 2 TOUCH_MOVE h
1403835230271 6 4098 438.10614 960.84485 0.3 5.0 5.0 5.0 5.0 0.0 0.22000001 2 TOUCH_MOVE h
1403835230288 6 4098 437.75 961.201 0.26666668 5.0 5.0 5.0 5.0 0.0 0.216 2 TOUCH_MOVE h
1403835230296 6 4098 437.75 961.201 0.26666668 5.0 5.0 5.0 5.0 0.0 0.216 1 TOUCH_UP h
1403835231441 6 4098 64.0 953.451 0.20000002 3.0 3.0 3.0 3.0 0.0 0.148 0 TOUCH_DOWN a
1403835231456 6 4098 64.0 953.451 0.23333335 4.0 4.0 4.0 4.0 0.0 0.18 2 TOUCH_MOVE a
1403835231489 6 4098 64.0 951.9349 0.23333335 4.0 4.0 4.0 4.0 0.0 0.18800001 2 TOUCH_MOVE a
1403835231508 6 4098 64.0 950.95764 0.23333335 4.0 4.0 4.0 4.0 0.0 0.192 2 TOUCH_MOVE a
1403835231522 6 4098 64.0 950.701 0.23333335 4.0 4.0 4.0 4.0 0.0 0.192 2 TOUCH_MOVE a
1403835231570 6 4098 63.5 950.951 0.23333335 4.0 4.0 4.0 4.0 0.0 0.18 2 TOUCH_MOVE a
1403835231573 6 4098 63.5 950.951 0.23333335 4.0 4.0 4.0 4.0 0.0 0.18 1 TOUCH_UP a
1403835232075 6 4098 471.0 859.951 0.23333335 4.0 4.0 4.0 4.0 0.0 0.208 0 TOUCH_DOWN u
1403835232082 6 4098 471.0 859.951 0.23333335 4.0 4.0 4.0 4.0 0.0 0.21200001 2 TOUCH_MOVE u
1403835232140 6 4098 471.5 859.951 0.20000002 3.0 3.0 3.0 3.0 0.0 0.19600001 2 TOUCH_MOVE u
1403835232143 6 4098 471.5 859.951 0.13333334 2.0 2.0 2.0 2.0 0.0 0.164 2 TOUCH_MOVE u
1403835232146 6 4098 471.5 859.951 0.13333334 2.0 2.0 2.0 2.0 0.0 0.164 1 TOUCH_UP u
1403835232622 6 4098 258.5 1246.4509 0.16666667 4.0 4.0 4.0 4.0 0.0 0.18 0 TOUCH_DOWN Space
1403835232641 6 4098 258.88458 1246.4509 0.16666667 4.0 4.0 4.0 4.0 0.0 0.18400002 2 TOUCH_MOVE Space
1403835232658 6 4098 259.71182 1245.5272 0.16666667 4.0 4.0 4.0 4.0 0.0 0.18800001 2 TOUCH_MOVE Space
1403835232674 6 4098 260.7069 1243.5371 0.16666667 4.0 4.0 4.0 4.0 0.0 0.18800001 2 TOUCH_MOVE Space
1403835232705 6 4098 261.0 1242.8003 0.16666667 4.0 4.0 4.0 4.0 0.0 0.18800001 2 TOUCH_MOVE Space
1403835232733 6 4098 260.3585 1240.2386 0.20000002 4.0 4.0 4.0 4.0 0.0 0.18800001 2 TOUCH_MOVE Space
1403835232736 6 4098 259.5 1238.9509 0.20000002 4.0 4.0 4.0 4.0 0.0 0.18 2 TOUCH_MOVE Space
1403835232740 6 4098 259.5 1238.9509 0.20000002 4.0 4.0 4.0 4.0 0.0 0.18 1 TOUCH_UP Space
1403835233743 6 4098 659.0 989.951 0.26666668 4.0 4.0 4.0 4.0 0.0 0.19600001 0 TOUCH_DOWN l
1403835233759 6 4098 659.0 989.951 0.26666668 4.0 4.0 4.0 4.0 0.0 0.20400001 2 TOUCH_MOVE l
1403835233774 6 4098 655.7688 991.5666 0.3 5.0 5.0 5.0 5.0 0.0 0.22000001 2 TOUCH_MOVE l
1403835233791 6 4098 651.4366 993.48267 0.3 5.0 5.0 5.0 5.0 0.0 0.22800002 2 TOUCH_MOVE l
1403835233810 6 4098 649.3111 995.1399 0.33333334 5.0 5.0 5.0 5.0 0.0 0.22800002 2 TOUCH_MOVE l
1403835233825 6 4098 648.5 997.3141 0.33333334 5.0 5.0 5.0 5.0 0.0 0.23200001 2 TOUCH_MOVE l
1403835233841 6 4098 648.5 998.3562 0.33333334 5.0 5.0 5.0 5.0 0.0 0.23200001 2 TOUCH_MOVE l
1403835233859 6 4098 648.8597 999.31067 0.33333334 5.0 5.0 5.0 5.0 0.0 0.22800002 2 TOUCH_MOVE l
1403835233874 6 4098 652.5547 998.86395 0.3 5.0 5.0 5.0 5.0 0.0 0.22000001 2 TOUCH_MOVE l
1403835233889 6 4098 659.5 995.451 0.3 5.0 5.0 5.0 5.0 0.0 0.18800001 2 TOUCH_MOVE l
1403835233893 6 4098 659.5 995.451 0.3 5.0 5.0 5.0 5.0 0.0 0.18800001 1 TOUCH_UP l
1403835234142 6 4098 46.5 966.951 0.16666667 3.0 3.0 3.0 3.0 0.0 0.172 0 TOUCH_DOWN a
1403835234159 6 4098 46.5 966.951 0.16666667 3.0 3.0 3.0 3.0 0.0 0.18 2 TOUCH_MOVE a
1403835234175 6 4098 49.341366 967.56476 0.16666667 3.0 3.0 3.0 3.0 0.0 0.18800001 2 TOUCH_MOVE a
1403835234191 6 4098 51.516094 967.451 0.16666667 3.0 3.0 3.0 3.0 0.0 0.192 2 TOUCH_MOVE a
1403835234209 6 4098 53.02809 967.451 0.16666667 3.0 3.0 3.0 3.0 0.0 0.18800001 2 TOUCH_MOVE a
1403835234225 6 4098 53.97658 967.451 0.16666667 3.0 3.0 3.0 3.0 0.0 0.18800001 2 TOUCH_MOVE a
1403835234244 6 4098 54.75 967.451 0.16666667 3.0 3.0 3.0 3.0 0.0 0.192 2 TOUCH_MOVE a
1403835234262 6 4098 55.162964 967.451 0.16666667 3.0 3.0 3.0 3.0 0.0 0.192 2 TOUCH_MOVE a
1403835234275 6 4098 55.0 966.57837 0.16666667 3.0 3.0 3.0 3.0 0.0 0.192 2 TOUCH_MOVE a
1403835234291 6 4098 55.0 965.1319 0.16666667 3.0 3.0 3.0 3.0 0.0 0.18800001 2 TOUCH_MOVE a
1403835234312 6 4098 54.5 964.951 0.16666667 3.0 3.0 3.0 3.0 0.0 0.18 2 TOUCH_MOVE a
1403835234315 6 4098 54.5 964.951 0.16666667 3.0 3.0 3.0 3.0 0.0 0.156 2 TOUCH_MOVE a
1403835234318 6 4098 54.5 964.951 0.16666667 3.0 3.0 3.0 3.0 0.0 0.156 1 TOUCH_UP a
1403835234562 6 4098 547.5 864.451 0.23333335 4.0 4.0 4.0 4.0 0.0 0.208 0 TOUCH_DOWN i
1403835234575 6 4098 547.5 864.451 0.26666668 4.0 4.0 4.0 4.0 0.0 0.21200001 2 TOUCH_MOVE i
1403835234609 6 4098 546.9859 864.451 0.26666668 4.0 4.0 4.0 4.0 0.0 0.216 2 TOUCH_MOVE i
1403835234625 6 4098 547.0 864.96967 0.3 5.0 5.0 5.0 5.0 0.0 0.22000001 2 TOUCH_MOVE i
1403835234660 6 4098 547.0 865.68097 0.3 5.0 5.0 5.0 5.0 0.0 0.22000001 2 TOUCH_MOVE i
1403835234697 6 4098 547.0 865.451 0.23333335 5.0 5.0 5.0 5.0 0.0 0.18 2 TOUCH_MOVE i
1403835234701 6 4098 547.0 865.451 0.23333335 5.0 5.0 5.0 5.0 0.0 0.18 1 TOUCH_UP i
1403835235158 6 4098 239.5 1236.4509 0.16666667 3.0 3.0 3.0 3.0 0.0 0.18 0 TOUCH_DOWN Space
1403835235182 6 4098 239.5 1236.4509 0.16666667 3.0 3.0 3.0 3.0 0.0 0.18800001 2 TOUCH_MOVE Space
1403835235195 6 4098 239.5 1235.7688 0.23333335 4.0 4.0 4.0 4.0 0.0 0.19600001 2 TOUCH_MOVE Space
1403835235209 6 4098 239.5 1234.8035 0.23333335 4.0 4.0 4.0 4.0 0.0 0.19600001 2 TOUCH_MOVE Space
1403835235226 6 4098 239.5 1233.8718 0.23333335 4.0 4.0 4.0 4.0 0.0 0.2 2 TOUCH_MOVE Space
1403835235243 6 4098 239.5 1232.882 0.23333335 4.0 4.0 4.0 4.0 0.0 0.2 2 TOUCH_MOVE Space
1403835235297 6 4098 239.5 1232.4509 0.16666667 3.0 3.0 3.0 3.0 0.0 0.18 2 TOUCH_MOVE Space
1403835235300 6 4098 239.5 1232.4509 0.16666667 3.0 3.0 3.0 3.0 0.0 0.18 1 TOUCH_UP Space
1403835235603 6 4098 347.0 1113.4509 0.26666668 5.0 5.0 5.0 5.0 0.0 0.192 0 TOUCH_DOWN v
1403835235643 6 4098 347.0 1113.4509 0.3 5.0 5.0 5.0 5.0 0.0 0.20400001 2 TOUCH_MOVE v
1403835235660 6 4098 348.0313 1113.4509 0.3 5.0 5.0 5.0 5.0 0.0 0.20400001 2 TOUCH_MOVE v
1403835235731 6 4098 348.0 1113.4509 0.26666668 5.0 5.0 5.0 5.0 0.0 0.18 2 TOUCH_MOVE v
1403835235734 6 4098 348.0 1113.4509 0.26666668 5.0 5.0 5.0 5.0 0.0 0.18 1 TOUCH_UP v
1403835235988 6 4098 467.0 867.951 0.26666668 4.0 4.0 4.0 4.0 0.0 0.208 0 TOUCH_DOWN u
1403835235994 6 4098 467.0 867.951 0.26666668 4.0 4.0 4.0 4.0 0.0 0.21200001 2 TOUCH_MOVE u
1403835236029 6 4098 466.85446 866.6599 0.26666668 4.0 4.0 4.0 4.0 0.0 0.216 2 TOUCH_MOVE u
1403835236043 6 4098 466.5 865.29517 0.26666668 4.0 4.0 4.0 4.0 0.0 0.216 2 TOUCH_MOVE u
1403835236061 6 4098 466.5 864.701 0.26666668 4.0 4.0 4.0 4.0 0.0 0.216 2 TOUCH_MOVE u
1403835236111 6 4098 466.5 864.951 0.20000002 4.0 4.0 4.0 4.0 0.0 0.18 2 TOUCH_MOVE u
1403835236115 6 4098 466.5 864.951 0.20000002 4.0 4.0 4.0 4.0 0.0 0.18 1 TOUCH_UP u
1403835236333 6 4098 37.0 967.951 0.10000001 2.0 2.0 2.0 2.0 0.0 0.128 0 TOUCH_DOWN a
1403835236353 6 4098 37.22112 967.72986 0.16666667 3.0 3.0 3.0 3.0 0.0 0.18 2 TOUCH_MOVE a
1403835236369 6 4098 38.2776 967.0622 0.16666667 3.0 3.0 3.0 3.0 0.0 0.18 2 TOUCH_MOVE a
1403835236377 6 4098 41.091904 965.58704 0.16666667 3.0 3.0 3.0 3.0 0.0 0.18400002 2 TOUCH_MOVE a
1403835236393 6 4098 43.1485 965.451 0.16666667 3.0 3.0 3.0 3.0 0.0 0.18800001 2 TOUCH_MOVE a
1403835236410 6 4098 44.69997 965.451 0.16666667 3.0 3.0 3.0 3.0 0.0 0.18800001 2 TOUCH_MOVE a
1403835236427 6 4098 45.5 965.696 0.16666667 3.0 3.0 3.0 3.0 0.0 0.18800001 2 TOUCH_MOVE a
1403835236444 6 4098 46.20561 965.951 0.16666667 3.0 3.0 3.0 3.0 0.0 0.18800001 2 TOUCH_MOVE a
1403835236477 6 4098 46.0 966.56903 0.16666667 3.0 3.0 3.0 3.0 0.0 0.18800001 2 TOUCH_MOVE a
1403835236494 6 4098 46.0 967.201 0.16666667 3.0 3.0 3.0 3.0 0.0 0.18400002 2 TOUCH_MOVE a
1403835236510 6 4098 44.957912 967.9931 0.16666667 3.0 3.0 3.0 3.0 0.0 0.16800001 2 TOUCH_MOVE a
1403835236521 6 4098 45.0 967.951 0.16666667 3.0 3.0 3.0 3.0 0.0 0.108 2 TOUCH_MOVE a
1403835236524 6 4098 45.0 967.951 0.16666667 3.0 3.0 3.0 3.0 0.0 0.108 1 TOUCH_UP a
1403835236854 6 4098 235.0 1222.9509 0.20000002 3.0 3.0 3.0 3.0 0.0 0.18800001 0 TOUCH_DOWN Space
1403835236860 6 4098 235.0 1222.9509 0.20000002 3.0 3.0 3.0 3.0 0.0 0.192 2 TOUCH_MOVE Space
1403835236894 6 4098 235.53209 1222.4188 0.23333335 4.0 4.0 4.0 4.0 0.0 0.2 2 TOUCH_MOVE Space
1403835236913 6 4098 236.57793 1221.373 0.23333335 4.0 4.0 4.0 4.0 0.0 0.2 2 TOUCH_MOVE Space
1403835236927 6 4098 237.55328 1220.3976 0.23333335 4.0 4.0 4.0 4.0 0.0 0.2 2 TOUCH_MOVE Space
1403835236945 6 4098 238.5112 1219.9509 0.23333335 4.0 4.0 4.0 4.0 0.0 0.2 2 TOUCH_MOVE Space
1403835236961 6 4098 239.0 1218.9885 0.23333335 4.0 4.0 4.0 4.0 0.0 0.2 2 TOUCH_MOVE Space
1403835236977 6 4098 238.56732 1213.5568 0.20000002 3.0 3.0 3.0 3.0 0.0 0.19600001 2 TOUCH_MOVE Space
1403835236991 6 4098 238.5 1212.9509 0.13333334 2.0 2.0 2.0 2.0 0.0 0.112 2 TOUCH_MOVE Space
1403835236994 6 4098 238.5 1212.9509 0.13333334 2.0 2.0 2.0 2.0 0.0 0.112 1 TOUCH_UP Space
1403835237358 6 4098 328.5 828.451 0.33333334 5.0 5.0 5.0 5.0 0.0 0.19600001 0 TOUCH_DOWN t
1403835237362 6 4098 328.5 828.451 0.33333334 5.0 5.0 5.0 5.0 0.0 0.2 2 TOUCH_MOVE t
1403835237496 6 4098 324.5 826.951 0.16666667 3.0 3.0 3.0 3.0 0.0 0.104 2 TOUCH_MOVE t
1403835237502 6 4098 324.5 826.951 0.16666667 3.0 3.0 3.0 3.0 0.0 0.104 1 TOUCH_UP t
1403835237740 6 4098 481.0 876.451 0.26666668 4.0 4.0 4.0 4.0 0.0 0.20400001 0 TOUCH_DOWN u
1403835237745 6 4098 481.0 876.451 0.26666668 4.0 4.0 4.0 4.0 0.0 0.208 2 TOUCH_MOVE u
1403835237778 6 4098 480.49686 876.451 0.26666668 4.0 4.0 4.0 4.0 0.0 0.216 2 TOUCH_MOVE u
1403835237813 6 4098 479.06567 876.451 0.26666668 4.0 4.0 4.0 4.0 0.0 0.22000001 2 TOUCH_MOVE u
1403835237828 6 4098 478.5502 876.451 0.26666668 4.0 4.0 4.0 4.0 0.0 0.22000001 2 TOUCH_MOVE u
1403835237845 6 4098 478.26843 876.451 0.26666668 4.0 4.0 4.0 4.0 0.0 0.216 2 TOUCH_MOVE u
1403835237862 6 4098 477.69122 876.1422 0.26666668 4.0 4.0 4.0 4.0 0.0 0.208 2 TOUCH_MOVE u
1403835237868 6 4098 477.5 875.951 0.20000002 4.0 4.0 4.0 4.0 0.0 0.18800001 2 TOUCH_MOVE u
1403835237872 6 4098 477.5 875.951 0.20000002 4.0 4.0 4.0 4.0 0.0 0.18800001 1 TOUCH_UP u
1403835238070 6 4098 403.5 855.951 0.23333335 4.0 4.0 4.0 4.0 0.0 0.21200001 0 TOUCH_DOWN y
1403835238083 6 4098 403.5 855.951 0.26666668 4.0 4.0 4.0 4.0 0.0 0.216 2 TOUCH_MOVE y
1403835238129 6 4098 403.5 857.77136 0.26666668 4.0 4.0 4.0 4.0 0.0 0.224 2 TOUCH_MOVE y
1403835238145 6 4098 403.5 862.0275 0.26666668 4.0 4.0 4.0 4.0 0.0 0.224 2 TOUCH_MOVE y
1403835238162 6 4098 403.5 863.9784 0.26666668 4.0 4.0 4.0 4.0 0.0 0.22000001 2 TOUCH_MOVE y
1403835238178 6 4098 403.5 865.5164 0.26666668 4.0 4.0 4.0 4.0 0.0 0.22000001 2 TOUCH_MOVE y
1403835238221 6 4098 403.5 865.5164 0.26666668 4.0 4.0 4.0 4.0 0.0 0.22000001 1 TOUCH_UP y
1403835238529 6 4098 183.5 840.451 0.20000002 4.0 4.0 4.0 4.0 0.0 0.18 0 TOUCH_DOWN e
1403835238546 6 4098 183.5 840.451 0.20000002 4.0 4.0 4.0 4.0 0.0 0.18400002 2 TOUCH_MOVE e
1403835238563 6 4098 184.05034 839.90063 0.20000002 4.0 4.0 4.0 4.0 0.0 0.18800001 2 TOUCH_MOVE e
1403835238579 6 4098 185.11652 838.8345 0.20000002 4.0 4.0 4.0 4.0 0.0 0.192 2 TOUCH_MOVE e
1403835238597 6 4098 186.05627 838.951 0.20000002 4.0 4.0 4.0 4.0 0.0 0.19600001 2 TOUCH_MOVE e
1403835238612 6 4098 186.75 838.951 0.20000002 4.0 4.0 4.0 4.0 0.0 0.19600001 2 TOUCH_MOVE e
1403835238635 6 4098 187.22874 838.951 0.20000002 4.0 4.0 4.0 4.0 0.0 0.19600001 2 TOUCH_MOVE e
1403835238700 6 4098 187.22874 838.951 0.20000002 4.0 4.0 4.0 4.0 0.0 0.19600001 1 TOUCH_UP e
1403835238901 6 4098 289.5 839.451 0.23333335 4.0 4.0 4.0 4.0 0.0 0.19600001 0 TOUCH_DOWN t
1403835238913 6 4098 289.5 839.451 0.23333335 4.0 4.0 4.0 4.0 0.0 0.20400001 2 TOUCH_MOVE t
1403835238940 6 4098 292.2758 839.19586 0.26666668 4.0 4.0 4.0 4.0 0.0 0.208 2 TOUCH_MOVE t
1403835238946 6 4098 296.93033 838.951 0.26666668 4.0 4.0 4.0 4.0 0.0 0.21200001 2 TOUCH_MOVE t
1403835238963 6 4098 300.3901 838.951 0.26666668 4.0 4.0 4.0 4.0 0.0 0.21200001 2 TOUCH_MOVE t
1403835238981 6 4098 301.65308 838.951 0.26666668 4.0 4.0 4.0 4.0 0.0 0.21200001 2 TOUCH_MOVE t
1403835238996 6 4098 302.25 838.951 0.26666668 4.0 4.0 4.0 4.0 0.0 0.216 2 TOUCH_MOVE t
1403835239046 6 4098 297.51028 838.951 0.23333335 4.0 4.0 4.0 4.0 0.0 0.2 2 TOUCH_MOVE t
1403835239058 6 4098 293.0 838.951 0.26666668 4.0 4.0 4.0 4.0 0.0 0.18400002 2 TOUCH_MOVE t
1403835239063 6 4098 293.0 838.951 0.26666668 4.0 4.0 4.0 4.0 0.0 0.18400002 1 TOUCH_UP t
1403835239397 6 4098 249.5 1232.4509 0.20000002 3.0 3.0 3.0 3.0 0.0 0.18800001 0 TOUCH_DOWN Space
1403835239415 6 4098 249.5 1232.4509 0.23333335 4.0 4.0 4.0 4.0 0.0 0.192 2 TOUCH_MOVE Space
1403835239430 6 4098 249.5 1231.924 0.23333335 4.0 4.0 4.0 4.0 0.0 0.2 2 TOUCH_MOVE Space
1403835239446 6 4098 250.02744 1230.9235 0.23333335 4.0 4.0 4.0 4.0 0.0 0.2 2 TOUCH_MOVE Space
1403835239464 6 4098 250.5 1229.9434 0.23333335 4.0 4.0 4.0 4.0 0.0 0.20400001 2 TOUCH_MOVE Space
1403835239536 6 4098 250.5 1228.2556 0.23333335 4.0 4.0 4.0 4.0 0.0 0.20400001 2 TOUCH_MOVE Space
1403835239555 6 4098 251.0 1224.9143 0.23333335 4.0 4.0 4.0 4.0 0.0 0.2 2 TOUCH_MOVE Space
1403835239564 6 4098 251.5 1219.9218 0.23333335 4.0 4.0 4.0 4.0 0.0 0.18800001 2 TOUCH_MOVE Space
1403835239570 6 4098 251.5 1219.4509 0.13333334 2.0 2.0 2.0 2.0 0.0 0.128 2 TOUCH_MOVE Space
1403835239574 6 4098 251.5 1219.4509 0.13333334 2.0 2.0 2.0 2.0 0.0 0.128 1 TOUCH_UP Space
1403835239812 6 4098 364.5 1113.9509 0.3 5.0 5.0 5.0 5.0 0.0 0.19600001 0 TOUCH_DOWN v
1403835239838 6 4098 364.5 1113.9509 0.3 5.0 5.0 5.0 5.0 0.0 0.20400001 2 TOUCH_MOVE v
1403835239863 6 4098 365.0 1112.9052 0.3 5.0 5.0 5.0 5.0 0.0 0.216 2 TOUCH_MOVE v
1403835239880 6 4098 365.0 1111.9525 0.3 5.0 5.0 5.0 5.0 0.0 0.216 2 TOUCH_MOVE v
1403835239897 6 4098 365.5 1110.9786 0.3 5.0 5.0 5.0 5.0 0.0 0.22000001 2 TOUCH_MOVE v
1403835239914 6 4098 365.5 1110.7009 0.3 5.0 5.0 5.0 5.0 0.0 0.216 2 TOUCH_MOVE v
1403835239982 6 4098 363.58786 1111.907 0.26666668 5.0 5.0 5.0 5.0 0.0 0.19600001 2 TOUCH_MOVE v
1403835239988 6 4098 362.5 1112.4509 0.23333335 5.0 5.0 5.0 5.0 0.0 0.18 2 TOUCH_MOVE v
1403835239991 6 4098 362.5 1112.4509 0.23333335 5.0 5.0 5.0 5.0 0.0 0.18 1 TOUCH_UP v
1403835240320 6 4098 607.5 881.951 0.33333334 5.0 5.0 5.0 5.0 0.0 0.20400001 0 TOUCH_DOWN o
1403835240364 6 4098 607.5 882.7989 0.33333334 5.0 5.0 5.0 5.0 0.0 0.22000001 2 TOUCH_MOVE o
1403835240381 6 4098 607.5 883.7455 0.33333334 5.0 5.0 5.0 5.0 0.0 0.22000001 2 TOUCH_MOVE o
1403835240397 6 4098 607.5 884.201 0.33333334 5.0 5.0 5.0 5.0 0.0 0.22000001 2 TOUCH_MOVE o
1403835240443 6 4098 607.5 884.201 0.33333334 5.0 5.0 5.0 5.0 0.0 0.22000001 1 TOUCH_UP o
1403835240643 6 4098 531.5 871.951 0.26666668 4.0 4.0 4.0 4.0 0.0 0.21200001 0 TOUCH_DOWN i
1403835240647 6 4098 531.5 871.951 0.26666668 4.0 4.0 4.0 4.0 0.0 0.216 2 TOUCH_MOVE i
1403835240747 6 4098 531.5 871.951 0.26666668 4.0 4.0 4.0 4.0 0.0 0.192 2 TOUCH_MOVE i
1403835240752 6 4098 531.5 871.951 0.16666667 3.0 3.0 3.0 3.0 0.0 0.116000004 2 TOUCH_MOVE i
1403835240755 6 4098 531.5 871.951 0.16666667 3.0 3.0 3.0 3.0 0.0 0.116000004 1 TOUCH_UP i
1403835241050 6 4098 252.0 1204.9509 0.23333335 4.0 4.0 4.0 4.0 0.0 0.19600001 0 TOUCH_DOWN Space
1403835241069 6 4098 252.0 1205.6375 0.23333335 4.0 4.0 4.0 4.0 0.0 0.20400001 2 TOUCH_MOVE Space
1403835241089 6 4098 252.58371 1206.5347 0.23333335 4.0 4.0 4.0 4.0 0.0 0.20400001 2 TOUCH_MOVE Space
1403835241098 6 4098 253.60696 1207.5579 0.23333335 4.0 4.0 4.0 4.0 0.0 0.20400001 2 TOUCH_MOVE Space
1403835241115 6 4098 254.0 1208.5262 0.23333335 4.0 4.0 4.0 4.0 0.0 0.208 2 TOUCH_MOVE Space
1403835241131 6 4098 254.0 1209.4794 0.23333335 4.0 4.0 4.0 4.0 0.0 0.208 2 TOUCH_MOVE Space
1403835241181 6 4098 253.59251 1206.4136 0.20000002 4.0 4.0 4.0 4.0 0.0 0.19600001 2 TOUCH_MOVE Space
1403835241196 6 4098 253.5 1205.9509 0.13333334 2.0 2.0 2.0 2.0 0.0 0.120000005 2 TOUCH_MOVE Space
1403835241201 6 4098 253.5 1205.9509 0.13333334 2.0 2.0 2.0 2.0 0.0 0.120000005 1 TOUCH_UP Space
1403835241881 6 4098 133.0 972.951 0.13333334 2.0 2.0 2.0 2.0 0.0 0.17600001 0 TOUCH_DOWN s
1403835241900 6 4098 133.3498 972.951 0.13333334 2.0 2.0 2.0 2.0 0.0 0.18 2 TOUCH_MOVE s
1403835241915 6 4098 134.80379 972.951 0.20000002 4.0 4.0 4.0 4.0 0.0 0.192 2 TOUCH_MOVE s
1403835241932 6 4098 137.85349 972.951 0.20000002 4.0 4.0 4.0 4.0 0.0 0.192 2 TOUCH_MOVE s
1403835241950 6 4098 139.08011 972.951 0.20000002 4.0 4.0 4.0 4.0 0.0 0.192 2 TOUCH_MOVE s
1403835241965 6 4098 140.007 973.451 0.20000002 4.0 4.0 4.0 4.0 0.0 0.19600001 2 TOUCH_MOVE s
1403835241984 6 4098 140.0 974.201 0.20000002 4.0 4.0 4.0 4.0 0.0 0.192 2 TOUCH_MOVE s
1403835242028 6 4098 138.5 973.951 0.13333334 2.0 2.0 2.0 2.0 0.0 0.1 2 TOUCH_MOVE s
1403835242032 6 4098 138.5 973.951 0.13333334 2.0 2.0 2.0 2.0 0.0 0.1 1 TOUCH_UP s
1403835242227 6 4098 47.0 972.951 0.16666667 3.0 3.0 3.0 3.0 0.0 0.17600001 0 TOUCH_DOWN a
1403835242250 6 4098 47.0 972.951 0.16666667 3.0 3.0 3.0 3.0 0.0 0.18 2 TOUCH_MOVE a
1403835242266 6 4098 47.608334 973.5593 0.16666667 3.0 3.0 3.0 3.0 0.0 0.18800001 2 TOUCH_MOVE a
1403835242283 6 4098 48.28191 973.951 0.16666667 3.0 3.0 3.0 3.0 0.0 0.18800001 2 TOUCH_MOVE a
1403835242299 6 4098 49.22777 973.951 0.16666667 3.0 3.0 3.0 3.0 0.0 0.18800001 2 TOUCH_MOVE a
1403835242316 6 4098 49.75 973.951 0.20000002 3.0 3.0 3.0 3.0 0.0 0.18800001 2 TOUCH_MOVE a
1403835242367 6 4098 49.5 974.4552 0.16666667 3.0 3.0 3.0 3.0 0.0 0.18 2 TOUCH_MOVE a
1403835242376 6 4098 48.5 974.951 0.16666667 3.0 3.0 3.0 3.0 0.0 0.17600001 2 TOUCH_MOVE a
1403835242380 6 4098 48.5 974.951 0.16666667 3.0 3.0 3.0 3.0 0.0 0.17600001 1 TOUCH_UP a
1403835243006 6 4098 460.5 874.451 0.26666668 4.0 4.0 4.0 4.0 0.0 0.208 0 TOUCH_DOWN u
1403835243117 6 4098 460.5 874.451 0.26666668 4.0 4.0 4.0 4.0 0.0 0.208 1 TOUCH_UP u
1403835243810 6 4098 232.5 1221.4509 0.20000002 3.0 3.0 3.0 3.0 0.0 0.18400002 0 TOUCH_DOWN Space
1403835243935 6 4098 229.83755 1219.2885 0.23333335 4.0 4.0 4.0 4.0 0.0 0.192 2 TOUCH_MOVE Space
1403835243948 6 4098 229.0 1218.4509 0.26666668 5.0 5.0 5.0 5.0 0.0 0.120000005 2 TOUCH_MOVE Space
1403835243956 6 4098 229.0 1218.4509 0.26666668 5.0 5.0 5.0 5.0 0.0 0.120000005 1 TOUCH_UP Space
1403835244315 6 4098 141.0 992.451 0.23333335 4.0 4.0 4.0 4.0 0.0 0.18 0 TOUCH_DOWN s
1403835244334 6 4098 141.0 992.451 0.26666668 4.0 4.0 4.0 4.0 0.0 0.18400002 2 TOUCH_MOVE s
1403835244351 6 4098 141.83803 991.613 0.26666668 4.0 4.0 4.0 4.0 0.0 0.18800001 2 TOUCH_MOVE s
1403835244368 6 4098 142.80635 990.64465 0.26666668 4.0 4.0 4.0 4.0 0.0 0.19600001 2 TOUCH_MOVE s
1403835244384 6 4098 143.76872 990.451 0.26666668 4.0 4.0 4.0 4.0 0.0 0.19600001 2 TOUCH_MOVE s
1403835244404 6 4098 144.25 990.451 0.26666668 4.0 4.0 4.0 4.0 0.0 0.19600001 2 TOUCH_MOVE s
1403835244444 6 4098 143.21005 989.806 0.26666668 4.0 4.0 4.0 4.0 0.0 0.19600001 2 TOUCH_MOVE s
1403835244451 6 4098 140.07376 988.8444 0.23333335 4.0 4.0 4.0 4.0 0.0 0.18800001 2 TOUCH_MOVE s
1403835244474 6 4098 138.0 988.951 0.20000002 4.0 4.0 4.0 4.0 0.0 0.17600001 2 TOUCH_MOVE s
1403835244479 6 4098 138.0 988.951 0.20000002 4.0 4.0 4.0 4.0 0.0 0.17600001 1 TOUCH_UP s
1403835244679 6 4098 40.0 973.451 0.16666667 3.0 3.0 3.0 3.0 0.0 0.172 0 TOUCH_DOWN a
1403835244684 6 4098 40.0 973.451 0.16666667 3.0 3.0 3.0 3.0 0.0 0.17600001 2 TOUCH_MOVE a
1403835244735 6 4098 40.936718 973.451 0.16666667 3.0 3.0 3.0 3.0 0.0 0.18 2 TOUCH_MOVE a
1403835244751 6 4098 41.447613 973.451 0.16666667 3.0 3.0 3.0 3.0 0.0 0.18400002 2 TOUCH_MOVE a
1403835244768 6 4098 41.72954 973.451 0.16666667 3.0 3.0 3.0 3.0 0.0 0.18400002 2 TOUCH_MOVE a
1403835244817 6 4098 41.5 973.451 0.13333334 2.0 2.0 2.0 2.0 0.0 0.14 2 TOUCH_MOVE a
1403835244821 6 4098 41.5 973.451 0.13333334 2.0 2.0 2.0 2.0 0.0 0.14 1 TOUCH_UP a
1403835245692 6 4098 691.5 1231.4509 0.16666667 3.0 3.0 3.0 3.0 0.0 0.18800001 0 TOUCH_DOWN Enter
1403835245730 6 4098 689.915 1231.4509 0.23333335 4.0 4.0 4.0 4.0 0.0 0.20400001 2 TOUCH_MOVE Enter
1403835245751 6 4098 688.4565 1231.4509 0.23333335 4.0 4.0 4.0 4.0 0.0 0.208 2 TOUCH_MOVE Enter
1403835245771 6 4098 686.5362 1231.4509 0.23333335 4.0 4.0 4.0 4.0 0.0 0.20400001 2 TOUCH_MOVE Enter
1403835245786 6 4098 686.25 1231.4509 0.23333335 4.0 4.0 4.0 4.0 0.0 0.20400001 2 TOUCH_MOVE Enter
1403835245794 6 4098 686.25 1231.4509 0.23333335 4.0 4.0 4.0 4.0 0.0 0.20400001 1 TOUCH_UP Enter
1403835246573 6 4098 332.0 824.951 0.33333334 5.0 5.0 5.0 5.0 0.0 0.2 0 TOUCH_DOWN T
1403835246670 6 4098 330.05508 825.766 0.33333334 5.0 5.0 5.0 5.0 0.0 0.2 2 TOUCH_MOVE T
1403835246685 6 4098 329.5 825.951 0.26666668 5.0 5.0 5.0 5.0 0.0 0.16000001 2 TOUCH_MOVE T
1403835246688 6 4098 329.5 825.951 0.26666668 5.0 5.0 5.0 5.0 0.0 0.16000001 1 TOUCH_UP T
1403835246977 6 4098 429.5 991.951 0.26666668 4.0 4.0 4.0 4.0 0.0 0.208 0 TOUCH_DOWN h
1403835246987 6 4098 429.5 991.951 0.26666668 4.0 4.0 4.0 4.0 0.0 0.21200001 2 TOUCH_MOVE h
1403835247087 6 4098 430.81686 991.951 0.26666668 4.0 4.0 4.0 4.0 0.0 0.21200001 2 TOUCH_MOVE h
1403835247102 6 4098 432.0 990.951 0.23333335 4.0 4.0 4.0 4.0 0.0 0.18 2 TOUCH_MOVE h
1403835247106 6 4098 432.0 990.951 0.23333335 4.0 4.0 4.0 4.0 0.0 0.18 1 TOUCH_UP h
1403835247376 6 4098 484.0 869.451 0.26666668 4.0 4.0 4.0 4.0 0.0 0.208 0 TOUCH_DOWN u
1403835247387 6 4098 484.0 869.451 0.26666668 4.0 4.0 4.0 4.0 0.0 0.21200001 2 TOUCH_MOVE u
1403835247469 6 4098 484.0 869.451 0.26666668 4.0 4.0 4.0 4.0 0.0 0.21200001 1 TOUCH_UP u
1403835247668 6 4098 627.5 847.951 0.23333335 4.0 4.0 4.0 4.0 0.0 0.19600001 0 TOUCH_DOWN o
1403835247723 6 4098 626.69366 847.951 0.23333335 4.0 4.0 4.0 4.0 0.0 0.208 2 TOUCH_MOVE o
1403835247737 6 4098 625.7321 847.951 0.23333335 4.0 4.0 4.0 4.0 0.0 0.21200001 2 TOUCH_MOVE o
1403835247754 6 4098 624.7742 847.951 0.23333335 4.0 4.0 4.0 4.0 0.0 0.21200001 2 TOUCH_MOVE o
1403835247771 6 4098 625.0 848.5431 0.23333335 4.0 4.0 4.0 4.0 0.0 0.21200001 2 TOUCH_MOVE o
1403835247809 6 4098 625.0 848.451 0.20000002 4.0 4.0 4.0 4.0 0.0 0.18 2 TOUCH_MOVE o
1403835247813 6 4098 625.0 848.451 0.20000002 4.0 4.0 4.0 4.0 0.0 0.18 1 TOUCH_UP o
1403835248449 6 4098 358.5 988.951 0.20000002 4.0 4.0 4.0 4.0 0.0 0.19600001 0 TOUCH_DOWN g
1403835248455 6 4098 358.5 988.951 0.26666668 4.0 4.0 4.0 4.0 0.0 0.2 2 TOUCH_MOVE g
1403835248490 6 4098 359.97552 988.951 0.26666668 4.0 4.0 4.0 4.0 0.0 0.20400001 2 TOUCH_MOVE g
1403835248505 6 4098 360.93542 989.3864 0.26666668 4.0 4.0 4.0 4.0 0.0 0.208 2 TOUCH_MOVE g
1403835248521 6 4098 361.25 989.701 0.26666668 4.0 4.0 4.0 4.0 0.0 0.208 2 TOUCH_MOVE g
1403835248557 6 4098 361.0 991.39136 0.3 5.0 5.0 5.0 5.0 0.0 0.20400001 2 TOUCH_MOVE g
1403835248572 6 4098 360.0 993.451 0.23333335 5.0 5.0 5.0 5.0 0.0 0.192 2 TOUCH_MOVE g
1403835248578 6 4098 360.0 993.451 0.20000002 4.0 4.0 4.0 4.0 0.0 0.16800001 2 TOUCH_MOVE g
1403835248582 6 4098 360.0 993.451 0.20000002 4.0 4.0 4.0 4.0 0.0 0.16800001 1 TOUCH_UP g
1403835248878 6 4098 255.0 1203.9509 0.23333335 4.0 4.0 4.0 4.0 0.0 0.18800001 0 TOUCH_DOWN Space
1403835248891 6 4098 255.0 1203.9509 0.23333335 4.0 4.0 4.0 4.0 0.0 0.192 2 TOUCH_MOVE Space
1403835248922 6 4098 255.0 1205.3942 0.23333335 4.0 4.0 4.0 4.0 0.0 0.2 2 TOUCH_MOVE Space
1403835248940 6 4098 255.0 1206.2009 0.23333335 4.0 4.0 4.0 4.0 0.0 0.2 2 TOUCH_MOVE Space
1403835248955 6 4098 255.68172 1205.9509 0.23333335 4.0 4.0 4.0 4.0 0.0 0.2 2 TOUCH_MOVE Space
1403835249039 6 4098 256.1484 1204.8025 0.20000002 4.0 4.0 4.0 4.0 0.0 0.18 2 TOUCH_MOVE Space
1403835249047 6 4098 256.0 1204.9509 0.13333334 2.0 2.0 2.0 2.0 0.0 0.104 2 TOUCH_MOVE Space
1403835249064 6 4098 256.0 1204.9509 0.13333334 2.0 2.0 2.0 2.0 0.0 0.104 1 TOUCH_UP Space
1403835249591 6 4098 698.0 1127.4509 0.20000002 4.0 4.0 4.0 4.0 0.0 0.192 0 TOUCH_DOWN Back
1403835249610 6 4098 698.0 1127.4509 0.20000002 4.0 4.0 4.0 4.0 0.0 0.2 2 TOUCH_MOVE Back
1403835249623 6 4098 696.70123 1127.1847 0.23333335 4.0 4.0 4.0 4.0 0.0 0.208 2 TOUCH_MOVE Back
1403835249639 6 4098 693.81476 1126.9509 0.26666668 4.0 4.0 4.0 4.0 0.0 0.21200001 2 TOUCH_MOVE Back
1403835249660 6 4098 692.2978 1126.9509 0.26666668 4.0 4.0 4.0 4.0 0.0 0.216 2 TOUCH_MOVE Back
1403835249672 6 4098 692.0 1127.6074 0.26666668 4.0 4.0 4.0 4.0 0.0 0.21200001 2 TOUCH_MOVE Back
1403835249718 6 4098 692.0 1127.9509 0.26666668 4.0 4.0 4.0 4.0 0.0 0.216 2 TOUCH_MOVE Back
1403835249722 6 4098 692.0 1127.9509 0.20000002 3.0 3.0 3.0 3.0 0.0 0.192 2 TOUCH_MOVE Back
1403835249728 6 4098 692.0 1127.9509 0.20000002 3.0 3.0 3.0 3.0 0.0 0.192 1 TOUCH_UP Back
1403835249937 6 4098 682.0 1140.9509 0.20000002 4.0 4.0 4.0 4.0 0.0 0.18400002 0 TOUCH_DOWN Back
1403835249961 6 4098 681.571 1140.9509 0.20000002 4.0 4.0 4.0 4.0 0.0 0.192 2 TOUCH_MOVE Back
1403835249981 6 4098 679.6366 1141.3827 0.23333335 5.0 5.0 5.0 5.0 0.0 0.20400001 2 TOUCH_MOVE Back
1403835249989 6 4098 678.1187 1142.3322 0.26666668 5.0 5.0 5.0 5.0 0.0 0.21200001 2 TOUCH_MOVE Back
1403835250007 6 4098 677.1483 1143.3026 0.3 5.0 5.0 5.0 5.0 0.0 0.216 2 TOUCH_MOVE Back
1403835250023 6 4098 677.0 1144.2653 0.3 5.0 5.0 5.0 5.0 0.0 0.216 2 TOUCH_MOVE Back
1403835250040 6 4098 677.0 1145.212 0.3 5.0 5.0 5.0 5.0 0.0 0.216 2 TOUCH_MOVE Back
1403835250059 6 4098 677.0 1145.7009 0.3 5.0 5.0 5.0 5.0 0.0 0.216 2 TOUCH_MOVE Back
1403835250090 6 4098 677.0 1145.4509 0.23333335 5.0 5.0 5.0 5.0 0.0 0.156 2 TOUCH_MOVE Back
1403835250093 6 4098 677.0 1145.4509 0.23333335 5.0 5.0 5.0 5.0 0.0 0.156 1 TOUCH_UP Back
1403835250768 6 4098 507.5 1133.4509 0.26666668 5.0 5.0 5.0 5.0 0.0 0.2 0 TOUCH_DOWN n
1403835250807 6 4098 505.23816 1131.6891 0.3 5.0 5.0 5.0 5.0 0.0 0.208 2 TOUCH_MOVE n
1403835250825 6 4098 504.11258 1130.5635 0.3 5.0 5.0 5.0 5.0 0.0 0.208 2 TOUCH_MOVE n
1403835250840 6 4098 503.5 1129.5874 0.3 5.0 5.0 5.0 5.0 0.0 0.208 2 TOUCH_MOVE n
1403835250857 6 4098 503.5 1128.7009 0.3 5.0 5.0 5.0 5.0 0.0 0.20400001 2 TOUCH_MOVE n
1403835250884 6 4098 503.5 1128.7009 0.3 5.0 5.0 5.0 5.0 0.0 0.20400001 1 TOUCH_UP n
1403835251135 6 4098 341.5 973.951 0.20000002 4.0 4.0 4.0 4.0 0.0 0.18800001 0 TOUCH_DOWN g
1403835251224 6 4098 341.5 973.951 0.23333335 4.0 4.0 4.0 4.0 0.0 0.208 2 TOUCH_MOVE g
1403835251258 6 4098 341.5 974.56635 0.23333335 4.0 4.0 4.0 4.0 0.0 0.20400001 2 TOUCH_MOVE g
1403835251289 6 4098 341.0 975.451 0.23333335 4.0 4.0 4.0 4.0 0.0 0.172 2 TOUCH_MOVE g
1403835251293 6 4098 341.0 975.451 0.23333335 4.0 4.0 4.0 4.0 0.0 0.172 1 TOUCH_UP g
1403835251589 6 4098 242.0 1199.9509 0.13333334 2.0 2.0 2.0 2.0 0.0 0.18400002 0 TOUCH_DOWN Space
1403835251609 6 4098 242.0 1199.9509 0.16666667 3.0 3.0 3.0 3.0 0.0 0.19600001 2 TOUCH_MOVE Space
1403835251624 6 4098 242.47806 1200.929 0.23333335 4.0 4.0 4.0 4.0 0.0 0.2 2 TOUCH_MOVE Space
1403835251641 6 4098 243.95279 1201.9037 0.23333335 4.0 4.0 4.0 4.0 0.0 0.20400001 2 TOUCH_MOVE Space
1403835251658 6 4098 244.90973 1202.4509 0.23333335 4.0 4.0 4.0 4.0 0.0 0.20400001 2 TOUCH_MOVE Space
1403835251674 6 4098 245.87532 1202.8263 0.23333335 4.0 4.0 4.0 4.0 0.0 0.20400001 2 TOUCH_MOVE Space
1403835251691 6 4098 246.25 1203.2009 0.23333335 4.0 4.0 4.0 4.0 0.0 0.20400001 2 TOUCH_MOVE Space
1403835251724 6 4098 246.5 1201.1946 0.20000002 4.0 4.0 4.0 4.0 0.0 0.192 2 TOUCH_MOVE Space
1403835251732 6 4098 246.5 1200.4509 0.13333334 2.0 2.0 2.0 2.0 0.0 0.17600001 2 TOUCH_MOVE Space
1403835251735 6 4098 246.5 1200.4509 0.13333334 2.0 2.0 2.0 2.0 0.0 0.17600001 1 TOUCH_UP Space
1403835251980 6 4098 495.5 1142.9509 0.23333335 5.0 5.0 5.0 5.0 0.0 0.2 0 TOUCH_DOWN n
1403835251993 6 4098 495.5 1142.9509 0.23333335 5.0 5.0 5.0 5.0 0.0 0.20400001 2 TOUCH_MOVE n
1403835252075 6 4098 495.91727 1143.4509 0.3 5.0 5.0 5.0 5.0 0.0 0.216 2 TOUCH_MOVE n
1403835252093 6 4098 496.0 1144.316 0.26666668 5.0 5.0 5.0 5.0 0.0 0.21200001 2 TOUCH_MOVE n
1403835252108 6 4098 496.75 1144.4509 0.23333335 5.0 5.0 5.0 5.0 0.0 0.19600001 2 TOUCH_MOVE n
1403835252121 6 4098 496.75 1144.4509 0.23333335 5.0 5.0 5.0 5.0 0.0 0.19600001 1 TOUCH_UP n
1403835252500 6 4098 361.5 980.451 0.20000002 3.0 3.0 3.0 3.0 0.0 0.19600001 0 TOUCH_DOWN g
1403835252509 6 4098 361.5 980.451 0.23333335 4.0 4.0 4.0 4.0 0.0 0.2 2 TOUCH_MOVE g
1403835252542 6 4098 362.07602 981.02704 0.23333335 4.0 4.0 4.0 4.0 0.0 0.208 2 TOUCH_MOVE g
1403835252630 6 4098 362.0 980.951 0.20000002 4.0 4.0 4.0 4.0 0.0 0.18 2 TOUCH_MOVE g
1403835252633 6 4098 362.0 980.951 0.20000002 4.0 4.0 4.0 4.0 0.0 0.18 1 TOUCH_UP g
1403835253186 6 4098 477.5 878.951 0.23333335 4.0 4.0 4.0 4.0 0.0 0.20400001 0 TOUCH_DOWN u
1403835253210 6 4098 477.3085 878.068 0.26666668 4.0 4.0 4.0 4.0 0.0 0.216 2 TOUCH_MOVE u
1403835253226 6 4098 476.32706 876.1051 0.26666668 4.0 4.0 4.0 4.0 0.0 0.22000001 2 TOUCH_MOVE u
1403835253244 6 4098 476.0 874.81866 0.26666668 4.0 4.0 4.0 4.0 0.0 0.216 2 TOUCH_MOVE u
1403835253278 6 4098 476.50708 874.451 0.26666668 4.0 4.0 4.0 4.0 0.0 0.20400001 2 TOUCH_MOVE u
1403835253294 6 4098 477.5 874.951 0.20000002 3.0 3.0 3.0 3.0 0.0 0.120000005 2 TOUCH_MOVE u
1403835253302 6 4098 477.5 874.951 0.20000002 3.0 3.0 3.0 3.0 0.0 0.120000005 1 TOUCH_UP u
1403835253491 6 4098 619.0 857.451 0.23333335 5.0 5.0 5.0 5.0 0.0 0.19600001 0 TOUCH_DOWN o
1403835253509 6 4098 619.0 857.451 0.23333335 5.0 5.0 5.0 5.0 0.0 0.2 2 TOUCH_MOVE o
1403835253526 6 4098 617.6963 857.451 0.23333335 5.0 5.0 5.0 5.0 0.0 0.20400001 2 TOUCH_MOVE o
1403835253545 6 4098 616.1055 858.34546 0.23333335 5.0 5.0 5.0 5.0 0.0 0.208 2 TOUCH_MOVE o
1403835253564 6 4098 616.0 859.32153 0.26666668 5.0 5.0 5.0 5.0 0.0 0.21200001 2 TOUCH_MOVE o
1403835253577 6 4098 616.0 860.2858 0.26666668 5.0 5.0 5.0 5.0 0.0 0.216 2 TOUCH_MOVE o
1403835253597 6 4098 616.0 861.12616 0.26666668 5.0 5.0 5.0 5.0 0.0 0.21200001 2 TOUCH_MOVE o
1403835253609 6 4098 616.0 862.191 0.26666668 5.0 5.0 5.0 5.0 0.0 0.208 2 TOUCH_MOVE o
1403835253625 6 4098 616.0 861.951 0.23333335 5.0 5.0 5.0 5.0 0.0 0.18 2 TOUCH_MOVE o
1403835253629 6 4098 616.0 861.951 0.23333335 5.0 5.0 5.0 5.0 0.0 0.18 1 TOUCH_UP o
1403835253808 6 4098 527.0 879.451 0.23333335 5.0 5.0 5.0 5.0 0.0 0.20400001 0 TOUCH_DOWN i
1403835253913 6 4098 527.0 879.451 0.23333335 5.0 5.0 5.0 5.0 0.0 0.17600001 2 TOUCH_MOVE i
1403835253917 6 4098 527.0 879.451 0.23333335 5.0 5.0 5.0 5.0 0.0 0.17600001 1 TOUCH_UP i
1403835254282 6 4098 263.5 1196.9509 0.20000002 4.0 4.0 4.0 4.0 0.0 0.18400002 0 TOUCH_DOWN Space
1403835254328 6 4098 263.5 1196.9509 0.23333335 5.0 5.0 5.0 5.0 0.0 0.19600001 2 TOUCH_MOVE Space
1403835254344 6 4098 263.5 1197.9602 0.23333335 5.0 5.0 5.0 5.0 0.0 0.19600001 2 TOUCH_MOVE Space
1403835254378 6 4098 263.5 1198.8809 0.23333335 5.0 5.0 5.0 5.0 0.0 0.2 2 TOUCH_MOVE Space
1403835254394 6 4098 263.5 1199.2009 0.23333335 5.0 5.0 5.0 5.0 0.0 0.2 2 TOUCH_MOVE Space
1403835254428 6 4098 263.5 1199.565 0.20000002 4.0 4.0 4.0 4.0 0.0 0.2 2 TOUCH_MOVE Space
1403835254470 6 4098 262.0 1199.4509 0.20000002 4.0 4.0 4.0 4.0 0.0 0.172 2 TOUCH_MOVE Space
1403835254473 6 4098 262.0 1199.4509 0.20000002 4.0 4.0 4.0 4.0 0.0 0.172 1 TOUCH_UP Space
1403835255044 6 4098 345.5 986.451 0.26666668 4.0 4.0 4.0 4.0 0.0 0.2 0 TOUCH_DOWN g
1403835255078 6 4098 346.25208 986.451 0.26666668 4.0 4.0 4.0 4.0 0.0 0.20400001 2 TOUCH_MOVE g
1403835255097 6 4098 347.21335 986.451 0.26666668 4.0 4.0 4.0 4.0 0.0 0.208 2 TOUCH_MOVE g
1403835255111 6 4098 348.06168 986.451 0.26666668 4.0 4.0 4.0 4.0 0.0 0.208 2 TOUCH_MOVE g
1403835255128 6 4098 348.57425 986.451 0.26666668 4.0 4.0 4.0 4.0 0.0 0.20400001 2 TOUCH_MOVE g
1403835255144 6 4098 349.0476 986.451 0.26666668 4.0 4.0 4.0 4.0 0.0 0.20400001 2 TOUCH_MOVE g
1403835255190 6 4098 348.5 986.951 0.26666668 4.0 4.0 4.0 4.0 0.0 0.18400002 2 TOUCH_MOVE g
1403835255194 6 4098 348.5 986.951 0.26666668 4.0 4.0 4.0 4.0 0.0 0.18400002 1 TOUCH_UP g
1403835255930 6 4098 698.5 1124.4509 0.20000002 4.0 4.0 4.0 4.0 0.0 0.192 0 TOUCH_DOWN Back
1403835255981 6 4098 698.5 1124.5526 0.26666668 4.0 4.0 4.0 4.0 0.0 0.21200001 2 TOUCH_MOVE Back
1403835255995 6 4098 698.5 1125.5012 0.26666668 4.0 4.0 4.0 4.0 0.0 0.216 2 TOUCH_MOVE Back
1403835256012 6 4098 697.98413 1126.4668 0.26666668 4.0 4.0 4.0 4.0 0.0 0.21200001 2 TOUCH_MOVE Back
1403835256045 6 4098 698.0 1127.407 0.26666668 4.0 4.0 4.0 4.0 0.0 0.20400001 2 TOUCH_MOVE Back
1403835256057 6 4098 698.0 1127.4509 0.13333334 2.0 2.0 2.0 2.0 0.0 0.156 2 TOUCH_MOVE Back
1403835256061 6 4098 698.0 1127.4509 0.13333334 2.0 2.0 2.0 2.0 0.0 0.156 1 TOUCH_UP Back
1403835256574 6 4098 513.5 1135.9509 0.20000002 4.0 4.0 4.0 4.0 0.0 0.2 0 TOUCH_DOWN n
1403835256579 6 4098 513.5 1135.9509 0.23333335 4.0 4.0 4.0 4.0 0.0 0.20400001 2 TOUCH_MOVE n
1403835256613 6 4098 512.4123 1134.8632 0.26666668 4.0 4.0 4.0 4.0 0.0 0.22000001 2 TOUCH_MOVE n
1403835256629 6 4098 511.50754 1133.9585 0.3 5.0 5.0 5.0 5.0 0.0 0.216 2 TOUCH_MOVE n
1403835256646 6 4098 510.48563 1132.9365 0.3 5.0 5.0 5.0 5.0 0.0 0.22000001 2 TOUCH_MOVE n
1403835256662 6 4098 509.53116 1132.4509 0.3 5.0 5.0 5.0 5.0 0.0 0.216 2 TOUCH_MOVE n
1403835256679 6 4098 509.25 1132.4509 0.3 5.0 5.0 5.0 5.0 0.0 0.216 2 TOUCH_MOVE n
1403835256705 6 4098 509.0 1132.9509 0.23333335 5.0 5.0 5.0 5.0 0.0 0.17600001 2 TOUCH_MOVE n
1403835256710 6 4098 509.0 1132.9509 0.23333335 5.0 5.0 5.0 5.0 0.0 0.17600001 1 TOUCH_UP n
1403835256993 6 4098 360.5 977.451 0.20000002 3.0 3.0 3.0 3.0 0.0 0.192 0 TOUCH_DOWN g
1403835256998 6 4098 360.5 977.451 0.23333335 4.0 4.0 4.0 4.0 0.0 0.19600001 2 TOUCH_MOVE g
1403835257013 6 4098 361.0657 978.01666 0.23333335 4.0 4.0 4.0 4.0 0.0 0.20400001 2 TOUCH_MOVE g
1403835257029 6 4098 362.09537 979.0464 0.23333335 4.0 4.0 4.0 4.0 0.0 0.20400001 2 TOUCH_MOVE g
1403835257046 6 4098 363.05255 980.00354 0.23333335 4.0 4.0 4.0 4.0 0.0 0.20400001 2 TOUCH_MOVE g
1403835257063 6 4098 363.75 980.701 0.23333335 4.0 4.0 4.0 4.0 0.0 0.20400001 2 TOUCH_MOVE g
1403835257143 6 4098 363.75 980.701 0.23333335 4.0 4.0 4.0 4.0 0.0 0.20400001 1 TOUCH_UP g
1403835257378 6 4098 481.5 866.451 0.23333335 4.0 4.0 4.0 4.0 0.0 0.208 0 TOUCH_DOWN u
1403835257397 6 4098 481.5 866.451 0.23333335 4.0 4.0 4.0 4.0 0.0 0.21200001 2 TOUCH_MOVE u
1403835257463 6 4098 482.56284 866.451 0.26666668 4.0 4.0 4.0 4.0 0.0 0.21200001 2 TOUCH_MOVE u
1403835257480 6 4098 484.56412 866.451 0.23333335 4.0 4.0 4.0 4.0 0.0 0.19600001 2 TOUCH_MOVE u
1403835257491 6 4098 484.5 866.451 0.26666668 5.0 5.0 5.0 5.0 0.0 0.15200001 2 TOUCH_MOVE u
1403835257494 6 4098 484.5 866.451 0.26666668 5.0 5.0 5.0 5.0 0.0 0.15200001 1 TOUCH_UP u
1403835257683 6 4098 632.5 851.451 0.23333335 4.0 4.0 4.0 4.0 0.0 0.20400001 0 TOUCH_DOWN o
1403835257702 6 4098 632.252 851.451 0.23333335 4.0 4.0 4.0 4.0 0.0 0.208 2 TOUCH_MOVE o
1403835257719 6 4098 630.60815 851.451 0.23333335 4.0 4.0 4.0 4.0 0.0 0.21200001 2 TOUCH_MOVE o
1403835257730 6 4098 628.5757 851.8753 0.23333335 4.0 4.0 4.0 4.0 0.0 0.216 2 TOUCH_MOVE o
1403835257747 6 4098 627.61725 852.83374 0.3 5.0 5.0 5.0 5.0 0.0 0.22000001 2 TOUCH_MOVE o
1403835257763 6 4098 627.5 853.77167 0.26666668 4.0 4.0 4.0 4.0 0.0 0.22000001 2 TOUCH_MOVE o
1403835257780 6 4098 627.5 854.74725 0.26666668 4.0 4.0 4.0 4.0 0.0 0.22000001 2 TOUCH_MOVE o
1403835257797 6 4098 627.5 855.201 0.26666668 4.0 4.0 4.0 4.0 0.0 0.216 2 TOUCH_MOVE o
1403835257815 6 4098 626.82697 854.7266 0.20000002 4.0 4.0 4.0 4.0 0.0 0.192 2 TOUCH_MOVE o
1403835257822 6 4098 626.0 854.451 0.23333335 5.0 5.0 5.0 5.0 0.0 0.18 2 TOUCH_MOVE o
1403835257825 6 4098 626.0 854.451 0.23333335 5.0 5.0 5.0 5.0 0.0 0.18 1 TOUCH_UP o
1403835258013 6 4098 527.5 862.951 0.26666668 4.0 4.0 4.0 4.0 0.0 0.216 0 TOUCH_DOWN i
1403835258047 6 4098 527.5 863.4929 0.26666668 4.0 4.0 4.0 4.0 0.0 0.224 2 TOUCH_MOVE i
1403835258064 6 4098 527.5 864.5711 0.26666668 4.0 4.0 4.0 4.0 0.0 0.224 2 TOUCH_MOVE i
1403835258080 6 4098 527.5 865.473 0.26666668 4.0 4.0 4.0 4.0 0.0 0.224 2 TOUCH_MOVE i
1403835258097 6 4098 528.5509 866.5019 0.26666668 4.0 4.0 4.0 4.0 0.0 0.22000001 2 TOUCH_MOVE i
1403835258114 6 4098 529.99426 867.4481 0.26666668 4.0 4.0 4.0 4.0 0.0 0.22000001 2 TOUCH_MOVE i
1403835258136 6 4098 534.5 868.451 0.26666668 4.0 4.0 4.0 4.0 0.0 0.18400002 2 TOUCH_MOVE i
1403835258139 6 4098 534.5 868.451 0.26666668 4.0 4.0 4.0 4.0 0.0 0.18400002 1 TOUCH_UP i
1403835258449 6 4098 259.0 1207.9509 0.23333335 4.0 4.0 4.0 4.0 0.0 0.18400002 0 TOUCH_DOWN Space
1403835258481 6 4098 259.0 1209.0801 0.23333335 4.0 4.0 4.0 4.0 0.0 0.19600001 2 TOUCH_MOVE Space
1403835258499 6 4098 259.0 1210.0255 0.23333335 4.0 4.0 4.0 4.0 0.0 0.2 2 TOUCH_MOVE Space
1403835258514 6 4098 259.0 1211.0106 0.23333335 4.0 4.0 4.0 4.0 0.0 0.2 2 TOUCH_MOVE Space
1403835258531 6 4098 259.0 1211.4598 0.23333335 4.0 4.0 4.0 4.0 0.0 0.2 2 TOUCH_MOVE Space
1403835258599 6 4098 257.45752 1210.4084 0.23333335 4.0 4.0 4.0 4.0 0.0 0.19600001 2 TOUCH_MOVE Space
1403835258612 6 4098 257.0 1209.9509 0.13333334 2.0 2.0 2.0 2.0 0.0 0.132 2 TOUCH_MOVE Space
1403835258616 6 4098 257.0 1209.9509 0.13333334 2.0 2.0 2.0 2.0 0.0 0.132 1 TOUCH_UP Space
1403835259817 6 4098 653.5 1001.451 0.3 5.0 5.0 5.0 5.0 0.0 0.21200001 0 TOUCH_DOWN l
1403835259836 6 4098 653.5 1001.451 0.3 5.0 5.0 5.0 5.0 0.0 0.22000001 2 TOUCH_MOVE l
1403835259868 6 4098 653.5 1002.7811 0.33333334 5.0 5.0 5.0 5.0 0.0 0.23200001 2 TOUCH_MOVE l
1403835259882 6 4098 653.5 1003.741 0.33333334 5.0 5.0 5.0 5.0 0.0 0.23200001 2 TOUCH_MOVE l
1403835259899 6 4098 653.5 1004.6844 0.33333334 5.0 5.0 5.0 5.0 0.0 0.23200001 2 TOUCH_MOVE l
1403835259916 6 4098 653.5 1005.5821 0.3 5.0 5.0 5.0 5.0 0.0 0.22800002 2 TOUCH_MOVE l
1403835259932 6 4098 654.176 1006.627 0.26666668 4.0 4.0 4.0 4.0 0.0 0.22000001 2 TOUCH_MOVE l
1403835259949 6 4098 654.5 1006.951 0.33333334 5.0 5.0 5.0 5.0 0.0 0.18 2 TOUCH_MOVE l
1403835259952 6 4098 654.5 1006.951 0.33333334 5.0 5.0 5.0 5.0 0.0 0.18 1 TOUCH_UP l
1403835260450 6 4098 70.5 981.951 0.16666667 3.0 3.0 3.0 3.0 0.0 0.148 0 TOUCH_DOWN a
1403835260466 6 4098 70.5 981.951 0.16666667 3.0 3.0 3.0 3.0 0.0 0.16800001 2 TOUCH_MOVE a
1403835260500 6 4098 70.5 983.27234 0.20000002 4.0 4.0 4.0 4.0 0.0 0.18800001 2 TOUCH_MOVE a
1403835260516 6 4098 70.5 984.23145 0.20000002 4.0 4.0 4.0 4.0 0.0 0.192 2 TOUCH_MOVE a
1403835260533 6 4098 70.5 985.1884 0.20000002 4.0 4.0 4.0 4.0 0.0 0.192 2 TOUCH_MOVE a
1403835260549 6 4098 70.5 986.15814 0.20000002 4.0 4.0 4.0 4.0 0.0 0.192 2 TOUCH_MOVE a
1403835260566 6 4098 70.5 987.1198 0.20000002 4.0 4.0 4.0 4.0 0.0 0.192 2 TOUCH_MOVE a
1403835260583 6 4098 70.5 988.075 0.20000002 4.0 4.0 4.0 4.0 0.0 0.192 2 TOUCH_MOVE a
1403835260599 6 4098 70.5 989.03406 0.20000002 4.0 4.0 4.0 4.0 0.0 0.18800001 2 TOUCH_MOVE a
1403835260616 6 4098 69.45714 989.99384 0.23333335 4.0 4.0 4.0 4.0 0.0 0.17600001 2 TOUCH_MOVE a
1403835260621 6 4098 69.45714 989.99384 0.23333335 4.0 4.0 4.0 4.0 0.0 0.17600001 1 TOUCH_UP a
1403835260836 6 4098 541.0 856.451 0.23333335 4.0 4.0 4.0 4.0 0.0 0.216 0 TOUCH_DOWN i
1403835260852 6 4098 541.0 856.451 0.26666668 4.0 4.0 4.0 4.0 0.0 0.22000001 2 TOUCH_MOVE i
1403835260883 6 4098 541.0 855.0507 0.26666668 4.0 4.0 4.0 4.0 0.0 0.224 2 TOUCH_MOVE i
1403835260903 6 4098 541.0 854.701 0.26666668 4.0 4.0 4.0 4.0 0.0 0.22800002 2 TOUCH_MOVE i
1403835260965 6 4098 541.0 854.701 0.26666668 4.0 4.0 4.0 4.0 0.0 0.22800002 1 TOUCH_UP i
1403835261388 6 4098 269.0 1187.9509 0.26666668 5.0 5.0 5.0 5.0 0.0 0.192 0 TOUCH_DOWN Space
1403835261400 6 4098 269.0 1187.9509 0.26666668 5.0 5.0 5.0 5.0 0.0 0.19600001 2 TOUCH_MOVE Space
1403835261434 6 4098 270.08862 1187.3623 0.26666668 5.0 5.0 5.0 5.0 0.0 0.20400001 2 TOUCH_MOVE Space
1403835261454 6 4098 271.05 1186.401 0.26666668 5.0 5.0 5.0 5.0 0.0 0.20400001 2 TOUCH_MOVE Space
1403835261467 6 4098 272.0133 1185.9376 0.26666668 5.0 5.0 5.0 5.0 0.0 0.20400001 2 TOUCH_MOVE Space
1403835261484 6 4098 272.95605 1185.9509 0.26666668 5.0 5.0 5.0 5.0 0.0 0.20400001 2 TOUCH_MOVE Space
1403835261505 6 4098 273.25 1185.9509 0.26666668 5.0 5.0 5.0 5.0 0.0 0.2 2 TOUCH_MOVE Space
1403835261520 6 4098 273.25 1185.9509 0.26666668 5.0 5.0 5.0 5.0 0.0 0.2 1 TOUCH_UP Space
1403835261978 6 4098 340.0 841.451 0.26666668 4.0 4.0 4.0 4.0 0.0 0.192 0 TOUCH_DOWN t
1403835262084 6 4098 340.0 841.451 0.23333335 4.0 4.0 4.0 4.0 0.0 0.20400001 2 TOUCH_MOVE t
1403835262101 6 4098 339.00143 842.4495 0.23333335 4.0 4.0 4.0 4.0 0.0 0.2 2 TOUCH_MOVE t
1403835262112 6 4098 338.0 843.951 0.23333335 5.0 5.0 5.0 5.0 0.0 0.172 2 TOUCH_MOVE t
1403835262116 6 4098 338.0 843.951 0.23333335 5.0 5.0 5.0 5.0 0.0 0.172 1 TOUCH_UP t
1403835262312 6 4098 433.5 998.951 0.3 5.0 5.0 5.0 5.0 0.0 0.208 0 TOUCH_DOWN h
1403835262318 6 4098 433.5 998.951 0.3 5.0 5.0 5.0 5.0 0.0 0.216 2 TOUCH_MOVE h
1403835262353 6 4098 433.5 998.0003 0.3 5.0 5.0 5.0 5.0 0.0 0.224 2 TOUCH_MOVE h
1403835262368 6 4098 433.5 997.201 0.3 5.0 5.0 5.0 5.0 0.0 0.224 2 TOUCH_MOVE h
1403835262384 6 4098 433.5 996.78827 0.3 5.0 5.0 5.0 5.0 0.0 0.22000001 2 TOUCH_MOVE h
1403835262418 6 4098 433.5 996.2986 0.3 5.0 5.0 5.0 5.0 0.0 0.22000001 2 TOUCH_MOVE h
1403835262456 6 4098 433.5 995.29443 0.26666668 4.0 4.0 4.0 4.0 0.0 0.2 2 TOUCH_MOVE h
1403835262460 6 4098 433.0 993.951 0.26666668 4.0 4.0 4.0 4.0 0.0 0.18 2 TOUCH_MOVE h
1403835262476 6 4098 433.0 993.951 0.26666668 4.0 4.0 4.0 4.0 0.0 0.18 1 TOUCH_UP h
1403835262724 6 4098 467.0 865.951 0.26666668 4.0 4.0 4.0 4.0 0.0 0.21200001 0 TOUCH_DOWN u
1403835262735 6 4098 467.0 865.45935 0.26666668 4.0 4.0 4.0 4.0 0.0 0.216 2 TOUCH_MOVE u
1403835262763 6 4098 467.0 864.50543 0.26666668 4.0 4.0 4.0 4.0 0.0 0.22000001 2 TOUCH_MOVE u
1403835262770 6 4098 467.0 863.5496 0.26666668 4.0 4.0 4.0 4.0 0.0 0.22000001 2 TOUCH_MOVE u
1403835262785 6 4098 467.0 862.701 0.26666668 4.0 4.0 4.0 4.0 0.0 0.22000001 2 TOUCH_MOVE u
1403835262818 6 4098 468.5 862.451 0.23333335 4.0 4.0 4.0 4.0 0.0 0.208 2 TOUCH_MOVE u
1403835262834 6 4098 468.5 862.451 0.16666667 3.0 3.0 3.0 3.0 0.0 0.1 2 TOUCH_MOVE u
1403835262837 6 4098 468.5 862.451 0.16666667 3.0 3.0 3.0 3.0 0.0 0.1 1 TOUCH_UP u
1403835263072 6 4098 637.0 854.951 0.16666667 3.0 3.0 3.0 3.0 0.0 0.2 0 TOUCH_DOWN o
1403835263090 6 4098 636.6756 854.951 0.23333335 4.0 4.0 4.0 4.0 0.0 0.208 2 TOUCH_MOVE o
1403835263102 6 4098 635.2818 855.56006 0.26666668 4.0 4.0 4.0 4.0 0.0 0.224 2 TOUCH_MOVE o
1403835263119 6 4098 633.37054 856.51575 0.26666668 4.0 4.0 4.0 4.0 0.0 0.224 2 TOUCH_MOVE o
1403835263135 6 4098 631.9929 857.45807 0.3 5.0 5.0 5.0 5.0 0.0 0.224 2 TOUCH_MOVE o
1403835263153 6 4098 631.25 857.451 0.26666668 4.0 4.0 4.0 4.0 0.0 0.22800002 2 TOUCH_MOVE o
1403835263222 6 4098 631.25 857.451 0.26666668 4.0 4.0 4.0 4.0 0.0 0.22800002 1 TOUCH_UP o
1403835263562 6 4098 499.0 1140.4509 0.23333335 5.0 5.0 5.0 5.0 0.0 0.208 0 TOUCH_DOWN n
1403835263602 6 4098 499.0 1141.3599 0.3 5.0 5.0 5.0 5.0 0.0 0.22000001 2 TOUCH_MOVE n
1403835263619 6 4098 499.0 1141.8882 0.3 5.0 5.0 5.0 5.0 0.0 0.22000001 2 TOUCH_MOVE n
1403835263635 6 4098 499.75 1141.9509 0.3 5.0 5.0 5.0 5.0 0.0 0.22000001 2 TOUCH_MOVE n
1403835263709 6 4098 499.75 1141.9509 0.3 5.0 5.0 5.0 5.0 0.0 0.22000001 1 TOUCH_UP n
1403835263832 6 4098 369.0 974.951 0.23333335 4.0 4.0 4.0 4.0 0.0 0.18800001 0 TOUCH_DOWN g
1403835263853 6 4098 369.40918 974.951 0.23333335 4.0 4.0 4.0 4.0 0.0 0.192 2 TOUCH_MOVE g
1403835263869 6 4098 370.2697 975.7207 0.26666668 5.0 5.0 5.0 5.0 0.0 0.2 2 TOUCH_MOVE g
1403835263886 6 4098 371.24066 976.69165 0.26666668 5.0 5.0 5.0 5.0 0.0 0.20400001 2 TOUCH_MOVE g
1403835263907 6 4098 372.19717 977.451 0.26666668 5.0 5.0 5.0 5.0 0.0 0.20400001 2 TOUCH_MOVE g
1403835263919 6 4098 372.75 977.451 0.23333335 4.0 4.0 4.0 4.0 0.0 0.20400001 2 TOUCH_MOVE g
1403835263962 6 4098 372.5 979.0156 0.23333335 4.0 4.0 4.0 4.0 0.0 0.2 2 TOUCH_MOVE g
1403835263973 6 4098 372.0 979.951 0.23333335 4.0 4.0 4.0 4.0 0.0 0.18 2 TOUCH_MOVE g
1403835263978 6 4098 372.0 979.951 0.23333335 4.0 4.0 4.0 4.0 0.0 0.18 1 TOUCH_UP g
1403835264332 6 4098 256.5 1195.4509 0.20000002 4.0 4.0 4.0 4.0 0.0 0.18400002 0 TOUCH_DOWN Space
1403835264344 6 4098 256.5 1195.7842 0.20000002 4.0 4.0 4.0 4.0 0.0 0.18800001 2 TOUCH_MOVE Space
1403835264368 6 4098 256.5 1196.1813 0.20000002 4.0 4.0 4.0 4.0 0.0 0.192 2 TOUCH_MOVE Space
1403835264386 6 4098 257.11508 1196.566 0.20000002 4.0 4.0 4.0 4.0 0.0 0.192 2 TOUCH_MOVE Space
1403835264422 6 4098 257.64795 1196.4509 0.20000002 4.0 4.0 4.0 4.0 0.0 0.19600001 2 TOUCH_MOVE Space
1403835264457 6 4098 257.5 1195.9509 0.20000002 4.0 4.0 4.0 4.0 0.0 0.18400002 2 TOUCH_MOVE Space
1403835264460 6 4098 257.5 1195.9509 0.13333334 2.0 2.0 2.0 2.0 0.0 0.14 2 TOUCH_MOVE Space
1403835264463 6 4098 257.5 1195.9509 0.13333334 2.0 2.0 2.0 2.0 0.0 0.14 1 TOUCH_UP Space
1403835264808 6 4098 324.0 818.451 0.3 5.0 5.0 5.0 5.0 0.0 0.20400001 0 TOUCH_DOWN t
1403835264822 6 4098 324.0 818.451 0.3 5.0 5.0 5.0 5.0 0.0 0.208 2 TOUCH_MOVE t
1403835264857 6 4098 325.25 819.701 0.33333334 5.0 5.0 5.0 5.0 0.0 0.21200001 2 TOUCH_MOVE t
1403835264887 6 4098 328.8512 829.7069 0.3 5.0 5.0 5.0 5.0 0.0 0.208 2 TOUCH_MOVE t
1403835264904 6 4098 327.88535 833.6803 0.3 5.0 5.0 5.0 5.0 0.0 0.19600001 2 TOUCH_MOVE t
1403835264910 6 4098 327.5 834.451 0.23333335 4.0 4.0 4.0 4.0 0.0 0.18 2 TOUCH_MOVE t
1403835264914 6 4098 327.5 834.451 0.23333335 4.0 4.0 4.0 4.0 0.0 0.18 1 TOUCH_UP t
1403835266188 6 4098 68.0 957.451 0.16666667 3.0 3.0 3.0 3.0 0.0 0.172 0 TOUCH_DOWN a
1403835266208 6 4098 68.0 957.451 0.16666667 3.0 3.0 3.0 3.0 0.0 0.17600001 2 TOUCH_MOVE a
1403835266221 6 4098 68.556755 956.8942 0.16666667 3.0 3.0 3.0 3.0 0.0 0.18800001 2 TOUCH_MOVE a
1403835266238 6 4098 69.25 956.951 0.16666667 3.0 3.0 3.0 3.0 0.0 0.192 2 TOUCH_MOVE a
1403835266288 6 4098 69.0 957.96716 0.20000002 3.0 3.0 3.0 3.0 0.0 0.192 2 TOUCH_MOVE a
1403835266309 6 4098 68.0755 958.8755 0.20000002 3.0 3.0 3.0 3.0 0.0 0.192 2 TOUCH_MOVE a
1403835266321 6 4098 66.63076 960.82025 0.16666667 3.0 3.0 3.0 3.0 0.0 0.18400002 2 TOUCH_MOVE a
1403835266334 6 4098 66.5 960.951 0.16666667 3.0 3.0 3.0 3.0 0.0 0.120000005 2 TOUCH_MOVE a
1403835266337 6 4098 66.5 960.951 0.16666667 3.0 3.0 3.0 3.0 0.0 0.120000005 1 TOUCH_UP a
1403835266959 6 4098 695.0 1243.4509 0.10000001 2.0 2.0 2.0 2.0 0.0 0.17600001 0 TOUCH_DOWN Enter
1403835266972 6 4098 695.0 1243.4509 0.10000001 2.0 2.0 2.0 2.0 0.0 0.18 2 TOUCH_MOVE Enter
1403835266989 6 4098 692.62823 1241.4221 0.20000002 4.0 4.0 4.0 4.0 0.0 0.192 2 TOUCH_MOVE Enter
1403835267006 6 4098 689.0833 1238.8398 0.20000002 4.0 4.0 4.0 4.0 0.0 0.192 2 TOUCH_MOVE Enter
1403835267022 6 4098 686.9731 1237.6875 0.20000002 4.0 4.0 4.0 4.0 0.0 0.19600001 2 TOUCH_MOVE Enter
1403835267041 6 4098 685.77905 1236.9509 0.20000002 4.0 4.0 4.0 4.0 0.0 0.19600001 2 TOUCH_MOVE Enter
1403835267057 6 4098 685.25 1236.9509 0.20000002 4.0 4.0 4.0 4.0 0.0 0.19600001 2 TOUCH_MOVE Enter
1403835267090 6 4098 685.25 1236.9509 0.20000002 4.0 4.0 4.0 4.0 0.0 0.19600001 1 TOUCH_UP Enter
1403835267900 6 4098 409.0 876.951 0.23333335 4.0 4.0 4.0 4.0 0.0 0.2 0 TOUCH_DOWN Y
1403835267906 6 4098 409.0 876.951 0.26666668 4.0 4.0 4.0 4.0 0.0 0.20400001 2 TOUCH_MOVE Y
1403835267940 6 4098 408.425 875.876 0.26666668 4.0 4.0 4.0 4.0 0.0 0.21200001 2 TOUCH_MOVE Y
1403835267958 6 4098 408.0 875.07007 0.26666668 4.0 4.0 4.0 4.0 0.0 0.21200001 2 TOUCH_MOVE Y
1403835267973 6 4098 408.0 874.201 0.26666668 4.0 4.0 4.0 4.0 0.0 0.21200001 2 TOUCH_MOVE Y
1403835268046 6 4098 408.0 874.201 0.26666668 4.0 4.0 4.0 4.0 0.0 0.21200001 1 TOUCH_UP Y
1403835268307 6 4098 189.0 828.951 0.23333335 5.0 5.0 5.0 5.0 0.0 0.18800001 0 TOUCH_DOWN e
1403835268361 6 4098 191.29929 828.951 0.3 5.0 5.0 5.0 5.0 0.0 0.19600001 2 TOUCH_MOVE e
1403835268376 6 4098 193.0341 829.451 0.3 5.0 5.0 5.0 5.0 0.0 0.2 2 TOUCH_MOVE e
1403835268390 6 4098 193.99854 829.951 0.26666668 4.0 4.0 4.0 4.0 0.0 0.2 2 TOUCH_MOVE e
1403835268408 6 4098 194.75 829.951 0.26666668 4.0 4.0 4.0 4.0 0.0 0.2 2 TOUCH_MOVE e
1403835268423 6 4098 194.5 830.6583 0.26666668 4.0 4.0 4.0 4.0 0.0 0.2 2 TOUCH_MOVE e
1403835268458 6 4098 194.5 831.1041 0.23333335 4.0 4.0 4.0 4.0 0.0 0.19600001 2 TOUCH_MOVE e
1403835268473 6 4098 192.88887 832.25653 0.20000002 4.0 4.0 4.0 4.0 0.0 0.18400002 2 TOUCH_MOVE e
1403835268480 6 4098 192.5 832.451 0.20000002 4.0 4.0 4.0 4.0 0.0 0.16800001 2 TOUCH_MOVE e
1403835268483 6 4098 192.5 832.451 0.20000002 4.0 4.0 4.0 4.0 0.0 0.16800001 1 TOUCH_UP e
1403835268567 6 4098 477.5 853.451 0.16666667 3.0 3.0 3.0 3.0 0.0 0.19600001 0 TOUCH_DOWN u
1403835268620 6 4098 477.5 852.55707 0.23333335 4.0 4.0 4.0 4.0 0.0 0.208 2 TOUCH_MOVE u
1403835268625 6 4098 477.5 851.701 0.23333335 4.0 4.0 4.0 4.0 0.0 0.208 2 TOUCH_MOVE u
1403835268657 6 4098 477.14178 852.8092 0.23333335 4.0 4.0 4.0 4.0 0.0 0.216 2 TOUCH_MOVE u
1403835268674 6 4098 476.67865 853.77234 0.23333335 4.0 4.0 4.0 4.0 0.0 0.216 2 TOUCH_MOVE u
1403835268691 6 4098 476.0 854.68976 0.23333335 4.0 4.0 4.0 4.0 0.0 0.208 2 TOUCH_MOVE u
1403835268711 6 4098 476.0 855.451 0.16666667 3.0 3.0 3.0 3.0 0.0 0.192 2 TOUCH_MOVE u
1403835268714 6 4098 476.0 855.451 0.13333334 2.0 2.0 2.0 2.0 0.0 0.14 2 TOUCH_MOVE u
1403835268718 6 4098 476.0 855.451 0.13333334 2.0 2.0 2.0 2.0 0.0 0.14 1 TOUCH_UP u
1403835269102 6 4098 283.0 1240.4509 0.16666667 4.0 4.0 4.0 4.0 0.0 0.18 0 TOUCH_DOWN Space
1403835269107 6 4098 283.0 1240.4509 0.16666667 4.0 4.0 4.0 4.0 0.0 0.18400002 2 TOUCH_MOVE Space
1403835269141 6 4098 283.91754 1240.2422 0.16666667 4.0 4.0 4.0 4.0 0.0 0.192 2 TOUCH_MOVE Space
1403835269161 6 4098 285.3844 1239.5087 0.20000002 4.0 4.0 4.0 4.0 0.0 0.192 2 TOUCH_MOVE Space
1403835269174 6 4098 287.75937 1238.3213 0.20000002 4.0 4.0 4.0 4.0 0.0 0.19600001 2 TOUCH_MOVE Space
1403835269212 6 4098 289.938 1237.4509 0.20000002 4.0 4.0 4.0 4.0 0.0 0.19600001 2 TOUCH_MOVE Space
1403835269235 6 4098 290.75 1236.7009 0.20000002 4.0 4.0 4.0 4.0 0.0 0.19600001 2 TOUCH_MOVE Space
1403835269274 6 4098 289.5 1236.4509 0.20000002 4.0 4.0 4.0 4.0 0.0 0.18800001 2 TOUCH_MOVE Space
1403835269279 6 4098 289.5 1236.4509 0.16666667 4.0 4.0 4.0 4.0 0.0 0.156 2 TOUCH_MOVE Space
1403835269283 6 4098 289.5 1236.4509 0.16666667 4.0 4.0 4.0 4.0 0.0 0.156 1 TOUCH_UP Space
1403835269482 6 4098 515.5 1134.9509 0.23333335 4.0 4.0 4.0 4.0 0.0 0.20400001 0 TOUCH_DOWN n
1403835269491 6 4098 515.5 1134.9509 0.23333335 4.0 4.0 4.0 4.0 0.0 0.208 2 TOUCH_MOVE n
1403835269545 6 4098 513.25 1134.9509 0.26666668 4.0 4.0 4.0 4.0 0.0 0.22000001 2 TOUCH_MOVE n
1403835269575 6 4098 512.9661 1134.9509 0.26666668 4.0 4.0 4.0 4.0 0.0 0.216 2 TOUCH_MOVE n
1403835269591 6 4098 512.36365 1133.1782 0.26666668 4.0 4.0 4.0 4.0 0.0 0.21200001 2 TOUCH_MOVE n
1403835269608 6 4098 511.4229 1125.7572 0.3 5.0 5.0 5.0 5.0 0.0 0.2 2 TOUCH_MOVE n
1403835269618 6 4098 511.0 1121.9509 0.3 5.0 5.0 5.0 5.0 0.0 0.18400002 2 TOUCH_MOVE n
1403835269623 6 4098 511.0 1121.9509 0.3 5.0 5.0 5.0 5.0 0.0 0.18400002 1 TOUCH_UP n
1403835269853 6 4098 451.5 986.951 0.33333334 5.0 5.0 5.0 5.0 0.0 0.2 0 TOUCH_DOWN h
1403835269876 6 4098 451.02347 987.4275 0.3 5.0 5.0 5.0 5.0 0.0 0.2 2 TOUCH_MOVE h
1403835269892 6 4098 450.08243 988.3686 0.3 5.0 5.0 5.0 5.0 0.0 0.208 2 TOUCH_MOVE h
1403835269908 6 4098 449.14133 989.3097 0.33333334 5.0 5.0 5.0 5.0 0.0 0.208 2 TOUCH_MOVE h
1403835269925 6 4098 449.0 990.201 0.33333334 5.0 5.0 5.0 5.0 0.0 0.21200001 2 TOUCH_MOVE h
1403835269975 6 4098 449.0 990.4833 0.33333334 5.0 5.0 5.0 5.0 0.0 0.21200001 2 TOUCH_MOVE h
1403835270010 6 4098 449.0 990.4833 0.33333334 5.0 5.0 5.0 5.0 0.0 0.21200001 1 TOUCH_UP h
1403835270129 6 4098 65.5 975.451 0.16666667 3.0 3.0 3.0 3.0 0.0 0.136 0 TOUCH_DOWN a
1403835270175 6 4098 65.5 975.451 0.20000002 3.0 3.0 3.0 3.0 0.0 0.18400002 2 TOUCH_MOVE a
1403835270242 6 4098 65.5 975.9592 0.20000002 3.0 3.0 3.0 3.0 0.0 0.18800001 2 TOUCH_MOVE a
1403835270275 6 4098 66.154015 975.951 0.20000002 3.0 3.0 3.0 3.0 0.0 0.18800001 2 TOUCH_MOVE a
1403835270292 6 4098 66.5 976.4158 0.16666667 3.0 3.0 3.0 3.0 0.0 0.18400002 2 TOUCH_MOVE a
1403835270310 6 4098 68.33807 976.951 0.13333334 2.0 2.0 2.0 2.0 0.0 0.172 2 TOUCH_MOVE a
1403835270313 6 4098 68.5 976.951 0.13333334 2.0 2.0 2.0 2.0 0.0 0.15200001 2 TOUCH_MOVE a
1403835270317 6 4098 68.5 976.951 0.13333334 2.0 2.0 2.0 2.0 0.0 0.15200001 1 TOUCH_UP a
1403835270614 6 4098 453.5 863.451 0.23333335 4.0 4.0 4.0 4.0 0.0 0.20400001 0 TOUCH_DOWN u
1403835270625 6 4098 453.5 863.451 0.23333335 4.0 4.0 4.0 4.0 0.0 0.208 2 TOUCH_MOVE u
1403835270661 6 4098 454.58624 864.03723 0.26666668 4.0 4.0 4.0 4.0 0.0 0.22000001 2 TOUCH_MOVE u
1403835270676 6 4098 456.55865 864.451 0.3 5.0 5.0 5.0 5.0 0.0 0.224 2 TOUCH_MOVE u
1403835270693 6 4098 458.0056 864.451 0.3 5.0 5.0 5.0 5.0 0.0 0.224 2 TOUCH_MOVE u
1403835270709 6 4098 458.96512 864.451 0.3 5.0 5.0 5.0 5.0 0.0 0.22000001 2 TOUCH_MOVE u
1403835270726 6 4098 459.5 865.37915 0.26666668 4.0 4.0 4.0 4.0 0.0 0.22000001 2 TOUCH_MOVE u
1403835270744 6 4098 459.5 866.3327 0.26666668 4.0 4.0 4.0 4.0 0.0 0.20400001 2 TOUCH_MOVE u
1403835270756 6 4098 459.5 866.451 0.16666667 3.0 3.0 3.0 3.0 0.0 0.108 2 TOUCH_MOVE u
1403835270759 6 4098 459.5 866.451 0.16666667 3.0 3.0 3.0 3.0 0.0 0.108 1 TOUCH_UP u
1403835271094 6 4098 280.5 1232.4509 0.20000002 4.0 4.0 4.0 4.0 0.0 0.18400002 0 TOUCH_DOWN Space
1403835271118 6 4098 280.5 1232.4509 0.23333335 4.0 4.0 4.0 4.0 0.0 0.192 2 TOUCH_MOVE Space
1403835271159 6 4098 280.5 1231.0594 0.23333335 4.0 4.0 4.0 4.0 0.0 0.19600001 2 TOUCH_MOVE Space
1403835271176 6 4098 280.5 1230.5231 0.23333335 4.0 4.0 4.0 4.0 0.0 0.2 2 TOUCH_MOVE Space
1403835271193 6 4098 280.5 1230.2197 0.23333335 4.0 4.0 4.0 4.0 0.0 0.2 2 TOUCH_MOVE Space
1403835271211 6 4098 280.5 1229.851 0.23333335 4.0 4.0 4.0 4.0 0.0 0.2 2 TOUCH_MOVE Space
1403835271228 6 4098 279.53387 1228.2517 0.23333335 4.0 4.0 4.0 4.0 0.0 0.19600001 2 TOUCH_MOVE Space
1403835271244 6 4098 277.5 1224.4509 0.26666668 5.0 5.0 5.0 5.0 0.0 0.18 2 TOUCH_MOVE Space
1403835271251 6 4098 277.5 1224.4509 0.26666668 5.0 5.0 5.0 5.0 0.0 0.18 1 TOUCH_UP Space
1403835271512 6 4098 219.0 972.951 0.20000002 4.0 4.0 4.0 4.0 0.0 0.18400002 0 TOUCH_DOWN d
1403835271530 6 4098 219.2589 972.951 0.20000002 4.0 4.0 4.0 4.0 0.0 0.18800001 2 TOUCH_MOVE d
1403835271552 6 4098 220.46161 972.951 0.20000002 4.0 4.0 4.0 4.0 0.0 0.192 2 TOUCH_MOVE d
1403835271560 6 4098 222.81665 972.951 0.20000002 4.0 4.0 4.0 4.0 0.0 0.19600001 2 TOUCH_MOVE d
1403835271576 6 4098 224.7971 972.951 0.20000002 4.0 4.0 4.0 4.0 0.0 0.2 2 TOUCH_MOVE d
1403835271593 6 4098 225.85011 972.951 0.20000002 4.0 4.0 4.0 4.0 0.0 0.2 2 TOUCH_MOVE d
1403835271612 6 4098 226.25 972.951 0.20000002 4.0 4.0 4.0 4.0 0.0 0.2 2 TOUCH_MOVE d
1403835271660 6 4098 225.11806 972.951 0.20000002 4.0 4.0 4.0 4.0 0.0 0.192 2 TOUCH_MOVE d
1403835271676 6 4098 222.53075 972.951 0.23333335 5.0 5.0 5.0 5.0 0.0 0.17600001 2 TOUCH_MOVE d
1403835271680 6 4098 222.53075 972.951 0.23333335 5.0 5.0 5.0 5.0 0.0 0.17600001 1 TOUCH_UP d
1403835271809 6 4098 472.0 869.951 0.26666668 4.0 4.0 4.0 4.0 0.0 0.21200001 0 TOUCH_DOWN u
1403835271943 6 4098 472.0 869.951 0.26666668 4.0 4.0 4.0 4.0 0.0 0.21200001 1 TOUCH_UP u
1403835272123 6 4098 268.0 1248.4509 0.20000002 5.0 5.0 5.0 5.0 0.0 0.17600001 0 TOUCH_DOWN Space
1403835272128 6 4098 268.0 1248.4509 0.20000002 5.0 5.0 5.0 5.0 0.0 0.18 2 TOUCH_MOVE Space
1403835272160 6 4098 269.00555 1247.9453 0.20000002 5.0 5.0 5.0 5.0 0.0 0.18800001 2 TOUCH_MOVE Space
1403835272177 6 4098 269.96875 1246.9822 0.20000002 5.0 5.0 5.0 5.0 0.0 0.18800001 2 TOUCH_MOVE Space
1403835272196 6 4098 270.83176 1246.1191 0.20000002 5.0 5.0 5.0 5.0 0.0 0.18800001 2 TOUCH_MOVE Space
1403835272211 6 4098 271.8857 1244.5652 0.20000002 5.0 5.0 5.0 5.0 0.0 0.18800001 2 TOUCH_MOVE Space
1403835272227 6 4098 272.0 1243.6013 0.20000002 5.0 5.0 5.0 5.0 0.0 0.18800001 2 TOUCH_MOVE Space
1403835272244 6 4098 272.0 1243.2009 0.20000002 5.0 5.0 5.0 5.0 0.0 0.18800001 2 TOUCH_MOVE Space
1403835272295 6 4098 270.61905 1241.57 0.20000002 5.0 5.0 5.0 5.0 0.0 0.18400002 2 TOUCH_MOVE Space
1403835272307 6 4098 270.0 1240.9509 0.16666667 4.0 4.0 4.0 4.0 0.0 0.172 2 TOUCH_MOVE Space
1403835272310 6 4098 270.0 1240.9509 0.16666667 4.0 4.0 4.0 4.0 0.0 0.172 1 TOUCH_UP Space
1403835272920 6 4098 578.5 1143.9509 0.23333335 4.0 4.0 4.0 4.0 0.0 0.20400001 0 TOUCH_DOWN m
1403835272928 6 4098 578.5 1143.9509 0.23333335 4.0 4.0 4.0 4.0 0.0 0.208 2 TOUCH_MOVE m
1403835272944 6 4098 578.5 1144.5175 0.26666668 4.0 4.0 4.0 4.0 0.0 0.216 2 TOUCH_MOVE m
1403835272961 6 4098 577.40466 1146.1416 0.26666668 4.0 4.0 4.0 4.0 0.0 0.216 2 TOUCH_MOVE m
1403835272982 6 4098 576.44885 1147.0532 0.26666668 4.0 4.0 4.0 4.0 0.0 0.224 2 TOUCH_MOVE m
1403835272996 6 4098 576.0 1148.4658 0.26666668 4.0 4.0 4.0 4.0 0.0 0.224 2 TOUCH_MOVE m
1403835273011 6 4098 576.0 1149.4231 0.26666668 4.0 4.0 4.0 4.0 0.0 0.22000001 2 TOUCH_MOVE m
1403835273028 6 4098 576.0 1150.2009 0.26666668 4.0 4.0 4.0 4.0 0.0 0.216 2 TOUCH_MOVE m
1403835273060 6 4098 576.0 1150.2009 0.26666668 4.0 4.0 4.0 4.0 0.0 0.216 1 TOUCH_UP m
1403835273243 6 4098 43.5 973.451 0.16666667 3.0 3.0 3.0 3.0 0.0 0.172 0 TOUCH_DOWN a
1403835273273 6 4098 43.938957 973.451 0.16666667 3.0 3.0 3.0 3.0 0.0 0.17600001 2 TOUCH_MOVE a
1403835273278 6 4098 46.020065 973.11096 0.16666667 3.0 3.0 3.0 3.0 0.0 0.18 2 TOUCH_MOVE a
1403835273295 6 4098 48.604866 972.451 0.16666667 3.0 3.0 3.0 3.0 0.0 0.18400002 2 TOUCH_MOVE a
1403835273311 6 4098 50.512814 972.1946 0.16666667 3.0 3.0 3.0 3.0 0.0 0.18400002 2 TOUCH_MOVE a
1403835273328 6 4098 51.720158 971.951 0.16666667 3.0 3.0 3.0 3.0 0.0 0.18400002 2 TOUCH_MOVE a
1403835273345 6 4098 52.25 971.951 0.16666667 3.0 3.0 3.0 3.0 0.0 0.18800001 2 TOUCH_MOVE a
1403835273364 6 4098 52.0 971.4054 0.16666667 3.0 3.0 3.0 3.0 0.0 0.18400002 2 TOUCH_MOVE a
1403835273378 6 4098 51.45159 970.9026 0.16666667 3.0 3.0 3.0 3.0 0.0 0.18 2 TOUCH_MOVE a
1403835273395 6 4098 50.432426 969.8834 0.16666667 3.0 3.0 3.0 3.0 0.0 0.17600001 2 TOUCH_MOVE a
1403835273411 6 4098 50.0 969.451 0.16666667 3.0 3.0 3.0 3.0 0.0 0.124000005 2 TOUCH_MOVE a
1403835273416 6 4098 50.0 969.451 0.16666667 3.0 3.0 3.0 3.0 0.0 0.124000005 1 TOUCH_UP a
1403835273758 6 4098 405.0 871.451 0.23333335 4.0 4.0 4.0 4.0 0.0 0.2 0 TOUCH_DOWN y
1403835273778 6 4098 405.0 871.451 0.26666668 4.0 4.0 4.0 4.0 0.0 0.2 2 TOUCH_MOVE y
1403835273829 6 4098 405.0 872.47797 0.26666668 4.0 4.0 4.0 4.0 0.0 0.20400001 2 TOUCH_MOVE y
1403835273848 6 4098 405.0 874.1816 0.3 5.0 5.0 5.0 5.0 0.0 0.20400001 2 TOUCH_MOVE y
1403835273862 6 4098 405.0 875.451 0.26666668 5.0 5.0 5.0 5.0 0.0 0.18800001 2 TOUCH_MOVE y
1403835273868 6 4098 405.0 875.451 0.23333335 5.0 5.0 5.0 5.0 0.0 0.16000001 2 TOUCH_MOVE y
1403835273871 6 4098 405.0 875.451 0.23333335 5.0 5.0 5.0 5.0 0.0 0.16000001 1 TOUCH_UP y
1403835274208 6 4098 272.5 1228.9509 0.20000002 5.0 5.0 5.0 5.0 0.0 0.18 0 TOUCH_DOWN Space
1403835274346 6 4098 270.62982 1228.6609 0.26666668 5.0 5.0 5.0 5.0 0.0 0.2 2 TOUCH_MOVE Space
1403835274362 6 4098 266.356 1225.8069 0.23333335 4.0 4.0 4.0 4.0 0.0 0.192 2 TOUCH_MOVE Space
1403835274370 6 4098 264.5 1223.9509 0.23333335 4.0 4.0 4.0 4.0 0.0 0.17600001 2 TOUCH_MOVE Space
1403835274373 6 4098 264.5 1223.9509 0.23333335 4.0 4.0 4.0 4.0 0.0 0.17600001 1 TOUCH_UP Space
1403835274597 6 4098 256.5 1112.9509 0.3 5.0 5.0 5.0 5.0 0.0 0.192 0 TOUCH_DOWN c
1403835274621 6 4098 257.1518 1112.9509 0.3 5.0 5.0 5.0 5.0 0.0 0.2 2 TOUCH_MOVE c
1403835274629 6 4098 259.33365 1112.9509 0.33333334 5.0 5.0 5.0 5.0 0.0 0.20400001 2 TOUCH_MOVE c
1403835274646 6 4098 262.1147 1112.9509 0.33333334 5.0 5.0 5.0 5.0 0.0 0.208 2 TOUCH_MOVE c
1403835274662 6 4098 263.5299 1112.9509 0.33333334 5.0 5.0 5.0 5.0 0.0 0.208 2 TOUCH_MOVE c
1403835274679 6 4098 264.25 1113.7009 0.33333334 5.0 5.0 5.0 5.0 0.0 0.208 2 TOUCH_MOVE c
1403835274713 6 4098 263.59805 1114.8529 0.33333334 5.0 5.0 5.0 5.0 0.0 0.208 2 TOUCH_MOVE c
1403835274729 6 4098 258.01144 1114.2037 0.3 5.0 5.0 5.0 5.0 0.0 0.2 2 TOUCH_MOVE c
1403835274746 6 4098 251.0 1111.9509 0.20000002 4.0 4.0 4.0 4.0 0.0 0.18800001 2 TOUCH_MOVE c
1403835274752 6 4098 251.0 1111.9509 0.16666667 3.0 3.0 3.0 3.0 0.0 0.128 2 TOUCH_MOVE c
1403835274755 6 4098 251.0 1111.9509 0.16666667 3.0 3.0 3.0 3.0 0.0 0.128 1 TOUCH_UP c
1403835274977 6 4098 47.5 974.451 0.16666667 3.0 3.0 3.0 3.0 0.0 0.18 0 TOUCH_DOWN a
1403835275000 6 4098 47.869873 974.451 0.16666667 3.0 3.0 3.0 3.0 0.0 0.17600001 2 TOUCH_MOVE a
1403835275013 6 4098 49.392223 974.451 0.16666667 3.0 3.0 3.0 3.0 0.0 0.18400002 2 TOUCH_MOVE a
1403835275030 6 4098 52.53084 973.951 0.16666667 3.0 3.0 3.0 3.0 0.0 0.18800001 2 TOUCH_MOVE a
1403835275060 6 4098 54.69165 973.951 0.16666667 3.0 3.0 3.0 3.0 0.0 0.18800001 2 TOUCH_MOVE a
1403835275085 6 4098 57.00194 973.951 0.16666667 3.0 3.0 3.0 3.0 0.0 0.192 2 TOUCH_MOVE a
1403835275167 6 4098 57.00194 973.951 0.16666667 3.0 3.0 3.0 3.0 0.0 0.192 1 TOUCH_UP a
1403835275403 6 4098 271.0 1113.4509 0.33333334 5.0 5.0 5.0 5.0 0.0 0.19600001 0 TOUCH_DOWN c
1403835275413 6 4098 271.3699 1113.4509 0.33333334 5.0 5.0 5.0 5.0 0.0 0.2 2 TOUCH_MOVE c
1403835275433 6 4098 272.38577 1113.4509 0.3 5.0 5.0 5.0 5.0 0.0 0.208 2 TOUCH_MOVE c
1403835275447 6 4098 273.66638 1113.4509 0.3 5.0 5.0 5.0 5.0 0.0 0.21200001 2 TOUCH_MOVE c
1403835275463 6 4098 274.5432 1113.4509 0.3 5.0 5.0 5.0 5.0 0.0 0.21200001 2 TOUCH_MOVE c
1403835275480 6 4098 275.58453 1113.4509 0.3 5.0 5.0 5.0 5.0 0.0 0.21200001 2 TOUCH_MOVE c
1403835275560 6 4098 274.0 1113.9509 0.33333334 5.0 5.0 5.0 5.0 0.0 0.18 2 TOUCH_MOVE c
1403835275563 6 4098 274.0 1113.9509 0.33333334 5.0 5.0 5.0 5.0 0.0 0.18 1 TOUCH_UP c
1403835275707 6 4098 438.5 998.951 0.33333334 5.0 5.0 5.0 5.0 0.0 0.208 0 TOUCH_DOWN h
1403835275713 6 4098 438.5 998.951 0.3 5.0 5.0 5.0 5.0 0.0 0.208 2 TOUCH_MOVE h
1403835275834 6 4098 438.5 998.951 0.3 5.0 5.0 5.0 5.0 0.0 0.208 1 TOUCH_UP h
1403835275986 6 4098 241.5 1269.5 0.10000001 2.0 2.0 2.0 2.0 0.0 0.16000001 0 TOUCH_DOWN Space
1403835276030 6 4098 240.7532 1263.0193 0.16666667 4.0 4.0 4.0 4.0 0.0 0.18400002 2 TOUCH_MOVE Space
1403835276047 6 4098 240.5 1257.5795 0.16666667 4.0 4.0 4.0 4.0 0.0 0.18400002 2 TOUCH_MOVE Space
1403835276064 6 4098 240.5 1255.1348 0.16666667 4.0 4.0 4.0 4.0 0.0 0.18400002 2 TOUCH_MOVE Space
1403835276082 6 4098 240.5 1253.8049 0.16666667 4.0 4.0 4.0 4.0 0.0 0.18400002 2 TOUCH_MOVE Space
1403835276097 6 4098 240.5 1252.8599 0.16666667 4.0 4.0 4.0 4.0 0.0 0.18400002 2 TOUCH_MOVE Space
1403835276114 6 4098 240.5 1252.2009 0.16666667 4.0 4.0 4.0 4.0 0.0 0.18400002 2 TOUCH_MOVE Space
1403835276131 6 4098 239.99408 1251.9451 0.16666667 4.0 4.0 4.0 4.0 0.0 0.18800001 2 TOUCH_MOVE Space
1403835276147 6 4098 237.03398 1249.4849 0.16666667 4.0 4.0 4.0 4.0 0.0 0.18400002 2 TOUCH_MOVE Space
1403835276159 6 4098 233.5 1245.9509 0.16666667 4.0 4.0 4.0 4.0 0.0 0.18 2 TOUCH_MOVE Space
1403835276164 6 4098 233.5 1245.9509 0.16666667 4.0 4.0 4.0 4.0 0.0 0.18 1 TOUCH_UP Space
1403835276528 6 4098 195.5 1115.4509 0.23333335 4.0 4.0 4.0 4.0 0.0 0.18400002 0 TOUCH_DOWN x
1403835276532 6 4098 195.5 1115.4509 0.23333335 4.0 4.0 4.0 4.0 0.0 0.18800001 2 TOUCH_MOVE x
1403835276566 6 4098 200.39305 1116.4509 0.26666668 4.0 4.0 4.0 4.0 0.0 0.2 2 TOUCH_MOVE x
1403835276581 6 4098 203.40552 1116.9509 0.3 5.0 5.0 5.0 5.0 0.0 0.2 2 TOUCH_MOVE x
1403835276598 6 4098 204.91405 1116.9509 0.3 5.0 5.0 5.0 5.0 0.0 0.20400001 2 TOUCH_MOVE x
1403835276615 6 4098 205.25 1116.9509 0.3 5.0 5.0 5.0 5.0 0.0 0.208 2 TOUCH_MOVE x
1403835276665 6 4098 199.33418 1113.8959 0.3 5.0 5.0 5.0 5.0 0.0 0.19600001 2 TOUCH_MOVE x
1403835276680 6 4098 196.0 1111.9509 0.20000002 3.0 3.0 3.0 3.0 0.0 0.124000005 2 TOUCH_MOVE x
1403835276685 6 4098 196.0 1111.9509 0.20000002 3.0 3.0 3.0 3.0 0.0 0.124000005 1 TOUCH_UP x
1403835277681 6 4098 53.5 969.451 0.16666667 3.0 3.0 3.0 3.0 0.0 0.17600001 0 TOUCH_DOWN a
1403835277699 6 4098 53.5 969.451 0.16666667 3.0 3.0 3.0 3.0 0.0 0.18 2 TOUCH_MOVE a
1403835277715 6 4098 54.23067 969.451 0.16666667 3.0 3.0 3.0 3.0 0.0 0.18800001 2 TOUCH_MOVE a
1403835277733 6 4098 55.192215 968.7588 0.16666667 3.0 3.0 3.0 3.0 0.0 0.192 2 TOUCH_MOVE a
1403835277753 6 4098 56.169533 968.451 0.16666667 3.0 3.0 3.0 3.0 0.0 0.192 2 TOUCH_MOVE a
1403835277765 6 4098 56.75 968.451 0.16666667 3.0 3.0 3.0 3.0 0.0 0.192 2 TOUCH_MOVE a
1403835277819 6 4098 56.0 968.951 0.16666667 3.0 3.0 3.0 3.0 0.0 0.17600001 2 TOUCH_MOVE a
1403835277822 6 4098 56.0 968.951 0.16666667 3.0 3.0 3.0 3.0 0.0 0.17600001 1 TOUCH_UP a
1403835278210 6 4098 251.5 1240.9509 0.13333334 3.0 3.0 3.0 3.0 0.0 0.18400002 0 TOUCH_DOWN Space
1403835278217 6 4098 251.5 1240.9509 0.20000002 4.0 4.0 4.0 4.0 0.0 0.192 2 TOUCH_MOVE Space
1403835278249 6 4098 251.5 1239.0322 0.20000002 4.0 4.0 4.0 4.0 0.0 0.19600001 2 TOUCH_MOVE Space
1403835278266 6 4098 252.0 1237.085 0.20000002 4.0 4.0 4.0 4.0 0.0 0.19600001 2 TOUCH_MOVE Space
1403835278283 6 4098 252.0 1236.0667 0.20000002 4.0 4.0 4.0 4.0 0.0 0.2 2 TOUCH_MOVE Space
1403835278300 6 4098 252.0 1235.0967 0.20000002 4.0 4.0 4.0 4.0 0.0 0.2 2 TOUCH_MOVE Space
1403835278318 6 4098 251.59708 1234.548 0.20000002 4.0 4.0 4.0 4.0 0.0 0.2 2 TOUCH_MOVE Space
1403835278333 6 4098 249.95166 1233.4026 0.23333335 4.0 4.0 4.0 4.0 0.0 0.192 2 TOUCH_MOVE Space
1403835278350 6 4098 247.0 1231.4509 0.16666667 3.0 3.0 3.0 3.0 0.0 0.18 2 TOUCH_MOVE Space
1403835278353 6 4098 247.0 1231.4509 0.16666667 3.0 3.0 3.0 3.0 0.0 0.18 1 TOUCH_UP Space
1403835278639 6 4098 269.0 1104.9509 0.3 5.0 5.0 5.0 5.0 0.0 0.19600001 0 TOUCH_DOWN c
1403835278702 6 4098 270.39642 1105.8473 0.3 5.0 5.0 5.0 5.0 0.0 0.21200001 2 TOUCH_MOVE c
1403835278717 6 4098 271.3519 1106.8029 0.33333334 5.0 5.0 5.0 5.0 0.0 0.21200001 2 TOUCH_MOVE c
1403835278733 6 4098 272.0 1107.7664 0.33333334 5.0 5.0 5.0 5.0 0.0 0.21200001 2 TOUCH_MOVE c
1403835278750 6 4098 272.0 1108.2009 0.33333334 5.0 5.0 5.0 5.0 0.0 0.216 2 TOUCH_MOVE c
1403835278766 6 4098 272.0 1108.5281 0.33333334 5.0 5.0 5.0 5.0 0.0 0.21200001 2 TOUCH_MOVE c
1403835278814 6 4098 272.0 1108.5281 0.33333334 5.0 5.0 5.0 5.0 0.0 0.21200001 1 TOUCH_UP c
1403835278967 6 4098 480.0 860.451 0.23333335 4.0 4.0 4.0 4.0 0.0 0.21200001 0 TOUCH_DOWN u
1403835279004 6 4098 478.82928 859.2803 0.26666668 4.0 4.0 4.0 4.0 0.0 0.224 2 TOUCH_MOVE u
1403835279017 6 4098 477.879 857.709 0.26666668 4.0 4.0 4.0 4.0 0.0 0.22000001 2 TOUCH_MOVE u
1403835279033 6 4098 476.90497 856.85596 0.26666668 4.0 4.0 4.0 4.0 0.0 0.22000001 2 TOUCH_MOVE u
1403835279050 6 4098 476.25 856.951 0.26666668 4.0 4.0 4.0 4.0 0.0 0.22000001 2 TOUCH_MOVE u
1403835279083 6 4098 477.5 857.451 0.23333335 4.0 4.0 4.0 4.0 0.0 0.20400001 2 TOUCH_MOVE u
1403835279087 6 4098 477.5 857.451 0.20000002 4.0 4.0 4.0 4.0 0.0 0.18 2 TOUCH_MOVE u
1403835279090 6 4098 477.5 857.451 0.20000002 4.0 4.0 4.0 4.0 0.0 0.18 1 TOUCH_UP u
1403835279409 6 4098 496.5 1126.9509 0.3 5.0 5.0 5.0 5.0 0.0 0.208 0 TOUCH_DOWN n
1403835279486 6 4098 496.5 1126.9509 0.3 5.0 5.0 5.0 5.0 0.0 0.22000001 2 TOUCH_MOVE n
1403835279504 6 4098 497.23618 1126.9509 0.3 5.0 5.0 5.0 5.0 0.0 0.216 2 TOUCH_MOVE n
1403835279528 6 4098 497.23618 1126.9509 0.3 5.0 5.0 5.0 5.0 0.0 0.216 1 TOUCH_UP n
1403835279703 6 4098 368.0 981.951 0.23333335 4.0 4.0 4.0 4.0 0.0 0.19600001 0 TOUCH_DOWN g
1403835279717 6 4098 368.0 981.951 0.23333335 4.0 4.0 4.0 4.0 0.0 0.2 2 TOUCH_MOVE g
1403835279735 6 4098 368.9074 981.951 0.23333335 4.0 4.0 4.0 4.0 0.0 0.20400001 2 TOUCH_MOVE g
1403835279752 6 4098 369.75 981.951 0.23333335 4.0 4.0 4.0 4.0 0.0 0.208 2 TOUCH_MOVE g
1403835279817 6 4098 368.1427 982.87964 0.26666668 4.0 4.0 4.0 4.0 0.0 0.2 2 TOUCH_MOVE g
1403835279834 6 4098 363.0 984.951 0.20000002 4.0 4.0 4.0 4.0 0.0 0.172 2 TOUCH_MOVE g
1403835279837 6 4098 363.0 984.951 0.20000002 4.0 4.0 4.0 4.0 0.0 0.172 1 TOUCH_UP g
1403835280059 6 4098 277.0 1228.4509 0.26666668 5.0 5.0 5.0 5.0 0.0 0.18400002 0 TOUCH_DOWN Space
1403835280068 6 4098 277.0 1228.4509 0.26666668 5.0 5.0 5.0 5.0 0.0 0.18800001 2 TOUCH_MOVE Space
1403835280134 6 4098 277.0 1226.9963 0.23333335 4.0 4.0 4.0 4.0 0.0 0.2 2 TOUCH_MOVE Space
1403835280153 6 4098 277.0 1226.4856 0.26666668 5.0 5.0 5.0 5.0 0.0 0.2 2 TOUCH_MOVE Space
1403835280169 6 4098 277.0 1226.2164 0.26666668 5.0 5.0 5.0 5.0 0.0 0.20400001 2 TOUCH_MOVE Space
1403835280218 6 4098 276.73032 1222.5631 0.26666668 5.0 5.0 5.0 5.0 0.0 0.2 2 TOUCH_MOVE Space
1403835280233 6 4098 276.0 1215.4509 0.26666668 5.0 5.0 5.0 5.0 0.0 0.18400002 2 TOUCH_MOVE Space
1403835280237 6 4098 276.0 1215.4509 0.26666668 5.0 5.0 5.0 5.0 0.0 0.18400002 1 TOUCH_UP Space
1403835280574 6 4098 318.5 821.951 0.26666668 4.0 4.0 4.0 4.0 0.0 0.192 0 TOUCH_DOWN t
1403835280585 6 4098 318.5 821.951 0.26666668 4.0 4.0 4.0 4.0 0.0 0.2 2 TOUCH_MOVE t
1403835280635 6 4098 319.04565 821.951 0.3 5.0 5.0 5.0 5.0 0.0 0.208 2 TOUCH_MOVE t
1403835280656 6 4098 319.62582 821.951 0.3 5.0 5.0 5.0 5.0 0.0 0.208 2 TOUCH_MOVE t
1403835280726 6 4098 319.62582 821.951 0.3 5.0 5.0 5.0 5.0 0.0 0.208 1 TOUCH_UP t
1403835280879 6 4098 541.5 865.951 0.23333335 4.0 4.0 4.0 4.0 0.0 0.208 0 TOUCH_DOWN i
1403835280887 6 4098 541.5 865.951 0.23333335 4.0 4.0 4.0 4.0 0.0 0.21200001 2 TOUCH_MOVE i
1403835280981 6 4098 541.5 865.951 0.23333335 4.0 4.0 4.0 4.0 0.0 0.16800001 2 TOUCH_MOVE i
1403835280984 6 4098 541.5 865.951 0.23333335 4.0 4.0 4.0 4.0 0.0 0.16800001 1 TOUCH_UP i
1403835281321 6 4098 568.5 1131.9509 0.23333335 4.0 4.0 4.0 4.0 0.0 0.20400001 0 TOUCH_DOWN m
1403835281339 6 4098 567.90283 1131.6523 0.26666668 5.0 5.0 5.0 5.0 0.0 0.208 2 TOUCH_MOVE m
1403835281358 6 4098 566.3947 1130.8983 0.3 5.0 5.0 5.0 5.0 0.0 0.216 2 TOUCH_MOVE m
1403835281369 6 4098 564.45685 1129.9293 0.3 5.0 5.0 5.0 5.0 0.0 0.21200001 2 TOUCH_MOVE m
1403835281401 6 4098 564.0 1129.4509 0.26666668 4.0 4.0 4.0 4.0 0.0 0.18800001 2 TOUCH_MOVE m
1403835281408 6 4098 564.0 1129.4509 0.26666668 4.0 4.0 4.0 4.0 0.0 0.18800001 1 TOUCH_UP m
