1403834798908 6 4098 333.0 855.951 0.23333335 5.0 5.0 5.0 5.0 0.0 0.192 0 TOUCH_DOWN T
1403834799027 6 4098 333.0 855.951 0.23333335 5.0 5.0 5.0 5.0 0.0 0.192 1 TOUCH_UP T
1403834799280 6 4098 606.5 871.951 0.26666668 4.0 4.0 4.0 4.0 0.0 0.2 0 TOUCH_DOWN o
1403834799324 6 4098 606.5 872.1497 0.26666668 4.0 4.0 4.0 4.0 0.0 0.208 2 TOUCH_MOVE o
1403834799335 6 4098 606.5 872.80994 0.3 5.0 5.0 5.0 5.0 0.0 0.208 2 TOUCH_MOVE o
1403834799352 6 4098 606.5 873.76965 0.3 5.0 5.0 5.0 5.0 0.0 0.208 2 TOUCH_MOVE o
1403834799371 6 4098 606.5 874.201 0.3 5.0 5.0 5.0 5.0 0.0 0.21200001 2 TOUCH_MOVE o
1403834799394 6 4098 606.5 874.201 0.3 5.0 5.0 5.0 5.0 0.0 0.21200001 1 TOUCH_UP o
1403834799612 6 4098 539.5 881.451 0.3 5.0 5.0 5.0 5.0 0.0 0.20400001 0 TOUCH_DOWN i
1403834799655 6 4098 539.5 881.7567 0.3 5.0 5.0 5.0 5.0 0.0 0.208 2 TOUCH_MOVE i
1403834799668 6 4098 539.5 882.5302 0.3 5.0 5.0 5.0 5.0 0.0 0.208 2 TOUCH_MOVE i
1403834799685 6 4098 539.5 883.4917 0.3 5.0 5.0 5.0 5.0 0.0 0.19600001 2 TOUCH_MOVE i
1403834799700 6 4098 539.5 883.4917 0.3 5.0 5.0 5.0 5.0 0.0 0.19600001 1 TOUCH_UP i
1403834800264 6 4098 250.5 1240.4509 0.10000001 2.0 2.0 2.0 2.0 0.0 0.17600001 0 TOUCH_DOWN Space
1403834800275 6 4098 250.5 1239.798 0.20000002 4.0 4.0 4.0 4.0 0.0 0.18800001 2 TOUCH_MOVE Space
1403834800286 6 4098 251.11047 1238.23 0.20000002 4.0 4.0 4.0 4.0 0.0 0.192 2 TOUCH_MOVE Space
1403834800302 6 4098 251.0 1237.4199 0.20000002 4.0 4.0 4.0 4.0 0.0 0.192 2 TOUCH_MOVE Space
1403834800319 6 4098 251.0 1236.4131 0.20000002 4.0 4.0 4.0 4.0 0.0 0.192 2 TOUCH_MOVE Space
1403834800336 6 4098 251.0 1235.7009 0.20000002 4.0 4.0 4.0 4.0 0.0 0.192 2 TOUCH_MOVE Space
1403834800365 6 4098 251.0 1234.4509 0.16666667 3.0 3.0 3.0 3.0 0.0 0.16000001 2 TOUCH_MOVE Space
1403834800369 6 4098 251.0 1234.4509 0.16666667 3.0 3.0 3.0 3.0 0.0 0.16000001 1 TOUCH_UP Space
1403834800914 6 4098 391.5 873.951 0.3 5.0 5.0 5.0 5.0 0.0 0.20400001 0 TOUCH_DOWN y
1403834800922 6 4098 391.5 873.951 0.3 5.0 5.0 5.0 5.0 0.0 0.208 2 TOUCH_MOVE y
1403834800986 6 4098 391.5 875.201 0.3 5.0 5.0 5.0 5.0 0.0 0.192 2 TOUCH_MOVE y
1403834800992 6 4098 391.5 875.201 0.3 5.0 5.0 5.0 5.0 0.0 0.192 1 TOUCH_UP y
1403834801283 6 4098 172.5 856.451 0.16666667 3.0 3.0 3.0 3.0 0.0 0.18 0 TOUCH_DOWN e
1403834801320 6 4098 173.03865 856.451 0.16666667 3.0 3.0 3.0 3.0 0.0 0.18800001 2 TOUCH_MOVE e
1403834801337 6 4098 174.1284 856.451 0.16666667 3.0 3.0 3.0 3.0 0.0 0.18800001 2 TOUCH_MOVE e
1403834801353 6 4098 175.0937 856.451 0.16666667 3.0 3.0 3.0 3.0 0.0 0.18800001 2 TOUCH_MOVE e
1403834801416 6 4098 174.5 856.451 0.20000002 4.0 4.0 4.0 4.0 0.0 0.132 2 TOUCH_MOVE e
1403834801419 6 4098 174.5 856.451 0.20000002 4.0 4.0 4.0 4.0 0.0 0.132 1 TOUCH_UP e
1403834801605 6 4098 470.0 859.451 0.23333335 4.0 4.0 4.0 4.0 0.0 0.20400001 0 TOUCH_DOWN u
1403834801620 6 4098 470.0 859.451 0.23333335 4.0 4.0 4.0 4.0 0.0 0.208 2 TOUCH_MOVE u
1403834801688 6 4098 470.0 860.0166 0.23333335 4.0 4.0 4.0 4.0 0.0 0.21200001 2 TOUCH_MOVE u
1403834801726 6 4098 470.0 860.0166 0.23333335 4.0 4.0 4.0 4.0 0.0 0.21200001 1 TOUCH_UP u
1403834803243 6 4098 245.0 1249.4509 0.10000001 2.0 2.0 2.0 2.0 0.0 0.17600001 0 TOUCH_DOWN Space
1403834803261 6 4098 245.0 1249.4509 0.10000001 2.0 2.0 2.0 2.0 0.0 0.18 2 TOUCH_MOVE Space
1403834803272 6 4098 245.5114 1248.9396 0.13333334 3.0 3.0 3.0 3.0 0.0 0.18400002 2 TOUCH_MOVE Space
1403834803288 6 4098 246.00731 1246.9363 0.13333334 3.0 3.0 3.0 3.0 0.0 0.18800001 2 TOUCH_MOVE Space
1403834803305 6 4098 246.46863 1245.4823 0.13333334 3.0 3.0 3.0 3.0 0.0 0.18800001 2 TOUCH_MOVE Space
1403834803322 6 4098 246.5 1244.7009 0.13333334 3.0 3.0 3.0 3.0 0.0 0.18400002 2 TOUCH_MOVE Space
1403834803340 6 4098 246.10963 1244.0605 0.13333334 3.0 3.0 3.0 3.0 0.0 0.18400002 2 TOUCH_MOVE Space
1403834803343 6 4098 246.0 1243.9509 0.10000001 2.0 2.0 2.0 2.0 0.0 0.172 2 TOUCH_MOVE Space
1403834803347 6 4098 246.0 1243.9509 0.10000001 2.0 2.0 2.0 2.0 0.0 0.172 1 TOUCH_UP Space
1403834803783 6 4098 323.5 858.951 0.23333335 5.0 5.0 5.0 5.0 0.0 0.192 0 TOUCH_DOWN t
1403834803872 6 4098 323.5 859.4976 0.23333335 5.0 5.0 5.0 5.0 0.0 0.19600001 2 TOUCH_MOVE t
1403834803889 6 4098 322.97284 859.451 0.20000002 4.0 4.0 4.0 4.0 0.0 0.18 2 TOUCH_MOVE t
1403834803903 6 4098 322.97284 859.451 0.20000002 4.0 4.0 4.0 4.0 0.0 0.18 1 TOUCH_UP t
1403834804082 6 4098 244.0 835.451 0.20000002 4.0 4.0 4.0 4.0 0.0 0.18400002 0 TOUCH_DOWN r
1403834804139 6 4098 244.49138 835.451 0.20000002 4.0 4.0 4.0 4.0 0.0 0.2 2 TOUCH_MOVE r
1403834804156 6 4098 244.97064 835.451 0.20000002 4.0 4.0 4.0 4.0 0.0 0.2 2 TOUCH_MOVE r
1403834804173 6 4098 245.44615 835.89716 0.20000002 4.0 4.0 4.0 4.0 0.0 0.2 2 TOUCH_MOVE r
1403834804189 6 4098 245.72835 836.1793 0.20000002 4.0 4.0 4.0 4.0 0.0 0.2 2 TOUCH_MOVE r
1403834804235 6 4098 245.72835 836.1793 0.20000002 4.0 4.0 4.0 4.0 0.0 0.2 1 TOUCH_UP r
1403834804933 6 4098 398.0 871.951 0.26666668 4.0 4.0 4.0 4.0 0.0 0.20400001 0 TOUCH_DOWN y
1403834805011 6 4098 398.0 871.951 0.23333335 4.0 4.0 4.0 4.0 0.0 0.18 2 TOUCH_MOVE y
1403834805016 6 4098 398.0 871.951 0.23333335 4.0 4.0 4.0 4.0 0.0 0.18 1 TOUCH_UP y
1403834805936 6 4098 694.5 1133.4509 0.13333334 2.0 2.0 2.0 2.0 0.0 0.18400002 0 TOUCH_DOWN Back
1403834805943 6 4098 694.5 1133.4509 0.20000002 3.0 3.0 3.0 3.0 0.0 0.192 2 TOUCH_MOVE Back
1403834805973 6 4098 693.4798 1133.4509 0.23333335 4.0 4.0 4.0 4.0 0.0 0.20400001 2 TOUCH_MOVE Back
1403834805991 6 4098 688.30554 1133.4509 0.23333335 4.0 4.0 4.0 4.0 0.0 0.20400001 2 TOUCH_MOVE Back
1403834806008 6 4098 687.44196 1133.4509 0.23333335 4.0 4.0 4.0 4.0 0.0 0.20400001 2 TOUCH_MOVE Back
1403834806040 6 4098 687.44196 1133.4509 0.23333335 4.0 4.0 4.0 4.0 0.0 0.20400001 1 TOUCH_UP Back
1403834806675 6 4098 478.5 869.451 0.26666668 4.0 4.0 4.0 4.0 0.0 0.20400001 0 TOUCH_DOWN u
1403834806692 6 4098 478.5 869.9204 0.26666668 4.0 4.0 4.0 4.0 0.0 0.208 2 TOUCH_MOVE u
1403834806708 6 4098 478.5 870.8485 0.26666668 4.0 4.0 4.0 4.0 0.0 0.208 2 TOUCH_MOVE u
1403834806725 6 4098 478.5 871.8122 0.26666668 4.0 4.0 4.0 4.0 0.0 0.208 2 TOUCH_MOVE u
1403834806743 6 4098 478.5 872.7285 0.26666668 4.0 4.0 4.0 4.0 0.0 0.208 2 TOUCH_MOVE u
1403834806759 6 4098 478.5 873.701 0.26666668 4.0 4.0 4.0 4.0 0.0 0.208 2 TOUCH_MOVE u
1403834806791 6 4098 477.5 873.951 0.20000002 4.0 4.0 4.0 4.0 0.0 0.172 2 TOUCH_MOVE u
1403834806794 6 4098 477.5 873.951 0.20000002 4.0 4.0 4.0 4.0 0.0 0.172 1 TOUCH_UP u
1403834806995 6 4098 395.5 856.951 0.20000002 4.0 4.0 4.0 4.0 0.0 0.19600001 0 TOUCH_DOWN y
1403834807025 6 4098 395.5 857.4896 0.23333335 4.0 4.0 4.0 4.0 0.0 0.20400001 2 TOUCH_MOVE y
1403834807044 6 4098 395.5 860.57697 0.26666668 4.0 4.0 4.0 4.0 0.0 0.20400001 2 TOUCH_MOVE y
1403834807059 6 4098 395.5 866.7724 0.26666668 4.0 4.0 4.0 4.0 0.0 0.20400001 2 TOUCH_MOVE y
1403834807075 6 4098 395.5 871.5714 0.26666668 4.0 4.0 4.0 4.0 0.0 0.19600001 2 TOUCH_MOVE y
1403834807092 6 4098 395.5 872.9408 0.26666668 4.0 4.0 4.0 4.0 0.0 0.192 2 TOUCH_MOVE y
1403834807095 6 4098 395.5 872.951 0.26666668 4.0 4.0 4.0 4.0 0.0 0.18 2 TOUCH_MOVE y
1403834807106 6 4098 395.5 872.951 0.26666668 4.0 4.0 4.0 4.0 0.0 0.18 1 TOUCH_UP y
1403834807803 6 4098 179.5 852.951 0.13333334 2.0 2.0 2.0 2.0 0.0 0.172 0 TOUCH_DOWN e
1403834807826 6 4098 179.87538 853.32635 0.13333334 2.0 2.0 2.0 2.0 0.0 0.17600001 2 TOUCH_MOVE e
1403834807843 6 4098 181.42671 854.16437 0.13333334 2.0 2.0 2.0 2.0 0.0 0.18 2 TOUCH_MOVE e
1403834807859 6 4098 183.06421 854.9831 0.13333334 2.0 2.0 2.0 2.0 0.0 0.18400002 2 TOUCH_MOVE e
1403834807912 6 4098 184.01787 855.4599 0.13333334 2.0 2.0 2.0 2.0 0.0 0.18400002 2 TOUCH_MOVE e
1403834807926 6 4098 185.01614 855.951 0.13333334 2.0 2.0 2.0 2.0 0.0 0.17600001 2 TOUCH_MOVE e
1403834807952 6 4098 185.01614 855.951 0.13333334 2.0 2.0 2.0 2.0 0.0 0.17600001 1 TOUCH_UP e
1403834808232 6 4098 504.0 1134.9509 0.23333335 5.0 5.0 5.0 5.0 0.0 0.19600001 0 TOUCH_DOWN n
1403834808243 6 4098 504.0 1134.9509 0.23333335 5.0 5.0 5.0 5.0 0.0 0.2 2 TOUCH_MOVE n
1403834808294 6 4098 504.0 1134.3591 0.26666668 5.0 5.0 5.0 5.0 0.0 0.21200001 2 TOUCH_MOVE n
1403834808310 6 4098 504.0 1133.9186 0.26666668 5.0 5.0 5.0 5.0 0.0 0.21200001 2 TOUCH_MOVE n
1403834808357 6 4098 504.0 1133.9186 0.26666668 5.0 5.0 5.0 5.0 0.0 0.21200001 1 TOUCH_UP n
1403834808720 6 4098 259.5 1266.5 0.16666667 4.0 4.0 4.0 4.0 0.0 0.136 0 TOUCH_DOWN Space
1403834808727 6 4098 259.5 1266.5 0.16666667 4.0 4.0 4.0 4.0 0.0 0.14400001 2 TOUCH_MOVE Space
1403834808835 6 4098 259.5 1265.5 0.16666667 4.0 4.0 4.0 4.0 0.0 0.128 2 TOUCH_MOVE Space
1403834808841 6 4098 259.5 1265.5 0.16666667 4.0 4.0 4.0 4.0 0.0 0.128 1 TOUCH_UP Space
1403834809139 6 4098 288.5 1122.9509 0.26666668 4.0 4.0 4.0 4.0 0.0 0.192 0 TOUCH_DOWN c
1403834809178 6 4098 288.5 1121.9058 0.26666668 4.0 4.0 4.0 4.0 0.0 0.20400001 2 TOUCH_MOVE c
1403834809194 6 4098 288.5 1121.2009 0.26666668 4.0 4.0 4.0 4.0 0.0 0.208 2 TOUCH_MOVE c
1403834809228 6 4098 287.89615 1121.4509 0.26666668 4.0 4.0 4.0 4.0 0.0 0.20400001 2 TOUCH_MOVE c
1403834809244 6 4098 287.30606 1121.4509 0.26666668 4.0 4.0 4.0 4.0 0.0 0.20400001 2 TOUCH_MOVE c
1403834809261 6 4098 286.95273 1121.4509 0.26666668 4.0 4.0 4.0 4.0 0.0 0.192 2 TOUCH_MOVE c
1403834809269 6 4098 286.95273 1121.4509 0.26666668 4.0 4.0 4.0 4.0 0.0 0.192 1 TOUCH_UP c
1403834809469 6 4098 605.5 854.951 0.20000002 4.0 4.0 4.0 4.0 0.0 0.19600001 0 TOUCH_DOWN o
1403834809478 6 4098 605.5 854.951 0.20000002 4.0 4.0 4.0 4.0 0.0 0.2 2 TOUCH_MOVE o
1403834809571 6 4098 606.0 855.451 0.23333335 5.0 5.0 5.0 5.0 0.0 0.18800001 2 TOUCH_MOVE o
1403834809574 6 4098 606.0 855.451 0.23333335 5.0 5.0 5.0 5.0 0.0 0.18800001 1 TOUCH_UP o
1403834809858 6 4098 247.0 1232.4509 0.13333334 2.0 2.0 2.0 2.0 0.0 0.18400002 0 TOUCH_DOWN Space
1403834809878 6 4098 247.0 1232.4509 0.13333334 2.0 2.0 2.0 2.0 0.0 0.18800001 2 TOUCH_MOVE Space
1403834809995 6 4098 247.0 1231.352 0.20000002 3.0 3.0 3.0 3.0 0.0 0.192 2 TOUCH_MOVE Space
1403834810012 6 4098 247.0 1230.4211 0.16666667 3.0 3.0 3.0 3.0 0.0 0.18400002 2 TOUCH_MOVE Space
1403834810022 6 4098 247.0 1230.4509 0.16666667 3.0 3.0 3.0 3.0 0.0 0.156 2 TOUCH_MOVE Space
1403834810026 6 4098 247.0 1230.4509 0.16666667 3.0 3.0 3.0 3.0 0.0 0.156 1 TOUCH_UP Space
1403834810285 6 4098 498.0 1141.4509 0.23333335 5.0 5.0 5.0 5.0 0.0 0.192 0 TOUCH_DOWN n
1403834810295 6 4098 498.0 1141.4509 0.23333335 5.0 5.0 5.0 5.0 0.0 0.2 2 TOUCH_MOVE n
1403834810332 6 4098 498.7853 1141.7362 0.23333335 5.0 5.0 5.0 5.0 0.0 0.208 2 TOUCH_MOVE n
1403834810345 6 4098 499.76483 1142.7157 0.26666668 5.0 5.0 5.0 5.0 0.0 0.21200001 2 TOUCH_MOVE n
1403834810362 6 4098 500.73175 1143.6826 0.26666668 5.0 5.0 5.0 5.0 0.0 0.21200001 2 TOUCH_MOVE n
1403834810378 6 4098 501.69574 1143.9509 0.26666668 5.0 5.0 5.0 5.0 0.0 0.21200001 2 TOUCH_MOVE n
1403834810395 6 4098 502.06836 1143.9509 0.26666668 5.0 5.0 5.0 5.0 0.0 0.20400001 2 TOUCH_MOVE n
1403834810412 6 4098 503.10947 1140.4036 0.20000002 4.0 4.0 4.0 4.0 0.0 0.18 2 TOUCH_MOVE n
1403834810416 6 4098 503.10947 1140.4036 0.20000002 4.0 4.0 4.0 4.0 0.0 0.18 1 TOUCH_UP n
1403834810761 6 4098 478.5 865.951 0.26666668 4.0 4.0 4.0 4.0 0.0 0.19600001 0 TOUCH_DOWN u
1403834810781 6 4098 478.5 865.951 0.26666668 4.0 4.0 4.0 4.0 0.0 0.2 2 TOUCH_MOVE u
1403834810897 6 4098 478.5 865.951 0.26666668 4.0 4.0 4.0 4.0 0.0 0.2 1 TOUCH_UP u
1403834811084 6 4098 589.5 837.951 0.23333335 4.0 4.0 4.0 4.0 0.0 0.20400001 0 TOUCH_DOWN o
1403834811129 6 4098 589.0895 839.3615 0.26666668 4.0 4.0 4.0 4.0 0.0 0.216 2 TOUCH_MOVE o
1403834811146 6 4098 588.1295 841.19196 0.26666668 4.0 4.0 4.0 4.0 0.0 0.216 2 TOUCH_MOVE o
1403834811162 6 4098 588.0 843.1006 0.26666668 4.0 4.0 4.0 4.0 0.0 0.216 2 TOUCH_MOVE o
1403834811179 6 4098 588.78424 844.2352 0.23333335 4.0 4.0 4.0 4.0 0.0 0.20400001 2 TOUCH_MOVE o
1403834811195 6 4098 589.0 844.451 0.23333335 4.0 4.0 4.0 4.0 0.0 0.172 2 TOUCH_MOVE o
1403834811198 6 4098 589.0 844.451 0.23333335 4.0 4.0 4.0 4.0 0.0 0.172 1 TOUCH_UP o
1403834811480 6 4098 268.0 1254.5 0.20000002 5.0 5.0 5.0 5.0 0.0 0.15200001 0 TOUCH_DOWN Space
1403834811509 6 4098 268.0 1254.5 0.20000002 5.0 5.0 5.0 5.0 0.0 0.164 2 TOUCH_MOVE Space
1403834811613 6 4098 267.0 1252.4509 0.16666667 4.0 4.0 4.0 4.0 0.0 0.18 2 TOUCH_MOVE Space
1403834811620 6 4098 267.0 1252.4509 0.13333334 3.0 3.0 3.0 3.0 0.0 0.1 2 TOUCH_MOVE Space
1403834811623 6 4098 267.0 1252.4509 0.13333334 3.0 3.0 3.0 3.0 0.0 0.1 1 TOUCH_UP Space
1403834812286 6 4098 691.5 1122.4509 0.20000002 4.0 4.0 4.0 4.0 0.0 0.192 0 TOUCH_DOWN Back
1403834812297 6 4098 691.5 1122.4509 0.20000002 4.0 4.0 4.0 4.0 0.0 0.19600001 2 TOUCH_MOVE Back
1403834812331 6 4098 690.4392 1123.5117 0.23333335 4.0 4.0 4.0 4.0 0.0 0.208 2 TOUCH_MOVE Back
1403834812347 6 4098 689.4841 1123.9668 0.23333335 4.0 4.0 4.0 4.0 0.0 0.20400001 2 TOUCH_MOVE Back
1403834812387 6 4098 689.4841 1123.9668 0.23333335 4.0 4.0 4.0 4.0 0.0 0.20400001 1 TOUCH_UP Back
1403834812991 6 4098 281.5 1120.4509 0.26666668 4.0 4.0 4.0 4.0 0.0 0.18400002 0 TOUCH_DOWN c
1403834813020 6 4098 281.5 1120.4509 0.26666668 4.0 4.0 4.0 4.0 0.0 0.18800001 2 TOUCH_MOVE c
1403834813119 6 4098 281.5 1121.9509 0.23333335 4.0 4.0 4.0 4.0 0.0 0.17600001 2 TOUCH_MOVE c
1403834813128 6 4098 281.5 1121.9509 0.23333335 4.0 4.0 4.0 4.0 0.0 0.17600001 1 TOUCH_UP c
1403834813360 6 4098 275.0 1229.9509 0.20000002 5.0 5.0 5.0 5.0 0.0 0.18 0 TOUCH_DOWN Space
1403834813365 6 4098 275.0 1229.9509 0.26666668 5.0 5.0 5.0 5.0 0.0 0.18400002 2 TOUCH_MOVE Space
1403834813450 6 4098 275.0 1229.3943 0.26666668 5.0 5.0 5.0 5.0 0.0 0.192 2 TOUCH_MOVE Space
1403834813481 6 4098 275.0 1228.386 0.26666668 5.0 5.0 5.0 5.0 0.0 0.18800001 2 TOUCH_MOVE Space
1403834813497 6 4098 275.0 1226.9509 0.23333335 4.0 4.0 4.0 4.0 0.0 0.17600001 2 TOUCH_MOVE Space
1403834813512 6 4098 275.0 1226.9509 0.23333335 4.0 4.0 4.0 4.0 0.0 0.17600001 1 TOUCH_UP Space
1403834813909 6 4098 338.5 855.451 0.20000002 4.0 4.0 4.0 4.0 0.0 0.192 0 TOUCH_DOWN t
1403834813915 6 4098 338.5 855.451 0.20000002 4.0 4.0 4.0 4.0 0.0 0.19600001 2 TOUCH_MOVE t
1403834814033 6 4098 338.5 855.451 0.20000002 4.0 4.0 4.0 4.0 0.0 0.19600001 1 TOUCH_UP t
1403834814251 6 4098 613.5 856.451 0.23333335 5.0 5.0 5.0 5.0 0.0 0.2 0 TOUCH_DOWN o
1403834814265 6 4098 613.5 856.451 0.23333335 5.0 5.0 5.0 5.0 0.0 0.20400001 2 TOUCH_MOVE o
1403834814318 6 4098 613.5 857.79333 0.23333335 5.0 5.0 5.0 5.0 0.0 0.20400001 2 TOUCH_MOVE o
1403834814333 6 4098 613.5 858.701 0.23333335 5.0 5.0 5.0 5.0 0.0 0.20400001 2 TOUCH_MOVE o
1403834814368 6 4098 614.0 858.451 0.20000002 4.0 4.0 4.0 4.0 0.0 0.18400002 2 TOUCH_MOVE o
1403834814371 6 4098 614.0 858.451 0.20000002 4.0 4.0 4.0 4.0 0.0 0.18400002 1 TOUCH_UP o
1403834814585 6 4098 547.0 867.951 0.26666668 4.0 4.0 4.0 4.0 0.0 0.2 0 TOUCH_DOWN i
1403834814617 6 4098 547.0 868.2602 0.26666668 4.0 4.0 4.0 4.0 0.0 0.21200001 2 TOUCH_MOVE i
1403834814632 6 4098 547.0 869.0356 0.26666668 4.0 4.0 4.0 4.0 0.0 0.21200001 2 TOUCH_MOVE i
1403834814653 6 4098 547.0 869.701 0.26666668 4.0 4.0 4.0 4.0 0.0 0.21200001 2 TOUCH_MOVE i
1403834814666 6 4098 547.5019 869.451 0.3 5.0 5.0 5.0 5.0 0.0 0.208 2 TOUCH_MOVE i
1403834814682 6 4098 548.0 869.451 0.3 5.0 5.0 5.0 5.0 0.0 0.20400001 2 TOUCH_MOVE i
1403834814686 6 4098 548.0 869.451 0.26666668 5.0 5.0 5.0 5.0 0.0 0.17600001 2 TOUCH_MOVE i
1403834814691 6 4098 548.0 869.451 0.26666668 5.0 5.0 5.0 5.0 0.0 0.17600001 1 TOUCH_UP i
1403834815237 6 4098 273.0 1215.9509 0.26666668 5.0 5.0 5.0 5.0 0.0 0.18400002 0 TOUCH_DOWN Space
1403834815253 6 4098 273.31155 1215.9509 0.23333335 4.0 4.0 4.0 4.0 0.0 0.18800001 2 TOUCH_MOVE Space
1403834815266 6 4098 274.6696 1215.9509 0.23333335 4.0 4.0 4.0 4.0 0.0 0.19600001 2 TOUCH_MOVE Space
1403834815283 6 4098 276.59598 1215.9509 0.23333335 4.0 4.0 4.0 4.0 0.0 0.2 2 TOUCH_MOVE Space
1403834815300 6 4098 277.50555 1215.9509 0.23333335 4.0 4.0 4.0 4.0 0.0 0.2 2 TOUCH_MOVE Space
1403834815316 6 4098 278.25 1215.9509 0.23333335 4.0 4.0 4.0 4.0 0.0 0.2 2 TOUCH_MOVE Space
1403834815350 6 4098 278.0 1216.6047 0.23333335 4.0 4.0 4.0 4.0 0.0 0.2 2 TOUCH_MOVE Space
1403834815382 6 4098 278.0 1216.4509 0.26666668 5.0 5.0 5.0 5.0 0.0 0.17600001 2 TOUCH_MOVE Space
1403834815385 6 4098 278.0 1216.4509 0.26666668 5.0 5.0 5.0 5.0 0.0 0.17600001 1 TOUCH_UP Space
1403834815694 6 4098 371.5 1099.4509 0.26666668 4.0 4.0 4.0 4.0 0.0 0.192 0 TOUCH_DOWN v
1403834815750 6 4098 371.5 1100.0431 0.26666668 4.0 4.0 4.0 4.0 0.0 0.20400001 2 TOUCH_MOVE v
1403834815767 6 4098 371.5 1100.7982 0.26666668 4.0 4.0 4.0 4.0 0.0 0.2 2 TOUCH_MOVE v
1403834815785 6 4098 371.5 1101.8074 0.26666668 4.0 4.0 4.0 4.0 0.0 0.20400001 2 TOUCH_MOVE v
1403834815800 6 4098 371.18854 1102.7623 0.26666668 4.0 4.0 4.0 4.0 0.0 0.2 2 TOUCH_MOVE v
1403834815816 6 4098 370.0 1103.9509 0.26666668 5.0 5.0 5.0 5.0 0.0 0.17600001 2 TOUCH_MOVE v
1403834815819 6 4098 370.0 1103.9509 0.26666668 5.0 5.0 5.0 5.0 0.0 0.17600001 1 TOUCH_UP v
1403834816015 6 4098 453.5 847.451 0.23333335 4.0 4.0 4.0 4.0 0.0 0.20400001 0 TOUCH_DOWN u
1403834816034 6 4098 453.5 847.451 0.26666668 4.0 4.0 4.0 4.0 0.0 0.208 2 TOUCH_MOVE u
1403834816057 6 4098 454.0 846.73364 0.26666668 4.0 4.0 4.0 4.0 0.0 0.216 2 TOUCH_MOVE u
1403834816069 6 4098 454.0 845.77386 0.26666668 4.0 4.0 4.0 4.0 0.0 0.22000001 2 TOUCH_MOVE u
1403834816084 6 4098 454.0 844.8081 0.26666668 4.0 4.0 4.0 4.0 0.0 0.216 2 TOUCH_MOVE u
1403834816151 6 4098 455.25 845.701 0.23333335 4.0 4.0 4.0 4.0 0.0 0.18800001 2 TOUCH_MOVE u
1403834816157 6 4098 455.25 845.701 0.23333335 4.0 4.0 4.0 4.0 0.0 0.18800001 1 TOUCH_UP u
1403834817055 6 4098 676.0 1133.9509 0.20000002 4.0 4.0 4.0 4.0 0.0 0.192 0 TOUCH_DOWN Back
1403834817098 6 4098 676.0 1133.9509 0.20000002 4.0 4.0 4.0 4.0 0.0 0.2 2 TOUCH_MOVE Back
1403834817140 6 4098 676.0 1133.9509 0.20000002 4.0 4.0 4.0 4.0 0.0 0.2 1 TOUCH_UP Back
1403834817227 6 4098 668.0 1136.9509 0.23333335 5.0 5.0 5.0 5.0 0.0 0.192 0 TOUCH_DOWN Back
1403834817256 6 4098 668.0 1136.9509 0.23333335 5.0 5.0 5.0 5.0 0.0 0.19600001 2 TOUCH_MOVE Back
1403834817285 6 4098 666.74677 1137.4509 0.23333335 5.0 5.0 5.0 5.0 0.0 0.208 2 TOUCH_MOVE Back
1403834817306 6 4098 665.7566 1137.4509 0.26666668 5.0 5.0 5.0 5.0 0.0 0.21200001 2 TOUCH_MOVE Back
1403834817318 6 4098 664.78973 1137.4509 0.26666668 5.0 5.0 5.0 5.0 0.0 0.208 2 TOUCH_MOVE Back
1403834817367 6 4098 664.78973 1137.4509 0.26666668 5.0 5.0 5.0 5.0 0.0 0.208 1 TOUCH_UP Back
1403834817519 6 4098 664.5 1132.9509 0.26666668 5.0 5.0 5.0 5.0 0.0 0.2 0 TOUCH_DOWN Back
1403834817537 6 4098 664.5 1132.9509 0.26666668 5.0 5.0 5.0 5.0 0.0 0.20400001 2 TOUCH_MOVE Back
1403834817568 6 4098 663.36957 1132.9509 0.3 5.0 5.0 5.0 5.0 0.0 0.216 2 TOUCH_MOVE Back
1403834817585 6 4098 662.4455 1132.9509 0.3 5.0 5.0 5.0 5.0 0.0 0.216 2 TOUCH_MOVE Back
1403834817604 6 4098 661.75 1132.9509 0.3 5.0 5.0 5.0 5.0 0.0 0.216 2 TOUCH_MOVE Back
1403834817662 6 4098 661.75 1132.9509 0.3 5.0 5.0 5.0 5.0 0.0 0.216 1 TOUCH_UP Back
1403834818244 6 4098 694.0 1243.9509 0.10000001 2.0 2.0 2.0 2.0 0.0 0.17600001 0 TOUCH_DOWN Enter
1403834818269 6 4098 693.5277 1243.4786 0.10000001 2.0 2.0 2.0 2.0 0.0 0.18 2 TOUCH_MOVE Enter
1403834818286 6 4098 692.0863 1241.2097 0.20000002 4.0 4.0 4.0 4.0 0.0 0.18800001 2 TOUCH_MOVE Enter
1403834818303 6 4098 691.13385 1239.5848 0.20000002 4.0 4.0 4.0 4.0 0.0 0.192 2 TOUCH_MOVE Enter
1403834818319 6 4098 690.5 1238.6233 0.20000002 4.0 4.0 4.0 4.0 0.0 0.18800001 2 TOUCH_MOVE Enter
1403834818336 6 4098 690.5 1238.2009 0.20000002 4.0 4.0 4.0 4.0 0.0 0.18800001 2 TOUCH_MOVE Enter
1403834818347 6 4098 690.5 1238.2009 0.20000002 4.0 4.0 4.0 4.0 0.0 0.18800001 1 TOUCH_UP Enter
1403834819262 6 4098 351.5 1125.4509 0.20000002 4.0 4.0 4.0 4.0 0.0 0.18400002 0 TOUCH_DOWN V
1403834819279 6 4098 351.5 1125.4509 0.20000002 4.0 4.0 4.0 4.0 0.0 0.18800001 2 TOUCH_MOVE V
1403834819304 6 4098 353.4372 1123.9823 0.20000002 4.0 4.0 4.0 4.0 0.0 0.19600001 2 TOUCH_MOVE V
1403834819320 6 4098 354.4563 1122.9946 0.20000002 4.0 4.0 4.0 4.0 0.0 0.192 2 TOUCH_MOVE V
1403834819337 6 4098 354.75 1122.7009 0.20000002 4.0 4.0 4.0 4.0 0.0 0.192 2 TOUCH_MOVE V
1403834819365 6 4098 354.75 1122.7009 0.20000002 4.0 4.0 4.0 4.0 0.0 0.192 1 TOUCH_UP V
1403834819641 6 4098 471.5 856.451 0.20000002 4.0 4.0 4.0 4.0 0.0 0.208 0 TOUCH_DOWN u
1403834819654 6 4098 471.5 856.451 0.23333335 4.0 4.0 4.0 4.0 0.0 0.21200001 2 TOUCH_MOVE u
1403834819754 6 4098 471.5 856.951 0.23333335 4.0 4.0 4.0 4.0 0.0 0.2 2 TOUCH_MOVE u
1403834819767 6 4098 471.5 856.951 0.13333334 2.0 2.0 2.0 2.0 0.0 0.17600001 2 TOUCH_MOVE u
1403834819770 6 4098 471.5 856.951 0.13333334 2.0 2.0 2.0 2.0 0.0 0.17600001 1 TOUCH_UP u
1403834820224 6 4098 62.5 965.451 0.16666667 3.0 3.0 3.0 3.0 0.0 0.128 0 TOUCH_DOWN a
1403834820239 6 4098 62.5 965.451 0.16666667 3.0 3.0 3.0 3.0 0.0 0.14 2 TOUCH_MOVE a
1403834820255 6 4098 62.26824 965.451 0.16666667 3.0 3.0 3.0 3.0 0.0 0.17600001 2 TOUCH_MOVE a
1403834820271 6 4098 61.306736 965.451 0.16666667 3.0 3.0 3.0 3.0 0.0 0.18 2 TOUCH_MOVE a
1403834820288 6 4098 60.75 965.451 0.16666667 3.0 3.0 3.0 3.0 0.0 0.18 2 TOUCH_MOVE a
1403834820322 6 4098 60.486645 965.451 0.16666667 3.0 3.0 3.0 3.0 0.0 0.18 2 TOUCH_MOVE a
1403834820338 6 4098 59.981236 965.451 0.16666667 3.0 3.0 3.0 3.0 0.0 0.17600001 2 TOUCH_MOVE a
1403834820353 6 4098 60.0 965.451 0.16666667 3.0 3.0 3.0 3.0 0.0 0.136 2 TOUCH_MOVE a
1403834820359 6 4098 60.0 965.451 0.16666667 3.0 3.0 3.0 3.0 0.0 0.136 1 TOUCH_UP a
1403834820724 6 4098 252.0 1218.9509 0.20000002 3.0 3.0 3.0 3.0 0.0 0.18 0 TOUCH_DOWN Space
1403834820739 6 4098 252.0 1218.9509 0.20000002 3.0 3.0 3.0 3.0 0.0 0.18800001 2 TOUCH_MOVE Space
1403834820853 6 4098 252.0 1218.9509 0.16666667 3.0 3.0 3.0 3.0 0.0 0.148 2 TOUCH_MOVE Space
1403834820857 6 4098 252.0 1218.9509 0.16666667 3.0 3.0 3.0 3.0 0.0 0.148 1 TOUCH_UP Space
1403834821217 6 4098 507.5 1135.9509 0.20000002 4.0 4.0 4.0 4.0 0.0 0.2 0 TOUCH_DOWN n
1403834821310 6 4098 507.72504 1135.9509 0.23333335 4.0 4.0 4.0 4.0 0.0 0.20400001 2 TOUCH_MOVE n
1403834821322 6 4098 508.0 1135.9509 0.20000002 4.0 4.0 4.0 4.0 0.0 0.192 2 TOUCH_MOVE n
1403834821325 6 4098 508.0 1135.9509 0.20000002 4.0 4.0 4.0 4.0 0.0 0.192 1 TOUCH_UP n
1403834821582 6 4098 453.0 990.451 0.26666668 4.0 4.0 4.0 4.0 0.0 0.20400001 0 TOUCH_DOWN h
1403834821589 6 4098 453.0 990.451 0.26666668 4.0 4.0 4.0 4.0 0.0 0.208 2 TOUCH_MOVE h
1403834821639 6 4098 453.0 989.83594 0.3 5.0 5.0 5.0 5.0 0.0 0.21200001 2 TOUCH_MOVE h
1403834821687 6 4098 453.0 989.951 0.33333334 5.0 5.0 5.0 5.0 0.0 0.18800001 2 TOUCH_MOVE h
1403834821691 6 4098 453.0 989.951 0.33333334 5.0 5.0 5.0 5.0 0.0 0.18800001 1 TOUCH_UP h
1403834821882 6 4098 67.5 974.451 0.13333334 2.0 2.0 2.0 2.0 0.0 0.16800001 0 TOUCH_DOWN a
1403834821906 6 4098 67.5 974.451 0.13333334 2.0 2.0 2.0 2.0 0.0 0.17600001 2 TOUCH_MOVE a
1403834821922 6 4098 68.26886 974.451 0.13333334 2.0 2.0 2.0 2.0 0.0 0.18400002 2 TOUCH_MOVE a
1403834821940 6 4098 69.42058 974.451 0.13333334 2.0 2.0 2.0 2.0 0.0 0.18400002 2 TOUCH_MOVE a
1403834821958 6 4098 70.6804 974.451 0.13333334 2.0 2.0 2.0 2.0 0.0 0.18400002 2 TOUCH_MOVE a
1403834821973 6 4098 71.25 974.451 0.13333334 2.0 2.0 2.0 2.0 0.0 0.18400002 2 TOUCH_MOVE a
1403834822013 6 4098 71.25 974.451 0.13333334 2.0 2.0 2.0 2.0 0.0 0.18400002 1 TOUCH_UP a
1403834822398 6 4098 505.0 1135.9509 0.23333335 5.0 5.0 5.0 5.0 0.0 0.2 0 TOUCH_DOWN n
1403834822406 6 4098 505.0 1135.9509 0.23333335 5.0 5.0 5.0 5.0 0.0 0.20400001 2 TOUCH_MOVE n
1403834822440 6 4098 505.0 1134.9153 0.3 5.0 5.0 5.0 5.0 0.0 0.208 2 TOUCH_MOVE n
1403834822462 6 4098 505.0 1133.9629 0.3 5.0 5.0 5.0 5.0 0.0 0.21200001 2 TOUCH_MOVE n
1403834822473 6 4098 505.0 1133.2009 0.26666668 5.0 5.0 5.0 5.0 0.0 0.208 2 TOUCH_MOVE n
1403834822518 6 4098 505.0 1133.2009 0.26666668 5.0 5.0 5.0 5.0 0.0 0.208 1 TOUCH_UP n
1403834822896 6 4098 265.5 1225.9509 0.26666668 5.0 5.0 5.0 5.0 0.0 0.18400002 0 TOUCH_DOWN Space
1403834822907 6 4098 265.5 1225.9509 0.26666668 5.0 5.0 5.0 5.0 0.0 0.18800001 2 TOUCH_MOVE Space
1403834822946 6 4098 266.83368 1225.9509 0.26666668 5.0 5.0 5.0 5.0 0.0 0.19600001 2 TOUCH_MOVE Space
1403834822962 6 4098 267.75 1225.9509 0.26666668 5.0 5.0 5.0 5.0 0.0 0.19600001 2 TOUCH_MOVE Space
1403834823017 6 4098 267.0 1225.9509 0.23333335 4.0 4.0 4.0 4.0 0.0 0.18400002 2 TOUCH_MOVE Space
1403834823021 6 4098 267.0 1225.9509 0.23333335 4.0 4.0 4.0 4.0 0.0 0.18400002 1 TOUCH_UP Space
1403834823229 6 4098 446.5 995.951 0.33333334 5.0 5.0 5.0 5.0 0.0 0.20400001 0 TOUCH_DOWN h
1403834823353 6 4098 446.5 995.951 0.33333334 5.0 5.0 5.0 5.0 0.0 0.20400001 1 TOUCH_UP h
1403834823841 6 4098 70.0 978.451 0.13333334 2.0 2.0 2.0 2.0 0.0 0.156 0 TOUCH_DOWN a
1403834823858 6 4098 70.0 978.451 0.16666667 3.0 3.0 3.0 3.0 0.0 0.18 2 TOUCH_MOVE a
1403834823874 6 4098 70.0 978.9914 0.16666667 3.0 3.0 3.0 3.0 0.0 0.18800001 2 TOUCH_MOVE a
1403834823895 6 4098 70.0 980.039 0.16666667 3.0 3.0 3.0 3.0 0.0 0.18800001 2 TOUCH_MOVE a
1403834823911 6 4098 70.0 980.89154 0.16666667 3.0 3.0 3.0 3.0 0.0 0.18800001 2 TOUCH_MOVE a
1403834823925 6 4098 70.0 981.95306 0.16666667 3.0 3.0 3.0 3.0 0.0 0.18800001 2 TOUCH_MOVE a
1403834823942 6 4098 70.0 982.701 0.16666667 3.0 3.0 3.0 3.0 0.0 0.18800001 2 TOUCH_MOVE a
1403834823958 6 4098 70.0 983.1693 0.16666667 3.0 3.0 3.0 3.0 0.0 0.18 2 TOUCH_MOVE a
1403834823977 6 4098 70.0 983.1693 0.16666667 3.0 3.0 3.0 3.0 0.0 0.18 1 TOUCH_UP a
1403834824172 6 4098 467.5 861.951 0.20000002 3.0 3.0 3.0 3.0 0.0 0.20400001 0 TOUCH_DOWN u
1403834824210 6 4098 467.5 861.951 0.23333335 4.0 4.0 4.0 4.0 0.0 0.21200001 2 TOUCH_MOVE u
1403834824282 6 4098 467.5 861.951 0.23333335 4.0 4.0 4.0 4.0 0.0 0.21200001 1 TOUCH_UP u
1403834824616 6 4098 269.5 1252.9509 0.20000002 5.0 5.0 5.0 5.0 0.0 0.156 0 TOUCH_DOWN Space
1403834824625 6 4098 269.5 1254.2009 0.20000002 5.0 5.0 5.0 5.0 0.0 0.17600001 2 TOUCH_MOVE Space
1403834824710 6 4098 268.98663 1253.9509 0.20000002 5.0 5.0 5.0 5.0 0.0 0.18400002 2 TOUCH_MOVE Space
1403834824725 6 4098 268.45804 1253.9509 0.16666667 4.0 4.0 4.0 4.0 0.0 0.18 2 TOUCH_MOVE Space
1403834824742 6 4098 266.86093 1253.9509 0.16666667 4.0 4.0 4.0 4.0 0.0 0.18 2 TOUCH_MOVE Space
1403834824758 6 4098 264.5527 1253.9509 0.16666667 4.0 4.0 4.0 4.0 0.0 0.17600001 2 TOUCH_MOVE Space
1403834824770 6 4098 264.5 1253.9509 0.13333334 3.0 3.0 3.0 3.0 0.0 0.14 2 TOUCH_MOVE Space
1403834824773 6 4098 264.5 1253.9509 0.13333334 3.0 3.0 3.0 3.0 0.0 0.14 1 TOUCH_UP Space
1403834825015 6 4098 664.5 1005.451 0.3 5.0 5.0 5.0 5.0 0.0 0.20400001 0 TOUCH_DOWN l
1403834825026 6 4098 664.5 1005.451 0.3 5.0 5.0 5.0 5.0 0.0 0.208 2 TOUCH_MOVE l
1403834825075 6 4098 664.23474 1006.451 0.3 5.0 5.0 5.0 5.0 0.0 0.216 2 TOUCH_MOVE l
1403834825096 6 4098 663.27515 1006.451 0.3 5.0 5.0 5.0 5.0 0.0 0.216 2 TOUCH_MOVE l
1403834825126 6 4098 663.0 1007.116 0.3 5.0 5.0 5.0 5.0 0.0 0.18400002 2 TOUCH_MOVE l
1403834825130 6 4098 663.0 1007.116 0.3 5.0 5.0 5.0 5.0 0.0 0.18400002 1 TOUCH_UP l
1403834825344 6 4098 72.0 975.951 0.13333334 2.0 2.0 2.0 2.0 0.0 0.148 0 TOUCH_DOWN a
1403834825360 6 4098 72.0 975.951 0.13333334 2.0 2.0 2.0 2.0 0.0 0.16000001 2 TOUCH_MOVE a
1403834825376 6 4098 72.0 976.4674 0.13333334 2.0 2.0 2.0 2.0 0.0 0.17600001 2 TOUCH_MOVE a
1403834825497 6 4098 72.0 976.4674 0.13333334 2.0 2.0 2.0 2.0 0.0 0.17600001 1 TOUCH_UP a
1403834825657 6 4098 538.5 858.451 0.16666667 3.0 3.0 3.0 3.0 0.0 0.2 0 TOUCH_DOWN i
1403834825688 6 4098 538.5 858.451 0.23333335 4.0 4.0 4.0 4.0 0.0 0.208 2 TOUCH_MOVE i
1403834825743 6 4098 539.0 858.451 0.16666667 3.0 3.0 3.0 3.0 0.0 0.128 2 TOUCH_MOVE i
1403834825746 6 4098 539.0 858.451 0.16666667 3.0 3.0 3.0 3.0 0.0 0.128 1 TOUCH_UP i
1403834826062 6 4098 252.5 1255.5 0.13333334 3.0 3.0 3.0 3.0 0.0 0.17600001 0 TOUCH_DOWN Space
1403834826086 6 4098 252.5 1255.1246 0.16666667 4.0 4.0 4.0 4.0 0.0 0.18 2 TOUCH_MOVE Space
1403834826093 6 4098 252.5 1254.1295 0.16666667 4.0 4.0 4.0 4.0 0.0 0.18400002 2 TOUCH_MOVE Space
1403834826110 6 4098 252.80733 1252.3363 0.16666667 4.0 4.0 4.0 4.0 0.0 0.18400002 2 TOUCH_MOVE Space
1403834826127 6 4098 253.5 1250.4886 0.16666667 4.0 4.0 4.0 4.0 0.0 0.18800001 2 TOUCH_MOVE Space
1403834826143 6 4098 253.5 1249.2235 0.16666667 4.0 4.0 4.0 4.0 0.0 0.18800001 2 TOUCH_MOVE Space
1403834826160 6 4098 253.5 1248.2628 0.16666667 4.0 4.0 4.0 4.0 0.0 0.18800001 2 TOUCH_MOVE Space
1403834826214 6 4098 253.5 1248.2628 0.16666667 4.0 4.0 4.0 4.0 0.0 0.18800001 1 TOUCH_UP Space
1403834826534 6 4098 345.5 1099.4509 0.23333335 4.0 4.0 4.0 4.0 0.0 0.18800001 0 TOUCH_DOWN v
1403834826627 6 4098 343.92798 1099.4509 0.26666668 4.0 4.0 4.0 4.0 0.0 0.18400002 2 TOUCH_MOVE v
1403834826637 6 4098 344.0 1099.4509 0.20000002 3.0 3.0 3.0 3.0 0.0 0.116000004 2 TOUCH_MOVE v
1403834826642 6 4098 344.0 1099.4509 0.20000002 3.0 3.0 3.0 3.0 0.0 0.116000004 1 TOUCH_UP v
1403834826897 6 4098 476.0 851.451 0.23333335 4.0 4.0 4.0 4.0 0.0 0.208 0 TOUCH_DOWN u
1403834826912 6 4098 476.0 851.012 0.20000002 3.0 3.0 3.0 3.0 0.0 0.208 2 TOUCH_MOVE u
1403834826932 6 4098 476.0 850.1168 0.23333335 4.0 4.0 4.0 4.0 0.0 0.208 2 TOUCH_MOVE u
1403834826946 6 4098 476.0 849.1723 0.23333335 4.0 4.0 4.0 4.0 0.0 0.208 2 TOUCH_MOVE u
1403834826961 6 4098 476.0 848.701 0.20000002 3.0 3.0 3.0 3.0 0.0 0.208 2 TOUCH_MOVE u
1403834827013 6 4098 476.0 848.701 0.20000002 3.0 3.0 3.0 3.0 0.0 0.208 1 TOUCH_UP u
1403834827195 6 4098 59.5 968.451 0.16666667 3.0 3.0 3.0 3.0 0.0 0.17600001 0 TOUCH_DOWN a
1403834827228 6 4098 59.5 968.451 0.16666667 3.0 3.0 3.0 3.0 0.0 0.18800001 2 TOUCH_MOVE a
1403834827245 6 4098 61.111004 969.562 0.16666667 3.0 3.0 3.0 3.0 0.0 0.18800001 2 TOUCH_MOVE a
1403834827261 6 4098 62.05296 970.50397 0.16666667 3.0 3.0 3.0 3.0 0.0 0.18800001 2 TOUCH_MOVE a
1403834827277 6 4098 62.75 970.451 0.16666667 3.0 3.0 3.0 3.0 0.0 0.18800001 2 TOUCH_MOVE a
1403834827328 6 4098 63.815426 971.3587 0.16666667 3.0 3.0 3.0 3.0 0.0 0.18 2 TOUCH_MOVE a
1403834827332 6 4098 64.0 971.451 0.13333334 2.0 2.0 2.0 2.0 0.0 0.14400001 2 TOUCH_MOVE a
1403834827336 6 4098 64.0 971.451 0.13333334 2.0 2.0 2.0 2.0 0.0 0.14400001 1 TOUCH_UP a
1403834827725 6 4098 229.5 1239.4509 0.13333334 3.0 3.0 3.0 3.0 0.0 0.18 0 TOUCH_DOWN Space
1403834827745 6 4098 229.5 1239.4509 0.16666667 4.0 4.0 4.0 4.0 0.0 0.18400002 2 TOUCH_MOVE Space
1403834827761 6 4098 230.37575 1238.1995 0.20000002 4.0 4.0 4.0 4.0 0.0 0.19600001 2 TOUCH_MOVE Space
1403834827779 6 4098 231.33714 1235.7766 0.20000002 4.0 4.0 4.0 4.0 0.0 0.19600001 2 TOUCH_MOVE Space
1403834827795 6 4098 232.2968 1234.1542 0.23333335 4.0 4.0 4.0 4.0 0.0 0.19600001 2 TOUCH_MOVE Space
1403834827812 6 4098 233.0 1233.1926 0.23333335 4.0 4.0 4.0 4.0 0.0 0.2 2 TOUCH_MOVE Space
1403834827829 6 4098 233.0 1232.2351 0.23333335 4.0 4.0 4.0 4.0 0.0 0.19600001 2 TOUCH_MOVE Space
1403834827845 6 4098 233.0 1231.271 0.23333335 4.0 4.0 4.0 4.0 0.0 0.2 2 TOUCH_MOVE Space
1403834827865 6 4098 231.8698 1229.6906 0.23333335 4.0 4.0 4.0 4.0 0.0 0.19600001 2 TOUCH_MOVE Space
1403834827878 6 4098 231.5 1227.1586 0.20000002 3.0 3.0 3.0 3.0 0.0 0.18 2 TOUCH_MOVE Space
1403834827882 6 4098 231.5 1227.1586 0.20000002 3.0 3.0 3.0 3.0 0.0 0.18 1 TOUCH_UP Space
1403834828277 6 4098 316.5 850.951 0.20000002 4.0 4.0 4.0 4.0 0.0 0.192 0 TOUCH_DOWN t
1403834828299 6 4098 316.5 850.951 0.20000002 4.0 4.0 4.0 4.0 0.0 0.19600001 2 TOUCH_MOVE t
1403834828329 6 4098 317.00497 850.951 0.20000002 4.0 4.0 4.0 4.0 0.0 0.2 2 TOUCH_MOVE t
1403834828345 6 4098 317.75 850.951 0.20000002 4.0 4.0 4.0 4.0 0.0 0.2 2 TOUCH_MOVE t
1403834828419 6 4098 317.75 850.951 0.20000002 4.0 4.0 4.0 4.0 0.0 0.2 1 TOUCH_UP t
1403834828663 6 4098 479.5 858.451 0.16666667 3.0 3.0 3.0 3.0 0.0 0.18800001 0 TOUCH_DOWN u
1403834828679 6 4098 479.5 858.451 0.16666667 3.0 3.0 3.0 3.0 0.0 0.19600001 2 TOUCH_MOVE u
1403834828712 6 4098 478.39688 858.451 0.26666668 4.0 4.0 4.0 4.0 0.0 0.216 2 TOUCH_MOVE u
1403834828729 6 4098 477.42874 858.451 0.23333335 4.0 4.0 4.0 4.0 0.0 0.216 2 TOUCH_MOVE u
1403834828746 6 4098 476.4843 858.451 0.26666668 4.0 4.0 4.0 4.0 0.0 0.216 2 TOUCH_MOVE u
1403834828762 6 4098 475.52563 858.451 0.23333335 4.0 4.0 4.0 4.0 0.0 0.216 2 TOUCH_MOVE u
1403834828779 6 4098 474.6071 858.451 0.23333335 4.0 4.0 4.0 4.0 0.0 0.21200001 2 TOUCH_MOVE u
1403834828796 6 4098 474.0 858.951 0.20000002 3.0 3.0 3.0 3.0 0.0 0.19600001 2 TOUCH_MOVE u
1403834828809 6 4098 474.0 858.951 0.13333334 2.0 2.0 2.0 2.0 0.0 0.104 2 TOUCH_MOVE u
1403834828812 6 4098 474.0 858.951 0.13333334 2.0 2.0 2.0 2.0 0.0 0.104 1 TOUCH_UP u
1403834829008 6 4098 406.0 861.451 0.23333335 4.0 4.0 4.0 4.0 0.0 0.2 0 TOUCH_DOWN y
1403834829030 6 4098 406.0 861.451 0.23333335 4.0 4.0 4.0 4.0 0.0 0.20400001 2 TOUCH_MOVE y
1403834829046 6 4098 405.18277 861.7682 0.23333335 4.0 4.0 4.0 4.0 0.0 0.21200001 2 TOUCH_MOVE y
1403834829063 6 4098 404.2247 862.7263 0.26666668 4.0 4.0 4.0 4.0 0.0 0.21200001 2 TOUCH_MOVE y
1403834829081 6 4098 403.2752 864.62537 0.26666668 4.0 4.0 4.0 4.0 0.0 0.21200001 2 TOUCH_MOVE y
1403834829096 6 4098 402.5 867.5487 0.26666668 4.0 4.0 4.0 4.0 0.0 0.21200001 2 TOUCH_MOVE y
1403834829113 6 4098 402.5 869.7438 0.26666668 4.0 4.0 4.0 4.0 0.0 0.21200001 2 TOUCH_MOVE y
1403834829129 6 4098 402.5 871.0663 0.26666668 4.0 4.0 4.0 4.0 0.0 0.21200001 2 TOUCH_MOVE y
1403834829146 6 4098 402.5 871.701 0.26666668 4.0 4.0 4.0 4.0 0.0 0.208 2 TOUCH_MOVE y
1403834829163 6 4098 403.23035 871.451 0.26666668 4.0 4.0 4.0 4.0 0.0 0.18800001 2 TOUCH_MOVE y
1403834829168 6 4098 403.23035 871.451 0.26666668 4.0 4.0 4.0 4.0 0.0 0.18800001 1 TOUCH_UP y
1403834829656 6 4098 183.0 856.451 0.13333334 2.0 2.0 2.0 2.0 0.0 0.17600001 0 TOUCH_DOWN e
1403834829730 6 4098 183.0 856.451 0.16666667 3.0 3.0 3.0 3.0 0.0 0.18800001 2 TOUCH_MOVE e
1403834829793 6 4098 183.0 856.451 0.16666667 3.0 3.0 3.0 3.0 0.0 0.18800001 1 TOUCH_UP e
1403834830200 6 4098 323.0 834.951 0.26666668 4.0 4.0 4.0 4.0 0.0 0.192 0 TOUCH_DOWN t
1403834830264 6 4098 323.0 834.951 0.26666668 4.0 4.0 4.0 4.0 0.0 0.18 2 TOUCH_MOVE t
1403834830269 6 4098 323.0 834.951 0.20000002 3.0 3.0 3.0 3.0 0.0 0.124000005 2 TOUCH_MOVE t
1403834830273 6 4098 323.0 834.951 0.20000002 3.0 3.0 3.0 3.0 0.0 0.124000005 1 TOUCH_UP t
1403834830663 6 4098 259.5 1253.4509 0.16666667 4.0 4.0 4.0 4.0 0.0 0.17600001 0 TOUCH_DOWN Space
1403834830682 6 4098 259.5 1253.4509 0.16666667 4.0 4.0 4.0 4.0 0.0 0.18 2 TOUCH_MOVE Space
1403834830714 6 4098 260.5 1251.6008 0.16666667 4.0 4.0 4.0 4.0 0.0 0.18400002 2 TOUCH_MOVE Space
1403834830732 6 4098 260.5 1250.6573 0.16666667 4.0 4.0 4.0 4.0 0.0 0.18400002 2 TOUCH_MOVE Space
1403834830747 6 4098 260.5 1249.6794 0.16666667 4.0 4.0 4.0 4.0 0.0 0.18800001 2 TOUCH_MOVE Space
1403834830764 6 4098 260.5 1248.7201 0.16666667 4.0 4.0 4.0 4.0 0.0 0.18800001 2 TOUCH_MOVE Space
1403834830781 6 4098 260.5 1248.2009 0.16666667 4.0 4.0 4.0 4.0 0.0 0.18800001 2 TOUCH_MOVE Space
1403834830798 6 4098 260.5 1246.713 0.16666667 4.0 4.0 4.0 4.0 0.0 0.18800001 2 TOUCH_MOVE Space
1403834830815 6 4098 259.89117 1240.798 0.20000002 4.0 4.0 4.0 4.0 0.0 0.18400002 2 TOUCH_MOVE Space
1403834830824 6 4098 260.0 1240.4509 0.13333334 3.0 3.0 3.0 3.0 0.0 0.1 2 TOUCH_MOVE Space
1403834830844 6 4098 260.0 1240.4509 0.13333334 3.0 3.0 3.0 3.0 0.0 0.1 1 TOUCH_UP Space
1403834831133 6 4098 358.5 1093.9509 0.16666667 3.0 3.0 3.0 3.0 0.0 0.19600001 0 TOUCH_DOWN v
1403834831156 6 4098 358.5 1093.9509 0.20000002 3.0 3.0 3.0 3.0 0.0 0.2 2 TOUCH_MOVE v
1403834831215 6 4098 357.84515 1095.1057 0.23333335 4.0 4.0 4.0 4.0 0.0 0.19600001 2 TOUCH_MOVE v
1403834831224 6 4098 357.5 1095.4509 0.20000002 4.0 4.0 4.0 4.0 0.0 0.18400002 2 TOUCH_MOVE v
1403834831227 6 4098 357.5 1095.4509 0.20000002 4.0 4.0 4.0 4.0 0.0 0.18400002 1 TOUCH_UP v
1403834831426 6 4098 599.5 855.951 0.20000002 4.0 4.0 4.0 4.0 0.0 0.2 0 TOUCH_DOWN o
1403834831465 6 4098 598.9586 855.951 0.23333335 4.0 4.0 4.0 4.0 0.0 0.21200001 2 TOUCH_MOVE o
1403834831481 6 4098 597.9804 855.951 0.23333335 4.0 4.0 4.0 4.0 0.0 0.216 2 TOUCH_MOVE o
1403834831498 6 4098 597.01733 855.951 0.23333335 4.0 4.0 4.0 4.0 0.0 0.216 2 TOUCH_MOVE o
1403834831515 6 4098 596.75 855.951 0.23333335 4.0 4.0 4.0 4.0 0.0 0.21200001 2 TOUCH_MOVE o
1403834831542 6 4098 596.75 855.951 0.23333335 4.0 4.0 4.0 4.0 0.0 0.21200001 1 TOUCH_UP o
1403834831719 6 4098 547.5 852.451 0.20000002 4.0 4.0 4.0 4.0 0.0 0.2 0 TOUCH_DOWN i
1403834831749 6 4098 546.6436 852.451 0.23333335 4.0 4.0 4.0 4.0 0.0 0.208 2 TOUCH_MOVE i
1403834831765 6 4098 545.6569 852.451 0.23333335 4.0 4.0 4.0 4.0 0.0 0.208 2 TOUCH_MOVE i
1403834831782 6 4098 545.25 852.451 0.23333335 4.0 4.0 4.0 4.0 0.0 0.208 2 TOUCH_MOVE i
1403834831799 6 4098 544.91754 852.451 0.23333335 4.0 4.0 4.0 4.0 0.0 0.208 2 TOUCH_MOVE i
1403834831832 6 4098 545.5 853.451 0.20000002 4.0 4.0 4.0 4.0 0.0 0.18 2 TOUCH_MOVE i
1403834831836 6 4098 545.5 853.451 0.20000002 4.0 4.0 4.0 4.0 0.0 0.18 1 TOUCH_UP i
1403834832214 6 4098 269.5 1241.9509 0.20000002 5.0 5.0 5.0 5.0 0.0 0.18 0 TOUCH_DOWN Space
1403834832240 6 4098 269.5 1241.9509 0.20000002 5.0 5.0 5.0 5.0 0.0 0.18400002 2 TOUCH_MOVE Space
1403834832339 6 4098 269.0 1241.4509 0.16666667 4.0 4.0 4.0 4.0 0.0 0.15200001 2 TOUCH_MOVE Space
1403834832351 6 4098 269.0 1241.4509 0.16666667 4.0 4.0 4.0 4.0 0.0 0.15200001 1 TOUCH_UP Space
1403834832718 6 4098 140.5 968.951 0.16666667 3.0 3.0 3.0 3.0 0.0 0.17600001 0 TOUCH_DOWN s
1403834832726 6 4098 140.79073 968.951 0.20000002 4.0 4.0 4.0 4.0 0.0 0.18400002 2 TOUCH_MOVE s
1403834832746 6 4098 142.0883 968.951 0.20000002 4.0 4.0 4.0 4.0 0.0 0.18800001 2 TOUCH_MOVE s
1403834832751 6 4098 143.9056 968.951 0.20000002 4.0 4.0 4.0 4.0 0.0 0.192 2 TOUCH_MOVE s
1403834832766 6 4098 145.4638 968.951 0.20000002 4.0 4.0 4.0 4.0 0.0 0.192 2 TOUCH_MOVE s
1403834832784 6 4098 146.25 968.951 0.20000002 4.0 4.0 4.0 4.0 0.0 0.192 2 TOUCH_MOVE s
1403834832829 6 4098 146.25 968.951 0.20000002 4.0 4.0 4.0 4.0 0.0 0.192 1 TOUCH_UP s
1403834833320 6 4098 474.0 853.951 0.20000002 3.0 3.0 3.0 3.0 0.0 0.20400001 0 TOUCH_DOWN u
1403834833333 6 4098 474.0 853.951 0.23333335 4.0 4.0 4.0 4.0 0.0 0.208 2 TOUCH_MOVE u
1403834833368 6 4098 474.61487 853.3361 0.26666668 4.0 4.0 4.0 4.0 0.0 0.216 2 TOUCH_MOVE u
1403834833403 6 4098 475.47775 853.451 0.26666668 4.0 4.0 4.0 4.0 0.0 0.216 2 TOUCH_MOVE u
1403834833417 6 4098 475.9555 853.451 0.23333335 4.0 4.0 4.0 4.0 0.0 0.216 2 TOUCH_MOVE u
1403834833433 6 4098 476.75 853.451 0.23333335 4.0 4.0 4.0 4.0 0.0 0.19600001 2 TOUCH_MOVE u
1403834833441 6 4098 476.75 853.451 0.23333335 4.0 4.0 4.0 4.0 0.0 0.19600001 1 TOUCH_UP u
1403834834293 6 4098 694.5 1127.9509 0.20000002 4.0 4.0 4.0 4.0 0.0 0.18800001 0 TOUCH_DOWN Back
1403834834304 6 4098 694.5 1127.9509 0.20000002 4.0 4.0 4.0 4.0 0.0 0.192 2 TOUCH_MOVE Back
1403834834336 6 4098 693.2718 1127.9509 0.23333335 4.0 4.0 4.0 4.0 0.0 0.208 2 TOUCH_MOVE Back
1403834834355 6 4098 691.605 1127.2534 0.23333335 4.0 4.0 4.0 4.0 0.0 0.20400001 2 TOUCH_MOVE Back
1403834834368 6 4098 691.25 1127.4509 0.23333335 4.0 4.0 4.0 4.0 0.0 0.20400001 2 TOUCH_MOVE Back
1403834834380 6 4098 691.25 1127.4509 0.23333335 4.0 4.0 4.0 4.0 0.0 0.20400001 1 TOUCH_UP Back
1403834834804 6 4098 46.0 965.451 0.16666667 3.0 3.0 3.0 3.0 0.0 0.16800001 0 TOUCH_DOWN a
1403834834821 6 4098 46.0 965.451 0.16666667 3.0 3.0 3.0 3.0 0.0 0.17600001 2 TOUCH_MOVE a
1403834834835 6 4098 47.016388 965.451 0.16666667 3.0 3.0 3.0 3.0 0.0 0.18400002 2 TOUCH_MOVE a
1403834834851 6 4098 50.019756 965.451 0.16666667 3.0 3.0 3.0 3.0 0.0 0.18800001 2 TOUCH_MOVE a
1403834834876 6 4098 52.35957 965.451 0.16666667 3.0 3.0 3.0 3.0 0.0 0.18800001 2 TOUCH_MOVE a
1403834834902 6 4098 54.75 965.451 0.16666667 3.0 3.0 3.0 3.0 0.0 0.18400002 2 TOUCH_MOVE a
1403834834956 6 4098 54.0 965.451 0.16666667 3.0 3.0 3.0 3.0 0.0 0.17600001 2 TOUCH_MOVE a
1403834834961 6 4098 54.0 965.451 0.16666667 3.0 3.0 3.0 3.0 0.0 0.17600001 1 TOUCH_UP a
1403834835276 6 4098 463.5 859.451 0.23333335 4.0 4.0 4.0 4.0 0.0 0.208 0 TOUCH_DOWN u
1403834835304 6 4098 463.5 859.451 0.23333335 4.0 4.0 4.0 4.0 0.0 0.21200001 2 TOUCH_MOVE u
1403834835378 6 4098 463.5 859.451 0.23333335 4.0 4.0 4.0 4.0 0.0 0.21200001 1 TOUCH_UP u
1403834835802 6 4098 245.0 1217.9509 0.16666667 3.0 3.0 3.0 3.0 0.0 0.18 0 TOUCH_DOWN Space
1403834835820 6 4098 245.0 1217.9509 0.16666667 3.0 3.0 3.0 3.0 0.0 0.18800001 2 TOUCH_MOVE Space
1403834835936 6 4098 245.0 1215.7686 0.16666667 3.0 3.0 3.0 3.0 0.0 0.192 2 TOUCH_MOVE Space
1403834835953 6 4098 245.0 1215.4509 0.13333334 2.0 2.0 2.0 2.0 0.0 0.132 2 TOUCH_MOVE Space
1403834835958 6 4098 245.0 1215.4509 0.13333334 2.0 2.0 2.0 2.0 0.0 0.132 1 TOUCH_UP Space
1403834836289 6 4098 137.0 993.451 0.23333335 4.0 4.0 4.0 4.0 0.0 0.18 0 TOUCH_DOWN s
1403834836303 6 4098 137.0 993.451 0.23333335 4.0 4.0 4.0 4.0 0.0 0.18400002 2 TOUCH_MOVE s
1403834836336 6 4098 138.46349 993.451 0.26666668 4.0 4.0 4.0 4.0 0.0 0.192 2 TOUCH_MOVE s
1403834836357 6 4098 140.0 993.451 0.26666668 4.0 4.0 4.0 4.0 0.0 0.19600001 2 TOUCH_MOVE s
1403834836370 6 4098 140.75 993.451 0.26666668 4.0 4.0 4.0 4.0 0.0 0.19600001 2 TOUCH_MOVE s
1403834836406 6 4098 139.08961 993.75446 0.23333335 5.0 5.0 5.0 5.0 0.0 0.18 2 TOUCH_MOVE s
1403834836410 6 4098 138.5 993.951 0.23333335 5.0 5.0 5.0 5.0 0.0 0.172 2 TOUCH_MOVE s
1403834836415 6 4098 138.5 993.951 0.23333335 5.0 5.0 5.0 5.0 0.0 0.172 1 TOUCH_UP s
1403834836611 6 4098 43.5 974.451 0.16666667 3.0 3.0 3.0 3.0 0.0 0.17600001 0 TOUCH_DOWN a
1403834836655 6 4098 44.20791 974.2431 0.16666667 3.0 3.0 3.0 3.0 0.0 0.18400002 2 TOUCH_MOVE a
1403834836670 6 4098 45.177746 973.951 0.16666667 3.0 3.0 3.0 3.0 0.0 0.18800001 2 TOUCH_MOVE a
1403834836686 6 4098 46.133293 973.3177 0.16666667 3.0 3.0 3.0 3.0 0.0 0.18800001 2 TOUCH_MOVE a
1403834836703 6 4098 47.09122 973.451 0.16666667 3.0 3.0 3.0 3.0 0.0 0.18800001 2 TOUCH_MOVE a
1403834836755 6 4098 46.42049 973.451 0.16666667 3.0 3.0 3.0 3.0 0.0 0.18 2 TOUCH_MOVE a
1403834836763 6 4098 46.42049 973.451 0.16666667 3.0 3.0 3.0 3.0 0.0 0.18 1 TOUCH_UP a
1403834837468 6 4098 682.0 1232.4509 0.23333335 4.0 4.0 4.0 4.0 0.0 0.18400002 0 TOUCH_DOWN Enter
1403834837501 6 4098 681.6389 1232.4509 0.23333335 4.0 4.0 4.0 4.0 0.0 0.192 2 TOUCH_MOVE Enter
1403834837506 6 4098 680.8144 1231.7653 0.26666668 5.0 5.0 5.0 5.0 0.0 0.208 2 TOUCH_MOVE Enter
1403834837520 6 4098 680.25 1231.2009 0.26666668 5.0 5.0 5.0 5.0 0.0 0.208 2 TOUCH_MOVE Enter
1403834837571 6 4098 681.0766 1231.4509 0.26666668 5.0 5.0 5.0 5.0 0.0 0.208 2 TOUCH_MOVE Enter
1403834837588 6 4098 681.98456 1231.4509 0.23333335 4.0 4.0 4.0 4.0 0.0 0.20400001 2 TOUCH_MOVE Enter
1403834837600 6 4098 682.5 1231.9509 0.20000002 4.0 4.0 4.0 4.0 0.0 0.17600001 2 TOUCH_MOVE Enter
1403834837604 6 4098 682.5 1231.9509 0.20000002 4.0 4.0 4.0 4.0 0.0 0.17600001 1 TOUCH_UP Enter
1403834838470 6 4098 314.5 848.451 0.23333335 4.0 4.0 4.0 4.0 0.0 0.18400002 0 TOUCH_DOWN T
1403834838488 6 4098 314.918 848.033 0.23333335 4.0 4.0 4.0 4.0 0.0 0.192 2 TOUCH_MOVE T
1403834838507 6 4098 316.09427 846.0596 0.26666668 4.0 4.0 4.0 4.0 0.0 0.19600001 2 TOUCH_MOVE T
1403834838521 6 4098 317.2582 844.1928 0.26666668 4.0 4.0 4.0 4.0 0.0 0.2 2 TOUCH_MOVE T
1403834838538 6 4098 317.5 843.2306 0.26666668 4.0 4.0 4.0 4.0 0.0 0.2 2 TOUCH_MOVE T
1403834838615 6 4098 317.5 843.2306 0.26666668 4.0 4.0 4.0 4.0 0.0 0.2 1 TOUCH_UP T
1403834838829 6 4098 431.0 988.951 0.26666668 4.0 4.0 4.0 4.0 0.0 0.2 0 TOUCH_DOWN h
1403834838839 6 4098 431.0 988.951 0.26666668 4.0 4.0 4.0 4.0 0.0 0.20400001 2 TOUCH_MOVE h
1403834838954 6 4098 431.0 988.951 0.26666668 4.0 4.0 4.0 4.0 0.0 0.18 2 TOUCH_MOVE h
1403834838958 6 4098 431.0 988.951 0.26666668 4.0 4.0 4.0 4.0 0.0 0.18 1 TOUCH_UP h
1403834839224 6 4098 469.0 861.451 0.20000002 3.0 3.0 3.0 3.0 0.0 0.2 0 TOUCH_DOWN u
1403834839245 6 4098 469.0 861.451 0.20000002 3.0 3.0 3.0 3.0 0.0 0.20400001 2 TOUCH_MOVE u
1403834839291 6 4098 469.92938 861.451 0.23333335 4.0 4.0 4.0 4.0 0.0 0.21200001 2 TOUCH_MOVE u
1403834839308 6 4098 472.26672 861.451 0.23333335 4.0 4.0 4.0 4.0 0.0 0.20400001 2 TOUCH_MOVE u
1403834839319 6 4098 473.0 861.451 0.16666667 3.0 3.0 3.0 3.0 0.0 0.128 2 TOUCH_MOVE u
1403834839322 6 4098 473.0 861.451 0.16666667 3.0 3.0 3.0 3.0 0.0 0.128 1 TOUCH_UP u
1403834839538 6 4098 610.0 846.951 0.26666668 5.0 5.0 5.0 5.0 0.0 0.20400001 0 TOUCH_DOWN o
1403834839556 6 4098 610.0 846.951 0.26666668 5.0 5.0 5.0 5.0 0.0 0.208 2 TOUCH_MOVE o
1403834839622 6 4098 610.0 847.4651 0.26666668 5.0 5.0 5.0 5.0 0.0 0.216 2 TOUCH_MOVE o
1403834839640 6 4098 610.0 848.5457 0.26666668 5.0 5.0 5.0 5.0 0.0 0.208 2 TOUCH_MOVE o
1403834839656 6 4098 610.55316 850.55725 0.23333335 5.0 5.0 5.0 5.0 0.0 0.17600001 2 TOUCH_MOVE o
1403834839661 6 4098 610.55316 850.55725 0.23333335 5.0 5.0 5.0 5.0 0.0 0.17600001 1 TOUCH_UP o
1403834839966 6 4098 502.0 1135.9509 0.23333335 5.0 5.0 5.0 5.0 0.0 0.2 0 TOUCH_DOWN n
1403834840023 6 4098 502.0 1135.9509 0.23333335 5.0 5.0 5.0 5.0 0.0 0.208 2 TOUCH_MOVE n
1403834840041 6 4098 502.0 1136.7009 0.23333335 5.0 5.0 5.0 5.0 0.0 0.21200001 2 TOUCH_MOVE n
1403834840073 6 4098 502.0 1137.0638 0.23333335 5.0 5.0 5.0 5.0 0.0 0.20400001 2 TOUCH_MOVE n
1403834840095 6 4098 502.0 1137.4509 0.23333335 5.0 5.0 5.0 5.0 0.0 0.18800001 2 TOUCH_MOVE n
1403834840100 6 4098 502.0 1137.4509 0.23333335 5.0 5.0 5.0 5.0 0.0 0.18800001 1 TOUCH_UP n
1403834840258 6 4098 364.0 978.451 0.20000002 3.0 3.0 3.0 3.0 0.0 0.18800001 0 TOUCH_DOWN g
1403834840274 6 4098 364.0 978.451 0.23333335 4.0 4.0 4.0 4.0 0.0 0.192 2 TOUCH_MOVE g
1403834840306 6 4098 364.0 979.453 0.23333335 4.0 4.0 4.0 4.0 0.0 0.2 2 TOUCH_MOVE g
1403834840323 6 4098 364.0 980.4066 0.23333335 4.0 4.0 4.0 4.0 0.0 0.2 2 TOUCH_MOVE g
1403834840355 6 4098 364.0 980.701 0.23333335 4.0 4.0 4.0 4.0 0.0 0.20400001 2 TOUCH_MOVE g
1403834840373 6 4098 363.37076 980.951 0.20000002 3.0 3.0 3.0 3.0 0.0 0.192 2 TOUCH_MOVE g
1403834840381 6 4098 363.0 980.951 0.13333334 2.0 2.0 2.0 2.0 0.0 0.172 2 TOUCH_MOVE g
1403834840384 6 4098 363.0 980.951 0.13333334 2.0 2.0 2.0 2.0 0.0 0.172 1 TOUCH_UP g
1403834840727 6 4098 228.5 1209.9509 0.23333335 4.0 4.0 4.0 4.0 0.0 0.18400002 0 TOUCH_DOWN Space
1403834840744 6 4098 228.5 1210.425 0.23333335 4.0 4.0 4.0 4.0 0.0 0.18800001 2 TOUCH_MOVE Space
1403834840760 6 4098 228.5 1211.3851 0.23333335 4.0 4.0 4.0 4.0 0.0 0.19600001 2 TOUCH_MOVE Space
1403834840773 6 4098 228.5 1212.3442 0.23333335 4.0 4.0 4.0 4.0 0.0 0.2 2 TOUCH_MOVE Space
1403834840790 6 4098 228.15887 1213.2921 0.23333335 4.0 4.0 4.0 4.0 0.0 0.2 2 TOUCH_MOVE Space
1403834840807 6 4098 227.68611 1214.2648 0.23333335 4.0 4.0 4.0 4.0 0.0 0.20400001 2 TOUCH_MOVE Space
1403834840824 6 4098 227.25 1214.7009 0.23333335 4.0 4.0 4.0 4.0 0.0 0.20400001 2 TOUCH_MOVE Space
1403834840858 6 4098 226.78992 1214.9509 0.23333335 4.0 4.0 4.0 4.0 0.0 0.2 2 TOUCH_MOVE Space
1403834840873 6 4098 226.42667 1214.9509 0.23333335 4.0 4.0 4.0 4.0 0.0 0.192 2 TOUCH_MOVE Space
1403834840883 6 4098 226.0 1214.9509 0.23333335 4.0 4.0 4.0 4.0 0.0 0.17600001 2 TOUCH_MOVE Space
1403834840886 6 4098 226.0 1214.9509 0.23333335 4.0 4.0 4.0 4.0 0.0 0.17600001 1 TOUCH_UP Space
1403834840977 6 4098 498.0 1138.4509 0.23333335 5.0 5.0 5.0 5.0 0.0 0.2 0 TOUCH_DOWN n
1403834841097 6 4098 498.0 1138.4509 0.23333335 5.0 5.0 5.0 5.0 0.0 0.2 1 TOUCH_UP n
1403834841321 6 4098 369.5 967.451 0.20000002 4.0 4.0 4.0 4.0 0.0 0.19600001 0 TOUCH_DOWN g
1403834841408 6 4098 370.05762 967.451 0.20000002 4.0 4.0 4.0 4.0 0.0 0.20400001 2 TOUCH_MOVE g
1403834841447 6 4098 370.0 967.451 0.13333334 2.0 2.0 2.0 2.0 0.0 0.172 2 TOUCH_MOVE g
1403834841451 6 4098 370.0 967.451 0.13333334 2.0 2.0 2.0 2.0 0.0 0.172 1 TOUCH_UP g
1403834841718 6 4098 477.0 872.951 0.23333335 4.0 4.0 4.0 4.0 0.0 0.20400001 0 TOUCH_DOWN u
1403834841724 6 4098 477.0 872.951 0.26666668 4.0 4.0 4.0 4.0 0.0 0.208 2 TOUCH_MOVE u
1403834841820 6 4098 477.0 872.951 0.26666668 4.0 4.0 4.0 4.0 0.0 0.208 1 TOUCH_UP u
1403834842028 6 4098 624.5 860.451 0.20000002 4.0 4.0 4.0 4.0 0.0 0.19600001 0 TOUCH_DOWN o
1403834842041 6 4098 624.5 860.451 0.23333335 4.0 4.0 4.0 4.0 0.0 0.2 2 TOUCH_MOVE o
1403834842059 6 4098 624.82275 861.27374 0.23333335 4.0 4.0 4.0 4.0 0.0 0.20400001 2 TOUCH_MOVE o
1403834842075 6 4098 625.2933 862.53754 0.26666668 4.0 4.0 4.0 4.0 0.0 0.208 2 TOUCH_MOVE o
1403834842091 6 4098 625.5 864.4587 0.26666668 4.0 4.0 4.0 4.0 0.0 0.21200001 2 TOUCH_MOVE o
1403834842110 6 4098 625.5 865.94653 0.26666668 4.0 4.0 4.0 4.0 0.0 0.21200001 2 TOUCH_MOVE o
1403834842125 6 4098 625.5 867.1333 0.26666668 4.0 4.0 4.0 4.0 0.0 0.21200001 2 TOUCH_MOVE o
1403834842141 6 4098 625.5 867.701 0.26666668 4.0 4.0 4.0 4.0 0.0 0.21200001 2 TOUCH_MOVE o
1403834842166 6 4098 625.5 867.451 0.26666668 5.0 5.0 5.0 5.0 0.0 0.17600001 2 TOUCH_MOVE o
1403834842169 6 4098 625.5 867.451 0.26666668 5.0 5.0 5.0 5.0 0.0 0.17600001 1 TOUCH_UP o
1403834842333 6 4098 522.5 879.451 0.3 5.0 5.0 5.0 5.0 0.0 0.20400001 0 TOUCH_DOWN i
1403834842342 6 4098 522.5 879.451 0.3 5.0 5.0 5.0 5.0 0.0 0.208 2 TOUCH_MOVE i
1403834842394 6 4098 523.03754 880.4885 0.3 5.0 5.0 5.0 5.0 0.0 0.22000001 2 TOUCH_MOVE i
1403834842408 6 4098 523.9899 882.4308 0.3 5.0 5.0 5.0 5.0 0.0 0.22000001 2 TOUCH_MOVE i
1403834842425 6 4098 525.9149 884.3659 0.3 5.0 5.0 5.0 5.0 0.0 0.216 2 TOUCH_MOVE i
1403834842464 6 4098 528.0 886.451 0.26666668 5.0 5.0 5.0 5.0 0.0 0.148 2 TOUCH_MOVE i
1403834842468 6 4098 528.0 886.451 0.26666668 5.0 5.0 5.0 5.0 0.0 0.148 1 TOUCH_UP i
1403834842690 6 4098 241.0 1229.9509 0.16666667 3.0 3.0 3.0 3.0 0.0 0.18400002 0 TOUCH_DOWN Space
1403834842713 6 4098 241.39131 1229.9509 0.16666667 3.0 3.0 3.0 3.0 0.0 0.18800001 2 TOUCH_MOVE Space
1403834842725 6 4098 242.49715 1229.9509 0.16666667 3.0 3.0 3.0 3.0 0.0 0.19600001 2 TOUCH_MOVE Space
1403834842742 6 4098 244.15964 1229.4509 0.16666667 3.0 3.0 3.0 3.0 0.0 0.19600001 2 TOUCH_MOVE Space
1403834842759 6 4098 245.16583 1229.4509 0.23333335 4.0 4.0 4.0 4.0 0.0 0.19600001 2 TOUCH_MOVE Space
1403834842776 6 4098 246.1284 1229.4509 0.23333335 4.0 4.0 4.0 4.0 0.0 0.19600001 2 TOUCH_MOVE Space
1403834842860 6 4098 245.0 1228.4509 0.16666667 3.0 3.0 3.0 3.0 0.0 0.17600001 2 TOUCH_MOVE Space
1403834842864 6 4098 245.0 1228.4509 0.16666667 3.0 3.0 3.0 3.0 0.0 0.17600001 1 TOUCH_UP Space
1403834843495 6 4098 355.5 967.951 0.13333334 2.0 2.0 2.0 2.0 0.0 0.18800001 0 TOUCH_DOWN g
1403834843576 6 4098 356.05823 967.951 0.20000002 4.0 4.0 4.0 4.0 0.0 0.208 2 TOUCH_MOVE g
1403834843610 6 4098 356.0 968.47815 0.20000002 4.0 4.0 4.0 4.0 0.0 0.19600001 2 TOUCH_MOVE g
1403834843626 6 4098 355.5 968.951 0.13333334 2.0 2.0 2.0 2.0 0.0 0.148 2 TOUCH_MOVE g
1403834843630 6 4098 355.5 968.951 0.13333334 2.0 2.0 2.0 2.0 0.0 0.148 1 TOUCH_UP g
1403834844372 6 4098 695.0 1115.9509 0.23333335 5.0 5.0 5.0 5.0 0.0 0.18400002 0 TOUCH_DOWN Back
1403834844402 6 4098 695.0 1115.9509 0.23333335 5.0 5.0 5.0 5.0 0.0 0.192 2 TOUCH_MOVE Back
1403834844430 6 4098 694.3167 1117.1342 0.23333335 4.0 4.0 4.0 4.0 0.0 0.20400001 2 TOUCH_MOVE Back
1403834844444 6 4098 692.6896 1118.1061 0.26666668 4.0 4.0 4.0 4.0 0.0 0.20400001 2 TOUCH_MOVE Back
1403834844460 6 4098 690.77136 1119.6796 0.26666668 4.0 4.0 4.0 4.0 0.0 0.20400001 2 TOUCH_MOVE Back
1403834844477 6 4098 688.85046 1121.1005 0.23333335 4.0 4.0 4.0 4.0 0.0 0.2 2 TOUCH_MOVE Back
1403834844494 6 4098 688.5 1121.4509 0.16666667 3.0 3.0 3.0 3.0 0.0 0.116000004 2 TOUCH_MOVE Back
1403834844501 6 4098 688.5 1121.4509 0.16666667 3.0 3.0 3.0 3.0 0.0 0.116000004 1 TOUCH_UP Back
1403834844978 6 4098 507.5 1122.9509 0.33333334 5.0 5.0 5.0 5.0 0.0 0.20400001 0 TOUCH_DOWN n
1403834845013 6 4098 504.09128 1119.8378 0.33333334 5.0 5.0 5.0 5.0 0.0 0.22000001 2 TOUCH_MOVE n
1403834845028 6 4098 502.2356 1117.6865 0.33333334 5.0 5.0 5.0 5.0 0.0 0.22000001 2 TOUCH_MOVE n
1403834845044 6 4098 501.27432 1117.4509 0.33333334 5.0 5.0 5.0 5.0 0.0 0.22000001 2 TOUCH_MOVE n
1403834845087 6 4098 501.0 1117.9509 0.33333334 5.0 5.0 5.0 5.0 0.0 0.18 2 TOUCH_MOVE n
1403834845094 6 4098 501.0 1117.9509 0.33333334 5.0 5.0 5.0 5.0 0.0 0.18 1 TOUCH_UP n
1403834845354 6 4098 349.5 967.451 0.16666667 3.0 3.0 3.0 3.0 0.0 0.192 0 TOUCH_DOWN g
1403834845361 6 4098 349.9652 967.451 0.16666667 3.0 3.0 3.0 3.0 0.0 0.19600001 2 TOUCH_MOVE g
1403834845380 6 4098 352.2852 967.0226 0.20000002 4.0 4.0 4.0 4.0 0.0 0.20400001 2 TOUCH_MOVE g
1403834845395 6 4098 355.66412 966.451 0.20000002 4.0 4.0 4.0 4.0 0.0 0.20400001 2 TOUCH_MOVE g
1403834845411 6 4098 357.2351 966.451 0.20000002 4.0 4.0 4.0 4.0 0.0 0.20400001 2 TOUCH_MOVE g
1403834845428 6 4098 358.25 966.451 0.20000002 4.0 4.0 4.0 4.0 0.0 0.20400001 2 TOUCH_MOVE g
1403834845470 6 4098 358.25 966.451 0.20000002 4.0 4.0 4.0 4.0 0.0 0.20400001 1 TOUCH_UP g
1403834845718 6 4098 475.5 868.451 0.23333335 4.0 4.0 4.0 4.0 0.0 0.2 0 TOUCH_DOWN u
1403834845728 6 4098 475.5 868.451 0.23333335 4.0 4.0 4.0 4.0 0.0 0.20400001 2 TOUCH_MOVE u
1403834845762 6 4098 475.5 868.9542 0.26666668 4.0 4.0 4.0 4.0 0.0 0.216 2 TOUCH_MOVE u
1403834845778 6 4098 476.48096 869.93195 0.26666668 4.0 4.0 4.0 4.0 0.0 0.216 2 TOUCH_MOVE u
1403834845796 6 4098 477.43893 870.8899 0.26666668 4.0 4.0 4.0 4.0 0.0 0.21200001 2 TOUCH_MOVE u
1403834845812 6 4098 478.14346 871.5944 0.26666668 4.0 4.0 4.0 4.0 0.0 0.192 2 TOUCH_MOVE u
1403834845819 6 4098 478.14346 871.5944 0.26666668 4.0 4.0 4.0 4.0 0.0 0.192 1 TOUCH_UP u
1403834846027 6 4098 620.0 866.951 0.26666668 4.0 4.0 4.0 4.0 0.0 0.2 0 TOUCH_DOWN o
1403834846045 6 4098 620.0 867.3723 0.26666668 4.0 4.0 4.0 4.0 0.0 0.20400001 2 TOUCH_MOVE o
1403834846062 6 4098 620.0 868.558 0.3 5.0 5.0 5.0 5.0 0.0 0.21200001 2 TOUCH_MOVE o
1403834846079 6 4098 620.0 870.17206 0.3 5.0 5.0 5.0 5.0 0.0 0.216 2 TOUCH_MOVE o
1403834846095 6 4098 620.0 871.16974 0.3 5.0 5.0 5.0 5.0 0.0 0.21200001 2 TOUCH_MOVE o
1403834846112 6 4098 620.0 872.12775 0.3 5.0 5.0 5.0 5.0 0.0 0.21200001 2 TOUCH_MOVE o
1403834846145 6 4098 619.5 871.951 0.26666668 5.0 5.0 5.0 5.0 0.0 0.17600001 2 TOUCH_MOVE o
1403834846150 6 4098 619.5 871.951 0.26666668 5.0 5.0 5.0 5.0 0.0 0.17600001 1 TOUCH_UP o
1403834846337 6 4098 527.0 877.951 0.20000002 4.0 4.0 4.0 4.0 0.0 0.20400001 0 TOUCH_DOWN i
1403834846380 6 4098 527.0 877.951 0.3 5.0 5.0 5.0 5.0 0.0 0.216 2 TOUCH_MOVE i
1403834846395 6 4098 529.53265 877.951 0.3 5.0 5.0 5.0 5.0 0.0 0.22000001 2 TOUCH_MOVE i
1403834846412 6 4098 533.7874 877.451 0.26666668 4.0 4.0 4.0 4.0 0.0 0.22000001 2 TOUCH_MOVE i
1403834846429 6 4098 537.7276 877.0191 0.26666668 4.0 4.0 4.0 4.0 0.0 0.216 2 TOUCH_MOVE i
1403834846445 6 4098 541.17456 876.05945 0.26666668 4.0 4.0 4.0 4.0 0.0 0.2 2 TOUCH_MOVE i
1403834846451 6 4098 541.5 875.951 0.26666668 4.0 4.0 4.0 4.0 0.0 0.17600001 2 TOUCH_MOVE i
1403834846454 6 4098 541.5 875.951 0.26666668 4.0 4.0 4.0 4.0 0.0 0.17600001 1 TOUCH_UP i
1403834846935 6 4098 246.0 1210.4509 0.16666667 3.0 3.0 3.0 3.0 0.0 0.18400002 0 TOUCH_DOWN Space
1403834846947 6 4098 246.0 1210.6593 0.16666667 3.0 3.0 3.0 3.0 0.0 0.18800001 2 TOUCH_MOVE Space
1403834846968 6 4098 246.64493 1211.5958 0.23333335 4.0 4.0 4.0 4.0 0.0 0.19600001 2 TOUCH_MOVE Space
1403834846982 6 4098 248.12885 1212.5798 0.23333335 4.0 4.0 4.0 4.0 0.0 0.19600001 2 TOUCH_MOVE Space
1403834846996 6 4098 249.07396 1213.5249 0.23333335 4.0 4.0 4.0 4.0 0.0 0.2 2 TOUCH_MOVE Space
1403834847017 6 4098 249.0 1214.4812 0.23333335 4.0 4.0 4.0 4.0 0.0 0.19600001 2 TOUCH_MOVE Space
1403834847048 6 4098 249.0 1215.1031 0.20000002 3.0 3.0 3.0 3.0 0.0 0.19600001 2 TOUCH_MOVE Space
1403834847080 6 4098 247.5 1215.4509 0.16666667 3.0 3.0 3.0 3.0 0.0 0.18 2 TOUCH_MOVE Space
1403834847086 6 4098 247.5 1215.4509 0.16666667 3.0 3.0 3.0 3.0 0.0 0.120000005 2 TOUCH_MOVE Space
1403834847092 6 4098 247.5 1215.4509 0.16666667 3.0 3.0 3.0 3.0 0.0 0.120000005 1 TOUCH_UP Space
1403834847259 6 4098 658.0 1001.951 0.3 5.0 5.0 5.0 5.0 0.0 0.19600001 0 TOUCH_DOWN l
1403834847313 6 4098 657.212 1002.739 0.26666668 4.0 4.0 4.0 4.0 0.0 0.21200001 2 TOUCH_MOVE l
1403834847330 6 4098 656.25 1002.951 0.26666668 4.0 4.0 4.0 4.0 0.0 0.21200001 2 TOUCH_MOVE l
1403834847384 6 4098 657.8318 1002.951 0.33333334 5.0 5.0 5.0 5.0 0.0 0.19600001 2 TOUCH_MOVE l
1403834847397 6 4098 658.5 1002.951 0.26666668 5.0 5.0 5.0 5.0 0.0 0.148 2 TOUCH_MOVE l
1403834847418 6 4098 658.5 1002.951 0.26666668 5.0 5.0 5.0 5.0 0.0 0.148 1 TOUCH_UP l
1403834847581 6 4098 75.0 984.951 0.16666667 3.0 3.0 3.0 3.0 0.0 0.14400001 0 TOUCH_DOWN a
1403834847600 6 4098 75.0 985.2807 0.20000002 4.0 4.0 4.0 4.0 0.0 0.18 2 TOUCH_MOVE a
1403834847613 6 4098 75.0 986.6963 0.23333335 5.0 5.0 5.0 5.0 0.0 0.18800001 2 TOUCH_MOVE a
1403834847631 6 4098 75.0 988.61707 0.23333335 5.0 5.0 5.0 5.0 0.0 0.192 2 TOUCH_MOVE a
1403834847647 6 4098 75.0 990.54 0.23333335 5.0 5.0 5.0 5.0 0.0 0.19600001 2 TOUCH_MOVE a
1403834847681 6 4098 74.538284 992.4127 0.23333335 5.0 5.0 5.0 5.0 0.0 0.19600001 2 TOUCH_MOVE a
1403834847697 6 4098 73.57539 993.3756 0.23333335 5.0 5.0 5.0 5.0 0.0 0.192 2 TOUCH_MOVE a
1403834847713 6 4098 72.61632 994.33466 0.26666668 5.0 5.0 5.0 5.0 0.0 0.18 2 TOUCH_MOVE a
1403834847719 6 4098 72.5 994.451 0.26666668 5.0 5.0 5.0 5.0 0.0 0.16000001 2 TOUCH_MOVE a
1403834847723 6 4098 72.5 994.451 0.26666668 5.0 5.0 5.0 5.0 0.0 0.16000001 1 TOUCH_UP a
1403834847901 6 4098 547.5 856.951 0.20000002 4.0 4.0 4.0 4.0 0.0 0.19600001 0 TOUCH_DOWN i
1403834847914 6 4098 547.5 856.951 0.20000002 4.0 4.0 4.0 4.0 0.0 0.2 2 TOUCH_MOVE i
1403834847947 6 4098 547.5 857.5327 0.23333335 4.0 4.0 4.0 4.0 0.0 0.208 2 TOUCH_MOVE i
1403834847981 6 4098 547.5 859.1969 0.23333335 4.0 4.0 4.0 4.0 0.0 0.20400001 2 TOUCH_MOVE i
1403834847997 6 4098 547.5 859.701 0.23333335 4.0 4.0 4.0 4.0 0.0 0.2 2 TOUCH_MOVE i
1403834848008 6 4098 547.5 859.701 0.23333335 4.0 4.0 4.0 4.0 0.0 0.2 1 TOUCH_UP i
1403834848348 6 4098 213.0 1224.4509 0.26666668 5.0 5.0 5.0 5.0 0.0 0.18400002 0 TOUCH_DOWN Space
1403834848367 6 4098 213.0 1224.4509 0.26666668 5.0 5.0 5.0 5.0 0.0 0.18800001 2 TOUCH_MOVE Space
1403834848431 6 4098 213.52159 1224.4509 0.26666668 5.0 5.0 5.0 5.0 0.0 0.2 2 TOUCH_MOVE Space
1403834848464 6 4098 214.15294 1223.798 0.26666668 5.0 5.0 5.0 5.0 0.0 0.2 2 TOUCH_MOVE Space
1403834848481 6 4098 214.0 1222.8883 0.26666668 5.0 5.0 5.0 5.0 0.0 0.19600001 2 TOUCH_MOVE Space
1403834848498 6 4098 214.0 1220.876 0.26666668 5.0 5.0 5.0 5.0 0.0 0.192 2 TOUCH_MOVE Space
1403834848516 6 4098 213.5 1218.4509 0.26666668 5.0 5.0 5.0 5.0 0.0 0.18400002 2 TOUCH_MOVE Space
1403834848518 6 4098 213.5 1218.4509 0.26666668 5.0 5.0 5.0 5.0 0.0 0.16000001 2 TOUCH_MOVE Space
1403834848521 6 4098 213.5 1218.4509 0.26666668 5.0 5.0 5.0 5.0 0.0 0.16000001 1 TOUCH_UP Space
1403834849060 6 4098 342.5 857.951 0.20000002 4.0 4.0 4.0 4.0 0.0 0.18400002 0 TOUCH_DOWN t
1403834849101 6 4098 341.4745 857.951 0.20000002 4.0 4.0 4.0 4.0 0.0 0.19600001 2 TOUCH_MOVE t
1403834849131 6 4098 340.83997 857.951 0.20000002 4.0 4.0 4.0 4.0 0.0 0.2 2 TOUCH_MOVE t
1403834849149 6 4098 340.268 857.951 0.20000002 4.0 4.0 4.0 4.0 0.0 0.2 2 TOUCH_MOVE t
1403834849174 6 4098 340.0 858.88947 0.20000002 4.0 4.0 4.0 4.0 0.0 0.2 2 TOUCH_MOVE t
1403834849187 6 4098 339.5 859.451 0.26666668 5.0 5.0 5.0 5.0 0.0 0.156 2 TOUCH_MOVE t
1403834849193 6 4098 339.5 859.451 0.26666668 5.0 5.0 5.0 5.0 0.0 0.156 1 TOUCH_UP t
1403834849396 6 4098 424.0 979.451 0.26666668 4.0 4.0 4.0 4.0 0.0 0.20400001 0 TOUCH_DOWN h
1403834849448 6 4098 425.25 979.451 0.26666668 4.0 4.0 4.0 4.0 0.0 0.216 2 TOUCH_MOVE h
1403834849467 6 4098 425.72388 979.67487 0.26666668 4.0 4.0 4.0 4.0 0.0 0.22000001 2 TOUCH_MOVE h
1403834849483 6 4098 426.5 980.6274 0.26666668 4.0 4.0 4.0 4.0 0.0 0.216 2 TOUCH_MOVE h
1403834849498 6 4098 427.14554 981.59656 0.26666668 4.0 4.0 4.0 4.0 0.0 0.216 2 TOUCH_MOVE h
1403834849515 6 4098 427.0 982.53784 0.26666668 4.0 4.0 4.0 4.0 0.0 0.208 2 TOUCH_MOVE h
1403834849532 6 4098 427.0 982.451 0.23333335 4.0 4.0 4.0 4.0 0.0 0.17600001 2 TOUCH_MOVE h
1403834849535 6 4098 427.0 982.451 0.23333335 4.0 4.0 4.0 4.0 0.0 0.17600001 1 TOUCH_UP h
1403834849771 6 4098 486.5 859.451 0.23333335 4.0 4.0 4.0 4.0 0.0 0.208 0 TOUCH_DOWN u
1403834849815 6 4098 486.12054 858.57153 0.26666668 4.0 4.0 4.0 4.0 0.0 0.22000001 2 TOUCH_MOVE u
1403834849832 6 4098 485.75 858.201 0.26666668 4.0 4.0 4.0 4.0 0.0 0.22000001 2 TOUCH_MOVE u
1403834849868 6 4098 486.96677 857.7176 0.23333335 4.0 4.0 4.0 4.0 0.0 0.208 2 TOUCH_MOVE u
1403834849881 6 4098 491.0 856.451 0.23333335 5.0 5.0 5.0 5.0 0.0 0.18 2 TOUCH_MOVE u
1403834849910 6 4098 491.0 856.451 0.23333335 5.0 5.0 5.0 5.0 0.0 0.18 1 TOUCH_UP u
1403834850063 6 4098 629.0 842.951 0.26666668 4.0 4.0 4.0 4.0 0.0 0.19600001 0 TOUCH_DOWN o
1403834850089 6 4098 627.71686 842.68994 0.26666668 4.0 4.0 4.0 4.0 0.0 0.20400001 2 TOUCH_MOVE o
1403834850100 6 4098 625.58887 842.451 0.26666668 4.0 4.0 4.0 4.0 0.0 0.208 2 TOUCH_MOVE o
1403834850116 6 4098 623.61115 842.451 0.26666668 4.0 4.0 4.0 4.0 0.0 0.21200001 2 TOUCH_MOVE o
1403834850132 6 4098 622.8541 843.59686 0.26666668 4.0 4.0 4.0 4.0 0.0 0.21200001 2 TOUCH_MOVE o
1403834850149 6 4098 623.0 844.00574 0.26666668 4.0 4.0 4.0 4.0 0.0 0.208 2 TOUCH_MOVE o
1403834850168 6 4098 623.0 844.4808 0.23333335 4.0 4.0 4.0 4.0 0.0 0.18800001 2 TOUCH_MOVE o
1403834850176 6 4098 623.0 844.451 0.16666667 3.0 3.0 3.0 3.0 0.0 0.104 2 TOUCH_MOVE o
1403834850180 6 4098 623.0 844.451 0.16666667 3.0 3.0 3.0 3.0 0.0 0.104 1 TOUCH_UP o
1403834850494 6 4098 499.5 1135.9509 0.23333335 5.0 5.0 5.0 5.0 0.0 0.2 0 TOUCH_DOWN n
1403834850566 6 4098 499.5 1135.9509 0.26666668 5.0 5.0 5.0 5.0 0.0 0.21200001 2 TOUCH_MOVE n
1403834850600 6 4098 498.84634 1135.9509 0.26666668 5.0 5.0 5.0 5.0 0.0 0.21200001 2 TOUCH_MOVE n
1403834850616 6 4098 498.26965 1135.9509 0.23333335 5.0 5.0 5.0 5.0 0.0 0.192 2 TOUCH_MOVE n
1403834850622 6 4098 498.26965 1135.9509 0.23333335 5.0 5.0 5.0 5.0 0.0 0.192 1 TOUCH_UP n
1403834850934 6 4098 363.5 982.951 0.23333335 4.0 4.0 4.0 4.0 0.0 0.18800001 0 TOUCH_DOWN g
1403834850953 6 4098 363.5 982.951 0.23333335 4.0 4.0 4.0 4.0 0.0 0.192 2 TOUCH_MOVE g
1403834850977 6 4098 364.14563 983.451 0.26666668 4.0 4.0 4.0 4.0 0.0 0.19600001 2 TOUCH_MOVE g
1403834850983 6 4098 365.12354 984.0745 0.26666668 4.0 4.0 4.0 4.0 0.0 0.2 2 TOUCH_MOVE g
1403834851000 6 4098 365.75 983.951 0.26666668 4.0 4.0 4.0 4.0 0.0 0.19600001 2 TOUCH_MOVE g
1403834851034 6 4098 365.5 984.96 0.20000002 4.0 4.0 4.0 4.0 0.0 0.18400002 2 TOUCH_MOVE g
1403834851045 6 4098 365.5 984.951 0.16666667 3.0 3.0 3.0 3.0 0.0 0.116000004 2 TOUCH_MOVE g
1403834851048 6 4098 365.5 984.951 0.16666667 3.0 3.0 3.0 3.0 0.0 0.116000004 1 TOUCH_UP g
1403834851428 6 4098 265.5 1202.4509 0.23333335 4.0 4.0 4.0 4.0 0.0 0.18400002 0 TOUCH_DOWN Space
1403834851435 6 4098 265.5 1202.4509 0.26666668 5.0 5.0 5.0 5.0 0.0 0.18800001 2 TOUCH_MOVE Space
1403834851467 6 4098 265.5 1203.438 0.26666668 5.0 5.0 5.0 5.0 0.0 0.192 2 TOUCH_MOVE Space
1403834851483 6 4098 265.5 1204.2009 0.26666668 5.0 5.0 5.0 5.0 0.0 0.19600001 2 TOUCH_MOVE Space
1403834851503 6 4098 265.5 1204.8999 0.26666668 5.0 5.0 5.0 5.0 0.0 0.19600001 2 TOUCH_MOVE Space
1403834851520 6 4098 265.5 1205.2009 0.26666668 5.0 5.0 5.0 5.0 0.0 0.19600001 2 TOUCH_MOVE Space
1403834851567 6 4098 266.07657 1204.9509 0.26666668 5.0 5.0 5.0 5.0 0.0 0.192 2 TOUCH_MOVE Space
1403834851582 6 4098 266.07657 1204.9509 0.26666668 5.0 5.0 5.0 5.0 0.0 0.192 1 TOUCH_UP Space
1403834851931 6 4098 312.5 841.451 0.26666668 4.0 4.0 4.0 4.0 0.0 0.192 0 TOUCH_DOWN t
1403834851954 6 4098 312.92035 841.451 0.26666668 4.0 4.0 4.0 4.0 0.0 0.19600001 2 TOUCH_MOVE t
1403834851969 6 4098 313.80066 841.451 0.26666668 4.0 4.0 4.0 4.0 0.0 0.2 2 TOUCH_MOVE t
1403834851984 6 4098 314.25 841.451 0.26666668 4.0 4.0 4.0 4.0 0.0 0.20400001 2 TOUCH_MOVE t
1403834852018 6 4098 313.25 842.701 0.23333335 4.0 4.0 4.0 4.0 0.0 0.19600001 2 TOUCH_MOVE t
1403834852034 6 4098 312.0 843.451 0.13333334 2.0 2.0 2.0 2.0 0.0 0.15200001 2 TOUCH_MOVE t
1403834852038 6 4098 312.0 843.451 0.13333334 2.0 2.0 2.0 2.0 0.0 0.15200001 1 TOUCH_UP t
1403834852322 6 4098 78.5 971.951 0.13333334 2.0 2.0 2.0 2.0 0.0 0.18 0 TOUCH_DOWN a
1403834852351 6 4098 80.669334 971.951 0.20000002 4.0 4.0 4.0 4.0 0.0 0.192 2 TOUCH_MOVE a
1403834852368 6 4098 84.91267 971.951 0.20000002 4.0 4.0 4.0 4.0 0.0 0.19600001 2 TOUCH_MOVE a
1403834852386 6 4098 87.59329 971.951 0.20000002 4.0 4.0 4.0 4.0 0.0 0.19600001 2 TOUCH_MOVE a
1403834852407 6 4098 89.5 971.951 0.20000002 4.0 4.0 4.0 4.0 0.0 0.2 2 TOUCH_MOVE a
1403834852418 6 4098 90.5 972.1756 0.20000002 4.0 4.0 4.0 4.0 0.0 0.19600001 2 TOUCH_MOVE a
1403834852435 6 4098 91.19751 972.6485 0.20000002 4.0 4.0 4.0 4.0 0.0 0.19600001 2 TOUCH_MOVE a
1403834852454 6 4098 91.75 973.201 0.20000002 4.0 4.0 4.0 4.0 0.0 0.19600001 2 TOUCH_MOVE a
1403834852489 6 4098 91.5 973.451 0.16666667 3.0 3.0 3.0 3.0 0.0 0.112 2 TOUCH_MOVE a
1403834852493 6 4098 91.5 973.451 0.16666667 3.0 3.0 3.0 3.0 0.0 0.112 1 TOUCH_UP a
1403834853028 6 4098 689.0 1240.4509 0.13333334 3.0 3.0 3.0 3.0 0.0 0.17600001 0 TOUCH_DOWN Enter
1403834853036 6 4098 688.6121 1240.0631 0.20000002 4.0 4.0 4.0 4.0 0.0 0.18800001 2 TOUCH_MOVE Enter
1403834853052 6 4098 687.53314 1238.4841 0.20000002 4.0 4.0 4.0 4.0 0.0 0.19600001 2 TOUCH_MOVE Enter
1403834853086 6 4098 685.33514 1236.2861 0.20000002 4.0 4.0 4.0 4.0 0.0 0.19600001 2 TOUCH_MOVE Enter
1403834853102 6 4098 684.75 1235.7009 0.20000002 4.0 4.0 4.0 4.0 0.0 0.19600001 2 TOUCH_MOVE Enter
1403834853127 6 4098 684.75 1235.7009 0.20000002 4.0 4.0 4.0 4.0 0.0 0.19600001 1 TOUCH_UP Enter
1403834853912 6 4098 404.5 867.451 0.26666668 4.0 4.0 4.0 4.0 0.0 0.20400001 0 TOUCH_DOWN Y
1403834853955 6 4098 404.0 868.0541 0.26666668 4.0 4.0 4.0 4.0 0.0 0.20400001 2 TOUCH_MOVE Y
1403834853969 6 4098 403.43207 869.0189 0.26666668 4.0 4.0 4.0 4.0 0.0 0.20400001 2 TOUCH_MOVE Y
1403834853986 6 4098 403.0 869.9797 0.26666668 4.0 4.0 4.0 4.0 0.0 0.19600001 2 TOUCH_MOVE Y
1403834854011 6 4098 403.0 869.9797 0.26666668 4.0 4.0 4.0 4.0 0.0 0.19600001 1 TOUCH_UP Y
1403834854266 6 4098 176.0 856.451 0.20000002 4.0 4.0 4.0 4.0 0.0 0.18 0 TOUCH_DOWN e
1403834854286 6 4098 176.40273 856.451 0.16666667 3.0 3.0 3.0 3.0 0.0 0.18 2 TOUCH_MOVE e
1403834854303 6 4098 180.46706 856.732 0.13333334 2.0 2.0 2.0 2.0 0.0 0.18400002 2 TOUCH_MOVE e
1403834854319 6 4098 188.87271 857.18506 0.16666667 3.0 3.0 3.0 3.0 0.0 0.18800001 2 TOUCH_MOVE e
1403834854337 6 4098 194.27252 857.451 0.16666667 3.0 3.0 3.0 3.0 0.0 0.18800001 2 TOUCH_MOVE e
1403834854370 6 4098 198.12263 857.451 0.16666667 3.0 3.0 3.0 3.0 0.0 0.192 2 TOUCH_MOVE e
1403834854420 6 4098 195.97752 856.9435 0.13333334 2.0 2.0 2.0 2.0 0.0 0.18 2 TOUCH_MOVE e
1403834854431 6 4098 196.0 856.951 0.13333334 2.0 2.0 2.0 2.0 0.0 0.156 2 TOUCH_MOVE e
1403834854434 6 4098 196.0 856.951 0.13333334 2.0 2.0 2.0 2.0 0.0 0.156 1 TOUCH_UP e
1403834854527 6 4098 471.5 854.951 0.13333334 2.0 2.0 2.0 2.0 0.0 0.192 0 TOUCH_DOWN u
1403834854553 6 4098 471.5 854.951 0.16666667 3.0 3.0 3.0 3.0 0.0 0.2 2 TOUCH_MOVE u
1403834854570 6 4098 473.81406 854.951 0.16666667 3.0 3.0 3.0 3.0 0.0 0.2 2 TOUCH_MOVE u
1403834854587 6 4098 475.70898 855.5555 0.16666667 3.0 3.0 3.0 3.0 0.0 0.20400001 2 TOUCH_MOVE u
1403834854603 6 4098 476.5035 856.4545 0.23333335 4.0 4.0 4.0 4.0 0.0 0.20400001 2 TOUCH_MOVE u
1403834854622 6 4098 477.5308 857.4818 0.16666667 3.0 3.0 3.0 3.0 0.0 0.18800001 2 TOUCH_MOVE u
1403834854631 6 4098 478.0 857.451 0.13333334 2.0 2.0 2.0 2.0 0.0 0.14 2 TOUCH_MOVE u
1403834854638 6 4098 478.0 857.451 0.13333334 2.0 2.0 2.0 2.0 0.0 0.14 1 TOUCH_UP u
1403834855114 6 4098 271.5 1227.4509 0.26666668 5.0 5.0 5.0 5.0 0.0 0.18 0 TOUCH_DOWN Space
1403834855137 6 4098 271.5 1227.4509 0.26666668 5.0 5.0 5.0 5.0 0.0 0.18800001 2 TOUCH_MOVE Space
1403834855280 6 4098 271.5 1227.4509 0.26666668 5.0 5.0 5.0 5.0 0.0 0.18800001 1 TOUCH_UP Space
1403834855461 6 4098 507.5 1132.9509 0.23333335 4.0 4.0 4.0 4.0 0.0 0.2 0 TOUCH_DOWN n
1403834855471 6 4098 507.5 1132.9509 0.26666668 5.0 5.0 5.0 5.0 0.0 0.20400001 2 TOUCH_MOVE n
1403834855504 6 4098 506.07236 1131.5233 0.3 5.0 5.0 5.0 5.0 0.0 0.208 2 TOUCH_MOVE n
1403834855521 6 4098 505.5 1130.556 0.3 5.0 5.0 5.0 5.0 0.0 0.21200001 2 TOUCH_MOVE n
1403834855537 6 4098 505.5 1130.0212 0.3 5.0 5.0 5.0 5.0 0.0 0.21200001 2 TOUCH_MOVE n
1403834855556 6 4098 505.5 1129.7202 0.3 5.0 5.0 5.0 5.0 0.0 0.21200001 2 TOUCH_MOVE n
1403834855574 6 4098 505.5 1129.1707 0.3 5.0 5.0 5.0 5.0 0.0 0.21200001 2 TOUCH_MOVE n
1403834855587 6 4098 506.23657 1128.2144 0.26666668 4.0 4.0 4.0 4.0 0.0 0.19600001 2 TOUCH_MOVE n
1403834855595 6 4098 506.5 1127.9509 0.20000002 3.0 3.0 3.0 3.0 0.0 0.104 2 TOUCH_MOVE n
1403834855599 6 4098 506.5 1127.9509 0.20000002 3.0 3.0 3.0 3.0 0.0 0.104 1 TOUCH_UP n
1403834855878 6 4098 444.5 997.951 0.33333334 5.0 5.0 5.0 5.0 0.0 0.208 0 TOUCH_DOWN h
1403834855893 6 4098 444.5 997.951 0.33333334 5.0 5.0 5.0 5.0 0.0 0.21200001 2 TOUCH_MOVE h
1403834855956 6 4098 445.75 999.201 0.33333334 5.0 5.0 5.0 5.0 0.0 0.208 2 TOUCH_MOVE h
1403834855971 6 4098 446.5 999.951 0.33333334 5.0 5.0 5.0 5.0 0.0 0.192 2 TOUCH_MOVE h
1403834855977 6 4098 446.5 999.951 0.26666668 5.0 5.0 5.0 5.0 0.0 0.15200001 2 TOUCH_MOVE h
1403834855981 6 4098 446.5 999.951 0.26666668 5.0 5.0 5.0 5.0 0.0 0.15200001 1 TOUCH_UP h
1403834856180 6 4098 66.5 972.951 0.16666667 3.0 3.0 3.0 3.0 0.0 0.172 0 TOUCH_DOWN a
1403834856191 6 4098 66.5 972.951 0.13333334 2.0 2.0 2.0 2.0 0.0 0.17600001 2 TOUCH_MOVE a
1403834856305 6 4098 66.0 973.451 0.16666667 3.0 3.0 3.0 3.0 0.0 0.120000005 2 TOUCH_MOVE a
1403834856311 6 4098 66.0 973.451 0.16666667 3.0 3.0 3.0 3.0 0.0 0.120000005 1 TOUCH_UP a
1403834856475 6 4098 470.0 868.951 0.26666668 4.0 4.0 4.0 4.0 0.0 0.21200001 0 TOUCH_DOWN u
1403834856488 6 4098 470.0 868.951 0.26666668 4.0 4.0 4.0 4.0 0.0 0.216 2 TOUCH_MOVE u
1403834856568 6 4098 470.0 868.951 0.20000002 4.0 4.0 4.0 4.0 0.0 0.17600001 2 TOUCH_MOVE u
1403834856572 6 4098 470.0 868.951 0.20000002 4.0 4.0 4.0 4.0 0.0 0.17600001 1 TOUCH_UP u
1403834856932 6 4098 214.5 1246.4509 0.20000002 5.0 5.0 5.0 5.0 0.0 0.17600001 0 TOUCH_DOWN Space
1403834856939 6 4098 214.5 1246.4509 0.20000002 5.0 5.0 5.0 5.0 0.0 0.18 2 TOUCH_MOVE Space
1403834856989 6 4098 214.5 1245.0507 0.20000002 5.0 5.0 5.0 5.0 0.0 0.18400002 2 TOUCH_MOVE Space
1403834857005 6 4098 214.5 1244.0605 0.20000002 5.0 5.0 5.0 5.0 0.0 0.18800001 2 TOUCH_MOVE Space
1403834857022 6 4098 214.5 1243.1064 0.20000002 5.0 5.0 5.0 5.0 0.0 0.18800001 2 TOUCH_MOVE Space
1403834857039 6 4098 214.5 1242.7009 0.20000002 5.0 5.0 5.0 5.0 0.0 0.18800001 2 TOUCH_MOVE Space
1403834857096 6 4098 214.5 1242.7009 0.20000002 5.0 5.0 5.0 5.0 0.0 0.18800001 1 TOUCH_UP Space
1403834857413 6 4098 210.0 975.451 0.23333335 5.0 5.0 5.0 5.0 0.0 0.18400002 0 TOUCH_DOWN d
1403834857439 6 4098 211.3607 976.8117 0.26666668 5.0 5.0 5.0 5.0 0.0 0.18800001 2 TOUCH_MOVE d
1403834857456 6 4098 212.25 976.951 0.26666668 5.0 5.0 5.0 5.0 0.0 0.18800001 2 TOUCH_MOVE d
1403834857520 6 4098 212.25 976.951 0.26666668 5.0 5.0 5.0 5.0 0.0 0.18800001 1 TOUCH_UP d
1403834857732 6 4098 469.0 849.951 0.20000002 3.0 3.0 3.0 3.0 0.0 0.20400001 0 TOUCH_DOWN u
1403834857740 6 4098 469.0 849.951 0.23333335 4.0 4.0 4.0 4.0 0.0 0.208 2 TOUCH_MOVE u
1403834857789 6 4098 468.4947 849.951 0.26666668 4.0 4.0 4.0 4.0 0.0 0.216 2 TOUCH_MOVE u
1403834857823 6 4098 468.0 850.8862 0.26666668 4.0 4.0 4.0 4.0 0.0 0.21200001 2 TOUCH_MOVE u
1403834857841 6 4098 468.0 850.951 0.23333335 4.0 4.0 4.0 4.0 0.0 0.21200001 2 TOUCH_MOVE u
1403834857859 6 4098 468.0 850.951 0.13333334 2.0 2.0 2.0 2.0 0.0 0.104 2 TOUCH_MOVE u
1403834857862 6 4098 468.0 850.951 0.13333334 2.0 2.0 2.0 2.0 0.0 0.104 1 TOUCH_UP u
1403834858084 6 4098 261.0 1228.4509 0.23333335 4.0 4.0 4.0 4.0 0.0 0.18400002 0 TOUCH_DOWN Space
1403834858107 6 4098 261.0 1228.4509 0.23333335 4.0 4.0 4.0 4.0 0.0 0.18800001 2 TOUCH_MOVE Space
1403834858173 6 4098 261.0 1227.8937 0.26666668 5.0 5.0 5.0 5.0 0.0 0.20400001 2 TOUCH_MOVE Space
1403834858256 6 4098 260.077 1226.605 0.23333335 4.0 4.0 4.0 4.0 0.0 0.192 2 TOUCH_MOVE Space
1403834858261 6 4098 260.0 1226.4509 0.20000002 3.0 3.0 3.0 3.0 0.0 0.18 2 TOUCH_MOVE Space
1403834858266 6 4098 260.0 1226.4509 0.20000002 3.0 3.0 3.0 3.0 0.0 0.18 1 TOUCH_UP Space
1403834858523 6 4098 600.0 1138.9509 0.20000002 4.0 4.0 4.0 4.0 0.0 0.19600001 0 TOUCH_DOWN m
1403834858542 6 4098 600.0 1138.9509 0.20000002 4.0 4.0 4.0 4.0 0.0 0.2 2 TOUCH_MOVE m
1403834858573 6 4098 598.8918 1138.9509 0.26666668 4.0 4.0 4.0 4.0 0.0 0.216 2 TOUCH_MOVE m
1403834858590 6 4098 597.8555 1138.9509 0.26666668 4.0 4.0 4.0 4.0 0.0 0.21200001 2 TOUCH_MOVE m
1403834858607 6 4098 597.07654 1139.4509 0.26666668 4.0 4.0 4.0 4.0 0.0 0.216 2 TOUCH_MOVE m
1403834858629 6 4098 595.92615 1139.4509 0.23333335 4.0 4.0 4.0 4.0 0.0 0.208 2 TOUCH_MOVE m
1403834858646 6 4098 595.92615 1139.4509 0.23333335 4.0 4.0 4.0 4.0 0.0 0.208 1 TOUCH_UP m
1403834858914 6 4098 51.5 971.951 0.16666667 3.0 3.0 3.0 3.0 0.0 0.156 0 TOUCH_DOWN a
1403834858932 6 4098 51.780796 971.951 0.16666667 3.0 3.0 3.0 3.0 0.0 0.17600001 2 TOUCH_MOVE a
1403834858954 6 4098 52.627396 971.951 0.16666667 3.0 3.0 3.0 3.0 0.0 0.18400002 2 TOUCH_MOVE a
1403834858960 6 4098 54.02959 971.951 0.16666667 3.0 3.0 3.0 3.0 0.0 0.18400002 2 TOUCH_MOVE a
1403834858974 6 4098 55.237965 971.951 0.16666667 3.0 3.0 3.0 3.0 0.0 0.18800001 2 TOUCH_MOVE a
1403834858991 6 4098 56.19923 971.951 0.16666667 3.0 3.0 3.0 3.0 0.0 0.18400002 2 TOUCH_MOVE a
1403834859050 6 4098 56.19923 971.951 0.16666667 3.0 3.0 3.0 3.0 0.0 0.18400002 1 TOUCH_UP a
1403834859608 6 4098 393.0 861.451 0.20000002 4.0 4.0 4.0 4.0 0.0 0.19600001 0 TOUCH_DOWN y
1403834859630 6 4098 393.0 860.76 0.20000002 4.0 4.0 4.0 4.0 0.0 0.2 2 TOUCH_MOVE y
1403834859641 6 4098 393.0 859.7945 0.20000002 4.0 4.0 4.0 4.0 0.0 0.2 2 TOUCH_MOVE y
1403834859676 6 4098 393.0 860.4636 0.23333335 4.0 4.0 4.0 4.0 0.0 0.19600001 2 TOUCH_MOVE y
1403834859696 6 4098 393.0 860.4636 0.23333335 4.0 4.0 4.0 4.0 0.0 0.19600001 1 TOUCH_UP y
1403834860041 6 4098 244.5 1261.5 0.10000001 2.0 2.0 2.0 2.0 0.0 0.148 0 TOUCH_DOWN Space
1403834860064 6 4098 244.5 1261.5 0.10000001 2.0 2.0 2.0 2.0 0.0 0.16800001 2 TOUCH_MOVE Space
1403834860077 6 4098 244.5 1259.1938 0.16666667 4.0 4.0 4.0 4.0 0.0 0.18 2 TOUCH_MOVE Space
1403834860092 6 4098 244.5 1251.9052 0.16666667 4.0 4.0 4.0 4.0 0.0 0.18800001 2 TOUCH_MOVE Space
1403834860108 6 4098 244.5 1247.2039 0.16666667 4.0 4.0 4.0 4.0 0.0 0.18800001 2 TOUCH_MOVE Space
1403834860125 6 4098 244.5 1244.9257 0.16666667 4.0 4.0 4.0 4.0 0.0 0.18800001 2 TOUCH_MOVE Space
1403834860142 6 4098 243.52867 1243.9796 0.16666667 4.0 4.0 4.0 4.0 0.0 0.18800001 2 TOUCH_MOVE Space
1403834860169 6 4098 243.28868 1243.4509 0.16666667 4.0 4.0 4.0 4.0 0.0 0.18800001 2 TOUCH_MOVE Space
1403834860178 6 4098 242.6098 1243.4509 0.16666667 4.0 4.0 4.0 4.0 0.0 0.18800001 2 TOUCH_MOVE Space
1403834860192 6 4098 242.0 1242.9509 0.16666667 4.0 4.0 4.0 4.0 0.0 0.18400002 2 TOUCH_MOVE Space
1403834860198 6 4098 242.0 1242.9509 0.10000001 2.0 2.0 2.0 2.0 0.0 0.132 2 TOUCH_MOVE Space
1403834860202 6 4098 242.0 1242.9509 0.10000001 2.0 2.0 2.0 2.0 0.0 0.132 1 TOUCH_UP Space
1403834860505 6 4098 256.5 1102.9509 0.26666668 4.0 4.0 4.0 4.0 0.0 0.18800001 0 TOUCH_DOWN c
1403834860544 6 4098 257.00433 1103.4553 0.26666668 4.0 4.0 4.0 4.0 0.0 0.2 2 TOUCH_MOVE c
1403834860561 6 4098 257.98276 1104.4337 0.26666668 4.0 4.0 4.0 4.0 0.0 0.2 2 TOUCH_MOVE c
1403834860575 6 4098 258.0 1104.9221 0.26666668 4.0 4.0 4.0 4.0 0.0 0.2 2 TOUCH_MOVE c
1403834860592 6 4098 258.0 1105.7009 0.3 5.0 5.0 5.0 5.0 0.0 0.2 2 TOUCH_MOVE c
1403834860609 6 4098 257.31708 1105.4509 0.26666668 4.0 4.0 4.0 4.0 0.0 0.18400002 2 TOUCH_MOVE c
1403834860616 6 4098 257.31708 1105.4509 0.26666668 4.0 4.0 4.0 4.0 0.0 0.18400002 1 TOUCH_UP c
1403834860914 6 4098 58.5 923.451 0.20000002 3.0 3.0 3.0 3.0 0.0 0.148 0 TOUCH_DOWN a
1403834860926 6 4098 58.5 923.451 0.20000002 3.0 3.0 3.0 3.0 0.0 0.16000001 2 TOUCH_MOVE a
1403834860944 6 4098 57.91841 926.35895 0.23333335 4.0 4.0 4.0 4.0 0.0 0.18400002 2 TOUCH_MOVE a
1403834860959 6 4098 56.959335 930.61365 0.23333335 4.0 4.0 4.0 4.0 0.0 0.18800001 2 TOUCH_MOVE a
1403834860976 6 4098 56.499683 932.9516 0.26666668 5.0 5.0 5.0 5.0 0.0 0.18800001 2 TOUCH_MOVE a
1403834860992 6 4098 56.5 934.39703 0.26666668 5.0 5.0 5.0 5.0 0.0 0.18800001 2 TOUCH_MOVE a
1403834861009 6 4098 56.5 935.201 0.23333335 4.0 4.0 4.0 4.0 0.0 0.18400002 2 TOUCH_MOVE a
1403834861026 6 4098 55.81343 934.951 0.26666668 5.0 5.0 5.0 5.0 0.0 0.18400002 2 TOUCH_MOVE a
1403834861045 6 4098 55.5 934.951 0.23333335 4.0 4.0 4.0 4.0 0.0 0.17600001 2 TOUCH_MOVE a
1403834861048 6 4098 55.5 934.951 0.20000002 3.0 3.0 3.0 3.0 0.0 0.1 2 TOUCH_MOVE a
1403834861053 6 4098 55.5 934.951 0.20000002 3.0 3.0 3.0 3.0 0.0 0.1 1 TOUCH_UP a
1403834861403 6 4098 272.0 1116.9509 0.3 5.0 5.0 5.0 5.0 0.0 0.19600001 0 TOUCH_DOWN c
1403834861431 6 4098 272.0 1116.9509 0.3 5.0 5.0 5.0 5.0 0.0 0.2 2 TOUCH_MOVE c
1403834861458 6 4098 272.8428 1116.9509 0.33333334 5.0 5.0 5.0 5.0 0.0 0.208 2 TOUCH_MOVE c
1403834861476 6 4098 273.25 1116.9509 0.3 5.0 5.0 5.0 5.0 0.0 0.208 2 TOUCH_MOVE c
1403834861522 6 4098 273.25 1116.9509 0.3 5.0 5.0 5.0 5.0 0.0 0.208 1 TOUCH_UP c
1403834862071 6 4098 451.5 987.951 0.33333334 5.0 5.0 5.0 5.0 0.0 0.19600001 0 TOUCH_DOWN h
1403834862097 6 4098 451.1874 988.7636 0.33333334 5.0 5.0 5.0 5.0 0.0 0.2 2 TOUCH_MOVE h
1403834862114 6 4098 449.68805 990.5749 0.33333334 5.0 5.0 5.0 5.0 0.0 0.2 2 TOUCH_MOVE h
1403834862127 6 4098 448.726 992.225 0.33333334 5.0 5.0 5.0 5.0 0.0 0.2 2 TOUCH_MOVE h
1403834862144 6 4098 447.7646 993.1864 0.33333334 5.0 5.0 5.0 5.0 0.0 0.20400001 2 TOUCH_MOVE h
1403834862160 6 4098 447.0 994.14453 0.33333334 5.0 5.0 5.0 5.0 0.0 0.2 2 TOUCH_MOVE h
1403834862177 6 4098 447.0 995.07715 0.33333334 5.0 5.0 5.0 5.0 0.0 0.2 2 TOUCH_MOVE h
1403834862193 6 4098 447.0 996.0675 0.33333334 5.0 5.0 5.0 5.0 0.0 0.18 2 TOUCH_MOVE h
1403834862197 6 4098 447.0 996.0675 0.33333334 5.0 5.0 5.0 5.0 0.0 0.18 1 TOUCH_UP h
1403834862578 6 4098 249.5 1253.4509 0.10000001 2.0 2.0 2.0 2.0 0.0 0.18 0 TOUCH_DOWN Space
1403834862599 6 4098 249.5 1253.1172 0.13333334 3.0 3.0 3.0 3.0 0.0 0.18 2 TOUCH_MOVE Space
1403834862611 6 4098 249.5 1251.6879 0.16666667 4.0 4.0 4.0 4.0 0.0 0.18400002 2 TOUCH_MOVE Space
1403834862630 6 4098 249.5 1248.8589 0.16666667 4.0 4.0 4.0 4.0 0.0 0.18800001 2 TOUCH_MOVE Space
1403834862648 6 4098 249.5 1247.9175 0.16666667 4.0 4.0 4.0 4.0 0.0 0.18800001 2 TOUCH_MOVE Space
1403834862661 6 4098 249.5 1246.9384 0.16666667 4.0 4.0 4.0 4.0 0.0 0.18800001 2 TOUCH_MOVE Space
1403834862677 6 4098 249.5 1246.2009 0.16666667 4.0 4.0 4.0 4.0 0.0 0.18800001 2 TOUCH_MOVE Space
1403834862711 6 4098 248.0 1245.4509 0.10000001 2.0 2.0 2.0 2.0 0.0 0.17600001 2 TOUCH_MOVE Space
1403834862716 6 4098 248.0 1245.4509 0.10000001 2.0 2.0 2.0 2.0 0.0 0.17600001 1 TOUCH_UP Space
1403834863024 6 4098 194.0 1095.9509 0.16666667 3.0 3.0 3.0 3.0 0.0 0.172 0 TOUCH_DOWN x
1403834863049 6 4098 194.10205 1096.553 0.26666668 4.0 4.0 4.0 4.0 0.0 0.18800001 2 TOUCH_MOVE x
1403834863061 6 4098 195.61986 1097.5109 0.26666668 4.0 4.0 4.0 4.0 0.0 0.192 2 TOUCH_MOVE x
1403834863079 6 4098 197.04993 1098.4758 0.26666668 4.0 4.0 4.0 4.0 0.0 0.192 2 TOUCH_MOVE x
1403834863094 6 4098 197.96638 1099.4174 0.26666668 4.0 4.0 4.0 4.0 0.0 0.192 2 TOUCH_MOVE x
1403834863111 6 4098 198.0 1100.3861 0.26666668 4.0 4.0 4.0 4.0 0.0 0.19600001 2 TOUCH_MOVE x
1403834863128 6 4098 197.54771 1100.4509 0.26666668 4.0 4.0 4.0 4.0 0.0 0.192 2 TOUCH_MOVE x
1403834863144 6 4098 195.5 1098.9509 0.13333334 2.0 2.0 2.0 2.0 0.0 0.17600001 2 TOUCH_MOVE x
1403834863156 6 4098 195.5 1098.9509 0.13333334 2.0 2.0 2.0 2.0 0.0 0.124000005 2 TOUCH_MOVE x
1403834863160 6 4098 195.5 1098.9509 0.13333334 2.0 2.0 2.0 2.0 0.0 0.124000005 1 TOUCH_UP x
1403834863411 6 4098 56.5 951.451 0.23333335 4.0 4.0 4.0 4.0 0.0 0.18 0 TOUCH_DOWN a
1403834863429 6 4098 56.5 951.451 0.23333335 4.0 4.0 4.0 4.0 0.0 0.18400002 2 TOUCH_MOVE a
1403834863445 6 4098 57.052143 951.451 0.23333335 4.0 4.0 4.0 4.0 0.0 0.18800001 2 TOUCH_MOVE a
1403834863462 6 4098 58.113564 951.451 0.23333335 4.0 4.0 4.0 4.0 0.0 0.18800001 2 TOUCH_MOVE a
1403834863478 6 4098 58.75 951.451 0.23333335 4.0 4.0 4.0 4.0 0.0 0.18800001 2 TOUCH_MOVE a
1403834863519 6 4098 59.153297 951.451 0.23333335 4.0 4.0 4.0 4.0 0.0 0.18800001 2 TOUCH_MOVE a
1403834863541 6 4098 59.0 951.451 0.20000002 3.0 3.0 3.0 3.0 0.0 0.148 2 TOUCH_MOVE a
1403834863544 6 4098 59.0 951.451 0.20000002 3.0 3.0 3.0 3.0 0.0 0.148 1 TOUCH_UP a
1403834863939 6 4098 240.5 1238.9509 0.13333334 2.0 2.0 2.0 2.0 0.0 0.18800001 0 TOUCH_DOWN Space
1403834863963 6 4098 240.96326 1238.4877 0.13333334 2.0 2.0 2.0 2.0 0.0 0.192 2 TOUCH_MOVE Space
1403834863979 6 4098 242.28783 1237.1631 0.20000002 4.0 4.0 4.0 4.0 0.0 0.19600001 2 TOUCH_MOVE Space
1403834863995 6 4098 243.85085 1235.6001 0.20000002 4.0 4.0 4.0 4.0 0.0 0.19600001 2 TOUCH_MOVE Space
1403834864012 6 4098 244.7275 1234.7234 0.23333335 4.0 4.0 4.0 4.0 0.0 0.2 2 TOUCH_MOVE Space
1403834864028 6 4098 245.0 1233.7009 0.23333335 4.0 4.0 4.0 4.0 0.0 0.19600001 2 TOUCH_MOVE Space
1403834864087 6 4098 245.0 1233.7009 0.23333335 4.0 4.0 4.0 4.0 0.0 0.19600001 1 TOUCH_UP Space
1403834864350 6 4098 277.0 1088.9509 0.20000002 4.0 4.0 4.0 4.0 0.0 0.192 0 TOUCH_DOWN c
1403834864362 6 4098 277.0 1088.9509 0.23333335 4.0 4.0 4.0 4.0 0.0 0.19600001 2 TOUCH_MOVE c
1403834864396 6 4098 277.0 1089.9001 0.23333335 4.0 4.0 4.0 4.0 0.0 0.20400001 2 TOUCH_MOVE c
1403834864423 6 4098 277.0 1090.8116 0.23333335 4.0 4.0 4.0 4.0 0.0 0.20400001 2 TOUCH_MOVE c
1403834864429 6 4098 277.0 1091.7009 0.23333335 4.0 4.0 4.0 4.0 0.0 0.20400001 2 TOUCH_MOVE c
1403834864464 6 4098 277.0 1091.7009 0.23333335 4.0 4.0 4.0 4.0 0.0 0.20400001 1 TOUCH_UP c
1403834864722 6 4098 452.5 835.451 0.26666668 4.0 4.0 4.0 4.0 0.0 0.208 0 TOUCH_DOWN u
1403834864738 6 4098 452.5 835.451 0.26666668 4.0 4.0 4.0 4.0 0.0 0.216 2 TOUCH_MOVE u
1403834864809 6 4098 453.0 836.451 0.26666668 4.0 4.0 4.0 4.0 0.0 0.18400002 2 TOUCH_MOVE u
1403834864812 6 4098 453.0 836.451 0.26666668 4.0 4.0 4.0 4.0 0.0 0.18400002 1 TOUCH_UP u
1403834865729 6 4098 514.5 1137.9509 0.20000002 4.0 4.0 4.0 4.0 0.0 0.192 0 TOUCH_DOWN n
1403834865747 6 4098 514.5 1137.9509 0.20000002 4.0 4.0 4.0 4.0 0.0 0.19600001 2 TOUCH_MOVE n
1403834865798 6 4098 513.92334 1137.9509 0.23333335 4.0 4.0 4.0 4.0 0.0 0.208 2 TOUCH_MOVE n
1403834865842 6 4098 514.0 1137.9509 0.20000002 4.0 4.0 4.0 4.0 0.0 0.18 2 TOUCH_MOVE n
1403834865846 6 4098 514.0 1137.9509 0.20000002 4.0 4.0 4.0 4.0 0.0 0.18 1 TOUCH_UP n
1403834866119 6 4098 352.0 968.451 0.13333334 2.0 2.0 2.0 2.0 0.0 0.18 0 TOUCH_DOWN g
1403834866131 6 4098 352.0 968.451 0.16666667 3.0 3.0 3.0 3.0 0.0 0.18800001 2 TOUCH_MOVE g
1403834866181 6 4098 351.3289 968.451 0.20000002 4.0 4.0 4.0 4.0 0.0 0.19600001 2 TOUCH_MOVE g
1403834866197 6 4098 350.39163 969.0594 0.20000002 4.0 4.0 4.0 4.0 0.0 0.192 2 TOUCH_MOVE g
1403834866214 6 4098 347.14624 970.62787 0.20000002 4.0 4.0 4.0 4.0 0.0 0.16800001 2 TOUCH_MOVE g
1403834866220 6 4098 347.14624 970.62787 0.20000002 4.0 4.0 4.0 4.0 0.0 0.16800001 1 TOUCH_UP g
1403834866572 6 4098 262.5 1241.4509 0.16666667 4.0 4.0 4.0 4.0 0.0 0.17600001 0 TOUCH_DOWN Space
1403834866581 6 4098 262.5 1241.4509 0.16666667 4.0 4.0 4.0 4.0 0.0 0.18 2 TOUCH_MOVE Space
1403834866615 6 4098 261.34592 1239.6428 0.20000002 4.0 4.0 4.0 4.0 0.0 0.192 2 TOUCH_MOVE Space
1403834866632 6 4098 260.3944 1237.7397 0.20000002 4.0 4.0 4.0 4.0 0.0 0.192 2 TOUCH_MOVE Space
1403834866648 6 4098 260.5 1237.0154 0.20000002 4.0 4.0 4.0 4.0 0.0 0.192 2 TOUCH_MOVE Space
1403834866665 6 4098 260.0 1235.9216 0.20000002 4.0 4.0 4.0 4.0 0.0 0.192 2 TOUCH_MOVE Space
1403834866682 6 4098 260.0 1233.9758 0.20000002 4.0 4.0 4.0 4.0 0.0 0.192 2 TOUCH_MOVE Space
1403834866698 6 4098 259.55054 1229.3047 0.23333335 4.0 4.0 4.0 4.0 0.0 0.192 2 TOUCH_MOVE Space
1403834866710 6 4098 259.0 1224.9509 0.23333335 4.0 4.0 4.0 4.0 0.0 0.17600001 2 TOUCH_MOVE Space
1403834866714 6 4098 259.0 1224.9509 0.23333335 4.0 4.0 4.0 4.0 0.0 0.17600001 1 TOUCH_UP Space
1403834867095 6 4098 331.0 848.951 0.23333335 5.0 5.0 5.0 5.0 0.0 0.19600001 0 TOUCH_DOWN t
1403834867099 6 4098 331.0 848.951 0.26666668 5.0 5.0 5.0 5.0 0.0 0.2 2 TOUCH_MOVE t
1403834867182 6 4098 331.0 849.7495 0.23333335 5.0 5.0 5.0 5.0 0.0 0.2 2 TOUCH_MOVE t
1403834867197 6 4098 331.0 850.451 0.23333335 5.0 5.0 5.0 5.0 0.0 0.172 2 TOUCH_MOVE t
1403834867202 6 4098 331.0 850.451 0.23333335 5.0 5.0 5.0 5.0 0.0 0.172 1 TOUCH_UP t
1403834867482 6 4098 529.5 850.951 0.20000002 3.0 3.0 3.0 3.0 0.0 0.20400001 0 TOUCH_DOWN i
1403834867485 6 4098 529.5 850.951 0.26666668 4.0 4.0 4.0 4.0 0.0 0.208 2 TOUCH_MOVE i
1403834867559 6 4098 528.0 850.241 0.26666668 4.0 4.0 4.0 4.0 0.0 0.216 2 TOUCH_MOVE i
1403834867568 6 4098 528.0 850.8386 0.23333335 4.0 4.0 4.0 4.0 0.0 0.21200001 2 TOUCH_MOVE i
1403834867583 6 4098 528.5 851.951 0.16666667 3.0 3.0 3.0 3.0 0.0 0.18800001 2 TOUCH_MOVE i
1403834867589 6 4098 528.5 851.951 0.13333334 2.0 2.0 2.0 2.0 0.0 0.112 2 TOUCH_MOVE i
1403834867592 6 4098 528.5 851.951 0.13333334 2.0 2.0 2.0 2.0 0.0 0.112 1 TOUCH_UP i
1403834867923 6 4098 566.0 1129.9509 0.3 5.0 5.0 5.0 5.0 0.0 0.19600001 0 TOUCH_DOWN m
1403834867933 6 4098 566.0 1129.9509 0.3 5.0 5.0 5.0 5.0 0.0 0.2 2 TOUCH_MOVE m
1403834867966 6 4098 564.1248 1129.9509 0.3 5.0 5.0 5.0 5.0 0.0 0.208 2 TOUCH_MOVE m
1403834867982 6 4098 563.0997 1129.9509 0.3 5.0 5.0 5.0 5.0 0.0 0.21200001 2 TOUCH_MOVE m
1403834867999 6 4098 562.25 1129.9509 0.3 5.0 5.0 5.0 5.0 0.0 0.208 2 TOUCH_MOVE m
1403834868038 6 4098 562.25 1129.9509 0.3 5.0 5.0 5.0 5.0 0.0 0.208 1 TOUCH_UP m
1403834869125 6 4098 677.0 1226.9509 0.20000002 3.0 3.0 3.0 3.0 0.0 0.18 0 TOUCH_DOWN Enter
1403834869133 6 4098 677.0 1226.9509 0.23333335 4.0 4.0 4.0 4.0 0.0 0.18400002 2 TOUCH_MOVE Enter
1403834869167 6 4098 675.3156 1226.9509 0.26666668 5.0 5.0 5.0 5.0 0.0 0.19600001 2 TOUCH_MOVE Enter
1403834869184 6 4098 673.38306 1226.9509 0.26666668 5.0 5.0 5.0 5.0 0.0 0.19600001 2 TOUCH_MOVE Enter
1403834869201 6 4098 672.75 1226.9509 0.26666668 5.0 5.0 5.0 5.0 0.0 0.19600001 2 TOUCH_MOVE Enter
1403834869242 6 4098 672.75 1226.9509 0.26666668 5.0 5.0 5.0 5.0 0.0 0.19600001 1 TOUCH_UP Enter
1403834871195 6 4098 697.0 1104.9509 0.20000002 4.0 4.0 4.0 4.0 0.0 0.18400002 0 TOUCH_DOWN Back
1403834871207 6 4098 697.0 1104.9509 0.20000002 4.0 4.0 4.0 4.0 0.0 0.192 2 TOUCH_MOVE Back
1403834871238 6 4098 695.3113 1106.6396 0.23333335 5.0 5.0 5.0 5.0 0.0 0.2 2 TOUCH_MOVE Back
1403834871253 6 4098 693.6231 1107.6394 0.26666668 5.0 5.0 5.0 5.0 0.0 0.20400001 2 TOUCH_MOVE Back
1403834871269 6 4098 692.3567 1108.5942 0.26666668 5.0 5.0 5.0 5.0 0.0 0.20400001 2 TOUCH_MOVE Back
1403834871285 6 4098 691.43677 1109.5142 0.26666668 5.0 5.0 5.0 5.0 0.0 0.2 2 TOUCH_MOVE Back
1403834871302 6 4098 691.5 1110.2009 0.23333335 5.0 5.0 5.0 5.0 0.0 0.192 2 TOUCH_MOVE Back
1403834871312 6 4098 691.5 1110.2009 0.23333335 5.0 5.0 5.0 5.0 0.0 0.192 1 TOUCH_UP Back
