1401953847051 6 4098 284.0 1089.9509 0.23333335 4.0 4.0 4.0 4.0 0.0 0.208 0 TOUCH_DOWN C
1401953847123 6 4098 284.0 1089.9509 0.23333335 5.0 5.0 5.0 5.0 0.0 0.18 2 TOUCH_MOVE C
1401953847127 6 4098 284.0 1089.9509 0.23333335 5.0 5.0 5.0 5.0 0.0 0.18 1 TOUCH_UP C
1401953847349 6 4098 444.0 946.951 0.33333334 5.0 5.0 5.0 5.0 0.0 0.21200001 0 TOUCH_DOWN h
1401953847365 6 4098 444.0 946.951 0.3 5.0 5.0 5.0 5.0 0.0 0.192 2 TOUCH_MOVE h
1401953847378 6 4098 444.0 946.951 0.3 5.0 5.0 5.0 5.0 0.0 0.192 1 TOUCH_UP h
1401953847728 6 4098 467.5 822.951 0.20000002 4.0 4.0 4.0 4.0 0.0 0.20400001 0 TOUCH_DOWN u
1401953847743 6 4098 467.5 822.52673 0.23333335 4.0 4.0 4.0 4.0 0.0 0.20400001 2 TOUCH_MOVE u
1401953847773 6 4098 469.55548 818.3955 0.26666668 4.0 4.0 4.0 4.0 0.0 0.21200001 2 TOUCH_MOVE u
1401953847782 6 4098 472.61618 816.3929 0.26666668 4.0 4.0 4.0 4.0 0.0 0.20400001 2 TOUCH_MOVE u
1401953847789 6 4098 474.5 815.451 0.26666668 4.0 4.0 4.0 4.0 0.0 0.18800001 2 TOUCH_MOVE u
1401953847792 6 4098 474.5 815.451 0.26666668 4.0 4.0 4.0 4.0 0.0 0.18800001 1 TOUCH_UP u
1401953848068 6 4098 341.0 1209.9509 0.23333335 4.0 4.0 4.0 4.0 0.0 0.208 0 TOUCH_DOWN Space
1401953848095 6 4098 340.71802 1209.9509 0.26666668 5.0 5.0 5.0 5.0 0.0 0.21200001 2 TOUCH_MOVE Space
1401953848102 6 4098 339.93933 1209.9509 0.26666668 5.0 5.0 5.0 5.0 0.0 0.21200001 2 TOUCH_MOVE Space
1401953848115 6 4098 338.97385 1209.9509 0.26666668 5.0 5.0 5.0 5.0 0.0 0.208 2 TOUCH_MOVE Space
1401953848138 6 4098 338.97385 1209.9509 0.26666668 5.0 5.0 5.0 5.0 0.0 0.208 1 TOUCH_UP Space
1401953848404 6 4098 678.5 958.951 0.26666668 4.0 4.0 4.0 4.0 0.0 0.216 0 TOUCH_DOWN l
1401953848437 6 4098 678.0658 958.951 0.3 5.0 5.0 5.0 5.0 0.0 0.216 2 TOUCH_MOVE l
1401953848449 6 4098 677.2039 958.951 0.3 5.0 5.0 5.0 5.0 0.0 0.21200001 2 TOUCH_MOVE l
1401953848467 6 4098 676.75 958.951 0.3 5.0 5.0 5.0 5.0 0.0 0.21200001 2 TOUCH_MOVE l
1401953848489 6 4098 676.75 958.951 0.3 5.0 5.0 5.0 5.0 0.0 0.21200001 1 TOUCH_UP l
1401953848635 6 4098 216.5 849.451 0.26666668 5.0 5.0 5.0 5.0 0.0 0.192 0 TOUCH_DOWN r
1401953848659 6 4098 216.5 849.02203 0.26666668 5.0 5.0 5.0 5.0 0.0 0.19600001 2 TOUCH_MOVE r
1401953848667 6 4098 216.5 847.90094 0.26666668 5.0 5.0 5.0 5.0 0.0 0.208 2 TOUCH_MOVE r
1401953848683 6 4098 216.5 845.9049 0.3 5.0 5.0 5.0 5.0 0.0 0.21200001 2 TOUCH_MOVE r
1401953848699 6 4098 216.5 844.20154 0.3 5.0 5.0 5.0 5.0 0.0 0.21200001 2 TOUCH_MOVE r
1401953848716 6 4098 216.5 843.2419 0.26666668 5.0 5.0 5.0 5.0 0.0 0.208 2 TOUCH_MOVE r
1401953848733 6 4098 216.5 843.2419 0.26666668 5.0 5.0 5.0 5.0 0.0 0.208 1 TOUCH_UP r
1401953849426 6 4098 679.5 1079.9509 0.26666668 4.0 4.0 4.0 4.0 0.0 0.208 0 TOUCH_DOWN Back
1401953849467 6 4098 678.4851 1079.9509 0.26666668 5.0 5.0 5.0 5.0 0.0 0.2 2 TOUCH_MOVE Back
1401953849483 6 4098 676.42847 1081.5225 0.20000002 4.0 4.0 4.0 4.0 0.0 0.18 2 TOUCH_MOVE Back
1401953849488 6 4098 676.42847 1081.5225 0.20000002 4.0 4.0 4.0 4.0 0.0 0.18 1 TOUCH_UP Back
1401953849623 6 4098 657.0 1092.9509 0.26666668 4.0 4.0 4.0 4.0 0.0 0.20400001 0 TOUCH_DOWN Back
1401953849671 6 4098 657.0 1092.9509 0.26666668 4.0 4.0 4.0 4.0 0.0 0.20400001 1 TOUCH_UP Back
1401953849903 6 4098 663.0 1089.9509 0.26666668 4.0 4.0 4.0 4.0 0.0 0.21200001 0 TOUCH_DOWN Back
1401953849926 6 4098 663.0 1089.9509 0.26666668 4.0 4.0 4.0 4.0 0.0 0.208 2 TOUCH_MOVE Back
1401953849950 6 4098 661.98895 1089.9509 0.20000002 4.0 4.0 4.0 4.0 0.0 0.18400002 2 TOUCH_MOVE Back
1401953849970 6 4098 661.98895 1089.9509 0.20000002 4.0 4.0 4.0 4.0 0.0 0.18400002 1 TOUCH_UP Back
1401953850256 6 4098 653.5 1079.9509 0.23333335 4.0 4.0 4.0 4.0 0.0 0.20400001 0 TOUCH_DOWN Back
1401953850301 6 4098 652.26917 1079.9509 0.26666668 4.0 4.0 4.0 4.0 0.0 0.208 2 TOUCH_MOVE Back
1401953850320 6 4098 651.75 1079.9509 0.23333335 4.0 4.0 4.0 4.0 0.0 0.208 2 TOUCH_MOVE Back
1401953850332 6 4098 651.75 1079.9509 0.23333335 4.0 4.0 4.0 4.0 0.0 0.208 1 TOUCH_UP Back
1401953850749 6 4098 61.5 943.951 0.23333335 4.0 4.0 4.0 4.0 0.0 0.18400002 0 TOUCH_DOWN a
1401953850772 6 4098 61.853703 944.3047 0.23333335 4.0 4.0 4.0 4.0 0.0 0.18800001 2 TOUCH_MOVE a
1401953850785 6 4098 62.685074 945.13605 0.23333335 4.0 4.0 4.0 4.0 0.0 0.19600001 2 TOUCH_MOVE a
1401953850803 6 4098 64.1482 944.951 0.23333335 4.0 4.0 4.0 4.0 0.0 0.19600001 2 TOUCH_MOVE a
1401953850818 6 4098 64.5 945.5458 0.23333335 4.0 4.0 4.0 4.0 0.0 0.192 2 TOUCH_MOVE a
1401953850830 6 4098 64.5 945.5458 0.23333335 4.0 4.0 4.0 4.0 0.0 0.192 1 TOUCH_UP a
1401953851054 6 4098 457.0 808.451 0.26666668 4.0 4.0 4.0 4.0 0.0 0.216 0 TOUCH_DOWN u
1401953851127 6 4098 457.0 808.451 0.26666668 4.0 4.0 4.0 4.0 0.0 0.216 1 TOUCH_UP u
1401953851370 6 4098 325.0 1225.9509 0.23333335 4.0 4.0 4.0 4.0 0.0 0.2 0 TOUCH_DOWN Space
1401953851403 6 4098 324.16754 1224.4535 0.23333335 4.0 4.0 4.0 4.0 0.0 0.20400001 2 TOUCH_MOVE Space
1401953851417 6 4098 324.5 1219.9509 0.26666668 5.0 5.0 5.0 5.0 0.0 0.18 2 TOUCH_MOVE Space
1401953851421 6 4098 324.5 1219.9509 0.26666668 5.0 5.0 5.0 5.0 0.0 0.18 1 TOUCH_UP Space
1401953852037 6 4098 663.0 975.951 0.26666668 5.0 5.0 5.0 5.0 0.0 0.2 0 TOUCH_DOWN l
1401953852052 6 4098 663.0 975.951 0.3 5.0 5.0 5.0 5.0 0.0 0.208 2 TOUCH_MOVE l
1401953852086 6 4098 661.6693 975.951 0.23333335 4.0 4.0 4.0 4.0 0.0 0.208 2 TOUCH_MOVE l
1401953852100 6 4098 661.0 975.951 0.20000002 4.0 4.0 4.0 4.0 0.0 0.18400002 2 TOUCH_MOVE l
1401953852104 6 4098 661.0 975.951 0.20000002 4.0 4.0 4.0 4.0 0.0 0.18400002 1 TOUCH_UP l
1401953852346 6 4098 191.5 806.951 0.23333335 4.0 4.0 4.0 4.0 0.0 0.20400001 0 TOUCH_DOWN e
1401953852353 6 4098 191.5 806.951 0.23333335 4.0 4.0 4.0 4.0 0.0 0.208 2 TOUCH_MOVE e
1401953852430 6 4098 191.5 806.951 0.20000002 4.0 4.0 4.0 4.0 0.0 0.18 2 TOUCH_MOVE e
1401953852434 6 4098 191.5 806.951 0.20000002 4.0 4.0 4.0 4.0 0.0 0.18 1 TOUCH_UP e
1401953852582 6 4098 480.5 1074.9509 0.26666668 4.0 4.0 4.0 4.0 0.0 0.208 0 TOUCH_DOWN n
1401953852606 6 4098 480.15265 1074.9509 0.26666668 4.0 4.0 4.0 4.0 0.0 0.216 2 TOUCH_MOVE n
1401953852619 6 4098 479.43646 1074.3875 0.26666668 4.0 4.0 4.0 4.0 0.0 0.22000001 2 TOUCH_MOVE n
1401953852636 6 4098 478.3723 1073.3232 0.26666668 4.0 4.0 4.0 4.0 0.0 0.216 2 TOUCH_MOVE n
1401953852658 6 4098 478.3723 1073.3232 0.26666668 4.0 4.0 4.0 4.0 0.0 0.216 1 TOUCH_UP n
1401953852898 6 4098 375.0 1216.9509 0.23333335 4.0 4.0 4.0 4.0 0.0 0.208 0 TOUCH_DOWN Space
1401953852912 6 4098 375.0 1216.9509 0.23333335 4.0 4.0 4.0 4.0 0.0 0.21200001 2 TOUCH_MOVE Space
1401953852939 6 4098 373.53445 1216.9509 0.23333335 4.0 4.0 4.0 4.0 0.0 0.20400001 2 TOUCH_MOVE Space
1401953852953 6 4098 372.58475 1217.8662 0.20000002 3.0 3.0 3.0 3.0 0.0 0.18800001 2 TOUCH_MOVE Space
1401953852962 6 4098 372.5 1217.9509 0.20000002 3.0 3.0 3.0 3.0 0.0 0.132 2 TOUCH_MOVE Space
1401953852967 6 4098 372.5 1217.9509 0.20000002 3.0 3.0 3.0 3.0 0.0 0.132 1 TOUCH_UP Space
1401953853188 6 4098 456.0 1100.9509 0.26666668 4.0 4.0 4.0 4.0 0.0 0.20400001 0 TOUCH_DOWN b
1401953853201 6 4098 456.0 1100.7234 0.26666668 4.0 4.0 4.0 4.0 0.0 0.208 2 TOUCH_MOVE b
1401953853222 6 4098 456.0 1099.6058 0.26666668 4.0 4.0 4.0 4.0 0.0 0.208 2 TOUCH_MOVE b
1401953853238 6 4098 456.0 1098.1465 0.26666668 4.0 4.0 4.0 4.0 0.0 0.192 2 TOUCH_MOVE b
1401953853243 6 4098 456.0 1097.9509 0.20000002 3.0 3.0 3.0 3.0 0.0 0.116000004 2 TOUCH_MOVE b
1401953853247 6 4098 456.0 1097.9509 0.20000002 3.0 3.0 3.0 3.0 0.0 0.116000004 1 TOUCH_UP b
1401953853408 6 4098 65.5 928.951 0.23333335 4.0 4.0 4.0 4.0 0.0 0.18400002 0 TOUCH_DOWN a
1401953853424 6 4098 65.5 929.28265 0.23333335 4.0 4.0 4.0 4.0 0.0 0.18800001 2 TOUCH_MOVE a
1401953853461 6 4098 66.0 932.6223 0.26666668 5.0 5.0 5.0 5.0 0.0 0.2 2 TOUCH_MOVE a
1401953853474 6 4098 66.0 934.2331 0.26666668 5.0 5.0 5.0 5.0 0.0 0.19600001 2 TOUCH_MOVE a
1401953853488 6 4098 66.0 935.1617 0.26666668 5.0 5.0 5.0 5.0 0.0 0.192 2 TOUCH_MOVE a
1401953853503 6 4098 66.0 935.951 0.20000002 3.0 3.0 3.0 3.0 0.0 0.1 2 TOUCH_MOVE a
1401953853507 6 4098 66.0 935.951 0.20000002 3.0 3.0 3.0 3.0 0.0 0.1 1 TOUCH_UP a
1401953853716 6 4098 295.0 1212.9509 0.23333335 4.0 4.0 4.0 4.0 0.0 0.20400001 0 TOUCH_DOWN Space
1401953853743 6 4098 294.64334 1212.9509 0.23333335 4.0 4.0 4.0 4.0 0.0 0.208 2 TOUCH_MOVE Space
1401953853754 6 4098 293.82776 1212.9509 0.23333335 4.0 4.0 4.0 4.0 0.0 0.2 2 TOUCH_MOVE Space
1401953853771 6 4098 293.25 1212.9509 0.20000002 3.0 3.0 3.0 3.0 0.0 0.19600001 2 TOUCH_MOVE Space
1401953853775 6 4098 293.25 1212.9509 0.20000002 3.0 3.0 3.0 3.0 0.0 0.19600001 1 TOUCH_UP Space
1401953854508 6 4098 274.5 1094.4509 0.26666668 5.0 5.0 5.0 5.0 0.0 0.192 0 TOUCH_DOWN c
1401953854521 6 4098 274.5 1094.4509 0.26666668 5.0 5.0 5.0 5.0 0.0 0.19600001 2 TOUCH_MOVE c
1401953854555 6 4098 274.5 1095.0553 0.26666668 5.0 5.0 5.0 5.0 0.0 0.20400001 2 TOUCH_MOVE c
1401953854608 6 4098 274.5 1095.0553 0.26666668 5.0 5.0 5.0 5.0 0.0 0.20400001 1 TOUCH_UP c
1401953854838 6 4098 447.0 958.951 0.3 5.0 5.0 5.0 5.0 0.0 0.208 0 TOUCH_DOWN h
1401953854860 6 4098 447.0 958.951 0.3 5.0 5.0 5.0 5.0 0.0 0.21200001 2 TOUCH_MOVE h
1401953854889 6 4098 447.0 958.951 0.23333335 5.0 5.0 5.0 5.0 0.0 0.17600001 2 TOUCH_MOVE h
1401953854907 6 4098 447.0 958.951 0.23333335 5.0 5.0 5.0 5.0 0.0 0.17600001 1 TOUCH_UP h
1401953855027 6 4098 44.5 913.951 0.16666667 3.0 3.0 3.0 3.0 0.0 0.17600001 0 TOUCH_DOWN a
1401953855039 6 4098 44.5 913.951 0.16666667 3.0 3.0 3.0 3.0 0.0 0.18 2 TOUCH_MOVE a
1401953855055 6 4098 44.824253 914.77527 0.16666667 3.0 3.0 3.0 3.0 0.0 0.18400002 2 TOUCH_MOVE a
1401953855072 6 4098 46.8581 917.09515 0.20000002 3.0 3.0 3.0 3.0 0.0 0.192 2 TOUCH_MOVE a
1401953855090 6 4098 49.78012 920.99115 0.20000002 3.0 3.0 3.0 3.0 0.0 0.19600001 2 TOUCH_MOVE a
1401953855105 6 4098 52.215866 923.88275 0.20000002 3.0 3.0 3.0 3.0 0.0 0.192 2 TOUCH_MOVE a
1401953855122 6 4098 53.172768 925.7965 0.20000002 3.0 3.0 3.0 3.0 0.0 0.192 2 TOUCH_MOVE a
1401953855139 6 4098 53.0 926.451 0.23333335 4.0 4.0 4.0 4.0 0.0 0.18400002 2 TOUCH_MOVE a
1401953855155 6 4098 53.0 926.451 0.23333335 4.0 4.0 4.0 4.0 0.0 0.18400002 1 TOUCH_UP a
1401953855227 6 4098 470.0 800.951 0.23333335 4.0 4.0 4.0 4.0 0.0 0.21200001 0 TOUCH_DOWN u
1401953855239 6 4098 470.0 800.951 0.26666668 4.0 4.0 4.0 4.0 0.0 0.21200001 2 TOUCH_MOVE u
1401953855297 6 4098 470.0 800.951 0.26666668 4.0 4.0 4.0 4.0 0.0 0.21200001 1 TOUCH_UP u
1401953855592 6 4098 317.5 1199.9509 0.20000002 4.0 4.0 4.0 4.0 0.0 0.208 0 TOUCH_DOWN Space
1401953855606 6 4098 317.5 1199.9509 0.23333335 4.0 4.0 4.0 4.0 0.0 0.208 2 TOUCH_MOVE Space
1401953855639 6 4098 315.96487 1200.4861 0.23333335 4.0 4.0 4.0 4.0 0.0 0.208 2 TOUCH_MOVE Space
1401953855656 6 4098 315.0066 1201.4443 0.23333335 4.0 4.0 4.0 4.0 0.0 0.20400001 2 TOUCH_MOVE Space
1401953855667 6 4098 315.0 1201.4509 0.13333334 2.0 2.0 2.0 2.0 0.0 0.116000004 2 TOUCH_MOVE Space
1401953855673 6 4098 315.0 1201.4509 0.13333334 2.0 2.0 2.0 2.0 0.0 0.116000004 1 TOUCH_UP Space
1401953856275 6 4098 220.5 956.951 0.26666668 5.0 5.0 5.0 5.0 0.0 0.19600001 0 TOUCH_DOWN d
1401953856290 6 4098 220.5 956.951 0.23333335 4.0 4.0 4.0 4.0 0.0 0.19600001 2 TOUCH_MOVE d
1401953856307 6 4098 220.5 956.43475 0.3 5.0 5.0 5.0 5.0 0.0 0.2 2 TOUCH_MOVE d
1401953856323 6 4098 219.45815 955.4091 0.3 5.0 5.0 5.0 5.0 0.0 0.2 2 TOUCH_MOVE d
1401953856334 6 4098 219.0 954.451 0.3 5.0 5.0 5.0 5.0 0.0 0.18400002 2 TOUCH_MOVE d
1401953856340 6 4098 219.0 954.451 0.3 5.0 5.0 5.0 5.0 0.0 0.18400002 1 TOUCH_UP d
1401953856535 6 4098 545.5 812.951 0.26666668 4.0 4.0 4.0 4.0 0.0 0.21200001 0 TOUCH_DOWN i
1401953856573 6 4098 544.51434 812.951 0.26666668 4.0 4.0 4.0 4.0 0.0 0.216 2 TOUCH_MOVE i
1401953856590 6 4098 544.25 812.951 0.26666668 4.0 4.0 4.0 4.0 0.0 0.216 2 TOUCH_MOVE i
1401953856605 6 4098 544.25 812.951 0.26666668 4.0 4.0 4.0 4.0 0.0 0.216 1 TOUCH_UP i
1401953856881 6 4098 351.5 1214.9509 0.23333335 4.0 4.0 4.0 4.0 0.0 0.208 0 TOUCH_DOWN Space
1401953856890 6 4098 351.5 1214.9509 0.23333335 4.0 4.0 4.0 4.0 0.0 0.21200001 2 TOUCH_MOVE Space
1401953856925 6 4098 350.0 1215.1653 0.23333335 4.0 4.0 4.0 4.0 0.0 0.2 2 TOUCH_MOVE Space
1401953856940 6 4098 350.0 1215.9509 0.16666667 3.0 3.0 3.0 3.0 0.0 0.18 2 TOUCH_MOVE Space
1401953856945 6 4098 350.0 1215.9509 0.16666667 3.0 3.0 3.0 3.0 0.0 0.18 1 TOUCH_UP Space
1401953857243 6 4098 580.0 1079.4509 0.26666668 4.0 4.0 4.0 4.0 0.0 0.208 0 TOUCH_DOWN m
1401953857269 6 4098 580.0 1079.4509 0.26666668 4.0 4.0 4.0 4.0 0.0 0.21200001 2 TOUCH_MOVE m
1401953857301 6 4098 578.1579 1079.4509 0.26666668 4.0 4.0 4.0 4.0 0.0 0.21200001 2 TOUCH_MOVE m
1401953857304 6 4098 577.0 1079.4509 0.20000002 4.0 4.0 4.0 4.0 0.0 0.18400002 2 TOUCH_MOVE m
1401953857312 6 4098 577.0 1079.4509 0.20000002 4.0 4.0 4.0 4.0 0.0 0.18400002 1 TOUCH_UP m
1401953857539 6 4098 64.5 937.951 0.26666668 5.0 5.0 5.0 5.0 0.0 0.18400002 0 TOUCH_DOWN a
1401953857562 6 4098 64.5 937.951 0.26666668 5.0 5.0 5.0 5.0 0.0 0.192 2 TOUCH_MOVE a
1401953857574 6 4098 64.79997 938.751 0.26666668 5.0 5.0 5.0 5.0 0.0 0.2 2 TOUCH_MOVE a
1401953857603 6 4098 65.25542 939.451 0.26666668 5.0 5.0 5.0 5.0 0.0 0.19600001 2 TOUCH_MOVE a
1401953857617 6 4098 65.5 940.451 0.23333335 4.0 4.0 4.0 4.0 0.0 0.192 2 TOUCH_MOVE a
1401953857628 6 4098 65.5 940.451 0.23333335 4.0 4.0 4.0 4.0 0.0 0.192 1 TOUCH_UP a
1401953857799 6 4098 483.0 810.451 0.26666668 4.0 4.0 4.0 4.0 0.0 0.22000001 0 TOUCH_DOWN u
1401953857809 6 4098 483.0 810.451 0.26666668 4.0 4.0 4.0 4.0 0.0 0.216 2 TOUCH_MOVE u
1401953857859 6 4098 482.5 810.951 0.23333335 4.0 4.0 4.0 4.0 0.0 0.18400002 2 TOUCH_MOVE u
1401953857866 6 4098 482.5 810.951 0.23333335 4.0 4.0 4.0 4.0 0.0 0.18400002 1 TOUCH_UP u
1401953858109 6 4098 323.5 1208.4509 0.23333335 4.0 4.0 4.0 4.0 0.0 0.208 0 TOUCH_DOWN Space
1401953858130 6 4098 323.21518 1208.1661 0.23333335 4.0 4.0 4.0 4.0 0.0 0.21200001 2 TOUCH_MOVE Space
1401953858141 6 4098 321.34583 1206.2968 0.26666668 4.0 4.0 4.0 4.0 0.0 0.22000001 2 TOUCH_MOVE Space
1401953858158 6 4098 318.4462 1202.3971 0.26666668 4.0 4.0 4.0 4.0 0.0 0.216 2 TOUCH_MOVE Space
1401953858175 6 4098 318.43915 1200.5726 0.20000002 4.0 4.0 4.0 4.0 0.0 0.2 2 TOUCH_MOVE Space
1401953858179 6 4098 318.5 1200.4509 0.23333335 5.0 5.0 5.0 5.0 0.0 0.17600001 2 TOUCH_MOVE Space
1401953858185 6 4098 318.5 1200.4509 0.23333335 5.0 5.0 5.0 5.0 0.0 0.17600001 1 TOUCH_UP Space
1401953858517 6 4098 350.5 953.951 0.26666668 4.0 4.0 4.0 4.0 0.0 0.208 0 TOUCH_DOWN g
1401953858585 6 4098 350.5 953.951 0.23333335 4.0 4.0 4.0 4.0 0.0 0.18800001 2 TOUCH_MOVE g
1401953858590 6 4098 350.5 953.951 0.23333335 4.0 4.0 4.0 4.0 0.0 0.18800001 1 TOUCH_UP g
1401953858822 6 4098 537.0 828.451 0.3 5.0 5.0 5.0 5.0 0.0 0.224 0 TOUCH_DOWN i
1401953858862 6 4098 537.0 828.451 0.3 5.0 5.0 5.0 5.0 0.0 0.19600001 2 TOUCH_MOVE i
1401953858868 6 4098 537.0 828.451 0.3 5.0 5.0 5.0 5.0 0.0 0.19600001 1 TOUCH_UP i
1401953859041 6 4098 63.5 941.951 0.26666668 5.0 5.0 5.0 5.0 0.0 0.18800001 0 TOUCH_DOWN a
1401953859108 6 4098 63.5 942.451 0.20000002 3.0 3.0 3.0 3.0 0.0 0.120000005 2 TOUCH_MOVE a
1401953859131 6 4098 63.5 942.451 0.20000002 3.0 3.0 3.0 3.0 0.0 0.120000005 1 TOUCH_UP a
1401953859204 6 4098 616.5 828.951 0.33333334 5.0 5.0 5.0 5.0 0.0 0.21200001 0 TOUCH_DOWN o
1401953859226 6 4098 616.5 828.951 0.33333334 5.0 5.0 5.0 5.0 0.0 0.216 2 TOUCH_MOVE o
1401953859245 6 4098 616.5 828.951 0.33333334 5.0 5.0 5.0 5.0 0.0 0.216 1 TOUCH_UP o
1401953859889 6 4098 682.0 1086.4509 0.26666668 4.0 4.0 4.0 4.0 0.0 0.216 0 TOUCH_DOWN Back
1401953859910 6 4098 682.0 1086.4509 0.26666668 4.0 4.0 4.0 4.0 0.0 0.208 2 TOUCH_MOVE Back
1401953859920 6 4098 682.0 1086.4509 0.26666668 4.0 4.0 4.0 4.0 0.0 0.208 1 TOUCH_UP Back
1401953860964 6 4098 569.0 816.951 0.3 5.0 5.0 5.0 5.0 0.0 0.216 0 TOUCH_DOWN i
1401953860977 6 4098 569.0 816.951 0.3 5.0 5.0 5.0 5.0 0.0 0.22000001 2 TOUCH_MOVE i
1401953861016 6 4098 569.0 816.951 0.26666668 4.0 4.0 4.0 4.0 0.0 0.18800001 2 TOUCH_MOVE i
1401953861021 6 4098 569.0 816.951 0.26666668 4.0 4.0 4.0 4.0 0.0 0.18800001 1 TOUCH_UP i
1401953861759 6 4098 691.0 1074.9509 0.23333335 4.0 4.0 4.0 4.0 0.0 0.20400001 0 TOUCH_DOWN Back
1401953861781 6 4098 691.0 1074.9509 0.26666668 4.0 4.0 4.0 4.0 0.0 0.208 2 TOUCH_MOVE Back
1401953861795 6 4098 685.75244 1072.8684 0.3 5.0 5.0 5.0 5.0 0.0 0.208 2 TOUCH_MOVE Back
1401953861811 6 4098 678.9665 1071.9509 0.3 5.0 5.0 5.0 5.0 0.0 0.20400001 2 TOUCH_MOVE Back
1401953861823 6 4098 676.5 1073.4509 0.23333335 5.0 5.0 5.0 5.0 0.0 0.18800001 2 TOUCH_MOVE Back
1401953861827 6 4098 676.5 1073.4509 0.23333335 5.0 5.0 5.0 5.0 0.0 0.18800001 1 TOUCH_UP Back
1401953862125 6 4098 606.5 820.451 0.3 5.0 5.0 5.0 5.0 0.0 0.22000001 0 TOUCH_DOWN o
1401953862150 6 4098 606.5 820.451 0.3 5.0 5.0 5.0 5.0 0.0 0.224 2 TOUCH_MOVE o
1401953862168 6 4098 606.2697 819.4904 0.3 5.0 5.0 5.0 5.0 0.0 0.22800002 2 TOUCH_MOVE o
1401953862181 6 4098 606.0 817.7521 0.3 5.0 5.0 5.0 5.0 0.0 0.224 2 TOUCH_MOVE o
1401953862195 6 4098 606.0 816.7852 0.3 5.0 5.0 5.0 5.0 0.0 0.216 2 TOUCH_MOVE o
1401953862213 6 4098 606.5 816.951 0.20000002 3.0 3.0 3.0 3.0 0.0 0.1 2 TOUCH_MOVE o
1401953862222 6 4098 606.5 816.951 0.20000002 3.0 3.0 3.0 3.0 0.0 0.1 1 TOUCH_UP o
1401953862887 6 4098 698.0 1200.4509 0.16666667 3.0 3.0 3.0 3.0 0.0 0.20400001 0 TOUCH_DOWN Enter
1401953862896 6 4098 698.0 1200.4509 0.20000002 4.0 4.0 4.0 4.0 0.0 0.20400001 2 TOUCH_MOVE Enter
1401953862913 6 4098 693.53595 1202.1366 0.23333335 4.0 4.0 4.0 4.0 0.0 0.19600001 2 TOUCH_MOVE Enter
1401953862923 6 4098 692.0 1202.9509 0.20000002 3.0 3.0 3.0 3.0 0.0 0.18400002 2 TOUCH_MOVE Enter
1401953862928 6 4098 692.0 1202.9509 0.20000002 3.0 3.0 3.0 3.0 0.0 0.18400002 1 TOUCH_UP Enter
1401953863436 6 4098 288.0 1096.9509 0.26666668 4.0 4.0 4.0 4.0 0.0 0.208 0 TOUCH_DOWN C
1401953863480 6 4098 289.25 1097.4509 0.26666668 4.0 4.0 4.0 4.0 0.0 0.21200001 2 TOUCH_MOVE C
1401953863497 6 4098 289.25 1097.4509 0.26666668 4.0 4.0 4.0 4.0 0.0 0.21200001 1 TOUCH_UP C
1401953863630 6 4098 594.5 829.451 0.3 5.0 5.0 5.0 5.0 0.0 0.22000001 0 TOUCH_DOWN o
1401953863646 6 4098 594.5 829.451 0.3 5.0 5.0 5.0 5.0 0.0 0.224 2 TOUCH_MOVE o
1401953863680 6 4098 594.8899 828.0611 0.3 5.0 5.0 5.0 5.0 0.0 0.216 2 TOUCH_MOVE o
1401953863694 6 4098 597.0 826.951 0.3 5.0 5.0 5.0 5.0 0.0 0.192 2 TOUCH_MOVE o
1401953863698 6 4098 597.0 826.951 0.3 5.0 5.0 5.0 5.0 0.0 0.192 1 TOUCH_UP o
1401953863995 6 4098 310.5 1216.9509 0.23333335 4.0 4.0 4.0 4.0 0.0 0.20400001 0 TOUCH_DOWN Space
1401953864022 6 4098 309.64374 1216.9509 0.23333335 4.0 4.0 4.0 4.0 0.0 0.21200001 2 TOUCH_MOVE Space
1401953864032 6 4098 307.7152 1216.9509 0.23333335 4.0 4.0 4.0 4.0 0.0 0.20400001 2 TOUCH_MOVE Space
1401953864047 6 4098 306.39227 1218.0587 0.16666667 3.0 3.0 3.0 3.0 0.0 0.18400002 2 TOUCH_MOVE Space
1401953864057 6 4098 306.5 1217.9509 0.20000002 3.0 3.0 3.0 3.0 0.0 0.148 2 TOUCH_MOVE Space
1401953864074 6 4098 306.5 1217.9509 0.20000002 3.0 3.0 3.0 3.0 0.0 0.148 1 TOUCH_UP Space
1401953864295 6 4098 337.0 840.951 0.3 5.0 5.0 5.0 5.0 0.0 0.208 0 TOUCH_DOWN t
1401953864302 6 4098 337.0 840.951 0.26666668 4.0 4.0 4.0 4.0 0.0 0.21200001 2 TOUCH_MOVE t
1401953864331 6 4098 336.5176 839.96857 0.3 5.0 5.0 5.0 5.0 0.0 0.21200001 2 TOUCH_MOVE t
1401953864351 6 4098 335.57404 839.025 0.3 5.0 5.0 5.0 5.0 0.0 0.21200001 2 TOUCH_MOVE t
1401953864369 6 4098 335.5 838.951 0.26666668 5.0 5.0 5.0 5.0 0.0 0.18 2 TOUCH_MOVE t
1401953864387 6 4098 335.5 838.951 0.26666668 5.0 5.0 5.0 5.0 0.0 0.18 1 TOUCH_UP t
1401953864551 6 4098 423.5 938.451 0.26666668 5.0 5.0 5.0 5.0 0.0 0.20400001 0 TOUCH_DOWN h
1401953864564 6 4098 423.5 938.451 0.26666668 5.0 5.0 5.0 5.0 0.0 0.208 2 TOUCH_MOVE h
1401953864609 6 4098 423.5 938.451 0.26666668 5.0 5.0 5.0 5.0 0.0 0.208 1 TOUCH_UP h
1401953864831 6 4098 469.5 821.951 0.3 5.0 5.0 5.0 5.0 0.0 0.216 0 TOUCH_DOWN u
1401953864873 6 4098 469.5 821.951 0.3 5.0 5.0 5.0 5.0 0.0 0.216 1 TOUCH_UP u
1401953865079 6 4098 606.0 824.951 0.26666668 4.0 4.0 4.0 4.0 0.0 0.2 0 TOUCH_DOWN o
1401953865098 6 4098 606.3968 824.5542 0.3 5.0 5.0 5.0 5.0 0.0 0.2 2 TOUCH_MOVE o
1401953865115 6 4098 607.5253 823.68835 0.3 5.0 5.0 5.0 5.0 0.0 0.216 2 TOUCH_MOVE o
1401953865134 6 4098 609.6699 822.22766 0.3 5.0 5.0 5.0 5.0 0.0 0.21200001 2 TOUCH_MOVE o
1401953865148 6 4098 612.4759 821.6096 0.3 5.0 5.0 5.0 5.0 0.0 0.20400001 2 TOUCH_MOVE o
1401953865165 6 4098 614.8034 823.2544 0.3 5.0 5.0 5.0 5.0 0.0 0.192 2 TOUCH_MOVE o
1401953865173 6 4098 616.0 827.451 0.3 5.0 5.0 5.0 5.0 0.0 0.18 2 TOUCH_MOVE o
1401953865177 6 4098 616.0 827.451 0.3 5.0 5.0 5.0 5.0 0.0 0.18 1 TOUCH_UP o
1401953865429 6 4098 492.5 1081.9509 0.26666668 4.0 4.0 4.0 4.0 0.0 0.21200001 0 TOUCH_DOWN n
1401953865434 6 4098 492.5 1081.9509 0.26666668 4.0 4.0 4.0 4.0 0.0 0.216 2 TOUCH_MOVE n
1401953865466 6 4098 489.0203 1077.4813 0.3 5.0 5.0 5.0 5.0 0.0 0.22800002 2 TOUCH_MOVE n
1401953865483 6 4098 486.13232 1073.1273 0.3 5.0 5.0 5.0 5.0 0.0 0.22800002 2 TOUCH_MOVE n
1401953865498 6 4098 484.57883 1071.5298 0.26666668 4.0 4.0 4.0 4.0 0.0 0.22000001 2 TOUCH_MOVE n
1401953865517 6 4098 484.5 1071.4509 0.26666668 4.0 4.0 4.0 4.0 0.0 0.20400001 2 TOUCH_MOVE n
1401953865530 6 4098 484.5 1071.4509 0.26666668 4.0 4.0 4.0 4.0 0.0 0.20400001 1 TOUCH_UP n
1401953865643 6 4098 377.5 946.951 0.33333334 5.0 5.0 5.0 5.0 0.0 0.216 0 TOUCH_DOWN g
1401953865648 6 4098 377.5 946.951 0.33333334 5.0 5.0 5.0 5.0 0.0 0.22000001 2 TOUCH_MOVE g
1401953865698 6 4098 377.0 946.951 0.33333334 5.0 5.0 5.0 5.0 0.0 0.21200001 2 TOUCH_MOVE g
1401953865702 6 4098 377.0 946.951 0.23333335 4.0 4.0 4.0 4.0 0.0 0.17600001 2 TOUCH_MOVE g
1401953865707 6 4098 377.0 946.951 0.23333335 4.0 4.0 4.0 4.0 0.0 0.17600001 1 TOUCH_UP g
1401953865901 6 4098 308.5 1223.9509 0.23333335 4.0 4.0 4.0 4.0 0.0 0.2 0 TOUCH_DOWN Space
1401953865955 6 4098 308.5 1223.9509 0.23333335 4.0 4.0 4.0 4.0 0.0 0.2 1 TOUCH_UP Space
1401953866257 6 4098 273.0 1074.4509 0.26666668 5.0 5.0 5.0 5.0 0.0 0.208 0 TOUCH_DOWN c
1401953866300 6 4098 273.53342 1074.4509 0.26666668 5.0 5.0 5.0 5.0 0.0 0.21200001 2 TOUCH_MOVE c
1401953866316 6 4098 275.75613 1074.4509 0.23333335 4.0 4.0 4.0 4.0 0.0 0.208 2 TOUCH_MOVE c
1401953866332 6 4098 278.19427 1075.5481 0.20000002 4.0 4.0 4.0 4.0 0.0 0.16800001 2 TOUCH_MOVE c
1401953866336 6 4098 278.19427 1075.5481 0.20000002 4.0 4.0 4.0 4.0 0.0 0.16800001 1 TOUCH_UP c
1401953866517 6 4098 445.0 954.451 0.3 5.0 5.0 5.0 5.0 0.0 0.208 0 TOUCH_DOWN h
1401953866552 6 4098 444.3953 954.451 0.3 5.0 5.0 5.0 5.0 0.0 0.2 2 TOUCH_MOVE h
1401953866566 6 4098 443.75 954.451 0.3 5.0 5.0 5.0 5.0 0.0 0.18800001 2 TOUCH_MOVE h
1401953866572 6 4098 443.75 954.451 0.3 5.0 5.0 5.0 5.0 0.0 0.18800001 1 TOUCH_UP h
1401953866768 6 4098 38.5 930.951 0.23333335 4.0 4.0 4.0 4.0 0.0 0.17600001 0 TOUCH_DOWN a
1401953866786 6 4098 38.829582 931.7806 0.26666668 5.0 5.0 5.0 5.0 0.0 0.18400002 2 TOUCH_MOVE a
1401953866799 6 4098 41.722713 934.6737 0.26666668 5.0 5.0 5.0 5.0 0.0 0.18800001 2 TOUCH_MOVE a
1401953866819 6 4098 44.532024 937.48303 0.26666668 5.0 5.0 5.0 5.0 0.0 0.18800001 2 TOUCH_MOVE a
1401953866834 6 4098 46.502167 939.4531 0.26666668 5.0 5.0 5.0 5.0 0.0 0.192 2 TOUCH_MOVE a
1401953866849 6 4098 47.0 940.4177 0.26666668 5.0 5.0 5.0 5.0 0.0 0.192 2 TOUCH_MOVE a
1401953866854 6 4098 47.0 940.451 0.26666668 5.0 5.0 5.0 5.0 0.0 0.18400002 2 TOUCH_MOVE a
1401953866858 6 4098 47.0 940.451 0.26666668 5.0 5.0 5.0 5.0 0.0 0.18400002 1 TOUCH_UP a
1401953867028 6 4098 481.5 837.951 0.3 5.0 5.0 5.0 5.0 0.0 0.21200001 0 TOUCH_DOWN u
1401953867066 6 4098 482.48605 834.99286 0.3 5.0 5.0 5.0 5.0 0.0 0.21200001 2 TOUCH_MOVE u
1401953867083 6 4098 483.451 834.0 0.3 5.0 5.0 5.0 5.0 0.0 0.21200001 2 TOUCH_MOVE u
1401953867096 6 4098 483.5 833.951 0.3 5.0 5.0 5.0 5.0 0.0 0.20400001 2 TOUCH_MOVE u
1401953867101 6 4098 483.5 833.951 0.3 5.0 5.0 5.0 5.0 0.0 0.20400001 1 TOUCH_UP u
1401953867775 6 4098 325.5 1213.9509 0.23333335 4.0 4.0 4.0 4.0 0.0 0.20400001 0 TOUCH_DOWN Space
1401953867801 6 4098 325.06125 1213.9509 0.23333335 4.0 4.0 4.0 4.0 0.0 0.208 2 TOUCH_MOVE Space
1401953867817 6 4098 324.15286 1213.9509 0.23333335 4.0 4.0 4.0 4.0 0.0 0.208 2 TOUCH_MOVE Space
1401953867834 6 4098 324.0 1213.9509 0.23333335 4.0 4.0 4.0 4.0 0.0 0.2 2 TOUCH_MOVE Space
1401953867840 6 4098 324.0 1213.9509 0.26666668 5.0 5.0 5.0 5.0 0.0 0.16000001 2 TOUCH_MOVE Space
1401953867844 6 4098 324.0 1213.9509 0.26666668 5.0 5.0 5.0 5.0 0.0 0.16000001 1 TOUCH_UP Space
1401953868110 6 4098 663.0 954.951 0.3 5.0 5.0 5.0 5.0 0.0 0.21200001 0 TOUCH_DOWN l
1401953868151 6 4098 661.8862 953.8372 0.3 5.0 5.0 5.0 5.0 0.0 0.216 2 TOUCH_MOVE l
1401953868167 6 4098 661.25 953.201 0.3 5.0 5.0 5.0 5.0 0.0 0.216 2 TOUCH_MOVE l
1401953868195 6 4098 661.5 953.451 0.26666668 5.0 5.0 5.0 5.0 0.0 0.18 2 TOUCH_MOVE l
1401953868202 6 4098 661.5 953.451 0.26666668 5.0 5.0 5.0 5.0 0.0 0.18 1 TOUCH_UP l
1401953868299 6 4098 76.0 938.451 0.23333335 5.0 5.0 5.0 5.0 0.0 0.19600001 0 TOUCH_DOWN a
1401953868377 6 4098 76.0 938.951 0.23333335 5.0 5.0 5.0 5.0 0.0 0.18800001 2 TOUCH_MOVE a
1401953868385 6 4098 76.0 938.951 0.23333335 5.0 5.0 5.0 5.0 0.0 0.18800001 1 TOUCH_UP a
1401953868523 6 4098 328.0 1194.4509 0.26666668 4.0 4.0 4.0 4.0 0.0 0.208 0 TOUCH_DOWN Space
1401953868534 6 4098 327.75153 1194.4509 0.26666668 4.0 4.0 4.0 4.0 0.0 0.216 2 TOUCH_MOVE Space
1401953868556 6 4098 325.81268 1193.4927 0.3 5.0 5.0 5.0 5.0 0.0 0.224 2 TOUCH_MOVE Space
1401953868572 6 4098 323.59375 1192.0134 0.26666668 4.0 4.0 4.0 4.0 0.0 0.224 2 TOUCH_MOVE Space
1401953868587 6 4098 321.8336 1190.2845 0.26666668 4.0 4.0 4.0 4.0 0.0 0.216 2 TOUCH_MOVE Space
1401953868601 6 4098 322.0 1190.4509 0.23333335 5.0 5.0 5.0 5.0 0.0 0.18400002 2 TOUCH_MOVE Space
1401953868607 6 4098 322.0 1190.4509 0.23333335 5.0 5.0 5.0 5.0 0.0 0.18400002 1 TOUCH_UP Space
1401953868824 6 4098 304.5 1078.9509 0.26666668 4.0 4.0 4.0 4.0 0.0 0.216 0 TOUCH_DOWN c
1401953868836 6 4098 304.5 1078.9509 0.26666668 4.0 4.0 4.0 4.0 0.0 0.22000001 2 TOUCH_MOVE c
1401953868901 6 4098 304.0 1078.9509 0.23333335 4.0 4.0 4.0 4.0 0.0 0.208 2 TOUCH_MOVE c
1401953868905 6 4098 304.0 1078.9509 0.13333334 2.0 2.0 2.0 2.0 0.0 0.104 2 TOUCH_MOVE c
1401953868910 6 4098 304.0 1078.9509 0.13333334 2.0 2.0 2.0 2.0 0.0 0.104 1 TOUCH_UP c
1401953869052 6 4098 432.5 955.951 0.26666668 4.0 4.0 4.0 4.0 0.0 0.22000001 0 TOUCH_DOWN h
1401953869078 6 4098 432.5 955.951 0.3 5.0 5.0 5.0 5.0 0.0 0.22000001 2 TOUCH_MOVE h
1401953869121 6 4098 432.5 955.951 0.3 5.0 5.0 5.0 5.0 0.0 0.22000001 1 TOUCH_UP h
1401953869398 6 4098 496.5 828.951 0.33333334 5.0 5.0 5.0 5.0 0.0 0.208 0 TOUCH_DOWN u
1401953869413 6 4098 496.5 828.951 0.33333334 5.0 5.0 5.0 5.0 0.0 0.19600001 2 TOUCH_MOVE u
1401953869418 6 4098 496.5 828.951 0.33333334 5.0 5.0 5.0 5.0 0.0 0.19600001 1 TOUCH_UP u
1401953870017 6 4098 675.5 1085.9509 0.3 5.0 5.0 5.0 5.0 0.0 0.208 0 TOUCH_DOWN Back
1401953870028 6 4098 675.5 1085.9509 0.3 5.0 5.0 5.0 5.0 0.0 0.216 2 TOUCH_MOVE Back
1401953870052 6 4098 671.7197 1085.4949 0.3 5.0 5.0 5.0 5.0 0.0 0.216 2 TOUCH_MOVE Back
1401953870069 6 4098 667.7286 1086.3748 0.26666668 5.0 5.0 5.0 5.0 0.0 0.2 2 TOUCH_MOVE Back
1401953870074 6 4098 667.5 1086.4509 0.26666668 5.0 5.0 5.0 5.0 0.0 0.18 2 TOUCH_MOVE Back
1401953870078 6 4098 667.5 1086.4509 0.26666668 5.0 5.0 5.0 5.0 0.0 0.18 1 TOUCH_UP Back
1401953870240 6 4098 52.0 930.951 0.20000002 3.0 3.0 3.0 3.0 0.0 0.18 0 TOUCH_DOWN a
1401953870253 6 4098 52.0 930.951 0.20000002 3.0 3.0 3.0 3.0 0.0 0.18400002 2 TOUCH_MOVE a
1401953870300 6 4098 54.90136 930.451 0.20000002 3.0 3.0 3.0 3.0 0.0 0.19600001 2 TOUCH_MOVE a
1401953870307 6 4098 56.5 930.451 0.23333335 4.0 4.0 4.0 4.0 0.0 0.19600001 2 TOUCH_MOVE a
1401953870317 6 4098 55.5 930.951 0.23333335 4.0 4.0 4.0 4.0 0.0 0.18 2 TOUCH_MOVE a
1401953870327 6 4098 55.5 930.951 0.23333335 4.0 4.0 4.0 4.0 0.0 0.18 1 TOUCH_UP a
1401953870464 6 4098 483.0 809.951 0.26666668 4.0 4.0 4.0 4.0 0.0 0.224 0 TOUCH_DOWN u
1401953870470 6 4098 483.0 809.951 0.26666668 4.0 4.0 4.0 4.0 0.0 0.22800002 2 TOUCH_MOVE u
1401953870486 6 4098 482.4972 809.951 0.3 5.0 5.0 5.0 5.0 0.0 0.23200001 2 TOUCH_MOVE u
1401953870503 6 4098 481.52747 809.951 0.3 5.0 5.0 5.0 5.0 0.0 0.23200001 2 TOUCH_MOVE u
1401953870521 6 4098 480.75 809.201 0.3 5.0 5.0 5.0 5.0 0.0 0.22800002 2 TOUCH_MOVE u
1401953870547 6 4098 480.75 809.201 0.3 5.0 5.0 5.0 5.0 0.0 0.22800002 1 TOUCH_UP u
1401953870803 6 4098 360.0 1189.4509 0.23333335 4.0 4.0 4.0 4.0 0.0 0.208 0 TOUCH_DOWN Space
1401953870831 6 4098 357.86942 1189.1792 0.26666668 4.0 4.0 4.0 4.0 0.0 0.21200001 2 TOUCH_MOVE Space
1401953870837 6 4098 349.31964 1187.4664 0.3 5.0 5.0 5.0 5.0 0.0 0.216 2 TOUCH_MOVE Space
1401953870853 6 4098 343.15372 1186.4509 0.3 5.0 5.0 5.0 5.0 0.0 0.216 2 TOUCH_MOVE Space
1401953870871 6 4098 340.3271 1187.1238 0.3 5.0 5.0 5.0 5.0 0.0 0.21200001 2 TOUCH_MOVE Space
1401953870887 6 4098 340.0 1189.3586 0.20000002 4.0 4.0 4.0 4.0 0.0 0.18400002 2 TOUCH_MOVE Space
1401953870891 6 4098 340.0 1189.3586 0.20000002 4.0 4.0 4.0 4.0 0.0 0.18400002 1 TOUCH_UP Space
1401953871249 6 4098 563.5 959.451 0.3 5.0 5.0 5.0 5.0 0.0 0.208 0 TOUCH_DOWN k
1401953871274 6 4098 563.5 959.451 0.26666668 4.0 4.0 4.0 4.0 0.0 0.20400001 2 TOUCH_MOVE k
1401953871369 6 4098 563.5 959.451 0.26666668 5.0 5.0 5.0 5.0 0.0 0.14 2 TOUCH_MOVE k
1401953871373 6 4098 563.5 959.451 0.26666668 5.0 5.0 5.0 5.0 0.0 0.14 1 TOUCH_UP k
1401953871523 6 4098 443.0 945.951 0.33333334 5.0 5.0 5.0 5.0 0.0 0.224 0 TOUCH_DOWN h
1401953871549 6 4098 442.77094 945.7219 0.33333334 5.0 5.0 5.0 5.0 0.0 0.22800002 2 TOUCH_MOVE h
1401953871554 6 4098 442.46454 945.4155 0.33333334 5.0 5.0 5.0 5.0 0.0 0.224 2 TOUCH_MOVE h
1401953871570 6 4098 441.34824 944.29926 0.33333334 5.0 5.0 5.0 5.0 0.0 0.224 2 TOUCH_MOVE h
1401953871599 6 4098 441.34824 944.29926 0.33333334 5.0 5.0 5.0 5.0 0.0 0.224 1 TOUCH_UP h
1401953871810 6 4098 589.0 831.451 0.3 5.0 5.0 5.0 5.0 0.0 0.216 0 TOUCH_DOWN o
1401953871829 6 4098 589.0 831.451 0.3 5.0 5.0 5.0 5.0 0.0 0.22000001 2 TOUCH_MOVE o
1401953871837 6 4098 588.4913 831.451 0.33333334 5.0 5.0 5.0 5.0 0.0 0.224 2 TOUCH_MOVE o
1401953871854 6 4098 587.4769 831.451 0.3 5.0 5.0 5.0 5.0 0.0 0.22000001 2 TOUCH_MOVE o
1401953871865 6 4098 587.5 831.451 0.23333335 4.0 4.0 4.0 4.0 0.0 0.192 2 TOUCH_MOVE o
1401953871871 6 4098 587.5 831.451 0.23333335 4.0 4.0 4.0 4.0 0.0 0.192 1 TOUCH_UP o
1401953872100 6 4098 453.5 1079.4509 0.3 5.0 5.0 5.0 5.0 0.0 0.216 0 TOUCH_DOWN b
1401953872107 6 4098 453.5 1079.4509 0.3 5.0 5.0 5.0 5.0 0.0 0.22000001 2 TOUCH_MOVE b
1401953872138 6 4098 452.09265 1078.5436 0.33333334 5.0 5.0 5.0 5.0 0.0 0.224 2 TOUCH_MOVE b
1401953872154 6 4098 450.75644 1077.5791 0.3 5.0 5.0 5.0 5.0 0.0 0.216 2 TOUCH_MOVE b
1401953872172 6 4098 450.5 1077.4509 0.16666667 3.0 3.0 3.0 3.0 0.0 0.116000004 2 TOUCH_MOVE b
1401953872176 6 4098 450.5 1077.4509 0.16666667 3.0 3.0 3.0 3.0 0.0 0.116000004 1 TOUCH_UP b
1401953872308 6 4098 361.0 953.451 0.26666668 4.0 4.0 4.0 4.0 0.0 0.20400001 0 TOUCH_DOWN g
1401953872321 6 4098 361.50204 952.9489 0.33333334 5.0 5.0 5.0 5.0 0.0 0.21200001 2 TOUCH_MOVE g
1401953872338 6 4098 365.3111 949.1399 0.33333334 5.0 5.0 5.0 5.0 0.0 0.216 2 TOUCH_MOVE g
1401953872365 6 4098 371.59842 943.78564 0.3 5.0 5.0 5.0 5.0 0.0 0.22000001 2 TOUCH_MOVE g
1401953872371 6 4098 377.35175 939.7751 0.3 5.0 5.0 5.0 5.0 0.0 0.21200001 2 TOUCH_MOVE g
1401953872385 6 4098 379.0 938.951 0.20000002 3.0 3.0 3.0 3.0 0.0 0.108 2 TOUCH_MOVE g
1401953872388 6 4098 379.0 938.951 0.20000002 3.0 3.0 3.0 3.0 0.0 0.108 1 TOUCH_UP g
1401953872617 6 4098 316.0 1227.4509 0.23333335 4.0 4.0 4.0 4.0 0.0 0.19600001 0 TOUCH_DOWN Space
1401953872645 6 4098 315.0 1228.4509 0.16666667 3.0 3.0 3.0 3.0 0.0 0.18 2 TOUCH_MOVE Space
1401953872649 6 4098 315.0 1228.4509 0.16666667 3.0 3.0 3.0 3.0 0.0 0.18 1 TOUCH_UP Space
1401953872993 6 4098 696.0 1067.4509 0.3 5.0 5.0 5.0 5.0 0.0 0.21200001 0 TOUCH_DOWN Back
1401953873008 6 4098 696.0 1067.4509 0.3 5.0 5.0 5.0 5.0 0.0 0.216 2 TOUCH_MOVE Back
1401953873028 6 4098 695.0156 1065.9822 0.3 5.0 5.0 5.0 5.0 0.0 0.21200001 2 TOUCH_MOVE Back
1401953873039 6 4098 694.5 1063.1237 0.26666668 5.0 5.0 5.0 5.0 0.0 0.21200001 2 TOUCH_MOVE Back
1401953873056 6 4098 694.9131 1060.6248 0.26666668 5.0 5.0 5.0 5.0 0.0 0.20400001 2 TOUCH_MOVE Back
1401953873072 6 4098 696.5896 1059.1561 0.23333335 5.0 5.0 5.0 5.0 0.0 0.18800001 2 TOUCH_MOVE Back
1401953873078 6 4098 697.0 1058.9509 0.23333335 5.0 5.0 5.0 5.0 0.0 0.18 2 TOUCH_MOVE Back
1401953873082 6 4098 697.0 1058.9509 0.23333335 5.0 5.0 5.0 5.0 0.0 0.18 1 TOUCH_UP Back
1401953873191 6 4098 679.0 1057.9509 0.33333334 5.0 5.0 5.0 5.0 0.0 0.216 0 TOUCH_DOWN Back
1401953873222 6 4098 678.03723 1057.9509 0.33333334 5.0 5.0 5.0 5.0 0.0 0.216 2 TOUCH_MOVE Back
1401953873241 6 4098 675.97815 1057.4509 0.33333334 5.0 5.0 5.0 5.0 0.0 0.2 2 TOUCH_MOVE Back
1401953873267 6 4098 675.0 1058.4509 0.3 5.0 5.0 5.0 5.0 0.0 0.17600001 2 TOUCH_MOVE Back
1401953873271 6 4098 675.0 1058.4509 0.3 5.0 5.0 5.0 5.0 0.0 0.17600001 1 TOUCH_UP Back
1401953873350 6 4098 672.5 1057.9509 0.33333334 5.0 5.0 5.0 5.0 0.0 0.208 0 TOUCH_DOWN Back
1401953873375 6 4098 672.5 1057.9509 0.33333334 5.0 5.0 5.0 5.0 0.0 0.21200001 2 TOUCH_MOVE Back
1401953873406 6 4098 671.4341 1057.9509 0.33333334 5.0 5.0 5.0 5.0 0.0 0.216 2 TOUCH_MOVE Back
1401953873423 6 4098 670.75 1057.9509 0.33333334 5.0 5.0 5.0 5.0 0.0 0.21200001 2 TOUCH_MOVE Back
1401953873432 6 4098 671.0 1057.9509 0.3 5.0 5.0 5.0 5.0 0.0 0.18 2 TOUCH_MOVE Back
1401953873435 6 4098 671.0 1057.9509 0.3 5.0 5.0 5.0 5.0 0.0 0.18 1 TOUCH_UP Back
1401953874013 6 4098 506.5 1070.9509 0.3 5.0 5.0 5.0 5.0 0.0 0.216 0 TOUCH_DOWN n
1401953874023 6 4098 506.5 1070.9509 0.3 5.0 5.0 5.0 5.0 0.0 0.22000001 2 TOUCH_MOVE n
1401953874065 6 4098 506.5 1070.9509 0.23333335 5.0 5.0 5.0 5.0 0.0 0.17600001 2 TOUCH_MOVE n
1401953874068 6 4098 506.5 1070.9509 0.23333335 5.0 5.0 5.0 5.0 0.0 0.17600001 1 TOUCH_UP n
1401953874216 6 4098 358.5 936.951 0.26666668 4.0 4.0 4.0 4.0 0.0 0.21200001 0 TOUCH_DOWN g
1401953874225 6 4098 358.85995 936.951 0.3 5.0 5.0 5.0 5.0 0.0 0.22000001 2 TOUCH_MOVE g
1401953874246 6 4098 361.22482 936.951 0.3 5.0 5.0 5.0 5.0 0.0 0.22000001 2 TOUCH_MOVE g
1401953874256 6 4098 365.16733 936.951 0.3 5.0 5.0 5.0 5.0 0.0 0.22000001 2 TOUCH_MOVE g
1401953874274 6 4098 369.49023 936.951 0.3 5.0 5.0 5.0 5.0 0.0 0.22000001 2 TOUCH_MOVE g
1401953874300 6 4098 372.5 937.451 0.33333334 5.0 5.0 5.0 5.0 0.0 0.18400002 2 TOUCH_MOVE g
1401953874305 6 4098 372.5 937.451 0.33333334 5.0 5.0 5.0 5.0 0.0 0.18400002 1 TOUCH_UP g
1401953874508 6 4098 271.5 1231.4509 0.26666668 5.0 5.0 5.0 5.0 0.0 0.192 0 TOUCH_DOWN Space
1401953874529 6 4098 271.5 1231.1001 0.26666668 5.0 5.0 5.0 5.0 0.0 0.2 2 TOUCH_MOVE Space
1401953874541 6 4098 271.5 1229.5753 0.26666668 5.0 5.0 5.0 5.0 0.0 0.20400001 2 TOUCH_MOVE Space
1401953874557 6 4098 273.43262 1225.8741 0.26666668 5.0 5.0 5.0 5.0 0.0 0.18800001 2 TOUCH_MOVE Space
1401953874567 6 4098 273.5 1225.4509 0.16666667 3.0 3.0 3.0 3.0 0.0 0.1 2 TOUCH_MOVE Space
1401953874572 6 4098 273.5 1225.4509 0.16666667 3.0 3.0 3.0 3.0 0.0 0.1 1 TOUCH_UP Space
1401953874882 6 4098 579.0 944.451 0.3 5.0 5.0 5.0 5.0 0.0 0.21200001 0 TOUCH_DOWN k
1401953874891 6 4098 579.0 944.451 0.3 5.0 5.0 5.0 5.0 0.0 0.216 2 TOUCH_MOVE k
1401953874924 6 4098 572.8172 943.951 0.3 5.0 5.0 5.0 5.0 0.0 0.216 2 TOUCH_MOVE k
1401953874940 6 4098 568.0363 944.53644 0.33333334 5.0 5.0 5.0 5.0 0.0 0.21200001 2 TOUCH_MOVE k
1401953874955 6 4098 566.0 945.451 0.16666667 3.0 3.0 3.0 3.0 0.0 0.1 2 TOUCH_MOVE k
1401953874964 6 4098 566.0 945.451 0.16666667 3.0 3.0 3.0 3.0 0.0 0.1 1 TOUCH_UP k
1401953875146 6 4098 452.0 953.951 0.3 5.0 5.0 5.0 5.0 0.0 0.216 0 TOUCH_DOWN h
1401953875195 6 4098 452.0 953.951 0.3 5.0 5.0 5.0 5.0 0.0 0.216 1 TOUCH_UP h
1401953875389 6 4098 620.0 797.451 0.3 5.0 5.0 5.0 5.0 0.0 0.216 0 TOUCH_DOWN o
1401953875424 6 4098 620.0 796.198 0.3 5.0 5.0 5.0 5.0 0.0 0.22000001 2 TOUCH_MOVE o
1401953875441 6 4098 620.0 795.33777 0.3 5.0 5.0 5.0 5.0 0.0 0.216 2 TOUCH_MOVE o
1401953875462 6 4098 620.0 795.33777 0.3 5.0 5.0 5.0 5.0 0.0 0.216 1 TOUCH_UP o
1401953875731 6 4098 306.0 1079.9509 0.23333335 4.0 4.0 4.0 4.0 0.0 0.208 0 TOUCH_DOWN c
1401953875768 6 4098 305.46066 1079.9509 0.23333335 4.0 4.0 4.0 4.0 0.0 0.21200001 2 TOUCH_MOVE c
1401953875774 6 4098 303.6192 1079.5105 0.23333335 4.0 4.0 4.0 4.0 0.0 0.21200001 2 TOUCH_MOVE c
1401953875791 6 4098 297.41077 1078.4966 0.23333335 4.0 4.0 4.0 4.0 0.0 0.21200001 2 TOUCH_MOVE c
1401953875797 6 4098 297.0 1078.4509 0.23333335 4.0 4.0 4.0 4.0 0.0 0.19600001 2 TOUCH_MOVE c
1401953875801 6 4098 297.0 1078.4509 0.23333335 4.0 4.0 4.0 4.0 0.0 0.19600001 1 TOUCH_UP c
1401953876014 6 4098 313.5 1187.9509 0.26666668 4.0 4.0 4.0 4.0 0.0 0.208 0 TOUCH_DOWN Space
1401953876025 6 4098 312.6085 1187.9509 0.26666668 4.0 4.0 4.0 4.0 0.0 0.21200001 2 TOUCH_MOVE Space
1401953876047 6 4098 306.65552 1188.3573 0.26666668 4.0 4.0 4.0 4.0 0.0 0.216 2 TOUCH_MOVE Space
1401953876062 6 4098 301.5129 1188.8228 0.26666668 4.0 4.0 4.0 4.0 0.0 0.22000001 2 TOUCH_MOVE Space
1401953876075 6 4098 299.3292 1190.9572 0.26666668 4.0 4.0 4.0 4.0 0.0 0.21200001 2 TOUCH_MOVE Space
1401953876089 6 4098 298.5 1192.4509 0.13333334 2.0 2.0 2.0 2.0 0.0 0.14400001 2 TOUCH_MOVE Space
1401953876093 6 4098 298.5 1192.4509 0.13333334 2.0 2.0 2.0 2.0 0.0 0.14400001 1 TOUCH_UP Space
1401953876550 6 4098 463.5 1065.9509 0.26666668 4.0 4.0 4.0 4.0 0.0 0.208 0 TOUCH_DOWN b
1401953876598 6 4098 463.5 1065.9509 0.23333335 4.0 4.0 4.0 4.0 0.0 0.18800001 2 TOUCH_MOVE b
1401953876603 6 4098 463.5 1065.9509 0.23333335 4.0 4.0 4.0 4.0 0.0 0.18800001 1 TOUCH_UP b
1401953877320 6 4098 673.5 1074.9509 0.3 5.0 5.0 5.0 5.0 0.0 0.208 0 TOUCH_DOWN Back
1401953877326 6 4098 673.5 1074.9509 0.3 5.0 5.0 5.0 5.0 0.0 0.20400001 2 TOUCH_MOVE Back
1401953877343 6 4098 672.9609 1074.9509 0.23333335 5.0 5.0 5.0 5.0 0.0 0.18800001 2 TOUCH_MOVE Back
1401953877353 6 4098 673.0 1074.9509 0.23333335 5.0 5.0 5.0 5.0 0.0 0.16000001 2 TOUCH_MOVE Back
1401953877356 6 4098 673.0 1074.9509 0.23333335 5.0 5.0 5.0 5.0 0.0 0.16000001 1 TOUCH_UP Back
1401953877708 6 4098 497.5 1060.4509 0.33333334 5.0 5.0 5.0 5.0 0.0 0.21200001 0 TOUCH_DOWN n
1401953877726 6 4098 497.5 1060.4509 0.3 5.0 5.0 5.0 5.0 0.0 0.21200001 2 TOUCH_MOVE n
1401953877743 6 4098 496.79608 1060.4509 0.3 5.0 5.0 5.0 5.0 0.0 0.21200001 2 TOUCH_MOVE n
1401953877760 6 4098 495.83594 1060.4509 0.3 5.0 5.0 5.0 5.0 0.0 0.20400001 2 TOUCH_MOVE n
1401953877770 6 4098 494.5 1060.9509 0.26666668 4.0 4.0 4.0 4.0 0.0 0.18800001 2 TOUCH_MOVE n
1401953877774 6 4098 494.5 1060.9509 0.26666668 4.0 4.0 4.0 4.0 0.0 0.18800001 1 TOUCH_UP n
1401953877907 6 4098 436.5 955.951 0.26666668 4.0 4.0 4.0 4.0 0.0 0.216 0 TOUCH_DOWN h
1401953877926 6 4098 436.5 955.5475 0.3 5.0 5.0 5.0 5.0 0.0 0.22000001 2 TOUCH_MOVE h
1401953877943 6 4098 435.72763 953.90625 0.3 5.0 5.0 5.0 5.0 0.0 0.224 2 TOUCH_MOVE h
1401953877961 6 4098 435.5 952.1483 0.3 5.0 5.0 5.0 5.0 0.0 0.216 2 TOUCH_MOVE h
1401953877983 6 4098 435.5 952.1483 0.3 5.0 5.0 5.0 5.0 0.0 0.216 1 TOUCH_UP h
1401953878176 6 4098 201.0 828.951 0.3 5.0 5.0 5.0 5.0 0.0 0.19600001 0 TOUCH_DOWN e
1401953878181 6 4098 201.0 828.951 0.3 5.0 5.0 5.0 5.0 0.0 0.2 2 TOUCH_MOVE e
1401953878210 6 4098 202.19467 828.2563 0.33333334 5.0 5.0 5.0 5.0 0.0 0.208 2 TOUCH_MOVE e
1401953878229 6 4098 202.19467 828.2563 0.33333334 5.0 5.0 5.0 5.0 0.0 0.208 1 TOUCH_UP e
1401953880066 6 4098 688.0 1212.4509 0.23333335 4.0 4.0 4.0 4.0 0.0 0.20400001 0 TOUCH_DOWN Enter
1401953880090 6 4098 688.0 1212.4509 0.23333335 4.0 4.0 4.0 4.0 0.0 0.208 2 TOUCH_MOVE Enter
1401953880107 6 4098 687.0 1212.4509 0.20000002 3.0 3.0 3.0 3.0 0.0 0.18400002 2 TOUCH_MOVE Enter
1401953880112 6 4098 687.0 1212.4509 0.20000002 3.0 3.0 3.0 3.0 0.0 0.18400002 1 TOUCH_UP Enter
1401953880604 6 4098 579.5 957.451 0.26666668 4.0 4.0 4.0 4.0 0.0 0.216 0 TOUCH_DOWN K
1401953880635 6 4098 579.5 957.451 0.26666668 4.0 4.0 4.0 4.0 0.0 0.22000001 2 TOUCH_MOVE K
1401953880676 6 4098 579.5 957.451 0.13333334 2.0 2.0 2.0 2.0 0.0 0.16800001 2 TOUCH_MOVE K
1401953880681 6 4098 579.5 957.451 0.13333334 2.0 2.0 2.0 2.0 0.0 0.16800001 1 TOUCH_UP K
1401953880907 6 4098 444.5 968.951 0.3 5.0 5.0 5.0 5.0 0.0 0.21200001 0 TOUCH_DOWN h
1401953880935 6 4098 444.5 968.5636 0.3 5.0 5.0 5.0 5.0 0.0 0.22000001 2 TOUCH_MOVE h
1401953880946 6 4098 444.5 966.9679 0.3 5.0 5.0 5.0 5.0 0.0 0.216 2 TOUCH_MOVE h
1401953880963 6 4098 444.5 965.75134 0.26666668 5.0 5.0 5.0 5.0 0.0 0.192 2 TOUCH_MOVE h
1401953880978 6 4098 444.5 965.75134 0.26666668 5.0 5.0 5.0 5.0 0.0 0.192 1 TOUCH_UP h
1401953881205 6 4098 596.0 822.951 0.3 5.0 5.0 5.0 5.0 0.0 0.216 0 TOUCH_DOWN o
1401953881215 6 4098 596.0 822.951 0.3 5.0 5.0 5.0 5.0 0.0 0.22000001 2 TOUCH_MOVE o
1401953881257 6 4098 596.0 822.951 0.23333335 5.0 5.0 5.0 5.0 0.0 0.17600001 2 TOUCH_MOVE o
1401953881264 6 4098 596.0 822.951 0.23333335 5.0 5.0 5.0 5.0 0.0 0.17600001 1 TOUCH_UP o
1401953881460 6 4098 507.5 1088.4509 0.3 5.0 5.0 5.0 5.0 0.0 0.21200001 0 TOUCH_DOWN n
1401953881474 6 4098 507.39117 1088.5598 0.3 5.0 5.0 5.0 5.0 0.0 0.216 2 TOUCH_MOVE n
1401953881496 6 4098 506.26056 1089.4509 0.33333334 5.0 5.0 5.0 5.0 0.0 0.22800002 2 TOUCH_MOVE n
1401953881513 6 4098 501.4852 1087.9435 0.3 5.0 5.0 5.0 5.0 0.0 0.22800002 2 TOUCH_MOVE n
1401953881530 6 4098 501.0 1087.4509 0.3 5.0 5.0 5.0 5.0 0.0 0.22000001 2 TOUCH_MOVE n
1401953881533 6 4098 501.0 1087.4509 0.26666668 5.0 5.0 5.0 5.0 0.0 0.19600001 2 TOUCH_MOVE n
1401953881537 6 4098 501.0 1087.4509 0.26666668 5.0 5.0 5.0 5.0 0.0 0.19600001 1 TOUCH_UP n
1401953881647 6 4098 368.5 956.451 0.26666668 4.0 4.0 4.0 4.0 0.0 0.208 0 TOUCH_DOWN g
1401953881680 6 4098 368.5 955.9154 0.3 5.0 5.0 5.0 5.0 0.0 0.216 2 TOUCH_MOVE g
1401953881698 6 4098 368.5 953.7356 0.3 5.0 5.0 5.0 5.0 0.0 0.216 2 TOUCH_MOVE g
1401953881725 6 4098 366.0 950.951 0.20000002 4.0 4.0 4.0 4.0 0.0 0.17600001 2 TOUCH_MOVE g
1401953881729 6 4098 366.0 950.951 0.20000002 4.0 4.0 4.0 4.0 0.0 0.17600001 1 TOUCH_UP g
1401953881871 6 4098 271.5 1197.4509 0.23333335 5.0 5.0 5.0 5.0 0.0 0.208 0 TOUCH_DOWN Space
1401953881914 6 4098 270.9729 1197.4509 0.3 5.0 5.0 5.0 5.0 0.0 0.21200001 2 TOUCH_MOVE Space
1401953881930 6 4098 270.5 1198.0526 0.26666668 5.0 5.0 5.0 5.0 0.0 0.208 2 TOUCH_MOVE Space
1401953881947 6 4098 270.5 1198.4509 0.20000002 4.0 4.0 4.0 4.0 0.0 0.18 2 TOUCH_MOVE Space
1401953881953 6 4098 270.5 1198.4509 0.20000002 4.0 4.0 4.0 4.0 0.0 0.18 1 TOUCH_UP Space
1401953882218 6 4098 571.0 952.951 0.26666668 4.0 4.0 4.0 4.0 0.0 0.216 0 TOUCH_DOWN k
1401953882230 6 4098 571.0 952.951 0.26666668 4.0 4.0 4.0 4.0 0.0 0.22000001 2 TOUCH_MOVE k
1401953882264 6 4098 566.1541 951.951 0.3 5.0 5.0 5.0 5.0 0.0 0.208 2 TOUCH_MOVE k
1401953882278 6 4098 562.0 952.951 0.26666668 5.0 5.0 5.0 5.0 0.0 0.18 2 TOUCH_MOVE k
1401953882282 6 4098 562.0 952.951 0.26666668 5.0 5.0 5.0 5.0 0.0 0.18 1 TOUCH_UP k
1401953882433 6 4098 443.0 961.951 0.3 5.0 5.0 5.0 5.0 0.0 0.21200001 0 TOUCH_DOWN h
1401953882481 6 4098 441.60294 960.5539 0.33333334 5.0 5.0 5.0 5.0 0.0 0.224 2 TOUCH_MOVE h
1401953882497 6 4098 441.5 959.58636 0.3 5.0 5.0 5.0 5.0 0.0 0.21200001 2 TOUCH_MOVE h
1401953882516 6 4098 443.5 958.951 0.26666668 4.0 4.0 4.0 4.0 0.0 0.17600001 2 TOUCH_MOVE h
1401953882520 6 4098 443.5 958.951 0.26666668 4.0 4.0 4.0 4.0 0.0 0.17600001 1 TOUCH_UP h
1401953882668 6 4098 620.5 826.451 0.33333334 5.0 5.0 5.0 5.0 0.0 0.216 0 TOUCH_DOWN o
1401953882681 6 4098 620.5 826.451 0.33333334 5.0 5.0 5.0 5.0 0.0 0.22000001 2 TOUCH_MOVE o
1401953882717 6 4098 619.2187 826.451 0.33333334 5.0 5.0 5.0 5.0 0.0 0.22800002 2 TOUCH_MOVE o
1401953882731 6 4098 617.2916 826.451 0.33333334 5.0 5.0 5.0 5.0 0.0 0.22800002 2 TOUCH_MOVE o
1401953882748 6 4098 615.35626 826.7729 0.33333334 5.0 5.0 5.0 5.0 0.0 0.22000001 2 TOUCH_MOVE o
1401953882768 6 4098 614.0 828.451 0.3 5.0 5.0 5.0 5.0 0.0 0.192 2 TOUCH_MOVE o
1401953882772 6 4098 614.0 828.451 0.3 5.0 5.0 5.0 5.0 0.0 0.192 1 TOUCH_UP o
1401953882884 6 4098 269.5 1064.4509 0.3 5.0 5.0 5.0 5.0 0.0 0.208 0 TOUCH_DOWN c
1401953882899 6 4098 269.5 1064.4509 0.3 5.0 5.0 5.0 5.0 0.0 0.21200001 2 TOUCH_MOVE c
1401953882931 6 4098 271.33878 1063.0315 0.33333334 5.0 5.0 5.0 5.0 0.0 0.216 2 TOUCH_MOVE c
1401953882948 6 4098 272.83105 1062.1199 0.33333334 5.0 5.0 5.0 5.0 0.0 0.208 2 TOUCH_MOVE c
1401953882953 6 4098 273.0 1061.9509 0.20000002 3.0 3.0 3.0 3.0 0.0 0.112 2 TOUCH_MOVE c
1401953882957 6 4098 273.0 1061.9509 0.20000002 3.0 3.0 3.0 3.0 0.0 0.112 1 TOUCH_UP c
1401953883145 6 4098 334.5 1204.9509 0.26666668 5.0 5.0 5.0 5.0 0.0 0.216 0 TOUCH_DOWN Space
1401953883186 6 4098 332.63278 1203.0837 0.3 5.0 5.0 5.0 5.0 0.0 0.216 2 TOUCH_MOVE Space
1401953883198 6 4098 331.75 1202.9509 0.26666668 5.0 5.0 5.0 5.0 0.0 0.20400001 2 TOUCH_MOVE Space
1401953883212 6 4098 331.75 1202.9509 0.26666668 5.0 5.0 5.0 5.0 0.0 0.20400001 1 TOUCH_UP Space
1401953883708 6 4098 512.5 1077.9509 0.26666668 4.0 4.0 4.0 4.0 0.0 0.208 0 TOUCH_DOWN n
1401953883716 6 4098 512.5 1077.9509 0.26666668 4.0 4.0 4.0 4.0 0.0 0.21200001 2 TOUCH_MOVE n
1401953883749 6 4098 511.35883 1076.8098 0.3 5.0 5.0 5.0 5.0 0.0 0.22000001 2 TOUCH_MOVE n
1401953883765 6 4098 511.0 1075.8442 0.26666668 4.0 4.0 4.0 4.0 0.0 0.216 2 TOUCH_MOVE n
1401953883814 6 4098 511.0 1075.9509 0.23333335 4.0 4.0 4.0 4.0 0.0 0.15200001 2 TOUCH_MOVE n
1401953883821 6 4098 511.0 1075.9509 0.23333335 4.0 4.0 4.0 4.0 0.0 0.15200001 1 TOUCH_UP n
1401953883966 6 4098 451.0 948.951 0.33333334 5.0 5.0 5.0 5.0 0.0 0.20400001 0 TOUCH_DOWN h
1401953883988 6 4098 450.683 948.317 0.33333334 5.0 5.0 5.0 5.0 0.0 0.208 2 TOUCH_MOVE h
1401953883999 6 4098 449.31824 946.17834 0.33333334 5.0 5.0 5.0 5.0 0.0 0.216 2 TOUCH_MOVE h
1401953884015 6 4098 448.44086 944.3327 0.33333334 5.0 5.0 5.0 5.0 0.0 0.208 2 TOUCH_MOVE h
1401953884034 6 4098 447.98654 944.9644 0.26666668 5.0 5.0 5.0 5.0 0.0 0.17600001 2 TOUCH_MOVE h
1401953884038 6 4098 447.98654 944.9644 0.26666668 5.0 5.0 5.0 5.0 0.0 0.17600001 1 TOUCH_UP h
1401953884247 6 4098 222.0 821.951 0.3 5.0 5.0 5.0 5.0 0.0 0.208 0 TOUCH_DOWN r
1401953884251 6 4098 222.0 821.951 0.3 5.0 5.0 5.0 5.0 0.0 0.21200001 2 TOUCH_MOVE r
1401953884299 6 4098 221.60909 821.451 0.3 5.0 5.0 5.0 5.0 0.0 0.21200001 2 TOUCH_MOVE r
1401953884303 6 4098 221.5 821.451 0.3 5.0 5.0 5.0 5.0 0.0 0.19600001 2 TOUCH_MOVE r
1401953884307 6 4098 221.5 821.451 0.3 5.0 5.0 5.0 5.0 0.0 0.19600001 1 TOUCH_UP r
1401953884623 6 4098 327.0 1198.4509 0.23333335 5.0 5.0 5.0 5.0 0.0 0.21200001 0 TOUCH_DOWN Space
1401953884658 6 4098 325.81946 1198.4509 0.26666668 4.0 4.0 4.0 4.0 0.0 0.208 2 TOUCH_MOVE Space
1401953884675 6 4098 326.0 1199.9509 0.26666668 5.0 5.0 5.0 5.0 0.0 0.18400002 2 TOUCH_MOVE Space
1401953884681 6 4098 326.0 1199.9509 0.26666668 5.0 5.0 5.0 5.0 0.0 0.18400002 1 TOUCH_UP Space
1401953885167 6 4098 687.0 1042.9509 0.26666668 4.0 4.0 4.0 4.0 0.0 0.208 0 TOUCH_DOWN Back
1401953885258 6 4098 687.0 1042.9509 0.26666668 4.0 4.0 4.0 4.0 0.0 0.208 1 TOUCH_UP Back
1401953885377 6 4098 687.5 1040.9509 0.26666668 4.0 4.0 4.0 4.0 0.0 0.21200001 0 TOUCH_DOWN Back
1401953885391 6 4098 687.5 1041.0322 0.26666668 4.0 4.0 4.0 4.0 0.0 0.216 2 TOUCH_MOVE Back
1401953885407 6 4098 686.9605 1041.4904 0.26666668 4.0 4.0 4.0 4.0 0.0 0.21200001 2 TOUCH_MOVE Back
1401953885417 6 4098 686.01874 1042.4321 0.26666668 4.0 4.0 4.0 4.0 0.0 0.21200001 2 TOUCH_MOVE Back
1401953885433 6 4098 683.0876 1043.4218 0.26666668 4.0 4.0 4.0 4.0 0.0 0.208 2 TOUCH_MOVE Back
1401953885446 6 4098 681.5 1044.4509 0.3 5.0 5.0 5.0 5.0 0.0 0.18 2 TOUCH_MOVE Back
1401953885450 6 4098 681.5 1044.4509 0.3 5.0 5.0 5.0 5.0 0.0 0.18 1 TOUCH_UP Back
1401953886078 6 4098 192.0 828.451 0.26666668 5.0 5.0 5.0 5.0 0.0 0.192 0 TOUCH_DOWN e
1401953886084 6 4098 192.0 828.451 0.3 5.0 5.0 5.0 5.0 0.0 0.2 2 TOUCH_MOVE e
1401953886101 6 4098 192.5072 828.451 0.3 5.0 5.0 5.0 5.0 0.0 0.208 2 TOUCH_MOVE e
1401953886118 6 4098 193.43224 828.451 0.3 5.0 5.0 5.0 5.0 0.0 0.208 2 TOUCH_MOVE e
1401953886134 6 4098 194.25 828.451 0.3 5.0 5.0 5.0 5.0 0.0 0.208 2 TOUCH_MOVE e
1401953886151 6 4098 194.25 828.451 0.3 5.0 5.0 5.0 5.0 0.0 0.208 1 TOUCH_UP e
1401953886341 6 4098 309.5 1207.9509 0.20000002 3.0 3.0 3.0 3.0 0.0 0.2 0 TOUCH_DOWN Space
1401953886353 6 4098 309.01904 1207.9509 0.23333335 4.0 4.0 4.0 4.0 0.0 0.208 2 TOUCH_MOVE Space
1401953886374 6 4098 307.56656 1207.4509 0.23333335 4.0 4.0 4.0 4.0 0.0 0.21200001 2 TOUCH_MOVE Space
1401953886384 6 4098 306.61118 1206.5621 0.23333335 4.0 4.0 4.0 4.0 0.0 0.208 2 TOUCH_MOVE Space
1401953886401 6 4098 307.56793 1205.595 0.23333335 4.0 4.0 4.0 4.0 0.0 0.20400001 2 TOUCH_MOVE Space
1401953886407 6 4098 308.0 1205.4509 0.23333335 4.0 4.0 4.0 4.0 0.0 0.192 2 TOUCH_MOVE Space
1401953886412 6 4098 308.0 1205.4509 0.23333335 4.0 4.0 4.0 4.0 0.0 0.192 1 TOUCH_UP Space
1401953886594 6 4098 200.0 952.451 0.26666668 4.0 4.0 4.0 4.0 0.0 0.19600001 0 TOUCH_DOWN d
1401953886626 6 4098 200.29951 952.1515 0.3 5.0 5.0 5.0 5.0 0.0 0.20400001 2 TOUCH_MOVE d
1401953886634 6 4098 200.8325 951.61847 0.3 5.0 5.0 5.0 5.0 0.0 0.216 2 TOUCH_MOVE d
1401953886651 6 4098 201.81194 950.63904 0.3 5.0 5.0 5.0 5.0 0.0 0.21200001 2 TOUCH_MOVE d
1401953886668 6 4098 202.75 950.451 0.3 5.0 5.0 5.0 5.0 0.0 0.20400001 2 TOUCH_MOVE d
1401953886689 6 4098 202.75 950.451 0.3 5.0 5.0 5.0 5.0 0.0 0.20400001 1 TOUCH_UP d
1401953886849 6 4098 168.0 802.951 0.20000002 4.0 4.0 4.0 4.0 0.0 0.19600001 0 TOUCH_DOWN e
1401953886880 6 4098 168.56175 802.10834 0.20000002 4.0 4.0 4.0 4.0 0.0 0.2 2 TOUCH_MOVE e
1401953886887 6 4098 169.92116 800.2228 0.23333335 4.0 4.0 4.0 4.0 0.0 0.208 2 TOUCH_MOVE e
1401953886903 6 4098 172.0 797.2007 0.23333335 4.0 4.0 4.0 4.0 0.0 0.20400001 2 TOUCH_MOVE e
1401953886917 6 4098 172.0 796.451 0.20000002 4.0 4.0 4.0 4.0 0.0 0.14400001 2 TOUCH_MOVE e
1401953886922 6 4098 172.0 796.451 0.20000002 4.0 4.0 4.0 4.0 0.0 0.14400001 1 TOUCH_UP e
1401953887152 6 4098 311.5 1192.4509 0.26666668 4.0 4.0 4.0 4.0 0.0 0.216 0 TOUCH_DOWN Space
1401953887186 6 4098 311.5 1191.914 0.20000002 3.0 3.0 3.0 3.0 0.0 0.2 2 TOUCH_MOVE Space
1401953887199 6 4098 311.5 1191.914 0.20000002 3.0 3.0 3.0 3.0 0.0 0.2 1 TOUCH_UP Space
1401953887706 6 4098 575.0 1067.4509 0.26666668 4.0 4.0 4.0 4.0 0.0 0.21200001 0 TOUCH_DOWN m
1401953887721 6 4098 575.0 1067.4509 0.26666668 4.0 4.0 4.0 4.0 0.0 0.216 2 TOUCH_MOVE m
1401953887752 6 4098 571.2728 1067.86 0.26666668 4.0 4.0 4.0 4.0 0.0 0.208 2 TOUCH_MOVE m
1401953887770 6 4098 570.0 1068.4509 0.16666667 3.0 3.0 3.0 3.0 0.0 0.108 2 TOUCH_MOVE m
1401953887775 6 4098 570.0 1068.4509 0.16666667 3.0 3.0 3.0 3.0 0.0 0.108 1 TOUCH_UP m
1401953887937 6 4098 173.0 834.951 0.3 5.0 5.0 5.0 5.0 0.0 0.20400001 0 TOUCH_DOWN e
1401953887958 6 4098 173.23639 834.7146 0.3 5.0 5.0 5.0 5.0 0.0 0.208 2 TOUCH_MOVE e
1401953887972 6 4098 173.93561 833.5798 0.33333334 5.0 5.0 5.0 5.0 0.0 0.216 2 TOUCH_MOVE e
1401953887986 6 4098 174.90315 831.6447 0.33333334 5.0 5.0 5.0 5.0 0.0 0.216 2 TOUCH_MOVE e
1401953888003 6 4098 175.84978 830.6012 0.33333334 5.0 5.0 5.0 5.0 0.0 0.216 2 TOUCH_MOVE e
1401953888020 6 4098 176.25 830.201 0.33333334 5.0 5.0 5.0 5.0 0.0 0.21200001 2 TOUCH_MOVE e
1401953888031 6 4098 176.25 830.201 0.33333334 5.0 5.0 5.0 5.0 0.0 0.21200001 1 TOUCH_UP e
1401953888151 6 4098 330.5 1175.4509 0.33333334 5.0 5.0 5.0 5.0 0.0 0.224 0 TOUCH_DOWN Space
1401953888173 6 4098 329.99588 1175.4447 0.3 5.0 5.0 5.0 5.0 0.0 0.224 2 TOUCH_MOVE Space
1401953888186 6 4098 327.6233 1172.5742 0.3 5.0 5.0 5.0 5.0 0.0 0.224 2 TOUCH_MOVE Space
1401953888205 6 4098 325.1422 1170.522 0.3 5.0 5.0 5.0 5.0 0.0 0.224 2 TOUCH_MOVE Space
1401953888220 6 4098 324.25 1170.4509 0.3 5.0 5.0 5.0 5.0 0.0 0.216 2 TOUCH_MOVE Space
1401953888233 6 4098 326.0 1173.4509 0.3 5.0 5.0 5.0 5.0 0.0 0.18800001 2 TOUCH_MOVE Space
1401953888237 6 4098 326.0 1173.4509 0.3 5.0 5.0 5.0 5.0 0.0 0.18800001 1 TOUCH_UP Space
1401953888442 6 4098 328.0 814.451 0.3 5.0 5.0 5.0 5.0 0.0 0.21200001 0 TOUCH_DOWN t
1401953888454 6 4098 328.0 814.451 0.3 5.0 5.0 5.0 5.0 0.0 0.216 2 TOUCH_MOVE t
1401953888503 6 4098 327.72693 815.22406 0.3 5.0 5.0 5.0 5.0 0.0 0.22000001 2 TOUCH_MOVE t
1401953888520 6 4098 325.5 816.951 0.33333334 5.0 5.0 5.0 5.0 0.0 0.21200001 2 TOUCH_MOVE t
1401953888527 6 4098 325.5 816.951 0.26666668 5.0 5.0 5.0 5.0 0.0 0.17600001 2 TOUCH_MOVE t
1401953888531 6 4098 325.5 816.951 0.26666668 5.0 5.0 5.0 5.0 0.0 0.17600001 1 TOUCH_UP t
1401953888687 6 4098 254.5 839.451 0.3 5.0 5.0 5.0 5.0 0.0 0.208 0 TOUCH_DOWN r
1401953888703 6 4098 255.34334 838.60767 0.33333334 5.0 5.0 5.0 5.0 0.0 0.208 2 TOUCH_MOVE r
1401953888720 6 4098 257.1119 836.03314 0.33333334 5.0 5.0 5.0 5.0 0.0 0.21200001 2 TOUCH_MOVE r
1401953888736 6 4098 258.0 834.196 0.33333334 5.0 5.0 5.0 5.0 0.0 0.21200001 2 TOUCH_MOVE r
1401953888753 6 4098 258.0 833.2157 0.33333334 5.0 5.0 5.0 5.0 0.0 0.216 2 TOUCH_MOVE r
1401953888770 6 4098 258.0 833.451 0.23333335 4.0 4.0 4.0 4.0 0.0 0.18 2 TOUCH_MOVE r
1401953888773 6 4098 258.0 833.451 0.23333335 4.0 4.0 4.0 4.0 0.0 0.18 1 TOUCH_UP r
1401953889290 6 4098 615.0 818.451 0.3 5.0 5.0 5.0 5.0 0.0 0.216 0 TOUCH_DOWN o
1401953889333 6 4098 611.0 820.451 0.3 5.0 5.0 5.0 5.0 0.0 0.19600001 2 TOUCH_MOVE o
1401953889338 6 4098 611.0 820.451 0.3 5.0 5.0 5.0 5.0 0.0 0.19600001 1 TOUCH_UP o
1401953889616 6 4098 500.5 1088.9509 0.3 5.0 5.0 5.0 5.0 0.0 0.22000001 0 TOUCH_DOWN n
1401953889623 6 4098 500.5 1088.9509 0.3 5.0 5.0 5.0 5.0 0.0 0.224 2 TOUCH_MOVE n
1401953889654 6 4098 500.0 1086.9633 0.3 5.0 5.0 5.0 5.0 0.0 0.22800002 2 TOUCH_MOVE n
1401953889671 6 4098 500.0 1085.7294 0.26666668 5.0 5.0 5.0 5.0 0.0 0.20400001 2 TOUCH_MOVE n
1401953889681 6 4098 500.0 1085.7294 0.26666668 5.0 5.0 5.0 5.0 0.0 0.20400001 1 TOUCH_UP n
1401953889828 6 4098 364.0 936.451 0.3 5.0 5.0 5.0 5.0 0.0 0.21200001 0 TOUCH_DOWN g
1401953889855 6 4098 365.16016 936.451 0.33333334 5.0 5.0 5.0 5.0 0.0 0.22000001 2 TOUCH_MOVE g
1401953889873 6 4098 366.24942 936.451 0.33333334 5.0 5.0 5.0 5.0 0.0 0.22000001 2 TOUCH_MOVE g
1401953889896 6 4098 366.0 936.451 0.23333335 5.0 5.0 5.0 5.0 0.0 0.18 2 TOUCH_MOVE g
1401953889903 6 4098 366.0 936.451 0.23333335 5.0 5.0 5.0 5.0 0.0 0.18 1 TOUCH_UP g
1401953890106 6 4098 304.0 1209.4509 0.23333335 4.0 4.0 4.0 4.0 0.0 0.216 0 TOUCH_DOWN Space
1401953890130 6 4098 303.6268 1209.4509 0.23333335 4.0 4.0 4.0 4.0 0.0 0.22000001 2 TOUCH_MOVE Space
1401953890138 6 4098 302.7874 1209.4509 0.23333335 4.0 4.0 4.0 4.0 0.0 0.21200001 2 TOUCH_MOVE Space
1401953890154 6 4098 302.5 1209.4509 0.16666667 3.0 3.0 3.0 3.0 0.0 0.17600001 2 TOUCH_MOVE Space
1401953890178 6 4098 302.5 1209.4509 0.16666667 3.0 3.0 3.0 3.0 0.0 0.17600001 1 TOUCH_UP Space
1401953890851 6 4098 291.5 1081.9509 0.16666667 3.0 3.0 3.0 3.0 0.0 0.192 0 TOUCH_DOWN c
1401953890855 6 4098 291.5 1081.9509 0.20000002 4.0 4.0 4.0 4.0 0.0 0.2 2 TOUCH_MOVE c
1401953890877 6 4098 292.17294 1081.8645 0.20000002 4.0 4.0 4.0 4.0 0.0 0.20400001 2 TOUCH_MOVE c
1401953890889 6 4098 294.1525 1080.8746 0.23333335 4.0 4.0 4.0 4.0 0.0 0.208 2 TOUCH_MOVE c
1401953890905 6 4098 295.01028 1080.9509 0.23333335 4.0 4.0 4.0 4.0 0.0 0.20400001 2 TOUCH_MOVE c
1401953890925 6 4098 294.5 1080.9509 0.20000002 4.0 4.0 4.0 4.0 0.0 0.18400002 2 TOUCH_MOVE c
1401953890928 6 4098 294.5 1080.9509 0.20000002 4.0 4.0 4.0 4.0 0.0 0.18400002 1 TOUCH_UP c
1401953891168 6 4098 57.0 932.451 0.26666668 5.0 5.0 5.0 5.0 0.0 0.18400002 0 TOUCH_DOWN a
1401953891190 6 4098 57.422817 934.2194 0.26666668 5.0 5.0 5.0 5.0 0.0 0.19600001 2 TOUCH_MOVE a
1401953891206 6 4098 59.269817 937.6057 0.26666668 5.0 5.0 5.0 5.0 0.0 0.2 2 TOUCH_MOVE a
1401953891224 6 4098 60.783257 939.5175 0.26666668 5.0 5.0 5.0 5.0 0.0 0.2 2 TOUCH_MOVE a
1401953891239 6 4098 61.5 940.7656 0.26666668 5.0 5.0 5.0 5.0 0.0 0.2 2 TOUCH_MOVE a
1401953891254 6 4098 61.0 941.451 0.26666668 5.0 5.0 5.0 5.0 0.0 0.18800001 2 TOUCH_MOVE a
1401953891258 6 4098 61.0 941.451 0.26666668 5.0 5.0 5.0 5.0 0.0 0.18800001 1 TOUCH_UP a
1401953891446 6 4098 409.0 843.451 0.26666668 4.0 4.0 4.0 4.0 0.0 0.20400001 0 TOUCH_DOWN y
1401953891456 6 4098 409.0 843.11444 0.3 5.0 5.0 5.0 5.0 0.0 0.21200001 2 TOUCH_MOVE y
1401953891478 6 4098 407.97842 839.90784 0.3 5.0 5.0 5.0 5.0 0.0 0.216 2 TOUCH_MOVE y
1401953891489 6 4098 405.9902 836.1863 0.3 5.0 5.0 5.0 5.0 0.0 0.216 2 TOUCH_MOVE y
1401953891517 6 4098 403.08008 834.68097 0.3 5.0 5.0 5.0 5.0 0.0 0.20400001 2 TOUCH_MOVE y
1401953891522 6 4098 399.0 837.951 0.26666668 5.0 5.0 5.0 5.0 0.0 0.18 2 TOUCH_MOVE y
1401953891526 6 4098 399.0 837.951 0.26666668 5.0 5.0 5.0 5.0 0.0 0.18 1 TOUCH_UP y
1401953891802 6 4098 306.5 1222.9509 0.16666667 3.0 3.0 3.0 3.0 0.0 0.2 0 TOUCH_DOWN Space
1401953891808 6 4098 306.5 1222.9509 0.16666667 3.0 3.0 3.0 3.0 0.0 0.20400001 2 TOUCH_MOVE Space
1401953891840 6 4098 304.9979 1220.9467 0.23333335 4.0 4.0 4.0 4.0 0.0 0.208 2 TOUCH_MOVE Space
1401953891856 6 4098 304.0317 1219.9509 0.23333335 4.0 4.0 4.0 4.0 0.0 0.208 2 TOUCH_MOVE Space
1401953891872 6 4098 304.0 1219.9509 0.16666667 3.0 3.0 3.0 3.0 0.0 0.19600001 2 TOUCH_MOVE Space
1401953891876 6 4098 304.0 1219.9509 0.16666667 3.0 3.0 3.0 3.0 0.0 0.19600001 1 TOUCH_UP Space
1401953892183 6 4098 335.5 828.451 0.33333334 5.0 5.0 5.0 5.0 0.0 0.21200001 0 TOUCH_DOWN t
1401953892245 6 4098 336.5 828.575 0.33333334 5.0 5.0 5.0 5.0 0.0 0.21200001 2 TOUCH_MOVE t
1401953892259 6 4098 336.5 828.951 0.26666668 4.0 4.0 4.0 4.0 0.0 0.19600001 2 TOUCH_MOVE t
1401953892264 6 4098 336.5 828.951 0.26666668 4.0 4.0 4.0 4.0 0.0 0.19600001 1 TOUCH_UP t
1401953892433 6 4098 255.5 822.951 0.26666668 4.0 4.0 4.0 4.0 0.0 0.2 0 TOUCH_DOWN r
1401953892476 6 4098 256.732 821.219 0.3 5.0 5.0 5.0 5.0 0.0 0.208 2 TOUCH_MOVE r
1401953892490 6 4098 258.6661 818.70184 0.26666668 5.0 5.0 5.0 5.0 0.0 0.208 2 TOUCH_MOVE r
1401953892507 6 4098 259.53757 816.87585 0.23333335 4.0 4.0 4.0 4.0 0.0 0.18800001 2 TOUCH_MOVE r
1401953892518 6 4098 259.53757 816.87585 0.23333335 4.0 4.0 4.0 4.0 0.0 0.18800001 1 TOUCH_UP r
1401953892849 6 4098 66.0 943.951 0.26666668 5.0 5.0 5.0 5.0 0.0 0.192 0 TOUCH_DOWN a
1401953892868 6 4098 66.0 943.951 0.26666668 5.0 5.0 5.0 5.0 0.0 0.19600001 2 TOUCH_MOVE a
1401953892899 6 4098 67.713326 942.2377 0.23333335 5.0 5.0 5.0 5.0 0.0 0.19600001 2 TOUCH_MOVE a
1401953892907 6 4098 68.6468 941.3042 0.26666668 5.0 5.0 5.0 5.0 0.0 0.2 2 TOUCH_MOVE a
1401953892928 6 4098 68.6468 941.3042 0.26666668 5.0 5.0 5.0 5.0 0.0 0.2 1 TOUCH_UP a
1401953893201 6 4098 544.0 848.951 0.26666668 4.0 4.0 4.0 4.0 0.0 0.216 0 TOUCH_DOWN i
1401953893248 6 4098 544.0 848.951 0.26666668 4.0 4.0 4.0 4.0 0.0 0.216 1 TOUCH_UP i
