1401954320780 6 4098 289.0 1084.9509 0.20000002 4.0 4.0 4.0 4.0 0.0 0.2 0 TOUCH_DOWN C
1401954320823 6 4098 290.0 1084.0907 0.20000002 4.0 4.0 4.0 4.0 0.0 0.208 2 TOUCH_MOVE C
1401954320837 6 4098 290.0 1083.9509 0.20000002 4.0 4.0 4.0 4.0 0.0 0.17600001 2 TOUCH_MOVE C
1401954320840 6 4098 290.0 1083.9509 0.20000002 4.0 4.0 4.0 4.0 0.0 0.17600001 1 TOUCH_UP C
1401954321038 6 4098 410.0 949.951 0.26666668 4.0 4.0 4.0 4.0 0.0 0.216 0 TOUCH_DOWN h
1401954321063 6 4098 410.0 949.951 0.26666668 4.0 4.0 4.0 4.0 0.0 0.21200001 2 TOUCH_MOVE h
1401954321082 6 4098 410.0 949.951 0.26666668 4.0 4.0 4.0 4.0 0.0 0.21200001 1 TOUCH_UP h
1401954321274 6 4098 45.0 918.451 0.16666667 3.0 3.0 3.0 3.0 0.0 0.17600001 0 TOUCH_DOWN a
1401954321283 6 4098 45.0 918.451 0.16666667 3.0 3.0 3.0 3.0 0.0 0.18 2 TOUCH_MOVE a
1401954321312 6 4098 46.25 918.451 0.16666667 3.0 3.0 3.0 3.0 0.0 0.18400002 2 TOUCH_MOVE a
1401954321322 6 4098 46.0 918.951 0.20000002 3.0 3.0 3.0 3.0 0.0 0.18 2 TOUCH_MOVE a
1401954321328 6 4098 46.0 918.951 0.20000002 3.0 3.0 3.0 3.0 0.0 0.18 1 TOUCH_UP a
1401954321427 6 4098 489.0 825.451 0.3 5.0 5.0 5.0 5.0 0.0 0.21200001 0 TOUCH_DOWN u
1401954321482 6 4098 489.0 825.451 0.3 5.0 5.0 5.0 5.0 0.0 0.21200001 1 TOUCH_UP u
1401954321790 6 4098 306.5 1179.9509 0.3 5.0 5.0 5.0 5.0 0.0 0.216 0 TOUCH_DOWN Space
1401954321834 6 4098 305.83423 1179.9509 0.3 5.0 5.0 5.0 5.0 0.0 0.216 2 TOUCH_MOVE Space
1401954321841 6 4098 305.25 1179.9509 0.26666668 4.0 4.0 4.0 4.0 0.0 0.21200001 2 TOUCH_MOVE Space
1401954321853 6 4098 305.25 1179.9509 0.26666668 4.0 4.0 4.0 4.0 0.0 0.21200001 1 TOUCH_UP Space
1401954322592 6 4098 661.5 954.951 0.3 5.0 5.0 5.0 5.0 0.0 0.2 0 TOUCH_DOWN l
1401954322619 6 4098 661.5 954.951 0.26666668 4.0 4.0 4.0 4.0 0.0 0.20400001 2 TOUCH_MOVE l
1401954322667 6 4098 661.5 954.951 0.26666668 4.0 4.0 4.0 4.0 0.0 0.20400001 1 TOUCH_UP l
1401954322825 6 4098 205.5 824.951 0.33333334 5.0 5.0 5.0 5.0 0.0 0.20400001 0 TOUCH_DOWN e
1401954322868 6 4098 205.5 824.951 0.33333334 5.0 5.0 5.0 5.0 0.0 0.208 2 TOUCH_MOVE e
1401954322901 6 4098 205.5 825.451 0.3 5.0 5.0 5.0 5.0 0.0 0.18800001 2 TOUCH_MOVE e
1401954322906 6 4098 205.5 825.451 0.3 5.0 5.0 5.0 5.0 0.0 0.18800001 1 TOUCH_UP e
1401954323078 6 4098 501.5 1102.4509 0.3 5.0 5.0 5.0 5.0 0.0 0.21200001 0 TOUCH_DOWN n
1401954323157 6 4098 501.5 1102.4509 0.23333335 4.0 4.0 4.0 4.0 0.0 0.18 2 TOUCH_MOVE n
1401954323162 6 4098 501.5 1102.4509 0.23333335 4.0 4.0 4.0 4.0 0.0 0.18 1 TOUCH_UP n
1401954323393 6 4098 368.0 1207.9509 0.23333335 4.0 4.0 4.0 4.0 0.0 0.208 0 TOUCH_DOWN Space
1401954323419 6 4098 367.64713 1207.9509 0.23333335 4.0 4.0 4.0 4.0 0.0 0.21200001 2 TOUCH_MOVE Space
1401954323443 6 4098 364.37604 1207.4509 0.23333335 4.0 4.0 4.0 4.0 0.0 0.20400001 2 TOUCH_MOVE Space
1401954323455 6 4098 364.37604 1207.4509 0.23333335 4.0 4.0 4.0 4.0 0.0 0.20400001 1 TOUCH_UP Space
1401954323721 6 4098 453.5 1074.9509 0.26666668 4.0 4.0 4.0 4.0 0.0 0.21200001 0 TOUCH_DOWN b
1401954323728 6 4098 453.5 1074.9509 0.3 5.0 5.0 5.0 5.0 0.0 0.216 2 TOUCH_MOVE b
1401954323789 6 4098 453.5 1074.9509 0.20000002 4.0 4.0 4.0 4.0 0.0 0.18800001 2 TOUCH_MOVE b
1401954323793 6 4098 453.5 1074.9509 0.20000002 4.0 4.0 4.0 4.0 0.0 0.18800001 1 TOUCH_UP b
1401954323919 6 4098 63.5 925.951 0.20000002 3.0 3.0 3.0 3.0 0.0 0.164 0 TOUCH_DOWN a
1401954323926 6 4098 63.5 925.951 0.23333335 4.0 4.0 4.0 4.0 0.0 0.18 2 TOUCH_MOVE a
1401954323948 6 4098 63.542107 926.4931 0.23333335 4.0 4.0 4.0 4.0 0.0 0.18800001 2 TOUCH_MOVE a
1401954323959 6 4098 64.50385 927.45483 0.23333335 4.0 4.0 4.0 4.0 0.0 0.192 2 TOUCH_MOVE a
1401954323976 6 4098 65.47026 928.8915 0.23333335 4.0 4.0 4.0 4.0 0.0 0.192 2 TOUCH_MOVE a
1401954323992 6 4098 66.0 929.8654 0.23333335 4.0 4.0 4.0 4.0 0.0 0.18800001 2 TOUCH_MOVE a
1401954323996 6 4098 66.0 929.951 0.23333335 4.0 4.0 4.0 4.0 0.0 0.17600001 2 TOUCH_MOVE a
1401954324000 6 4098 66.0 929.951 0.23333335 4.0 4.0 4.0 4.0 0.0 0.17600001 1 TOUCH_UP a
1401954324193 6 4098 314.0 1211.4509 0.23333335 4.0 4.0 4.0 4.0 0.0 0.208 0 TOUCH_DOWN Space
1401954324241 6 4098 314.0 1211.4509 0.23333335 4.0 4.0 4.0 4.0 0.0 0.208 1 TOUCH_UP Space
1401954324762 6 4098 275.0 1088.9509 0.26666668 5.0 5.0 5.0 5.0 0.0 0.2 0 TOUCH_DOWN c
1401954324828 6 4098 274.5 1089.9509 0.26666668 5.0 5.0 5.0 5.0 0.0 0.14 2 TOUCH_MOVE c
1401954324838 6 4098 274.5 1089.9509 0.26666668 5.0 5.0 5.0 5.0 0.0 0.14 1 TOUCH_UP c
1401954324986 6 4098 440.0 952.951 0.3 5.0 5.0 5.0 5.0 0.0 0.216 0 TOUCH_DOWN h
1401954325045 6 4098 440.5 956.451 0.23333335 5.0 5.0 5.0 5.0 0.0 0.19600001 2 TOUCH_MOVE h
1401954325050 6 4098 440.5 956.451 0.23333335 5.0 5.0 5.0 5.0 0.0 0.19600001 1 TOUCH_UP h
1401954325221 6 4098 51.0 917.451 0.16666667 3.0 3.0 3.0 3.0 0.0 0.18400002 0 TOUCH_DOWN a
1401954325261 6 4098 52.16579 917.451 0.16666667 3.0 3.0 3.0 3.0 0.0 0.192 2 TOUCH_MOVE a
1401954325279 6 4098 53.10657 918.05756 0.16666667 3.0 3.0 3.0 3.0 0.0 0.192 2 TOUCH_MOVE a
1401954325296 6 4098 53.75 918.701 0.16666667 3.0 3.0 3.0 3.0 0.0 0.18800001 2 TOUCH_MOVE a
1401954325307 6 4098 53.75 918.701 0.16666667 3.0 3.0 3.0 3.0 0.0 0.18800001 1 TOUCH_UP a
1401954325417 6 4098 464.5 832.451 0.3 5.0 5.0 5.0 5.0 0.0 0.21200001 0 TOUCH_DOWN u
1401954325470 6 4098 464.5 832.451 0.3 5.0 5.0 5.0 5.0 0.0 0.21200001 1 TOUCH_UP u
1401954325750 6 4098 303.5 1195.9509 0.26666668 4.0 4.0 4.0 4.0 0.0 0.216 0 TOUCH_DOWN Space
1401954325814 6 4098 303.5 1195.9509 0.20000002 4.0 4.0 4.0 4.0 0.0 0.18800001 2 TOUCH_MOVE Space
1401954325820 6 4098 303.5 1195.9509 0.20000002 4.0 4.0 4.0 4.0 0.0 0.18800001 1 TOUCH_UP Space
1401954326414 6 4098 215.5 962.451 0.26666668 5.0 5.0 5.0 5.0 0.0 0.19600001 0 TOUCH_DOWN d
1401954326428 6 4098 215.5 962.451 0.26666668 5.0 5.0 5.0 5.0 0.0 0.2 2 TOUCH_MOVE d
1401954326473 6 4098 215.5 962.451 0.20000002 4.0 4.0 4.0 4.0 0.0 0.16000001 2 TOUCH_MOVE d
1401954326477 6 4098 215.5 962.451 0.20000002 4.0 4.0 4.0 4.0 0.0 0.16000001 1 TOUCH_UP d
1401954326709 6 4098 546.0 822.951 0.3 5.0 5.0 5.0 5.0 0.0 0.216 0 TOUCH_DOWN i
1401954326747 6 4098 545.0883 822.951 0.3 5.0 5.0 5.0 5.0 0.0 0.22000001 2 TOUCH_MOVE i
1401954326761 6 4098 544.0 823.451 0.3 5.0 5.0 5.0 5.0 0.0 0.208 2 TOUCH_MOVE i
1401954326767 6 4098 544.0 823.451 0.26666668 5.0 5.0 5.0 5.0 0.0 0.18 2 TOUCH_MOVE i
1401954326771 6 4098 544.0 823.451 0.26666668 5.0 5.0 5.0 5.0 0.0 0.18 1 TOUCH_UP i
1401954327054 6 4098 327.0 1223.9509 0.26666668 5.0 5.0 5.0 5.0 0.0 0.20400001 0 TOUCH_DOWN Space
1401954327062 6 4098 327.0 1223.9509 0.23333335 4.0 4.0 4.0 4.0 0.0 0.208 2 TOUCH_MOVE Space
1401954327095 6 4098 325.4723 1223.9509 0.23333335 4.0 4.0 4.0 4.0 0.0 0.208 2 TOUCH_MOVE Space
1401954327112 6 4098 324.75 1223.9509 0.23333335 4.0 4.0 4.0 4.0 0.0 0.20400001 2 TOUCH_MOVE Space
1401954327138 6 4098 325.0 1223.9509 0.23333335 4.0 4.0 4.0 4.0 0.0 0.17600001 2 TOUCH_MOVE Space
1401954327142 6 4098 325.0 1223.9509 0.23333335 4.0 4.0 4.0 4.0 0.0 0.17600001 1 TOUCH_UP Space
1401954327409 6 4098 573.0 1064.4509 0.26666668 4.0 4.0 4.0 4.0 0.0 0.21200001 0 TOUCH_DOWN m
1401954327460 6 4098 573.0 1064.4509 0.23333335 4.0 4.0 4.0 4.0 0.0 0.18400002 2 TOUCH_MOVE m
1401954327463 6 4098 573.0 1064.4509 0.23333335 4.0 4.0 4.0 4.0 0.0 0.18400002 1 TOUCH_UP m
1401954327649 6 4098 62.0 955.951 0.20000002 3.0 3.0 3.0 3.0 0.0 0.15200001 0 TOUCH_DOWN a
1401954327662 6 4098 62.0 955.951 0.20000002 3.0 3.0 3.0 3.0 0.0 0.17600001 2 TOUCH_MOVE a
1401954327701 6 4098 60.5 954.951 0.23333335 4.0 4.0 4.0 4.0 0.0 0.17600001 2 TOUCH_MOVE a
1401954327703 6 4098 60.5 954.951 0.20000002 3.0 3.0 3.0 3.0 0.0 0.14400001 2 TOUCH_MOVE a
1401954327707 6 4098 60.5 954.951 0.20000002 3.0 3.0 3.0 3.0 0.0 0.14400001 1 TOUCH_UP a
1401954327849 6 4098 484.0 806.951 0.23333335 4.0 4.0 4.0 4.0 0.0 0.208 0 TOUCH_DOWN u
1401954327863 6 4098 484.0 806.951 0.26666668 4.0 4.0 4.0 4.0 0.0 0.21200001 2 TOUCH_MOVE u
1401954327897 6 4098 484.0 806.1169 0.26666668 4.0 4.0 4.0 4.0 0.0 0.216 2 TOUCH_MOVE u
1401954327918 6 4098 484.0 805.701 0.26666668 4.0 4.0 4.0 4.0 0.0 0.216 2 TOUCH_MOVE u
1401954327920 6 4098 484.0 805.951 0.23333335 4.0 4.0 4.0 4.0 0.0 0.18800001 2 TOUCH_MOVE u
1401954327924 6 4098 484.0 805.951 0.23333335 4.0 4.0 4.0 4.0 0.0 0.18800001 1 TOUCH_UP u
1401954328198 6 4098 320.0 1218.9509 0.23333335 4.0 4.0 4.0 4.0 0.0 0.21200001 0 TOUCH_DOWN Space
1401954328220 6 4098 319.6556 1218.9509 0.23333335 4.0 4.0 4.0 4.0 0.0 0.216 2 TOUCH_MOVE Space
1401954328229 6 4098 318.83 1218.9509 0.23333335 4.0 4.0 4.0 4.0 0.0 0.21200001 2 TOUCH_MOVE Space
1401954328253 6 4098 318.83 1218.9509 0.23333335 4.0 4.0 4.0 4.0 0.0 0.21200001 1 TOUCH_UP Space
1401954328640 6 4098 348.5 950.951 0.26666668 4.0 4.0 4.0 4.0 0.0 0.21200001 0 TOUCH_DOWN g
1401954328697 6 4098 348.0 950.951 0.23333335 4.0 4.0 4.0 4.0 0.0 0.164 2 TOUCH_MOVE g
1401954328702 6 4098 348.0 950.951 0.23333335 4.0 4.0 4.0 4.0 0.0 0.164 1 TOUCH_UP g
1401954329153 6 4098 567.5 816.451 0.3 5.0 5.0 5.0 5.0 0.0 0.208 0 TOUCH_DOWN i
1401954329197 6 4098 564.92236 817.9898 0.3 5.0 5.0 5.0 5.0 0.0 0.2 2 TOUCH_MOVE i
1401954329208 6 4098 563.5 818.451 0.33333334 5.0 5.0 5.0 5.0 0.0 0.18 2 TOUCH_MOVE i
1401954329214 6 4098 563.5 818.451 0.33333334 5.0 5.0 5.0 5.0 0.0 0.18 1 TOUCH_UP i
1401954329444 6 4098 48.5 949.451 0.20000002 3.0 3.0 3.0 3.0 0.0 0.17600001 0 TOUCH_DOWN a
1401954329481 6 4098 49.42016 950.87115 0.23333335 4.0 4.0 4.0 4.0 0.0 0.18400002 2 TOUCH_MOVE a
1401954329497 6 4098 50.385265 951.451 0.23333335 4.0 4.0 4.0 4.0 0.0 0.18400002 2 TOUCH_MOVE a
1401954329514 6 4098 50.5 951.451 0.23333335 4.0 4.0 4.0 4.0 0.0 0.18 2 TOUCH_MOVE a
1401954329518 6 4098 50.5 951.451 0.23333335 4.0 4.0 4.0 4.0 0.0 0.18 1 TOUCH_UP a
1401954329577 6 4098 616.0 804.951 0.26666668 5.0 5.0 5.0 5.0 0.0 0.20400001 0 TOUCH_DOWN o
1401954329614 6 4098 614.25464 805.57367 0.26666668 5.0 5.0 5.0 5.0 0.0 0.2 2 TOUCH_MOVE o
1401954329623 6 4098 613.5 805.951 0.26666668 5.0 5.0 5.0 5.0 0.0 0.18800001 2 TOUCH_MOVE o
1401954329628 6 4098 613.5 805.951 0.26666668 5.0 5.0 5.0 5.0 0.0 0.18800001 1 TOUCH_UP o
1401954330605 6 4098 689.5 1194.9509 0.16666667 3.0 3.0 3.0 3.0 0.0 0.18800001 0 TOUCH_DOWN Enter
1401954330638 6 4098 689.5 1194.9509 0.16666667 3.0 3.0 3.0 3.0 0.0 0.18800001 1 TOUCH_UP Enter
1401954331697 6 4098 279.0 1082.9509 0.23333335 5.0 5.0 5.0 5.0 0.0 0.2 0 TOUCH_DOWN C
1401954331716 6 4098 279.0 1082.9509 0.20000002 4.0 4.0 4.0 4.0 0.0 0.20400001 2 TOUCH_MOVE C
1401954331766 6 4098 277.65134 1082.9509 0.23333335 5.0 5.0 5.0 5.0 0.0 0.2 2 TOUCH_MOVE C
1401954331770 6 4098 277.5 1082.9509 0.23333335 5.0 5.0 5.0 5.0 0.0 0.18400002 2 TOUCH_MOVE C
1401954331774 6 4098 277.5 1082.9509 0.23333335 5.0 5.0 5.0 5.0 0.0 0.18400002 1 TOUCH_UP C
1401954331936 6 4098 580.0 815.451 0.26666668 4.0 4.0 4.0 4.0 0.0 0.21200001 0 TOUCH_DOWN o
1401954331963 6 4098 580.0 815.451 0.26666668 4.0 4.0 4.0 4.0 0.0 0.216 2 TOUCH_MOVE o
1401954331987 6 4098 580.0 815.451 0.20000002 4.0 4.0 4.0 4.0 0.0 0.17600001 2 TOUCH_MOVE o
1401954331991 6 4098 580.0 815.451 0.20000002 4.0 4.0 4.0 4.0 0.0 0.17600001 1 TOUCH_UP o
1401954332270 6 4098 306.0 1233.4509 0.16666667 3.0 3.0 3.0 3.0 0.0 0.20400001 0 TOUCH_DOWN Space
1401954332317 6 4098 304.5 1231.4509 0.20000002 3.0 3.0 3.0 3.0 0.0 0.17600001 2 TOUCH_MOVE Space
1401954332321 6 4098 304.5 1231.4509 0.20000002 3.0 3.0 3.0 3.0 0.0 0.17600001 1 TOUCH_UP Space
1401954332571 6 4098 335.5 850.951 0.23333335 5.0 5.0 5.0 5.0 0.0 0.19600001 0 TOUCH_DOWN t
1401954332595 6 4098 335.5 850.73926 0.26666668 5.0 5.0 5.0 5.0 0.0 0.2 2 TOUCH_MOVE t
1401954332602 6 4098 335.4043 850.3553 0.26666668 5.0 5.0 5.0 5.0 0.0 0.20400001 2 TOUCH_MOVE t
1401954332617 6 4098 334.43982 849.3908 0.26666668 5.0 5.0 5.0 5.0 0.0 0.19600001 2 TOUCH_MOVE t
1401954332629 6 4098 334.5 849.451 0.23333335 5.0 5.0 5.0 5.0 0.0 0.16800001 2 TOUCH_MOVE t
1401954332633 6 4098 334.5 849.451 0.23333335 5.0 5.0 5.0 5.0 0.0 0.16800001 1 TOUCH_UP t
1401954332854 6 4098 426.0 955.451 0.26666668 4.0 4.0 4.0 4.0 0.0 0.216 0 TOUCH_DOWN h
1401954332896 6 4098 426.0 955.451 0.26666668 4.0 4.0 4.0 4.0 0.0 0.18400002 2 TOUCH_MOVE h
1401954332899 6 4098 426.0 955.451 0.26666668 4.0 4.0 4.0 4.0 0.0 0.18400002 1 TOUCH_UP h
1401954333086 6 4098 457.5 830.451 0.33333334 5.0 5.0 5.0 5.0 0.0 0.22000001 0 TOUCH_DOWN u
1401954333104 6 4098 457.5 830.451 0.3 5.0 5.0 5.0 5.0 0.0 0.22000001 2 TOUCH_MOVE u
1401954333147 6 4098 457.5 830.451 0.23333335 5.0 5.0 5.0 5.0 0.0 0.16800001 2 TOUCH_MOVE u
1401954333152 6 4098 457.5 830.451 0.23333335 5.0 5.0 5.0 5.0 0.0 0.16800001 1 TOUCH_UP u
1401954333356 6 4098 626.5 806.451 0.3 5.0 5.0 5.0 5.0 0.0 0.21200001 0 TOUCH_DOWN o
1401954333384 6 4098 624.73444 807.3338 0.3 5.0 5.0 5.0 5.0 0.0 0.21200001 2 TOUCH_MOVE o
1401954333402 6 4098 623.0 808.451 0.3 5.0 5.0 5.0 5.0 0.0 0.19600001 2 TOUCH_MOVE o
1401954333407 6 4098 623.0 808.451 0.26666668 5.0 5.0 5.0 5.0 0.0 0.16800001 2 TOUCH_MOVE o
1401954333413 6 4098 623.0 808.451 0.26666668 5.0 5.0 5.0 5.0 0.0 0.16800001 1 TOUCH_UP o
1401954333635 6 4098 485.0 1093.9509 0.26666668 4.0 4.0 4.0 4.0 0.0 0.208 0 TOUCH_DOWN n
1401954333656 6 4098 485.0 1093.9509 0.26666668 4.0 4.0 4.0 4.0 0.0 0.216 2 TOUCH_MOVE n
1401954333701 6 4098 485.52493 1093.9509 0.26666668 4.0 4.0 4.0 4.0 0.0 0.22000001 2 TOUCH_MOVE n
1401954333719 6 4098 486.0 1093.9509 0.26666668 4.0 4.0 4.0 4.0 0.0 0.20400001 2 TOUCH_MOVE n
1401954333723 6 4098 486.0 1093.9509 0.26666668 4.0 4.0 4.0 4.0 0.0 0.20400001 1 TOUCH_UP n
1401954333841 6 4098 375.5 964.451 0.20000002 4.0 4.0 4.0 4.0 0.0 0.2 0 TOUCH_DOWN g
1401954333900 6 4098 375.5 964.451 0.20000002 4.0 4.0 4.0 4.0 0.0 0.172 2 TOUCH_MOVE g
1401954333905 6 4098 375.5 964.451 0.20000002 4.0 4.0 4.0 4.0 0.0 0.172 1 TOUCH_UP g
1401954334056 6 4098 355.0 1213.4509 0.23333335 4.0 4.0 4.0 4.0 0.0 0.208 0 TOUCH_DOWN Space
1401954334088 6 4098 354.14435 1213.4509 0.23333335 4.0 4.0 4.0 4.0 0.0 0.21200001 2 TOUCH_MOVE Space
1401954334102 6 4098 353.1823 1213.4509 0.23333335 4.0 4.0 4.0 4.0 0.0 0.21200001 2 TOUCH_MOVE Space
1401954334120 6 4098 352.25 1213.4509 0.23333335 4.0 4.0 4.0 4.0 0.0 0.208 2 TOUCH_MOVE Space
1401954334134 6 4098 352.5 1213.4509 0.16666667 3.0 3.0 3.0 3.0 0.0 0.18400002 2 TOUCH_MOVE Space
1401954334139 6 4098 352.5 1213.4509 0.16666667 3.0 3.0 3.0 3.0 0.0 0.18400002 1 TOUCH_UP Space
1401954334351 6 4098 281.0 1062.9509 0.26666668 4.0 4.0 4.0 4.0 0.0 0.208 0 TOUCH_DOWN c
1401954334379 6 4098 281.0 1062.9509 0.26666668 4.0 4.0 4.0 4.0 0.0 0.21200001 2 TOUCH_MOVE c
1401954334421 6 4098 281.0 1063.4509 0.26666668 4.0 4.0 4.0 4.0 0.0 0.20400001 2 TOUCH_MOVE c
1401954334428 6 4098 281.0 1063.4509 0.16666667 3.0 3.0 3.0 3.0 0.0 0.108 2 TOUCH_MOVE c
1401954334432 6 4098 281.0 1063.4509 0.16666667 3.0 3.0 3.0 3.0 0.0 0.108 1 TOUCH_UP c
1401954334551 6 4098 458.5 951.451 0.3 5.0 5.0 5.0 5.0 0.0 0.216 0 TOUCH_DOWN h
1401954334570 6 4098 458.5 951.451 0.3 5.0 5.0 5.0 5.0 0.0 0.22000001 2 TOUCH_MOVE h
1401954334616 6 4098 458.5 951.451 0.23333335 4.0 4.0 4.0 4.0 0.0 0.18800001 2 TOUCH_MOVE h
1401954334624 6 4098 458.5 951.451 0.23333335 4.0 4.0 4.0 4.0 0.0 0.18800001 1 TOUCH_UP h
1401954334786 6 4098 42.5 919.451 0.20000002 3.0 3.0 3.0 3.0 0.0 0.18 0 TOUCH_DOWN a
1401954334803 6 4098 42.5 919.841 0.20000002 3.0 3.0 3.0 3.0 0.0 0.18400002 2 TOUCH_MOVE a
1401954334819 6 4098 43.049656 920.5007 0.20000002 3.0 3.0 3.0 3.0 0.0 0.18800001 2 TOUCH_MOVE a
1401954334839 6 4098 44.71008 921.6611 0.20000002 3.0 3.0 3.0 3.0 0.0 0.192 2 TOUCH_MOVE a
1401954334854 6 4098 45.0 922.62506 0.20000002 3.0 3.0 3.0 3.0 0.0 0.192 2 TOUCH_MOVE a
1401954334869 6 4098 43.97802 923.47296 0.20000002 3.0 3.0 3.0 3.0 0.0 0.18 2 TOUCH_MOVE a
1401954334874 6 4098 43.97802 923.47296 0.20000002 3.0 3.0 3.0 3.0 0.0 0.18 1 TOUCH_UP a
1401954335001 6 4098 464.0 808.451 0.26666668 4.0 4.0 4.0 4.0 0.0 0.22000001 0 TOUCH_DOWN u
1401954335021 6 4098 464.0 808.451 0.3 5.0 5.0 5.0 5.0 0.0 0.22000001 2 TOUCH_MOVE u
1401954335036 6 4098 464.0 809.48706 0.3 5.0 5.0 5.0 5.0 0.0 0.22000001 2 TOUCH_MOVE u
1401954335053 6 4098 464.0 812.451 0.26666668 4.0 4.0 4.0 4.0 0.0 0.216 2 TOUCH_MOVE u
1401954335064 6 4098 464.0 812.451 0.23333335 5.0 5.0 5.0 5.0 0.0 0.18 2 TOUCH_MOVE u
1401954335069 6 4098 464.0 812.451 0.23333335 5.0 5.0 5.0 5.0 0.0 0.18 1 TOUCH_UP u
1401954335411 6 4098 312.0 1209.9509 0.23333335 4.0 4.0 4.0 4.0 0.0 0.21200001 0 TOUCH_DOWN Space
1401954335420 6 4098 312.0 1209.9509 0.23333335 4.0 4.0 4.0 4.0 0.0 0.216 2 TOUCH_MOVE Space
1401954335453 6 4098 310.25 1208.7009 0.23333335 4.0 4.0 4.0 4.0 0.0 0.21200001 2 TOUCH_MOVE Space
1401954335472 6 4098 310.25 1208.7009 0.23333335 4.0 4.0 4.0 4.0 0.0 0.21200001 1 TOUCH_UP Space
1401954338161 6 4098 665.5 951.451 0.3 5.0 5.0 5.0 5.0 0.0 0.2 0 TOUCH_DOWN l
1401954338222 6 4098 664.90656 950.85754 0.3 5.0 5.0 5.0 5.0 0.0 0.2 2 TOUCH_MOVE l
1401954338244 6 4098 664.90656 950.85754 0.3 5.0 5.0 5.0 5.0 0.0 0.2 1 TOUCH_UP l
1401954338272 6 4098 73.0 920.951 0.13333334 2.0 2.0 2.0 2.0 0.0 0.18 0 TOUCH_DOWN a
1401954338364 6 4098 73.0 920.951 0.13333334 2.0 2.0 2.0 2.0 0.0 0.18 1 TOUCH_UP a
1401954338511 6 4098 331.0 1199.4509 0.23333335 5.0 5.0 5.0 5.0 0.0 0.21200001 0 TOUCH_DOWN Space
1401954338523 6 4098 331.0 1199.4509 0.3 5.0 5.0 5.0 5.0 0.0 0.22000001 2 TOUCH_MOVE Space
1401954338556 6 4098 329.43478 1198.9509 0.3 5.0 5.0 5.0 5.0 0.0 0.22000001 2 TOUCH_MOVE Space
1401954338590 6 4098 330.0 1199.4509 0.26666668 5.0 5.0 5.0 5.0 0.0 0.2 2 TOUCH_MOVE Space
1401954338592 6 4098 330.0 1199.4509 0.16666667 3.0 3.0 3.0 3.0 0.0 0.124000005 2 TOUCH_MOVE Space
1401954338595 6 4098 330.0 1199.4509 0.16666667 3.0 3.0 3.0 3.0 0.0 0.124000005 1 TOUCH_UP Space
1401954339031 6 4098 292.0 1076.9509 0.23333335 4.0 4.0 4.0 4.0 0.0 0.20400001 0 TOUCH_DOWN c
1401954339040 6 4098 292.0 1076.9509 0.23333335 4.0 4.0 4.0 4.0 0.0 0.208 2 TOUCH_MOVE c
1401954339076 6 4098 291.08072 1076.0316 0.3 5.0 5.0 5.0 5.0 0.0 0.216 2 TOUCH_MOVE c
1401954339089 6 4098 289.74008 1075.0709 0.3 5.0 5.0 5.0 5.0 0.0 0.216 2 TOUCH_MOVE c
1401954339103 6 4098 288.0 1073.9509 0.23333335 4.0 4.0 4.0 4.0 0.0 0.19600001 2 TOUCH_MOVE c
1401954339107 6 4098 288.0 1073.9509 0.23333335 4.0 4.0 4.0 4.0 0.0 0.19600001 1 TOUCH_UP c
1401954339274 6 4098 460.5 930.951 0.3 5.0 5.0 5.0 5.0 0.0 0.22000001 0 TOUCH_DOWN h
1401954339299 6 4098 460.5 930.951 0.3 5.0 5.0 5.0 5.0 0.0 0.224 2 TOUCH_MOVE h
1401954339323 6 4098 458.83826 933.3872 0.3 5.0 5.0 5.0 5.0 0.0 0.216 2 TOUCH_MOVE h
1401954339337 6 4098 456.5 940.951 0.26666668 4.0 4.0 4.0 4.0 0.0 0.18800001 2 TOUCH_MOVE h
1401954339341 6 4098 456.5 940.951 0.26666668 4.0 4.0 4.0 4.0 0.0 0.18800001 1 TOUCH_UP h
1401954339538 6 4098 45.5 922.451 0.20000002 3.0 3.0 3.0 3.0 0.0 0.18 0 TOUCH_DOWN a
1401954339544 6 4098 45.954918 922.451 0.20000002 3.0 3.0 3.0 3.0 0.0 0.18800001 2 TOUCH_MOVE a
1401954339567 6 4098 47.7568 921.5726 0.16666667 3.0 3.0 3.0 3.0 0.0 0.18800001 2 TOUCH_MOVE a
1401954339573 6 4098 49.67907 921.11145 0.16666667 3.0 3.0 3.0 3.0 0.0 0.18800001 2 TOUCH_MOVE a
1401954339590 6 4098 50.80352 920.951 0.20000002 3.0 3.0 3.0 3.0 0.0 0.192 2 TOUCH_MOVE a
1401954339607 6 4098 50.616913 920.951 0.20000002 3.0 3.0 3.0 3.0 0.0 0.192 2 TOUCH_MOVE a
1401954339619 6 4098 50.5 920.951 0.20000002 3.0 3.0 3.0 3.0 0.0 0.172 2 TOUCH_MOVE a
1401954339622 6 4098 50.5 920.951 0.20000002 3.0 3.0 3.0 3.0 0.0 0.172 1 TOUCH_UP a
1401954339692 6 4098 461.5 820.951 0.3 5.0 5.0 5.0 5.0 0.0 0.22000001 0 TOUCH_DOWN u
1401954339747 6 4098 461.5 820.951 0.3 5.0 5.0 5.0 5.0 0.0 0.22000001 1 TOUCH_UP u
1401954340052 6 4098 333.0 1203.9509 0.26666668 5.0 5.0 5.0 5.0 0.0 0.208 0 TOUCH_DOWN Space
1401954340057 6 4098 333.0 1203.9509 0.26666668 5.0 5.0 5.0 5.0 0.0 0.21200001 2 TOUCH_MOVE Space
1401954340090 6 4098 331.79224 1203.9509 0.26666668 5.0 5.0 5.0 5.0 0.0 0.208 2 TOUCH_MOVE Space
1401954340115 6 4098 331.79224 1203.9509 0.26666668 5.0 5.0 5.0 5.0 0.0 0.208 1 TOUCH_UP Space
1401954340389 6 4098 580.5 959.951 0.26666668 4.0 4.0 4.0 4.0 0.0 0.21200001 0 TOUCH_DOWN k
1401954340409 6 4098 580.5 959.951 0.26666668 4.0 4.0 4.0 4.0 0.0 0.22000001 2 TOUCH_MOVE k
1401954340471 6 4098 580.5 959.951 0.26666668 4.0 4.0 4.0 4.0 0.0 0.22000001 1 TOUCH_UP k
1401954340637 6 4098 431.5 946.951 0.3 5.0 5.0 5.0 5.0 0.0 0.22000001 0 TOUCH_DOWN h
1401954340641 6 4098 431.5 946.951 0.3 5.0 5.0 5.0 5.0 0.0 0.224 2 TOUCH_MOVE h
1401954340674 6 4098 430.58887 946.03986 0.3 5.0 5.0 5.0 5.0 0.0 0.23200001 2 TOUCH_MOVE h
1401954340691 6 4098 429.60825 945.0592 0.3 5.0 5.0 5.0 5.0 0.0 0.22800002 2 TOUCH_MOVE h
1401954340720 6 4098 429.85593 943.5951 0.3 5.0 5.0 5.0 5.0 0.0 0.224 2 TOUCH_MOVE h
1401954340724 6 4098 434.0 941.951 0.33333334 5.0 5.0 5.0 5.0 0.0 0.18800001 2 TOUCH_MOVE h
1401954340730 6 4098 434.0 941.951 0.33333334 5.0 5.0 5.0 5.0 0.0 0.18800001 1 TOUCH_UP h
1401954340919 6 4098 619.0 811.951 0.3 5.0 5.0 5.0 5.0 0.0 0.216 0 TOUCH_DOWN o
1401954340928 6 4098 619.0 811.951 0.3 5.0 5.0 5.0 5.0 0.0 0.22000001 2 TOUCH_MOVE o
1401954340958 6 4098 613.60345 812.7498 0.3 5.0 5.0 5.0 5.0 0.0 0.22800002 2 TOUCH_MOVE o
1401954340975 6 4098 610.58746 813.6573 0.3 5.0 5.0 5.0 5.0 0.0 0.224 2 TOUCH_MOVE o
1401954340992 6 4098 609.0 814.451 0.3 5.0 5.0 5.0 5.0 0.0 0.20400001 2 TOUCH_MOVE o
1401954340996 6 4098 609.0 814.451 0.3 5.0 5.0 5.0 5.0 0.0 0.20400001 1 TOUCH_UP o
1401954341182 6 4098 480.5 1056.4509 0.3 5.0 5.0 5.0 5.0 0.0 0.216 0 TOUCH_DOWN n
1401954341225 6 4098 479.96225 1056.4509 0.3 5.0 5.0 5.0 5.0 0.0 0.22800002 2 TOUCH_MOVE n
1401954341242 6 4098 479.4031 1056.4509 0.3 5.0 5.0 5.0 5.0 0.0 0.224 2 TOUCH_MOVE n
1401954341279 6 4098 479.4031 1056.4509 0.3 5.0 5.0 5.0 5.0 0.0 0.224 1 TOUCH_UP n
1401954341394 6 4098 352.5 964.951 0.3 5.0 5.0 5.0 5.0 0.0 0.216 0 TOUCH_DOWN g
1401954341409 6 4098 352.5 964.951 0.3 5.0 5.0 5.0 5.0 0.0 0.22000001 2 TOUCH_MOVE g
1401954341425 6 4098 352.5 963.883 0.3 5.0 5.0 5.0 5.0 0.0 0.224 2 TOUCH_MOVE g
1401954341442 6 4098 351.75232 961.4556 0.3 5.0 5.0 5.0 5.0 0.0 0.22000001 2 TOUCH_MOVE g
1401954341459 6 4098 347.36926 959.7379 0.26666668 4.0 4.0 4.0 4.0 0.0 0.208 2 TOUCH_MOVE g
1401954341467 6 4098 344.5 959.451 0.26666668 5.0 5.0 5.0 5.0 0.0 0.18 2 TOUCH_MOVE g
1401954341471 6 4098 344.5 959.451 0.26666668 5.0 5.0 5.0 5.0 0.0 0.18 1 TOUCH_UP g
1401954341609 6 4098 337.5 1196.4509 0.3 5.0 5.0 5.0 5.0 0.0 0.21200001 0 TOUCH_DOWN Space
1401954341635 6 4098 335.59323 1195.3959 0.3 5.0 5.0 5.0 5.0 0.0 0.22000001 2 TOUCH_MOVE Space
1401954341642 6 4098 330.4667 1192.531 0.3 5.0 5.0 5.0 5.0 0.0 0.22000001 2 TOUCH_MOVE Space
1401954341660 6 4098 327.47363 1190.9509 0.26666668 4.0 4.0 4.0 4.0 0.0 0.22000001 2 TOUCH_MOVE Space
1401954341675 6 4098 327.47574 1191.9266 0.23333335 5.0 5.0 5.0 5.0 0.0 0.20400001 2 TOUCH_MOVE Space
1401954341683 6 4098 328.0 1192.4509 0.20000002 4.0 4.0 4.0 4.0 0.0 0.18400002 2 TOUCH_MOVE Space
1401954341687 6 4098 328.0 1192.4509 0.20000002 4.0 4.0 4.0 4.0 0.0 0.18400002 1 TOUCH_UP Space
1401954341943 6 4098 598.0 933.451 0.26666668 4.0 4.0 4.0 4.0 0.0 0.21200001 0 TOUCH_DOWN k
1401954341967 6 4098 598.0 933.451 0.26666668 4.0 4.0 4.0 4.0 0.0 0.216 2 TOUCH_MOVE k
1401954341994 6 4098 596.9536 933.9974 0.26666668 4.0 4.0 4.0 4.0 0.0 0.22000001 2 TOUCH_MOVE k
1401954342011 6 4098 595.9715 934.451 0.26666668 4.0 4.0 4.0 4.0 0.0 0.20400001 2 TOUCH_MOVE k
1401954342021 6 4098 593.0 934.951 0.23333335 5.0 5.0 5.0 5.0 0.0 0.16800001 2 TOUCH_MOVE k
1401954342025 6 4098 593.0 934.951 0.23333335 5.0 5.0 5.0 5.0 0.0 0.16800001 1 TOUCH_UP k
1401954342186 6 4098 450.0 955.951 0.3 5.0 5.0 5.0 5.0 0.0 0.216 0 TOUCH_DOWN h
1401954342262 6 4098 450.0 955.951 0.3 5.0 5.0 5.0 5.0 0.0 0.216 1 TOUCH_UP h
1401954342427 6 4098 611.5 815.951 0.3 5.0 5.0 5.0 5.0 0.0 0.22000001 0 TOUCH_DOWN o
1401954342446 6 4098 611.2205 815.951 0.3 5.0 5.0 5.0 5.0 0.0 0.22800002 2 TOUCH_MOVE o
1401954342472 6 4098 609.85004 815.37604 0.33333334 5.0 5.0 5.0 5.0 0.0 0.23200001 2 TOUCH_MOVE o
1401954342479 6 4098 608.5134 814.4644 0.33333334 5.0 5.0 5.0 5.0 0.0 0.23200001 2 TOUCH_MOVE o
1401954342493 6 4098 608.0 813.50226 0.33333334 5.0 5.0 5.0 5.0 0.0 0.23600002 2 TOUCH_MOVE o
1401954342509 6 4098 608.45526 813.451 0.33333334 5.0 5.0 5.0 5.0 0.0 0.23200001 2 TOUCH_MOVE o
1401954342526 6 4098 610.0 813.451 0.3 5.0 5.0 5.0 5.0 0.0 0.208 2 TOUCH_MOVE o
1401954342531 6 4098 610.0 813.451 0.26666668 5.0 5.0 5.0 5.0 0.0 0.156 2 TOUCH_MOVE o
1401954342536 6 4098 610.0 813.451 0.26666668 5.0 5.0 5.0 5.0 0.0 0.156 1 TOUCH_UP o
1401954342727 6 4098 284.0 1074.9509 0.23333335 4.0 4.0 4.0 4.0 0.0 0.208 0 TOUCH_DOWN c
1401954342778 6 4098 284.56436 1074.9509 0.26666668 5.0 5.0 5.0 5.0 0.0 0.216 2 TOUCH_MOVE c
1401954342803 6 4098 284.56436 1074.9509 0.26666668 5.0 5.0 5.0 5.0 0.0 0.216 1 TOUCH_UP c
1401954343036 6 4098 339.5 1183.4509 0.3 5.0 5.0 5.0 5.0 0.0 0.216 0 TOUCH_DOWN Space
1401954343077 6 4098 338.97873 1182.9297 0.3 5.0 5.0 5.0 5.0 0.0 0.208 2 TOUCH_MOVE Space
1401954343094 6 4098 338.97873 1182.9297 0.3 5.0 5.0 5.0 5.0 0.0 0.208 1 TOUCH_UP Space
1401954343650 6 4098 556.0 1086.4509 0.23333335 5.0 5.0 5.0 5.0 0.0 0.20400001 0 TOUCH_DOWN m
1401954343718 6 4098 556.0 1086.4509 0.23333335 5.0 5.0 5.0 5.0 0.0 0.16000001 2 TOUCH_MOVE m
1401954343722 6 4098 556.0 1086.4509 0.23333335 5.0 5.0 5.0 5.0 0.0 0.16000001 1 TOUCH_UP m
1401954344358 6 4098 690.5 1084.4509 0.23333335 4.0 4.0 4.0 4.0 0.0 0.208 0 TOUCH_DOWN Back
1401954344394 6 4098 685.2427 1082.8651 0.23333335 4.0 4.0 4.0 4.0 0.0 0.19600001 2 TOUCH_MOVE Back
1401954344401 6 4098 684.0 1082.4509 0.20000002 4.0 4.0 4.0 4.0 0.0 0.18800001 2 TOUCH_MOVE Back
1401954344405 6 4098 684.0 1082.4509 0.20000002 4.0 4.0 4.0 4.0 0.0 0.18800001 1 TOUCH_UP Back
1401954344955 6 4098 505.0 1074.9509 0.3 5.0 5.0 5.0 5.0 0.0 0.21200001 0 TOUCH_DOWN n
1401954344996 6 4098 505.0 1074.9509 0.3 5.0 5.0 5.0 5.0 0.0 0.21200001 1 TOUCH_UP n
1401954345202 6 4098 442.5 938.951 0.33333334 5.0 5.0 5.0 5.0 0.0 0.21200001 0 TOUCH_DOWN h
1401954345213 6 4098 442.5 938.951 0.33333334 5.0 5.0 5.0 5.0 0.0 0.216 2 TOUCH_MOVE h
1401954345259 6 4098 442.5 939.451 0.33333334 5.0 5.0 5.0 5.0 0.0 0.2 2 TOUCH_MOVE h
1401954345265 6 4098 442.5 939.451 0.33333334 5.0 5.0 5.0 5.0 0.0 0.2 1 TOUCH_UP h
1401954345451 6 4098 183.5 814.451 0.20000002 3.0 3.0 3.0 3.0 0.0 0.19600001 0 TOUCH_DOWN e
1401954345513 6 4098 183.5 814.451 0.20000002 3.0 3.0 3.0 3.0 0.0 0.19600001 1 TOUCH_UP e
1401954346231 6 4098 685.5 1204.4509 0.23333335 4.0 4.0 4.0 4.0 0.0 0.2 0 TOUCH_DOWN Enter
1401954346246 6 4098 684.0413 1205.1906 0.26666668 5.0 5.0 5.0 5.0 0.0 0.19600001 2 TOUCH_MOVE Enter
1401954346265 6 4098 679.10956 1206.9852 0.26666668 5.0 5.0 5.0 5.0 0.0 0.18800001 2 TOUCH_MOVE Enter
1401954346271 6 4098 677.5 1207.9509 0.26666668 5.0 5.0 5.0 5.0 0.0 0.18 2 TOUCH_MOVE Enter
1401954346275 6 4098 677.5 1207.9509 0.26666668 5.0 5.0 5.0 5.0 0.0 0.18 1 TOUCH_UP Enter
1401954346925 6 4098 569.5 964.451 0.26666668 4.0 4.0 4.0 4.0 0.0 0.216 0 TOUCH_DOWN K
1401954346948 6 4098 569.5 964.451 0.26666668 4.0 4.0 4.0 4.0 0.0 0.22000001 2 TOUCH_MOVE K
1401954346967 6 4098 569.5 962.5083 0.26666668 4.0 4.0 4.0 4.0 0.0 0.21200001 2 TOUCH_MOVE K
1401954346980 6 4098 569.5 960.6718 0.26666668 4.0 4.0 4.0 4.0 0.0 0.19600001 2 TOUCH_MOVE K
1401954346989 6 4098 569.5 959.951 0.26666668 4.0 4.0 4.0 4.0 0.0 0.18 2 TOUCH_MOVE K
1401954346993 6 4098 569.5 959.951 0.26666668 4.0 4.0 4.0 4.0 0.0 0.18 1 TOUCH_UP K
1401954347191 6 4098 448.0 959.951 0.3 5.0 5.0 5.0 5.0 0.0 0.2 0 TOUCH_DOWN h
1401954347197 6 4098 448.0 959.951 0.3 5.0 5.0 5.0 5.0 0.0 0.20400001 2 TOUCH_MOVE h
1401954347216 6 4098 448.0 959.2003 0.3 5.0 5.0 5.0 5.0 0.0 0.21200001 2 TOUCH_MOVE h
1401954347232 6 4098 448.58862 955.5078 0.3 5.0 5.0 5.0 5.0 0.0 0.208 2 TOUCH_MOVE h
1401954347247 6 4098 450.1063 951.2384 0.3 5.0 5.0 5.0 5.0 0.0 0.2 2 TOUCH_MOVE h
1401954347265 6 4098 451.4015 949.648 0.3 5.0 5.0 5.0 5.0 0.0 0.18800001 2 TOUCH_MOVE h
1401954347267 6 4098 451.5 949.451 0.20000002 3.0 3.0 3.0 3.0 0.0 0.1 2 TOUCH_MOVE h
1401954347274 6 4098 451.5 949.451 0.20000002 3.0 3.0 3.0 3.0 0.0 0.1 1 TOUCH_UP h
1401954347493 6 4098 595.5 832.951 0.3 5.0 5.0 5.0 5.0 0.0 0.216 0 TOUCH_DOWN o
1401954347498 6 4098 595.5 832.951 0.3 5.0 5.0 5.0 5.0 0.0 0.21200001 2 TOUCH_MOVE o
1401954347547 6 4098 594.8861 832.951 0.3 5.0 5.0 5.0 5.0 0.0 0.216 2 TOUCH_MOVE o
1401954347569 6 4098 595.0 832.951 0.26666668 4.0 4.0 4.0 4.0 0.0 0.18400002 2 TOUCH_MOVE o
1401954347575 6 4098 595.0 832.951 0.26666668 4.0 4.0 4.0 4.0 0.0 0.18400002 1 TOUCH_UP o
1401954347767 6 4098 490.0 1085.4509 0.26666668 4.0 4.0 4.0 4.0 0.0 0.216 0 TOUCH_DOWN n
1401954347818 6 4098 488.74692 1084.1979 0.26666668 4.0 4.0 4.0 4.0 0.0 0.224 2 TOUCH_MOVE n
1401954347831 6 4098 488.0 1083.175 0.26666668 4.0 4.0 4.0 4.0 0.0 0.224 2 TOUCH_MOVE n
1401954347846 6 4098 488.5 1082.4509 0.23333335 5.0 5.0 5.0 5.0 0.0 0.192 2 TOUCH_MOVE n
1401954347850 6 4098 488.5 1082.4509 0.23333335 5.0 5.0 5.0 5.0 0.0 0.192 1 TOUCH_UP n
1401954347978 6 4098 356.5 952.451 0.26666668 4.0 4.0 4.0 4.0 0.0 0.20400001 0 TOUCH_DOWN g
1401954347987 6 4098 356.5 952.16534 0.26666668 4.0 4.0 4.0 4.0 0.0 0.21200001 2 TOUCH_MOVE g
1401954348012 6 4098 356.5 951.6009 0.3 5.0 5.0 5.0 5.0 0.0 0.216 2 TOUCH_MOVE g
1401954348017 6 4098 356.14395 950.2389 0.3 5.0 5.0 5.0 5.0 0.0 0.21200001 2 TOUCH_MOVE g
1401954348021 6 4098 356.0 949.951 0.3 5.0 5.0 5.0 5.0 0.0 0.19600001 2 TOUCH_MOVE g
1401954348025 6 4098 356.0 949.951 0.3 5.0 5.0 5.0 5.0 0.0 0.19600001 1 TOUCH_UP g
1401954348224 6 4098 299.0 1211.9509 0.23333335 4.0 4.0 4.0 4.0 0.0 0.208 0 TOUCH_DOWN Space
1401954348231 6 4098 298.6004 1211.9509 0.23333335 4.0 4.0 4.0 4.0 0.0 0.21200001 2 TOUCH_MOVE Space
1401954348255 6 4098 296.4767 1210.7688 0.23333335 4.0 4.0 4.0 4.0 0.0 0.216 2 TOUCH_MOVE Space
1401954348265 6 4098 293.83975 1209.1208 0.23333335 4.0 4.0 4.0 4.0 0.0 0.216 2 TOUCH_MOVE Space
1401954348281 6 4098 292.75 1208.9509 0.23333335 4.0 4.0 4.0 4.0 0.0 0.208 2 TOUCH_MOVE Space
1401954348300 6 4098 293.0 1208.9509 0.16666667 3.0 3.0 3.0 3.0 0.0 0.18400002 2 TOUCH_MOVE Space
1401954348304 6 4098 293.0 1208.9509 0.16666667 3.0 3.0 3.0 3.0 0.0 0.18400002 1 TOUCH_UP Space
1401954348692 6 4098 591.0 940.951 0.3 5.0 5.0 5.0 5.0 0.0 0.21200001 0 TOUCH_DOWN k
1401954348699 6 4098 591.0 940.951 0.3 5.0 5.0 5.0 5.0 0.0 0.216 2 TOUCH_MOVE k
1401954348747 6 4098 591.0 941.451 0.16666667 3.0 3.0 3.0 3.0 0.0 0.124000005 2 TOUCH_MOVE k
1401954348751 6 4098 591.0 941.451 0.16666667 3.0 3.0 3.0 3.0 0.0 0.124000005 1 TOUCH_UP k
1401954348921 6 4098 439.0 974.951 0.3 5.0 5.0 5.0 5.0 0.0 0.208 0 TOUCH_DOWN h
1401954348932 6 4098 439.0 974.951 0.26666668 4.0 4.0 4.0 4.0 0.0 0.21200001 2 TOUCH_MOVE h
1401954348965 6 4098 439.29434 973.8623 0.3 5.0 5.0 5.0 5.0 0.0 0.22000001 2 TOUCH_MOVE h
1401954348982 6 4098 442.5 969.701 0.26666668 5.0 5.0 5.0 5.0 0.0 0.2 2 TOUCH_MOVE h
1401954348989 6 4098 441.5 970.951 0.23333335 5.0 5.0 5.0 5.0 0.0 0.172 2 TOUCH_MOVE h
1401954348993 6 4098 441.5 970.951 0.23333335 5.0 5.0 5.0 5.0 0.0 0.172 1 TOUCH_UP h
1401954349397 6 4098 629.0 816.451 0.26666668 4.0 4.0 4.0 4.0 0.0 0.21200001 0 TOUCH_DOWN o
1401954349467 6 4098 629.0 816.451 0.26666668 5.0 5.0 5.0 5.0 0.0 0.164 2 TOUCH_MOVE o
1401954349470 6 4098 629.0 816.451 0.26666668 5.0 5.0 5.0 5.0 0.0 0.164 1 TOUCH_UP o
1401954349634 6 4098 282.0 1083.4509 0.20000002 4.0 4.0 4.0 4.0 0.0 0.208 0 TOUCH_DOWN c
1401954349653 6 4098 282.0 1083.4509 0.23333335 5.0 5.0 5.0 5.0 0.0 0.208 2 TOUCH_MOVE c
1401954349709 6 4098 282.0 1083.4509 0.23333335 5.0 5.0 5.0 5.0 0.0 0.18 2 TOUCH_MOVE c
1401954349713 6 4098 282.0 1083.4509 0.23333335 5.0 5.0 5.0 5.0 0.0 0.18 1 TOUCH_UP c
1401954349969 6 4098 289.0 1181.4509 0.26666668 4.0 4.0 4.0 4.0 0.0 0.216 0 TOUCH_DOWN Space
1401954349983 6 4098 289.0 1181.4509 0.33333334 5.0 5.0 5.0 5.0 0.0 0.216 2 TOUCH_MOVE Space
1401954350010 6 4098 286.93243 1180.4171 0.33333334 5.0 5.0 5.0 5.0 0.0 0.21200001 2 TOUCH_MOVE Space
1401954350033 6 4098 285.25 1179.9509 0.26666668 4.0 4.0 4.0 4.0 0.0 0.208 2 TOUCH_MOVE Space
1401954350052 6 4098 285.25 1179.9509 0.26666668 4.0 4.0 4.0 4.0 0.0 0.208 1 TOUCH_UP Space
1401954350383 6 4098 495.0 1063.9509 0.3 5.0 5.0 5.0 5.0 0.0 0.21200001 0 TOUCH_DOWN n
1401954350405 6 4098 495.0 1063.9509 0.3 5.0 5.0 5.0 5.0 0.0 0.216 2 TOUCH_MOVE n
1401954350450 6 4098 495.0 1063.9509 0.33333334 5.0 5.0 5.0 5.0 0.0 0.18 2 TOUCH_MOVE n
1401954350455 6 4098 495.0 1063.9509 0.33333334 5.0 5.0 5.0 5.0 0.0 0.18 1 TOUCH_UP n
1401954350615 6 4098 451.5 948.451 0.33333334 5.0 5.0 5.0 5.0 0.0 0.21200001 0 TOUCH_DOWN h
1401954350633 6 4098 451.5 948.451 0.33333334 5.0 5.0 5.0 5.0 0.0 0.216 2 TOUCH_MOVE h
1401954350667 6 4098 449.92496 947.8759 0.33333334 5.0 5.0 5.0 5.0 0.0 0.22000001 2 TOUCH_MOVE h
1401954350684 6 4098 449.25 947.951 0.33333334 5.0 5.0 5.0 5.0 0.0 0.22000001 2 TOUCH_MOVE h
1401954350700 6 4098 449.5 947.951 0.26666668 4.0 4.0 4.0 4.0 0.0 0.18400002 2 TOUCH_MOVE h
1401954350706 6 4098 449.5 947.951 0.26666668 4.0 4.0 4.0 4.0 0.0 0.18400002 1 TOUCH_UP h
1401954350986 6 4098 177.0 808.451 0.23333335 4.0 4.0 4.0 4.0 0.0 0.18800001 0 TOUCH_DOWN e
1401954350993 6 4098 177.0 808.451 0.20000002 3.0 3.0 3.0 3.0 0.0 0.192 2 TOUCH_MOVE e
1401954351021 6 4098 178.808 808.451 0.20000002 3.0 3.0 3.0 3.0 0.0 0.192 2 TOUCH_MOVE e
1401954351033 6 4098 180.5 808.451 0.13333334 2.0 2.0 2.0 2.0 0.0 0.18 2 TOUCH_MOVE e
1401954351038 6 4098 180.5 808.451 0.13333334 2.0 2.0 2.0 2.0 0.0 0.18 1 TOUCH_UP e
1401954351865 6 4098 338.5 1199.9509 0.23333335 5.0 5.0 5.0 5.0 0.0 0.20400001 0 TOUCH_DOWN Space
1401954351885 6 4098 338.05582 1199.5067 0.23333335 5.0 5.0 5.0 5.0 0.0 0.208 2 TOUCH_MOVE Space
1401954351906 6 4098 337.25 1198.7009 0.3 5.0 5.0 5.0 5.0 0.0 0.208 2 TOUCH_MOVE Space
1401954351924 6 4098 337.5 1198.9509 0.23333335 4.0 4.0 4.0 4.0 0.0 0.18400002 2 TOUCH_MOVE Space
1401954351928 6 4098 337.5 1198.9509 0.23333335 4.0 4.0 4.0 4.0 0.0 0.18400002 1 TOUCH_UP Space
1401954352232 6 4098 199.5 946.951 0.23333335 4.0 4.0 4.0 4.0 0.0 0.18800001 0 TOUCH_DOWN d
1401954352255 6 4098 199.5 946.951 0.26666668 4.0 4.0 4.0 4.0 0.0 0.192 2 TOUCH_MOVE d
1401954352269 6 4098 200.023 946.951 0.3 5.0 5.0 5.0 5.0 0.0 0.2 2 TOUCH_MOVE d
1401954352286 6 4098 201.03592 946.951 0.33333334 5.0 5.0 5.0 5.0 0.0 0.20400001 2 TOUCH_MOVE d
1401954352302 6 4098 201.97975 946.951 0.3 5.0 5.0 5.0 5.0 0.0 0.2 2 TOUCH_MOVE d
1401954352314 6 4098 202.5 946.951 0.3 5.0 5.0 5.0 5.0 0.0 0.18 2 TOUCH_MOVE d
1401954352319 6 4098 202.5 946.951 0.3 5.0 5.0 5.0 5.0 0.0 0.18 1 TOUCH_UP d
1401954352522 6 4098 198.5 808.451 0.23333335 4.0 4.0 4.0 4.0 0.0 0.19600001 0 TOUCH_DOWN e
1401954352582 6 4098 198.5 808.451 0.13333334 2.0 2.0 2.0 2.0 0.0 0.16800001 2 TOUCH_MOVE e
1401954352588 6 4098 198.5 808.451 0.13333334 2.0 2.0 2.0 2.0 0.0 0.16800001 1 TOUCH_UP e
1401954352781 6 4098 328.0 1209.9509 0.26666668 5.0 5.0 5.0 5.0 0.0 0.208 0 TOUCH_DOWN Space
1401954352848 6 4098 328.0 1209.9509 0.26666668 5.0 5.0 5.0 5.0 0.0 0.208 1 TOUCH_UP Space
1401954353134 6 4098 591.5 1086.4509 0.23333335 4.0 4.0 4.0 4.0 0.0 0.208 0 TOUCH_DOWN m
1401954353158 6 4098 588.682 1086.4509 0.23333335 4.0 4.0 4.0 4.0 0.0 0.208 2 TOUCH_MOVE m
1401954353172 6 4098 582.337 1085.8562 0.23333335 4.0 4.0 4.0 4.0 0.0 0.208 2 TOUCH_MOVE m
1401954353186 6 4098 577.6784 1086.5153 0.23333335 4.0 4.0 4.0 4.0 0.0 0.19600001 2 TOUCH_MOVE m
1401954353196 6 4098 577.0 1086.4509 0.16666667 3.0 3.0 3.0 3.0 0.0 0.124000005 2 TOUCH_MOVE m
1401954353200 6 4098 577.0 1086.4509 0.16666667 3.0 3.0 3.0 3.0 0.0 0.124000005 1 TOUCH_UP m
1401954353561 6 4098 206.5 824.951 0.33333334 5.0 5.0 5.0 5.0 0.0 0.20400001 0 TOUCH_DOWN e
1401954353621 6 4098 206.5 824.951 0.3 5.0 5.0 5.0 5.0 0.0 0.192 2 TOUCH_MOVE e
1401954353625 6 4098 206.5 824.951 0.3 5.0 5.0 5.0 5.0 0.0 0.192 1 TOUCH_UP e
1401954353807 6 4098 290.5 1179.4509 0.26666668 4.0 4.0 4.0 4.0 0.0 0.21200001 0 TOUCH_DOWN Space
1401954353853 6 4098 290.5 1179.9711 0.26666668 4.0 4.0 4.0 4.0 0.0 0.208 2 TOUCH_MOVE Space
1401954353870 6 4098 291.666 1183.283 0.20000002 3.0 3.0 3.0 3.0 0.0 0.192 2 TOUCH_MOVE Space
1401954353880 6 4098 291.5 1182.9509 0.13333334 2.0 2.0 2.0 2.0 0.0 0.124000005 2 TOUCH_MOVE Space
1401954353885 6 4098 291.5 1182.9509 0.13333334 2.0 2.0 2.0 2.0 0.0 0.124000005 1 TOUCH_UP Space
1401954354262 6 4098 335.0 835.951 0.3 5.0 5.0 5.0 5.0 0.0 0.21200001 0 TOUCH_DOWN t
1401954354304 6 4098 333.23615 834.18713 0.33333334 5.0 5.0 5.0 5.0 0.0 0.216 2 TOUCH_MOVE t
1401954354324 6 4098 327.24188 832.1983 0.33333334 5.0 5.0 5.0 5.0 0.0 0.208 2 TOUCH_MOVE t
1401954354331 6 4098 323.5 830.951 0.3 5.0 5.0 5.0 5.0 0.0 0.19600001 2 TOUCH_MOVE t
1401954354342 6 4098 323.5 830.951 0.3 5.0 5.0 5.0 5.0 0.0 0.19600001 1 TOUCH_UP t
1401954354487 6 4098 260.5 808.951 0.23333335 4.0 4.0 4.0 4.0 0.0 0.2 0 TOUCH_DOWN r
1401954354537 6 4098 260.5 808.43256 0.20000002 4.0 4.0 4.0 4.0 0.0 0.18400002 2 TOUCH_MOVE r
1401954354547 6 4098 261.0 806.451 0.20000002 4.0 4.0 4.0 4.0 0.0 0.16800001 2 TOUCH_MOVE r
1401954354552 6 4098 261.0 806.451 0.20000002 4.0 4.0 4.0 4.0 0.0 0.16800001 1 TOUCH_UP r
1401954354798 6 4098 619.5 818.451 0.26666668 4.0 4.0 4.0 4.0 0.0 0.192 0 TOUCH_DOWN o
1401954354900 6 4098 619.5 818.451 0.26666668 4.0 4.0 4.0 4.0 0.0 0.192 1 TOUCH_UP o
1401954355136 6 4098 507.5 1091.4509 0.3 5.0 5.0 5.0 5.0 0.0 0.21200001 0 TOUCH_DOWN n
1401954355158 6 4098 507.5 1091.4509 0.3 5.0 5.0 5.0 5.0 0.0 0.216 2 TOUCH_MOVE n
1401954355189 6 4098 507.5 1090.8353 0.3 5.0 5.0 5.0 5.0 0.0 0.22000001 2 TOUCH_MOVE n
1401954355212 6 4098 507.5 1090.8353 0.3 5.0 5.0 5.0 5.0 0.0 0.22000001 1 TOUCH_UP n
1401954355293 6 4098 351.0 952.951 0.26666668 4.0 4.0 4.0 4.0 0.0 0.208 0 TOUCH_DOWN g
1401954355338 6 4098 352.25 952.951 0.26666668 4.0 4.0 4.0 4.0 0.0 0.22000001 2 TOUCH_MOVE g
1401954355368 6 4098 352.25 952.951 0.26666668 4.0 4.0 4.0 4.0 0.0 0.22000001 1 TOUCH_UP g
1401954355532 6 4098 292.5 1197.4509 0.26666668 4.0 4.0 4.0 4.0 0.0 0.216 0 TOUCH_DOWN Space
1401954355571 6 4098 292.81296 1196.9509 0.26666668 4.0 4.0 4.0 4.0 0.0 0.21200001 2 TOUCH_MOVE Space
1401954355589 6 4098 297.55167 1197.8665 0.23333335 4.0 4.0 4.0 4.0 0.0 0.20400001 2 TOUCH_MOVE Space
1401954355595 6 4098 299.5 1198.4509 0.23333335 4.0 4.0 4.0 4.0 0.0 0.192 2 TOUCH_MOVE Space
1401954355599 6 4098 299.5 1198.4509 0.23333335 4.0 4.0 4.0 4.0 0.0 0.192 1 TOUCH_UP Space
1401954355890 6 4098 282.0 1085.4509 0.20000002 4.0 4.0 4.0 4.0 0.0 0.19600001 0 TOUCH_DOWN c
1401954355910 6 4098 282.0 1085.4509 0.23333335 5.0 5.0 5.0 5.0 0.0 0.2 2 TOUCH_MOVE c
1401954355955 6 4098 282.50104 1085.952 0.23333335 4.0 4.0 4.0 4.0 0.0 0.18800001 2 TOUCH_MOVE c
1401954355961 6 4098 282.50104 1085.952 0.23333335 4.0 4.0 4.0 4.0 0.0 0.18800001 1 TOUCH_UP c
1401954356208 6 4098 55.5 937.951 0.26666668 5.0 5.0 5.0 5.0 0.0 0.18400002 0 TOUCH_DOWN a
1401954356255 6 4098 55.5 939.7846 0.26666668 5.0 5.0 5.0 5.0 0.0 0.192 2 TOUCH_MOVE a
1401954356273 6 4098 55.5 940.76715 0.26666668 5.0 5.0 5.0 5.0 0.0 0.18800001 2 TOUCH_MOVE a
1401954356279 6 4098 55.5 940.951 0.26666668 5.0 5.0 5.0 5.0 0.0 0.18400002 2 TOUCH_MOVE a
1401954356283 6 4098 55.5 940.951 0.26666668 5.0 5.0 5.0 5.0 0.0 0.18400002 1 TOUCH_UP a
1401954356552 6 4098 406.0 823.451 0.26666668 4.0 4.0 4.0 4.0 0.0 0.208 0 TOUCH_DOWN y
1401954356572 6 4098 406.0 823.451 0.26666668 4.0 4.0 4.0 4.0 0.0 0.21200001 2 TOUCH_MOVE y
1401954356589 6 4098 404.87515 823.451 0.26666668 4.0 4.0 4.0 4.0 0.0 0.21200001 2 TOUCH_MOVE y
1401954356606 6 4098 404.25 823.451 0.26666668 4.0 4.0 4.0 4.0 0.0 0.21200001 2 TOUCH_MOVE y
1401954356624 6 4098 404.25 823.451 0.26666668 4.0 4.0 4.0 4.0 0.0 0.21200001 1 TOUCH_UP y
1401954356889 6 4098 325.0 1199.9509 0.23333335 4.0 4.0 4.0 4.0 0.0 0.21200001 0 TOUCH_DOWN Space
1401954356923 6 4098 324.11655 1199.9509 0.26666668 4.0 4.0 4.0 4.0 0.0 0.216 2 TOUCH_MOVE Space
1401954356941 6 4098 323.2012 1199.9509 0.26666668 4.0 4.0 4.0 4.0 0.0 0.216 2 TOUCH_MOVE Space
1401954356958 6 4098 322.75 1199.9509 0.3 5.0 5.0 5.0 5.0 0.0 0.21200001 2 TOUCH_MOVE Space
1401954356965 6 4098 322.75 1199.9509 0.3 5.0 5.0 5.0 5.0 0.0 0.21200001 1 TOUCH_UP Space
1401954357368 6 4098 336.0 843.451 0.3 5.0 5.0 5.0 5.0 0.0 0.21200001 0 TOUCH_DOWN t
1401954357405 6 4098 335.7099 843.1609 0.3 5.0 5.0 5.0 5.0 0.0 0.216 2 TOUCH_MOVE t
1401954357425 6 4098 333.9022 841.35315 0.3 5.0 5.0 5.0 5.0 0.0 0.224 2 TOUCH_MOVE t
1401954357442 6 4098 330.96323 839.6918 0.3 5.0 5.0 5.0 5.0 0.0 0.22000001 2 TOUCH_MOVE t
1401954357456 6 4098 326.5 838.951 0.26666668 4.0 4.0 4.0 4.0 0.0 0.19600001 2 TOUCH_MOVE t
1401954357464 6 4098 326.5 838.951 0.26666668 4.0 4.0 4.0 4.0 0.0 0.19600001 1 TOUCH_UP t
1401954357603 6 4098 267.5 812.451 0.3 5.0 5.0 5.0 5.0 0.0 0.208 0 TOUCH_DOWN r
1401954357640 6 4098 268.82227 813.77325 0.3 5.0 5.0 5.0 5.0 0.0 0.21200001 2 TOUCH_MOVE r
1401954357657 6 4098 269.78076 814.73175 0.3 5.0 5.0 5.0 5.0 0.0 0.216 2 TOUCH_MOVE r
1401954357689 6 4098 270.0 814.951 0.3 5.0 5.0 5.0 5.0 0.0 0.216 2 TOUCH_MOVE r
1401954357691 6 4098 270.0 814.951 0.26666668 4.0 4.0 4.0 4.0 0.0 0.18800001 2 TOUCH_MOVE r
1401954357695 6 4098 270.0 814.951 0.26666668 4.0 4.0 4.0 4.0 0.0 0.18800001 1 TOUCH_UP r
1401954358042 6 4098 53.0 944.451 0.26666668 5.0 5.0 5.0 5.0 0.0 0.18 0 TOUCH_DOWN a
1401954358061 6 4098 53.0 944.451 0.26666668 5.0 5.0 5.0 5.0 0.0 0.18400002 2 TOUCH_MOVE a
1401954358091 6 4098 54.344162 944.451 0.26666668 5.0 5.0 5.0 5.0 0.0 0.18800001 2 TOUCH_MOVE a
1401954358106 6 4098 54.5 944.451 0.26666668 5.0 5.0 5.0 5.0 0.0 0.18400002 2 TOUCH_MOVE a
1401954358112 6 4098 54.5 944.451 0.26666668 5.0 5.0 5.0 5.0 0.0 0.18400002 1 TOUCH_UP a
1401954358344 6 4098 513.5 837.951 0.3 5.0 5.0 5.0 5.0 0.0 0.21200001 0 TOUCH_DOWN i
1401954358382 6 4098 513.5 837.951 0.26666668 4.0 4.0 4.0 4.0 0.0 0.18 2 TOUCH_MOVE i
1401954358385 6 4098 513.5 837.951 0.26666668 4.0 4.0 4.0 4.0 0.0 0.18 1 TOUCH_UP i
