1401354917906 6 4098 114.0 871.951 0.26666668 5.0 5.0 5.0 5.0 0.0 0.216 0 TOUCH_DOWN W
1401354917919 6 4098 114.0 871.951 0.3 6.0 6.0 6.0 6.0 0.0 0.224 2 TOUCH_MOVE W
1401354917935 6 4098 114.0 870.4312 0.26666668 5.0 5.0 5.0 5.0 0.0 0.22800002 2 TOUCH_MOVE W
1401354917952 6 4098 115.02555 868.3999 0.26666668 5.0 5.0 5.0 5.0 0.0 0.22800002 2 TOUCH_MOVE W
1401354917969 6 4098 116.50726 866.9437 0.3 6.0 6.0 6.0 6.0 0.0 0.23200001 2 TOUCH_MOVE W
1401354917986 6 4098 116.5 865.9507 0.26666668 5.0 5.0 5.0 5.0 0.0 0.23200001 2 TOUCH_MOVE W
1401354918003 6 4098 117.47558 864.9754 0.3 6.0 6.0 6.0 6.0 0.0 0.23200001 2 TOUCH_MOVE W
1401354918020 6 4098 117.75 864.701 0.3 6.0 6.0 6.0 6.0 0.0 0.23200001 2 TOUCH_MOVE W
1401354918070 6 4098 116.54618 866.1779 0.3 6.0 6.0 6.0 6.0 0.0 0.224 2 TOUCH_MOVE W
1401354918086 6 4098 115.0 866.951 0.26666668 5.0 5.0 5.0 5.0 0.0 0.18 2 TOUCH_MOVE W
1401354918089 6 4098 115.0 866.951 0.26666668 5.0 5.0 5.0 5.0 0.0 0.18 1 TOUCH_UP W
1401354918267 6 4098 178.0 867.951 0.3 5.0 5.0 5.0 5.0 0.0 0.22800002 0 TOUCH_DOWN e
1401354918286 6 4098 177.57962 867.951 0.3 5.0 5.0 5.0 5.0 0.0 0.23200001 2 TOUCH_MOVE e
1401354918304 6 4098 176.66776 867.951 0.26666668 5.0 5.0 5.0 5.0 0.0 0.23600002 2 TOUCH_MOVE e
1401354918319 6 4098 176.25 867.951 0.3 5.0 5.0 5.0 5.0 0.0 0.23600002 2 TOUCH_MOVE e
1401354918336 6 4098 175.60976 867.951 0.3 6.0 6.0 6.0 6.0 0.0 0.23600002 2 TOUCH_MOVE e
1401354918354 6 4098 175.25 867.951 0.26666668 5.0 5.0 5.0 5.0 0.0 0.23600002 2 TOUCH_MOVE e
1401354918386 6 4098 174.07854 868.37244 0.26666668 5.0 5.0 5.0 5.0 0.0 0.23600002 2 TOUCH_MOVE e
1401354918404 6 4098 172.15349 869.39984 0.3 5.0 5.0 5.0 5.0 0.0 0.22800002 2 TOUCH_MOVE e
1401354918414 6 4098 171.0 869.951 0.20000002 3.0 3.0 3.0 3.0 0.0 0.104 2 TOUCH_MOVE e
1401354918417 6 4098 171.0 869.951 0.20000002 3.0 3.0 3.0 3.0 0.0 0.104 1 TOUCH_UP e
1401354918559 6 4098 364.5 1231.4509 0.23333335 4.0 4.0 4.0 4.0 0.0 0.20400001 0 TOUCH_DOWN Space
1401354918569 6 4098 364.5 1230.9229 0.26666668 5.0 5.0 5.0 5.0 0.0 0.21200001 2 TOUCH_MOVE Space
1401354918589 6 4098 365.75714 1227.3081 0.26666668 5.0 5.0 5.0 5.0 0.0 0.22000001 2 TOUCH_MOVE Space
1401354918604 6 4098 367.77744 1223.5348 0.26666668 5.0 5.0 5.0 5.0 0.0 0.22000001 2 TOUCH_MOVE Space
1401354918619 6 4098 369.83395 1221.117 0.26666668 5.0 5.0 5.0 5.0 0.0 0.224 2 TOUCH_MOVE Space
1401354918636 6 4098 370.0 1220.274 0.26666668 5.0 5.0 5.0 5.0 0.0 0.224 2 TOUCH_MOVE Space
1401354918703 6 4098 369.1782 1222.1118 0.23333335 4.0 4.0 4.0 4.0 0.0 0.208 2 TOUCH_MOVE Space
1401354918710 6 4098 368.5 1222.4509 0.20000002 3.0 3.0 3.0 3.0 0.0 0.18800001 2 TOUCH_MOVE Space
1401354918715 6 4098 368.5 1222.4509 0.20000002 3.0 3.0 3.0 3.0 0.0 0.18800001 1 TOUCH_UP Space
1401354918861 6 4098 39.0 980.451 0.20000002 3.0 3.0 3.0 3.0 0.0 0.18400002 0 TOUCH_DOWN a
1401354918870 6 4098 39.0 980.451 0.20000002 3.0 3.0 3.0 3.0 0.0 0.18800001 2 TOUCH_MOVE a
1401354918890 6 4098 39.888035 980.451 0.20000002 3.0 3.0 3.0 3.0 0.0 0.192 2 TOUCH_MOVE a
1401354918903 6 4098 40.929153 980.451 0.20000002 3.0 3.0 3.0 3.0 0.0 0.192 2 TOUCH_MOVE a
1401354918920 6 4098 41.949963 979.951 0.20000002 3.0 3.0 3.0 3.0 0.0 0.19600001 2 TOUCH_MOVE a
1401354918936 6 4098 44.303062 979.01666 0.20000002 3.0 3.0 3.0 3.0 0.0 0.2 2 TOUCH_MOVE a
1401354918954 6 4098 46.36055 978.5207 0.20000002 3.0 3.0 3.0 3.0 0.0 0.20400001 2 TOUCH_MOVE a
1401354918980 6 4098 48.493217 978.451 0.20000002 3.0 3.0 3.0 3.0 0.0 0.2 2 TOUCH_MOVE a
1401354918987 6 4098 49.447018 978.451 0.20000002 3.0 3.0 3.0 3.0 0.0 0.2 2 TOUCH_MOVE a
1401354919005 6 4098 50.25 978.451 0.20000002 3.0 3.0 3.0 3.0 0.0 0.19600001 2 TOUCH_MOVE a
1401354919020 6 4098 48.38201 978.451 0.20000002 3.0 3.0 3.0 3.0 0.0 0.192 2 TOUCH_MOVE a
1401354919036 6 4098 41.5108 975.20636 0.16666667 3.0 3.0 3.0 3.0 0.0 0.17600001 2 TOUCH_MOVE a
1401354919045 6 4098 41.5108 975.20636 0.16666667 3.0 3.0 3.0 3.0 0.0 0.17600001 1 TOUCH_UP a
1401354919246 6 4098 224.0 877.451 0.3 5.0 5.0 5.0 5.0 0.0 0.208 0 TOUCH_DOWN r
1401354919253 6 4098 224.0 877.451 0.3 5.0 5.0 5.0 5.0 0.0 0.216 2 TOUCH_MOVE r
1401354919279 6 4098 225.00574 876.6981 0.26666668 5.0 5.0 5.0 5.0 0.0 0.22800002 2 TOUCH_MOVE r
1401354919287 6 4098 227.08586 875.6581 0.3 5.0 5.0 5.0 5.0 0.0 0.23200001 2 TOUCH_MOVE r
1401354919303 6 4098 230.23097 874.64325 0.3 5.0 5.0 5.0 5.0 0.0 0.23200001 2 TOUCH_MOVE r
1401354919320 6 4098 233.45201 873.63367 0.3 5.0 5.0 5.0 5.0 0.0 0.23600002 2 TOUCH_MOVE r
1401354919337 6 4098 234.5 873.12036 0.33333334 6.0 6.0 6.0 6.0 0.0 0.23600002 2 TOUCH_MOVE r
1401354919366 6 4098 234.5 872.33185 0.26666668 5.0 5.0 5.0 5.0 0.0 0.23200001 2 TOUCH_MOVE r
1401354919372 6 4098 234.5 871.7305 0.3 5.0 5.0 5.0 5.0 0.0 0.23200001 2 TOUCH_MOVE r
1401354919404 6 4098 233.61197 871.951 0.33333334 6.0 6.0 6.0 6.0 0.0 0.23600002 2 TOUCH_MOVE r
1401354919420 6 4098 230.41197 871.951 0.33333334 6.0 6.0 6.0 6.0 0.0 0.23200001 2 TOUCH_MOVE r
1401354919433 6 4098 230.0 871.951 0.26666668 5.0 5.0 5.0 5.0 0.0 0.20400001 2 TOUCH_MOVE r
1401354919436 6 4098 230.0 871.951 0.26666668 5.0 5.0 5.0 5.0 0.0 0.20400001 1 TOUCH_UP r
1401354919647 6 4098 160.5 851.951 0.26666668 5.0 5.0 5.0 5.0 0.0 0.21200001 0 TOUCH_DOWN e
1401354919654 6 4098 160.5 851.951 0.26666668 5.0 5.0 5.0 5.0 0.0 0.216 2 TOUCH_MOVE e
1401354919688 6 4098 159.32991 850.2809 0.26666668 5.0 5.0 5.0 5.0 0.0 0.224 2 TOUCH_MOVE e
1401354919704 6 4098 159.0 849.2622 0.26666668 5.0 5.0 5.0 5.0 0.0 0.224 2 TOUCH_MOVE e
1401354919722 6 4098 159.0 848.701 0.26666668 5.0 5.0 5.0 5.0 0.0 0.22800002 2 TOUCH_MOVE e
1401354919786 6 4098 159.0 848.951 0.23333335 5.0 5.0 5.0 5.0 0.0 0.17600001 2 TOUCH_MOVE e
1401354919789 6 4098 159.0 848.951 0.23333335 5.0 5.0 5.0 5.0 0.0 0.17600001 1 TOUCH_UP e
1401354919898 6 4098 378.0 1211.4509 0.23333335 4.0 4.0 4.0 4.0 0.0 0.2 0 TOUCH_DOWN Space
1401354919955 6 4098 378.9258 1211.4509 0.26666668 5.0 5.0 5.0 5.0 0.0 0.22000001 2 TOUCH_MOVE Space
1401354919971 6 4098 379.94455 1211.4509 0.26666668 5.0 5.0 5.0 5.0 0.0 0.22000001 2 TOUCH_MOVE Space
1401354919987 6 4098 380.25 1211.4509 0.26666668 5.0 5.0 5.0 5.0 0.0 0.22000001 2 TOUCH_MOVE Space
1401354920021 6 4098 380.59723 1211.4509 0.26666668 5.0 5.0 5.0 5.0 0.0 0.22000001 2 TOUCH_MOVE Space
1401354920048 6 4098 379.5 1211.4509 0.23333335 4.0 4.0 4.0 4.0 0.0 0.18800001 2 TOUCH_MOVE Space
1401354920052 6 4098 379.5 1211.4509 0.23333335 4.0 4.0 4.0 4.0 0.0 0.18800001 1 TOUCH_UP Space
1401354920264 6 4098 329.5 858.451 0.23333335 5.0 5.0 5.0 5.0 0.0 0.224 0 TOUCH_DOWN t
1401354920271 6 4098 329.5 858.451 0.26666668 5.0 5.0 5.0 5.0 0.0 0.23600002 2 TOUCH_MOVE t
1401354920305 6 4098 330.75693 858.451 0.23333335 4.0 4.0 4.0 4.0 0.0 0.24000001 2 TOUCH_MOVE t
1401354920321 6 4098 332.27728 858.451 0.23333335 4.0 4.0 4.0 4.0 0.0 0.24000001 2 TOUCH_MOVE t
1401354920338 6 4098 332.75 858.451 0.3 5.0 5.0 5.0 5.0 0.0 0.24000001 2 TOUCH_MOVE t
1401354920405 6 4098 328.74454 858.80206 0.3 5.0 5.0 5.0 5.0 0.0 0.24000001 2 TOUCH_MOVE t
1401354920424 6 4098 325.5 859.451 0.26666668 5.0 5.0 5.0 5.0 0.0 0.21200001 2 TOUCH_MOVE t
1401354920426 6 4098 325.5 859.451 0.16666667 3.0 3.0 3.0 3.0 0.0 0.108 2 TOUCH_MOVE t
1401354920429 6 4098 325.5 859.451 0.16666667 3.0 3.0 3.0 3.0 0.0 0.108 1 TOUCH_UP t
1401354920533 6 4098 433.5 991.951 0.3 5.0 5.0 5.0 5.0 0.0 0.22000001 0 TOUCH_DOWN h
1401354920555 6 4098 433.5 991.951 0.26666668 4.0 4.0 4.0 4.0 0.0 0.224 2 TOUCH_MOVE h
1401354920571 6 4098 434.01697 990.934 0.3 5.0 5.0 5.0 5.0 0.0 0.23200001 2 TOUCH_MOVE h
1401354920588 6 4098 436.5278 989.9417 0.3 5.0 5.0 5.0 5.0 0.0 0.23200001 2 TOUCH_MOVE h
1401354920605 6 4098 437.53488 989.951 0.3 5.0 5.0 5.0 5.0 0.0 0.23200001 2 TOUCH_MOVE h
1401354920701 6 4098 436.64105 989.951 0.26666668 4.0 4.0 4.0 4.0 0.0 0.21200001 2 TOUCH_MOVE h
1401354920706 6 4098 435.5 989.951 0.16666667 3.0 3.0 3.0 3.0 0.0 0.108 2 TOUCH_MOVE h
1401354920709 6 4098 435.5 989.951 0.16666667 3.0 3.0 3.0 3.0 0.0 0.108 1 TOUCH_UP h
1401354920775 6 4098 144.5 849.451 0.26666668 5.0 5.0 5.0 5.0 0.0 0.22000001 0 TOUCH_DOWN e
1401354920789 6 4098 144.5 849.451 0.26666668 5.0 5.0 5.0 5.0 0.0 0.224 2 TOUCH_MOVE e
1401354920823 6 4098 148.96262 847.951 0.3 6.0 6.0 6.0 6.0 0.0 0.23200001 2 TOUCH_MOVE e
1401354920840 6 4098 150.26447 847.951 0.26666668 5.0 5.0 5.0 5.0 0.0 0.23600002 2 TOUCH_MOVE e
1401354920858 6 4098 150.87074 847.951 0.26666668 5.0 5.0 5.0 5.0 0.0 0.23200001 2 TOUCH_MOVE e
1401354920872 6 4098 151.79544 847.451 0.26666668 5.0 5.0 5.0 5.0 0.0 0.23600002 2 TOUCH_MOVE e
1401354920888 6 4098 152.25 847.451 0.3 6.0 6.0 6.0 6.0 0.0 0.23600002 2 TOUCH_MOVE e
1401354920905 6 4098 151.21306 847.451 0.26666668 5.0 5.0 5.0 5.0 0.0 0.23200001 2 TOUCH_MOVE e
1401354920923 6 4098 149.48059 848.1306 0.26666668 5.0 5.0 5.0 5.0 0.0 0.224 2 TOUCH_MOVE e
1401354920935 6 4098 149.0 848.451 0.13333334 2.0 2.0 2.0 2.0 0.0 0.104 2 TOUCH_MOVE e
1401354920938 6 4098 149.0 848.451 0.13333334 2.0 2.0 2.0 2.0 0.0 0.104 1 TOUCH_UP e
1401354921061 6 4098 358.5 1218.4509 0.26666668 5.0 5.0 5.0 5.0 0.0 0.20400001 0 TOUCH_DOWN Space
1401354921072 6 4098 358.5 1218.4509 0.26666668 5.0 5.0 5.0 5.0 0.0 0.21200001 2 TOUCH_MOVE Space
1401354921105 6 4098 360.02274 1216.9282 0.26666668 5.0 5.0 5.0 5.0 0.0 0.22800002 2 TOUCH_MOVE Space
1401354921123 6 4098 361.03763 1215.9133 0.26666668 5.0 5.0 5.0 5.0 0.0 0.224 2 TOUCH_MOVE Space
1401354921138 6 4098 361.51776 1214.9332 0.26666668 5.0 5.0 5.0 5.0 0.0 0.224 2 TOUCH_MOVE Space
1401354921157 6 4098 361.5 1214.2009 0.3 6.0 6.0 6.0 6.0 0.0 0.22800002 2 TOUCH_MOVE Space
1401354921205 6 4098 360.98456 1214.4509 0.26666668 5.0 5.0 5.0 5.0 0.0 0.216 2 TOUCH_MOVE Space
1401354921222 6 4098 359.87186 1214.4509 0.23333335 4.0 4.0 4.0 4.0 0.0 0.208 2 TOUCH_MOVE Space
1401354921247 6 4098 359.87186 1214.4509 0.23333335 4.0 4.0 4.0 4.0 0.0 0.208 1 TOUCH_UP Space
1401354921350 6 4098 99.0 837.451 0.3 5.0 5.0 5.0 5.0 0.0 0.21200001 0 TOUCH_DOWN w
1401354921389 6 4098 101.367615 837.1618 0.3 5.0 5.0 5.0 5.0 0.0 0.224 2 TOUCH_MOVE w
1401354921405 6 4098 103.90435 836.951 0.3 5.0 5.0 5.0 5.0 0.0 0.22800002 2 TOUCH_MOVE w
1401354921422 6 4098 106.64248 836.951 0.3 5.0 5.0 5.0 5.0 0.0 0.22800002 2 TOUCH_MOVE w
1401354921439 6 4098 107.75 836.951 0.3 5.0 5.0 5.0 5.0 0.0 0.23200001 2 TOUCH_MOVE w
1401354921456 6 4098 108.24115 836.951 0.3 5.0 5.0 5.0 5.0 0.0 0.23200001 2 TOUCH_MOVE w
1401354921473 6 4098 109.25 836.951 0.3 5.0 5.0 5.0 5.0 0.0 0.23200001 2 TOUCH_MOVE w
1401354921522 6 4098 108.09037 836.951 0.3 5.0 5.0 5.0 5.0 0.0 0.22800002 2 TOUCH_MOVE w
1401354921545 6 4098 105.5 837.451 0.23333335 4.0 4.0 4.0 4.0 0.0 0.18400002 2 TOUCH_MOVE w
1401354921549 6 4098 105.5 837.451 0.23333335 4.0 4.0 4.0 4.0 0.0 0.18400002 1 TOUCH_UP w
1401354921683 6 4098 638.0 851.951 0.23333335 5.0 5.0 5.0 5.0 0.0 0.21200001 0 TOUCH_DOWN o
1401354921689 6 4098 638.0 851.951 0.3 6.0 6.0 6.0 6.0 0.0 0.216 2 TOUCH_MOVE o
1401354921722 6 4098 638.0 850.84576 0.26666668 5.0 5.0 5.0 5.0 0.0 0.224 2 TOUCH_MOVE o
1401354921739 6 4098 638.0 849.87054 0.3 6.0 6.0 6.0 6.0 0.0 0.224 2 TOUCH_MOVE o
1401354921756 6 4098 636.86865 848.81964 0.26666668 5.0 5.0 5.0 5.0 0.0 0.224 2 TOUCH_MOVE o
1401354921773 6 4098 636.25 848.951 0.26666668 5.0 5.0 5.0 5.0 0.0 0.22000001 2 TOUCH_MOVE o
1401354921809 6 4098 635.8783 848.951 0.26666668 5.0 5.0 5.0 5.0 0.0 0.22000001 2 TOUCH_MOVE o
1401354921838 6 4098 635.5 849.451 0.20000002 4.0 4.0 4.0 4.0 0.0 0.17600001 2 TOUCH_MOVE o
1401354921843 6 4098 635.5 849.451 0.20000002 4.0 4.0 4.0 4.0 0.0 0.17600001 1 TOUCH_UP o
1401354922013 6 4098 241.0 857.951 0.23333335 4.0 4.0 4.0 4.0 0.0 0.224 0 TOUCH_DOWN r
1401354922023 6 4098 241.0 857.951 0.3 6.0 6.0 6.0 6.0 0.0 0.22800002 2 TOUCH_MOVE r
1401354922056 6 4098 241.5 857.0521 0.3 6.0 6.0 6.0 6.0 0.0 0.23600002 2 TOUCH_MOVE r
1401354922075 6 4098 241.926 856.02496 0.26666668 5.0 5.0 5.0 5.0 0.0 0.24000001 2 TOUCH_MOVE r
1401354922090 6 4098 242.75 855.951 0.3 6.0 6.0 6.0 6.0 0.0 0.24000001 2 TOUCH_MOVE r
1401354922106 6 4098 242.5 855.2243 0.26666668 5.0 5.0 5.0 5.0 0.0 0.24000001 2 TOUCH_MOVE r
1401354922139 6 4098 241.87761 855.451 0.26666668 5.0 5.0 5.0 5.0 0.0 0.23600002 2 TOUCH_MOVE r
1401354922156 6 4098 241.4968 855.451 0.3 6.0 6.0 6.0 6.0 0.0 0.22800002 2 TOUCH_MOVE r
1401354922173 6 4098 241.5 855.451 0.16666667 3.0 3.0 3.0 3.0 0.0 0.1 2 TOUCH_MOVE r
1401354922177 6 4098 241.5 855.451 0.16666667 3.0 3.0 3.0 3.0 0.0 0.1 1 TOUCH_UP r
1401354922427 6 4098 654.5 1004.951 0.3 5.0 5.0 5.0 5.0 0.0 0.20400001 0 TOUCH_DOWN l
1401354922441 6 4098 654.5 1004.951 0.3 5.0 5.0 5.0 5.0 0.0 0.21200001 2 TOUCH_MOVE l
1401354922457 6 4098 655.29736 1004.1536 0.33333334 5.0 5.0 5.0 5.0 0.0 0.216 2 TOUCH_MOVE l
1401354922474 6 4098 655.5 1002.63586 0.33333334 5.0 5.0 5.0 5.0 0.0 0.216 2 TOUCH_MOVE l
1401354922491 6 4098 655.5 1001.6198 0.36666667 6.0 6.0 6.0 6.0 0.0 0.22000001 2 TOUCH_MOVE l
1401354922506 6 4098 655.5 1000.701 0.33333334 5.0 5.0 5.0 5.0 0.0 0.22000001 2 TOUCH_MOVE l
1401354922590 6 4098 654.9584 1000.951 0.33333334 5.0 5.0 5.0 5.0 0.0 0.216 2 TOUCH_MOVE l
1401354922610 6 4098 655.0 1000.951 0.23333335 4.0 4.0 4.0 4.0 0.0 0.18 2 TOUCH_MOVE l
1401354922614 6 4098 655.0 1000.951 0.23333335 4.0 4.0 4.0 4.0 0.0 0.18 1 TOUCH_UP l
1401354923211 6 4098 255.0 974.951 0.23333335 4.0 4.0 4.0 4.0 0.0 0.216 0 TOUCH_DOWN f
1401354923224 6 4098 255.0 974.951 0.26666668 5.0 5.0 5.0 5.0 0.0 0.22000001 2 TOUCH_MOVE f
1401354923260 6 4098 254.48953 974.951 0.26666668 5.0 5.0 5.0 5.0 0.0 0.224 2 TOUCH_MOVE f
1401354923275 6 4098 254.5 974.41644 0.26666668 5.0 5.0 5.0 5.0 0.0 0.224 2 TOUCH_MOVE f
1401354923291 6 4098 253.95598 974.451 0.26666668 5.0 5.0 5.0 5.0 0.0 0.22800002 2 TOUCH_MOVE f
1401354923342 6 4098 253.5 974.451 0.26666668 5.0 5.0 5.0 5.0 0.0 0.208 2 TOUCH_MOVE f
1401354923349 6 4098 253.5 974.451 0.13333334 2.0 2.0 2.0 2.0 0.0 0.172 2 TOUCH_MOVE f
1401354923353 6 4098 253.5 974.451 0.13333334 2.0 2.0 2.0 2.0 0.0 0.172 1 TOUCH_UP f
1401354923762 6 4098 669.5 1124.4509 0.3 5.0 5.0 5.0 5.0 0.0 0.20400001 0 TOUCH_DOWN Back
1401354923778 6 4098 669.5 1124.4509 0.3 5.0 5.0 5.0 5.0 0.0 0.208 2 TOUCH_MOVE Back
1401354923808 6 4098 668.87994 1124.4509 0.3 5.0 5.0 5.0 5.0 0.0 0.21200001 2 TOUCH_MOVE Back
1401354923835 6 4098 668.4045 1124.4509 0.3 5.0 5.0 5.0 5.0 0.0 0.216 2 TOUCH_MOVE Back
1401354923848 6 4098 667.39264 1124.4509 0.26666668 5.0 5.0 5.0 5.0 0.0 0.216 2 TOUCH_MOVE Back
1401354923893 6 4098 667.5 1124.9509 0.26666668 5.0 5.0 5.0 5.0 0.0 0.17600001 2 TOUCH_MOVE Back
1401354923896 6 4098 667.5 1124.9509 0.26666668 5.0 5.0 5.0 5.0 0.0 0.17600001 1 TOUCH_UP Back
1401354924202 6 4098 206.5 990.451 0.3 5.0 5.0 5.0 5.0 0.0 0.216 0 TOUCH_DOWN d
1401354924241 6 4098 207.98135 989.9603 0.3 5.0 5.0 5.0 5.0 0.0 0.224 2 TOUCH_MOVE d
1401354924258 6 4098 209.49469 989.451 0.3 5.0 5.0 5.0 5.0 0.0 0.224 2 TOUCH_MOVE d
1401354924275 6 4098 210.25 988.701 0.3 5.0 5.0 5.0 5.0 0.0 0.224 2 TOUCH_MOVE d
1401354924295 6 4098 210.5 987.9113 0.3 5.0 5.0 5.0 5.0 0.0 0.22800002 2 TOUCH_MOVE d
1401354924326 6 4098 209.96107 987.451 0.3 5.0 5.0 5.0 5.0 0.0 0.22800002 2 TOUCH_MOVE d
1401354924359 6 4098 209.0 987.451 0.3 5.0 5.0 5.0 5.0 0.0 0.192 2 TOUCH_MOVE d
1401354924364 6 4098 209.0 987.451 0.3 5.0 5.0 5.0 5.0 0.0 0.192 1 TOUCH_UP d
1401354924671 6 4098 434.5 1232.4509 0.20000002 4.0 4.0 4.0 4.0 0.0 0.2 0 TOUCH_DOWN ,
1401354924692 6 4098 434.5 1232.4509 0.26666668 5.0 5.0 5.0 5.0 0.0 0.20400001 2 TOUCH_MOVE ,
1401354924711 6 4098 435.43314 1231.5178 0.26666668 5.0 5.0 5.0 5.0 0.0 0.21200001 2 TOUCH_MOVE ,
1401354924725 6 4098 436.93405 1230.0168 0.26666668 5.0 5.0 5.0 5.0 0.0 0.21200001 2 TOUCH_MOVE ,
1401354924743 6 4098 437.96677 1228.9841 0.26666668 5.0 5.0 5.0 5.0 0.0 0.216 2 TOUCH_MOVE ,
1401354924758 6 4098 438.97937 1228.9509 0.26666668 5.0 5.0 5.0 5.0 0.0 0.216 2 TOUCH_MOVE ,
1401354924775 6 4098 439.25 1228.9509 0.26666668 5.0 5.0 5.0 5.0 0.0 0.216 2 TOUCH_MOVE ,
1401354924794 6 4098 439.0 1229.6132 0.23333335 5.0 5.0 5.0 5.0 0.0 0.2 2 TOUCH_MOVE ,
1401354924803 6 4098 439.0 1229.6132 0.23333335 5.0 5.0 5.0 5.0 0.0 0.2 1 TOUCH_UP ,
1401354924982 6 4098 362.5 1200.9509 0.26666668 5.0 5.0 5.0 5.0 0.0 0.208 0 TOUCH_DOWN Space
1401354925000 6 4098 362.5 1200.9509 0.26666668 5.0 5.0 5.0 5.0 0.0 0.21200001 2 TOUCH_MOVE Space
1401354925125 6 4098 362.0 1201.9509 0.23333335 4.0 4.0 4.0 4.0 0.0 0.20400001 2 TOUCH_MOVE Space
1401354925132 6 4098 362.0 1201.9509 0.13333334 2.0 2.0 2.0 2.0 0.0 0.14400001 2 TOUCH_MOVE Space
1401354925135 6 4098 362.0 1201.9509 0.13333334 2.0 2.0 2.0 2.0 0.0 0.14400001 1 TOUCH_UP Space
1401354925435 6 4098 93.5 853.451 0.23333335 5.0 5.0 5.0 5.0 0.0 0.20400001 0 TOUCH_DOWN w
1401354925443 6 4098 93.5 853.451 0.23333335 5.0 5.0 5.0 5.0 0.0 0.208 2 TOUCH_MOVE w
1401354925476 6 4098 96.48189 851.6297 0.26666668 5.0 5.0 5.0 5.0 0.0 0.22000001 2 TOUCH_MOVE w
1401354925495 6 4098 98.78017 850.17084 0.26666668 5.0 5.0 5.0 5.0 0.0 0.224 2 TOUCH_MOVE w
1401354925509 6 4098 100.235054 848.71594 0.26666668 5.0 5.0 5.0 5.0 0.0 0.224 2 TOUCH_MOVE w
1401354925526 6 4098 100.70478 848.451 0.26666668 5.0 5.0 5.0 5.0 0.0 0.224 2 TOUCH_MOVE w
1401354925543 6 4098 101.25 848.451 0.26666668 5.0 5.0 5.0 5.0 0.0 0.224 2 TOUCH_MOVE w
1401354925577 6 4098 99.76318 849.4422 0.20000002 4.0 4.0 4.0 4.0 0.0 0.208 2 TOUCH_MOVE w
1401354925583 6 4098 99.0 849.951 0.20000002 4.0 4.0 4.0 4.0 0.0 0.192 2 TOUCH_MOVE w
1401354925601 6 4098 99.0 849.951 0.20000002 4.0 4.0 4.0 4.0 0.0 0.192 1 TOUCH_UP w
1401354925767 6 4098 185.5 860.451 0.3 6.0 6.0 6.0 6.0 0.0 0.224 0 TOUCH_DOWN e
1401354925776 6 4098 185.5 860.451 0.26666668 5.0 5.0 5.0 5.0 0.0 0.22800002 2 TOUCH_MOVE e
1401354925826 6 4098 185.5 859.8537 0.3 6.0 6.0 6.0 6.0 0.0 0.23200001 2 TOUCH_MOVE e
1401354925846 6 4098 184.83739 859.951 0.3 6.0 6.0 6.0 6.0 0.0 0.23200001 2 TOUCH_MOVE e
1401354925893 6 4098 185.0 859.951 0.16666667 3.0 3.0 3.0 3.0 0.0 0.104 2 TOUCH_MOVE e
1401354925898 6 4098 185.0 859.951 0.16666667 3.0 3.0 3.0 3.0 0.0 0.104 1 TOUCH_UP e
1401354925984 6 4098 347.0 1220.9509 0.23333335 4.0 4.0 4.0 4.0 0.0 0.2 0 TOUCH_DOWN Space
1401354925993 6 4098 347.0 1220.9509 0.26666668 5.0 5.0 5.0 5.0 0.0 0.20400001 2 TOUCH_MOVE Space
1401354926026 6 4098 347.54184 1220.9509 0.26666668 5.0 5.0 5.0 5.0 0.0 0.216 2 TOUCH_MOVE Space
1401354926044 6 4098 348.7199 1220.9509 0.26666668 5.0 5.0 5.0 5.0 0.0 0.216 2 TOUCH_MOVE Space
1401354926060 6 4098 349.75 1220.9509 0.26666668 5.0 5.0 5.0 5.0 0.0 0.22000001 2 TOUCH_MOVE Space
1401354926143 6 4098 349.5 1220.9509 0.23333335 4.0 4.0 4.0 4.0 0.0 0.18800001 2 TOUCH_MOVE Space
1401354926149 6 4098 349.5 1220.9509 0.20000002 3.0 3.0 3.0 3.0 0.0 0.156 2 TOUCH_MOVE Space
1401354926158 6 4098 349.5 1220.9509 0.20000002 3.0 3.0 3.0 3.0 0.0 0.156 1 TOUCH_UP Space
1401354926332 6 4098 34.5 970.451 0.13333334 2.0 2.0 2.0 2.0 0.0 0.18400002 0 TOUCH_DOWN a
1401354926346 6 4098 34.5 970.451 0.16666667 3.0 3.0 3.0 3.0 0.0 0.18400002 2 TOUCH_MOVE a
1401354926368 6 4098 36.477646 970.451 0.16666667 3.0 3.0 3.0 3.0 0.0 0.18800001 2 TOUCH_MOVE a
1401354926377 6 4098 38.507973 970.451 0.16666667 3.0 3.0 3.0 3.0 0.0 0.192 2 TOUCH_MOVE a
1401354926394 6 4098 40.020634 970.451 0.16666667 3.0 3.0 3.0 3.0 0.0 0.192 2 TOUCH_MOVE a
1401354926421 6 4098 41.04357 970.451 0.16666667 3.0 3.0 3.0 3.0 0.0 0.192 2 TOUCH_MOVE a
1401354926477 6 4098 39.86746 970.451 0.16666667 3.0 3.0 3.0 3.0 0.0 0.192 2 TOUCH_MOVE a
1401354926494 6 4098 38.25771 970.451 0.16666667 3.0 3.0 3.0 3.0 0.0 0.18400002 2 TOUCH_MOVE a
1401354926502 6 4098 36.5 970.951 0.16666667 3.0 3.0 3.0 3.0 0.0 0.18 2 TOUCH_MOVE a
1401354926506 6 4098 36.5 970.951 0.16666667 3.0 3.0 3.0 3.0 0.0 0.18 1 TOUCH_UP a
1401354926783 6 4098 244.0 868.951 0.26666668 5.0 5.0 5.0 5.0 0.0 0.216 0 TOUCH_DOWN r
1401354926794 6 4098 244.0 868.951 0.26666668 5.0 5.0 5.0 5.0 0.0 0.224 2 TOUCH_MOVE r
1401354926827 6 4098 243.5 868.0234 0.26666668 5.0 5.0 5.0 5.0 0.0 0.23200001 2 TOUCH_MOVE r
1401354926846 6 4098 243.05339 867.0044 0.3 6.0 6.0 6.0 6.0 0.0 0.23200001 2 TOUCH_MOVE r
1401354926861 6 4098 242.5384 865.9894 0.26666668 5.0 5.0 5.0 5.0 0.0 0.23600002 2 TOUCH_MOVE r
1401354926877 6 4098 242.5 865.4708 0.3 6.0 6.0 6.0 6.0 0.0 0.23200001 2 TOUCH_MOVE r
1401354926894 6 4098 241.50528 865.451 0.26666668 5.0 5.0 5.0 5.0 0.0 0.23200001 2 TOUCH_MOVE r
1401354926911 6 4098 240.75 865.451 0.26666668 5.0 5.0 5.0 5.0 0.0 0.23200001 2 TOUCH_MOVE r
1401354926927 6 4098 239.99788 865.451 0.26666668 5.0 5.0 5.0 5.0 0.0 0.22800002 2 TOUCH_MOVE r
1401354926950 6 4098 239.0 865.451 0.26666668 5.0 5.0 5.0 5.0 0.0 0.18400002 2 TOUCH_MOVE r
1401354926953 6 4098 239.0 865.451 0.26666668 5.0 5.0 5.0 5.0 0.0 0.18400002 1 TOUCH_UP r
1401354927209 6 4098 163.0 825.451 0.33333334 5.0 5.0 5.0 5.0 0.0 0.224 0 TOUCH_DOWN e
1401354927228 6 4098 163.0 825.451 0.33333334 5.0 5.0 5.0 5.0 0.0 0.22800002 2 TOUCH_MOVE e
1401354927261 6 4098 164.80621 825.451 0.36666667 6.0 6.0 6.0 6.0 0.0 0.23600002 2 TOUCH_MOVE e
1401354927279 6 4098 165.75 825.451 0.36666667 6.0 6.0 6.0 6.0 0.0 0.23600002 2 TOUCH_MOVE e
1401354927299 6 4098 166.18672 825.451 0.33333334 5.0 5.0 5.0 5.0 0.0 0.23600002 2 TOUCH_MOVE e
1401354927347 6 4098 163.75095 826.7837 0.33333334 5.0 5.0 5.0 5.0 0.0 0.22000001 2 TOUCH_MOVE e
1401354927352 6 4098 163.5 826.951 0.33333334 5.0 5.0 5.0 5.0 0.0 0.2 2 TOUCH_MOVE e
1401354927356 6 4098 163.5 826.951 0.33333334 5.0 5.0 5.0 5.0 0.0 0.2 1 TOUCH_UP e
1401354927403 6 4098 363.5 1205.4509 0.26666668 5.0 5.0 5.0 5.0 0.0 0.208 0 TOUCH_DOWN Space
1401354927428 6 4098 363.5 1205.4509 0.23333335 4.0 4.0 4.0 4.0 0.0 0.21200001 2 TOUCH_MOVE Space
1401354927461 6 4098 364.0041 1205.4509 0.26666668 5.0 5.0 5.0 5.0 0.0 0.22000001 2 TOUCH_MOVE Space
1401354927478 6 4098 365.04477 1205.4509 0.26666668 5.0 5.0 5.0 5.0 0.0 0.224 2 TOUCH_MOVE Space
1401354927496 6 4098 366.09998 1205.4509 0.26666668 5.0 5.0 5.0 5.0 0.0 0.224 2 TOUCH_MOVE Space
1401354927511 6 4098 367.07858 1205.4509 0.26666668 5.0 5.0 5.0 5.0 0.0 0.224 2 TOUCH_MOVE Space
1401354927531 6 4098 367.75 1205.4509 0.3 6.0 6.0 6.0 6.0 0.0 0.224 2 TOUCH_MOVE Space
1401354927601 6 4098 367.75 1205.4509 0.3 6.0 6.0 6.0 6.0 0.0 0.224 1 TOUCH_UP Space
1401354927755 6 4098 332.0 857.451 0.23333335 5.0 5.0 5.0 5.0 0.0 0.216 0 TOUCH_DOWN t
1401354927785 6 4098 332.39206 857.451 0.23333335 5.0 5.0 5.0 5.0 0.0 0.224 2 TOUCH_MOVE t
1401354927795 6 4098 332.73035 857.451 0.26666668 5.0 5.0 5.0 5.0 0.0 0.23600002 2 TOUCH_MOVE t
1401354927823 6 4098 333.12335 857.451 0.26666668 4.0 4.0 4.0 4.0 0.0 0.24400002 2 TOUCH_MOVE t
1401354927895 6 4098 331.59235 857.451 0.33333334 6.0 6.0 6.0 6.0 0.0 0.24800001 2 TOUCH_MOVE t
1401354927911 6 4098 328.686 857.9045 0.3 5.0 5.0 5.0 5.0 0.0 0.24000001 2 TOUCH_MOVE t
1401354927923 6 4098 328.5 857.951 0.23333335 4.0 4.0 4.0 4.0 0.0 0.19600001 2 TOUCH_MOVE t
1401354927927 6 4098 328.5 857.951 0.23333335 4.0 4.0 4.0 4.0 0.0 0.19600001 1 TOUCH_UP t
1401354928058 6 4098 434.0 976.951 0.26666668 5.0 5.0 5.0 5.0 0.0 0.22000001 0 TOUCH_DOWN h
1401354928128 6 4098 434.5529 977.5039 0.3 6.0 6.0 6.0 6.0 0.0 0.22800002 2 TOUCH_MOVE h
1401354928145 6 4098 435.25 978.201 0.3 6.0 6.0 6.0 6.0 0.0 0.22800002 2 TOUCH_MOVE h
1401354928213 6 4098 435.0 977.951 0.26666668 5.0 5.0 5.0 5.0 0.0 0.20400001 2 TOUCH_MOVE h
1401354928218 6 4098 435.0 977.951 0.23333335 4.0 4.0 4.0 4.0 0.0 0.18 2 TOUCH_MOVE h
1401354928222 6 4098 435.0 977.951 0.23333335 4.0 4.0 4.0 4.0 0.0 0.18 1 TOUCH_UP h
1401354928344 6 4098 165.0 859.451 0.23333335 5.0 5.0 5.0 5.0 0.0 0.216 0 TOUCH_DOWN e
1401354928376 6 4098 165.86703 859.451 0.26666668 5.0 5.0 5.0 5.0 0.0 0.22800002 2 TOUCH_MOVE e
1401354928394 6 4098 167.788 858.557 0.26666668 5.0 5.0 5.0 5.0 0.0 0.23200001 2 TOUCH_MOVE e
1401354928415 6 4098 170.45636 857.451 0.26666668 5.0 5.0 5.0 5.0 0.0 0.23200001 2 TOUCH_MOVE e
1401354928428 6 4098 170.75 857.451 0.26666668 5.0 5.0 5.0 5.0 0.0 0.23200001 2 TOUCH_MOVE e
1401354928463 6 4098 169.5 857.451 0.26666668 5.0 5.0 5.0 5.0 0.0 0.22000001 2 TOUCH_MOVE e
1401354928465 6 4098 169.5 857.451 0.20000002 4.0 4.0 4.0 4.0 0.0 0.192 2 TOUCH_MOVE e
1401354928468 6 4098 169.5 857.451 0.20000002 4.0 4.0 4.0 4.0 0.0 0.192 1 TOUCH_UP e
1401354928556 6 4098 348.0 1238.9509 0.20000002 4.0 4.0 4.0 4.0 0.0 0.192 0 TOUCH_DOWN Space
1401354928562 6 4098 348.0 1238.9509 0.20000002 4.0 4.0 4.0 4.0 0.0 0.2 2 TOUCH_MOVE Space
1401354928579 6 4098 348.0 1237.8691 0.26666668 5.0 5.0 5.0 5.0 0.0 0.208 2 TOUCH_MOVE Space
1401354928601 6 4098 349.75214 1234.5728 0.26666668 5.0 5.0 5.0 5.0 0.0 0.21200001 2 TOUCH_MOVE Space
1401354928612 6 4098 351.77676 1231.5358 0.26666668 5.0 5.0 5.0 5.0 0.0 0.216 2 TOUCH_MOVE Space
1401354928629 6 4098 352.65536 1230.2955 0.26666668 5.0 5.0 5.0 5.0 0.0 0.216 2 TOUCH_MOVE Space
1401354928648 6 4098 353.65088 1229.3 0.26666668 5.0 5.0 5.0 5.0 0.0 0.216 2 TOUCH_MOVE Space
1401354928663 6 4098 354.07565 1229.4509 0.26666668 5.0 5.0 5.0 5.0 0.0 0.21200001 2 TOUCH_MOVE Space
1401354928679 6 4098 355.17194 1229.4509 0.26666668 5.0 5.0 5.0 5.0 0.0 0.21200001 2 TOUCH_MOVE Space
1401354928698 6 4098 356.1929 1229.4509 0.23333335 4.0 4.0 4.0 4.0 0.0 0.20400001 2 TOUCH_MOVE Space
1401354928704 6 4098 358.0 1228.4509 0.23333335 4.0 4.0 4.0 4.0 0.0 0.18400002 2 TOUCH_MOVE Space
1401354928708 6 4098 358.0 1228.4509 0.23333335 4.0 4.0 4.0 4.0 0.0 0.18400002 1 TOUCH_UP Space
1401354929156 6 4098 292.5 1127.4509 0.3 5.0 5.0 5.0 5.0 0.0 0.216 0 TOUCH_DOWN c
1401354929163 6 4098 292.5 1127.4509 0.26666668 4.0 4.0 4.0 4.0 0.0 0.22000001 2 TOUCH_MOVE c
1401354929182 6 4098 291.36005 1126.5311 0.3 5.0 5.0 5.0 5.0 0.0 0.22800002 2 TOUCH_MOVE c
1401354929196 6 4098 289.6759 1122.8027 0.33333334 5.0 5.0 5.0 5.0 0.0 0.23200001 2 TOUCH_MOVE c
1401354929213 6 4098 290.0 1119.907 0.33333334 5.0 5.0 5.0 5.0 0.0 0.23200001 2 TOUCH_MOVE c
1401354929230 6 4098 290.5 1118.7584 0.36666667 6.0 6.0 6.0 6.0 0.0 0.23200001 2 TOUCH_MOVE c
1401354929246 6 4098 290.5 1118.2009 0.33333334 5.0 5.0 5.0 5.0 0.0 0.23200001 2 TOUCH_MOVE c
1401354929281 6 4098 291.11807 1118.4509 0.3 5.0 5.0 5.0 5.0 0.0 0.22800002 2 TOUCH_MOVE c
1401354929311 6 4098 291.0 1118.4509 0.3 5.0 5.0 5.0 5.0 0.0 0.19600001 2 TOUCH_MOVE c
1401354929315 6 4098 291.0 1118.4509 0.3 5.0 5.0 5.0 5.0 0.0 0.19600001 1 TOUCH_UP c
1401354929452 6 4098 437.5 980.451 0.23333335 4.0 4.0 4.0 4.0 0.0 0.208 0 TOUCH_DOWN h
1401354929463 6 4098 437.5 980.451 0.26666668 5.0 5.0 5.0 5.0 0.0 0.21200001 2 TOUCH_MOVE h
1401354929530 6 4098 438.75 981.701 0.26666668 5.0 5.0 5.0 5.0 0.0 0.22000001 2 TOUCH_MOVE h
1401354929553 6 4098 439.0 982.3248 0.26666668 5.0 5.0 5.0 5.0 0.0 0.22000001 2 TOUCH_MOVE h
1401354929563 6 4098 439.0 982.701 0.26666668 5.0 5.0 5.0 5.0 0.0 0.22000001 2 TOUCH_MOVE h
1401354929584 6 4098 439.0 982.701 0.26666668 5.0 5.0 5.0 5.0 0.0 0.22000001 1 TOUCH_UP h
1401354929712 6 4098 547.0 850.451 0.23333335 4.0 4.0 4.0 4.0 0.0 0.216 0 TOUCH_DOWN i
1401354929730 6 4098 547.0 850.451 0.26666668 5.0 5.0 5.0 5.0 0.0 0.216 2 TOUCH_MOVE i
1401354929830 6 4098 547.0 851.451 0.23333335 5.0 5.0 5.0 5.0 0.0 0.2 2 TOUCH_MOVE i
1401354929836 6 4098 547.0 851.451 0.23333335 5.0 5.0 5.0 5.0 0.0 0.16000001 2 TOUCH_MOVE i
1401354929839 6 4098 547.0 851.451 0.23333335 5.0 5.0 5.0 5.0 0.0 0.16000001 1 TOUCH_UP i
1401354930154 6 4098 653.0 990.951 0.26666668 4.0 4.0 4.0 4.0 0.0 0.20400001 0 TOUCH_DOWN l
1401354930183 6 4098 652.3876 990.951 0.33333334 6.0 6.0 6.0 6.0 0.0 0.216 2 TOUCH_MOVE l
1401354930197 6 4098 649.76825 990.951 0.3 5.0 5.0 5.0 5.0 0.0 0.22000001 2 TOUCH_MOVE l
1401354930214 6 4098 649.43756 990.951 0.33333334 6.0 6.0 6.0 6.0 0.0 0.22000001 2 TOUCH_MOVE l
1401354930230 6 4098 648.75 990.951 0.3 5.0 5.0 5.0 5.0 0.0 0.216 2 TOUCH_MOVE l
1401354930248 6 4098 648.4468 990.951 0.3 5.0 5.0 5.0 5.0 0.0 0.21200001 2 TOUCH_MOVE l
1401354930278 6 4098 648.4468 990.951 0.3 5.0 5.0 5.0 5.0 0.0 0.21200001 1 TOUCH_UP l
1401354930628 6 4098 240.0 982.951 0.26666668 4.0 4.0 4.0 4.0 0.0 0.208 0 TOUCH_DOWN d
1401354930633 6 4098 240.0 982.951 0.26666668 4.0 4.0 4.0 4.0 0.0 0.216 2 TOUCH_MOVE d
1401354930681 6 4098 239.48944 982.951 0.26666668 5.0 5.0 5.0 5.0 0.0 0.22800002 2 TOUCH_MOVE d
1401354930697 6 4098 238.97453 982.951 0.26666668 5.0 5.0 5.0 5.0 0.0 0.22800002 2 TOUCH_MOVE d
1401354930724 6 4098 238.20322 982.951 0.26666668 5.0 5.0 5.0 5.0 0.0 0.22800002 2 TOUCH_MOVE d
1401354930732 6 4098 237.75316 982.951 0.26666668 5.0 5.0 5.0 5.0 0.0 0.23200001 2 TOUCH_MOVE d
1401354930747 6 4098 236.87141 982.951 0.26666668 5.0 5.0 5.0 5.0 0.0 0.23200001 2 TOUCH_MOVE d
1401354930764 6 4098 236.4284 982.951 0.3 5.0 5.0 5.0 5.0 0.0 0.22800002 2 TOUCH_MOVE d
1401354930781 6 4098 235.92404 983.5269 0.3 5.0 5.0 5.0 5.0 0.0 0.22000001 2 TOUCH_MOVE d
1401354930790 6 4098 235.5 983.951 0.26666668 4.0 4.0 4.0 4.0 0.0 0.20400001 2 TOUCH_MOVE d
1401354930798 6 4098 235.5 983.951 0.26666668 4.0 4.0 4.0 4.0 0.0 0.20400001 1 TOUCH_UP d
1401354931028 6 4098 260.5 862.451 0.26666668 5.0 5.0 5.0 5.0 0.0 0.224 0 TOUCH_DOWN r
1401354931054 6 4098 260.0451 862.451 0.26666668 5.0 5.0 5.0 5.0 0.0 0.22800002 2 TOUCH_MOVE r
1401354931070 6 4098 259.07355 862.451 0.26666668 5.0 5.0 5.0 5.0 0.0 0.23600002 2 TOUCH_MOVE r
1401354931081 6 4098 258.0571 862.451 0.26666668 5.0 5.0 5.0 5.0 0.0 0.23600002 2 TOUCH_MOVE r
1401354931101 6 4098 257.53696 862.451 0.26666668 5.0 5.0 5.0 5.0 0.0 0.24000001 2 TOUCH_MOVE r
1401354931114 6 4098 256.75 862.451 0.26666668 5.0 5.0 5.0 5.0 0.0 0.24000001 2 TOUCH_MOVE r
1401354931150 6 4098 256.16232 863.2887 0.26666668 5.0 5.0 5.0 5.0 0.0 0.23600002 2 TOUCH_MOVE r
1401354931164 6 4098 250.7915 865.5292 0.23333335 4.0 4.0 4.0 4.0 0.0 0.192 2 TOUCH_MOVE r
1401354931169 6 4098 250.7915 865.5292 0.23333335 4.0 4.0 4.0 4.0 0.0 0.192 1 TOUCH_UP r
1401354931364 6 4098 156.5 858.951 0.23333335 5.0 5.0 5.0 5.0 0.0 0.21200001 0 TOUCH_DOWN e
1401354931381 6 4098 156.5 858.951 0.23333335 5.0 5.0 5.0 5.0 0.0 0.216 2 TOUCH_MOVE e
1401354931416 6 4098 158.26144 858.451 0.23333335 5.0 5.0 5.0 5.0 0.0 0.22000001 2 TOUCH_MOVE e
1401354931431 6 4098 159.25938 858.451 0.23333335 5.0 5.0 5.0 5.0 0.0 0.22000001 2 TOUCH_MOVE e
1401354931452 6 4098 159.91913 858.451 0.23333335 5.0 5.0 5.0 5.0 0.0 0.22000001 2 TOUCH_MOVE e
1401354931465 6 4098 160.24138 858.451 0.20000002 4.0 4.0 4.0 4.0 0.0 0.22000001 2 TOUCH_MOVE e
1401354931517 6 4098 159.5 858.451 0.23333335 5.0 5.0 5.0 5.0 0.0 0.20400001 2 TOUCH_MOVE e
1401354931520 6 4098 159.5 858.451 0.20000002 4.0 4.0 4.0 4.0 0.0 0.18 2 TOUCH_MOVE e
1401354931524 6 4098 159.5 858.451 0.20000002 4.0 4.0 4.0 4.0 0.0 0.18 1 TOUCH_UP e
1401354931686 6 4098 507.0 1104.9509 0.26666668 4.0 4.0 4.0 4.0 0.0 0.20400001 0 TOUCH_DOWN n
1401354931698 6 4098 507.0 1104.9509 0.3 5.0 5.0 5.0 5.0 0.0 0.208 2 TOUCH_MOVE n
1401354931717 6 4098 507.74408 1104.9509 0.3 5.0 5.0 5.0 5.0 0.0 0.21200001 2 TOUCH_MOVE n
1401354931732 6 4098 509.05612 1104.9509 0.3 5.0 5.0 5.0 5.0 0.0 0.21200001 2 TOUCH_MOVE n
1401354931748 6 4098 510.48615 1104.9509 0.3 5.0 5.0 5.0 5.0 0.0 0.21200001 2 TOUCH_MOVE n
1401354931766 6 4098 511.58337 1104.9509 0.33333334 6.0 6.0 6.0 6.0 0.0 0.216 2 TOUCH_MOVE n
1401354931782 6 4098 512.05347 1105.5044 0.33333334 5.0 5.0 5.0 5.0 0.0 0.216 2 TOUCH_MOVE n
1401354931802 6 4098 512.0 1106.8103 0.33333334 5.0 5.0 5.0 5.0 0.0 0.208 2 TOUCH_MOVE n
1401354931807 6 4098 512.0 1106.9509 0.16666667 3.0 3.0 3.0 3.0 0.0 0.108 2 TOUCH_MOVE n
1401354931810 6 4098 512.0 1106.9509 0.16666667 3.0 3.0 3.0 3.0 0.0 0.108 1 TOUCH_UP n
1401354932259 6 4098 693.5 1211.4509 0.20000002 3.0 3.0 3.0 3.0 0.0 0.19600001 0 TOUCH_DOWN Enter
1401354932265 6 4098 693.5 1211.4509 0.23333335 4.0 4.0 4.0 4.0 0.0 0.2 2 TOUCH_MOVE Enter
1401354932285 6 4098 692.93427 1211.4509 0.23333335 4.0 4.0 4.0 4.0 0.0 0.20400001 2 TOUCH_MOVE Enter
1401354932301 6 4098 691.40344 1211.4509 0.23333335 4.0 4.0 4.0 4.0 0.0 0.208 2 TOUCH_MOVE Enter
1401354932315 6 4098 688.66907 1211.4509 0.26666668 5.0 5.0 5.0 5.0 0.0 0.208 2 TOUCH_MOVE Enter
1401354932332 6 4098 687.8733 1211.4509 0.26666668 5.0 5.0 5.0 5.0 0.0 0.208 2 TOUCH_MOVE Enter
1401354932350 6 4098 687.0759 1211.4509 0.23333335 4.0 4.0 4.0 4.0 0.0 0.208 2 TOUCH_MOVE Enter
1401354932366 6 4098 686.25 1211.4509 0.26666668 5.0 5.0 5.0 5.0 0.0 0.208 2 TOUCH_MOVE Enter
1401354932383 6 4098 685.5 1212.4509 0.23333335 4.0 4.0 4.0 4.0 0.0 0.19600001 2 TOUCH_MOVE Enter
1401354932391 6 4098 685.5 1212.4509 0.20000002 3.0 3.0 3.0 3.0 0.0 0.104 2 TOUCH_MOVE Enter
1401354932396 6 4098 685.5 1212.4509 0.20000002 3.0 3.0 3.0 3.0 0.0 0.104 1 TOUCH_UP Enter
1401354932868 6 4098 94.5 862.951 0.26666668 5.0 5.0 5.0 5.0 0.0 0.208 0 TOUCH_DOWN W
1401354932876 6 4098 94.70963 862.951 0.26666668 5.0 5.0 5.0 5.0 0.0 0.21200001 2 TOUCH_MOVE W
1401354932895 6 4098 95.43035 862.951 0.26666668 5.0 5.0 5.0 5.0 0.0 0.22000001 2 TOUCH_MOVE W
1401354932901 6 4098 97.78584 862.951 0.26666668 5.0 5.0 5.0 5.0 0.0 0.22000001 2 TOUCH_MOVE W
1401354932916 6 4098 100.532814 862.951 0.26666668 5.0 5.0 5.0 5.0 0.0 0.22000001 2 TOUCH_MOVE W
1401354932933 6 4098 101.18644 862.951 0.26666668 5.0 5.0 5.0 5.0 0.0 0.22000001 2 TOUCH_MOVE W
1401354932950 6 4098 101.75 862.951 0.26666668 5.0 5.0 5.0 5.0 0.0 0.22000001 2 TOUCH_MOVE W
1401354933002 6 4098 100.96247 862.951 0.26666668 5.0 5.0 5.0 5.0 0.0 0.21200001 2 TOUCH_MOVE W
1401354933015 6 4098 99.5 862.951 0.23333335 4.0 4.0 4.0 4.0 0.0 0.18400002 2 TOUCH_MOVE W
1401354933018 6 4098 99.5 862.951 0.23333335 4.0 4.0 4.0 4.0 0.0 0.18400002 1 TOUCH_UP W
1401354933221 6 4098 175.0 871.451 0.26666668 5.0 5.0 5.0 5.0 0.0 0.22000001 0 TOUCH_DOWN e
1401354933233 6 4098 175.0 871.451 0.3 6.0 6.0 6.0 6.0 0.0 0.224 2 TOUCH_MOVE e
1401354933267 6 4098 175.60829 870.8427 0.26666668 5.0 5.0 5.0 5.0 0.0 0.22800002 2 TOUCH_MOVE e
1401354933283 6 4098 175.5 870.201 0.26666668 5.0 5.0 5.0 5.0 0.0 0.23200001 2 TOUCH_MOVE e
1401354933357 6 4098 173.5 870.951 0.3 5.0 5.0 5.0 5.0 0.0 0.21200001 2 TOUCH_MOVE e
1401354933359 6 4098 173.5 870.951 0.23333335 4.0 4.0 4.0 4.0 0.0 0.18 2 TOUCH_MOVE e
1401354933363 6 4098 173.5 870.951 0.23333335 4.0 4.0 4.0 4.0 0.0 0.18 1 TOUCH_UP e
1401354933460 6 4098 342.5 1231.9509 0.26666668 5.0 5.0 5.0 5.0 0.0 0.19600001 0 TOUCH_DOWN Space
1401354933467 6 4098 342.5 1231.9509 0.26666668 5.0 5.0 5.0 5.0 0.0 0.2 2 TOUCH_MOVE Space
1401354933486 6 4098 341.78775 1231.7386 0.26666668 5.0 5.0 5.0 5.0 0.0 0.208 2 TOUCH_MOVE Space
1401354933500 6 4098 341.0 1230.0319 0.26666668 5.0 5.0 5.0 5.0 0.0 0.21200001 2 TOUCH_MOVE Space
1401354933517 6 4098 341.0 1228.7496 0.26666668 5.0 5.0 5.0 5.0 0.0 0.21200001 2 TOUCH_MOVE Space
1401354933533 6 4098 341.0 1227.7076 0.26666668 5.0 5.0 5.0 5.0 0.0 0.21200001 2 TOUCH_MOVE Space
1401354933552 6 4098 341.31848 1226.6324 0.26666668 5.0 5.0 5.0 5.0 0.0 0.216 2 TOUCH_MOVE Space
1401354933567 6 4098 342.2847 1226.1663 0.26666668 5.0 5.0 5.0 5.0 0.0 0.216 2 TOUCH_MOVE Space
1401354933583 6 4098 342.75 1225.7009 0.26666668 5.0 5.0 5.0 5.0 0.0 0.216 2 TOUCH_MOVE Space
1401354933617 6 4098 342.16888 1227.1132 0.26666668 5.0 5.0 5.0 5.0 0.0 0.20400001 2 TOUCH_MOVE Space
1401354933631 6 4098 342.0 1228.4509 0.26666668 5.0 5.0 5.0 5.0 0.0 0.18 2 TOUCH_MOVE Space
1401354933635 6 4098 342.0 1228.4509 0.26666668 5.0 5.0 5.0 5.0 0.0 0.18 1 TOUCH_UP Space
1401354933742 6 4098 48.5 966.951 0.16666667 3.0 3.0 3.0 3.0 0.0 0.18800001 0 TOUCH_DOWN a
1401354933767 6 4098 48.5 966.951 0.16666667 3.0 3.0 3.0 3.0 0.0 0.19600001 2 TOUCH_MOVE a
1401354933784 6 4098 50.493095 966.951 0.16666667 3.0 3.0 3.0 3.0 0.0 0.2 2 TOUCH_MOVE a
1401354933800 6 4098 52.02292 966.4395 0.16666667 3.0 3.0 3.0 3.0 0.0 0.2 2 TOUCH_MOVE a
1401354933817 6 4098 53.5 965.701 0.16666667 3.0 3.0 3.0 3.0 0.0 0.2 2 TOUCH_MOVE a
1401354933834 6 4098 54.045246 965.951 0.16666667 3.0 3.0 3.0 3.0 0.0 0.2 2 TOUCH_MOVE a
1401354933908 6 4098 53.0 965.951 0.16666667 3.0 3.0 3.0 3.0 0.0 0.18 2 TOUCH_MOVE a
1401354933912 6 4098 53.0 965.951 0.16666667 3.0 3.0 3.0 3.0 0.0 0.18 1 TOUCH_UP a
1401354934258 6 4098 242.0 878.451 0.26666668 4.0 4.0 4.0 4.0 0.0 0.22000001 0 TOUCH_DOWN r
1401354934337 6 4098 242.0 878.451 0.3 5.0 5.0 5.0 5.0 0.0 0.23200001 2 TOUCH_MOVE r
1401354934351 6 4098 241.25 878.451 0.3 5.0 5.0 5.0 5.0 0.0 0.23200001 2 TOUCH_MOVE r
1401354934367 6 4098 240.47792 878.451 0.26666668 4.0 4.0 4.0 4.0 0.0 0.22000001 2 TOUCH_MOVE r
1401354934389 6 4098 237.5 877.951 0.20000002 3.0 3.0 3.0 3.0 0.0 0.108 2 TOUCH_MOVE r
1401354934394 6 4098 237.5 877.951 0.20000002 3.0 3.0 3.0 3.0 0.0 0.108 1 TOUCH_UP r
1401354934559 6 4098 162.5 855.451 0.23333335 5.0 5.0 5.0 5.0 0.0 0.208 0 TOUCH_DOWN e
1401354934602 6 4098 163.19376 855.3541 0.23333335 5.0 5.0 5.0 5.0 0.0 0.224 2 TOUCH_MOVE e
1401354934619 6 4098 164.77998 854.951 0.23333335 5.0 5.0 5.0 5.0 0.0 0.224 2 TOUCH_MOVE e
1401354934634 6 4098 165.75 854.951 0.3 6.0 6.0 6.0 6.0 0.0 0.224 2 TOUCH_MOVE e
1401354934652 6 4098 166.07802 854.951 0.26666668 5.0 5.0 5.0 5.0 0.0 0.22000001 2 TOUCH_MOVE e
1401354934703 6 4098 164.0 854.951 0.23333335 5.0 5.0 5.0 5.0 0.0 0.18800001 2 TOUCH_MOVE e
1401354934707 6 4098 164.0 854.951 0.23333335 5.0 5.0 5.0 5.0 0.0 0.18800001 1 TOUCH_UP e
1401354934867 6 4098 351.5 1227.4509 0.23333335 4.0 4.0 4.0 4.0 0.0 0.2 0 TOUCH_DOWN Space
1401354934886 6 4098 351.5 1227.4509 0.26666668 5.0 5.0 5.0 5.0 0.0 0.20400001 2 TOUCH_MOVE Space
1401354934920 6 4098 352.5638 1226.3871 0.26666668 5.0 5.0 5.0 5.0 0.0 0.216 2 TOUCH_MOVE Space
1401354934935 6 4098 354.65363 1225.3741 0.26666668 5.0 5.0 5.0 5.0 0.0 0.216 2 TOUCH_MOVE Space
1401354934952 6 4098 355.4896 1224.9509 0.26666668 5.0 5.0 5.0 5.0 0.0 0.216 2 TOUCH_MOVE Space
1401354934969 6 4098 356.25 1224.9509 0.26666668 5.0 5.0 5.0 5.0 0.0 0.22000001 2 TOUCH_MOVE Space
1401354934985 6 4098 356.74545 1224.9509 0.26666668 5.0 5.0 5.0 5.0 0.0 0.216 2 TOUCH_MOVE Space
1401354935003 6 4098 356.5 1225.4974 0.26666668 5.0 5.0 5.0 5.0 0.0 0.21200001 2 TOUCH_MOVE Space
1401354935020 6 4098 355.844 1226.763 0.23333335 4.0 4.0 4.0 4.0 0.0 0.20400001 2 TOUCH_MOVE Space
1401354935035 6 4098 354.13953 1229.4916 0.23333335 4.0 4.0 4.0 4.0 0.0 0.17600001 2 TOUCH_MOVE Space
1401354935039 6 4098 354.13953 1229.4916 0.23333335 4.0 4.0 4.0 4.0 0.0 0.17600001 1 TOUCH_UP Space
1401354935109 6 4098 313.5 862.451 0.26666668 5.0 5.0 5.0 5.0 0.0 0.22000001 0 TOUCH_DOWN t
1401354935253 6 4098 312.0 861.951 0.23333335 4.0 4.0 4.0 4.0 0.0 0.22000001 2 TOUCH_MOVE t
1401354935256 6 4098 312.0 861.951 0.23333335 5.0 5.0 5.0 5.0 0.0 0.192 2 TOUCH_MOVE t
1401354935261 6 4098 312.0 861.951 0.23333335 5.0 5.0 5.0 5.0 0.0 0.192 1 TOUCH_UP t
1401354935366 6 4098 433.0 972.451 0.23333335 5.0 5.0 5.0 5.0 0.0 0.21200001 0 TOUCH_DOWN h
1401354935414 6 4098 435.53033 971.94086 0.23333335 5.0 5.0 5.0 5.0 0.0 0.22000001 2 TOUCH_MOVE h
1401354935419 6 4098 437.50732 971.451 0.23333335 5.0 5.0 5.0 5.0 0.0 0.22000001 2 TOUCH_MOVE h
1401354935435 6 4098 438.55872 971.451 0.23333335 5.0 5.0 5.0 5.0 0.0 0.224 2 TOUCH_MOVE h
1401354935468 6 4098 439.22028 971.451 0.23333335 5.0 5.0 5.0 5.0 0.0 0.224 2 TOUCH_MOVE h
1401354935503 6 4098 438.49872 971.451 0.23333335 5.0 5.0 5.0 5.0 0.0 0.22000001 2 TOUCH_MOVE h
1401354935518 6 4098 437.4022 972.04877 0.20000002 4.0 4.0 4.0 4.0 0.0 0.208 2 TOUCH_MOVE h
1401354935538 6 4098 437.4022 972.04877 0.20000002 4.0 4.0 4.0 4.0 0.0 0.208 1 TOUCH_UP h
1401354935612 6 4098 158.5 855.951 0.23333335 5.0 5.0 5.0 5.0 0.0 0.216 0 TOUCH_DOWN e
1401354935655 6 4098 161.19218 855.951 0.3 6.0 6.0 6.0 6.0 0.0 0.22800002 2 TOUCH_MOVE e
1401354935669 6 4098 164.7727 855.451 0.26666668 5.0 5.0 5.0 5.0 0.0 0.22800002 2 TOUCH_MOVE e
1401354935686 6 4098 166.28552 854.951 0.26666668 5.0 5.0 5.0 5.0 0.0 0.22800002 2 TOUCH_MOVE e
1401354935702 6 4098 167.89082 854.951 0.26666668 5.0 5.0 5.0 5.0 0.0 0.224 2 TOUCH_MOVE e
1401354935735 6 4098 167.0 854.951 0.23333335 5.0 5.0 5.0 5.0 0.0 0.208 2 TOUCH_MOVE e
1401354935741 6 4098 167.0 854.951 0.23333335 5.0 5.0 5.0 5.0 0.0 0.18 2 TOUCH_MOVE e
1401354935747 6 4098 167.0 854.951 0.23333335 5.0 5.0 5.0 5.0 0.0 0.18 1 TOUCH_UP e
1401354935849 6 4098 347.0 1250.9509 0.16666667 4.0 4.0 4.0 4.0 0.0 0.18 0 TOUCH_DOWN Space
1401354935869 6 4098 347.0 1250.9509 0.16666667 4.0 4.0 4.0 4.0 0.0 0.18400002 2 TOUCH_MOVE Space
1401354935903 6 4098 349.34995 1245.751 0.20000002 5.0 5.0 5.0 5.0 0.0 0.19600001 2 TOUCH_MOVE Space
1401354935936 6 4098 353.02066 1240.9095 0.20000002 5.0 5.0 5.0 5.0 0.0 0.2 2 TOUCH_MOVE Space
1401354935952 6 4098 354.03735 1239.9136 0.20000002 5.0 5.0 5.0 5.0 0.0 0.20400001 2 TOUCH_MOVE Space
1401354935969 6 4098 354.75 1239.2009 0.20000002 5.0 5.0 5.0 5.0 0.0 0.20400001 2 TOUCH_MOVE Space
1401354936002 6 4098 354.5 1239.9546 0.16666667 4.0 4.0 4.0 4.0 0.0 0.192 2 TOUCH_MOVE Space
1401354936012 6 4098 353.5 1240.4509 0.16666667 4.0 4.0 4.0 4.0 0.0 0.17600001 2 TOUCH_MOVE Space
1401354936016 6 4098 353.5 1240.4509 0.16666667 4.0 4.0 4.0 4.0 0.0 0.17600001 1 TOUCH_UP Space
1401354936534 6 4098 495.5 1108.4509 0.33333334 5.0 5.0 5.0 5.0 0.0 0.21200001 0 TOUCH_DOWN n
1401354936541 6 4098 495.5 1108.4509 0.33333334 5.0 5.0 5.0 5.0 0.0 0.216 2 TOUCH_MOVE n
1401354936573 6 4098 498.19113 1110.0465 0.33333334 5.0 5.0 5.0 5.0 0.0 0.216 2 TOUCH_MOVE n
1401354936586 6 4098 502.18945 1111.0889 0.3 5.0 5.0 5.0 5.0 0.0 0.22000001 2 TOUCH_MOVE n
1401354936603 6 4098 504.44922 1112.1007 0.33333334 5.0 5.0 5.0 5.0 0.0 0.22000001 2 TOUCH_MOVE n
1401354936620 6 4098 505.1275 1113.0785 0.33333334 5.0 5.0 5.0 5.0 0.0 0.22000001 2 TOUCH_MOVE n
1401354936636 6 4098 505.0 1113.6353 0.3 5.0 5.0 5.0 5.0 0.0 0.22000001 2 TOUCH_MOVE n
1401354936654 6 4098 504.31415 1114.6368 0.3 5.0 5.0 5.0 5.0 0.0 0.21200001 2 TOUCH_MOVE n
1401354936669 6 4098 503.5 1115.4509 0.26666668 5.0 5.0 5.0 5.0 0.0 0.17600001 2 TOUCH_MOVE n
1401354936674 6 4098 503.5 1115.4509 0.26666668 5.0 5.0 5.0 5.0 0.0 0.17600001 1 TOUCH_UP n
1401354937211 6 4098 690.5 1079.9509 0.23333335 5.0 5.0 5.0 5.0 0.0 0.2 0 TOUCH_DOWN Back
1401354937220 6 4098 690.5 1079.9509 0.20000002 4.0 4.0 4.0 4.0 0.0 0.20400001 2 TOUCH_MOVE Back
1401354937237 6 4098 689.75244 1079.9509 0.23333335 5.0 5.0 5.0 5.0 0.0 0.208 2 TOUCH_MOVE Back
1401354937255 6 4098 688.256 1079.2069 0.23333335 5.0 5.0 5.0 5.0 0.0 0.21200001 2 TOUCH_MOVE Back
1401354937270 6 4098 686.71985 1078.4509 0.26666668 5.0 5.0 5.0 5.0 0.0 0.21200001 2 TOUCH_MOVE Back
1401354937287 6 4098 685.75 1078.4509 0.26666668 5.0 5.0 5.0 5.0 0.0 0.21200001 2 TOUCH_MOVE Back
1401354937337 6 4098 682.74066 1080.1407 0.20000002 4.0 4.0 4.0 4.0 0.0 0.192 2 TOUCH_MOVE Back
1401354937350 6 4098 681.5 1080.4509 0.16666667 3.0 3.0 3.0 3.0 0.0 0.1 2 TOUCH_MOVE Back
1401354937357 6 4098 681.5 1080.4509 0.16666667 3.0 3.0 3.0 3.0 0.0 0.1 1 TOUCH_UP Back
1401354937671 6 4098 623.5 865.951 0.26666668 5.0 5.0 5.0 5.0 0.0 0.21200001 0 TOUCH_DOWN o
1401354937739 6 4098 623.5 865.951 0.26666668 5.0 5.0 5.0 5.0 0.0 0.224 2 TOUCH_MOVE o
1401354937804 6 4098 622.9484 867.5542 0.26666668 4.0 4.0 4.0 4.0 0.0 0.208 2 TOUCH_MOVE o
1401354937810 6 4098 622.5 868.451 0.3 5.0 5.0 5.0 5.0 0.0 0.18800001 2 TOUCH_MOVE o
1401354937813 6 4098 622.5 868.451 0.3 5.0 5.0 5.0 5.0 0.0 0.18800001 1 TOUCH_UP o
1401354938035 6 4098 514.0 1115.9509 0.33333334 5.0 5.0 5.0 5.0 0.0 0.208 0 TOUCH_DOWN n
1401354938044 6 4098 514.0 1115.9509 0.3 5.0 5.0 5.0 5.0 0.0 0.21200001 2 TOUCH_MOVE n
1401354938088 6 4098 516.55396 1116.9779 0.33333334 6.0 6.0 6.0 6.0 0.0 0.216 2 TOUCH_MOVE n
1401354938104 6 4098 518.62573 1118.0138 0.3 5.0 5.0 5.0 5.0 0.0 0.216 2 TOUCH_MOVE n
1401354938123 6 4098 520.65393 1119.528 0.3 5.0 5.0 5.0 5.0 0.0 0.216 2 TOUCH_MOVE n
1401354938138 6 4098 522.09467 1120.5457 0.3 5.0 5.0 5.0 5.0 0.0 0.216 2 TOUCH_MOVE n
1401354938154 6 4098 522.0 1121.5546 0.3 5.0 5.0 5.0 5.0 0.0 0.21200001 2 TOUCH_MOVE n
1401354938172 6 4098 520.24194 1123.209 0.23333335 4.0 4.0 4.0 4.0 0.0 0.19600001 2 TOUCH_MOVE n
1401354938180 6 4098 520.5 1122.9509 0.23333335 5.0 5.0 5.0 5.0 0.0 0.136 2 TOUCH_MOVE n
1401354938184 6 4098 520.5 1122.9509 0.23333335 5.0 5.0 5.0 5.0 0.0 0.136 1 TOUCH_UP n
1401354938393 6 4098 165.0 856.451 0.23333335 5.0 5.0 5.0 5.0 0.0 0.21200001 0 TOUCH_DOWN e
1401354938438 6 4098 166.87762 856.451 0.23333335 5.0 5.0 5.0 5.0 0.0 0.224 2 TOUCH_MOVE e
1401354938455 6 4098 167.87953 855.951 0.26666668 5.0 5.0 5.0 5.0 0.0 0.224 2 TOUCH_MOVE e
1401354938472 6 4098 168.75 855.951 0.26666668 5.0 5.0 5.0 5.0 0.0 0.224 2 TOUCH_MOVE e
1401354938521 6 4098 162.74428 858.32886 0.23333335 5.0 5.0 5.0 5.0 0.0 0.21200001 2 TOUCH_MOVE e
1401354938525 6 4098 162.5 858.451 0.23333335 5.0 5.0 5.0 5.0 0.0 0.192 2 TOUCH_MOVE e
1401354938528 6 4098 162.5 858.451 0.23333335 5.0 5.0 5.0 5.0 0.0 0.192 1 TOUCH_UP e
1401354938722 6 4098 122.0 949.451 0.33333334 6.0 6.0 6.0 6.0 0.0 0.22000001 0 TOUCH_DOWN s
1401354938740 6 4098 122.0 949.451 0.3 5.0 5.0 5.0 5.0 0.0 0.22000001 2 TOUCH_MOVE s
1401354938772 6 4098 123.178024 949.27295 0.33333334 6.0 6.0 6.0 6.0 0.0 0.22000001 2 TOUCH_MOVE s
1401354938788 6 4098 124.22146 948.951 0.36666667 6.0 6.0 6.0 6.0 0.0 0.22000001 2 TOUCH_MOVE s
1401354938807 6 4098 124.60627 948.951 0.36666667 6.0 6.0 6.0 6.0 0.0 0.22000001 2 TOUCH_MOVE s
1401354938838 6 4098 123.62298 948.951 0.3 5.0 5.0 5.0 5.0 0.0 0.224 2 TOUCH_MOVE s
1401354938853 6 4098 123.5 948.951 0.26666668 5.0 5.0 5.0 5.0 0.0 0.17600001 2 TOUCH_MOVE s
1401354938857 6 4098 123.5 948.951 0.26666668 5.0 5.0 5.0 5.0 0.0 0.17600001 1 TOUCH_UP s
1401354939019 6 4098 345.0 1228.9509 0.26666668 5.0 5.0 5.0 5.0 0.0 0.2 0 TOUCH_DOWN Space
1401354939039 6 4098 345.0 1228.9509 0.26666668 5.0 5.0 5.0 5.0 0.0 0.208 2 TOUCH_MOVE Space
1401354939055 6 4098 345.95724 1227.9937 0.26666668 5.0 5.0 5.0 5.0 0.0 0.216 2 TOUCH_MOVE Space
1401354939072 6 4098 346.96393 1226.9869 0.26666668 5.0 5.0 5.0 5.0 0.0 0.216 2 TOUCH_MOVE Space
1401354939089 6 4098 347.98917 1225.9618 0.26666668 5.0 5.0 5.0 5.0 0.0 0.216 2 TOUCH_MOVE Space
1401354939105 6 4098 349.0062 1224.9447 0.26666668 5.0 5.0 5.0 5.0 0.0 0.22000001 2 TOUCH_MOVE Space
1401354939122 6 4098 350.02072 1224.4509 0.26666668 5.0 5.0 5.0 5.0 0.0 0.216 2 TOUCH_MOVE Space
1401354939155 6 4098 350.0 1224.9602 0.26666668 5.0 5.0 5.0 5.0 0.0 0.208 2 TOUCH_MOVE Space
1401354939173 6 4098 349.43015 1228.7303 0.23333335 4.0 4.0 4.0 4.0 0.0 0.18 2 TOUCH_MOVE Space
1401354939180 6 4098 349.43015 1228.7303 0.23333335 4.0 4.0 4.0 4.0 0.0 0.18 1 TOUCH_UP Space
1401354939594 6 4098 113.0 856.451 0.23333335 5.0 5.0 5.0 5.0 0.0 0.208 0 TOUCH_DOWN w
1401354939606 6 4098 113.0 856.451 0.26666668 6.0 6.0 6.0 6.0 0.0 0.21200001 2 TOUCH_MOVE w
1401354939639 6 4098 114.50594 855.951 0.23333335 5.0 5.0 5.0 5.0 0.0 0.22000001 2 TOUCH_MOVE w
1401354939656 6 4098 115.25 855.951 0.26666668 6.0 6.0 6.0 6.0 0.0 0.22000001 2 TOUCH_MOVE w
1401354939723 6 4098 113.916985 857.034 0.23333335 5.0 5.0 5.0 5.0 0.0 0.216 2 TOUCH_MOVE w
1401354939739 6 4098 111.8463 858.02783 0.23333335 5.0 5.0 5.0 5.0 0.0 0.21200001 2 TOUCH_MOVE w
1401354939766 6 4098 109.5 858.951 0.26666668 5.0 5.0 5.0 5.0 0.0 0.16000001 2 TOUCH_MOVE w
1401354939770 6 4098 109.5 858.951 0.26666668 5.0 5.0 5.0 5.0 0.0 0.16000001 1 TOUCH_UP w
1401354939955 6 4098 438.0 974.451 0.23333335 5.0 5.0 5.0 5.0 0.0 0.208 0 TOUCH_DOWN h
1401354939973 6 4098 438.0 974.451 0.23333335 5.0 5.0 5.0 5.0 0.0 0.21200001 2 TOUCH_MOVE h
1401354940009 6 4098 438.89124 974.8422 0.23333335 5.0 5.0 5.0 5.0 0.0 0.216 2 TOUCH_MOVE h
1401354940023 6 4098 439.86835 975.81934 0.26666668 5.0 5.0 5.0 5.0 0.0 0.224 2 TOUCH_MOVE h
1401354940055 6 4098 441.3865 976.83746 0.26666668 5.0 5.0 5.0 5.0 0.0 0.224 2 TOUCH_MOVE h
1401354940059 6 4098 442.0 977.8494 0.26666668 5.0 5.0 5.0 5.0 0.0 0.22800002 2 TOUCH_MOVE h
1401354940073 6 4098 442.75 978.701 0.26666668 5.0 5.0 5.0 5.0 0.0 0.224 2 TOUCH_MOVE h
1401354940089 6 4098 443.93234 979.1672 0.26666668 5.0 5.0 5.0 5.0 0.0 0.208 2 TOUCH_MOVE h
1401354940097 6 4098 443.93234 979.1672 0.26666668 5.0 5.0 5.0 5.0 0.0 0.208 1 TOUCH_UP h
1401354940255 6 4098 621.5 848.951 0.26666668 5.0 5.0 5.0 5.0 0.0 0.216 0 TOUCH_DOWN o
1401354940273 6 4098 620.9574 848.4084 0.26666668 5.0 5.0 5.0 5.0 0.0 0.22000001 2 TOUCH_MOVE o
1401354940290 6 4098 619.9029 847.3539 0.26666668 5.0 5.0 5.0 5.0 0.0 0.224 2 TOUCH_MOVE o
1401354940343 6 4098 620.0 848.10974 0.3 6.0 6.0 6.0 6.0 0.0 0.224 2 TOUCH_MOVE o
1401354940358 6 4098 620.0 849.816 0.23333335 5.0 5.0 5.0 5.0 0.0 0.19600001 2 TOUCH_MOVE o
1401354940364 6 4098 619.0 851.951 0.23333335 5.0 5.0 5.0 5.0 0.0 0.17600001 2 TOUCH_MOVE o
1401354940368 6 4098 619.0 851.951 0.23333335 5.0 5.0 5.0 5.0 0.0 0.17600001 1 TOUCH_UP o
1401354940581 6 4098 360.5 1228.4509 0.26666668 5.0 5.0 5.0 5.0 0.0 0.20400001 0 TOUCH_DOWN Space
1401354940590 6 4098 360.5 1228.4509 0.26666668 5.0 5.0 5.0 5.0 0.0 0.208 2 TOUCH_MOVE Space
1401354940633 6 4098 362.33936 1228.0313 0.26666668 5.0 5.0 5.0 5.0 0.0 0.22000001 2 TOUCH_MOVE Space
1401354940644 6 4098 364.39694 1227.0024 0.3 6.0 6.0 6.0 6.0 0.0 0.22000001 2 TOUCH_MOVE Space
1401354940662 6 4098 365.43716 1226.4509 0.3 6.0 6.0 6.0 6.0 0.0 0.22000001 2 TOUCH_MOVE Space
1401354940673 6 4098 366.48172 1226.4509 0.26666668 5.0 5.0 5.0 5.0 0.0 0.22000001 2 TOUCH_MOVE Space
1401354940690 6 4098 367.49664 1226.4509 0.26666668 5.0 5.0 5.0 5.0 0.0 0.216 2 TOUCH_MOVE Space
1401354940707 6 4098 369.4118 1227.4215 0.26666668 5.0 5.0 5.0 5.0 0.0 0.21200001 2 TOUCH_MOVE Space
1401354940709 6 4098 369.5 1227.4509 0.26666668 5.0 5.0 5.0 5.0 0.0 0.19600001 2 TOUCH_MOVE Space
1401354940713 6 4098 369.5 1227.4509 0.26666668 5.0 5.0 5.0 5.0 0.0 0.19600001 1 TOUCH_UP Space
1401354940958 6 4098 581.0 1107.4509 0.23333335 5.0 5.0 5.0 5.0 0.0 0.192 0 TOUCH_DOWN m
1401354940983 6 4098 581.75 1107.4509 0.3 5.0 5.0 5.0 5.0 0.0 0.20400001 2 TOUCH_MOVE m
1401354941007 6 4098 582.39685 1107.4509 0.36666667 6.0 6.0 6.0 6.0 0.0 0.216 2 TOUCH_MOVE m
1401354941024 6 4098 582.7441 1107.4509 0.36666667 6.0 6.0 6.0 6.0 0.0 0.22000001 2 TOUCH_MOVE m
1401354941049 6 4098 583.10913 1107.4509 0.36666667 6.0 6.0 6.0 6.0 0.0 0.22000001 2 TOUCH_MOVE m
1401354941091 6 4098 583.0 1108.0112 0.33333334 5.0 5.0 5.0 5.0 0.0 0.22000001 2 TOUCH_MOVE m
1401354941107 6 4098 583.0 1108.642 0.33333334 5.0 5.0 5.0 5.0 0.0 0.216 2 TOUCH_MOVE m
1401354941124 6 4098 583.0 1109.1552 0.33333334 5.0 5.0 5.0 5.0 0.0 0.21200001 2 TOUCH_MOVE m
1401354941136 6 4098 583.0 1108.9509 0.33333334 5.0 5.0 5.0 5.0 0.0 0.18800001 2 TOUCH_MOVE m
1401354941139 6 4098 583.0 1108.9509 0.33333334 5.0 5.0 5.0 5.0 0.0 0.18800001 1 TOUCH_UP m
1401354941177 6 4098 48.5 966.451 0.16666667 3.0 3.0 3.0 3.0 0.0 0.192 0 TOUCH_DOWN a
1401354941191 6 4098 48.5 966.451 0.16666667 3.0 3.0 3.0 3.0 0.0 0.19600001 2 TOUCH_MOVE a
1401354941228 6 4098 49.502174 965.451 0.16666667 3.0 3.0 3.0 3.0 0.0 0.2 2 TOUCH_MOVE a
1401354941241 6 4098 51.037933 964.932 0.16666667 3.0 3.0 3.0 3.0 0.0 0.2 2 TOUCH_MOVE a
1401354941257 6 4098 52.0502 964.951 0.16666667 3.0 3.0 3.0 3.0 0.0 0.2 2 TOUCH_MOVE a
1401354941326 6 4098 51.306797 966.0476 0.16666667 3.0 3.0 3.0 3.0 0.0 0.192 2 TOUCH_MOVE a
1401354941334 6 4098 50.5 966.451 0.16666667 3.0 3.0 3.0 3.0 0.0 0.18 2 TOUCH_MOVE a
1401354941337 6 4098 50.5 966.451 0.16666667 3.0 3.0 3.0 3.0 0.0 0.18 1 TOUCH_UP a
1401354941363 6 4098 589.5 975.451 0.23333335 4.0 4.0 4.0 4.0 0.0 0.20400001 0 TOUCH_DOWN k
1401354941374 6 4098 589.5 975.451 0.26666668 6.0 6.0 6.0 6.0 0.0 0.21200001 2 TOUCH_MOVE k
1401354941391 6 4098 588.92706 975.451 0.3 6.0 6.0 6.0 6.0 0.0 0.22000001 2 TOUCH_MOVE k
1401354941407 6 4098 587.8274 975.451 0.3 6.0 6.0 6.0 6.0 0.0 0.22000001 2 TOUCH_MOVE k
1401354941425 6 4098 586.8138 975.451 0.3 6.0 6.0 6.0 6.0 0.0 0.22000001 2 TOUCH_MOVE k
1401354941507 6 4098 586.5 975.451 0.26666668 6.0 6.0 6.0 6.0 0.0 0.18 2 TOUCH_MOVE k
1401354941510 6 4098 586.5 975.451 0.26666668 6.0 6.0 6.0 6.0 0.0 0.18 1 TOUCH_UP k
1401354941788 6 4098 186.5 875.451 0.3 5.0 5.0 5.0 5.0 0.0 0.21200001 0 TOUCH_DOWN e
1401354941797 6 4098 186.5 875.451 0.3 5.0 5.0 5.0 5.0 0.0 0.22000001 2 TOUCH_MOVE e
1401354941910 6 4098 185.21307 875.451 0.3 5.0 5.0 5.0 5.0 0.0 0.22800002 2 TOUCH_MOVE e
1401354941924 6 4098 183.5 875.451 0.26666668 4.0 4.0 4.0 4.0 0.0 0.20400001 2 TOUCH_MOVE e
1401354941929 6 4098 183.5 875.451 0.26666668 4.0 4.0 4.0 4.0 0.0 0.20400001 1 TOUCH_UP e
1401354942121 6 4098 361.5 1224.9509 0.23333335 4.0 4.0 4.0 4.0 0.0 0.20400001 0 TOUCH_DOWN Space
1401354942144 6 4098 361.5 1224.9509 0.26666668 5.0 5.0 5.0 5.0 0.0 0.21200001 2 TOUCH_MOVE Space
1401354942159 6 4098 362.37534 1224.0756 0.26666668 5.0 5.0 5.0 5.0 0.0 0.22000001 2 TOUCH_MOVE Space
1401354942175 6 4098 363.89584 1223.055 0.3 6.0 6.0 6.0 6.0 0.0 0.22000001 2 TOUCH_MOVE Space
1401354942192 6 4098 364.939 1222.012 0.26666668 5.0 5.0 5.0 5.0 0.0 0.224 2 TOUCH_MOVE Space
1401354942210 6 4098 365.92584 1221.9509 0.26666668 5.0 5.0 5.0 5.0 0.0 0.224 2 TOUCH_MOVE Space
1401354942225 6 4098 366.25 1221.9509 0.26666668 5.0 5.0 5.0 5.0 0.0 0.224 2 TOUCH_MOVE Space
1401354942258 6 4098 365.07904 1224.2139 0.23333335 4.0 4.0 4.0 4.0 0.0 0.208 2 TOUCH_MOVE Space
1401354942271 6 4098 363.5 1226.9509 0.16666667 3.0 3.0 3.0 3.0 0.0 0.17600001 2 TOUCH_MOVE Space
1401354942275 6 4098 363.5 1226.9509 0.16666667 3.0 3.0 3.0 3.0 0.0 0.17600001 1 TOUCH_UP Space
1401354942386 6 4098 40.0 972.951 0.16666667 3.0 3.0 3.0 3.0 0.0 0.18 0 TOUCH_DOWN a
1401354942396 6 4098 40.0 972.951 0.16666667 3.0 3.0 3.0 3.0 0.0 0.18800001 2 TOUCH_MOVE a
1401354942425 6 4098 41.64018 972.3108 0.16666667 3.0 3.0 3.0 3.0 0.0 0.192 2 TOUCH_MOVE a
1401354942443 6 4098 43.954445 971.7995 0.16666667 3.0 3.0 3.0 3.0 0.0 0.19600001 2 TOUCH_MOVE a
1401354942459 6 4098 44.56695 971.951 0.16666667 3.0 3.0 3.0 3.0 0.0 0.19600001 2 TOUCH_MOVE a
1401354942475 6 4098 46.0 971.951 0.16666667 3.0 3.0 3.0 3.0 0.0 0.19600001 2 TOUCH_MOVE a
1401354942494 6 4098 46.06571 971.951 0.16666667 3.0 3.0 3.0 3.0 0.0 0.19600001 2 TOUCH_MOVE a
1401354942525 6 4098 44.798443 972.6525 0.16666667 3.0 3.0 3.0 3.0 0.0 0.18800001 2 TOUCH_MOVE a
1401354942541 6 4098 44.5 972.951 0.10000001 2.0 2.0 2.0 2.0 0.0 0.1 2 TOUCH_MOVE a
1401354942546 6 4098 44.5 972.951 0.10000001 2.0 2.0 2.0 2.0 0.0 0.1 1 TOUCH_UP a
1401354942666 6 4098 370.5 1223.4509 0.26666668 5.0 5.0 5.0 5.0 0.0 0.2 0 TOUCH_DOWN Space
1401354942677 6 4098 371.2914 1223.1595 0.26666668 5.0 5.0 5.0 5.0 0.0 0.21200001 2 TOUCH_MOVE Space
1401354942698 6 4098 373.20132 1222.1002 0.26666668 5.0 5.0 5.0 5.0 0.0 0.216 2 TOUCH_MOVE Space
1401354942708 6 4098 374.8996 1220.5514 0.26666668 5.0 5.0 5.0 5.0 0.0 0.22000001 2 TOUCH_MOVE Space
1401354942725 6 4098 376.38083 1219.5701 0.26666668 5.0 5.0 5.0 5.0 0.0 0.22000001 2 TOUCH_MOVE Space
1401354942746 6 4098 377.43155 1218.9509 0.26666668 5.0 5.0 5.0 5.0 0.0 0.22000001 2 TOUCH_MOVE Space
1401354942759 6 4098 377.75 1218.9509 0.26666668 5.0 5.0 5.0 5.0 0.0 0.22000001 2 TOUCH_MOVE Space
1401354942803 6 4098 376.04465 1219.4286 0.23333335 4.0 4.0 4.0 4.0 0.0 0.208 2 TOUCH_MOVE Space
1401354942804 6 4098 374.5 1219.9509 0.23333335 4.0 4.0 4.0 4.0 0.0 0.18800001 2 TOUCH_MOVE Space
1401354942809 6 4098 374.5 1219.9509 0.23333335 4.0 4.0 4.0 4.0 0.0 0.18800001 1 TOUCH_UP Space
1401354942978 6 4098 427.0 1089.9509 0.23333335 4.0 4.0 4.0 4.0 0.0 0.21200001 0 TOUCH_DOWN b
1401354942999 6 4098 427.31134 1089.9509 0.26666668 5.0 5.0 5.0 5.0 0.0 0.21200001 2 TOUCH_MOVE b
1401354943009 6 4098 428.1564 1089.9509 0.26666668 5.0 5.0 5.0 5.0 0.0 0.216 2 TOUCH_MOVE b
1401354943026 6 4098 429.39102 1089.9509 0.26666668 5.0 5.0 5.0 5.0 0.0 0.224 2 TOUCH_MOVE b
1401354943044 6 4098 430.70795 1090.1589 0.26666668 5.0 5.0 5.0 5.0 0.0 0.22000001 2 TOUCH_MOVE b
1401354943059 6 4098 431.22675 1091.1776 0.26666668 5.0 5.0 5.0 5.0 0.0 0.22000001 2 TOUCH_MOVE b
1401354943076 6 4098 431.75 1091.7009 0.26666668 5.0 5.0 5.0 5.0 0.0 0.22000001 2 TOUCH_MOVE b
1401354943109 6 4098 430.56253 1092.4509 0.26666668 5.0 5.0 5.0 5.0 0.0 0.208 2 TOUCH_MOVE b
1401354943116 6 4098 430.0 1092.4509 0.23333335 4.0 4.0 4.0 4.0 0.0 0.18800001 2 TOUCH_MOVE b
1401354943119 6 4098 430.0 1092.4509 0.23333335 4.0 4.0 4.0 4.0 0.0 0.18800001 1 TOUCH_UP b
1401354943307 6 4098 251.5 874.451 0.3 5.0 5.0 5.0 5.0 0.0 0.216 0 TOUCH_DOWN r
1401354943328 6 4098 251.5 874.451 0.3 5.0 5.0 5.0 5.0 0.0 0.22000001 2 TOUCH_MOVE r
1401354943448 6 4098 249.82289 874.451 0.26666668 4.0 4.0 4.0 4.0 0.0 0.224 2 TOUCH_MOVE r
1401354943462 6 4098 249.0 874.451 0.20000002 3.0 3.0 3.0 3.0 0.0 0.104 2 TOUCH_MOVE r
1401354943465 6 4098 249.0 874.451 0.20000002 3.0 3.0 3.0 3.0 0.0 0.104 1 TOUCH_UP r
1401354943592 6 4098 518.5 855.951 0.26666668 5.0 5.0 5.0 5.0 0.0 0.224 0 TOUCH_DOWN i
1401354943609 6 4098 518.5 855.951 0.26666668 5.0 5.0 5.0 5.0 0.0 0.22800002 2 TOUCH_MOVE i
1401354943676 6 4098 519.0613 855.951 0.3 6.0 6.0 6.0 6.0 0.0 0.23600002 2 TOUCH_MOVE i
1401354943726 6 4098 519.0 856.7975 0.26666668 5.0 5.0 5.0 5.0 0.0 0.22000001 2 TOUCH_MOVE i
1401354943740 6 4098 519.0 856.951 0.20000002 4.0 4.0 4.0 4.0 0.0 0.18 2 TOUCH_MOVE i
1401354943745 6 4098 519.0 856.951 0.20000002 4.0 4.0 4.0 4.0 0.0 0.18 1 TOUCH_UP i
1401354943929 6 4098 364.5 1003.451 0.26666668 4.0 4.0 4.0 4.0 0.0 0.22000001 0 TOUCH_DOWN g
1401354943948 6 4098 364.5 1003.451 0.33333334 5.0 5.0 5.0 5.0 0.0 0.22800002 2 TOUCH_MOVE g
1401354943976 6 4098 364.5 1002.353 0.33333334 5.0 5.0 5.0 5.0 0.0 0.23600002 2 TOUCH_MOVE g
1401354944006 6 4098 364.0 1001.34216 0.33333334 5.0 5.0 5.0 5.0 0.0 0.24000001 2 TOUCH_MOVE g
1401354944010 6 4098 364.0 1000.3223 0.33333334 5.0 5.0 5.0 5.0 0.0 0.24000001 2 TOUCH_MOVE g
1401354944027 6 4098 364.0 999.701 0.33333334 5.0 5.0 5.0 5.0 0.0 0.24000001 2 TOUCH_MOVE g
1401354944060 6 4098 362.8604 999.951 0.3 5.0 5.0 5.0 5.0 0.0 0.23200001 2 TOUCH_MOVE g
1401354944076 6 4098 361.0 999.451 0.26666668 5.0 5.0 5.0 5.0 0.0 0.17600001 2 TOUCH_MOVE g
1401354944079 6 4098 361.0 999.451 0.26666668 5.0 5.0 5.0 5.0 0.0 0.17600001 1 TOUCH_UP g
1401354944274 6 4098 428.0 981.451 0.23333335 4.0 4.0 4.0 4.0 0.0 0.21200001 0 TOUCH_DOWN h
1401354944304 6 4098 428.44598 981.451 0.26666668 5.0 5.0 5.0 5.0 0.0 0.21200001 2 TOUCH_MOVE h
1401354944310 6 4098 430.81174 981.451 0.26666668 5.0 5.0 5.0 5.0 0.0 0.22000001 2 TOUCH_MOVE h
1401354944328 6 4098 433.78265 982.37854 0.26666668 5.0 5.0 5.0 5.0 0.0 0.22000001 2 TOUCH_MOVE h
1401354944345 6 4098 435.38168 983.39185 0.23333335 4.0 4.0 4.0 4.0 0.0 0.22800002 2 TOUCH_MOVE h
1401354944360 6 4098 437.4571 984.4081 0.3 5.0 5.0 5.0 5.0 0.0 0.22800002 2 TOUCH_MOVE h
1401354944377 6 4098 437.9721 985.4231 0.3 5.0 5.0 5.0 5.0 0.0 0.224 2 TOUCH_MOVE h
1401354944397 6 4098 438.25 985.701 0.3 5.0 5.0 5.0 5.0 0.0 0.224 2 TOUCH_MOVE h
1401354944406 6 4098 438.0 985.451 0.3 5.0 5.0 5.0 5.0 0.0 0.192 2 TOUCH_MOVE h
1401354944409 6 4098 438.0 985.451 0.3 5.0 5.0 5.0 5.0 0.0 0.192 1 TOUCH_UP h
1401354944597 6 4098 325.5 877.451 0.3 5.0 5.0 5.0 5.0 0.0 0.22800002 0 TOUCH_DOWN t
1401354944613 6 4098 325.5 877.451 0.3 5.0 5.0 5.0 5.0 0.0 0.23200001 2 TOUCH_MOVE t
1401354944729 6 4098 323.3934 877.451 0.3 5.0 5.0 5.0 5.0 0.0 0.24000001 2 TOUCH_MOVE t
1401354944745 6 4098 320.5 876.951 0.3 5.0 5.0 5.0 5.0 0.0 0.22800002 2 TOUCH_MOVE t
1401354944750 6 4098 320.5 876.951 0.26666668 4.0 4.0 4.0 4.0 0.0 0.2 2 TOUCH_MOVE t
1401354944753 6 4098 320.5 876.951 0.26666668 4.0 4.0 4.0 4.0 0.0 0.2 1 TOUCH_UP t
1401354944950 6 4098 180.5 865.451 0.23333335 4.0 4.0 4.0 4.0 0.0 0.21200001 0 TOUCH_DOWN e
1401354944970 6 4098 180.83951 865.451 0.26666668 5.0 5.0 5.0 5.0 0.0 0.216 2 TOUCH_MOVE e
1401354944977 6 4098 181.53554 865.451 0.26666668 5.0 5.0 5.0 5.0 0.0 0.22000001 2 TOUCH_MOVE e
1401354944994 6 4098 182.54411 865.451 0.3 6.0 6.0 6.0 6.0 0.0 0.22000001 2 TOUCH_MOVE e
1401354945078 6 4098 181.99223 865.451 0.23333335 4.0 4.0 4.0 4.0 0.0 0.21200001 2 TOUCH_MOVE e
1401354945086 6 4098 181.5 865.951 0.23333335 4.0 4.0 4.0 4.0 0.0 0.192 2 TOUCH_MOVE e
1401354945095 6 4098 181.5 865.951 0.23333335 4.0 4.0 4.0 4.0 0.0 0.192 1 TOUCH_UP e
1401354945252 6 4098 246.0 866.951 0.23333335 4.0 4.0 4.0 4.0 0.0 0.22000001 0 TOUCH_DOWN r
1401354945261 6 4098 246.0 866.951 0.26666668 5.0 5.0 5.0 5.0 0.0 0.224 2 TOUCH_MOVE r
1401354945328 6 4098 246.0 867.5204 0.33333334 6.0 6.0 6.0 6.0 0.0 0.23600002 2 TOUCH_MOVE r
1401354945361 6 4098 245.59743 868.3536 0.3 5.0 5.0 5.0 5.0 0.0 0.22800002 2 TOUCH_MOVE r
1401354945374 6 4098 245.5 868.451 0.26666668 4.0 4.0 4.0 4.0 0.0 0.18800001 2 TOUCH_MOVE r
1401354945377 6 4098 245.5 868.451 0.26666668 4.0 4.0 4.0 4.0 0.0 0.18800001 1 TOUCH_UP r
1401354945473 6 4098 347.0 1222.9509 0.26666668 5.0 5.0 5.0 5.0 0.0 0.208 0 TOUCH_DOWN Space
1401354945483 6 4098 347.0 1222.9509 0.26666668 5.0 5.0 5.0 5.0 0.0 0.21200001 2 TOUCH_MOVE Space
1401354945511 6 4098 347.5 1221.9042 0.26666668 5.0 5.0 5.0 5.0 0.0 0.224 2 TOUCH_MOVE Space
1401354945528 6 4098 348.5567 1220.8942 0.3 6.0 6.0 6.0 6.0 0.0 0.224 2 TOUCH_MOVE Space
1401354945545 6 4098 350.0744 1219.8766 0.3 6.0 6.0 6.0 6.0 0.0 0.22800002 2 TOUCH_MOVE Space
1401354945561 6 4098 351.08865 1218.8623 0.3 6.0 6.0 6.0 6.0 0.0 0.22800002 2 TOUCH_MOVE Space
1401354945578 6 4098 351.75 1218.2009 0.26666668 5.0 5.0 5.0 5.0 0.0 0.22800002 2 TOUCH_MOVE Space
1401354945597 6 4098 352.0457 1218.4509 0.3 6.0 6.0 6.0 6.0 0.0 0.22800002 2 TOUCH_MOVE Space
1401354945628 6 4098 351.4643 1218.4509 0.26666668 5.0 5.0 5.0 5.0 0.0 0.216 2 TOUCH_MOVE Space
1401354945645 6 4098 349.65613 1219.6229 0.26666668 5.0 5.0 5.0 5.0 0.0 0.18800001 2 TOUCH_MOVE Space
1401354945657 6 4098 349.65613 1219.6229 0.26666668 5.0 5.0 5.0 5.0 0.0 0.18800001 1 TOUCH_UP Space
1401354945777 6 4098 215.5 989.451 0.3 5.0 5.0 5.0 5.0 0.0 0.22000001 0 TOUCH_DOWN d
1401354945797 6 4098 215.5 989.451 0.26666668 4.0 4.0 4.0 4.0 0.0 0.224 2 TOUCH_MOVE d
1401354945828 6 4098 216.84232 988.10864 0.26666668 4.0 4.0 4.0 4.0 0.0 0.22800002 2 TOUCH_MOVE d
1401354945845 6 4098 218.0 987.14264 0.26666668 4.0 4.0 4.0 4.0 0.0 0.23200001 2 TOUCH_MOVE d
1401354945862 6 4098 218.75 986.951 0.26666668 4.0 4.0 4.0 4.0 0.0 0.23200001 2 TOUCH_MOVE d
1401354945917 6 4098 218.5 986.951 0.26666668 4.0 4.0 4.0 4.0 0.0 0.2 2 TOUCH_MOVE d
1401354945920 6 4098 218.5 986.951 0.26666668 4.0 4.0 4.0 4.0 0.0 0.2 1 TOUCH_UP d
1401354946173 6 4098 48.0 966.451 0.16666667 3.0 3.0 3.0 3.0 0.0 0.192 0 TOUCH_DOWN a
1401354946196 6 4098 48.650597 966.451 0.16666667 3.0 3.0 3.0 3.0 0.0 0.19600001 2 TOUCH_MOVE a
1401354946212 6 4098 50.9081 965.74695 0.16666667 3.0 3.0 3.0 3.0 0.0 0.2 2 TOUCH_MOVE a
1401354946228 6 4098 52.44466 965.22864 0.16666667 3.0 3.0 3.0 3.0 0.0 0.2 2 TOUCH_MOVE a
1401354946245 6 4098 53.5 964.701 0.16666667 3.0 3.0 3.0 3.0 0.0 0.2 2 TOUCH_MOVE a
1401354946312 6 4098 50.5 964.951 0.16666667 3.0 3.0 3.0 3.0 0.0 0.14400001 2 TOUCH_MOVE a
1401354946316 6 4098 50.5 964.951 0.16666667 3.0 3.0 3.0 3.0 0.0 0.14400001 1 TOUCH_UP a
1401354946458 6 4098 376.0 844.451 0.3 5.0 5.0 5.0 5.0 0.0 0.224 0 TOUCH_DOWN y
1401354946513 6 4098 377.4834 843.451 0.33333334 6.0 6.0 6.0 6.0 0.0 0.23200001 2 TOUCH_MOVE y
1401354946529 6 4098 378.50034 843.451 0.26666668 5.0 5.0 5.0 5.0 0.0 0.23200001 2 TOUCH_MOVE y
1401354946546 6 4098 379.40588 844.3569 0.26666668 5.0 5.0 5.0 5.0 0.0 0.22800002 2 TOUCH_MOVE y
1401354946564 6 4098 381.5689 846.5199 0.23333335 5.0 5.0 5.0 5.0 0.0 0.18800001 2 TOUCH_MOVE y
1401354946567 6 4098 381.5689 846.5199 0.23333335 5.0 5.0 5.0 5.0 0.0 0.18800001 1 TOUCH_UP y
1401354947006 6 4098 670.0 1220.4509 0.26666668 5.0 5.0 5.0 5.0 0.0 0.19600001 0 TOUCH_DOWN Enter
1401354947029 6 4098 670.0 1220.4509 0.26666668 5.0 5.0 5.0 5.0 0.0 0.2 2 TOUCH_MOVE Enter
1401354947046 6 4098 668.60864 1220.4509 0.26666668 5.0 5.0 5.0 5.0 0.0 0.21200001 2 TOUCH_MOVE Enter
1401354947063 6 4098 667.4941 1219.945 0.26666668 5.0 5.0 5.0 5.0 0.0 0.21200001 2 TOUCH_MOVE Enter
1401354947079 6 4098 665.97736 1219.4283 0.26666668 5.0 5.0 5.0 5.0 0.0 0.216 2 TOUCH_MOVE Enter
1401354947096 6 4098 664.9626 1219.4509 0.26666668 5.0 5.0 5.0 5.0 0.0 0.216 2 TOUCH_MOVE Enter
1401354947113 6 4098 663.9472 1219.4509 0.26666668 5.0 5.0 5.0 5.0 0.0 0.216 2 TOUCH_MOVE Enter
1401354947129 6 4098 662.9332 1219.4509 0.26666668 5.0 5.0 5.0 5.0 0.0 0.21200001 2 TOUCH_MOVE Enter
1401354947161 6 4098 662.9332 1219.4509 0.26666668 5.0 5.0 5.0 5.0 0.0 0.21200001 1 TOUCH_UP Enter
1401354947504 6 4098 124.5 972.451 0.23333335 5.0 5.0 5.0 5.0 0.0 0.208 0 TOUCH_DOWN S
1401354947518 6 4098 124.5 972.451 0.20000002 4.0 4.0 4.0 4.0 0.0 0.21200001 2 TOUCH_MOVE S
1401354947563 6 4098 125.097305 972.451 0.23333335 5.0 5.0 5.0 5.0 0.0 0.22000001 2 TOUCH_MOVE S
1401354947580 6 4098 125.63533 972.451 0.26666668 5.0 5.0 5.0 5.0 0.0 0.22000001 2 TOUCH_MOVE S
1401354947624 6 4098 125.5 972.451 0.20000002 4.0 4.0 4.0 4.0 0.0 0.192 2 TOUCH_MOVE S
1401354947628 6 4098 125.5 972.451 0.20000002 4.0 4.0 4.0 4.0 0.0 0.192 1 TOUCH_UP S
1401354947727 6 4098 620.0 864.451 0.26666668 5.0 5.0 5.0 5.0 0.0 0.21200001 0 TOUCH_DOWN o
1401354947747 6 4098 620.0 864.451 0.26666668 5.0 5.0 5.0 5.0 0.0 0.216 2 TOUCH_MOVE o
1401354947833 6 4098 620.0 865.15265 0.26666668 5.0 5.0 5.0 5.0 0.0 0.22000001 2 TOUCH_MOVE o
1401354947847 6 4098 619.0 865.951 0.26666668 5.0 5.0 5.0 5.0 0.0 0.2 2 TOUCH_MOVE o
1401354947854 6 4098 619.0 865.951 0.26666668 5.0 5.0 5.0 5.0 0.0 0.16000001 2 TOUCH_MOVE o
1401354947860 6 4098 619.0 865.951 0.26666668 5.0 5.0 5.0 5.0 0.0 0.16000001 1 TOUCH_UP o
1401354948043 6 4098 354.5 1215.4509 0.26666668 5.0 5.0 5.0 5.0 0.0 0.20400001 0 TOUCH_DOWN Space
1401354948085 6 4098 355.46103 1215.4509 0.26666668 5.0 5.0 5.0 5.0 0.0 0.224 2 TOUCH_MOVE Space
1401354948097 6 4098 356.443 1215.4509 0.26666668 5.0 5.0 5.0 5.0 0.0 0.224 2 TOUCH_MOVE Space
1401354948114 6 4098 357.49655 1215.4509 0.26666668 5.0 5.0 5.0 5.0 0.0 0.224 2 TOUCH_MOVE Space
1401354948131 6 4098 358.51154 1215.4509 0.26666668 5.0 5.0 5.0 5.0 0.0 0.224 2 TOUCH_MOVE Space
1401354948151 6 4098 359.4855 1215.4509 0.3 6.0 6.0 6.0 6.0 0.0 0.224 2 TOUCH_MOVE Space
1401354948164 6 4098 360.53778 1215.4509 0.26666668 5.0 5.0 5.0 5.0 0.0 0.216 2 TOUCH_MOVE Space
1401354948174 6 4098 362.5 1214.4509 0.23333335 4.0 4.0 4.0 4.0 0.0 0.2 2 TOUCH_MOVE Space
1401354948177 6 4098 362.5 1214.4509 0.23333335 4.0 4.0 4.0 4.0 0.0 0.2 1 TOUCH_UP Space
1401354948375 6 4098 674.5 972.451 0.23333335 5.0 5.0 5.0 5.0 0.0 0.2 0 TOUCH_DOWN l
1401354948406 6 4098 674.1232 972.82776 0.20000002 4.0 4.0 4.0 4.0 0.0 0.20400001 2 TOUCH_MOVE l
1401354948416 6 4098 672.75934 973.451 0.23333335 5.0 5.0 5.0 5.0 0.0 0.208 2 TOUCH_MOVE l
1401354948430 6 4098 671.0 973.451 0.23333335 5.0 5.0 5.0 5.0 0.0 0.21200001 2 TOUCH_MOVE l
1401354948447 6 4098 671.5 974.1064 0.26666668 5.0 5.0 5.0 5.0 0.0 0.21200001 2 TOUCH_MOVE l
1401354948464 6 4098 671.5 974.54926 0.26666668 5.0 5.0 5.0 5.0 0.0 0.216 2 TOUCH_MOVE l
1401354948481 6 4098 671.5 975.1428 0.26666668 5.0 5.0 5.0 5.0 0.0 0.21200001 2 TOUCH_MOVE l
1401354948503 6 4098 671.5 975.62836 0.23333335 4.0 4.0 4.0 4.0 0.0 0.21200001 2 TOUCH_MOVE l
1401354948516 6 4098 671.5 976.201 0.26666668 5.0 5.0 5.0 5.0 0.0 0.21200001 2 TOUCH_MOVE l
1401354948548 6 4098 671.5 975.951 0.23333335 5.0 5.0 5.0 5.0 0.0 0.18800001 2 TOUCH_MOVE l
1401354948557 6 4098 671.5 975.951 0.23333335 5.0 5.0 5.0 5.0 0.0 0.18800001 1 TOUCH_UP l
1401354949104 6 4098 311.5 855.451 0.23333335 5.0 5.0 5.0 5.0 0.0 0.216 0 TOUCH_DOWN t
1401354949115 6 4098 311.5 855.451 0.26666668 5.0 5.0 5.0 5.0 0.0 0.224 2 TOUCH_MOVE t
1401354949148 6 4098 311.5 854.83374 0.26666668 5.0 5.0 5.0 5.0 0.0 0.23200001 2 TOUCH_MOVE t
1401354949215 6 4098 312.03015 856.48114 0.23333335 5.0 5.0 5.0 5.0 0.0 0.20400001 2 TOUCH_MOVE t
1401354949231 6 4098 315.24313 859.6455 0.26666668 5.0 5.0 5.0 5.0 0.0 0.18 2 TOUCH_MOVE t
1401354949249 6 4098 315.0 859.451 0.13333334 2.0 2.0 2.0 2.0 0.0 0.104 2 TOUCH_MOVE t
1401354949252 6 4098 315.0 859.451 0.13333334 2.0 2.0 2.0 2.0 0.0 0.104 1 TOUCH_UP t
1401354949685 6 4098 680.5 1103.4509 0.26666668 4.0 4.0 4.0 4.0 0.0 0.208 0 TOUCH_DOWN Back
1401354949698 6 4098 680.5 1103.4509 0.3 5.0 5.0 5.0 5.0 0.0 0.21200001 2 TOUCH_MOVE Back
1401354949732 6 4098 678.9802 1103.4509 0.3 5.0 5.0 5.0 5.0 0.0 0.216 2 TOUCH_MOVE Back
1401354949749 6 4098 677.48883 1103.4509 0.3 5.0 5.0 5.0 5.0 0.0 0.22000001 2 TOUCH_MOVE Back
1401354949767 6 4098 676.0 1102.7009 0.3 5.0 5.0 5.0 5.0 0.0 0.22000001 2 TOUCH_MOVE Back
1401354949782 6 4098 675.75684 1102.9509 0.3 5.0 5.0 5.0 5.0 0.0 0.216 2 TOUCH_MOVE Back
1401354949828 6 4098 675.75684 1102.9509 0.3 5.0 5.0 5.0 5.0 0.0 0.216 1 TOUCH_UP Back
1401354950068 6 4098 172.0 862.951 0.26666668 5.0 5.0 5.0 5.0 0.0 0.22000001 0 TOUCH_DOWN e
1401354950082 6 4098 172.0 862.951 0.3 6.0 6.0 6.0 6.0 0.0 0.224 2 TOUCH_MOVE e
1401354950115 6 4098 172.92691 862.52405 0.3 6.0 6.0 6.0 6.0 0.0 0.22800002 2 TOUCH_MOVE e
1401354950132 6 4098 173.23703 862.214 0.26666668 5.0 5.0 5.0 5.0 0.0 0.22800002 2 TOUCH_MOVE e
1401354950167 6 4098 172.09683 861.951 0.3 6.0 6.0 6.0 6.0 0.0 0.224 2 TOUCH_MOVE e
1401354950182 6 4098 168.23006 862.3935 0.3 6.0 6.0 6.0 6.0 0.0 0.224 2 TOUCH_MOVE e
1401354950201 6 4098 163.0 863.451 0.23333335 4.0 4.0 4.0 4.0 0.0 0.20400001 2 TOUCH_MOVE e
1401354950203 6 4098 163.0 863.451 0.26666668 5.0 5.0 5.0 5.0 0.0 0.14 2 TOUCH_MOVE e
1401354950208 6 4098 163.0 863.451 0.26666668 5.0 5.0 5.0 5.0 0.0 0.14 1 TOUCH_UP e
1401354950409 6 4098 315.5 857.951 0.23333335 5.0 5.0 5.0 5.0 0.0 0.22000001 0 TOUCH_DOWN t
1401354950416 6 4098 315.5 857.951 0.26666668 6.0 6.0 6.0 6.0 0.0 0.22800002 2 TOUCH_MOVE t
1401354950482 6 4098 317.95007 861.1261 0.3 6.0 6.0 6.0 6.0 0.0 0.224 2 TOUCH_MOVE t
1401354950502 6 4098 318.5 861.951 0.26666668 5.0 5.0 5.0 5.0 0.0 0.18 2 TOUCH_MOVE t
1401354950505 6 4098 318.5 861.951 0.26666668 5.0 5.0 5.0 5.0 0.0 0.18 1 TOUCH_UP t
1401354951004 6 4098 581.0 1228.4509 0.23333335 4.0 4.0 4.0 4.0 0.0 0.19600001 0 TOUCH_DOWN '
1401354951017 6 4098 581.7234 1228.4509 0.26666668 5.0 5.0 5.0 5.0 0.0 0.208 2 TOUCH_MOVE '
1401354951037 6 4098 582.7359 1227.715 0.26666668 5.0 5.0 5.0 5.0 0.0 0.208 2 TOUCH_MOVE '
1401354951050 6 4098 583.754 1226.6969 0.26666668 5.0 5.0 5.0 5.0 0.0 0.21200001 2 TOUCH_MOVE '
1401354951066 6 4098 584.5 1225.6764 0.26666668 5.0 5.0 5.0 5.0 0.0 0.21200001 2 TOUCH_MOVE '
1401354951083 6 4098 585.0 1224.6698 0.26666668 5.0 5.0 5.0 5.0 0.0 0.21200001 2 TOUCH_MOVE '
1401354951100 6 4098 585.0 1224.2009 0.26666668 5.0 5.0 5.0 5.0 0.0 0.21200001 2 TOUCH_MOVE '
1401354951135 6 4098 584.0 1225.9509 0.23333335 4.0 4.0 4.0 4.0 0.0 0.20400001 2 TOUCH_MOVE '
1401354951138 6 4098 584.0 1225.9509 0.23333335 4.0 4.0 4.0 4.0 0.0 0.17600001 2 TOUCH_MOVE '
1401354951143 6 4098 584.0 1225.9509 0.23333335 4.0 4.0 4.0 4.0 0.0 0.17600001 1 TOUCH_UP '
1401354951329 6 4098 145.5 1004.951 0.3 5.0 5.0 5.0 5.0 0.0 0.21200001 0 TOUCH_DOWN s
1401354951334 6 4098 145.5 1004.951 0.33333334 5.0 5.0 5.0 5.0 0.0 0.216 2 TOUCH_MOVE s
1401354951356 6 4098 144.5 1004.3815 0.33333334 5.0 5.0 5.0 5.0 0.0 0.22000001 2 TOUCH_MOVE s
1401354951367 6 4098 144.5 1002.32886 0.36666667 6.0 6.0 6.0 6.0 0.0 0.224 2 TOUCH_MOVE s
1401354951384 6 4098 144.0 1000.301 0.33333334 5.0 5.0 5.0 5.0 0.0 0.224 2 TOUCH_MOVE s
1401354951403 6 4098 143.02235 998.9733 0.36666667 6.0 6.0 6.0 6.0 0.0 0.224 2 TOUCH_MOVE s
1401354951417 6 4098 143.0 997.83954 0.36666667 6.0 6.0 6.0 6.0 0.0 0.224 2 TOUCH_MOVE s
1401354951450 6 4098 142.48468 997.951 0.33333334 5.0 5.0 5.0 5.0 0.0 0.224 2 TOUCH_MOVE s
1401354951467 6 4098 141.91884 998.53217 0.3 5.0 5.0 5.0 5.0 0.0 0.21200001 2 TOUCH_MOVE s
1401354951476 6 4098 140.5 999.951 0.23333335 4.0 4.0 4.0 4.0 0.0 0.192 2 TOUCH_MOVE s
1401354951479 6 4098 140.5 999.951 0.23333335 4.0 4.0 4.0 4.0 0.0 0.192 1 TOUCH_UP s
1401354951947 6 4098 379.0 1232.9509 0.26666668 5.0 5.0 5.0 5.0 0.0 0.2 0 TOUCH_DOWN Space
1401354951969 6 4098 379.0 1232.6421 0.26666668 5.0 5.0 5.0 5.0 0.0 0.208 2 TOUCH_MOVE Space
1401354951984 6 4098 379.6421 1231.8088 0.26666668 5.0 5.0 5.0 5.0 0.0 0.22000001 2 TOUCH_MOVE Space
1401354952002 6 4098 381.7647 1229.6862 0.26666668 5.0 5.0 5.0 5.0 0.0 0.22000001 2 TOUCH_MOVE Space
1401354952019 6 4098 383.67313 1227.7778 0.26666668 5.0 5.0 5.0 5.0 0.0 0.22000001 2 TOUCH_MOVE Space
1401354952034 6 4098 385.1906 1226.7603 0.26666668 5.0 5.0 5.0 5.0 0.0 0.22000001 2 TOUCH_MOVE Space
1401354952051 6 4098 385.75 1226.2009 0.26666668 5.0 5.0 5.0 5.0 0.0 0.224 2 TOUCH_MOVE Space
1401354952067 6 4098 385.5 1227.1361 0.26666668 5.0 5.0 5.0 5.0 0.0 0.216 2 TOUCH_MOVE Space
1401354952084 6 4098 385.0235 1229.6422 0.26666668 5.0 5.0 5.0 5.0 0.0 0.208 2 TOUCH_MOVE Space
1401354952101 6 4098 384.0 1232.9509 0.26666668 5.0 5.0 5.0 5.0 0.0 0.18 2 TOUCH_MOVE Space
1401354952104 6 4098 384.0 1232.9509 0.26666668 5.0 5.0 5.0 5.0 0.0 0.18 1 TOUCH_UP Space
1401354952396 6 4098 134.5 984.451 0.26666668 4.0 4.0 4.0 4.0 0.0 0.216 0 TOUCH_DOWN s
1401354952402 6 4098 134.5 984.451 0.3 5.0 5.0 5.0 5.0 0.0 0.216 2 TOUCH_MOVE s
1401354952419 6 4098 135.01482 984.451 0.33333334 6.0 6.0 6.0 6.0 0.0 0.22000001 2 TOUCH_MOVE s
1401354952434 6 4098 136.06665 984.451 0.26666668 5.0 5.0 5.0 5.0 0.0 0.22000001 2 TOUCH_MOVE s
1401354952455 6 4098 138.15619 983.37286 0.3 6.0 6.0 6.0 6.0 0.0 0.22000001 2 TOUCH_MOVE s
1401354952535 6 4098 137.48474 983.96625 0.26666668 4.0 4.0 4.0 4.0 0.0 0.208 2 TOUCH_MOVE s
1401354952550 6 4098 137.5 983.951 0.23333335 4.0 4.0 4.0 4.0 0.0 0.17600001 2 TOUCH_MOVE s
1401354952554 6 4098 137.5 983.951 0.23333335 4.0 4.0 4.0 4.0 0.0 0.17600001 1 TOUCH_UP s
1401354952736 6 4098 294.5 848.951 0.26666668 5.0 5.0 5.0 5.0 0.0 0.22800002 0 TOUCH_DOWN t
1401354952790 6 4098 294.5 848.951 0.3 6.0 6.0 6.0 6.0 0.0 0.23200001 2 TOUCH_MOVE t
1401354952818 6 4098 294.5 848.3988 0.3 5.0 5.0 5.0 5.0 0.0 0.24000001 2 TOUCH_MOVE t
1401354952854 6 4098 293.60645 847.951 0.33333334 6.0 6.0 6.0 6.0 0.0 0.24400002 2 TOUCH_MOVE t
1401354952868 6 4098 292.53073 847.951 0.3 5.0 5.0 5.0 5.0 0.0 0.24000001 2 TOUCH_MOVE t
1401354952886 6 4098 288.05032 847.951 0.3 6.0 6.0 6.0 6.0 0.0 0.23200001 2 TOUCH_MOVE t
1401354952896 6 4098 288.0 847.951 0.20000002 4.0 4.0 4.0 4.0 0.0 0.18400002 2 TOUCH_MOVE t
1401354952900 6 4098 288.0 847.951 0.20000002 4.0 4.0 4.0 4.0 0.0 0.18400002 1 TOUCH_UP t
1401354953211 6 4098 49.5 968.951 0.16666667 3.0 3.0 3.0 3.0 0.0 0.19600001 0 TOUCH_DOWN a
1401354953252 6 4098 55.64494 967.951 0.20000002 4.0 4.0 4.0 4.0 0.0 0.208 2 TOUCH_MOVE a
1401354953269 6 4098 57.858543 967.951 0.20000002 4.0 4.0 4.0 4.0 0.0 0.21200001 2 TOUCH_MOVE a
1401354953285 6 4098 59.358482 967.951 0.20000002 4.0 4.0 4.0 4.0 0.0 0.208 2 TOUCH_MOVE a
1401354953302 6 4098 59.75 967.951 0.23333335 5.0 5.0 5.0 5.0 0.0 0.21200001 2 TOUCH_MOVE a
1401354953354 6 4098 58.613033 967.951 0.16666667 3.0 3.0 3.0 3.0 0.0 0.20400001 2 TOUCH_MOVE a
1401354953364 6 4098 58.0 967.951 0.16666667 3.0 3.0 3.0 3.0 0.0 0.18400002 2 TOUCH_MOVE a
1401354953368 6 4098 58.0 967.951 0.16666667 3.0 3.0 3.0 3.0 0.0 0.18400002 1 TOUCH_UP a
1401354953563 6 4098 229.5 864.451 0.26666668 5.0 5.0 5.0 5.0 0.0 0.22000001 0 TOUCH_DOWN r
1401354953586 6 4098 229.5 864.451 0.26666668 5.0 5.0 5.0 5.0 0.0 0.22800002 2 TOUCH_MOVE r
1401354953613 6 4098 230.58583 864.451 0.26666668 5.0 5.0 5.0 5.0 0.0 0.22800002 2 TOUCH_MOVE r
1401354953619 6 4098 231.18713 864.451 0.26666668 5.0 5.0 5.0 5.0 0.0 0.22800002 2 TOUCH_MOVE r
1401354953636 6 4098 232.20709 864.451 0.3 6.0 6.0 6.0 6.0 0.0 0.22800002 2 TOUCH_MOVE r
1401354953686 6 4098 231.27092 864.451 0.26666668 5.0 5.0 5.0 5.0 0.0 0.22000001 2 TOUCH_MOVE r
1401354953700 6 4098 231.0 864.451 0.26666668 5.0 5.0 5.0 5.0 0.0 0.17600001 2 TOUCH_MOVE r
1401354953704 6 4098 231.0 864.451 0.26666668 5.0 5.0 5.0 5.0 0.0 0.17600001 1 TOUCH_UP r
1401354953884 6 4098 323.5 869.951 0.33333334 6.0 6.0 6.0 6.0 0.0 0.22800002 0 TOUCH_DOWN t
1401354953914 6 4098 322.5426 869.951 0.26666668 5.0 5.0 5.0 5.0 0.0 0.23200001 2 TOUCH_MOVE t
1401354953937 6 4098 321.02008 869.951 0.33333334 6.0 6.0 6.0 6.0 0.0 0.24000001 2 TOUCH_MOVE t
1401354953956 6 4098 320.25 869.951 0.3 5.0 5.0 5.0 5.0 0.0 0.24000001 2 TOUCH_MOVE t
1401354953969 6 4098 319.99557 869.951 0.33333334 6.0 6.0 6.0 6.0 0.0 0.24000001 2 TOUCH_MOVE t
1401354953986 6 4098 317.9215 869.951 0.3 5.0 5.0 5.0 5.0 0.0 0.24000001 2 TOUCH_MOVE t
1401354954004 6 4098 315.9145 869.951 0.26666668 5.0 5.0 5.0 5.0 0.0 0.216 2 TOUCH_MOVE t
1401354954013 6 4098 315.5 869.951 0.13333334 2.0 2.0 2.0 2.0 0.0 0.128 2 TOUCH_MOVE t
1401354954016 6 4098 315.5 869.951 0.13333334 2.0 2.0 2.0 2.0 0.0 0.128 1 TOUCH_UP t
1401354954155 6 4098 359.5 1218.9509 0.23333335 4.0 4.0 4.0 4.0 0.0 0.19600001 0 TOUCH_DOWN Space
1401354954185 6 4098 359.73352 1218.7174 0.23333335 4.0 4.0 4.0 4.0 0.0 0.20400001 2 TOUCH_MOVE Space
1401354954203 6 4098 361.7252 1217.3384 0.26666668 5.0 5.0 5.0 5.0 0.0 0.22000001 2 TOUCH_MOVE Space
1401354954219 6 4098 363.25684 1216.1941 0.26666668 5.0 5.0 5.0 5.0 0.0 0.22000001 2 TOUCH_MOVE Space
1401354954236 6 4098 364.27274 1215.1782 0.26666668 5.0 5.0 5.0 5.0 0.0 0.224 2 TOUCH_MOVE Space
1401354954254 6 4098 365.25 1214.9509 0.3 6.0 6.0 6.0 6.0 0.0 0.224 2 TOUCH_MOVE Space
1401354954327 6 4098 365.25 1214.9509 0.3 6.0 6.0 6.0 6.0 0.0 0.224 1 TOUCH_UP Space
1401354954865 6 4098 341.0 992.951 0.3 5.0 5.0 5.0 5.0 0.0 0.224 0 TOUCH_DOWN g
1401354954892 6 4098 341.88116 992.5698 0.26666668 4.0 4.0 4.0 4.0 0.0 0.23200001 2 TOUCH_MOVE g
1401354954903 6 4098 343.2768 991.56256 0.26666668 4.0 4.0 4.0 4.0 0.0 0.23200001 2 TOUCH_MOVE g
1401354954921 6 4098 345.3454 991.451 0.26666668 4.0 4.0 4.0 4.0 0.0 0.23200001 2 TOUCH_MOVE g
1401354954937 6 4098 346.4161 991.451 0.26666668 4.0 4.0 4.0 4.0 0.0 0.23200001 2 TOUCH_MOVE g
1401354954953 6 4098 346.75 991.451 0.3 5.0 5.0 5.0 5.0 0.0 0.23600002 2 TOUCH_MOVE g
1401354954987 6 4098 345.13983 991.451 0.3 5.0 5.0 5.0 5.0 0.0 0.23200001 2 TOUCH_MOVE g
1401354955001 6 4098 341.0 991.451 0.33333334 5.0 5.0 5.0 5.0 0.0 0.2 2 TOUCH_MOVE g
1401354955005 6 4098 341.0 991.451 0.33333334 5.0 5.0 5.0 5.0 0.0 0.2 1 TOUCH_UP g
1401354955219 6 4098 539.5 849.951 0.26666668 5.0 5.0 5.0 5.0 0.0 0.216 0 TOUCH_DOWN i
1401354955254 6 4098 539.5 848.714 0.26666668 5.0 5.0 5.0 5.0 0.0 0.224 2 TOUCH_MOVE i
1401354955270 6 4098 540.255 848.451 0.26666668 5.0 5.0 5.0 5.0 0.0 0.22800002 2 TOUCH_MOVE i
1401354955287 6 4098 542.0451 848.451 0.26666668 5.0 5.0 5.0 5.0 0.0 0.22800002 2 TOUCH_MOVE i
1401354955304 6 4098 543.27094 849.2219 0.3 6.0 6.0 6.0 6.0 0.0 0.22800002 2 TOUCH_MOVE i
1401354955320 6 4098 544.0 850.2528 0.3 6.0 6.0 6.0 6.0 0.0 0.22800002 2 TOUCH_MOVE i
1401354955337 6 4098 544.0 852.7284 0.26666668 5.0 5.0 5.0 5.0 0.0 0.22000001 2 TOUCH_MOVE i
1401354955351 6 4098 544.0 853.451 0.23333335 4.0 4.0 4.0 4.0 0.0 0.18400002 2 TOUCH_MOVE i
1401354955354 6 4098 544.0 853.451 0.23333335 4.0 4.0 4.0 4.0 0.0 0.18400002 1 TOUCH_UP i
1401354955667 6 4098 361.0 1131.9509 0.26666668 5.0 5.0 5.0 5.0 0.0 0.21200001 0 TOUCH_DOWN v
1401354955675 6 4098 361.0 1131.6381 0.26666668 5.0 5.0 5.0 5.0 0.0 0.216 2 TOUCH_MOVE v
1401354955700 6 4098 361.80438 1129.9944 0.3 5.0 5.0 5.0 5.0 0.0 0.22000001 2 TOUCH_MOVE v
1401354955706 6 4098 363.94522 1127.654 0.3 5.0 5.0 5.0 5.0 0.0 0.224 2 TOUCH_MOVE v
1401354955721 6 4098 367.04752 1125.7684 0.3 5.0 5.0 5.0 5.0 0.0 0.224 2 TOUCH_MOVE v
1401354955737 6 4098 369.19995 1125.4509 0.33333334 6.0 6.0 6.0 6.0 0.0 0.22800002 2 TOUCH_MOVE v
1401354955755 6 4098 370.16263 1125.4509 0.33333334 6.0 6.0 6.0 6.0 0.0 0.22800002 2 TOUCH_MOVE v
1401354955771 6 4098 370.75 1125.4509 0.33333334 6.0 6.0 6.0 6.0 0.0 0.22800002 2 TOUCH_MOVE v
1401354955780 6 4098 370.75 1125.4509 0.33333334 6.0 6.0 6.0 6.0 0.0 0.22800002 1 TOUCH_UP v
1401354955951 6 4098 557.5 857.951 0.23333335 5.0 5.0 5.0 5.0 0.0 0.21200001 0 TOUCH_DOWN i
1401354955975 6 4098 557.5 857.951 0.23333335 5.0 5.0 5.0 5.0 0.0 0.216 2 TOUCH_MOVE i
1401354956004 6 4098 556.5415 857.951 0.23333335 5.0 5.0 5.0 5.0 0.0 0.22000001 2 TOUCH_MOVE i
1401354956021 6 4098 555.0549 857.951 0.23333335 5.0 5.0 5.0 5.0 0.0 0.22000001 2 TOUCH_MOVE i
1401354956038 6 4098 554.0415 857.951 0.26666668 5.0 5.0 5.0 5.0 0.0 0.224 2 TOUCH_MOVE i
1401354956054 6 4098 554.0 858.4492 0.23333335 4.0 4.0 4.0 4.0 0.0 0.224 2 TOUCH_MOVE i
1401354956072 6 4098 554.0 862.5547 0.26666668 5.0 5.0 5.0 5.0 0.0 0.192 2 TOUCH_MOVE i
1401354956076 6 4098 554.0 862.5547 0.26666668 5.0 5.0 5.0 5.0 0.0 0.192 1 TOUCH_UP i
1401354956247 6 4098 510.5 1085.4509 0.23333335 5.0 5.0 5.0 5.0 0.0 0.208 0 TOUCH_DOWN n
1401354956260 6 4098 510.15723 1085.7937 0.23333335 5.0 5.0 5.0 5.0 0.0 0.21200001 2 TOUCH_MOVE n
1401354956280 6 4098 509.30283 1086.6481 0.23333335 5.0 5.0 5.0 5.0 0.0 0.216 2 TOUCH_MOVE n
1401354956292 6 4098 508.7805 1087.89 0.26666668 5.0 5.0 5.0 5.0 0.0 0.216 2 TOUCH_MOVE n
1401354956305 6 4098 508.5 1089.8707 0.3 6.0 6.0 6.0 6.0 0.0 0.22000001 2 TOUCH_MOVE n
1401354956321 6 4098 508.2606 1091.1903 0.3 6.0 6.0 6.0 6.0 0.0 0.224 2 TOUCH_MOVE n
1401354956339 6 4098 506.73 1092.721 0.26666668 5.0 5.0 5.0 5.0 0.0 0.224 2 TOUCH_MOVE n
1401354956355 6 4098 504.6418 1093.7369 0.26666668 5.0 5.0 5.0 5.0 0.0 0.22000001 2 TOUCH_MOVE n
1401354956370 6 4098 502.5 1094.4509 0.26666668 5.0 5.0 5.0 5.0 0.0 0.19600001 2 TOUCH_MOVE n
1401354956374 6 4098 502.5 1094.4509 0.26666668 5.0 5.0 5.0 5.0 0.0 0.19600001 1 TOUCH_UP n
1401354956516 6 4098 366.5 998.451 0.3 5.0 5.0 5.0 5.0 0.0 0.224 0 TOUCH_DOWN g
1401354956555 6 4098 366.5 996.99634 0.33333334 5.0 5.0 5.0 5.0 0.0 0.23600002 2 TOUCH_MOVE g
1401354956572 6 4098 366.5 995.45624 0.33333334 5.0 5.0 5.0 5.0 0.0 0.23600002 2 TOUCH_MOVE g
1401354956588 6 4098 366.5 994.43945 0.33333334 5.0 5.0 5.0 5.0 0.0 0.23600002 2 TOUCH_MOVE g
1401354956622 6 4098 365.9916 994.451 0.26666668 4.0 4.0 4.0 4.0 0.0 0.22800002 2 TOUCH_MOVE g
1401354956634 6 4098 363.0 993.451 0.26666668 4.0 4.0 4.0 4.0 0.0 0.21200001 2 TOUCH_MOVE g
1401354956637 6 4098 363.0 993.451 0.26666668 4.0 4.0 4.0 4.0 0.0 0.21200001 1 TOUCH_UP g
