1401354871669 6 4098 102.5 853.451 0.23333335 5.0 5.0 5.0 5.0 0.0 0.216 0 TOUCH_DOWN W
1401354871695 6 4098 102.978775 852.9722 0.26666668 5.0 5.0 5.0 5.0 0.0 0.22000001 2 TOUCH_MOVE W
1401354871709 6 4098 106.915375 851.9792 0.3 6.0 6.0 6.0 6.0 0.0 0.23200001 2 TOUCH_MOVE W
1401354871726 6 4098 111.413826 850.9682 0.26666668 5.0 5.0 5.0 5.0 0.0 0.23200001 2 TOUCH_MOVE W
1401354871742 6 4098 113.00435 849.9488 0.26666668 5.0 5.0 5.0 5.0 0.0 0.23200001 2 TOUCH_MOVE W
1401354871759 6 4098 114.5 849.201 0.3 6.0 6.0 6.0 6.0 0.0 0.23600002 2 TOUCH_MOVE W
1401354871777 6 4098 115.038376 848.4126 0.3 6.0 6.0 6.0 6.0 0.0 0.23200001 2 TOUCH_MOVE W
1401354871843 6 4098 112.10326 848.451 0.26666668 5.0 5.0 5.0 5.0 0.0 0.22000001 2 TOUCH_MOVE W
1401354871859 6 4098 106.09183 850.17804 0.20000002 4.0 4.0 4.0 4.0 0.0 0.192 2 TOUCH_MOVE W
1401354871863 6 4098 106.09183 850.17804 0.20000002 4.0 4.0 4.0 4.0 0.0 0.192 1 TOUCH_UP W
1401354872082 6 4098 172.5 851.451 0.26666668 5.0 5.0 5.0 5.0 0.0 0.224 0 TOUCH_DOWN e
1401354872093 6 4098 172.5 851.451 0.26666668 5.0 5.0 5.0 5.0 0.0 0.22800002 2 TOUCH_MOVE e
1401354872127 6 4098 174.5 849.5975 0.33333334 6.0 6.0 6.0 6.0 0.0 0.23600002 2 TOUCH_MOVE e
1401354872143 6 4098 175.3781 848.0729 0.3 5.0 5.0 5.0 5.0 0.0 0.23600002 2 TOUCH_MOVE e
1401354872160 6 4098 176.0 847.0566 0.33333334 6.0 6.0 6.0 6.0 0.0 0.24000001 2 TOUCH_MOVE e
1401354872177 6 4098 176.0 846.201 0.3 5.0 5.0 5.0 5.0 0.0 0.23600002 2 TOUCH_MOVE e
1401354872228 6 4098 175.0 846.951 0.26666668 5.0 5.0 5.0 5.0 0.0 0.224 2 TOUCH_MOVE e
1401354872239 6 4098 175.0 846.951 0.16666667 3.0 3.0 3.0 3.0 0.0 0.104 2 TOUCH_MOVE e
1401354872243 6 4098 175.0 846.951 0.16666667 3.0 3.0 3.0 3.0 0.0 0.104 1 TOUCH_UP e
1401354872373 6 4098 365.0 1229.9509 0.23333335 4.0 4.0 4.0 4.0 0.0 0.19600001 0 TOUCH_DOWN Space
1401354872376 6 4098 365.0 1229.9509 0.23333335 4.0 4.0 4.0 4.0 0.0 0.2 2 TOUCH_MOVE Space
1401354872396 6 4098 365.6185 1228.5953 0.23333335 4.0 4.0 4.0 4.0 0.0 0.21200001 2 TOUCH_MOVE Space
1401354872410 6 4098 367.9172 1225.5337 0.26666668 5.0 5.0 5.0 5.0 0.0 0.216 2 TOUCH_MOVE Space
1401354872426 6 4098 370.95825 1222.4927 0.26666668 5.0 5.0 5.0 5.0 0.0 0.22000001 2 TOUCH_MOVE Space
1401354872443 6 4098 373.5085 1220.6119 0.26666668 5.0 5.0 5.0 5.0 0.0 0.224 2 TOUCH_MOVE Space
1401354872462 6 4098 374.6825 1219.2684 0.26666668 5.0 5.0 5.0 5.0 0.0 0.224 2 TOUCH_MOVE Space
1401354872477 6 4098 376.1977 1218.4509 0.26666668 5.0 5.0 5.0 5.0 0.0 0.224 2 TOUCH_MOVE Space
1401354872505 6 4098 376.75 1218.4509 0.26666668 5.0 5.0 5.0 5.0 0.0 0.224 2 TOUCH_MOVE Space
1401354872510 6 4098 376.5 1219.1691 0.26666668 5.0 5.0 5.0 5.0 0.0 0.224 2 TOUCH_MOVE Space
1401354872526 6 4098 376.2534 1220.1975 0.26666668 5.0 5.0 5.0 5.0 0.0 0.216 2 TOUCH_MOVE Space
1401354872543 6 4098 375.5 1221.1879 0.23333335 4.0 4.0 4.0 4.0 0.0 0.2 2 TOUCH_MOVE Space
1401354872550 6 4098 375.5 1221.4509 0.26666668 5.0 5.0 5.0 5.0 0.0 0.18 2 TOUCH_MOVE Space
1401354872553 6 4098 375.5 1221.4509 0.26666668 5.0 5.0 5.0 5.0 0.0 0.18 1 TOUCH_UP Space
1401354872912 6 4098 42.0 980.451 0.20000002 3.0 3.0 3.0 3.0 0.0 0.18800001 0 TOUCH_DOWN a
1401354872961 6 4098 44.657036 979.29395 0.20000002 3.0 3.0 3.0 3.0 0.0 0.19600001 2 TOUCH_MOVE a
1401354872977 6 4098 45.25 978.701 0.20000002 3.0 3.0 3.0 3.0 0.0 0.19600001 2 TOUCH_MOVE a
1401354872994 6 4098 46.876114 977.76294 0.16666667 3.0 3.0 3.0 3.0 0.0 0.19600001 2 TOUCH_MOVE a
1401354873010 6 4098 47.162766 977.2882 0.16666667 3.0 3.0 3.0 3.0 0.0 0.2 2 TOUCH_MOVE a
1401354873027 6 4098 47.5 976.5909 0.16666667 3.0 3.0 3.0 3.0 0.0 0.19600001 2 TOUCH_MOVE a
1401354873050 6 4098 47.31152 975.7625 0.16666667 3.0 3.0 3.0 3.0 0.0 0.19600001 2 TOUCH_MOVE a
1401354873060 6 4098 46.246895 974.1979 0.16666667 3.0 3.0 3.0 3.0 0.0 0.19600001 2 TOUCH_MOVE a
1401354873077 6 4098 44.421265 972.9116 0.16666667 3.0 3.0 3.0 3.0 0.0 0.192 2 TOUCH_MOVE a
1401354873098 6 4098 42.763702 971.951 0.16666667 3.0 3.0 3.0 3.0 0.0 0.18800001 2 TOUCH_MOVE a
1401354873109 6 4098 40.0 971.451 0.13333334 2.0 2.0 2.0 2.0 0.0 0.17600001 2 TOUCH_MOVE a
1401354873112 6 4098 40.0 971.451 0.13333334 2.0 2.0 2.0 2.0 0.0 0.17600001 1 TOUCH_UP a
1401354873372 6 4098 264.0 865.951 0.26666668 5.0 5.0 5.0 5.0 0.0 0.224 0 TOUCH_DOWN r
1401354873389 6 4098 264.0 865.951 0.26666668 5.0 5.0 5.0 5.0 0.0 0.23200001 2 TOUCH_MOVE r
1401354873430 6 4098 262.96863 865.951 0.3 6.0 6.0 6.0 6.0 0.0 0.24000001 2 TOUCH_MOVE r
1401354873461 6 4098 261.85474 865.951 0.3 6.0 6.0 6.0 6.0 0.0 0.24400002 2 TOUCH_MOVE r
1401354873477 6 4098 261.4262 865.951 0.3 6.0 6.0 6.0 6.0 0.0 0.24400002 2 TOUCH_MOVE r
1401354873496 6 4098 260.75 865.951 0.3 6.0 6.0 6.0 6.0 0.0 0.24400002 2 TOUCH_MOVE r
1401354873511 6 4098 260.4711 865.951 0.3 6.0 6.0 6.0 6.0 0.0 0.24400002 2 TOUCH_MOVE r
1401354873545 6 4098 256.66086 865.951 0.33333334 6.0 6.0 6.0 6.0 0.0 0.23600002 2 TOUCH_MOVE r
1401354873561 6 4098 248.48245 866.451 0.26666668 5.0 5.0 5.0 5.0 0.0 0.22000001 2 TOUCH_MOVE r
1401354873568 6 4098 243.5 866.451 0.26666668 5.0 5.0 5.0 5.0 0.0 0.18 2 TOUCH_MOVE r
1401354873571 6 4098 243.5 866.451 0.26666668 5.0 5.0 5.0 5.0 0.0 0.18 1 TOUCH_UP r
1401354873819 6 4098 161.5 853.951 0.23333335 5.0 5.0 5.0 5.0 0.0 0.216 0 TOUCH_DOWN e
1401354873844 6 4098 161.5 853.951 0.26666668 5.0 5.0 5.0 5.0 0.0 0.224 2 TOUCH_MOVE e
1401354873861 6 4098 163.01555 853.44324 0.26666668 5.0 5.0 5.0 5.0 0.0 0.23200001 2 TOUCH_MOVE e
1401354873878 6 4098 164.49156 852.951 0.3 6.0 6.0 6.0 6.0 0.0 0.23200001 2 TOUCH_MOVE e
1401354873896 6 4098 166.0671 851.9174 0.26666668 5.0 5.0 5.0 5.0 0.0 0.23200001 2 TOUCH_MOVE e
1401354873912 6 4098 167.55502 851.951 0.26666668 5.0 5.0 5.0 5.0 0.0 0.23200001 2 TOUCH_MOVE e
1401354873928 6 4098 168.25 851.951 0.26666668 5.0 5.0 5.0 5.0 0.0 0.23200001 2 TOUCH_MOVE e
1401354873971 6 4098 167.5 851.951 0.20000002 4.0 4.0 4.0 4.0 0.0 0.18400002 2 TOUCH_MOVE e
1401354873975 6 4098 167.5 851.951 0.20000002 4.0 4.0 4.0 4.0 0.0 0.18400002 1 TOUCH_UP e
1401354874163 6 4098 354.5 1229.4509 0.23333335 4.0 4.0 4.0 4.0 0.0 0.2 0 TOUCH_DOWN Space
1401354874184 6 4098 354.5 1229.4509 0.23333335 4.0 4.0 4.0 4.0 0.0 0.20400001 2 TOUCH_MOVE Space
1401354874195 6 4098 355.64142 1228.6302 0.26666668 5.0 5.0 5.0 5.0 0.0 0.216 2 TOUCH_MOVE Space
1401354874237 6 4098 359.20746 1226.5972 0.26666668 5.0 5.0 5.0 5.0 0.0 0.22000001 2 TOUCH_MOVE Space
1401354874260 6 4098 360.3577 1225.5933 0.26666668 5.0 5.0 5.0 5.0 0.0 0.22000001 2 TOUCH_MOVE Space
1401354874279 6 4098 361.24683 1225.4509 0.26666668 5.0 5.0 5.0 5.0 0.0 0.22000001 2 TOUCH_MOVE Space
1401354874313 6 4098 360.56656 1227.3177 0.26666668 5.0 5.0 5.0 5.0 0.0 0.21200001 2 TOUCH_MOVE Space
1401354874328 6 4098 359.5 1229.4509 0.23333335 4.0 4.0 4.0 4.0 0.0 0.18800001 2 TOUCH_MOVE Space
1401354874333 6 4098 359.5 1229.4509 0.10000001 2.0 2.0 2.0 2.0 0.0 0.1 2 TOUCH_MOVE Space
1401354874336 6 4098 359.5 1229.4509 0.10000001 2.0 2.0 2.0 2.0 0.0 0.1 1 TOUCH_UP Space
1401354874731 6 4098 322.5 854.451 0.23333335 5.0 5.0 5.0 5.0 0.0 0.224 0 TOUCH_DOWN t
1401354874762 6 4098 322.94952 854.00146 0.26666668 5.0 5.0 5.0 5.0 0.0 0.22800002 2 TOUCH_MOVE t
1401354874779 6 4098 323.33417 853.1168 0.3 5.0 5.0 5.0 5.0 0.0 0.24400002 2 TOUCH_MOVE t
1401354874796 6 4098 324.36188 852.0891 0.3 5.0 5.0 5.0 5.0 0.0 0.24400002 2 TOUCH_MOVE t
1401354874812 6 4098 324.5 851.0455 0.33333334 6.0 6.0 6.0 6.0 0.0 0.24800001 2 TOUCH_MOVE t
1401354874829 6 4098 325.25 850.951 0.3 5.0 5.0 5.0 5.0 0.0 0.24800001 2 TOUCH_MOVE t
1401354874903 6 4098 322.55096 850.951 0.33333334 6.0 6.0 6.0 6.0 0.0 0.24000001 2 TOUCH_MOVE t
1401354874912 6 4098 319.0 851.451 0.23333335 5.0 5.0 5.0 5.0 0.0 0.17600001 2 TOUCH_MOVE t
1401354874918 6 4098 319.0 851.451 0.23333335 5.0 5.0 5.0 5.0 0.0 0.17600001 1 TOUCH_UP t
1401354875048 6 4098 422.5 966.951 0.23333335 5.0 5.0 5.0 5.0 0.0 0.208 0 TOUCH_DOWN h
1401354875065 6 4098 422.5 966.951 0.23333335 5.0 5.0 5.0 5.0 0.0 0.216 2 TOUCH_MOVE h
1401354875080 6 4098 423.1526 966.2984 0.26666668 5.0 5.0 5.0 5.0 0.0 0.224 2 TOUCH_MOVE h
1401354875096 6 4098 424.34512 965.27844 0.26666668 5.0 5.0 5.0 5.0 0.0 0.22800002 2 TOUCH_MOVE h
1401354875112 6 4098 425.6899 964.7611 0.26666668 5.0 5.0 5.0 5.0 0.0 0.22800002 2 TOUCH_MOVE h
1401354875129 6 4098 427.40802 963.747 0.3 6.0 6.0 6.0 6.0 0.0 0.22800002 2 TOUCH_MOVE h
1401354875147 6 4098 427.7154 963.951 0.26666668 5.0 5.0 5.0 5.0 0.0 0.22800002 2 TOUCH_MOVE h
1401354875163 6 4098 428.25 963.951 0.3 6.0 6.0 6.0 6.0 0.0 0.22800002 2 TOUCH_MOVE h
1401354875210 6 4098 427.0 964.951 0.20000002 4.0 4.0 4.0 4.0 0.0 0.18800001 2 TOUCH_MOVE h
1401354875214 6 4098 427.0 964.951 0.20000002 4.0 4.0 4.0 4.0 0.0 0.18800001 1 TOUCH_UP h
1401354875349 6 4098 162.5 864.951 0.26666668 5.0 5.0 5.0 5.0 0.0 0.21200001 0 TOUCH_DOWN e
1401354875362 6 4098 162.5 864.951 0.26666668 5.0 5.0 5.0 5.0 0.0 0.22000001 2 TOUCH_MOVE e
1401354875413 6 4098 163.96861 864.951 0.26666668 5.0 5.0 5.0 5.0 0.0 0.23200001 2 TOUCH_MOVE e
1401354875430 6 4098 164.48642 864.951 0.3 6.0 6.0 6.0 6.0 0.0 0.23200001 2 TOUCH_MOVE e
1401354875446 6 4098 165.25 864.951 0.3 6.0 6.0 6.0 6.0 0.0 0.23200001 2 TOUCH_MOVE e
1401354875481 6 4098 165.66162 864.951 0.3 6.0 6.0 6.0 6.0 0.0 0.23200001 2 TOUCH_MOVE e
1401354875496 6 4098 163.35628 864.951 0.26666668 5.0 5.0 5.0 5.0 0.0 0.21200001 2 TOUCH_MOVE e
1401354875506 6 4098 163.5 864.951 0.26666668 5.0 5.0 5.0 5.0 0.0 0.18800001 2 TOUCH_MOVE e
1401354875509 6 4098 163.5 864.951 0.26666668 5.0 5.0 5.0 5.0 0.0 0.18800001 1 TOUCH_UP e
1401354875753 6 4098 354.5 1215.9509 0.23333335 4.0 4.0 4.0 4.0 0.0 0.2 0 TOUCH_DOWN Space
1401354875764 6 4098 354.5 1215.9509 0.23333335 4.0 4.0 4.0 4.0 0.0 0.208 2 TOUCH_MOVE Space
1401354875813 6 4098 355.3294 1215.1216 0.26666668 5.0 5.0 5.0 5.0 0.0 0.224 2 TOUCH_MOVE Space
1401354875829 6 4098 355.86835 1214.4509 0.26666668 5.0 5.0 5.0 5.0 0.0 0.22800002 2 TOUCH_MOVE Space
1401354875848 6 4098 356.75 1214.4509 0.3 6.0 6.0 6.0 6.0 0.0 0.22800002 2 TOUCH_MOVE Space
1401354875865 6 4098 357.44684 1213.9509 0.26666668 5.0 5.0 5.0 5.0 0.0 0.22800002 2 TOUCH_MOVE Space
1401354875880 6 4098 357.75 1213.9509 0.3 6.0 6.0 6.0 6.0 0.0 0.22800002 2 TOUCH_MOVE Space
1401354875930 6 4098 356.5 1213.9509 0.23333335 4.0 4.0 4.0 4.0 0.0 0.2 2 TOUCH_MOVE Space
1401354875933 6 4098 356.5 1213.9509 0.16666667 3.0 3.0 3.0 3.0 0.0 0.172 2 TOUCH_MOVE Space
1401354875936 6 4098 356.5 1213.9509 0.16666667 3.0 3.0 3.0 3.0 0.0 0.172 1 TOUCH_UP Space
1401354876130 6 4098 82.5 845.951 0.23333335 4.0 4.0 4.0 4.0 0.0 0.20400001 0 TOUCH_DOWN w
1401354876152 6 4098 83.170105 845.6159 0.3 5.0 5.0 5.0 5.0 0.0 0.21200001 2 TOUCH_MOVE w
1401354876163 6 4098 86.04235 844.7702 0.26666668 5.0 5.0 5.0 5.0 0.0 0.216 2 TOUCH_MOVE w
1401354876180 6 4098 89.39768 843.75214 0.3 5.0 5.0 5.0 5.0 0.0 0.22000001 2 TOUCH_MOVE w
1401354876200 6 4098 91.70351 842.951 0.3 5.0 5.0 5.0 5.0 0.0 0.224 2 TOUCH_MOVE w
1401354876220 6 4098 92.68514 842.951 0.3 5.0 5.0 5.0 5.0 0.0 0.22800002 2 TOUCH_MOVE w
1401354876230 6 4098 93.25 842.951 0.3 5.0 5.0 5.0 5.0 0.0 0.22800002 2 TOUCH_MOVE w
1401354876280 6 4098 92.458305 842.951 0.3 5.0 5.0 5.0 5.0 0.0 0.22800002 2 TOUCH_MOVE w
1401354876300 6 4098 91.17185 843.72705 0.26666668 5.0 5.0 5.0 5.0 0.0 0.22000001 2 TOUCH_MOVE w
1401354876313 6 4098 88.5 845.451 0.26666668 5.0 5.0 5.0 5.0 0.0 0.20400001 2 TOUCH_MOVE w
1401354876319 6 4098 88.5 845.451 0.13333334 2.0 2.0 2.0 2.0 0.0 0.164 2 TOUCH_MOVE w
1401354876322 6 4098 88.5 845.451 0.13333334 2.0 2.0 2.0 2.0 0.0 0.164 1 TOUCH_UP w
1401354876677 6 4098 629.5 862.951 0.23333335 4.0 4.0 4.0 4.0 0.0 0.208 0 TOUCH_DOWN o
1401354876698 6 4098 629.5 862.951 0.26666668 5.0 5.0 5.0 5.0 0.0 0.216 2 TOUCH_MOVE o
1401354876847 6 4098 629.5 862.951 0.20000002 3.0 3.0 3.0 3.0 0.0 0.192 2 TOUCH_MOVE o
1401354876855 6 4098 629.5 862.951 0.20000002 3.0 3.0 3.0 3.0 0.0 0.192 1 TOUCH_UP o
1401354877231 6 4098 266.5 859.451 0.23333335 5.0 5.0 5.0 5.0 0.0 0.216 0 TOUCH_DOWN r
1401354877248 6 4098 266.85175 859.451 0.23333335 5.0 5.0 5.0 5.0 0.0 0.22000001 2 TOUCH_MOVE r
1401354877264 6 4098 267.73056 859.451 0.23333335 5.0 5.0 5.0 5.0 0.0 0.224 2 TOUCH_MOVE r
1401354877281 6 4098 269.4783 858.21185 0.26666668 5.0 5.0 5.0 5.0 0.0 0.22800002 2 TOUCH_MOVE r
1401354877302 6 4098 270.3448 857.951 0.26666668 5.0 5.0 5.0 5.0 0.0 0.23200001 2 TOUCH_MOVE r
1401354877316 6 4098 270.72253 857.951 0.26666668 5.0 5.0 5.0 5.0 0.0 0.23200001 2 TOUCH_MOVE r
1401354877351 6 4098 270.0 859.1982 0.26666668 5.0 5.0 5.0 5.0 0.0 0.23200001 2 TOUCH_MOVE r
1401354877364 6 4098 269.5 860.2432 0.26666668 5.0 5.0 5.0 5.0 0.0 0.22800002 2 TOUCH_MOVE r
1401354877378 6 4098 269.5 860.451 0.23333335 5.0 5.0 5.0 5.0 0.0 0.192 2 TOUCH_MOVE r
1401354877382 6 4098 269.5 860.451 0.23333335 5.0 5.0 5.0 5.0 0.0 0.192 1 TOUCH_UP r
1401354877710 6 4098 646.0 984.451 0.26666668 5.0 5.0 5.0 5.0 0.0 0.208 0 TOUCH_DOWN l
1401354877715 6 4098 646.0 984.451 0.26666668 5.0 5.0 5.0 5.0 0.0 0.21200001 2 TOUCH_MOVE l
1401354877765 6 4098 644.8797 983.8307 0.26666668 5.0 5.0 5.0 5.0 0.0 0.22000001 2 TOUCH_MOVE l
1401354877879 6 4098 645.0 983.451 0.26666668 5.0 5.0 5.0 5.0 0.0 0.20400001 2 TOUCH_MOVE l
1401354877882 6 4098 645.0 983.451 0.26666668 5.0 5.0 5.0 5.0 0.0 0.20400001 1 TOUCH_UP l
1401354878205 6 4098 245.0 999.951 0.23333335 5.0 5.0 5.0 5.0 0.0 0.18800001 0 TOUCH_DOWN d
1401354878215 6 4098 245.0 999.951 0.3 5.0 5.0 5.0 5.0 0.0 0.20400001 2 TOUCH_MOVE d
1401354878249 6 4098 244.33778 999.951 0.3 5.0 5.0 5.0 5.0 0.0 0.224 2 TOUCH_MOVE d
1401354878265 6 4098 244.0 998.7821 0.3 5.0 5.0 5.0 5.0 0.0 0.22800002 2 TOUCH_MOVE d
1401354878284 6 4098 243.0 997.76935 0.33333334 5.0 5.0 5.0 5.0 0.0 0.22800002 2 TOUCH_MOVE d
1401354878302 6 4098 243.0 996.7588 0.3 5.0 5.0 5.0 5.0 0.0 0.22800002 2 TOUCH_MOVE d
1401354878315 6 4098 242.78915 995.7402 0.33333334 6.0 6.0 6.0 6.0 0.0 0.23200001 2 TOUCH_MOVE d
1401354878332 6 4098 242.27637 994.72736 0.3 5.0 5.0 5.0 5.0 0.0 0.23200001 2 TOUCH_MOVE d
1401354878350 6 4098 241.26521 994.451 0.3 5.0 5.0 5.0 5.0 0.0 0.23200001 2 TOUCH_MOVE d
1401354878365 6 4098 239.18303 994.451 0.33333334 5.0 5.0 5.0 5.0 0.0 0.23200001 2 TOUCH_MOVE d
1401354878380 6 4098 238.0 994.451 0.3 5.0 5.0 5.0 5.0 0.0 0.18 2 TOUCH_MOVE d
1401354878385 6 4098 238.0 994.451 0.3 5.0 5.0 5.0 5.0 0.0 0.18 1 TOUCH_UP d
1401354878908 6 4098 426.0 1229.9509 0.23333335 4.0 4.0 4.0 4.0 0.0 0.2 0 TOUCH_DOWN ,
1401354878916 6 4098 426.0 1229.9509 0.26666668 5.0 5.0 5.0 5.0 0.0 0.208 2 TOUCH_MOVE ,
1401354878935 6 4098 427.08664 1229.6576 0.26666668 5.0 5.0 5.0 5.0 0.0 0.21200001 2 TOUCH_MOVE ,
1401354878949 6 4098 429.13028 1228.1357 0.26666668 5.0 5.0 5.0 5.0 0.0 0.216 2 TOUCH_MOVE ,
1401354878967 6 4098 431.16483 1227.1185 0.26666668 5.0 5.0 5.0 5.0 0.0 0.216 2 TOUCH_MOVE ,
1401354878987 6 4098 432.33765 1226.4509 0.26666668 5.0 5.0 5.0 5.0 0.0 0.22000001 2 TOUCH_MOVE ,
1401354878999 6 4098 432.75 1226.4509 0.26666668 5.0 5.0 5.0 5.0 0.0 0.22000001 2 TOUCH_MOVE ,
1401354879019 6 4098 432.15424 1227.6425 0.26666668 5.0 5.0 5.0 5.0 0.0 0.21200001 2 TOUCH_MOVE ,
1401354879029 6 4098 430.5 1230.4509 0.26666668 5.0 5.0 5.0 5.0 0.0 0.19600001 2 TOUCH_MOVE ,
1401354879032 6 4098 430.5 1230.4509 0.26666668 5.0 5.0 5.0 5.0 0.0 0.19600001 1 TOUCH_UP ,
1401354879259 6 4098 339.0 1226.4509 0.26666668 5.0 5.0 5.0 5.0 0.0 0.208 0 TOUCH_DOWN Space
1401354879269 6 4098 339.0 1226.4509 0.26666668 5.0 5.0 5.0 5.0 0.0 0.21200001 2 TOUCH_MOVE Space
1401354879299 6 4098 339.62665 1225.3243 0.3 6.0 6.0 6.0 6.0 0.0 0.224 2 TOUCH_MOVE Space
1401354879316 6 4098 340.66205 1223.789 0.26666668 5.0 5.0 5.0 5.0 0.0 0.22800002 2 TOUCH_MOVE Space
1401354879333 6 4098 341.0 1222.774 0.26666668 5.0 5.0 5.0 5.0 0.0 0.224 2 TOUCH_MOVE Space
1401354879353 6 4098 341.0 1222.2009 0.26666668 5.0 5.0 5.0 5.0 0.0 0.224 2 TOUCH_MOVE Space
1401354879399 6 4098 340.5 1224.4509 0.26666668 5.0 5.0 5.0 5.0 0.0 0.192 2 TOUCH_MOVE Space
1401354879406 6 4098 340.5 1224.4509 0.23333335 4.0 4.0 4.0 4.0 0.0 0.16800001 2 TOUCH_MOVE Space
1401354879411 6 4098 340.5 1224.4509 0.23333335 4.0 4.0 4.0 4.0 0.0 0.16800001 1 TOUCH_UP Space
1401354879666 6 4098 98.0 877.451 0.3 5.0 5.0 5.0 5.0 0.0 0.208 0 TOUCH_DOWN w
1401354879685 6 4098 98.0 877.451 0.3 5.0 5.0 5.0 5.0 0.0 0.216 2 TOUCH_MOVE w
1401354879716 6 4098 100.04186 877.451 0.3 5.0 5.0 5.0 5.0 0.0 0.22800002 2 TOUCH_MOVE w
1401354879733 6 4098 102.61634 877.451 0.3 5.0 5.0 5.0 5.0 0.0 0.22800002 2 TOUCH_MOVE w
1401354879752 6 4098 103.01913 877.4319 0.3 5.0 5.0 5.0 5.0 0.0 0.22800002 2 TOUCH_MOVE w
1401354879766 6 4098 104.07905 876.951 0.3 5.0 5.0 5.0 5.0 0.0 0.22800002 2 TOUCH_MOVE w
1401354879834 6 4098 104.0 876.951 0.20000002 3.0 3.0 3.0 3.0 0.0 0.108 2 TOUCH_MOVE w
1401354879837 6 4098 104.0 876.951 0.20000002 3.0 3.0 3.0 3.0 0.0 0.108 1 TOUCH_UP w
1401354880024 6 4098 181.0 849.951 0.26666668 5.0 5.0 5.0 5.0 0.0 0.224 0 TOUCH_DOWN e
1401354880035 6 4098 181.0 849.951 0.3 5.0 5.0 5.0 5.0 0.0 0.22800002 2 TOUCH_MOVE e
1401354880050 6 4098 181.0 849.09753 0.33333334 6.0 6.0 6.0 6.0 0.0 0.23200001 2 TOUCH_MOVE e
1401354880067 6 4098 181.0 847.70685 0.3 5.0 5.0 5.0 5.0 0.0 0.23600002 2 TOUCH_MOVE e
1401354880083 6 4098 181.5 846.5736 0.33333334 6.0 6.0 6.0 6.0 0.0 0.23600002 2 TOUCH_MOVE e
1401354880101 6 4098 181.5 845.5579 0.3 5.0 5.0 5.0 5.0 0.0 0.23600002 2 TOUCH_MOVE e
1401354880117 6 4098 181.5 844.701 0.33333334 6.0 6.0 6.0 6.0 0.0 0.23600002 2 TOUCH_MOVE e
1401354880154 6 4098 181.5 844.951 0.16666667 3.0 3.0 3.0 3.0 0.0 0.1 2 TOUCH_MOVE e
1401354880158 6 4098 181.5 844.951 0.16666667 3.0 3.0 3.0 3.0 0.0 0.1 1 TOUCH_UP e
1401354880351 6 4098 333.0 1220.9509 0.26666668 5.0 5.0 5.0 5.0 0.0 0.208 0 TOUCH_DOWN Space
1401354880369 6 4098 333.0 1220.9509 0.26666668 5.0 5.0 5.0 5.0 0.0 0.21200001 2 TOUCH_MOVE Space
1401354880385 6 4098 333.6543 1220.7966 0.3 6.0 6.0 6.0 6.0 0.0 0.224 2 TOUCH_MOVE Space
1401354880401 6 4098 334.87616 1219.7628 0.26666668 5.0 5.0 5.0 5.0 0.0 0.22800002 2 TOUCH_MOVE Space
1401354880418 6 4098 336.70404 1218.747 0.26666668 5.0 5.0 5.0 5.0 0.0 0.22800002 2 TOUCH_MOVE Space
1401354880435 6 4098 337.71436 1218.4509 0.3 6.0 6.0 6.0 6.0 0.0 0.22800002 2 TOUCH_MOVE Space
1401354880518 6 4098 336.0 1219.4509 0.26666668 5.0 5.0 5.0 5.0 0.0 0.19600001 2 TOUCH_MOVE Space
1401354880524 6 4098 336.0 1219.4509 0.20000002 3.0 3.0 3.0 3.0 0.0 0.104 2 TOUCH_MOVE Space
1401354880527 6 4098 336.0 1219.4509 0.20000002 3.0 3.0 3.0 3.0 0.0 0.104 1 TOUCH_UP Space
1401354880756 6 4098 49.0 952.451 0.23333335 4.0 4.0 4.0 4.0 0.0 0.19600001 0 TOUCH_DOWN a
1401354880780 6 4098 47.945133 952.3961 0.23333335 4.0 4.0 4.0 4.0 0.0 0.20400001 2 TOUCH_MOVE a
1401354880803 6 4098 49.125164 950.3884 0.23333335 4.0 4.0 4.0 4.0 0.0 0.208 2 TOUCH_MOVE a
1401354880824 6 4098 51.578396 949.3726 0.23333335 4.0 4.0 4.0 4.0 0.0 0.20400001 2 TOUCH_MOVE a
1401354880834 6 4098 51.41144 948.951 0.23333335 4.0 4.0 4.0 4.0 0.0 0.20400001 2 TOUCH_MOVE a
1401354880851 6 4098 50.75 948.951 0.23333335 4.0 4.0 4.0 4.0 0.0 0.20400001 2 TOUCH_MOVE a
1401354880885 6 4098 50.47247 948.951 0.23333335 4.0 4.0 4.0 4.0 0.0 0.2 2 TOUCH_MOVE a
1401354880904 6 4098 49.0 949.701 0.23333335 4.0 4.0 4.0 4.0 0.0 0.2 2 TOUCH_MOVE a
1401354880910 6 4098 48.5 951.951 0.20000002 3.0 3.0 3.0 3.0 0.0 0.18 2 TOUCH_MOVE a
1401354880913 6 4098 48.5 951.951 0.20000002 3.0 3.0 3.0 3.0 0.0 0.18 1 TOUCH_UP a
1401354881179 6 4098 254.5 863.951 0.26666668 5.0 5.0 5.0 5.0 0.0 0.216 0 TOUCH_DOWN r
1401354881203 6 4098 253.55542 863.951 0.26666668 5.0 5.0 5.0 5.0 0.0 0.224 2 TOUCH_MOVE r
1401354881218 6 4098 253.25 863.951 0.26666668 5.0 5.0 5.0 5.0 0.0 0.22800002 2 TOUCH_MOVE r
1401354881285 6 4098 251.94656 863.951 0.26666668 5.0 5.0 5.0 5.0 0.0 0.23600002 2 TOUCH_MOVE r
1401354881303 6 4098 250.46277 863.951 0.26666668 5.0 5.0 5.0 5.0 0.0 0.23600002 2 TOUCH_MOVE r
1401354881318 6 4098 248.32607 863.951 0.3 6.0 6.0 6.0 6.0 0.0 0.22800002 2 TOUCH_MOVE r
1401354881335 6 4098 238.75052 866.1009 0.23333335 4.0 4.0 4.0 4.0 0.0 0.19600001 2 TOUCH_MOVE r
1401354881338 6 4098 238.75052 866.1009 0.23333335 4.0 4.0 4.0 4.0 0.0 0.19600001 1 TOUCH_UP r
1401354881550 6 4098 163.5 848.451 0.26666668 5.0 5.0 5.0 5.0 0.0 0.216 0 TOUCH_DOWN e
1401354881569 6 4098 163.89699 848.054 0.26666668 5.0 5.0 5.0 5.0 0.0 0.224 2 TOUCH_MOVE e
1401354881586 6 4098 165.52924 846.42175 0.3 5.0 5.0 5.0 5.0 0.0 0.22800002 2 TOUCH_MOVE e
1401354881601 6 4098 167.21086 845.2401 0.33333334 6.0 6.0 6.0 6.0 0.0 0.23200001 2 TOUCH_MOVE e
1401354881618 6 4098 168.34236 844.10864 0.33333334 6.0 6.0 6.0 6.0 0.0 0.23200001 2 TOUCH_MOVE e
1401354881635 6 4098 168.5 843.0996 0.3 5.0 5.0 5.0 5.0 0.0 0.23200001 2 TOUCH_MOVE e
1401354881656 6 4098 169.27864 842.451 0.3 5.0 5.0 5.0 5.0 0.0 0.23200001 2 TOUCH_MOVE e
1401354881680 6 4098 169.23553 842.451 0.33333334 6.0 6.0 6.0 6.0 0.0 0.23200001 2 TOUCH_MOVE e
1401354881688 6 4098 168.60243 842.8486 0.26666668 5.0 5.0 5.0 5.0 0.0 0.22800002 2 TOUCH_MOVE e
1401354881698 6 4098 168.5 842.951 0.23333335 5.0 5.0 5.0 5.0 0.0 0.19600001 2 TOUCH_MOVE e
1401354881702 6 4098 168.5 842.951 0.23333335 5.0 5.0 5.0 5.0 0.0 0.19600001 1 TOUCH_UP e
1401354881890 6 4098 333.5 1225.4509 0.26666668 5.0 5.0 5.0 5.0 0.0 0.20400001 0 TOUCH_DOWN Space
1401354881902 6 4098 333.5 1225.4509 0.26666668 5.0 5.0 5.0 5.0 0.0 0.21200001 2 TOUCH_MOVE Space
1401354881936 6 4098 334.64453 1224.3064 0.26666668 5.0 5.0 5.0 5.0 0.0 0.224 2 TOUCH_MOVE Space
1401354881961 6 4098 336.30127 1223.3003 0.26666668 5.0 5.0 5.0 5.0 0.0 0.22800002 2 TOUCH_MOVE Space
1401354881969 6 4098 338.3575 1222.2722 0.3 6.0 6.0 6.0 6.0 0.0 0.22800002 2 TOUCH_MOVE Space
1401354881988 6 4098 339.19174 1221.2592 0.3 6.0 6.0 6.0 6.0 0.0 0.22800002 2 TOUCH_MOVE Space
1401354882052 6 4098 339.0 1223.0051 0.26666668 5.0 5.0 5.0 5.0 0.0 0.2 2 TOUCH_MOVE Space
1401354882059 6 4098 339.0 1224.4509 0.23333335 4.0 4.0 4.0 4.0 0.0 0.18 2 TOUCH_MOVE Space
1401354882062 6 4098 339.0 1224.4509 0.23333335 4.0 4.0 4.0 4.0 0.0 0.18 1 TOUCH_UP Space
1401354882310 6 4098 329.5 861.951 0.26666668 5.0 5.0 5.0 5.0 0.0 0.216 0 TOUCH_DOWN t
1401354882319 6 4098 329.5 861.951 0.26666668 5.0 5.0 5.0 5.0 0.0 0.22800002 2 TOUCH_MOVE t
1401354882352 6 4098 330.53735 861.951 0.26666668 5.0 5.0 5.0 5.0 0.0 0.23600002 2 TOUCH_MOVE t
1401354882403 6 4098 331.01053 861.4405 0.23333335 4.0 4.0 4.0 4.0 0.0 0.24000001 2 TOUCH_MOVE t
1401354882436 6 4098 329.9572 860.9082 0.26666668 5.0 5.0 5.0 5.0 0.0 0.23600002 2 TOUCH_MOVE t
1401354882453 6 4098 328.24112 860.951 0.26666668 5.0 5.0 5.0 5.0 0.0 0.22000001 2 TOUCH_MOVE t
1401354882461 6 4098 328.5 860.951 0.23333335 5.0 5.0 5.0 5.0 0.0 0.17600001 2 TOUCH_MOVE t
1401354882464 6 4098 328.5 860.951 0.23333335 5.0 5.0 5.0 5.0 0.0 0.17600001 1 TOUCH_UP t
1401354882636 6 4098 425.5 983.451 0.26666668 5.0 5.0 5.0 5.0 0.0 0.216 0 TOUCH_DOWN h
1401354882659 6 4098 425.5 983.451 0.26666668 5.0 5.0 5.0 5.0 0.0 0.22000001 2 TOUCH_MOVE h
1401354882686 6 4098 427.4592 983.451 0.26666668 5.0 5.0 5.0 5.0 0.0 0.22800002 2 TOUCH_MOVE h
1401354882703 6 4098 430.2931 982.951 0.26666668 5.0 5.0 5.0 5.0 0.0 0.22800002 2 TOUCH_MOVE h
1401354882719 6 4098 431.88696 982.951 0.3 6.0 6.0 6.0 6.0 0.0 0.22800002 2 TOUCH_MOVE h
1401354882736 6 4098 432.25 982.951 0.3 6.0 6.0 6.0 6.0 0.0 0.22800002 2 TOUCH_MOVE h
1401354882769 6 4098 432.0 983.451 0.3 5.0 5.0 5.0 5.0 0.0 0.22000001 2 TOUCH_MOVE h
1401354882782 6 4098 432.0 983.451 0.26666668 5.0 5.0 5.0 5.0 0.0 0.192 2 TOUCH_MOVE h
1401354882785 6 4098 432.0 983.451 0.26666668 5.0 5.0 5.0 5.0 0.0 0.192 1 TOUCH_UP h
1401354882898 6 4098 163.0 843.451 0.3 5.0 5.0 5.0 5.0 0.0 0.224 0 TOUCH_DOWN e
1401354882904 6 4098 163.0 843.451 0.3 5.0 5.0 5.0 5.0 0.0 0.22800002 2 TOUCH_MOVE e
1401354882920 6 4098 164.00381 842.9491 0.3 5.0 5.0 5.0 5.0 0.0 0.23200001 2 TOUCH_MOVE e
1401354882936 6 4098 166.78596 841.2603 0.3 5.0 5.0 5.0 5.0 0.0 0.23600002 2 TOUCH_MOVE e
1401354882953 6 4098 169.10493 840.3985 0.33333334 6.0 6.0 6.0 6.0 0.0 0.23600002 2 TOUCH_MOVE e
1401354882969 6 4098 169.75 840.451 0.33333334 6.0 6.0 6.0 6.0 0.0 0.23600002 2 TOUCH_MOVE e
1401354883020 6 4098 169.0 840.951 0.23333335 5.0 5.0 5.0 5.0 0.0 0.192 2 TOUCH_MOVE e
1401354883024 6 4098 169.0 840.951 0.23333335 5.0 5.0 5.0 5.0 0.0 0.192 1 TOUCH_UP e
1401354883177 6 4098 362.5 1219.4509 0.23333335 4.0 4.0 4.0 4.0 0.0 0.19600001 0 TOUCH_DOWN Space
1401354883206 6 4098 362.5 1219.4509 0.23333335 4.0 4.0 4.0 4.0 0.0 0.2 2 TOUCH_MOVE Space
1401354883244 6 4098 362.5 1218.0704 0.23333335 4.0 4.0 4.0 4.0 0.0 0.216 2 TOUCH_MOVE Space
1401354883253 6 4098 362.5 1217.7009 0.23333335 4.0 4.0 4.0 4.0 0.0 0.216 2 TOUCH_MOVE Space
1401354883303 6 4098 363.06287 1217.9509 0.23333335 4.0 4.0 4.0 4.0 0.0 0.208 2 TOUCH_MOVE Space
1401354883316 6 4098 363.0 1217.9509 0.23333335 4.0 4.0 4.0 4.0 0.0 0.18 2 TOUCH_MOVE Space
1401354883319 6 4098 363.0 1217.9509 0.23333335 4.0 4.0 4.0 4.0 0.0 0.18 1 TOUCH_UP Space
1401354883853 6 4098 284.5 1115.4509 0.23333335 4.0 4.0 4.0 4.0 0.0 0.208 0 TOUCH_DOWN c
1401354883879 6 4098 284.5 1115.4509 0.3 5.0 5.0 5.0 5.0 0.0 0.216 2 TOUCH_MOVE c
1401354883904 6 4098 284.5 1113.4166 0.33333334 5.0 5.0 5.0 5.0 0.0 0.22800002 2 TOUCH_MOVE c
1401354883922 6 4098 284.5 1112.417 0.33333334 5.0 5.0 5.0 5.0 0.0 0.224 2 TOUCH_MOVE c
1401354883937 6 4098 284.5 1111.4014 0.3 5.0 5.0 5.0 5.0 0.0 0.224 2 TOUCH_MOVE c
1401354883987 6 4098 284.5 1111.4509 0.26666668 4.0 4.0 4.0 4.0 0.0 0.18400002 2 TOUCH_MOVE c
1401354883991 6 4098 284.5 1111.4509 0.26666668 4.0 4.0 4.0 4.0 0.0 0.18400002 1 TOUCH_UP c
1401354884187 6 4098 431.5 993.451 0.26666668 4.0 4.0 4.0 4.0 0.0 0.216 0 TOUCH_DOWN h
1401354884211 6 4098 431.8675 993.451 0.3 5.0 5.0 5.0 5.0 0.0 0.22000001 2 TOUCH_MOVE h
1401354884221 6 4098 432.81818 992.6328 0.3 5.0 5.0 5.0 5.0 0.0 0.224 2 TOUCH_MOVE h
1401354884237 6 4098 434.3349 991.6161 0.3 5.0 5.0 5.0 5.0 0.0 0.224 2 TOUCH_MOVE h
1401354884264 6 4098 435.34116 991.451 0.3 5.0 5.0 5.0 5.0 0.0 0.22800002 2 TOUCH_MOVE h
1401354884271 6 4098 435.93274 991.451 0.3 5.0 5.0 5.0 5.0 0.0 0.22800002 2 TOUCH_MOVE h
1401354884287 6 4098 436.24545 991.451 0.3 5.0 5.0 5.0 5.0 0.0 0.22800002 2 TOUCH_MOVE h
1401354884321 6 4098 435.5 991.451 0.26666668 4.0 4.0 4.0 4.0 0.0 0.208 2 TOUCH_MOVE h
1401354884325 6 4098 435.5 991.451 0.26666668 4.0 4.0 4.0 4.0 0.0 0.18 2 TOUCH_MOVE h
1401354884328 6 4098 435.5 991.451 0.26666668 4.0 4.0 4.0 4.0 0.0 0.18 1 TOUCH_UP h
1401354884525 6 4098 533.5 855.451 0.23333335 5.0 5.0 5.0 5.0 0.0 0.216 0 TOUCH_DOWN i
1401354884538 6 4098 533.5 855.451 0.26666668 5.0 5.0 5.0 5.0 0.0 0.22000001 2 TOUCH_MOVE i
1401354884557 6 4098 532.3686 854.3196 0.26666668 5.0 5.0 5.0 5.0 0.0 0.224 2 TOUCH_MOVE i
1401354884571 6 4098 531.38745 853.33844 0.26666668 5.0 5.0 5.0 5.0 0.0 0.224 2 TOUCH_MOVE i
1401354884588 6 4098 531.5 852.2852 0.26666668 5.0 5.0 5.0 5.0 0.0 0.22800002 2 TOUCH_MOVE i
1401354884621 6 4098 533.17755 852.62854 0.26666668 5.0 5.0 5.0 5.0 0.0 0.224 2 TOUCH_MOVE i
1401354884638 6 4098 534.0 853.451 0.23333335 5.0 5.0 5.0 5.0 0.0 0.21200001 2 TOUCH_MOVE i
1401354884647 6 4098 534.0 853.451 0.23333335 5.0 5.0 5.0 5.0 0.0 0.18400002 2 TOUCH_MOVE i
1401354884655 6 4098 534.0 853.451 0.23333335 5.0 5.0 5.0 5.0 0.0 0.18400002 1 TOUCH_UP i
1401354886513 6 4098 667.0 974.951 0.23333335 5.0 5.0 5.0 5.0 0.0 0.20400001 0 TOUCH_DOWN l
1401354886523 6 4098 667.0 974.951 0.23333335 5.0 5.0 5.0 5.0 0.0 0.208 2 TOUCH_MOVE l
1401354886541 6 4098 664.91016 974.421 0.23333335 5.0 5.0 5.0 5.0 0.0 0.21200001 2 TOUCH_MOVE l
1401354886556 6 4098 662.39923 974.451 0.26666668 6.0 6.0 6.0 6.0 0.0 0.216 2 TOUCH_MOVE l
1401354886590 6 4098 661.75 974.451 0.26666668 6.0 6.0 6.0 6.0 0.0 0.22000001 2 TOUCH_MOVE l
1401354886657 6 4098 661.75 974.451 0.26666668 6.0 6.0 6.0 6.0 0.0 0.22000001 1 TOUCH_UP l
1401354887104 6 4098 235.5 982.951 0.23333335 4.0 4.0 4.0 4.0 0.0 0.216 0 TOUCH_DOWN d
1401354887108 6 4098 235.5 982.951 0.3 5.0 5.0 5.0 5.0 0.0 0.22800002 2 TOUCH_MOVE d
1401354887140 6 4098 235.5 981.8462 0.26666668 5.0 5.0 5.0 5.0 0.0 0.23200001 2 TOUCH_MOVE d
1401354887157 6 4098 234.85675 980.80774 0.26666668 5.0 5.0 5.0 5.0 0.0 0.23200001 2 TOUCH_MOVE d
1401354887185 6 4098 234.5 979.17993 0.3 6.0 6.0 6.0 6.0 0.0 0.23600002 2 TOUCH_MOVE d
1401354887195 6 4098 234.5 977.8014 0.26666668 5.0 5.0 5.0 5.0 0.0 0.23200001 2 TOUCH_MOVE d
1401354887207 6 4098 233.84213 977.451 0.26666668 5.0 5.0 5.0 5.0 0.0 0.23600002 2 TOUCH_MOVE d
1401354887224 6 4098 233.25 977.451 0.3 6.0 6.0 6.0 6.0 0.0 0.24000001 2 TOUCH_MOVE d
1401354887240 6 4098 232.60385 977.451 0.26666668 5.0 5.0 5.0 5.0 0.0 0.23200001 2 TOUCH_MOVE d
1401354887257 6 4098 230.57886 978.16156 0.26666668 5.0 5.0 5.0 5.0 0.0 0.22800002 2 TOUCH_MOVE d
1401354887274 6 4098 230.0 978.451 0.26666668 5.0 5.0 5.0 5.0 0.0 0.18 2 TOUCH_MOVE d
1401354887277 6 4098 230.0 978.451 0.26666668 5.0 5.0 5.0 5.0 0.0 0.18 1 TOUCH_UP d
1401354887535 6 4098 256.5 849.451 0.3 6.0 6.0 6.0 6.0 0.0 0.23200001 0 TOUCH_DOWN r
1401354887559 6 4098 256.978 849.451 0.33333334 6.0 6.0 6.0 6.0 0.0 0.23600002 2 TOUCH_MOVE r
1401354887574 6 4098 257.50894 848.942 0.3 5.0 5.0 5.0 5.0 0.0 0.24400002 2 TOUCH_MOVE r
1401354887591 6 4098 257.5 847.91907 0.33333334 6.0 6.0 6.0 6.0 0.0 0.24400002 2 TOUCH_MOVE r
1401354887608 6 4098 258.0507 847.451 0.33333334 6.0 6.0 6.0 6.0 0.0 0.24400002 2 TOUCH_MOVE r
1401354887643 6 4098 258.0 846.9305 0.33333334 6.0 6.0 6.0 6.0 0.0 0.24400002 2 TOUCH_MOVE r
1401354887674 6 4098 256.88455 846.951 0.26666668 5.0 5.0 5.0 5.0 0.0 0.23600002 2 TOUCH_MOVE r
1401354887691 6 4098 255.5 847.451 0.16666667 3.0 3.0 3.0 3.0 0.0 0.18400002 2 TOUCH_MOVE r
1401354887700 6 4098 255.5 847.451 0.16666667 3.0 3.0 3.0 3.0 0.0 0.18400002 1 TOUCH_UP r
1401354887902 6 4098 161.0 856.451 0.23333335 5.0 5.0 5.0 5.0 0.0 0.216 0 TOUCH_DOWN e
1401354887944 6 4098 161.3655 856.0855 0.26666668 5.0 5.0 5.0 5.0 0.0 0.22800002 2 TOUCH_MOVE e
1401354887958 6 4098 162.37732 855.07367 0.3 6.0 6.0 6.0 6.0 0.0 0.23200001 2 TOUCH_MOVE e
1401354887974 6 4098 163.90184 853.64734 0.26666668 5.0 5.0 5.0 5.0 0.0 0.23200001 2 TOUCH_MOVE e
1401354887993 6 4098 164.0 852.53705 0.3 6.0 6.0 6.0 6.0 0.0 0.23200001 2 TOUCH_MOVE e
1401354888010 6 4098 164.75 852.451 0.3 6.0 6.0 6.0 6.0 0.0 0.23200001 2 TOUCH_MOVE e
1401354888051 6 4098 163.54274 852.451 0.3 6.0 6.0 6.0 6.0 0.0 0.23600002 2 TOUCH_MOVE e
1401354888058 6 4098 161.061 853.91034 0.26666668 5.0 5.0 5.0 5.0 0.0 0.22800002 2 TOUCH_MOVE e
1401354888074 6 4098 161.0 853.951 0.20000002 4.0 4.0 4.0 4.0 0.0 0.2 2 TOUCH_MOVE e
1401354888077 6 4098 161.0 853.951 0.16666667 3.0 3.0 3.0 3.0 0.0 0.1 2 TOUCH_MOVE e
1401354888080 6 4098 161.0 853.951 0.16666667 3.0 3.0 3.0 3.0 0.0 0.1 1 TOUCH_UP e
1401354888200 6 4098 481.5 1108.4509 0.3 5.0 5.0 5.0 5.0 0.0 0.2 0 TOUCH_DOWN n
1401354888208 6 4098 481.5 1108.4509 0.33333334 5.0 5.0 5.0 5.0 0.0 0.20400001 2 TOUCH_MOVE n
1401354888228 6 4098 482.14078 1108.4509 0.26666668 4.0 4.0 4.0 4.0 0.0 0.208 2 TOUCH_MOVE n
1401354888241 6 4098 483.78683 1108.4509 0.3 5.0 5.0 5.0 5.0 0.0 0.21200001 2 TOUCH_MOVE n
1401354888258 6 4098 486.36148 1108.3304 0.26666668 4.0 4.0 4.0 4.0 0.0 0.21200001 2 TOUCH_MOVE n
1401354888275 6 4098 489.1899 1107.9509 0.33333334 5.0 5.0 5.0 5.0 0.0 0.21200001 2 TOUCH_MOVE n
1401354888292 6 4098 490.8627 1107.9509 0.33333334 5.0 5.0 5.0 5.0 0.0 0.22000001 2 TOUCH_MOVE n
1401354888324 6 4098 497.5 1111.4509 0.3 5.0 5.0 5.0 5.0 0.0 0.17600001 2 TOUCH_MOVE n
1401354888340 6 4098 497.5 1111.4509 0.3 5.0 5.0 5.0 5.0 0.0 0.17600001 1 TOUCH_UP n
1401354888845 6 4098 685.0 1198.4509 0.20000002 4.0 4.0 4.0 4.0 0.0 0.192 0 TOUCH_DOWN Enter
1401354888858 6 4098 685.0 1198.7013 0.23333335 5.0 5.0 5.0 5.0 0.0 0.2 2 TOUCH_MOVE Enter
1401354888875 6 4098 683.97 1199.716 0.20000002 4.0 4.0 4.0 4.0 0.0 0.20400001 2 TOUCH_MOVE Enter
1401354888892 6 4098 681.4322 1200.4509 0.26666668 5.0 5.0 5.0 5.0 0.0 0.208 2 TOUCH_MOVE Enter
1401354888908 6 4098 678.9147 1200.4509 0.26666668 5.0 5.0 5.0 5.0 0.0 0.208 2 TOUCH_MOVE Enter
1401354888929 6 4098 677.213 1200.7379 0.26666668 5.0 5.0 5.0 5.0 0.0 0.208 2 TOUCH_MOVE Enter
1401354888952 6 4098 676.25 1200.9509 0.23333335 4.0 4.0 4.0 4.0 0.0 0.21200001 2 TOUCH_MOVE Enter
1401354888961 6 4098 676.0 1201.7979 0.26666668 5.0 5.0 5.0 5.0 0.0 0.208 2 TOUCH_MOVE Enter
1401354888972 6 4098 676.0 1202.4509 0.26666668 5.0 5.0 5.0 5.0 0.0 0.18800001 2 TOUCH_MOVE Enter
1401354888977 6 4098 676.0 1202.4509 0.26666668 5.0 5.0 5.0 5.0 0.0 0.18800001 1 TOUCH_UP Enter
1401354889550 6 4098 87.5 868.451 0.23333335 4.0 4.0 4.0 4.0 0.0 0.21200001 0 TOUCH_DOWN W
1401354889569 6 4098 87.5 868.451 0.26666668 5.0 5.0 5.0 5.0 0.0 0.22000001 2 TOUCH_MOVE W
1401354889593 6 4098 90.44934 866.50165 0.26666668 5.0 5.0 5.0 5.0 0.0 0.224 2 TOUCH_MOVE W
1401354889610 6 4098 92.91732 864.5061 0.26666668 5.0 5.0 5.0 5.0 0.0 0.224 2 TOUCH_MOVE W
1401354889626 6 4098 94.473915 863.47705 0.26666668 5.0 5.0 5.0 5.0 0.0 0.224 2 TOUCH_MOVE W
1401354889645 6 4098 95.5042 862.4468 0.26666668 5.0 5.0 5.0 5.0 0.0 0.224 2 TOUCH_MOVE W
1401354889694 6 4098 95.5 863.701 0.26666668 5.0 5.0 5.0 5.0 0.0 0.22000001 2 TOUCH_MOVE W
1401354889709 6 4098 93.83784 865.11316 0.23333335 4.0 4.0 4.0 4.0 0.0 0.20400001 2 TOUCH_MOVE W
1401354889719 6 4098 94.0 864.951 0.26666668 5.0 5.0 5.0 5.0 0.0 0.17600001 2 TOUCH_MOVE W
1401354889726 6 4098 94.0 864.951 0.26666668 5.0 5.0 5.0 5.0 0.0 0.17600001 1 TOUCH_UP W
1401354889908 6 4098 182.0 861.951 0.26666668 5.0 5.0 5.0 5.0 0.0 0.22800002 0 TOUCH_DOWN e
1401354889928 6 4098 182.0 861.951 0.26666668 5.0 5.0 5.0 5.0 0.0 0.23200001 2 TOUCH_MOVE e
1401354889943 6 4098 182.0 861.3557 0.26666668 5.0 5.0 5.0 5.0 0.0 0.23200001 2 TOUCH_MOVE e
1401354889960 6 4098 182.0 860.1459 0.3 6.0 6.0 6.0 6.0 0.0 0.23600002 2 TOUCH_MOVE e
1401354889976 6 4098 182.0 859.1291 0.26666668 5.0 5.0 5.0 5.0 0.0 0.23200001 2 TOUCH_MOVE e
1401354889994 6 4098 181.29662 858.2476 0.3 6.0 6.0 6.0 6.0 0.0 0.23200001 2 TOUCH_MOVE e
1401354890026 6 4098 180.67686 858.7741 0.3 6.0 6.0 6.0 6.0 0.0 0.22800002 2 TOUCH_MOVE e
1401354890045 6 4098 179.0 859.951 0.23333335 4.0 4.0 4.0 4.0 0.0 0.20400001 2 TOUCH_MOVE e
1401354890051 6 4098 179.0 859.951 0.20000002 3.0 3.0 3.0 3.0 0.0 0.116000004 2 TOUCH_MOVE e
1401354890054 6 4098 179.0 859.951 0.20000002 3.0 3.0 3.0 3.0 0.0 0.116000004 1 TOUCH_UP e
1401354890195 6 4098 358.5 1212.4509 0.26666668 5.0 5.0 5.0 5.0 0.0 0.208 0 TOUCH_DOWN Space
1401354890227 6 4098 358.5 1212.4509 0.26666668 5.0 5.0 5.0 5.0 0.0 0.224 2 TOUCH_MOVE Space
1401354890250 6 4098 359.60815 1211.8428 0.26666668 5.0 5.0 5.0 5.0 0.0 0.224 2 TOUCH_MOVE Space
1401354890260 6 4098 360.59402 1210.8569 0.3 6.0 6.0 6.0 6.0 0.0 0.22800002 2 TOUCH_MOVE Space
1401354890276 6 4098 361.61273 1209.8383 0.26666668 5.0 5.0 5.0 5.0 0.0 0.22800002 2 TOUCH_MOVE Space
1401354890296 6 4098 362.65143 1209.9509 0.26666668 5.0 5.0 5.0 5.0 0.0 0.22800002 2 TOUCH_MOVE Space
1401354890349 6 4098 361.97214 1209.9509 0.26666668 5.0 5.0 5.0 5.0 0.0 0.21200001 2 TOUCH_MOVE Space
1401354890359 6 4098 361.5 1210.4509 0.16666667 3.0 3.0 3.0 3.0 0.0 0.128 2 TOUCH_MOVE Space
1401354890363 6 4098 361.5 1210.4509 0.16666667 3.0 3.0 3.0 3.0 0.0 0.128 1 TOUCH_UP Space
1401354891544 6 4098 668.0 1118.4509 0.3 5.0 5.0 5.0 5.0 0.0 0.20400001 0 TOUCH_DOWN Back
1401354891561 6 4098 667.15326 1118.4509 0.3 5.0 5.0 5.0 5.0 0.0 0.208 2 TOUCH_MOVE Back
1401354891578 6 4098 664.92834 1117.5938 0.33333334 5.0 5.0 5.0 5.0 0.0 0.216 2 TOUCH_MOVE Back
1401354891604 6 4098 661.2831 1116.5453 0.33333334 5.0 5.0 5.0 5.0 0.0 0.22000001 2 TOUCH_MOVE Back
1401354891611 6 4098 660.2393 1115.9509 0.36666667 6.0 6.0 6.0 6.0 0.0 0.216 2 TOUCH_MOVE Back
1401354891636 6 4098 659.0926 1115.9509 0.33333334 5.0 5.0 5.0 5.0 0.0 0.216 2 TOUCH_MOVE Back
1401354891646 6 4098 658.75 1115.9509 0.36666667 6.0 6.0 6.0 6.0 0.0 0.22000001 2 TOUCH_MOVE Back
1401354891673 6 4098 659.0 1116.4509 0.23333335 4.0 4.0 4.0 4.0 0.0 0.17600001 2 TOUCH_MOVE Back
1401354891676 6 4098 659.0 1116.4509 0.23333335 4.0 4.0 4.0 4.0 0.0 0.17600001 1 TOUCH_UP Back
1401354892253 6 4098 326.5 1185.9509 0.26666668 5.0 5.0 5.0 5.0 0.0 0.21200001 0 TOUCH_DOWN Space
1401354892276 6 4098 326.49423 1185.9509 0.26666668 5.0 5.0 5.0 5.0 0.0 0.216 2 TOUCH_MOVE Space
1401354892285 6 4098 325.9683 1185.9509 0.3 5.0 5.0 5.0 5.0 0.0 0.224 2 TOUCH_MOVE Space
1401354892295 6 4098 324.95288 1185.9509 0.3 5.0 5.0 5.0 5.0 0.0 0.23200001 2 TOUCH_MOVE Space
1401354892312 6 4098 323.43622 1185.9509 0.33333334 6.0 6.0 6.0 6.0 0.0 0.23200001 2 TOUCH_MOVE Space
1401354892351 6 4098 323.5 1186.4928 0.3 5.0 5.0 5.0 5.0 0.0 0.23200001 2 TOUCH_MOVE Space
1401354892362 6 4098 323.5 1187.2009 0.33333334 6.0 6.0 6.0 6.0 0.0 0.23200001 2 TOUCH_MOVE Space
1401354892380 6 4098 323.5 1188.0781 0.26666668 5.0 5.0 5.0 5.0 0.0 0.224 2 TOUCH_MOVE Space
1401354892395 6 4098 323.5 1187.9509 0.23333335 5.0 5.0 5.0 5.0 0.0 0.192 2 TOUCH_MOVE Space
1401354892403 6 4098 323.5 1187.9509 0.23333335 5.0 5.0 5.0 5.0 0.0 0.192 1 TOUCH_UP Space
1401354892633 6 4098 50.0 975.951 0.16666667 3.0 3.0 3.0 3.0 0.0 0.19600001 0 TOUCH_DOWN a
1401354892646 6 4098 50.0 975.951 0.16666667 3.0 3.0 3.0 3.0 0.0 0.2 2 TOUCH_MOVE a
1401354892679 6 4098 61.16058 974.0358 0.20000002 4.0 4.0 4.0 4.0 0.0 0.208 2 TOUCH_MOVE a
1401354892695 6 4098 65.12496 973.54474 0.23333335 5.0 5.0 5.0 5.0 0.0 0.21200001 2 TOUCH_MOVE a
1401354892712 6 4098 67.75 973.451 0.23333335 4.0 4.0 4.0 4.0 0.0 0.216 2 TOUCH_MOVE a
1401354892779 6 4098 64.97098 973.9607 0.20000002 3.0 3.0 3.0 3.0 0.0 0.2 2 TOUCH_MOVE a
1401354892790 6 4098 62.0 974.951 0.16666667 3.0 3.0 3.0 3.0 0.0 0.18 2 TOUCH_MOVE a
1401354892796 6 4098 62.0 974.951 0.16666667 3.0 3.0 3.0 3.0 0.0 0.18 1 TOUCH_UP a
1401354893407 6 4098 164.5 860.951 0.23333335 5.0 5.0 5.0 5.0 0.0 0.21200001 0 TOUCH_DOWN e
1401354893413 6 4098 164.5 860.951 0.26666668 5.0 5.0 5.0 5.0 0.0 0.22000001 2 TOUCH_MOVE e
1401354893469 6 4098 166.16574 860.951 0.26666668 5.0 5.0 5.0 5.0 0.0 0.23200001 2 TOUCH_MOVE e
1401354893479 6 4098 166.75 860.951 0.26666668 5.0 5.0 5.0 5.0 0.0 0.22800002 2 TOUCH_MOVE e
1401354893496 6 4098 167.05203 860.951 0.26666668 5.0 5.0 5.0 5.0 0.0 0.22800002 2 TOUCH_MOVE e
1401354893579 6 4098 165.21901 861.951 0.26666668 5.0 5.0 5.0 5.0 0.0 0.208 2 TOUCH_MOVE e
1401354893598 6 4098 165.0 861.951 0.20000002 4.0 4.0 4.0 4.0 0.0 0.132 2 TOUCH_MOVE e
1401354893601 6 4098 165.0 861.951 0.20000002 4.0 4.0 4.0 4.0 0.0 0.132 1 TOUCH_UP e
1401354894015 6 4098 672.0 1090.9509 0.26666668 5.0 5.0 5.0 5.0 0.0 0.208 0 TOUCH_DOWN Back
1401354894032 6 4098 671.36414 1091.6628 0.26666668 5.0 5.0 5.0 5.0 0.0 0.208 2 TOUCH_MOVE Back
1401354894046 6 4098 668.54407 1092.6788 0.26666668 5.0 5.0 5.0 5.0 0.0 0.216 2 TOUCH_MOVE Back
1401354894063 6 4098 666.2645 1093.4509 0.23333335 4.0 4.0 4.0 4.0 0.0 0.216 2 TOUCH_MOVE Back
1401354894086 6 4098 665.6216 1093.8293 0.26666668 5.0 5.0 5.0 5.0 0.0 0.216 2 TOUCH_MOVE Back
1401354894097 6 4098 664.75 1094.7009 0.26666668 5.0 5.0 5.0 5.0 0.0 0.22000001 2 TOUCH_MOVE Back
1401354894138 6 4098 664.75 1094.7009 0.26666668 5.0 5.0 5.0 5.0 0.0 0.22000001 1 TOUCH_UP Back
1401354894460 6 4098 242.0 877.951 0.26666668 4.0 4.0 4.0 4.0 0.0 0.224 0 TOUCH_DOWN r
1401354894482 6 4098 242.0 877.951 0.3 5.0 5.0 5.0 5.0 0.0 0.22800002 2 TOUCH_MOVE r
1401354894503 6 4098 242.0 877.3134 0.3 5.0 5.0 5.0 5.0 0.0 0.23200001 2 TOUCH_MOVE r
1401354894515 6 4098 242.0 876.2766 0.3 5.0 5.0 5.0 5.0 0.0 0.23600002 2 TOUCH_MOVE r
1401354894530 6 4098 242.0 874.76105 0.33333334 6.0 6.0 6.0 6.0 0.0 0.23200001 2 TOUCH_MOVE r
1401354894551 6 4098 241.79713 873.7481 0.3 5.0 5.0 5.0 5.0 0.0 0.24000001 2 TOUCH_MOVE r
1401354894564 6 4098 241.27744 872.7284 0.33333334 6.0 6.0 6.0 6.0 0.0 0.23600002 2 TOUCH_MOVE r
1401354894580 6 4098 240.28857 872.451 0.33333334 6.0 6.0 6.0 6.0 0.0 0.23600002 2 TOUCH_MOVE r
1401354894602 6 4098 239.26984 872.451 0.33333334 6.0 6.0 6.0 6.0 0.0 0.24000001 2 TOUCH_MOVE r
1401354894614 6 4098 238.23439 872.451 0.3 5.0 5.0 5.0 5.0 0.0 0.23200001 2 TOUCH_MOVE r
1401354894630 6 4098 235.27896 873.52466 0.3 5.0 5.0 5.0 5.0 0.0 0.23200001 2 TOUCH_MOVE r
1401354894652 6 4098 234.0 873.951 0.3 5.0 5.0 5.0 5.0 0.0 0.18400002 2 TOUCH_MOVE r
1401354894656 6 4098 234.0 873.951 0.3 5.0 5.0 5.0 5.0 0.0 0.18400002 1 TOUCH_UP r
1401354894859 6 4098 159.5 859.951 0.23333335 5.0 5.0 5.0 5.0 0.0 0.216 0 TOUCH_DOWN e
1401354894864 6 4098 159.5 859.951 0.23333335 5.0 5.0 5.0 5.0 0.0 0.22000001 2 TOUCH_MOVE e
1401354894899 6 4098 161.5488 858.9266 0.23333335 5.0 5.0 5.0 5.0 0.0 0.224 2 TOUCH_MOVE e
1401354894914 6 4098 163.6163 857.8928 0.26666668 5.0 5.0 5.0 5.0 0.0 0.22800002 2 TOUCH_MOVE e
1401354894948 6 4098 165.75 856.201 0.3 6.0 6.0 6.0 6.0 0.0 0.22800002 2 TOUCH_MOVE e
1401354895014 6 4098 163.13441 857.1338 0.23333335 5.0 5.0 5.0 5.0 0.0 0.208 2 TOUCH_MOVE e
1401354895022 6 4098 163.5 856.951 0.20000002 4.0 4.0 4.0 4.0 0.0 0.18 2 TOUCH_MOVE e
1401354895025 6 4098 163.5 856.951 0.20000002 4.0 4.0 4.0 4.0 0.0 0.18 1 TOUCH_UP e
1401354895251 6 4098 349.0 1224.9509 0.26666668 5.0 5.0 5.0 5.0 0.0 0.20400001 0 TOUCH_DOWN Space
1401354895274 6 4098 349.0 1224.6769 0.26666668 5.0 5.0 5.0 5.0 0.0 0.21200001 2 TOUCH_MOVE Space
1401354895296 6 4098 349.0 1224.0554 0.26666668 5.0 5.0 5.0 5.0 0.0 0.224 2 TOUCH_MOVE Space
1401354895314 6 4098 350.94455 1222.0063 0.3 6.0 6.0 6.0 6.0 0.0 0.23200001 2 TOUCH_MOVE Space
1401354895331 6 4098 351.5 1220.9915 0.26666668 5.0 5.0 5.0 5.0 0.0 0.22800002 2 TOUCH_MOVE Space
1401354895348 6 4098 351.5 1220.7009 0.3 6.0 6.0 6.0 6.0 0.0 0.22800002 2 TOUCH_MOVE Space
1401354895408 6 4098 351.5 1220.9509 0.26666668 5.0 5.0 5.0 5.0 0.0 0.18 2 TOUCH_MOVE Space
1401354895412 6 4098 351.5 1220.9509 0.26666668 5.0 5.0 5.0 5.0 0.0 0.18 1 TOUCH_UP Space
1401354895609 6 4098 317.0 864.451 0.26666668 5.0 5.0 5.0 5.0 0.0 0.224 0 TOUCH_DOWN t
1401354895634 6 4098 317.0 864.451 0.33333334 6.0 6.0 6.0 6.0 0.0 0.23200001 2 TOUCH_MOVE t
1401354895684 6 4098 318.29276 863.951 0.33333334 6.0 6.0 6.0 6.0 0.0 0.24000001 2 TOUCH_MOVE t
1401354895698 6 4098 319.6087 863.1466 0.33333334 6.0 6.0 6.0 6.0 0.0 0.24400002 2 TOUCH_MOVE t
1401354895715 6 4098 320.81393 862.637 0.3 5.0 5.0 5.0 5.0 0.0 0.24000001 2 TOUCH_MOVE t
1401354895733 6 4098 321.8503 862.451 0.33333334 6.0 6.0 6.0 6.0 0.0 0.24000001 2 TOUCH_MOVE t
1401354895749 6 4098 322.25 862.451 0.3 5.0 5.0 5.0 5.0 0.0 0.24000001 2 TOUCH_MOVE t
1401354895782 6 4098 321.0 862.451 0.3 6.0 6.0 6.0 6.0 0.0 0.23200001 2 TOUCH_MOVE t
1401354895801 6 4098 321.0 862.451 0.13333334 2.0 2.0 2.0 2.0 0.0 0.1 2 TOUCH_MOVE t
1401354895805 6 4098 321.0 862.451 0.13333334 2.0 2.0 2.0 2.0 0.0 0.1 1 TOUCH_UP t
1401354895935 6 4098 425.0 974.951 0.23333335 5.0 5.0 5.0 5.0 0.0 0.216 0 TOUCH_DOWN h
1401354895948 6 4098 425.0 974.951 0.26666668 5.0 5.0 5.0 5.0 0.0 0.216 2 TOUCH_MOVE h
1401354895967 6 4098 425.5055 974.951 0.26666668 5.0 5.0 5.0 5.0 0.0 0.224 2 TOUCH_MOVE h
1401354895982 6 4098 427.16428 974.36884 0.3 6.0 6.0 6.0 6.0 0.0 0.224 2 TOUCH_MOVE h
1401354896000 6 4098 428.87903 974.451 0.26666668 5.0 5.0 5.0 5.0 0.0 0.22800002 2 TOUCH_MOVE h
1401354896015 6 4098 431.11734 973.951 0.26666668 5.0 5.0 5.0 5.0 0.0 0.22800002 2 TOUCH_MOVE h
1401354896032 6 4098 432.75156 973.951 0.3 6.0 6.0 6.0 6.0 0.0 0.23600002 2 TOUCH_MOVE h
1401354896064 6 4098 433.61835 974.56934 0.3 6.0 6.0 6.0 6.0 0.0 0.23200001 2 TOUCH_MOVE h
1401354896066 6 4098 434.0 975.618 0.26666668 5.0 5.0 5.0 5.0 0.0 0.22800002 2 TOUCH_MOVE h
1401354896098 6 4098 432.576 976.663 0.26666668 5.0 5.0 5.0 5.0 0.0 0.21200001 2 TOUCH_MOVE h
1401354896117 6 4098 432.576 976.663 0.26666668 5.0 5.0 5.0 5.0 0.0 0.21200001 1 TOUCH_UP h
1401354896248 6 4098 173.0 858.451 0.23333335 5.0 5.0 5.0 5.0 0.0 0.21200001 0 TOUCH_DOWN e
1401354896268 6 4098 173.0 858.451 0.23333335 5.0 5.0 5.0 5.0 0.0 0.22000001 2 TOUCH_MOVE e
1401354896282 6 4098 174.7432 858.451 0.26666668 5.0 5.0 5.0 5.0 0.0 0.22800002 2 TOUCH_MOVE e
1401354896299 6 4098 176.72688 857.951 0.26666668 5.0 5.0 5.0 5.0 0.0 0.23200001 2 TOUCH_MOVE e
1401354896315 6 4098 178.40219 857.04877 0.3 6.0 6.0 6.0 6.0 0.0 0.23200001 2 TOUCH_MOVE e
1401354896342 6 4098 178.95844 856.49255 0.26666668 5.0 5.0 5.0 5.0 0.0 0.22800002 2 TOUCH_MOVE e
1401354896350 6 4098 179.0 855.99115 0.3 6.0 6.0 6.0 6.0 0.0 0.23600002 2 TOUCH_MOVE e
1401354896365 6 4098 179.0 855.71094 0.3 6.0 6.0 6.0 6.0 0.0 0.22800002 2 TOUCH_MOVE e
1401354896415 6 4098 177.0 855.951 0.20000002 4.0 4.0 4.0 4.0 0.0 0.20400001 2 TOUCH_MOVE e
1401354896418 6 4098 177.0 855.951 0.23333335 5.0 5.0 5.0 5.0 0.0 0.148 2 TOUCH_MOVE e
1401354896422 6 4098 177.0 855.951 0.23333335 5.0 5.0 5.0 5.0 0.0 0.148 1 TOUCH_UP e
1401354896533 6 4098 328.5 1226.9509 0.26666668 5.0 5.0 5.0 5.0 0.0 0.2 0 TOUCH_DOWN Space
1401354896555 6 4098 328.5 1226.9509 0.26666668 5.0 5.0 5.0 5.0 0.0 0.208 2 TOUCH_MOVE Space
1401354896582 6 4098 328.5 1225.7877 0.26666668 5.0 5.0 5.0 5.0 0.0 0.224 2 TOUCH_MOVE Space
1401354896600 6 4098 329.0 1224.7794 0.26666668 5.0 5.0 5.0 5.0 0.0 0.224 2 TOUCH_MOVE Space
1401354896616 6 4098 329.19403 1223.7568 0.26666668 5.0 5.0 5.0 5.0 0.0 0.22800002 2 TOUCH_MOVE Space
1401354896632 6 4098 329.75 1223.2009 0.26666668 5.0 5.0 5.0 5.0 0.0 0.224 2 TOUCH_MOVE Space
1401354896651 6 4098 330.07516 1222.8757 0.26666668 5.0 5.0 5.0 5.0 0.0 0.224 2 TOUCH_MOVE Space
1401354896666 6 4098 330.97992 1221.7311 0.26666668 5.0 5.0 5.0 5.0 0.0 0.216 2 TOUCH_MOVE Space
1401354896681 6 4098 333.0 1214.4509 0.23333335 5.0 5.0 5.0 5.0 0.0 0.16000001 2 TOUCH_MOVE Space
1401354896685 6 4098 333.0 1214.4509 0.23333335 5.0 5.0 5.0 5.0 0.0 0.16000001 1 TOUCH_UP Space
1401354896873 6 4098 616.0 852.451 0.23333335 5.0 5.0 5.0 5.0 0.0 0.20400001 0 TOUCH_DOWN o
1401354896883 6 4098 616.0 852.451 0.26666668 5.0 5.0 5.0 5.0 0.0 0.216 2 TOUCH_MOVE o
1401354896916 6 4098 613.1438 850.5229 0.23333335 4.0 4.0 4.0 4.0 0.0 0.224 2 TOUCH_MOVE o
1401354896933 6 4098 613.0 849.4525 0.26666668 5.0 5.0 5.0 5.0 0.0 0.22800002 2 TOUCH_MOVE o
1401354896953 6 4098 612.5332 849.451 0.26666668 5.0 5.0 5.0 5.0 0.0 0.22800002 2 TOUCH_MOVE o
1401354896966 6 4098 611.75 849.451 0.26666668 5.0 5.0 5.0 5.0 0.0 0.22800002 2 TOUCH_MOVE o
1401354896999 6 4098 612.0 850.4742 0.26666668 5.0 5.0 5.0 5.0 0.0 0.216 2 TOUCH_MOVE o
1401354897016 6 4098 610.24347 861.0626 0.26666668 4.0 4.0 4.0 4.0 0.0 0.18800001 2 TOUCH_MOVE o
1401354897019 6 4098 610.24347 861.0626 0.26666668 4.0 4.0 4.0 4.0 0.0 0.18800001 1 TOUCH_UP o
1401354897187 6 4098 488.0 1113.9509 0.3 5.0 5.0 5.0 5.0 0.0 0.21200001 0 TOUCH_DOWN n
1401354897200 6 4098 488.0 1113.9509 0.33333334 5.0 5.0 5.0 5.0 0.0 0.22000001 2 TOUCH_MOVE n
1401354897234 6 4098 491.8271 1114.7266 0.33333334 5.0 5.0 5.0 5.0 0.0 0.224 2 TOUCH_MOVE n
1401354897255 6 4098 494.0 1114.9509 0.33333334 5.0 5.0 5.0 5.0 0.0 0.22800002 2 TOUCH_MOVE n
1401354897266 6 4098 496.3175 1115.7684 0.3 5.0 5.0 5.0 5.0 0.0 0.224 2 TOUCH_MOVE n
1401354897284 6 4098 497.25 1115.9509 0.3 5.0 5.0 5.0 5.0 0.0 0.23200001 2 TOUCH_MOVE n
1401354897317 6 4098 495.41812 1117.6721 0.26666668 4.0 4.0 4.0 4.0 0.0 0.224 2 TOUCH_MOVE n
1401354897333 6 4098 492.48553 1120.0868 0.3 5.0 5.0 5.0 5.0 0.0 0.216 2 TOUCH_MOVE n
1401354897355 6 4098 492.0 1120.4509 0.13333334 2.0 2.0 2.0 2.0 0.0 0.14400001 2 TOUCH_MOVE n
1401354897359 6 4098 492.0 1120.4509 0.13333334 2.0 2.0 2.0 2.0 0.0 0.14400001 1 TOUCH_UP n
1401354897506 6 4098 172.5 853.451 0.23333335 5.0 5.0 5.0 5.0 0.0 0.216 0 TOUCH_DOWN e
1401354897517 6 4098 172.5 853.451 0.26666668 5.0 5.0 5.0 5.0 0.0 0.22000001 2 TOUCH_MOVE e
1401354897533 6 4098 174.14249 852.87976 0.3 6.0 6.0 6.0 6.0 0.0 0.22800002 2 TOUCH_MOVE e
1401354897550 6 4098 175.51514 851.93585 0.3 6.0 6.0 6.0 6.0 0.0 0.22800002 2 TOUCH_MOVE e
1401354897566 6 4098 177.70886 850.84656 0.26666668 5.0 5.0 5.0 5.0 0.0 0.23200001 2 TOUCH_MOVE e
1401354897583 6 4098 177.5 850.201 0.26666668 5.0 5.0 5.0 5.0 0.0 0.23200001 2 TOUCH_MOVE e
1401354897601 6 4098 178.07217 849.951 0.3 6.0 6.0 6.0 6.0 0.0 0.23200001 2 TOUCH_MOVE e
1401354897667 6 4098 174.0 852.451 0.23333335 5.0 5.0 5.0 5.0 0.0 0.14 2 TOUCH_MOVE e
1401354897670 6 4098 174.0 852.451 0.23333335 5.0 5.0 5.0 5.0 0.0 0.14 1 TOUCH_UP e
1401354897881 6 4098 123.5 966.951 0.26666668 6.0 6.0 6.0 6.0 0.0 0.22000001 0 TOUCH_DOWN s
1401354897901 6 4098 123.5 966.951 0.26666668 5.0 5.0 5.0 5.0 0.0 0.22000001 2 TOUCH_MOVE s
1401354897934 6 4098 124.0 965.4975 0.26666668 5.0 5.0 5.0 5.0 0.0 0.22800002 2 TOUCH_MOVE s
1401354897951 6 4098 124.91563 964.53534 0.3 6.0 6.0 6.0 6.0 0.0 0.224 2 TOUCH_MOVE s
1401354897967 6 4098 125.0 963.4637 0.26666668 5.0 5.0 5.0 5.0 0.0 0.224 2 TOUCH_MOVE s
1401354897983 6 4098 125.0 962.701 0.26666668 5.0 5.0 5.0 5.0 0.0 0.22800002 2 TOUCH_MOVE s
1401354898017 6 4098 123.99189 962.951 0.26666668 5.0 5.0 5.0 5.0 0.0 0.22000001 2 TOUCH_MOVE s
1401354898036 6 4098 122.5 963.451 0.20000002 4.0 4.0 4.0 4.0 0.0 0.17600001 2 TOUCH_MOVE s
1401354898040 6 4098 122.5 963.451 0.20000002 4.0 4.0 4.0 4.0 0.0 0.17600001 1 TOUCH_UP s
1401354898229 6 4098 359.0 1211.9509 0.26666668 5.0 5.0 5.0 5.0 0.0 0.208 0 TOUCH_DOWN Space
1401354898235 6 4098 359.0 1211.9509 0.26666668 5.0 5.0 5.0 5.0 0.0 0.216 2 TOUCH_MOVE Space
1401354898303 6 4098 360.30545 1211.9509 0.26666668 5.0 5.0 5.0 5.0 0.0 0.224 2 TOUCH_MOVE Space
1401354898317 6 4098 361.32245 1211.9509 0.3 6.0 6.0 6.0 6.0 0.0 0.22800002 2 TOUCH_MOVE Space
1401354898334 6 4098 362.25 1211.9509 0.26666668 5.0 5.0 5.0 5.0 0.0 0.224 2 TOUCH_MOVE Space
1401354898405 6 4098 362.25 1211.9509 0.26666668 5.0 5.0 5.0 5.0 0.0 0.224 1 TOUCH_UP Space
1401354898607 6 4098 104.0 852.951 0.23333335 5.0 5.0 5.0 5.0 0.0 0.208 0 TOUCH_DOWN w
1401354898619 6 4098 104.3015 852.6495 0.26666668 5.0 5.0 5.0 5.0 0.0 0.21200001 2 TOUCH_MOVE w
1401354898655 6 4098 110.837875 849.3384 0.26666668 5.0 5.0 5.0 5.0 0.0 0.22800002 2 TOUCH_MOVE w
1401354898667 6 4098 112.65894 848.29205 0.26666668 5.0 5.0 5.0 5.0 0.0 0.22800002 2 TOUCH_MOVE w
1401354898687 6 4098 113.67504 847.27594 0.26666668 5.0 5.0 5.0 5.0 0.0 0.22800002 2 TOUCH_MOVE w
1401354898701 6 4098 114.25 846.701 0.26666668 5.0 5.0 5.0 5.0 0.0 0.22800002 2 TOUCH_MOVE w
1401354898754 6 4098 113.4152 846.951 0.3 6.0 6.0 6.0 6.0 0.0 0.22800002 2 TOUCH_MOVE w
1401354898768 6 4098 110.715935 847.9646 0.26666668 5.0 5.0 5.0 5.0 0.0 0.22000001 2 TOUCH_MOVE w
1401354898786 6 4098 102.70001 851.72876 0.20000002 4.0 4.0 4.0 4.0 0.0 0.208 2 TOUCH_MOVE w
1401354898799 6 4098 100.5 852.951 0.16666667 3.0 3.0 3.0 3.0 0.0 0.1 2 TOUCH_MOVE w
1401354898804 6 4098 100.5 852.951 0.16666667 3.0 3.0 3.0 3.0 0.0 0.1 1 TOUCH_UP w
1401354898893 6 4098 421.5 980.951 0.23333335 4.0 4.0 4.0 4.0 0.0 0.216 0 TOUCH_DOWN h
1401354898902 6 4098 421.5 980.951 0.23333335 4.0 4.0 4.0 4.0 0.0 0.22000001 2 TOUCH_MOVE h
1401354898935 6 4098 422.40485 980.951 0.3 6.0 6.0 6.0 6.0 0.0 0.23200001 2 TOUCH_MOVE h
1401354898951 6 4098 423.25 980.951 0.26666668 5.0 5.0 5.0 5.0 0.0 0.22800002 2 TOUCH_MOVE h
1401354898987 6 4098 424.25 981.451 0.26666668 5.0 5.0 5.0 5.0 0.0 0.23200001 2 TOUCH_MOVE h
1401354899018 6 4098 424.5 982.701 0.3 5.0 5.0 5.0 5.0 0.0 0.224 2 TOUCH_MOVE h
1401354899029 6 4098 424.5 982.451 0.23333335 5.0 5.0 5.0 5.0 0.0 0.18 2 TOUCH_MOVE h
1401354899032 6 4098 424.5 982.451 0.23333335 5.0 5.0 5.0 5.0 0.0 0.18 1 TOUCH_UP h
1401354899219 6 4098 642.0 828.451 0.33333334 5.0 5.0 5.0 5.0 0.0 0.216 0 TOUCH_DOWN o
1401354899238 6 4098 642.0 828.451 0.3 5.0 5.0 5.0 5.0 0.0 0.22000001 2 TOUCH_MOVE o
1401354899335 6 4098 640.6599 830.5711 0.26666668 4.0 4.0 4.0 4.0 0.0 0.21200001 2 TOUCH_MOVE o
1401354899350 6 4098 640.0 831.451 0.16666667 3.0 3.0 3.0 3.0 0.0 0.104 2 TOUCH_MOVE o
1401354899354 6 4098 640.0 831.451 0.16666667 3.0 3.0 3.0 3.0 0.0 0.104 1 TOUCH_UP o
1401354899588 6 4098 353.0 1208.4509 0.23333335 4.0 4.0 4.0 4.0 0.0 0.20400001 0 TOUCH_DOWN Space
1401354899602 6 4098 353.0 1208.9989 0.26666668 5.0 5.0 5.0 5.0 0.0 0.22000001 2 TOUCH_MOVE Space
1401354899621 6 4098 353.0 1209.9917 0.26666668 5.0 5.0 5.0 5.0 0.0 0.224 2 TOUCH_MOVE Space
1401354899685 6 4098 353.5164 1209.9509 0.3 6.0 6.0 6.0 6.0 0.0 0.23200001 2 TOUCH_MOVE Space
1401354899703 6 4098 354.25 1209.9509 0.26666668 5.0 5.0 5.0 5.0 0.0 0.23200001 2 TOUCH_MOVE Space
1401354899735 6 4098 355.18594 1209.9509 0.23333335 4.0 4.0 4.0 4.0 0.0 0.21200001 2 TOUCH_MOVE Space
1401354899749 6 4098 355.0 1209.9509 0.23333335 4.0 4.0 4.0 4.0 0.0 0.18400002 2 TOUCH_MOVE Space
1401354899764 6 4098 355.0 1209.9509 0.23333335 4.0 4.0 4.0 4.0 0.0 0.18400002 1 TOUCH_UP Space
1401354900020 6 4098 559.5 1105.9509 0.33333334 5.0 5.0 5.0 5.0 0.0 0.208 0 TOUCH_DOWN m
1401354900063 6 4098 559.5 1105.9509 0.33333334 5.0 5.0 5.0 5.0 0.0 0.216 2 TOUCH_MOVE m
1401354900102 6 4098 558.997 1106.454 0.33333334 5.0 5.0 5.0 5.0 0.0 0.224 2 TOUCH_MOVE m
1401354900136 6 4098 558.48315 1106.4509 0.3 5.0 5.0 5.0 5.0 0.0 0.224 2 TOUCH_MOVE m
1401354900152 6 4098 557.75 1106.4509 0.33333334 5.0 5.0 5.0 5.0 0.0 0.224 2 TOUCH_MOVE m
1401354900169 6 4098 557.47034 1106.9806 0.3 5.0 5.0 5.0 5.0 0.0 0.224 2 TOUCH_MOVE m
1401354900186 6 4098 556.3844 1107.5665 0.33333334 5.0 5.0 5.0 5.0 0.0 0.216 2 TOUCH_MOVE m
1401354900203 6 4098 555.9837 1107.9672 0.3 5.0 5.0 5.0 5.0 0.0 0.208 2 TOUCH_MOVE m
1401354900211 6 4098 556.0 1108.4509 0.33333334 5.0 5.0 5.0 5.0 0.0 0.18800001 2 TOUCH_MOVE m
1401354900215 6 4098 556.0 1108.4509 0.33333334 5.0 5.0 5.0 5.0 0.0 0.18800001 1 TOUCH_UP m
1401354900309 6 4098 45.5 971.451 0.16666667 3.0 3.0 3.0 3.0 0.0 0.192 0 TOUCH_DOWN a
1401354900319 6 4098 45.5 971.451 0.16666667 3.0 3.0 3.0 3.0 0.0 0.19600001 2 TOUCH_MOVE a
1401354900336 6 4098 46.229042 971.451 0.16666667 3.0 3.0 3.0 3.0 0.0 0.2 2 TOUCH_MOVE a
1401354900353 6 4098 48.28076 971.451 0.16666667 3.0 3.0 3.0 3.0 0.0 0.19600001 2 TOUCH_MOVE a
1401354900369 6 4098 50.793995 971.451 0.16666667 3.0 3.0 3.0 3.0 0.0 0.20400001 2 TOUCH_MOVE a
1401354900386 6 4098 51.403687 971.451 0.16666667 3.0 3.0 3.0 3.0 0.0 0.20400001 2 TOUCH_MOVE a
1401354900403 6 4098 52.291504 971.451 0.16666667 3.0 3.0 3.0 3.0 0.0 0.2 2 TOUCH_MOVE a
1401354900419 6 4098 52.75 971.451 0.16666667 3.0 3.0 3.0 3.0 0.0 0.20400001 2 TOUCH_MOVE a
1401354900466 6 4098 50.0 972.451 0.20000002 3.0 3.0 3.0 3.0 0.0 0.18 2 TOUCH_MOVE a
1401354900469 6 4098 50.0 972.451 0.20000002 3.0 3.0 3.0 3.0 0.0 0.18 1 TOUCH_UP a
1401354900545 6 4098 574.5 1002.951 0.33333334 5.0 5.0 5.0 5.0 0.0 0.216 0 TOUCH_DOWN k
1401354900569 6 4098 574.5 1002.951 0.36666667 6.0 6.0 6.0 6.0 0.0 0.22000001 2 TOUCH_MOVE k
1401354900601 6 4098 575.4943 1001.95667 0.36666667 6.0 6.0 6.0 6.0 0.0 0.22800002 2 TOUCH_MOVE k
1401354900621 6 4098 575.75 1001.701 0.33333334 5.0 5.0 5.0 5.0 0.0 0.224 2 TOUCH_MOVE k
1401354900653 6 4098 576.0028 1001.951 0.33333334 5.0 5.0 5.0 5.0 0.0 0.22800002 2 TOUCH_MOVE k
1401354900669 6 4098 576.75 1001.951 0.3 5.0 5.0 5.0 5.0 0.0 0.224 2 TOUCH_MOVE k
1401354900686 6 4098 576.5 1003.043 0.33333334 6.0 6.0 6.0 6.0 0.0 0.216 2 TOUCH_MOVE k
1401354900699 6 4098 576.0 1003.451 0.33333334 6.0 6.0 6.0 6.0 0.0 0.2 2 TOUCH_MOVE k
1401354900702 6 4098 576.0 1003.451 0.33333334 6.0 6.0 6.0 6.0 0.0 0.2 1 TOUCH_UP k
1401354900868 6 4098 165.5 848.951 0.26666668 5.0 5.0 5.0 5.0 0.0 0.216 0 TOUCH_DOWN e
1401354900887 6 4098 166.56085 847.89014 0.33333334 6.0 6.0 6.0 6.0 0.0 0.23200001 2 TOUCH_MOVE e
1401354900909 6 4098 167.79298 845.86505 0.3 5.0 5.0 5.0 5.0 0.0 0.23600002 2 TOUCH_MOVE e
1401354900921 6 4098 168.31236 843.8263 0.33333334 6.0 6.0 6.0 6.0 0.0 0.23600002 2 TOUCH_MOVE e
1401354900936 6 4098 169.32933 842.62164 0.33333334 6.0 6.0 6.0 6.0 0.0 0.23600002 2 TOUCH_MOVE e
1401354900953 6 4098 170.25 841.701 0.3 5.0 5.0 5.0 5.0 0.0 0.23600002 2 TOUCH_MOVE e
1401354900986 6 4098 169.12373 841.951 0.33333334 6.0 6.0 6.0 6.0 0.0 0.23200001 2 TOUCH_MOVE e
1401354901004 6 4098 167.5 841.951 0.26666668 5.0 5.0 5.0 5.0 0.0 0.216 2 TOUCH_MOVE e
1401354901008 6 4098 167.5 841.951 0.26666668 5.0 5.0 5.0 5.0 0.0 0.18800001 2 TOUCH_MOVE e
1401354901011 6 4098 167.5 841.951 0.26666668 5.0 5.0 5.0 5.0 0.0 0.18800001 1 TOUCH_UP e
1401354901202 6 4098 338.0 1233.9509 0.26666668 5.0 5.0 5.0 5.0 0.0 0.2 0 TOUCH_DOWN Space
1401354901208 6 4098 338.07904 1233.2928 0.26666668 5.0 5.0 5.0 5.0 0.0 0.21200001 2 TOUCH_MOVE Space
1401354901232 6 4098 339.0737 1231.3036 0.26666668 5.0 5.0 5.0 5.0 0.0 0.216 2 TOUCH_MOVE Space
1401354901237 6 4098 340.13498 1229.8159 0.26666668 5.0 5.0 5.0 5.0 0.0 0.224 2 TOUCH_MOVE Space
1401354901253 6 4098 341.05765 1228.3933 0.3 6.0 6.0 6.0 6.0 0.0 0.22000001 2 TOUCH_MOVE Space
1401354901270 6 4098 342.1087 1227.3422 0.26666668 5.0 5.0 5.0 5.0 0.0 0.22000001 2 TOUCH_MOVE Space
1401354901287 6 4098 342.75 1227.4509 0.26666668 5.0 5.0 5.0 5.0 0.0 0.22000001 2 TOUCH_MOVE Space
1401354901353 6 4098 341.5 1228.4509 0.23333335 5.0 5.0 5.0 5.0 0.0 0.18400002 2 TOUCH_MOVE Space
1401354901356 6 4098 341.5 1228.4509 0.23333335 5.0 5.0 5.0 5.0 0.0 0.18400002 1 TOUCH_UP Space
1401354901475 6 4098 38.0 950.451 0.20000002 4.0 4.0 4.0 4.0 0.0 0.18800001 0 TOUCH_DOWN a
1401354901478 6 4098 38.171772 950.451 0.23333335 4.0 4.0 4.0 4.0 0.0 0.18800001 2 TOUCH_MOVE a
1401354901509 6 4098 39.786316 950.3794 0.23333335 4.0 4.0 4.0 4.0 0.0 0.2 2 TOUCH_MOVE a
1401354901520 6 4098 43.527878 949.275 0.23333335 4.0 4.0 4.0 4.0 0.0 0.2 2 TOUCH_MOVE a
1401354901554 6 4098 41.62917 949.451 0.23333335 4.0 4.0 4.0 4.0 0.0 0.2 2 TOUCH_MOVE a
1401354901570 6 4098 41.25 949.451 0.23333335 4.0 4.0 4.0 4.0 0.0 0.19600001 2 TOUCH_MOVE a
1401354901587 6 4098 39.297466 949.451 0.23333335 4.0 4.0 4.0 4.0 0.0 0.192 2 TOUCH_MOVE a
1401354901599 6 4098 32.0 949.951 0.20000002 4.0 4.0 4.0 4.0 0.0 0.17600001 2 TOUCH_MOVE a
1401354901602 6 4098 32.0 949.951 0.20000002 4.0 4.0 4.0 4.0 0.0 0.17600001 1 TOUCH_UP a
1401354901686 6 4098 350.0 1237.9509 0.20000002 4.0 4.0 4.0 4.0 0.0 0.192 0 TOUCH_DOWN Space
1401354901706 6 4098 350.28003 1237.6709 0.20000002 4.0 4.0 4.0 4.0 0.0 0.19600001 2 TOUCH_MOVE Space
1401354901729 6 4098 352.24158 1236.2899 0.26666668 5.0 5.0 5.0 5.0 0.0 0.208 2 TOUCH_MOVE Space
1401354901737 6 4098 354.68954 1234.2614 0.26666668 5.0 5.0 5.0 5.0 0.0 0.21200001 2 TOUCH_MOVE Space
1401354901754 6 4098 356.72824 1232.2227 0.26666668 5.0 5.0 5.0 5.0 0.0 0.21200001 2 TOUCH_MOVE Space
1401354901770 6 4098 358.13046 1231.3204 0.26666668 5.0 5.0 5.0 5.0 0.0 0.21200001 2 TOUCH_MOVE Space
1401354901788 6 4098 359.14474 1230.4509 0.26666668 5.0 5.0 5.0 5.0 0.0 0.21200001 2 TOUCH_MOVE Space
1401354901804 6 4098 359.75 1230.4509 0.26666668 5.0 5.0 5.0 5.0 0.0 0.21200001 2 TOUCH_MOVE Space
1401354901854 6 4098 357.85345 1231.5608 0.20000002 4.0 4.0 4.0 4.0 0.0 0.19600001 2 TOUCH_MOVE Space
1401354901861 6 4098 356.0 1232.9509 0.13333334 3.0 3.0 3.0 3.0 0.0 0.18 2 TOUCH_MOVE Space
1401354901868 6 4098 356.0 1232.9509 0.13333334 3.0 3.0 3.0 3.0 0.0 0.18 1 TOUCH_UP Space
1401354902059 6 4098 415.0 1110.4509 0.3 5.0 5.0 5.0 5.0 0.0 0.216 0 TOUCH_DOWN b
1401354902071 6 4098 415.0 1110.4509 0.3 5.0 5.0 5.0 5.0 0.0 0.22000001 2 TOUCH_MOVE b
1401354902104 6 4098 415.88354 1109.5092 0.33333334 6.0 6.0 6.0 6.0 0.0 0.22800002 2 TOUCH_MOVE b
1401354902121 6 4098 417.4121 1108.4949 0.33333334 5.0 5.0 5.0 5.0 0.0 0.22800002 2 TOUCH_MOVE b
1401354902138 6 4098 418.25 1108.4509 0.33333334 5.0 5.0 5.0 5.0 0.0 0.22800002 2 TOUCH_MOVE b
1401354902205 6 4098 417.5 1108.9509 0.3 5.0 5.0 5.0 5.0 0.0 0.21200001 2 TOUCH_MOVE b
1401354902207 6 4098 417.5 1108.9509 0.26666668 5.0 5.0 5.0 5.0 0.0 0.18 2 TOUCH_MOVE b
1401354902211 6 4098 417.5 1108.9509 0.26666668 5.0 5.0 5.0 5.0 0.0 0.18 1 TOUCH_UP b
1401354902498 6 4098 258.5 870.951 0.3 5.0 5.0 5.0 5.0 0.0 0.224 0 TOUCH_DOWN r
1401354902605 6 4098 258.09317 870.951 0.33333334 6.0 6.0 6.0 6.0 0.0 0.23600002 2 TOUCH_MOVE r
1401354902621 6 4098 257.75 870.951 0.33333334 6.0 6.0 6.0 6.0 0.0 0.24000001 2 TOUCH_MOVE r
1401354902655 6 4098 255.61281 870.951 0.3 5.0 5.0 5.0 5.0 0.0 0.224 2 TOUCH_MOVE r
1401354902666 6 4098 255.5 870.951 0.16666667 3.0 3.0 3.0 3.0 0.0 0.132 2 TOUCH_MOVE r
1401354902671 6 4098 255.5 870.951 0.16666667 3.0 3.0 3.0 3.0 0.0 0.132 1 TOUCH_UP r
1401354902804 6 4098 550.0 854.951 0.23333335 5.0 5.0 5.0 5.0 0.0 0.21200001 0 TOUCH_DOWN i
1401354902810 6 4098 549.6922 854.951 0.26666668 5.0 5.0 5.0 5.0 0.0 0.22000001 2 TOUCH_MOVE i
1401354902826 6 4098 548.73535 854.31866 0.26666668 5.0 5.0 5.0 5.0 0.0 0.224 2 TOUCH_MOVE i
1401354902838 6 4098 547.3534 853.3044 0.26666668 5.0 5.0 5.0 5.0 0.0 0.22800002 2 TOUCH_MOVE i
1401354902857 6 4098 545.93445 853.451 0.3 6.0 6.0 6.0 6.0 0.0 0.22800002 2 TOUCH_MOVE i
1401354902922 6 4098 546.0 854.80005 0.23333335 5.0 5.0 5.0 5.0 0.0 0.21200001 2 TOUCH_MOVE i
1401354902937 6 4098 546.0 855.451 0.16666667 3.0 3.0 3.0 3.0 0.0 0.120000005 2 TOUCH_MOVE i
1401354902940 6 4098 546.0 855.451 0.16666667 3.0 3.0 3.0 3.0 0.0 0.120000005 1 TOUCH_UP i
1401354903085 6 4098 355.5 1000.451 0.33333334 5.0 5.0 5.0 5.0 0.0 0.224 0 TOUCH_DOWN g
1401354903105 6 4098 355.5 1000.451 0.3 5.0 5.0 5.0 5.0 0.0 0.22800002 2 TOUCH_MOVE g
1401354903158 6 4098 355.5 998.9997 0.36666667 6.0 6.0 6.0 6.0 0.0 0.24000001 2 TOUCH_MOVE g
1401354903172 6 4098 355.9669 998.451 0.33333334 5.0 5.0 5.0 5.0 0.0 0.24000001 2 TOUCH_MOVE g
1401354903188 6 4098 356.25 998.451 0.33333334 5.0 5.0 5.0 5.0 0.0 0.23600002 2 TOUCH_MOVE g
1401354903205 6 4098 356.0 997.46423 0.33333334 5.0 5.0 5.0 5.0 0.0 0.24000001 2 TOUCH_MOVE g
1401354903222 6 4098 356.0 996.701 0.36666667 6.0 6.0 6.0 6.0 0.0 0.24000001 2 TOUCH_MOVE g
1401354903238 6 4098 355.49988 996.951 0.3 5.0 5.0 5.0 5.0 0.0 0.22000001 2 TOUCH_MOVE g
1401354903250 6 4098 355.5 996.951 0.3 5.0 5.0 5.0 5.0 0.0 0.19600001 2 TOUCH_MOVE g
1401354903266 6 4098 355.5 996.951 0.3 5.0 5.0 5.0 5.0 0.0 0.19600001 1 TOUCH_UP g
1401354903439 6 4098 427.5 983.451 0.23333335 4.0 4.0 4.0 4.0 0.0 0.21200001 0 TOUCH_DOWN h
1401354903458 6 4098 428.23688 983.451 0.26666668 5.0 5.0 5.0 5.0 0.0 0.216 2 TOUCH_MOVE h
1401354903472 6 4098 431.4495 983.951 0.26666668 5.0 5.0 5.0 5.0 0.0 0.224 2 TOUCH_MOVE h
1401354903489 6 4098 434.53827 983.951 0.26666668 5.0 5.0 5.0 5.0 0.0 0.22800002 2 TOUCH_MOVE h
1401354903505 6 4098 435.75 983.951 0.3 5.0 5.0 5.0 5.0 0.0 0.22800002 2 TOUCH_MOVE h
1401354903523 6 4098 435.5 984.7382 0.26666668 4.0 4.0 4.0 4.0 0.0 0.22800002 2 TOUCH_MOVE h
1401354903539 6 4098 435.5 985.76447 0.3 5.0 5.0 5.0 5.0 0.0 0.22800002 2 TOUCH_MOVE h
1401354903555 6 4098 435.5 986.784 0.3 5.0 5.0 5.0 5.0 0.0 0.22800002 2 TOUCH_MOVE h
1401354903572 6 4098 435.85107 987.80206 0.3 5.0 5.0 5.0 5.0 0.0 0.224 2 TOUCH_MOVE h
1401354903585 6 4098 436.5 988.451 0.33333334 5.0 5.0 5.0 5.0 0.0 0.192 2 TOUCH_MOVE h
1401354903589 6 4098 436.5 988.451 0.33333334 5.0 5.0 5.0 5.0 0.0 0.192 1 TOUCH_UP h
1401354903766 6 4098 328.5 878.451 0.3 5.0 5.0 5.0 5.0 0.0 0.224 0 TOUCH_DOWN t
1401354903845 6 4098 327.89413 878.451 0.3 5.0 5.0 5.0 5.0 0.0 0.24400002 2 TOUCH_MOVE t
1401354903856 6 4098 327.25 878.451 0.33333334 6.0 6.0 6.0 6.0 0.0 0.24800001 2 TOUCH_MOVE t
1401354903923 6 4098 325.2833 878.451 0.3 5.0 5.0 5.0 5.0 0.0 0.23200001 2 TOUCH_MOVE t
1401354903939 6 4098 318.0 878.451 0.23333335 5.0 5.0 5.0 5.0 0.0 0.18 2 TOUCH_MOVE t
1401354903945 6 4098 318.0 878.451 0.23333335 5.0 5.0 5.0 5.0 0.0 0.18 1 TOUCH_UP t
1401354904131 6 4098 167.5 856.451 0.23333335 5.0 5.0 5.0 5.0 0.0 0.20400001 0 TOUCH_DOWN e
1401354904141 6 4098 167.5 856.451 0.23333335 5.0 5.0 5.0 5.0 0.0 0.208 2 TOUCH_MOVE e
1401354904158 6 4098 169.28477 856.451 0.23333335 5.0 5.0 5.0 5.0 0.0 0.22000001 2 TOUCH_MOVE e
1401354904173 6 4098 171.34335 855.5293 0.23333335 5.0 5.0 5.0 5.0 0.0 0.22000001 2 TOUCH_MOVE e
1401354904189 6 4098 173.37804 854.951 0.23333335 5.0 5.0 5.0 5.0 0.0 0.22000001 2 TOUCH_MOVE e
1401354904206 6 4098 174.93445 854.951 0.23333335 5.0 5.0 5.0 5.0 0.0 0.22000001 2 TOUCH_MOVE e
1401354904224 6 4098 175.75 854.951 0.26666668 5.0 5.0 5.0 5.0 0.0 0.224 2 TOUCH_MOVE e
1401354904273 6 4098 173.98488 854.951 0.23333335 5.0 5.0 5.0 5.0 0.0 0.21200001 2 TOUCH_MOVE e
1401354904289 6 4098 172.5 855.451 0.20000002 4.0 4.0 4.0 4.0 0.0 0.17600001 2 TOUCH_MOVE e
1401354904304 6 4098 172.5 855.451 0.20000002 4.0 4.0 4.0 4.0 0.0 0.17600001 1 TOUCH_UP e
1401354904466 6 4098 242.0 870.451 0.3 5.0 5.0 5.0 5.0 0.0 0.224 0 TOUCH_DOWN r
1401354904473 6 4098 242.0 870.451 0.3 5.0 5.0 5.0 5.0 0.0 0.22800002 2 TOUCH_MOVE r
1401354904540 6 4098 243.27069 870.451 0.33333334 6.0 6.0 6.0 6.0 0.0 0.23200001 2 TOUCH_MOVE r
1401354904556 6 4098 244.25 870.451 0.3 5.0 5.0 5.0 5.0 0.0 0.22800002 2 TOUCH_MOVE r
1401354904587 6 4098 244.0 870.451 0.26666668 4.0 4.0 4.0 4.0 0.0 0.192 2 TOUCH_MOVE r
1401354904591 6 4098 244.0 870.451 0.26666668 4.0 4.0 4.0 4.0 0.0 0.192 1 TOUCH_UP r
1401354904745 6 4098 344.5 1226.4509 0.26666668 5.0 5.0 5.0 5.0 0.0 0.208 0 TOUCH_DOWN Space
1401354904756 6 4098 344.5 1226.4509 0.26666668 5.0 5.0 5.0 5.0 0.0 0.21200001 2 TOUCH_MOVE Space
1401354904790 6 4098 344.5 1224.4279 0.26666668 5.0 5.0 5.0 5.0 0.0 0.224 2 TOUCH_MOVE Space
1401354904808 6 4098 344.5 1222.9196 0.3 6.0 6.0 6.0 6.0 0.0 0.23200001 2 TOUCH_MOVE Space
1401354904823 6 4098 345.54138 1221.9095 0.3 6.0 6.0 6.0 6.0 0.0 0.23200001 2 TOUCH_MOVE Space
1401354904840 6 4098 346.55856 1220.8923 0.26666668 5.0 5.0 5.0 5.0 0.0 0.22800002 2 TOUCH_MOVE Space
1401354904890 6 4098 345.40558 1220.9509 0.3 6.0 6.0 6.0 6.0 0.0 0.22800002 2 TOUCH_MOVE Space
1401354904908 6 4098 343.96326 1221.4877 0.26666668 5.0 5.0 5.0 5.0 0.0 0.22000001 2 TOUCH_MOVE Space
1401354904923 6 4098 341.5864 1223.8645 0.26666668 5.0 5.0 5.0 5.0 0.0 0.2 2 TOUCH_MOVE Space
1401354904932 6 4098 340.5 1224.9509 0.26666668 5.0 5.0 5.0 5.0 0.0 0.18 2 TOUCH_MOVE Space
1401354904936 6 4098 340.5 1224.9509 0.26666668 5.0 5.0 5.0 5.0 0.0 0.18 1 TOUCH_UP Space
1401354905083 6 4098 225.5 993.451 0.3 5.0 5.0 5.0 5.0 0.0 0.22800002 0 TOUCH_DOWN d
1401354905091 6 4098 225.5 993.451 0.3 5.0 5.0 5.0 5.0 0.0 0.23600002 2 TOUCH_MOVE d
1401354905124 6 4098 225.5 992.13666 0.3 5.0 5.0 5.0 5.0 0.0 0.24000001 2 TOUCH_MOVE d
1401354905140 6 4098 225.5 991.10876 0.3 5.0 5.0 5.0 5.0 0.0 0.24000001 2 TOUCH_MOVE d
1401354905157 6 4098 226.0 990.59247 0.3 5.0 5.0 5.0 5.0 0.0 0.24000001 2 TOUCH_MOVE d
1401354905174 6 4098 226.0 989.701 0.3 5.0 5.0 5.0 5.0 0.0 0.24000001 2 TOUCH_MOVE d
1401354905195 6 4098 226.38861 989.451 0.3 5.0 5.0 5.0 5.0 0.0 0.24400002 2 TOUCH_MOVE d
1401354905207 6 4098 226.75 989.451 0.3 5.0 5.0 5.0 5.0 0.0 0.24400002 2 TOUCH_MOVE d
1401354905240 6 4098 226.0 989.951 0.26666668 4.0 4.0 4.0 4.0 0.0 0.224 2 TOUCH_MOVE d
1401354905244 6 4098 226.0 989.951 0.33333334 5.0 5.0 5.0 5.0 0.0 0.18800001 2 TOUCH_MOVE d
1401354905247 6 4098 226.0 989.951 0.33333334 5.0 5.0 5.0 5.0 0.0 0.18800001 1 TOUCH_UP d
1401354905482 6 4098 42.5 967.451 0.16666667 3.0 3.0 3.0 3.0 0.0 0.18800001 0 TOUCH_DOWN a
1401354905505 6 4098 42.5 967.451 0.16666667 3.0 3.0 3.0 3.0 0.0 0.192 2 TOUCH_MOVE a
1401354905541 6 4098 42.726074 966.2249 0.20000002 3.0 3.0 3.0 3.0 0.0 0.2 2 TOUCH_MOVE a
1401354905557 6 4098 44.289562 965.451 0.20000002 3.0 3.0 3.0 3.0 0.0 0.2 2 TOUCH_MOVE a
1401354905574 6 4098 46.517395 965.451 0.20000002 3.0 3.0 3.0 3.0 0.0 0.2 2 TOUCH_MOVE a
1401354905591 6 4098 47.773743 965.451 0.20000002 3.0 3.0 3.0 3.0 0.0 0.2 2 TOUCH_MOVE a
1401354905607 6 4098 48.75 965.451 0.20000002 3.0 3.0 3.0 3.0 0.0 0.19600001 2 TOUCH_MOVE a
1401354905624 6 4098 46.0 965.451 0.16666667 3.0 3.0 3.0 3.0 0.0 0.18400002 2 TOUCH_MOVE a
1401354905630 6 4098 46.0 965.451 0.10000001 2.0 2.0 2.0 2.0 0.0 0.136 2 TOUCH_MOVE a
1401354905633 6 4098 46.0 965.451 0.10000001 2.0 2.0 2.0 2.0 0.0 0.136 1 TOUCH_UP a
1401354905800 6 4098 379.5 863.451 0.3 6.0 6.0 6.0 6.0 0.0 0.224 0 TOUCH_DOWN y
1401354905808 6 4098 379.5 863.451 0.3 6.0 6.0 6.0 6.0 0.0 0.22800002 2 TOUCH_MOVE y
1401354905878 6 4098 378.93552 863.451 0.26666668 5.0 5.0 5.0 5.0 0.0 0.23200001 2 TOUCH_MOVE y
1401354905891 6 4098 379.0 863.97046 0.26666668 5.0 5.0 5.0 5.0 0.0 0.22800002 2 TOUCH_MOVE y
1401354905908 6 4098 379.61646 865.6839 0.26666668 5.0 5.0 5.0 5.0 0.0 0.21200001 2 TOUCH_MOVE y
1401354905917 6 4098 381.5 866.951 0.3 5.0 5.0 5.0 5.0 0.0 0.192 2 TOUCH_MOVE y
1401354905920 6 4098 381.5 866.951 0.3 5.0 5.0 5.0 5.0 0.0 0.192 1 TOUCH_UP y
1401354906341 6 4098 675.5 1193.4509 0.20000002 4.0 4.0 4.0 4.0 0.0 0.2 0 TOUCH_DOWN Enter
1401354906425 6 4098 674.433 1192.8839 0.26666668 5.0 5.0 5.0 5.0 0.0 0.21200001 2 TOUCH_MOVE Enter
1401354906442 6 4098 673.41693 1192.4509 0.26666668 5.0 5.0 5.0 5.0 0.0 0.216 2 TOUCH_MOVE Enter
1401354906475 6 4098 673.5 1192.9784 0.23333335 5.0 5.0 5.0 5.0 0.0 0.19600001 2 TOUCH_MOVE Enter
1401354906480 6 4098 673.5 1192.9784 0.23333335 5.0 5.0 5.0 5.0 0.0 0.19600001 1 TOUCH_UP Enter
1401354906853 6 4098 120.0 991.451 0.26666668 4.0 4.0 4.0 4.0 0.0 0.208 0 TOUCH_DOWN S
1401354906876 6 4098 120.0 991.451 0.3 5.0 5.0 5.0 5.0 0.0 0.21200001 2 TOUCH_MOVE S
1401354906908 6 4098 120.0 990.4459 0.33333334 6.0 6.0 6.0 6.0 0.0 0.224 2 TOUCH_MOVE S
1401354906925 6 4098 120.0 989.4076 0.33333334 6.0 6.0 6.0 6.0 0.0 0.224 2 TOUCH_MOVE S
1401354906949 6 4098 120.27691 988.951 0.33333334 6.0 6.0 6.0 6.0 0.0 0.224 2 TOUCH_MOVE S
1401354906959 6 4098 121.04496 988.951 0.33333334 6.0 6.0 6.0 6.0 0.0 0.224 2 TOUCH_MOVE S
1401354906975 6 4098 122.5 988.951 0.33333334 6.0 6.0 6.0 6.0 0.0 0.224 2 TOUCH_MOVE S
1401354906994 6 4098 122.0 989.69464 0.33333334 6.0 6.0 6.0 6.0 0.0 0.224 2 TOUCH_MOVE S
1401354907007 6 4098 122.0 989.451 0.33333334 5.0 5.0 5.0 5.0 0.0 0.18800001 2 TOUCH_MOVE S
1401354907012 6 4098 122.0 989.451 0.33333334 5.0 5.0 5.0 5.0 0.0 0.18800001 1 TOUCH_UP S
1401354907072 6 4098 629.0 853.951 0.23333335 5.0 5.0 5.0 5.0 0.0 0.21200001 0 TOUCH_DOWN o
1401354907093 6 4098 629.0 853.951 0.26666668 6.0 6.0 6.0 6.0 0.0 0.216 2 TOUCH_MOVE o
1401354907109 6 4098 629.0 853.2361 0.26666668 5.0 5.0 5.0 5.0 0.0 0.22000001 2 TOUCH_MOVE o
1401354907126 6 4098 629.0 852.2183 0.26666668 5.0 5.0 5.0 5.0 0.0 0.22000001 2 TOUCH_MOVE o
1401354907144 6 4098 629.0 851.701 0.26666668 5.0 5.0 5.0 5.0 0.0 0.22000001 2 TOUCH_MOVE o
1401354907175 6 4098 626.5428 854.349 0.23333335 5.0 5.0 5.0 5.0 0.0 0.21200001 2 TOUCH_MOVE o
1401354907190 6 4098 625.0 855.451 0.16666667 3.0 3.0 3.0 3.0 0.0 0.120000005 2 TOUCH_MOVE o
1401354907198 6 4098 625.0 855.451 0.16666667 3.0 3.0 3.0 3.0 0.0 0.120000005 1 TOUCH_UP o
1401354907420 6 4098 333.0 1217.9509 0.26666668 5.0 5.0 5.0 5.0 0.0 0.208 0 TOUCH_DOWN Space
1401354907493 6 4098 333.58118 1217.3698 0.3 6.0 6.0 6.0 6.0 0.0 0.22800002 2 TOUCH_MOVE Space
1401354907509 6 4098 335.1992 1216.8513 0.3 6.0 6.0 6.0 6.0 0.0 0.22800002 2 TOUCH_MOVE Space
1401354907527 6 4098 338.4605 1215.8358 0.3 6.0 6.0 6.0 6.0 0.0 0.22800002 2 TOUCH_MOVE Space
1401354907548 6 4098 344.36734 1213.5792 0.26666668 5.0 5.0 5.0 5.0 0.0 0.216 2 TOUCH_MOVE Space
1401354907567 6 4098 349.5 1209.9509 0.23333335 5.0 5.0 5.0 5.0 0.0 0.19600001 2 TOUCH_MOVE Space
1401354907570 6 4098 349.5 1209.9509 0.23333335 5.0 5.0 5.0 5.0 0.0 0.19600001 1 TOUCH_UP Space
1401354907758 6 4098 668.5 978.451 0.26666668 5.0 5.0 5.0 5.0 0.0 0.19600001 0 TOUCH_DOWN l
1401354907779 6 4098 668.5 978.8707 0.26666668 5.0 5.0 5.0 5.0 0.0 0.208 2 TOUCH_MOVE l
1401354907793 6 4098 668.13116 979.8198 0.26666668 5.0 5.0 5.0 5.0 0.0 0.22000001 2 TOUCH_MOVE l
1401354907829 6 4098 665.6159 981.8351 0.26666668 5.0 5.0 5.0 5.0 0.0 0.224 2 TOUCH_MOVE l
1401354907843 6 4098 665.0 982.8667 0.26666668 5.0 5.0 5.0 5.0 0.0 0.22000001 2 TOUCH_MOVE l
1401354907859 6 4098 664.5714 983.8796 0.3 5.0 5.0 5.0 5.0 0.0 0.22000001 2 TOUCH_MOVE l
1401354907876 6 4098 663.75 984.701 0.26666668 5.0 5.0 5.0 5.0 0.0 0.22000001 2 TOUCH_MOVE l
1401354907893 6 4098 663.2658 984.451 0.26666668 5.0 5.0 5.0 5.0 0.0 0.216 2 TOUCH_MOVE l
1401354907911 6 4098 663.0 984.451 0.23333335 4.0 4.0 4.0 4.0 0.0 0.2 2 TOUCH_MOVE l
1401354907913 6 4098 663.0 984.451 0.16666667 3.0 3.0 3.0 3.0 0.0 0.124000005 2 TOUCH_MOVE l
1401354907916 6 4098 663.0 984.451 0.16666667 3.0 3.0 3.0 3.0 0.0 0.124000005 1 TOUCH_UP l
1401354908127 6 4098 173.0 874.451 0.3 5.0 5.0 5.0 5.0 0.0 0.22000001 0 TOUCH_DOWN e
1401354908148 6 4098 173.6365 874.451 0.3 5.0 5.0 5.0 5.0 0.0 0.224 2 TOUCH_MOVE e
1401354908160 6 4098 176.64537 874.23584 0.3 5.0 5.0 5.0 5.0 0.0 0.23200001 2 TOUCH_MOVE e
1401354908176 6 4098 178.96715 873.951 0.33333334 6.0 6.0 6.0 6.0 0.0 0.23200001 2 TOUCH_MOVE e
1401354908210 6 4098 177.75 872.701 0.3 6.0 6.0 6.0 6.0 0.0 0.23200001 2 TOUCH_MOVE e
1401354908243 6 4098 177.43547 872.951 0.26666668 5.0 5.0 5.0 5.0 0.0 0.22800002 2 TOUCH_MOVE e
1401354908260 6 4098 175.87622 872.951 0.26666668 5.0 5.0 5.0 5.0 0.0 0.224 2 TOUCH_MOVE e
1401354908274 6 4098 175.5 872.951 0.3 5.0 5.0 5.0 5.0 0.0 0.192 2 TOUCH_MOVE e
1401354908277 6 4098 175.5 872.951 0.3 5.0 5.0 5.0 5.0 0.0 0.192 1 TOUCH_UP e
1401354908512 6 4098 323.5 848.951 0.26666668 5.0 5.0 5.0 5.0 0.0 0.216 0 TOUCH_DOWN t
1401354908527 6 4098 323.5 848.951 0.26666668 5.0 5.0 5.0 5.0 0.0 0.224 2 TOUCH_MOVE t
1401354908545 6 4098 322.40454 848.3555 0.33333334 6.0 6.0 6.0 6.0 0.0 0.23200001 2 TOUCH_MOVE t
1401354908560 6 4098 322.5 847.701 0.33333334 6.0 6.0 6.0 6.0 0.0 0.23600002 2 TOUCH_MOVE t
1401354908602 6 4098 324.37967 847.951 0.3 6.0 6.0 6.0 6.0 0.0 0.22800002 2 TOUCH_MOVE t
1401354908610 6 4098 328.9757 848.6949 0.26666668 5.0 5.0 5.0 5.0 0.0 0.22000001 2 TOUCH_MOVE t
1401354908627 6 4098 332.0 851.451 0.20000002 4.0 4.0 4.0 4.0 0.0 0.18400002 2 TOUCH_MOVE t
1401354908631 6 4098 332.0 851.451 0.20000002 4.0 4.0 4.0 4.0 0.0 0.18400002 1 TOUCH_UP t
1401354909090 6 4098 595.0 1212.4509 0.23333335 4.0 4.0 4.0 4.0 0.0 0.2 0 TOUCH_DOWN '
1401354909127 6 4098 595.0 1212.4509 0.26666668 5.0 5.0 5.0 5.0 0.0 0.208 2 TOUCH_MOVE '
1401354909163 6 4098 594.3336 1211.9509 0.26666668 5.0 5.0 5.0 5.0 0.0 0.21200001 2 TOUCH_MOVE '
1401354909178 6 4098 593.31384 1211.2648 0.26666668 5.0 5.0 5.0 5.0 0.0 0.21200001 2 TOUCH_MOVE '
1401354909195 6 4098 593.0 1210.7395 0.26666668 5.0 5.0 5.0 5.0 0.0 0.21200001 2 TOUCH_MOVE '
1401354909234 6 4098 593.0 1211.4509 0.23333335 4.0 4.0 4.0 4.0 0.0 0.19600001 2 TOUCH_MOVE '
1401354909239 6 4098 593.0 1211.4509 0.23333335 4.0 4.0 4.0 4.0 0.0 0.19600001 1 TOUCH_UP '
1401354909441 6 4098 129.0 993.451 0.26666668 4.0 4.0 4.0 4.0 0.0 0.21200001 0 TOUCH_DOWN s
1401354909466 6 4098 129.0 993.1323 0.3 5.0 5.0 5.0 5.0 0.0 0.216 2 TOUCH_MOVE s
1401354909478 6 4098 129.0 992.47687 0.3 5.0 5.0 5.0 5.0 0.0 0.224 2 TOUCH_MOVE s
1401354909495 6 4098 129.0 991.45996 0.3 5.0 5.0 5.0 5.0 0.0 0.224 2 TOUCH_MOVE s
1401354909511 6 4098 129.0 990.701 0.3 5.0 5.0 5.0 5.0 0.0 0.224 2 TOUCH_MOVE s
1401354909601 6 4098 128.5 992.951 0.33333334 5.0 5.0 5.0 5.0 0.0 0.19600001 2 TOUCH_MOVE s
1401354909605 6 4098 128.5 992.951 0.33333334 5.0 5.0 5.0 5.0 0.0 0.19600001 1 TOUCH_UP s
1401354909900 6 4098 365.0 1216.9509 0.23333335 4.0 4.0 4.0 4.0 0.0 0.21200001 0 TOUCH_DOWN Space
1401354909912 6 4098 365.0 1216.9509 0.23333335 4.0 4.0 4.0 4.0 0.0 0.216 2 TOUCH_MOVE Space
1401354909963 6 4098 366.43527 1216.9509 0.26666668 5.0 5.0 5.0 5.0 0.0 0.224 2 TOUCH_MOVE Space
1401354909978 6 4098 367.25 1216.9509 0.26666668 5.0 5.0 5.0 5.0 0.0 0.22800002 2 TOUCH_MOVE Space
1401354910012 6 4098 367.6624 1216.9509 0.26666668 5.0 5.0 5.0 5.0 0.0 0.22800002 2 TOUCH_MOVE Space
1401354910054 6 4098 367.6624 1216.9509 0.26666668 5.0 5.0 5.0 5.0 0.0 0.22800002 1 TOUCH_UP Space
1401354910352 6 4098 129.5 990.451 0.26666668 4.0 4.0 4.0 4.0 0.0 0.21200001 0 TOUCH_DOWN s
1401354910362 6 4098 129.5 990.451 0.3 5.0 5.0 5.0 5.0 0.0 0.216 2 TOUCH_MOVE s
1401354910412 6 4098 130.86276 989.0882 0.3 5.0 5.0 5.0 5.0 0.0 0.224 2 TOUCH_MOVE s
1401354910429 6 4098 131.0 988.1163 0.3 5.0 5.0 5.0 5.0 0.0 0.224 2 TOUCH_MOVE s
1401354910450 6 4098 131.97293 987.21454 0.3 5.0 5.0 5.0 5.0 0.0 0.224 2 TOUCH_MOVE s
1401354910462 6 4098 133.81819 986.951 0.33333334 6.0 6.0 6.0 6.0 0.0 0.224 2 TOUCH_MOVE s
1401354910479 6 4098 134.5 987.3662 0.33333334 6.0 6.0 6.0 6.0 0.0 0.22000001 2 TOUCH_MOVE s
1401354910499 6 4098 134.11118 988.3398 0.33333334 6.0 6.0 6.0 6.0 0.0 0.216 2 TOUCH_MOVE s
1401354910500 6 4098 134.0 988.451 0.33333334 5.0 5.0 5.0 5.0 0.0 0.2 2 TOUCH_MOVE s
1401354910504 6 4098 134.0 988.451 0.33333334 5.0 5.0 5.0 5.0 0.0 0.2 1 TOUCH_UP s
1401354910723 6 4098 303.0 861.451 0.26666668 5.0 5.0 5.0 5.0 0.0 0.224 0 TOUCH_DOWN t
1401354910729 6 4098 303.0 861.451 0.26666668 5.0 5.0 5.0 5.0 0.0 0.22800002 2 TOUCH_MOVE t
1401354910762 6 4098 304.1955 860.7555 0.33333334 6.0 6.0 6.0 6.0 0.0 0.24000001 2 TOUCH_MOVE t
1401354910779 6 4098 305.2104 860.451 0.33333334 6.0 6.0 6.0 6.0 0.0 0.24400002 2 TOUCH_MOVE t
1401354910796 6 4098 305.5 859.72577 0.33333334 6.0 6.0 6.0 6.0 0.0 0.24400002 2 TOUCH_MOVE t
1401354910813 6 4098 305.5 858.7139 0.3 6.0 6.0 6.0 6.0 0.0 0.24000001 2 TOUCH_MOVE t
1401354910829 6 4098 304.74323 857.951 0.33333334 6.0 6.0 6.0 6.0 0.0 0.24000001 2 TOUCH_MOVE t
1401354910850 6 4098 303.75 857.951 0.26666668 5.0 5.0 5.0 5.0 0.0 0.24000001 2 TOUCH_MOVE t
1401354910862 6 4098 302.43393 857.951 0.26666668 5.0 5.0 5.0 5.0 0.0 0.23600002 2 TOUCH_MOVE t
1401354910879 6 4098 299.0 858.451 0.26666668 5.0 5.0 5.0 5.0 0.0 0.22000001 2 TOUCH_MOVE t
1401354910885 6 4098 299.0 858.451 0.23333335 5.0 5.0 5.0 5.0 0.0 0.18400002 2 TOUCH_MOVE t
1401354910888 6 4098 299.0 858.451 0.23333335 5.0 5.0 5.0 5.0 0.0 0.18400002 1 TOUCH_UP t
1401354911111 6 4098 41.5 959.951 0.20000002 3.0 3.0 3.0 3.0 0.0 0.18400002 0 TOUCH_DOWN a
1401354911116 6 4098 41.5 959.951 0.20000002 3.0 3.0 3.0 3.0 0.0 0.18800001 2 TOUCH_MOVE a
1401354911146 6 4098 42.013966 959.951 0.20000002 3.0 3.0 3.0 3.0 0.0 0.192 2 TOUCH_MOVE a
1401354911164 6 4098 43.080563 959.951 0.20000002 3.0 3.0 3.0 3.0 0.0 0.19600001 2 TOUCH_MOVE a
1401354911179 6 4098 44.063908 959.951 0.20000002 3.0 3.0 3.0 3.0 0.0 0.19600001 2 TOUCH_MOVE a
1401354911197 6 4098 44.75 959.951 0.20000002 3.0 3.0 3.0 3.0 0.0 0.19600001 2 TOUCH_MOVE a
1401354911263 6 4098 43.983505 959.951 0.20000002 3.0 3.0 3.0 3.0 0.0 0.19600001 2 TOUCH_MOVE a
1401354911279 6 4098 42.813114 960.6379 0.20000002 3.0 3.0 3.0 3.0 0.0 0.18800001 2 TOUCH_MOVE a
1401354911287 6 4098 42.5 960.951 0.13333334 2.0 2.0 2.0 2.0 0.0 0.17600001 2 TOUCH_MOVE a
1401354911290 6 4098 42.5 960.951 0.13333334 2.0 2.0 2.0 2.0 0.0 0.17600001 1 TOUCH_UP a
1401354911501 6 4098 243.0 872.951 0.3 5.0 5.0 5.0 5.0 0.0 0.22000001 0 TOUCH_DOWN r
1401354911515 6 4098 243.0 872.951 0.33333334 6.0 6.0 6.0 6.0 0.0 0.224 2 TOUCH_MOVE r
1401354911549 6 4098 242.39587 872.951 0.33333334 6.0 6.0 6.0 6.0 0.0 0.23600002 2 TOUCH_MOVE r
1401354911563 6 4098 241.76405 872.951 0.3 5.0 5.0 5.0 5.0 0.0 0.23600002 2 TOUCH_MOVE r
1401354911635 6 4098 241.76405 872.951 0.3 5.0 5.0 5.0 5.0 0.0 0.23600002 1 TOUCH_UP r
1401354912011 6 4098 352.5 1233.4509 0.23333335 4.0 4.0 4.0 4.0 0.0 0.2 0 TOUCH_DOWN Space
1401354912037 6 4098 352.95004 1232.5508 0.26666668 5.0 5.0 5.0 5.0 0.0 0.20400001 2 TOUCH_MOVE Space
1401354912047 6 4098 353.8919 1229.7753 0.26666668 5.0 5.0 5.0 5.0 0.0 0.216 2 TOUCH_MOVE Space
1401354912063 6 4098 355.43182 1226.6554 0.3 6.0 6.0 6.0 6.0 0.0 0.22000001 2 TOUCH_MOVE Space
1401354912080 6 4098 356.0 1224.551 0.3 6.0 6.0 6.0 6.0 0.0 0.224 2 TOUCH_MOVE Space
1401354912100 6 4098 356.35367 1223.5973 0.26666668 5.0 5.0 5.0 5.0 0.0 0.224 2 TOUCH_MOVE Space
1401354912113 6 4098 356.75 1223.2009 0.26666668 5.0 5.0 5.0 5.0 0.0 0.224 2 TOUCH_MOVE Space
1401354912163 6 4098 356.5 1224.4623 0.26666668 5.0 5.0 5.0 5.0 0.0 0.21200001 2 TOUCH_MOVE Space
1401354912181 6 4098 355.4569 1225.494 0.26666668 5.0 5.0 5.0 5.0 0.0 0.20400001 2 TOUCH_MOVE Space
1401354912197 6 4098 354.42993 1225.9509 0.16666667 3.0 3.0 3.0 3.0 0.0 0.18 2 TOUCH_MOVE Space
1401354912206 6 4098 354.5 1225.9509 0.16666667 3.0 3.0 3.0 3.0 0.0 0.104 2 TOUCH_MOVE Space
1401354912210 6 4098 354.5 1225.9509 0.16666667 3.0 3.0 3.0 3.0 0.0 0.104 1 TOUCH_UP Space
1401354912734 6 4098 692.5 1103.9509 0.23333335 4.0 4.0 4.0 4.0 0.0 0.19600001 0 TOUCH_DOWN Back
1401354912755 6 4098 692.5 1103.9509 0.26666668 4.0 4.0 4.0 4.0 0.0 0.208 2 TOUCH_MOVE Back
1401354912768 6 4098 691.9076 1103.9509 0.26666668 4.0 4.0 4.0 4.0 0.0 0.21200001 2 TOUCH_MOVE Back
1401354912781 6 4098 690.2726 1103.9509 0.26666668 4.0 4.0 4.0 4.0 0.0 0.216 2 TOUCH_MOVE Back
1401354912798 6 4098 688.23346 1103.9509 0.3 5.0 5.0 5.0 5.0 0.0 0.216 2 TOUCH_MOVE Back
1401354912814 6 4098 686.87836 1103.9509 0.3 5.0 5.0 5.0 5.0 0.0 0.216 2 TOUCH_MOVE Back
1401354912831 6 4098 685.34283 1103.9509 0.3 5.0 5.0 5.0 5.0 0.0 0.21200001 2 TOUCH_MOVE Back
1401354912848 6 4098 684.3219 1104.629 0.3 5.0 5.0 5.0 5.0 0.0 0.21200001 2 TOUCH_MOVE Back
1401354912866 6 4098 683.5 1105.1438 0.3 5.0 5.0 5.0 5.0 0.0 0.208 2 TOUCH_MOVE Back
1401354912880 6 4098 683.5 1105.4509 0.26666668 5.0 5.0 5.0 5.0 0.0 0.14 2 TOUCH_MOVE Back
1401354912885 6 4098 683.5 1105.4509 0.26666668 5.0 5.0 5.0 5.0 0.0 0.14 1 TOUCH_UP Back
1401354913157 6 4098 318.0 872.451 0.3 5.0 5.0 5.0 5.0 0.0 0.216 0 TOUCH_DOWN t
1401354913165 6 4098 318.0 872.451 0.3 5.0 5.0 5.0 5.0 0.0 0.224 2 TOUCH_MOVE t
1401354913198 6 4098 317.01736 872.451 0.3 5.0 5.0 5.0 5.0 0.0 0.23600002 2 TOUCH_MOVE t
1401354913215 6 4098 316.75 872.451 0.3 5.0 5.0 5.0 5.0 0.0 0.23200001 2 TOUCH_MOVE t
1401354913232 6 4098 317.0 871.9415 0.33333334 6.0 6.0 6.0 6.0 0.0 0.23200001 2 TOUCH_MOVE t
1401354913248 6 4098 316.50137 870.9524 0.33333334 6.0 6.0 6.0 6.0 0.0 0.23600002 2 TOUCH_MOVE t
1401354913264 6 4098 314.34897 870.451 0.3 5.0 5.0 5.0 5.0 0.0 0.23200001 2 TOUCH_MOVE t
1401354913282 6 4098 312.32086 870.451 0.3 5.0 5.0 5.0 5.0 0.0 0.22800002 2 TOUCH_MOVE t
1401354913298 6 4098 310.0 870.451 0.3 5.0 5.0 5.0 5.0 0.0 0.18400002 2 TOUCH_MOVE t
1401354913302 6 4098 310.0 870.451 0.3 5.0 5.0 5.0 5.0 0.0 0.18400002 1 TOUCH_UP t
1401354913491 6 4098 357.5 1217.9509 0.23333335 4.0 4.0 4.0 4.0 0.0 0.20400001 0 TOUCH_DOWN Space
1401354913498 6 4098 357.5 1217.9509 0.23333335 4.0 4.0 4.0 4.0 0.0 0.208 2 TOUCH_MOVE Space
1401354913582 6 4098 358.87534 1217.4509 0.26666668 5.0 5.0 5.0 5.0 0.0 0.224 2 TOUCH_MOVE Space
1401354913599 6 4098 359.88965 1216.9509 0.26666668 5.0 5.0 5.0 5.0 0.0 0.22800002 2 TOUCH_MOVE Space
1401354913615 6 4098 360.75 1216.9509 0.26666668 5.0 5.0 5.0 5.0 0.0 0.224 2 TOUCH_MOVE Space
1401354913665 6 4098 360.5 1216.9509 0.23333335 4.0 4.0 4.0 4.0 0.0 0.192 2 TOUCH_MOVE Space
1401354913672 6 4098 360.5 1216.9509 0.23333335 4.0 4.0 4.0 4.0 0.0 0.192 1 TOUCH_UP Space
1401354914129 6 4098 359.5 990.951 0.3 5.0 5.0 5.0 5.0 0.0 0.23200001 0 TOUCH_DOWN g
1401354914165 6 4098 360.40274 990.5482 0.3 5.0 5.0 5.0 5.0 0.0 0.24000001 2 TOUCH_MOVE g
1401354914186 6 4098 361.0 989.5062 0.33333334 6.0 6.0 6.0 6.0 0.0 0.24000001 2 TOUCH_MOVE g
1401354914208 6 4098 361.0 988.701 0.3 5.0 5.0 5.0 5.0 0.0 0.24000001 2 TOUCH_MOVE g
1401354914249 6 4098 359.49557 988.951 0.3 5.0 5.0 5.0 5.0 0.0 0.23600002 2 TOUCH_MOVE g
1401354914265 6 4098 357.97745 988.951 0.26666668 4.0 4.0 4.0 4.0 0.0 0.224 2 TOUCH_MOVE g
1401354914276 6 4098 358.0 988.951 0.26666668 4.0 4.0 4.0 4.0 0.0 0.192 2 TOUCH_MOVE g
1401354914279 6 4098 358.0 988.951 0.26666668 4.0 4.0 4.0 4.0 0.0 0.192 1 TOUCH_UP g
1401354914588 6 4098 543.5 852.951 0.26666668 5.0 5.0 5.0 5.0 0.0 0.216 0 TOUCH_DOWN i
1401354914599 6 4098 543.5 852.951 0.26666668 5.0 5.0 5.0 5.0 0.0 0.224 2 TOUCH_MOVE i
1401354914633 6 4098 541.2558 851.5789 0.3 6.0 6.0 6.0 6.0 0.0 0.22800002 2 TOUCH_MOVE i
1401354914649 6 4098 540.1112 850.951 0.26666668 5.0 5.0 5.0 5.0 0.0 0.23200001 2 TOUCH_MOVE i
1401354914666 6 4098 539.75 850.951 0.26666668 5.0 5.0 5.0 5.0 0.0 0.23200001 2 TOUCH_MOVE i
1401354914699 6 4098 541.4245 852.3755 0.3 6.0 6.0 6.0 6.0 0.0 0.23200001 2 TOUCH_MOVE i
1401354914717 6 4098 542.3769 854.2047 0.3 6.0 6.0 6.0 6.0 0.0 0.22800002 2 TOUCH_MOVE i
1401354914733 6 4098 543.0 855.951 0.23333335 5.0 5.0 5.0 5.0 0.0 0.21200001 2 TOUCH_MOVE i
1401354914751 6 4098 543.0 855.951 0.13333334 2.0 2.0 2.0 2.0 0.0 0.108 2 TOUCH_MOVE i
1401354914758 6 4098 543.0 855.951 0.13333334 2.0 2.0 2.0 2.0 0.0 0.108 1 TOUCH_UP i
1401354915231 6 4098 357.0 1116.4509 0.33333334 5.0 5.0 5.0 5.0 0.0 0.216 0 TOUCH_DOWN v
1401354915252 6 4098 357.0 1116.4509 0.36666667 6.0 6.0 6.0 6.0 0.0 0.22000001 2 TOUCH_MOVE v
1401354915266 6 4098 357.0 1115.4836 0.36666667 6.0 6.0 6.0 6.0 0.0 0.22800002 2 TOUCH_MOVE v
1401354915283 6 4098 357.49106 1114.4598 0.36666667 6.0 6.0 6.0 6.0 0.0 0.23200001 2 TOUCH_MOVE v
1401354915302 6 4098 358.0 1113.5132 0.36666667 6.0 6.0 6.0 6.0 0.0 0.22800002 2 TOUCH_MOVE v
1401354915316 6 4098 358.0 1113.2009 0.33333334 5.0 5.0 5.0 5.0 0.0 0.22800002 2 TOUCH_MOVE v
1401354915354 6 4098 358.89413 1113.9509 0.33333334 5.0 5.0 5.0 5.0 0.0 0.22000001 2 TOUCH_MOVE v
1401354915360 6 4098 359.0 1113.9509 0.20000002 3.0 3.0 3.0 3.0 0.0 0.112 2 TOUCH_MOVE v
1401354915363 6 4098 359.0 1113.9509 0.20000002 3.0 3.0 3.0 3.0 0.0 0.112 1 TOUCH_UP v
1401354915510 6 4098 530.0 878.451 0.26666668 4.0 4.0 4.0 4.0 0.0 0.216 0 TOUCH_DOWN i
1401354915517 6 4098 530.0 878.451 0.3 5.0 5.0 5.0 5.0 0.0 0.22000001 2 TOUCH_MOVE i
1401354915550 6 4098 528.75 878.451 0.3 5.0 5.0 5.0 5.0 0.0 0.224 2 TOUCH_MOVE i
1401354915617 6 4098 529.3 879.251 0.3 5.0 5.0 5.0 5.0 0.0 0.22000001 2 TOUCH_MOVE i
1401354915631 6 4098 530.0 881.451 0.3 5.0 5.0 5.0 5.0 0.0 0.192 2 TOUCH_MOVE i
1401354915634 6 4098 530.0 881.451 0.3 5.0 5.0 5.0 5.0 0.0 0.192 1 TOUCH_UP i
1401354915791 6 4098 499.0 1094.4509 0.26666668 5.0 5.0 5.0 5.0 0.0 0.20400001 0 TOUCH_DOWN n
1401354915817 6 4098 499.0 1094.4509 0.26666668 5.0 5.0 5.0 5.0 0.0 0.208 2 TOUCH_MOVE n
1401354915856 6 4098 499.52393 1095.4749 0.26666668 5.0 5.0 5.0 5.0 0.0 0.216 2 TOUCH_MOVE n
1401354915867 6 4098 500.55264 1096.5035 0.26666668 5.0 5.0 5.0 5.0 0.0 0.22000001 2 TOUCH_MOVE n
1401354915885 6 4098 501.56537 1097.5162 0.3 5.0 5.0 5.0 5.0 0.0 0.22000001 2 TOUCH_MOVE n
1401354915902 6 4098 503.0477 1097.9987 0.3 5.0 5.0 5.0 5.0 0.0 0.224 2 TOUCH_MOVE n
1401354915917 6 4098 504.0 1099.0541 0.3 5.0 5.0 5.0 5.0 0.0 0.22000001 2 TOUCH_MOVE n
1401354915934 6 4098 504.0 1098.9509 0.3 5.0 5.0 5.0 5.0 0.0 0.192 2 TOUCH_MOVE n
1401354915937 6 4098 504.0 1098.9509 0.3 5.0 5.0 5.0 5.0 0.0 0.192 1 TOUCH_UP n
1401354916093 6 4098 356.5 1001.451 0.33333334 5.0 5.0 5.0 5.0 0.0 0.224 0 TOUCH_DOWN g
1401354916100 6 4098 356.5 1001.451 0.33333334 5.0 5.0 5.0 5.0 0.0 0.23200001 2 TOUCH_MOVE g
1401354916134 6 4098 355.5 1000.1702 0.33333334 5.0 5.0 5.0 5.0 0.0 0.23600002 2 TOUCH_MOVE g
1401354916155 6 4098 355.5 999.1382 0.3 5.0 5.0 5.0 5.0 0.0 0.23600002 2 TOUCH_MOVE g
1401354916187 6 4098 356.5 997.12805 0.33333334 5.0 5.0 5.0 5.0 0.0 0.24000001 2 TOUCH_MOVE g
1401354916201 6 4098 356.5 996.201 0.33333334 5.0 5.0 5.0 5.0 0.0 0.23600002 2 TOUCH_MOVE g
1401354916222 6 4098 356.5 996.451 0.3 5.0 5.0 5.0 5.0 0.0 0.192 2 TOUCH_MOVE g
1401354916225 6 4098 356.5 996.451 0.3 5.0 5.0 5.0 5.0 0.0 0.192 1 TOUCH_UP g
