1401354316403 6 4098 89.0 867.451 0.23333335 4.0 4.0 4.0 4.0 0.0 0.208 0 TOUCH_DOWN W
1401354316412 6 4098 89.439064 867.451 0.26666668 5.0 5.0 5.0 5.0 0.0 0.21200001 2 TOUCH_MOVE W
1401354316431 6 4098 91.43005 867.451 0.26666668 5.0 5.0 5.0 5.0 0.0 0.22000001 2 TOUCH_MOVE W
1401354316441 6 4098 94.08337 867.451 0.26666668 5.0 5.0 5.0 5.0 0.0 0.22800002 2 TOUCH_MOVE W
1401354316458 6 4098 97.173935 867.451 0.26666668 5.0 5.0 5.0 5.0 0.0 0.23200001 2 TOUCH_MOVE W
1401354316474 6 4098 100.78718 866.3792 0.3 6.0 6.0 6.0 6.0 0.0 0.22800002 2 TOUCH_MOVE W
1401354316501 6 4098 103.69034 865.3876 0.3 6.0 6.0 6.0 6.0 0.0 0.22800002 2 TOUCH_MOVE W
1401354316513 6 4098 106.6984 864.3518 0.3 6.0 6.0 6.0 6.0 0.0 0.23200001 2 TOUCH_MOVE W
1401354316525 6 4098 108.1179 863.33307 0.3 6.0 6.0 6.0 6.0 0.0 0.23200001 2 TOUCH_MOVE W
1401354316546 6 4098 108.75 863.451 0.3 6.0 6.0 6.0 6.0 0.0 0.23200001 2 TOUCH_MOVE W
1401354316593 6 4098 107.31683 864.63416 0.26666668 5.0 5.0 5.0 5.0 0.0 0.2 2 TOUCH_MOVE W
1401354316600 6 4098 107.5 864.451 0.23333335 4.0 4.0 4.0 4.0 0.0 0.14 2 TOUCH_MOVE W
1401354316603 6 4098 107.5 864.451 0.23333335 4.0 4.0 4.0 4.0 0.0 0.14 1 TOUCH_UP W
1401354316796 6 4098 170.0 857.451 0.23333335 5.0 5.0 5.0 5.0 0.0 0.22000001 0 TOUCH_DOWN e
1401354316808 6 4098 170.0 857.451 0.26666668 5.0 5.0 5.0 5.0 0.0 0.22800002 2 TOUCH_MOVE e
1401354316843 6 4098 171.91278 856.5382 0.26666668 5.0 5.0 5.0 5.0 0.0 0.23600002 2 TOUCH_MOVE e
1401354316858 6 4098 172.93318 855.5178 0.26666668 5.0 5.0 5.0 5.0 0.0 0.23600002 2 TOUCH_MOVE e
1401354316876 6 4098 173.95013 854.50085 0.26666668 5.0 5.0 5.0 5.0 0.0 0.23600002 2 TOUCH_MOVE e
1401354316893 6 4098 174.0 853.701 0.26666668 5.0 5.0 5.0 5.0 0.0 0.24000001 2 TOUCH_MOVE e
1401354316942 6 4098 172.0 854.451 0.20000002 4.0 4.0 4.0 4.0 0.0 0.17600001 2 TOUCH_MOVE e
1401354316952 6 4098 172.0 854.451 0.20000002 4.0 4.0 4.0 4.0 0.0 0.17600001 1 TOUCH_UP e
1401354317117 6 4098 356.0 1225.9509 0.23333335 4.0 4.0 4.0 4.0 0.0 0.20400001 0 TOUCH_DOWN Space
1401354317125 6 4098 356.0 1225.9509 0.23333335 4.0 4.0 4.0 4.0 0.0 0.208 2 TOUCH_MOVE Space
1401354317159 6 4098 358.4206 1224.5304 0.26666668 5.0 5.0 5.0 5.0 0.0 0.22000001 2 TOUCH_MOVE Space
1401354317176 6 4098 359.73294 1223.218 0.26666668 5.0 5.0 5.0 5.0 0.0 0.22000001 2 TOUCH_MOVE Space
1401354317198 6 4098 360.8044 1222.1465 0.26666668 5.0 5.0 5.0 5.0 0.0 0.224 2 TOUCH_MOVE Space
1401354317208 6 4098 361.71582 1221.2351 0.26666668 5.0 5.0 5.0 5.0 0.0 0.224 2 TOUCH_MOVE Space
1401354317225 6 4098 362.2482 1221.4509 0.26666668 5.0 5.0 5.0 5.0 0.0 0.224 2 TOUCH_MOVE Space
1401354317246 6 4098 362.75 1221.4509 0.26666668 5.0 5.0 5.0 5.0 0.0 0.224 2 TOUCH_MOVE Space
1401354317276 6 4098 360.8441 1223.1068 0.26666668 5.0 5.0 5.0 5.0 0.0 0.208 2 TOUCH_MOVE Space
1401354317281 6 4098 360.5 1223.4509 0.23333335 4.0 4.0 4.0 4.0 0.0 0.192 2 TOUCH_MOVE Space
1401354317284 6 4098 360.5 1223.4509 0.23333335 4.0 4.0 4.0 4.0 0.0 0.192 1 TOUCH_UP Space
1401354317554 6 4098 34.5 982.951 0.16666667 3.0 3.0 3.0 3.0 0.0 0.18400002 0 TOUCH_DOWN a
1401354317562 6 4098 34.5 982.951 0.16666667 3.0 3.0 3.0 3.0 0.0 0.18800001 2 TOUCH_MOVE a
1401354317592 6 4098 37.407944 982.315 0.20000002 3.0 3.0 3.0 3.0 0.0 0.18800001 2 TOUCH_MOVE a
1401354317609 6 4098 40.45254 981.8002 0.20000002 3.0 3.0 3.0 3.0 0.0 0.192 2 TOUCH_MOVE a
1401354317656 6 4098 46.15451 981.451 0.20000002 3.0 3.0 3.0 3.0 0.0 0.2 2 TOUCH_MOVE a
1401354317663 6 4098 47.66482 981.451 0.20000002 3.0 3.0 3.0 3.0 0.0 0.19600001 2 TOUCH_MOVE a
1401354317675 6 4098 48.25 981.451 0.20000002 3.0 3.0 3.0 3.0 0.0 0.19600001 2 TOUCH_MOVE a
1401354317726 6 4098 48.25 981.451 0.20000002 3.0 3.0 3.0 3.0 0.0 0.19600001 1 TOUCH_UP a
1401354317971 6 4098 230.0 883.451 0.3 5.0 5.0 5.0 5.0 0.0 0.216 0 TOUCH_DOWN r
1401354317976 6 4098 230.0 883.451 0.3 5.0 5.0 5.0 5.0 0.0 0.224 2 TOUCH_MOVE r
1401354318009 6 4098 231.03188 882.4191 0.3 5.0 5.0 5.0 5.0 0.0 0.24000001 2 TOUCH_MOVE r
1401354318026 6 4098 231.0 881.406 0.33333334 6.0 6.0 6.0 6.0 0.0 0.24400002 2 TOUCH_MOVE r
1401354318044 6 4098 231.0 880.3855 0.33333334 6.0 6.0 6.0 6.0 0.0 0.24400002 2 TOUCH_MOVE r
1401354318059 6 4098 231.0 879.3717 0.33333334 6.0 6.0 6.0 6.0 0.0 0.24000001 2 TOUCH_MOVE r
1401354318076 6 4098 229.9194 878.37036 0.33333334 6.0 6.0 6.0 6.0 0.0 0.24000001 2 TOUCH_MOVE r
1401354318093 6 4098 228.89 877.951 0.3 5.0 5.0 5.0 5.0 0.0 0.23600002 2 TOUCH_MOVE r
1401354318143 6 4098 229.0 877.951 0.33333334 5.0 5.0 5.0 5.0 0.0 0.18 2 TOUCH_MOVE r
1401354318147 6 4098 229.0 877.951 0.33333334 5.0 5.0 5.0 5.0 0.0 0.18 1 TOUCH_UP r
1401354318332 6 4098 152.5 855.951 0.23333335 5.0 5.0 5.0 5.0 0.0 0.21200001 0 TOUCH_DOWN e
1401354318345 6 4098 152.5 855.951 0.23333335 5.0 5.0 5.0 5.0 0.0 0.216 2 TOUCH_MOVE e
1401354318376 6 4098 155.11346 854.2087 0.26666668 5.0 5.0 5.0 5.0 0.0 0.224 2 TOUCH_MOVE e
1401354318395 6 4098 158.23328 852.5399 0.26666668 5.0 5.0 5.0 5.0 0.0 0.224 2 TOUCH_MOVE e
1401354318410 6 4098 160.26634 851.951 0.26666668 5.0 5.0 5.0 5.0 0.0 0.22800002 2 TOUCH_MOVE e
1401354318427 6 4098 161.25 851.951 0.26666668 5.0 5.0 5.0 5.0 0.0 0.22800002 2 TOUCH_MOVE e
1401354318476 6 4098 158.07251 852.9268 0.23333335 5.0 5.0 5.0 5.0 0.0 0.22000001 2 TOUCH_MOVE e
1401354318488 6 4098 156.0 853.951 0.20000002 4.0 4.0 4.0 4.0 0.0 0.192 2 TOUCH_MOVE e
1401354318492 6 4098 156.0 853.951 0.20000002 4.0 4.0 4.0 4.0 0.0 0.192 1 TOUCH_UP e
1401354318677 6 4098 363.5 1223.4509 0.23333335 4.0 4.0 4.0 4.0 0.0 0.2 0 TOUCH_DOWN Space
1401354318697 6 4098 363.5 1223.4509 0.23333335 4.0 4.0 4.0 4.0 0.0 0.208 2 TOUCH_MOVE Space
1401354318711 6 4098 364.18103 1223.2699 0.26666668 5.0 5.0 5.0 5.0 0.0 0.216 2 TOUCH_MOVE Space
1401354318727 6 4098 365.9608 1221.4901 0.26666668 5.0 5.0 5.0 5.0 0.0 0.22000001 2 TOUCH_MOVE Space
1401354318749 6 4098 368.45483 1220.7235 0.26666668 5.0 5.0 5.0 5.0 0.0 0.224 2 TOUCH_MOVE Space
1401354318760 6 4098 370.36755 1219.7671 0.26666668 5.0 5.0 5.0 5.0 0.0 0.22800002 2 TOUCH_MOVE Space
1401354318780 6 4098 372.23853 1218.9509 0.26666668 5.0 5.0 5.0 5.0 0.0 0.224 2 TOUCH_MOVE Space
1401354318793 6 4098 373.2712 1218.9509 0.26666668 5.0 5.0 5.0 5.0 0.0 0.224 2 TOUCH_MOVE Space
1401354318810 6 4098 374.25 1218.9509 0.26666668 5.0 5.0 5.0 5.0 0.0 0.224 2 TOUCH_MOVE Space
1401354318873 6 4098 373.5 1219.4509 0.23333335 4.0 4.0 4.0 4.0 0.0 0.18 2 TOUCH_MOVE Space
1401354318878 6 4098 373.5 1219.4509 0.23333335 4.0 4.0 4.0 4.0 0.0 0.18 1 TOUCH_UP Space
1401354319082 6 4098 320.0 864.451 0.26666668 5.0 5.0 5.0 5.0 0.0 0.224 0 TOUCH_DOWN t
1401354319094 6 4098 320.0 864.451 0.3 6.0 6.0 6.0 6.0 0.0 0.22800002 2 TOUCH_MOVE t
1401354319127 6 4098 321.59326 864.451 0.33333334 6.0 6.0 6.0 6.0 0.0 0.24400002 2 TOUCH_MOVE t
1401354319227 6 4098 321.5 864.451 0.26666668 5.0 5.0 5.0 5.0 0.0 0.21200001 2 TOUCH_MOVE t
1401354319235 6 4098 321.5 864.451 0.13333334 2.0 2.0 2.0 2.0 0.0 0.116000004 2 TOUCH_MOVE t
1401354319238 6 4098 321.5 864.451 0.13333334 2.0 2.0 2.0 2.0 0.0 0.116000004 1 TOUCH_UP t
1401354319406 6 4098 438.5 979.451 0.26666668 5.0 5.0 5.0 5.0 0.0 0.216 0 TOUCH_DOWN h
1401354319430 6 4098 439.37622 979.451 0.26666668 5.0 5.0 5.0 5.0 0.0 0.224 2 TOUCH_MOVE h
1401354319444 6 4098 441.29623 979.451 0.26666668 5.0 5.0 5.0 5.0 0.0 0.22800002 2 TOUCH_MOVE h
1401354319461 6 4098 443.32593 979.451 0.23333335 4.0 4.0 4.0 4.0 0.0 0.23200001 2 TOUCH_MOVE h
1401354319477 6 4098 444.4281 979.451 0.26666668 5.0 5.0 5.0 5.0 0.0 0.23200001 2 TOUCH_MOVE h
1401354319495 6 4098 444.75 979.451 0.26666668 5.0 5.0 5.0 5.0 0.0 0.23200001 2 TOUCH_MOVE h
1401354319527 6 4098 444.0605 980.3905 0.26666668 5.0 5.0 5.0 5.0 0.0 0.22800002 2 TOUCH_MOVE h
1401354319544 6 4098 443.02478 980.451 0.26666668 5.0 5.0 5.0 5.0 0.0 0.224 2 TOUCH_MOVE h
1401354319561 6 4098 442.5 980.451 0.26666668 5.0 5.0 5.0 5.0 0.0 0.18400002 2 TOUCH_MOVE h
1401354319565 6 4098 442.5 980.451 0.26666668 5.0 5.0 5.0 5.0 0.0 0.18400002 1 TOUCH_UP h
1401354319636 6 4098 157.5 855.951 0.23333335 5.0 5.0 5.0 5.0 0.0 0.216 0 TOUCH_DOWN e
1401354319644 6 4098 157.5 855.951 0.23333335 5.0 5.0 5.0 5.0 0.0 0.22000001 2 TOUCH_MOVE e
1401354319663 6 4098 158.20593 855.348 0.26666668 5.0 5.0 5.0 5.0 0.0 0.22800002 2 TOUCH_MOVE e
1401354319677 6 4098 160.8565 854.33215 0.26666668 5.0 5.0 5.0 5.0 0.0 0.23200001 2 TOUCH_MOVE e
1401354319696 6 4098 164.40361 853.81647 0.26666668 5.0 5.0 5.0 5.0 0.0 0.23200001 2 TOUCH_MOVE e
1401354319711 6 4098 166.80034 853.451 0.3 6.0 6.0 6.0 6.0 0.0 0.23600002 2 TOUCH_MOVE e
1401354319727 6 4098 167.63283 853.451 0.3 6.0 6.0 6.0 6.0 0.0 0.23200001 2 TOUCH_MOVE e
1401354319761 6 4098 166.68149 853.451 0.3 6.0 6.0 6.0 6.0 0.0 0.224 2 TOUCH_MOVE e
1401354319778 6 4098 163.5 853.451 0.20000002 4.0 4.0 4.0 4.0 0.0 0.2 2 TOUCH_MOVE e
1401354319785 6 4098 163.5 853.451 0.16666667 3.0 3.0 3.0 3.0 0.0 0.124000005 2 TOUCH_MOVE e
1401354319789 6 4098 163.5 853.451 0.16666667 3.0 3.0 3.0 3.0 0.0 0.124000005 1 TOUCH_UP e
1401354319927 6 4098 356.0 1238.4509 0.20000002 4.0 4.0 4.0 4.0 0.0 0.2 0 TOUCH_DOWN Space
1401354319931 6 4098 356.0 1238.4509 0.20000002 4.0 4.0 4.0 4.0 0.0 0.20400001 2 TOUCH_MOVE Space
1401354319955 6 4098 357.234 1236.35 0.26666668 5.0 5.0 5.0 5.0 0.0 0.21200001 2 TOUCH_MOVE Space
1401354319961 6 4098 359.75266 1232.9457 0.26666668 5.0 5.0 5.0 5.0 0.0 0.216 2 TOUCH_MOVE Space
1401354319978 6 4098 361.8074 1230.1436 0.26666668 5.0 5.0 5.0 5.0 0.0 0.22000001 2 TOUCH_MOVE Space
1401354319995 6 4098 363.439 1229.012 0.26666668 5.0 5.0 5.0 5.0 0.0 0.224 2 TOUCH_MOVE Space
1401354320011 6 4098 364.431 1228.4509 0.26666668 5.0 5.0 5.0 5.0 0.0 0.224 2 TOUCH_MOVE Space
1401354320028 6 4098 365.453 1228.4509 0.3 6.0 6.0 6.0 6.0 0.0 0.22000001 2 TOUCH_MOVE Space
1401354320045 6 4098 365.75 1228.4509 0.26666668 5.0 5.0 5.0 5.0 0.0 0.22000001 2 TOUCH_MOVE Space
1401354320078 6 4098 364.4978 1228.4509 0.26666668 5.0 5.0 5.0 5.0 0.0 0.216 2 TOUCH_MOVE Space
1401354320096 6 4098 362.01477 1229.446 0.26666668 5.0 5.0 5.0 5.0 0.0 0.21200001 2 TOUCH_MOVE Space
1401354320111 6 4098 358.402 1231.4999 0.20000002 4.0 4.0 4.0 4.0 0.0 0.19600001 2 TOUCH_MOVE Space
1401354320122 6 4098 357.5 1231.9509 0.23333335 4.0 4.0 4.0 4.0 0.0 0.18400002 2 TOUCH_MOVE Space
1401354320125 6 4098 357.5 1231.9509 0.23333335 4.0 4.0 4.0 4.0 0.0 0.18400002 1 TOUCH_UP Space
1401354320304 6 4098 107.0 854.951 0.23333335 5.0 5.0 5.0 5.0 0.0 0.208 0 TOUCH_DOWN w
1401354320311 6 4098 107.22174 854.951 0.26666668 6.0 6.0 6.0 6.0 0.0 0.22000001 2 TOUCH_MOVE w
1401354320332 6 4098 109.45652 854.21185 0.3 6.0 6.0 6.0 6.0 0.0 0.22800002 2 TOUCH_MOVE w
1401354320345 6 4098 112.75928 853.1979 0.3 6.0 6.0 6.0 6.0 0.0 0.23200001 2 TOUCH_MOVE w
1401354320361 6 4098 115.26985 852.451 0.3 6.0 6.0 6.0 6.0 0.0 0.23200001 2 TOUCH_MOVE w
1401354320381 6 4098 116.25 852.451 0.3 6.0 6.0 6.0 6.0 0.0 0.23200001 2 TOUCH_MOVE w
1401354320462 6 4098 111.45219 853.5361 0.23333335 5.0 5.0 5.0 5.0 0.0 0.21200001 2 TOUCH_MOVE w
1401354320466 6 4098 110.0 853.951 0.23333335 5.0 5.0 5.0 5.0 0.0 0.19600001 2 TOUCH_MOVE w
1401354320473 6 4098 110.0 853.951 0.23333335 5.0 5.0 5.0 5.0 0.0 0.19600001 1 TOUCH_UP w
1401354320607 6 4098 633.0 852.451 0.23333335 5.0 5.0 5.0 5.0 0.0 0.216 0 TOUCH_DOWN o
1401354320612 6 4098 633.0 852.451 0.3 6.0 6.0 6.0 6.0 0.0 0.22000001 2 TOUCH_MOVE o
1401354320629 6 4098 632.4906 852.451 0.26666668 5.0 5.0 5.0 5.0 0.0 0.22800002 2 TOUCH_MOVE o
1401354320651 6 4098 631.5196 851.4706 0.26666668 5.0 5.0 5.0 5.0 0.0 0.22800002 2 TOUCH_MOVE o
1401354320663 6 4098 631.5 850.39404 0.26666668 5.0 5.0 5.0 5.0 0.0 0.23200001 2 TOUCH_MOVE o
1401354320678 6 4098 631.5 849.701 0.3 6.0 6.0 6.0 6.0 0.0 0.23200001 2 TOUCH_MOVE o
1401354320760 6 4098 631.5 849.951 0.23333335 5.0 5.0 5.0 5.0 0.0 0.2 2 TOUCH_MOVE o
1401354320764 6 4098 631.5 849.951 0.23333335 5.0 5.0 5.0 5.0 0.0 0.2 1 TOUCH_UP o
1401354320934 6 4098 241.5 864.951 0.3 6.0 6.0 6.0 6.0 0.0 0.224 0 TOUCH_DOWN r
1401354320945 6 4098 241.5 864.951 0.3 6.0 6.0 6.0 6.0 0.0 0.23200001 2 TOUCH_MOVE r
1401354320979 6 4098 242.35747 864.951 0.3 6.0 6.0 6.0 6.0 0.0 0.23600002 2 TOUCH_MOVE r
1401354320997 6 4098 242.5 864.201 0.3 6.0 6.0 6.0 6.0 0.0 0.23600002 2 TOUCH_MOVE r
1401354321012 6 4098 242.5 863.7642 0.3 6.0 6.0 6.0 6.0 0.0 0.23600002 2 TOUCH_MOVE r
1401354321063 6 4098 243.08887 863.951 0.3 6.0 6.0 6.0 6.0 0.0 0.24000001 2 TOUCH_MOVE r
1401354321113 6 4098 243.0 863.951 0.23333335 4.0 4.0 4.0 4.0 0.0 0.20400001 2 TOUCH_MOVE r
1401354321115 6 4098 243.0 863.951 0.13333334 2.0 2.0 2.0 2.0 0.0 0.120000005 2 TOUCH_MOVE r
1401354321118 6 4098 243.0 863.951 0.13333334 2.0 2.0 2.0 2.0 0.0 0.120000005 1 TOUCH_UP r
1401354321683 6 4098 657.5 980.951 0.26666668 5.0 5.0 5.0 5.0 0.0 0.20400001 0 TOUCH_DOWN l
1401354321696 6 4098 657.5 980.951 0.26666668 5.0 5.0 5.0 5.0 0.0 0.21200001 2 TOUCH_MOVE l
1401354321730 6 4098 656.42664 980.951 0.26666668 5.0 5.0 5.0 5.0 0.0 0.22000001 2 TOUCH_MOVE l
1401354321763 6 4098 656.5 981.47516 0.26666668 5.0 5.0 5.0 5.0 0.0 0.22000001 2 TOUCH_MOVE l
1401354321779 6 4098 656.0 982.57117 0.26666668 5.0 5.0 5.0 5.0 0.0 0.22000001 2 TOUCH_MOVE l
1401354321813 6 4098 655.34625 982.951 0.26666668 5.0 5.0 5.0 5.0 0.0 0.216 2 TOUCH_MOVE l
1401354321830 6 4098 654.75 982.951 0.26666668 5.0 5.0 5.0 5.0 0.0 0.216 2 TOUCH_MOVE l
1401354321861 6 4098 654.75 982.951 0.26666668 5.0 5.0 5.0 5.0 0.0 0.216 1 TOUCH_UP l
1401354322183 6 4098 227.0 993.951 0.26666668 4.0 4.0 4.0 4.0 0.0 0.22800002 0 TOUCH_DOWN d
1401354322197 6 4098 227.0 993.951 0.3 5.0 5.0 5.0 5.0 0.0 0.23200001 2 TOUCH_MOVE d
1401354322232 6 4098 226.54475 991.90625 0.3 5.0 5.0 5.0 5.0 0.0 0.24000001 2 TOUCH_MOVE d
1401354322247 6 4098 227.55385 990.34326 0.33333334 6.0 6.0 6.0 6.0 0.0 0.24000001 2 TOUCH_MOVE d
1401354322263 6 4098 227.5 989.3733 0.3 5.0 5.0 5.0 5.0 0.0 0.23600002 2 TOUCH_MOVE d
1401354322282 6 4098 228.0919 989.451 0.3 5.0 5.0 5.0 5.0 0.0 0.24000001 2 TOUCH_MOVE d
1401354322297 6 4098 228.75 989.451 0.33333334 6.0 6.0 6.0 6.0 0.0 0.24000001 2 TOUCH_MOVE d
1401354322330 6 4098 228.5 990.5941 0.33333334 5.0 5.0 5.0 5.0 0.0 0.22800002 2 TOUCH_MOVE d
1401354322338 6 4098 228.5 990.451 0.33333334 5.0 5.0 5.0 5.0 0.0 0.19600001 2 TOUCH_MOVE d
1401354322344 6 4098 228.5 990.451 0.33333334 5.0 5.0 5.0 5.0 0.0 0.19600001 1 TOUCH_UP d
1401354322816 6 4098 438.0 1226.9509 0.26666668 5.0 5.0 5.0 5.0 0.0 0.208 0 TOUCH_DOWN ,
1401354322833 6 4098 438.30908 1226.9509 0.26666668 5.0 5.0 5.0 5.0 0.0 0.21200001 2 TOUCH_MOVE ,
1401354322847 6 4098 439.69708 1226.3524 0.26666668 5.0 5.0 5.0 5.0 0.0 0.22000001 2 TOUCH_MOVE ,
1401354322871 6 4098 440.65164 1225.2993 0.26666668 5.0 5.0 5.0 5.0 0.0 0.22000001 2 TOUCH_MOVE ,
1401354322889 6 4098 441.6664 1224.2845 0.26666668 5.0 5.0 5.0 5.0 0.0 0.224 2 TOUCH_MOVE ,
1401354322931 6 4098 441.287 1225.877 0.26666668 5.0 5.0 5.0 5.0 0.0 0.216 2 TOUCH_MOVE ,
1401354322950 6 4098 439.16403 1229.9138 0.26666668 5.0 5.0 5.0 5.0 0.0 0.21200001 2 TOUCH_MOVE ,
1401354322962 6 4098 435.5 1236.4509 0.20000002 4.0 4.0 4.0 4.0 0.0 0.18800001 2 TOUCH_MOVE ,
1401354322966 6 4098 435.5 1236.4509 0.20000002 4.0 4.0 4.0 4.0 0.0 0.18800001 1 TOUCH_UP ,
1401354323179 6 4098 356.5 1212.9509 0.26666668 5.0 5.0 5.0 5.0 0.0 0.216 0 TOUCH_DOWN Space
1401354323208 6 4098 356.98264 1212.9509 0.26666668 5.0 5.0 5.0 5.0 0.0 0.22000001 2 TOUCH_MOVE Space
1401354323230 6 4098 358.46365 1212.4691 0.26666668 5.0 5.0 5.0 5.0 0.0 0.224 2 TOUCH_MOVE Space
1401354323248 6 4098 361.00397 1211.9509 0.3 6.0 6.0 6.0 6.0 0.0 0.22800002 2 TOUCH_MOVE Space
1401354323264 6 4098 362.03204 1211.9509 0.26666668 5.0 5.0 5.0 5.0 0.0 0.22800002 2 TOUCH_MOVE Space
1401354323331 6 4098 360.3062 1212.5479 0.26666668 5.0 5.0 5.0 5.0 0.0 0.2 2 TOUCH_MOVE Space
1401354323341 6 4098 360.5 1212.4509 0.16666667 3.0 3.0 3.0 3.0 0.0 0.116000004 2 TOUCH_MOVE Space
1401354323344 6 4098 360.5 1212.4509 0.16666667 3.0 3.0 3.0 3.0 0.0 0.116000004 1 TOUCH_UP Space
1401354323854 6 4098 111.0 869.951 0.3 5.0 5.0 5.0 5.0 0.0 0.21200001 0 TOUCH_DOWN w
1401354323865 6 4098 111.0 869.951 0.3 5.0 5.0 5.0 5.0 0.0 0.22000001 2 TOUCH_MOVE w
1401354323898 6 4098 111.53159 869.951 0.33333334 6.0 6.0 6.0 6.0 0.0 0.23200001 2 TOUCH_MOVE w
1401354323915 6 4098 112.072784 869.951 0.26666668 5.0 5.0 5.0 5.0 0.0 0.23600002 2 TOUCH_MOVE w
1401354323932 6 4098 115.64588 869.951 0.33333334 6.0 6.0 6.0 6.0 0.0 0.23600002 2 TOUCH_MOVE w
1401354323948 6 4098 117.17947 869.951 0.3 6.0 6.0 6.0 6.0 0.0 0.23600002 2 TOUCH_MOVE w
1401354323965 6 4098 118.209526 869.951 0.26666668 5.0 5.0 5.0 5.0 0.0 0.23600002 2 TOUCH_MOVE w
1401354323982 6 4098 119.71672 869.451 0.3 6.0 6.0 6.0 6.0 0.0 0.23600002 2 TOUCH_MOVE w
1401354324047 6 4098 119.5 869.451 0.20000002 3.0 3.0 3.0 3.0 0.0 0.1 2 TOUCH_MOVE w
1401354324050 6 4098 119.5 869.451 0.20000002 3.0 3.0 3.0 3.0 0.0 0.1 1 TOUCH_UP w
1401354324220 6 4098 191.5 865.951 0.26666668 5.0 5.0 5.0 5.0 0.0 0.22800002 0 TOUCH_DOWN e
1401354324232 6 4098 191.5 865.951 0.26666668 5.0 5.0 5.0 5.0 0.0 0.23200001 2 TOUCH_MOVE e
1401354324253 6 4098 193.29222 865.951 0.33333334 6.0 6.0 6.0 6.0 0.0 0.24000001 2 TOUCH_MOVE e
1401354324268 6 4098 194.25 865.951 0.33333334 6.0 6.0 6.0 6.0 0.0 0.24400002 2 TOUCH_MOVE e
1401354324299 6 4098 195.25 865.951 0.3 6.0 6.0 6.0 6.0 0.0 0.24400002 2 TOUCH_MOVE e
1401354324359 6 4098 192.5 866.451 0.20000002 3.0 3.0 3.0 3.0 0.0 0.104 2 TOUCH_MOVE e
1401354324362 6 4098 192.5 866.451 0.20000002 3.0 3.0 3.0 3.0 0.0 0.104 1 TOUCH_UP e
1401354324491 6 4098 345.5 1209.9509 0.26666668 5.0 5.0 5.0 5.0 0.0 0.19600001 0 TOUCH_DOWN Space
1401354324499 6 4098 345.5 1210.1512 0.23333335 4.0 4.0 4.0 4.0 0.0 0.20400001 2 TOUCH_MOVE Space
1401354324516 6 4098 345.65652 1211.1074 0.26666668 5.0 5.0 5.0 5.0 0.0 0.216 2 TOUCH_MOVE Space
1401354324532 6 4098 346.96536 1211.9509 0.26666668 5.0 5.0 5.0 5.0 0.0 0.224 2 TOUCH_MOVE Space
1401354324550 6 4098 348.93472 1211.9509 0.3 6.0 6.0 6.0 6.0 0.0 0.224 2 TOUCH_MOVE Space
1401354324565 6 4098 349.7561 1211.9509 0.3 6.0 6.0 6.0 6.0 0.0 0.22800002 2 TOUCH_MOVE Space
1401354324582 6 4098 350.781 1211.9509 0.26666668 5.0 5.0 5.0 5.0 0.0 0.22800002 2 TOUCH_MOVE Space
1401354324600 6 4098 351.74854 1211.9509 0.26666668 5.0 5.0 5.0 5.0 0.0 0.22800002 2 TOUCH_MOVE Space
1401354324620 6 4098 352.25 1211.9509 0.3 6.0 6.0 6.0 6.0 0.0 0.23200001 2 TOUCH_MOVE Space
1401354324650 6 4098 350.473 1212.2932 0.26666668 5.0 5.0 5.0 5.0 0.0 0.216 2 TOUCH_MOVE Space
1401354324662 6 4098 350.0 1212.4509 0.16666667 3.0 3.0 3.0 3.0 0.0 0.108 2 TOUCH_MOVE Space
1401354324665 6 4098 350.0 1212.4509 0.16666667 3.0 3.0 3.0 3.0 0.0 0.108 1 TOUCH_UP Space
1401354324903 6 4098 62.5 989.451 0.23333335 4.0 4.0 4.0 4.0 0.0 0.20400001 0 TOUCH_DOWN a
1401354324919 6 4098 62.5 989.451 0.23333335 4.0 4.0 4.0 4.0 0.0 0.21200001 2 TOUCH_MOVE a
1401354324949 6 4098 63.637993 988.813 0.23333335 4.0 4.0 4.0 4.0 0.0 0.216 2 TOUCH_MOVE a
1401354324966 6 4098 66.342125 987.837 0.26666668 4.0 4.0 4.0 4.0 0.0 0.216 2 TOUCH_MOVE a
1401354324982 6 4098 67.660194 987.451 0.3 5.0 5.0 5.0 5.0 0.0 0.216 2 TOUCH_MOVE a
1401354325050 6 4098 68.739365 987.451 0.26666668 4.0 4.0 4.0 4.0 0.0 0.22000001 2 TOUCH_MOVE a
1401354325066 6 4098 69.5 987.69293 0.3 5.0 5.0 5.0 5.0 0.0 0.216 2 TOUCH_MOVE a
1401354325082 6 4098 69.5 988.451 0.26666668 5.0 5.0 5.0 5.0 0.0 0.192 2 TOUCH_MOVE a
1401354325089 6 4098 69.5 988.451 0.16666667 3.0 3.0 3.0 3.0 0.0 0.1 2 TOUCH_MOVE a
1401354325095 6 4098 69.5 988.451 0.16666667 3.0 3.0 3.0 3.0 0.0 0.1 1 TOUCH_UP a
1401354325327 6 4098 254.5 877.951 0.3 5.0 5.0 5.0 5.0 0.0 0.22800002 0 TOUCH_DOWN r
1401354325349 6 4098 253.99799 877.951 0.33333334 6.0 6.0 6.0 6.0 0.0 0.23600002 2 TOUCH_MOVE r
1401354325366 6 4098 252.97511 876.4012 0.3 5.0 5.0 5.0 5.0 0.0 0.24000001 2 TOUCH_MOVE r
1401354325383 6 4098 253.0 874.8722 0.33333334 6.0 6.0 6.0 6.0 0.0 0.24000001 2 TOUCH_MOVE r
1401354325401 6 4098 251.95389 873.9049 0.3 5.0 5.0 5.0 5.0 0.0 0.24400002 2 TOUCH_MOVE r
1401354325416 6 4098 252.0 872.88837 0.33333334 6.0 6.0 6.0 6.0 0.0 0.24400002 2 TOUCH_MOVE r
1401354325435 6 4098 251.41418 872.951 0.33333334 6.0 6.0 6.0 6.0 0.0 0.24400002 2 TOUCH_MOVE r
1401354325450 6 4098 250.75 872.951 0.3 5.0 5.0 5.0 5.0 0.0 0.24400002 2 TOUCH_MOVE r
1401354325469 6 4098 250.39362 872.951 0.33333334 6.0 6.0 6.0 6.0 0.0 0.24400002 2 TOUCH_MOVE r
1401354325484 6 4098 249.36586 873.58514 0.3 5.0 5.0 5.0 5.0 0.0 0.23600002 2 TOUCH_MOVE r
1401354325500 6 4098 249.0 873.951 0.33333334 5.0 5.0 5.0 5.0 0.0 0.18800001 2 TOUCH_MOVE r
1401354325504 6 4098 249.0 873.951 0.33333334 5.0 5.0 5.0 5.0 0.0 0.18800001 1 TOUCH_UP r
1401354325690 6 4098 165.0 855.451 0.23333335 5.0 5.0 5.0 5.0 0.0 0.22000001 0 TOUCH_DOWN e
1401354325700 6 4098 165.0 855.451 0.23333335 5.0 5.0 5.0 5.0 0.0 0.22800002 2 TOUCH_MOVE e
1401354325751 6 4098 166.82831 854.0368 0.26666668 5.0 5.0 5.0 5.0 0.0 0.23200001 2 TOUCH_MOVE e
1401354325767 6 4098 168.30212 853.0499 0.26666668 5.0 5.0 5.0 5.0 0.0 0.23200001 2 TOUCH_MOVE e
1401354325783 6 4098 169.25 852.951 0.3 6.0 6.0 6.0 6.0 0.0 0.23200001 2 TOUCH_MOVE e
1401354325833 6 4098 167.55164 853.39935 0.26666668 5.0 5.0 5.0 5.0 0.0 0.22800002 2 TOUCH_MOVE e
1401354325848 6 4098 167.5 853.451 0.23333335 5.0 5.0 5.0 5.0 0.0 0.192 2 TOUCH_MOVE e
1401354325852 6 4098 167.5 853.451 0.23333335 5.0 5.0 5.0 5.0 0.0 0.192 1 TOUCH_UP e
1401354326072 6 4098 361.5 1222.9509 0.23333335 4.0 4.0 4.0 4.0 0.0 0.20400001 0 TOUCH_DOWN Space
1401354326094 6 4098 361.8523 1222.9509 0.23333335 4.0 4.0 4.0 4.0 0.0 0.21200001 2 TOUCH_MOVE Space
1401354326121 6 4098 365.57343 1220.0686 0.26666668 5.0 5.0 5.0 5.0 0.0 0.22800002 2 TOUCH_MOVE Space
1401354326133 6 4098 368.75662 1218.6987 0.26666668 5.0 5.0 5.0 5.0 0.0 0.23200001 2 TOUCH_MOVE Space
1401354326150 6 4098 371.032 1217.1849 0.3 6.0 6.0 6.0 6.0 0.0 0.23600002 2 TOUCH_MOVE Space
1401354326167 6 4098 372.2847 1216.1663 0.3 6.0 6.0 6.0 6.0 0.0 0.23600002 2 TOUCH_MOVE Space
1401354326183 6 4098 372.75 1215.7009 0.3 6.0 6.0 6.0 6.0 0.0 0.23600002 2 TOUCH_MOVE Space
1401354326234 6 4098 368.6083 1216.2988 0.26666668 5.0 5.0 5.0 5.0 0.0 0.22000001 2 TOUCH_MOVE Space
1401354326251 6 4098 366.5 1217.4509 0.23333335 4.0 4.0 4.0 4.0 0.0 0.19600001 2 TOUCH_MOVE Space
1401354326254 6 4098 366.5 1217.4509 0.23333335 4.0 4.0 4.0 4.0 0.0 0.19600001 1 TOUCH_UP Space
1401354326454 6 4098 324.5 871.451 0.3 5.0 5.0 5.0 5.0 0.0 0.224 0 TOUCH_DOWN t
1401354326467 6 4098 324.5 871.451 0.3 5.0 5.0 5.0 5.0 0.0 0.23200001 2 TOUCH_MOVE t
1401354326517 6 4098 324.5 870.3865 0.3 5.0 5.0 5.0 5.0 0.0 0.24400002 2 TOUCH_MOVE t
1401354326622 6 4098 320.5 870.451 0.3 5.0 5.0 5.0 5.0 0.0 0.22000001 2 TOUCH_MOVE t
1401354326625 6 4098 320.5 870.451 0.23333335 4.0 4.0 4.0 4.0 0.0 0.17600001 2 TOUCH_MOVE t
1401354326629 6 4098 320.5 870.451 0.23333335 4.0 4.0 4.0 4.0 0.0 0.17600001 1 TOUCH_UP t
1401354326711 6 4098 451.5 968.451 0.23333335 5.0 5.0 5.0 5.0 0.0 0.2 0 TOUCH_DOWN h
1401354326717 6 4098 451.5 968.451 0.23333335 5.0 5.0 5.0 5.0 0.0 0.21200001 2 TOUCH_MOVE h
1401354326734 6 4098 449.86563 967.3166 0.26666668 5.0 5.0 5.0 5.0 0.0 0.224 2 TOUCH_MOVE h
1401354326751 6 4098 447.87222 965.82324 0.3 6.0 6.0 6.0 6.0 0.0 0.23200001 2 TOUCH_MOVE h
1401354326767 6 4098 446.64838 964.59937 0.26666668 5.0 5.0 5.0 5.0 0.0 0.23600002 2 TOUCH_MOVE h
1401354326785 6 4098 446.86972 963.5813 0.3 6.0 6.0 6.0 6.0 0.0 0.24000001 2 TOUCH_MOVE h
1401354326801 6 4098 447.75 963.451 0.3 6.0 6.0 6.0 6.0 0.0 0.24000001 2 TOUCH_MOVE h
1401354326834 6 4098 448.39697 963.451 0.3 6.0 6.0 6.0 6.0 0.0 0.24000001 2 TOUCH_MOVE h
1401354326851 6 4098 448.75 963.451 0.3 6.0 6.0 6.0 6.0 0.0 0.24000001 2 TOUCH_MOVE h
1401354326867 6 4098 447.60382 963.451 0.26666668 5.0 5.0 5.0 5.0 0.0 0.23200001 2 TOUCH_MOVE h
1401354326886 6 4098 446.53336 964.41766 0.23333335 5.0 5.0 5.0 5.0 0.0 0.21200001 2 TOUCH_MOVE h
1401354326890 6 4098 446.5 964.451 0.23333335 5.0 5.0 5.0 5.0 0.0 0.192 2 TOUCH_MOVE h
1401354326905 6 4098 446.5 964.451 0.23333335 5.0 5.0 5.0 5.0 0.0 0.192 1 TOUCH_UP h
1401354326977 6 4098 163.0 857.451 0.23333335 5.0 5.0 5.0 5.0 0.0 0.216 0 TOUCH_DOWN e
1401354326986 6 4098 163.0 857.451 0.23333335 5.0 5.0 5.0 5.0 0.0 0.224 2 TOUCH_MOVE e
1401354327001 6 4098 163.53754 857.451 0.3 6.0 6.0 6.0 6.0 0.0 0.23200001 2 TOUCH_MOVE e
1401354327018 6 4098 165.17903 856.86145 0.26666668 5.0 5.0 5.0 5.0 0.0 0.23600002 2 TOUCH_MOVE e
1401354327034 6 4098 167.72473 856.451 0.3 6.0 6.0 6.0 6.0 0.0 0.24000001 2 TOUCH_MOVE e
1401354327051 6 4098 168.50027 855.95074 0.26666668 5.0 5.0 5.0 5.0 0.0 0.24000001 2 TOUCH_MOVE e
1401354327068 6 4098 170.13597 855.451 0.3 6.0 6.0 6.0 6.0 0.0 0.24000001 2 TOUCH_MOVE e
1401354327101 6 4098 170.65567 855.451 0.26666668 5.0 5.0 5.0 5.0 0.0 0.24000001 2 TOUCH_MOVE e
1401354327135 6 4098 169.5 855.451 0.26666668 5.0 5.0 5.0 5.0 0.0 0.224 2 TOUCH_MOVE e
1401354327151 6 4098 169.5 855.451 0.23333335 5.0 5.0 5.0 5.0 0.0 0.2 2 TOUCH_MOVE e
1401354327155 6 4098 169.5 855.451 0.23333335 5.0 5.0 5.0 5.0 0.0 0.2 1 TOUCH_UP e
1401354327293 6 4098 354.0 1232.4509 0.20000002 4.0 4.0 4.0 4.0 0.0 0.2 0 TOUCH_DOWN Space
1401354327301 6 4098 354.0 1232.4509 0.23333335 4.0 4.0 4.0 4.0 0.0 0.208 2 TOUCH_MOVE Space
1401354327335 6 4098 358.2813 1229.6697 0.3 6.0 6.0 6.0 6.0 0.0 0.22000001 2 TOUCH_MOVE Space
1401354327351 6 4098 360.3014 1228.5502 0.3 6.0 6.0 6.0 6.0 0.0 0.224 2 TOUCH_MOVE Space
1401354327370 6 4098 361.42224 1227.5287 0.26666668 5.0 5.0 5.0 5.0 0.0 0.224 2 TOUCH_MOVE Space
1401354327385 6 4098 362.43875 1226.9509 0.26666668 5.0 5.0 5.0 5.0 0.0 0.224 2 TOUCH_MOVE Space
1401354327403 6 4098 363.44293 1226.9509 0.3 6.0 6.0 6.0 6.0 0.0 0.22000001 2 TOUCH_MOVE Space
1401354327419 6 4098 363.75 1226.9509 0.3 6.0 6.0 6.0 6.0 0.0 0.224 2 TOUCH_MOVE Space
1401354327451 6 4098 360.49896 1226.9509 0.26666668 5.0 5.0 5.0 5.0 0.0 0.21200001 2 TOUCH_MOVE Space
1401354327470 6 4098 358.4658 1227.968 0.20000002 4.0 4.0 4.0 4.0 0.0 0.2 2 TOUCH_MOVE Space
1401354327479 6 4098 358.0 1228.4509 0.16666667 3.0 3.0 3.0 3.0 0.0 0.18 2 TOUCH_MOVE Space
1401354327482 6 4098 358.0 1228.4509 0.16666667 3.0 3.0 3.0 3.0 0.0 0.18 1 TOUCH_UP Space
1401354327828 6 4098 282.0 1139.9509 0.26666668 5.0 5.0 5.0 5.0 0.0 0.216 0 TOUCH_DOWN c
1401354327854 6 4098 282.4334 1139.0841 0.3 5.0 5.0 5.0 5.0 0.0 0.22800002 2 TOUCH_MOVE c
1401354327868 6 4098 283.88718 1134.1279 0.3 5.0 5.0 5.0 5.0 0.0 0.24000001 2 TOUCH_MOVE c
1401354327885 6 4098 284.5 1128.3953 0.33333334 5.0 5.0 5.0 5.0 0.0 0.24000001 2 TOUCH_MOVE c
1401354327903 6 4098 284.0 1123.9143 0.33333334 5.0 5.0 5.0 5.0 0.0 0.24000001 2 TOUCH_MOVE c
1401354327918 6 4098 284.4423 1120.624 0.33333334 5.0 5.0 5.0 5.0 0.0 0.23600002 2 TOUCH_MOVE c
1401354327936 6 4098 285.0 1119.047 0.33333334 5.0 5.0 5.0 5.0 0.0 0.23600002 2 TOUCH_MOVE c
1401354327954 6 4098 284.25 1118.2009 0.33333334 5.0 5.0 5.0 5.0 0.0 0.23600002 2 TOUCH_MOVE c
1401354327968 6 4098 283.75272 1118.4509 0.33333334 5.0 5.0 5.0 5.0 0.0 0.23600002 2 TOUCH_MOVE c
1401354327986 6 4098 282.99554 1119.4554 0.3 5.0 5.0 5.0 5.0 0.0 0.23200001 2 TOUCH_MOVE c
1401354328013 6 4098 280.5 1121.9509 0.26666668 5.0 5.0 5.0 5.0 0.0 0.17600001 2 TOUCH_MOVE c
1401354328016 6 4098 280.5 1121.9509 0.26666668 5.0 5.0 5.0 5.0 0.0 0.17600001 1 TOUCH_UP c
1401354328127 6 4098 420.0 976.951 0.26666668 5.0 5.0 5.0 5.0 0.0 0.216 0 TOUCH_DOWN h
1401354328154 6 4098 420.31174 977.6588 0.26666668 5.0 5.0 5.0 5.0 0.0 0.224 2 TOUCH_MOVE h
1401354328169 6 4098 424.2225 979.81226 0.26666668 5.0 5.0 5.0 5.0 0.0 0.22800002 2 TOUCH_MOVE h
1401354328207 6 4098 430.20844 981.951 0.3 6.0 6.0 6.0 6.0 0.0 0.23600002 2 TOUCH_MOVE h
1401354328219 6 4098 431.22977 981.951 0.33333334 6.0 6.0 6.0 6.0 0.0 0.23600002 2 TOUCH_MOVE h
1401354328254 6 4098 429.00668 982.4488 0.26666668 5.0 5.0 5.0 5.0 0.0 0.22800002 2 TOUCH_MOVE h
1401354328269 6 4098 427.5 982.451 0.23333335 4.0 4.0 4.0 4.0 0.0 0.2 2 TOUCH_MOVE h
1401354328275 6 4098 427.5 982.451 0.23333335 5.0 5.0 5.0 5.0 0.0 0.14 2 TOUCH_MOVE h
1401354328279 6 4098 427.5 982.451 0.23333335 5.0 5.0 5.0 5.0 0.0 0.14 1 TOUCH_UP h
1401354328440 6 4098 521.5 843.951 0.3 5.0 5.0 5.0 5.0 0.0 0.224 0 TOUCH_DOWN i
1401354328452 6 4098 521.5 843.951 0.3 5.0 5.0 5.0 5.0 0.0 0.22800002 2 TOUCH_MOVE i
1401354328552 6 4098 522.00275 844.45374 0.3 6.0 6.0 6.0 6.0 0.0 0.23200001 2 TOUCH_MOVE i
1401354328586 6 4098 523.5 847.451 0.20000002 4.0 4.0 4.0 4.0 0.0 0.18400002 2 TOUCH_MOVE i
1401354328590 6 4098 523.5 847.451 0.20000002 4.0 4.0 4.0 4.0 0.0 0.18400002 1 TOUCH_UP i
1401354328905 6 4098 639.0 977.451 0.23333335 4.0 4.0 4.0 4.0 0.0 0.20400001 0 TOUCH_DOWN l
1401354328920 6 4098 639.0 977.451 0.23333335 4.0 4.0 4.0 4.0 0.0 0.21200001 2 TOUCH_MOVE l
1401354328970 6 4098 638.0 978.8933 0.26666668 5.0 5.0 5.0 5.0 0.0 0.22000001 2 TOUCH_MOVE l
1401354328986 6 4098 638.0 979.201 0.26666668 5.0 5.0 5.0 5.0 0.0 0.224 2 TOUCH_MOVE l
1401354329036 6 4098 638.0 980.3886 0.26666668 5.0 5.0 5.0 5.0 0.0 0.216 2 TOUCH_MOVE l
1401354329047 6 4098 638.0 980.951 0.20000002 3.0 3.0 3.0 3.0 0.0 0.116000004 2 TOUCH_MOVE l
1401354329050 6 4098 638.0 980.951 0.20000002 3.0 3.0 3.0 3.0 0.0 0.116000004 1 TOUCH_UP l
1401354329550 6 4098 225.0 988.451 0.3 5.0 5.0 5.0 5.0 0.0 0.20400001 0 TOUCH_DOWN d
1401354329570 6 4098 225.0 988.451 0.3 5.0 5.0 5.0 5.0 0.0 0.216 2 TOUCH_MOVE d
1401354329587 6 4098 226.03021 988.451 0.26666668 4.0 4.0 4.0 4.0 0.0 0.224 2 TOUCH_MOVE d
1401354329654 6 4098 225.43144 987.88245 0.3 5.0 5.0 5.0 5.0 0.0 0.22800002 2 TOUCH_MOVE d
1401354329672 6 4098 224.97083 987.951 0.3 5.0 5.0 5.0 5.0 0.0 0.22800002 2 TOUCH_MOVE d
1401354329687 6 4098 223.3009 987.951 0.3 5.0 5.0 5.0 5.0 0.0 0.224 2 TOUCH_MOVE d
1401354329705 6 4098 223.0 987.951 0.26666668 4.0 4.0 4.0 4.0 0.0 0.208 2 TOUCH_MOVE d
1401354329708 6 4098 223.0 987.951 0.26666668 4.0 4.0 4.0 4.0 0.0 0.208 1 TOUCH_UP d
1401354329894 6 4098 258.0 873.951 0.3 5.0 5.0 5.0 5.0 0.0 0.22800002 0 TOUCH_DOWN r
1401354329905 6 4098 258.0 873.951 0.3 5.0 5.0 5.0 5.0 0.0 0.23200001 2 TOUCH_MOVE r
1401354329954 6 4098 258.0 872.701 0.33333334 6.0 6.0 6.0 6.0 0.0 0.24000001 2 TOUCH_MOVE r
1401354329971 6 4098 258.0 872.06464 0.26666668 5.0 5.0 5.0 5.0 0.0 0.24000001 2 TOUCH_MOVE r
1401354329988 6 4098 258.0 871.701 0.3 6.0 6.0 6.0 6.0 0.0 0.24000001 2 TOUCH_MOVE r
1401354330020 6 4098 256.75 871.951 0.3 5.0 5.0 5.0 5.0 0.0 0.23600002 2 TOUCH_MOVE r
1401354330054 6 4098 257.0 871.951 0.3 5.0 5.0 5.0 5.0 0.0 0.21200001 2 TOUCH_MOVE r
1401354330057 6 4098 257.0 871.951 0.23333335 4.0 4.0 4.0 4.0 0.0 0.17600001 2 TOUCH_MOVE r
1401354330063 6 4098 257.0 871.951 0.23333335 4.0 4.0 4.0 4.0 0.0 0.17600001 1 TOUCH_UP r
1401354330259 6 4098 154.5 858.451 0.23333335 5.0 5.0 5.0 5.0 0.0 0.21200001 0 TOUCH_DOWN e
1401354330271 6 4098 154.5 858.451 0.23333335 5.0 5.0 5.0 5.0 0.0 0.216 2 TOUCH_MOVE e
1401354330289 6 4098 155.69547 858.451 0.23333335 5.0 5.0 5.0 5.0 0.0 0.22000001 2 TOUCH_MOVE e
1401354330304 6 4098 158.07619 857.7589 0.23333335 5.0 5.0 5.0 5.0 0.0 0.224 2 TOUCH_MOVE e
1401354330321 6 4098 161.39691 856.72675 0.23333335 5.0 5.0 5.0 5.0 0.0 0.224 2 TOUCH_MOVE e
1401354330338 6 4098 163.6889 856.451 0.26666668 6.0 6.0 6.0 6.0 0.0 0.22800002 2 TOUCH_MOVE e
1401354330357 6 4098 164.37305 856.451 0.26666668 6.0 6.0 6.0 6.0 0.0 0.22800002 2 TOUCH_MOVE e
1401354330371 6 4098 165.25 856.451 0.26666668 6.0 6.0 6.0 6.0 0.0 0.22800002 2 TOUCH_MOVE e
1401354330404 6 4098 164.25317 856.6978 0.23333335 5.0 5.0 5.0 5.0 0.0 0.22000001 2 TOUCH_MOVE e
1401354330418 6 4098 164.0 856.951 0.23333335 5.0 5.0 5.0 5.0 0.0 0.18400002 2 TOUCH_MOVE e
1401354330421 6 4098 164.0 856.951 0.23333335 5.0 5.0 5.0 5.0 0.0 0.18400002 1 TOUCH_UP e
1401354330636 6 4098 510.5 1100.9509 0.26666668 4.0 4.0 4.0 4.0 0.0 0.2 0 TOUCH_DOWN n
1401354330640 6 4098 510.5 1100.9509 0.26666668 4.0 4.0 4.0 4.0 0.0 0.208 2 TOUCH_MOVE n
1401354330656 6 4098 512.0326 1100.9509 0.3 5.0 5.0 5.0 5.0 0.0 0.21200001 2 TOUCH_MOVE n
1401354330672 6 4098 514.10443 1100.9509 0.3 5.0 5.0 5.0 5.0 0.0 0.216 2 TOUCH_MOVE n
1401354330688 6 4098 516.71295 1100.9509 0.3 5.0 5.0 5.0 5.0 0.0 0.216 2 TOUCH_MOVE n
1401354330704 6 4098 518.58997 1100.9509 0.3 5.0 5.0 5.0 5.0 0.0 0.216 2 TOUCH_MOVE n
1401354330722 6 4098 519.6026 1100.9509 0.3 5.0 5.0 5.0 5.0 0.0 0.216 2 TOUCH_MOVE n
1401354330738 6 4098 520.6151 1100.9509 0.3 5.0 5.0 5.0 5.0 0.0 0.216 2 TOUCH_MOVE n
1401354330773 6 4098 518.0 1101.9509 0.26666668 4.0 4.0 4.0 4.0 0.0 0.20400001 2 TOUCH_MOVE n
1401354330779 6 4098 518.0 1101.9509 0.26666668 5.0 5.0 5.0 5.0 0.0 0.172 2 TOUCH_MOVE n
1401354330783 6 4098 518.0 1101.9509 0.26666668 5.0 5.0 5.0 5.0 0.0 0.172 1 TOUCH_UP n
1401354331331 6 4098 705.0 1200.4509 0.16666667 3.0 3.0 3.0 3.0 0.0 0.19600001 0 TOUCH_DOWN Enter
1401354331340 6 4098 704.81006 1200.6409 0.26666668 5.0 5.0 5.0 5.0 0.0 0.20400001 2 TOUCH_MOVE Enter
1401354331358 6 4098 702.889 1201.6545 0.23333335 4.0 4.0 4.0 4.0 0.0 0.208 2 TOUCH_MOVE Enter
1401354331372 6 4098 700.5532 1202.6743 0.23333335 4.0 4.0 4.0 4.0 0.0 0.208 2 TOUCH_MOVE Enter
1401354331389 6 4098 698.7678 1203.4509 0.26666668 5.0 5.0 5.0 5.0 0.0 0.208 2 TOUCH_MOVE Enter
1401354331405 6 4098 697.2506 1203.4509 0.26666668 5.0 5.0 5.0 5.0 0.0 0.208 2 TOUCH_MOVE Enter
1401354331422 6 4098 695.7323 1203.4509 0.26666668 5.0 5.0 5.0 5.0 0.0 0.21200001 2 TOUCH_MOVE Enter
1401354331438 6 4098 695.5 1204.2009 0.23333335 4.0 4.0 4.0 4.0 0.0 0.208 2 TOUCH_MOVE Enter
1401354331453 6 4098 695.5 1203.9509 0.16666667 3.0 3.0 3.0 3.0 0.0 0.18 2 TOUCH_MOVE Enter
1401354331457 6 4098 695.5 1203.9509 0.16666667 3.0 3.0 3.0 3.0 0.0 0.18 1 TOUCH_UP Enter
1401354332046 6 4098 92.5 865.951 0.26666668 5.0 5.0 5.0 5.0 0.0 0.20400001 0 TOUCH_DOWN W
1401354332056 6 4098 92.86971 865.951 0.26666668 5.0 5.0 5.0 5.0 0.0 0.21200001 2 TOUCH_MOVE W
1401354332072 6 4098 96.270134 865.951 0.26666668 5.0 5.0 5.0 5.0 0.0 0.22000001 2 TOUCH_MOVE W
1401354332090 6 4098 102.99979 865.551 0.26666668 5.0 5.0 5.0 5.0 0.0 0.224 2 TOUCH_MOVE W
1401354332106 6 4098 105.82523 865.451 0.3 6.0 6.0 6.0 6.0 0.0 0.22800002 2 TOUCH_MOVE W
1401354332123 6 4098 107.8626 864.5197 0.26666668 5.0 5.0 5.0 5.0 0.0 0.22800002 2 TOUCH_MOVE W
1401354332140 6 4098 109.44831 863.5027 0.3 6.0 6.0 6.0 6.0 0.0 0.22800002 2 TOUCH_MOVE W
1401354332156 6 4098 109.75 863.201 0.3 6.0 6.0 6.0 6.0 0.0 0.22800002 2 TOUCH_MOVE W
1401354332206 6 4098 107.98028 863.9609 0.3 6.0 6.0 6.0 6.0 0.0 0.224 2 TOUCH_MOVE W
1401354332223 6 4098 104.5 865.451 0.23333335 4.0 4.0 4.0 4.0 0.0 0.18400002 2 TOUCH_MOVE W
1401354332227 6 4098 104.5 865.451 0.23333335 4.0 4.0 4.0 4.0 0.0 0.18400002 1 TOUCH_UP W
1401354332394 6 4098 176.0 862.451 0.26666668 5.0 5.0 5.0 5.0 0.0 0.22800002 0 TOUCH_DOWN e
1401354332406 6 4098 176.20107 862.451 0.26666668 5.0 5.0 5.0 5.0 0.0 0.23200001 2 TOUCH_MOVE e
1401354332425 6 4098 177.69211 862.451 0.3 6.0 6.0 6.0 6.0 0.0 0.23600002 2 TOUCH_MOVE e
1401354332446 6 4098 178.72847 861.951 0.3 6.0 6.0 6.0 6.0 0.0 0.23600002 2 TOUCH_MOVE e
1401354332456 6 4098 179.74756 861.2034 0.3 6.0 6.0 6.0 6.0 0.0 0.23600002 2 TOUCH_MOVE e
1401354332489 6 4098 180.25 860.701 0.3 6.0 6.0 6.0 6.0 0.0 0.23600002 2 TOUCH_MOVE e
1401354332525 6 4098 178.06859 862.07196 0.26666668 5.0 5.0 5.0 5.0 0.0 0.22800002 2 TOUCH_MOVE e
1401354332537 6 4098 177.5 862.451 0.23333335 4.0 4.0 4.0 4.0 0.0 0.156 2 TOUCH_MOVE e
1401354332545 6 4098 177.5 862.451 0.23333335 4.0 4.0 4.0 4.0 0.0 0.156 1 TOUCH_UP e
1401354332701 6 4098 325.5 1229.4509 0.26666668 5.0 5.0 5.0 5.0 0.0 0.19600001 0 TOUCH_DOWN Space
1401354332728 6 4098 325.5 1229.1182 0.26666668 5.0 5.0 5.0 5.0 0.0 0.20400001 2 TOUCH_MOVE Space
1401354332751 6 4098 325.9985 1227.954 0.26666668 5.0 5.0 5.0 5.0 0.0 0.216 2 TOUCH_MOVE Space
1401354332756 6 4098 328.07098 1225.88 0.26666668 5.0 5.0 5.0 5.0 0.0 0.22000001 2 TOUCH_MOVE Space
1401354332773 6 4098 330.6088 1224.3965 0.26666668 5.0 5.0 5.0 5.0 0.0 0.224 2 TOUCH_MOVE Space
1401354332790 6 4098 332.0696 1223.3813 0.26666668 5.0 5.0 5.0 5.0 0.0 0.224 2 TOUCH_MOVE Space
1401354332807 6 4098 333.08893 1222.9509 0.3 6.0 6.0 6.0 6.0 0.0 0.224 2 TOUCH_MOVE Space
1401354332840 6 4098 332.384 1224.0669 0.26666668 5.0 5.0 5.0 5.0 0.0 0.21200001 2 TOUCH_MOVE Space
1401354332857 6 4098 331.25 1228.7009 0.26666668 5.0 5.0 5.0 5.0 0.0 0.192 2 TOUCH_MOVE Space
1401354332861 6 4098 331.25 1228.7009 0.26666668 5.0 5.0 5.0 5.0 0.0 0.192 1 TOUCH_UP Space
1401354333097 6 4098 36.0 982.451 0.16666667 3.0 3.0 3.0 3.0 0.0 0.18400002 0 TOUCH_DOWN a
1401354333109 6 4098 36.0 982.451 0.20000002 3.0 3.0 3.0 3.0 0.0 0.192 2 TOUCH_MOVE a
1401354333125 6 4098 39.038635 982.951 0.20000002 3.0 3.0 3.0 3.0 0.0 0.2 2 TOUCH_MOVE a
1401354333140 6 4098 41.785065 982.951 0.20000002 3.0 3.0 3.0 3.0 0.0 0.2 2 TOUCH_MOVE a
1401354333157 6 4098 42.915417 982.951 0.20000002 3.0 3.0 3.0 3.0 0.0 0.20400001 2 TOUCH_MOVE a
1401354333173 6 4098 46.22094 982.951 0.20000002 3.0 3.0 3.0 3.0 0.0 0.20400001 2 TOUCH_MOVE a
1401354333191 6 4098 49.400253 982.951 0.20000002 3.0 3.0 3.0 3.0 0.0 0.20400001 2 TOUCH_MOVE a
1401354333207 6 4098 49.021942 983.429 0.20000002 3.0 3.0 3.0 3.0 0.0 0.20400001 2 TOUCH_MOVE a
1401354333250 6 4098 48.00502 984.446 0.23333335 4.0 4.0 4.0 4.0 0.0 0.2 2 TOUCH_MOVE a
1401354333257 6 4098 47.25 985.201 0.23333335 4.0 4.0 4.0 4.0 0.0 0.2 2 TOUCH_MOVE a
1401354333269 6 4098 46.5 984.951 0.20000002 3.0 3.0 3.0 3.0 0.0 0.18 2 TOUCH_MOVE a
1401354333272 6 4098 46.5 984.951 0.20000002 3.0 3.0 3.0 3.0 0.0 0.18 1 TOUCH_UP a
1401354333563 6 4098 295.0 878.951 0.26666668 4.0 4.0 4.0 4.0 0.0 0.22800002 0 TOUCH_DOWN t
1401354333574 6 4098 295.0 878.951 0.3 5.0 5.0 5.0 5.0 0.0 0.23600002 2 TOUCH_MOVE t
1401354333641 6 4098 294.0 878.5838 0.3 5.0 5.0 5.0 5.0 0.0 0.24800001 2 TOUCH_MOVE t
1401354333657 6 4098 294.0 878.201 0.33333334 6.0 6.0 6.0 6.0 0.0 0.24800001 2 TOUCH_MOVE t
1401354333674 6 4098 293.10077 877.951 0.33333334 6.0 6.0 6.0 6.0 0.0 0.24800001 2 TOUCH_MOVE t
1401354333693 6 4098 292.25 877.951 0.3 5.0 5.0 5.0 5.0 0.0 0.24000001 2 TOUCH_MOVE t
1401354333757 6 4098 291.01663 877.951 0.3 5.0 5.0 5.0 5.0 0.0 0.24000001 2 TOUCH_MOVE t
1401354333775 6 4098 289.0 877.951 0.3 5.0 5.0 5.0 5.0 0.0 0.208 2 TOUCH_MOVE t
1401354333776 6 4098 289.0 877.951 0.3 5.0 5.0 5.0 5.0 0.0 0.17600001 2 TOUCH_MOVE t
1401354333780 6 4098 289.0 877.951 0.3 5.0 5.0 5.0 5.0 0.0 0.17600001 1 TOUCH_UP t
1401354334176 6 4098 708.0 1127.9509 0.20000002 3.0 3.0 3.0 3.0 0.0 0.20400001 0 TOUCH_DOWN Back
1401354334199 6 4098 706.6467 1127.4999 0.23333335 4.0 4.0 4.0 4.0 0.0 0.208 2 TOUCH_MOVE Back
1401354334208 6 4098 702.2967 1126.0498 0.26666668 4.0 4.0 4.0 4.0 0.0 0.21200001 2 TOUCH_MOVE Back
1401354334225 6 4098 700.64435 1125.0231 0.3 5.0 5.0 5.0 5.0 0.0 0.216 2 TOUCH_MOVE Back
1401354334241 6 4098 698.11456 1124.0082 0.3 5.0 5.0 5.0 5.0 0.0 0.216 2 TOUCH_MOVE Back
1401354334258 6 4098 697.25 1123.9509 0.26666668 4.0 4.0 4.0 4.0 0.0 0.216 2 TOUCH_MOVE Back
1401354334297 6 4098 696.8754 1123.9509 0.26666668 4.0 4.0 4.0 4.0 0.0 0.21200001 2 TOUCH_MOVE Back
1401354334327 6 4098 696.8754 1123.9509 0.26666668 4.0 4.0 4.0 4.0 0.0 0.21200001 1 TOUCH_UP Back
1401354335119 6 4098 147.5 853.951 0.23333335 5.0 5.0 5.0 5.0 0.0 0.21200001 0 TOUCH_DOWN e
1401354335133 6 4098 147.5 853.951 0.26666668 6.0 6.0 6.0 6.0 0.0 0.22000001 2 TOUCH_MOVE e
1401354335159 6 4098 148.0 852.32947 0.3 6.0 6.0 6.0 6.0 0.0 0.22800002 2 TOUCH_MOVE e
1401354335175 6 4098 148.82559 851.12537 0.26666668 5.0 5.0 5.0 5.0 0.0 0.22800002 2 TOUCH_MOVE e
1401354335193 6 4098 149.0 850.11224 0.3 6.0 6.0 6.0 6.0 0.0 0.22800002 2 TOUCH_MOVE e
1401354335209 6 4098 149.5 849.0978 0.3 6.0 6.0 6.0 6.0 0.0 0.23200001 2 TOUCH_MOVE e
1401354335225 6 4098 149.93442 848.51654 0.3 6.0 6.0 6.0 6.0 0.0 0.23200001 2 TOUCH_MOVE e
1401354335245 6 4098 150.24272 848.20825 0.3 6.0 6.0 6.0 6.0 0.0 0.22800002 2 TOUCH_MOVE e
1401354335309 6 4098 146.75758 849.7793 0.26666668 5.0 5.0 5.0 5.0 0.0 0.216 2 TOUCH_MOVE e
1401354335320 6 4098 146.5 849.951 0.23333335 5.0 5.0 5.0 5.0 0.0 0.17600001 2 TOUCH_MOVE e
1401354335326 6 4098 146.5 849.951 0.23333335 5.0 5.0 5.0 5.0 0.0 0.17600001 1 TOUCH_UP e
1401354335694 6 4098 679.5 1103.9509 0.26666668 4.0 4.0 4.0 4.0 0.0 0.20400001 0 TOUCH_DOWN Back
1401354335726 6 4098 678.3203 1103.9509 0.3 5.0 5.0 5.0 5.0 0.0 0.216 2 TOUCH_MOVE Back
1401354335743 6 4098 677.16 1103.9509 0.3 5.0 5.0 5.0 5.0 0.0 0.216 2 TOUCH_MOVE Back
1401354335759 6 4098 676.1195 1103.9509 0.3 5.0 5.0 5.0 5.0 0.0 0.22000001 2 TOUCH_MOVE Back
1401354335776 6 4098 675.55273 1103.9509 0.3 5.0 5.0 5.0 5.0 0.0 0.216 2 TOUCH_MOVE Back
1401354335792 6 4098 674.75 1103.9509 0.3 5.0 5.0 5.0 5.0 0.0 0.22000001 2 TOUCH_MOVE Back
1401354335847 6 4098 675.0 1103.9509 0.23333335 4.0 4.0 4.0 4.0 0.0 0.16800001 2 TOUCH_MOVE Back
1401354335851 6 4098 675.0 1103.9509 0.23333335 4.0 4.0 4.0 4.0 0.0 0.16800001 1 TOUCH_UP Back
1401354336085 6 4098 240.5 882.451 0.33333334 5.0 5.0 5.0 5.0 0.0 0.22000001 0 TOUCH_DOWN r
1401354336093 6 4098 240.5 882.451 0.3 5.0 5.0 5.0 5.0 0.0 0.224 2 TOUCH_MOVE r
1401354336149 6 4098 240.5 881.22266 0.33333334 6.0 6.0 6.0 6.0 0.0 0.23600002 2 TOUCH_MOVE r
1401354336159 6 4098 240.5 880.201 0.3 5.0 5.0 5.0 5.0 0.0 0.23600002 2 TOUCH_MOVE r
1401354336198 6 4098 240.5 879.5639 0.3 5.0 5.0 5.0 5.0 0.0 0.23600002 2 TOUCH_MOVE r
1401354336210 6 4098 240.5 879.2194 0.3 5.0 5.0 5.0 5.0 0.0 0.23600002 2 TOUCH_MOVE r
1401354336257 6 4098 238.0 879.951 0.3 5.0 5.0 5.0 5.0 0.0 0.2 2 TOUCH_MOVE r
1401354336260 6 4098 238.0 879.951 0.3 5.0 5.0 5.0 5.0 0.0 0.2 1 TOUCH_UP r
1401354336497 6 4098 151.5 832.451 0.33333334 5.0 5.0 5.0 5.0 0.0 0.21200001 0 TOUCH_DOWN e
1401354336512 6 4098 151.5 832.451 0.33333334 5.0 5.0 5.0 5.0 0.0 0.22000001 2 TOUCH_MOVE e
1401354336526 6 4098 152.0264 831.92456 0.33333334 5.0 5.0 5.0 5.0 0.0 0.224 2 TOUCH_MOVE e
1401354336545 6 4098 153.79543 830.8033 0.33333334 5.0 5.0 5.0 5.0 0.0 0.22800002 2 TOUCH_MOVE e
1401354336560 6 4098 155.83723 829.78235 0.33333334 5.0 5.0 5.0 5.0 0.0 0.22800002 2 TOUCH_MOVE e
1401354336577 6 4098 157.72357 828.8392 0.33333334 5.0 5.0 5.0 5.0 0.0 0.23200001 2 TOUCH_MOVE e
1401354336600 6 4098 158.66103 828.29 0.33333334 5.0 5.0 5.0 5.0 0.0 0.23200001 2 TOUCH_MOVE e
1401354336613 6 4098 159.25 827.701 0.33333334 5.0 5.0 5.0 5.0 0.0 0.22800002 2 TOUCH_MOVE e
1401354336643 6 4098 158.29288 827.951 0.33333334 5.0 5.0 5.0 5.0 0.0 0.22800002 2 TOUCH_MOVE e
1401354336660 6 4098 155.13953 828.8812 0.3 5.0 5.0 5.0 5.0 0.0 0.216 2 TOUCH_MOVE e
1401354336667 6 4098 154.0 829.451 0.3 5.0 5.0 5.0 5.0 0.0 0.19600001 2 TOUCH_MOVE e
1401354336671 6 4098 154.0 829.451 0.3 5.0 5.0 5.0 5.0 0.0 0.19600001 1 TOUCH_UP e
1401354336784 6 4098 342.5 1206.4509 0.26666668 5.0 5.0 5.0 5.0 0.0 0.20400001 0 TOUCH_DOWN Space
1401354336795 6 4098 342.5 1206.4509 0.26666668 5.0 5.0 5.0 5.0 0.0 0.21200001 2 TOUCH_MOVE Space
1401354336827 6 4098 344.7739 1206.4509 0.26666668 5.0 5.0 5.0 5.0 0.0 0.224 2 TOUCH_MOVE Space
1401354336845 6 4098 346.72775 1206.0416 0.26666668 5.0 5.0 5.0 5.0 0.0 0.224 2 TOUCH_MOVE Space
1401354336871 6 4098 347.90637 1205.9509 0.3 6.0 6.0 6.0 6.0 0.0 0.22800002 2 TOUCH_MOVE Space
1401354336895 6 4098 348.92706 1205.9509 0.3 6.0 6.0 6.0 6.0 0.0 0.22800002 2 TOUCH_MOVE Space
1401354336910 6 4098 350.25 1205.9509 0.3 6.0 6.0 6.0 6.0 0.0 0.22800002 2 TOUCH_MOVE Space
1401354336969 6 4098 350.25 1205.9509 0.3 6.0 6.0 6.0 6.0 0.0 0.22800002 1 TOUCH_UP Space
1401354337217 6 4098 310.5 859.451 0.26666668 5.0 5.0 5.0 5.0 0.0 0.224 0 TOUCH_DOWN t
1401354337237 6 4098 310.75507 859.1959 0.3 6.0 6.0 6.0 6.0 0.0 0.22800002 2 TOUCH_MOVE t
1401354337244 6 4098 311.0 858.6729 0.3 6.0 6.0 6.0 6.0 0.0 0.23600002 2 TOUCH_MOVE t
1401354337261 6 4098 311.79584 857.65515 0.26666668 5.0 5.0 5.0 5.0 0.0 0.24000001 2 TOUCH_MOVE t
1401354337279 6 4098 312.25 857.201 0.33333334 6.0 6.0 6.0 6.0 0.0 0.24000001 2 TOUCH_MOVE t
1401354337295 6 4098 312.0 856.8302 0.3 5.0 5.0 5.0 5.0 0.0 0.24000001 2 TOUCH_MOVE t
1401354337344 6 4098 310.29056 856.59625 0.26666668 5.0 5.0 5.0 5.0 0.0 0.23600002 2 TOUCH_MOVE t
1401354337361 6 4098 307.5 856.451 0.26666668 5.0 5.0 5.0 5.0 0.0 0.224 2 TOUCH_MOVE t
1401354337365 6 4098 307.5 856.451 0.20000002 4.0 4.0 4.0 4.0 0.0 0.2 2 TOUCH_MOVE t
1401354337369 6 4098 307.5 856.451 0.20000002 4.0 4.0 4.0 4.0 0.0 0.2 1 TOUCH_UP t
1401354337472 6 4098 416.0 977.451 0.23333335 4.0 4.0 4.0 4.0 0.0 0.216 0 TOUCH_DOWN h
1401354337481 6 4098 416.0 977.451 0.26666668 5.0 5.0 5.0 5.0 0.0 0.22000001 2 TOUCH_MOVE h
1401354337496 6 4098 416.50195 977.451 0.3 6.0 6.0 6.0 6.0 0.0 0.224 2 TOUCH_MOVE h
1401354337511 6 4098 418.59607 977.451 0.26666668 5.0 5.0 5.0 5.0 0.0 0.22800002 2 TOUCH_MOVE h
1401354337528 6 4098 421.58923 977.451 0.3 6.0 6.0 6.0 6.0 0.0 0.23600002 2 TOUCH_MOVE h
1401354337545 6 4098 424.27692 978.5433 0.3 6.0 6.0 6.0 6.0 0.0 0.23600002 2 TOUCH_MOVE h
1401354337561 6 4098 425.07956 979.5305 0.26666668 5.0 5.0 5.0 5.0 0.0 0.23200001 2 TOUCH_MOVE h
1401354337577 6 4098 425.0 979.9975 0.26666668 5.0 5.0 5.0 5.0 0.0 0.23600002 2 TOUCH_MOVE h
1401354337596 6 4098 425.75 980.701 0.3 6.0 6.0 6.0 6.0 0.0 0.23200001 2 TOUCH_MOVE h
1401354337628 6 4098 424.40353 981.5474 0.26666668 5.0 5.0 5.0 5.0 0.0 0.216 2 TOUCH_MOVE h
1401354337649 6 4098 424.5 981.951 0.16666667 3.0 3.0 3.0 3.0 0.0 0.18 2 TOUCH_MOVE h
1401354337653 6 4098 424.5 981.951 0.16666667 3.0 3.0 3.0 3.0 0.0 0.18 1 TOUCH_UP h
1401354337776 6 4098 167.0 859.951 0.26666668 5.0 5.0 5.0 5.0 0.0 0.224 0 TOUCH_DOWN e
1401354337796 6 4098 168.08888 859.951 0.3 6.0 6.0 6.0 6.0 0.0 0.23200001 2 TOUCH_MOVE e
1401354337811 6 4098 172.73264 858.83466 0.3 6.0 6.0 6.0 6.0 0.0 0.23200001 2 TOUCH_MOVE e
1401354337828 6 4098 176.15994 857.12103 0.26666668 5.0 5.0 5.0 5.0 0.0 0.23200001 2 TOUCH_MOVE e
1401354337849 6 4098 177.31926 856.1317 0.26666668 5.0 5.0 5.0 5.0 0.0 0.23200001 2 TOUCH_MOVE e
1401354337863 6 4098 178.0 855.0918 0.3 6.0 6.0 6.0 6.0 0.0 0.23200001 2 TOUCH_MOVE e
1401354337878 6 4098 178.0 854.07336 0.3 6.0 6.0 6.0 6.0 0.0 0.23200001 2 TOUCH_MOVE e
1401354337894 6 4098 177.65768 853.451 0.3 6.0 6.0 6.0 6.0 0.0 0.23200001 2 TOUCH_MOVE e
1401354337911 6 4098 177.04893 853.451 0.3 6.0 6.0 6.0 6.0 0.0 0.23200001 2 TOUCH_MOVE e
1401354337928 6 4098 175.15486 853.87354 0.26666668 5.0 5.0 5.0 5.0 0.0 0.23200001 2 TOUCH_MOVE e
1401354337952 6 4098 175.0 853.951 0.23333335 5.0 5.0 5.0 5.0 0.0 0.2 2 TOUCH_MOVE e
1401354337953 6 4098 175.0 853.951 0.23333335 5.0 5.0 5.0 5.0 0.0 0.15200001 2 TOUCH_MOVE e
1401354337957 6 4098 175.0 853.951 0.23333335 5.0 5.0 5.0 5.0 0.0 0.15200001 1 TOUCH_UP e
1401354338052 6 4098 346.5 1246.4509 0.16666667 4.0 4.0 4.0 4.0 0.0 0.18800001 0 TOUCH_DOWN Space
1401354338079 6 4098 347.0219 1244.8853 0.20000002 4.0 4.0 4.0 4.0 0.0 0.2 2 TOUCH_MOVE Space
1401354338095 6 4098 349.15985 1239.5514 0.23333335 5.0 5.0 5.0 5.0 0.0 0.20400001 2 TOUCH_MOVE Space
1401354338112 6 4098 350.10028 1236.15 0.23333335 5.0 5.0 5.0 5.0 0.0 0.208 2 TOUCH_MOVE Space
1401354338128 6 4098 350.5 1234.2197 0.23333335 5.0 5.0 5.0 5.0 0.0 0.208 2 TOUCH_MOVE Space
1401354338147 6 4098 351.13232 1233.3186 0.23333335 5.0 5.0 5.0 5.0 0.0 0.208 2 TOUCH_MOVE Space
1401354338234 6 4098 351.0 1233.9509 0.20000002 4.0 4.0 4.0 4.0 0.0 0.19600001 2 TOUCH_MOVE Space
1401354338237 6 4098 351.0 1233.9509 0.20000002 4.0 4.0 4.0 4.0 0.0 0.19600001 1 TOUCH_UP Space
1401354338419 6 4098 610.5 872.451 0.26666668 4.0 4.0 4.0 4.0 0.0 0.208 0 TOUCH_DOWN o
1401354338428 6 4098 610.5 872.451 0.3 5.0 5.0 5.0 5.0 0.0 0.21200001 2 TOUCH_MOVE o
1401354338450 6 4098 609.8009 872.6501 0.3 5.0 5.0 5.0 5.0 0.0 0.224 2 TOUCH_MOVE o
1401354338462 6 4098 609.30634 873.14465 0.26666668 4.0 4.0 4.0 4.0 0.0 0.22800002 2 TOUCH_MOVE o
1401354338478 6 4098 609.05756 873.89343 0.33333334 6.0 6.0 6.0 6.0 0.0 0.23200001 2 TOUCH_MOVE o
1401354338497 6 4098 609.0 874.4307 0.3 5.0 5.0 5.0 5.0 0.0 0.23200001 2 TOUCH_MOVE o
1401354338512 6 4098 608.25 875.201 0.3 5.0 5.0 5.0 5.0 0.0 0.23200001 2 TOUCH_MOVE o
1401354338529 6 4098 608.0 875.44574 0.3 5.0 5.0 5.0 5.0 0.0 0.23200001 2 TOUCH_MOVE o
1401354338560 6 4098 607.5033 876.4477 0.33333334 6.0 6.0 6.0 6.0 0.0 0.23200001 2 TOUCH_MOVE o
1401354338572 6 4098 605.0 880.451 0.13333334 2.0 2.0 2.0 2.0 0.0 0.128 2 TOUCH_MOVE o
1401354338581 6 4098 605.0 880.451 0.13333334 2.0 2.0 2.0 2.0 0.0 0.128 1 TOUCH_UP o
1401354338747 6 4098 511.0 1095.4509 0.23333335 4.0 4.0 4.0 4.0 0.0 0.208 0 TOUCH_DOWN n
1401354338765 6 4098 511.35504 1095.806 0.26666668 5.0 5.0 5.0 5.0 0.0 0.216 2 TOUCH_MOVE n
1401354338779 6 4098 513.12854 1096.6604 0.3 5.0 5.0 5.0 5.0 0.0 0.22000001 2 TOUCH_MOVE n
1401354338795 6 4098 515.2234 1097.9332 0.3 5.0 5.0 5.0 5.0 0.0 0.22000001 2 TOUCH_MOVE n
1401354338812 6 4098 517.25305 1099.704 0.33333334 6.0 6.0 6.0 6.0 0.0 0.22000001 2 TOUCH_MOVE n
1401354338850 6 4098 519.2259 1101.6768 0.3 5.0 5.0 5.0 5.0 0.0 0.224 2 TOUCH_MOVE n
1401354338863 6 4098 519.5 1102.7009 0.33333334 6.0 6.0 6.0 6.0 0.0 0.224 2 TOUCH_MOVE n
1401354338879 6 4098 519.5 1103.237 0.3 5.0 5.0 5.0 5.0 0.0 0.22000001 2 TOUCH_MOVE n
1401354338895 6 4098 517.6639 1104.2871 0.3 5.0 5.0 5.0 5.0 0.0 0.216 2 TOUCH_MOVE n
1401354338901 6 4098 517.5 1104.4509 0.3 5.0 5.0 5.0 5.0 0.0 0.20400001 2 TOUCH_MOVE n
1401354338905 6 4098 517.5 1104.4509 0.3 5.0 5.0 5.0 5.0 0.0 0.20400001 1 TOUCH_UP n
1401354339007 6 4098 179.5 858.451 0.23333335 5.0 5.0 5.0 5.0 0.0 0.22000001 0 TOUCH_DOWN e
1401354339062 6 4098 180.5 857.45575 0.3 6.0 6.0 6.0 6.0 0.0 0.23200001 2 TOUCH_MOVE e
1401354339079 6 4098 180.5 856.4395 0.3 6.0 6.0 6.0 6.0 0.0 0.23200001 2 TOUCH_MOVE e
1401354339146 6 4098 178.31645 857.01215 0.26666668 5.0 5.0 5.0 5.0 0.0 0.22000001 2 TOUCH_MOVE e
1401354339162 6 4098 176.0 858.451 0.23333335 4.0 4.0 4.0 4.0 0.0 0.15200001 2 TOUCH_MOVE e
1401354339166 6 4098 176.0 858.451 0.23333335 4.0 4.0 4.0 4.0 0.0 0.15200001 1 TOUCH_UP e
1401354339369 6 4098 121.0 965.951 0.23333335 5.0 5.0 5.0 5.0 0.0 0.208 0 TOUCH_DOWN s
1401354339379 6 4098 121.0 965.951 0.26666668 5.0 5.0 5.0 5.0 0.0 0.21200001 2 TOUCH_MOVE s
1401354339417 6 4098 121.82747 962.7961 0.26666668 5.0 5.0 5.0 5.0 0.0 0.22000001 2 TOUCH_MOVE s
1401354339429 6 4098 122.5 960.7726 0.3 6.0 6.0 6.0 6.0 0.0 0.22000001 2 TOUCH_MOVE s
1401354339449 6 4098 123.25 958.951 0.3 5.0 5.0 5.0 5.0 0.0 0.224 2 TOUCH_MOVE s
1401354339463 6 4098 123.87115 958.07983 0.26666668 5.0 5.0 5.0 5.0 0.0 0.224 2 TOUCH_MOVE s
1401354339479 6 4098 124.5 957.06177 0.33333334 6.0 6.0 6.0 6.0 0.0 0.224 2 TOUCH_MOVE s
1401354339500 6 4098 124.5 956.701 0.26666668 5.0 5.0 5.0 5.0 0.0 0.22000001 2 TOUCH_MOVE s
1401354339550 6 4098 123.0 958.451 0.23333335 5.0 5.0 5.0 5.0 0.0 0.19600001 2 TOUCH_MOVE s
1401354339551 6 4098 123.0 958.451 0.16666667 3.0 3.0 3.0 3.0 0.0 0.1 2 TOUCH_MOVE s
1401354339556 6 4098 123.0 958.451 0.16666667 3.0 3.0 3.0 3.0 0.0 0.1 1 TOUCH_UP s
1401354339819 6 4098 332.0 1237.4509 0.23333335 5.0 5.0 5.0 5.0 0.0 0.192 0 TOUCH_DOWN Space
1401354339830 6 4098 332.0 1237.4509 0.23333335 5.0 5.0 5.0 5.0 0.0 0.19600001 2 TOUCH_MOVE Space
1401354339863 6 4098 333.50443 1234.9465 0.26666668 5.0 5.0 5.0 5.0 0.0 0.21200001 2 TOUCH_MOVE Space
1401354339880 6 4098 335.0129 1232.938 0.26666668 5.0 5.0 5.0 5.0 0.0 0.216 2 TOUCH_MOVE Space
1401354339900 6 4098 336.28143 1231.1696 0.26666668 5.0 5.0 5.0 5.0 0.0 0.216 2 TOUCH_MOVE Space
1401354339913 6 4098 337.3022 1230.1487 0.26666668 5.0 5.0 5.0 5.0 0.0 0.22000001 2 TOUCH_MOVE Space
1401354339930 6 4098 338.30435 1229.1466 0.26666668 5.0 5.0 5.0 5.0 0.0 0.22000001 2 TOUCH_MOVE Space
1401354339947 6 4098 339.25 1228.9509 0.3 6.0 6.0 6.0 6.0 0.0 0.22000001 2 TOUCH_MOVE Space
1401354340013 6 4098 337.71634 1229.8428 0.26666668 5.0 5.0 5.0 5.0 0.0 0.208 2 TOUCH_MOVE Space
1401354340030 6 4098 336.59363 1231.2637 0.23333335 5.0 5.0 5.0 5.0 0.0 0.20400001 2 TOUCH_MOVE Space
1401354340051 6 4098 335.5 1232.4509 0.20000002 5.0 5.0 5.0 5.0 0.0 0.14400001 2 TOUCH_MOVE Space
1401354340054 6 4098 335.5 1232.4509 0.20000002 5.0 5.0 5.0 5.0 0.0 0.14400001 1 TOUCH_UP Space
1401354340603 6 4098 88.0 861.451 0.20000002 4.0 4.0 4.0 4.0 0.0 0.20400001 0 TOUCH_DOWN w
1401354340627 6 4098 88.47534 861.451 0.23333335 5.0 5.0 5.0 5.0 0.0 0.208 2 TOUCH_MOVE w
1401354340637 6 4098 90.9398 860.47107 0.23333335 5.0 5.0 5.0 5.0 0.0 0.21200001 2 TOUCH_MOVE w
1401354340648 6 4098 93.415794 859.97906 0.23333335 5.0 5.0 5.0 5.0 0.0 0.216 2 TOUCH_MOVE w
1401354340664 6 4098 95.01396 859.951 0.23333335 5.0 5.0 5.0 5.0 0.0 0.22000001 2 TOUCH_MOVE w
1401354340682 6 4098 96.02834 859.951 0.23333335 5.0 5.0 5.0 5.0 0.0 0.22000001 2 TOUCH_MOVE w
1401354340697 6 4098 96.75 859.951 0.23333335 5.0 5.0 5.0 5.0 0.0 0.216 2 TOUCH_MOVE w
1401354340749 6 4098 95.168846 860.58344 0.26666668 5.0 5.0 5.0 5.0 0.0 0.21200001 2 TOUCH_MOVE w
1401354340764 6 4098 93.0 861.451 0.23333335 4.0 4.0 4.0 4.0 0.0 0.17600001 2 TOUCH_MOVE w
1401354340767 6 4098 93.0 861.451 0.23333335 4.0 4.0 4.0 4.0 0.0 0.17600001 1 TOUCH_UP w
1401354340972 6 4098 440.5 971.451 0.23333335 5.0 5.0 5.0 5.0 0.0 0.21200001 0 TOUCH_DOWN h
1401354340981 6 4098 440.5 971.451 0.23333335 5.0 5.0 5.0 5.0 0.0 0.216 2 TOUCH_MOVE h
1401354341014 6 4098 442.66858 971.451 0.23333335 5.0 5.0 5.0 5.0 0.0 0.224 2 TOUCH_MOVE h
1401354341031 6 4098 444.67432 971.78815 0.3 6.0 6.0 6.0 6.0 0.0 0.22800002 2 TOUCH_MOVE h
1401354341052 6 4098 446.3369 971.951 0.3 6.0 6.0 6.0 6.0 0.0 0.22800002 2 TOUCH_MOVE h
1401354341065 6 4098 447.3855 972.8365 0.26666668 5.0 5.0 5.0 5.0 0.0 0.22800002 2 TOUCH_MOVE h
1401354341081 6 4098 447.95175 972.951 0.3 6.0 6.0 6.0 6.0 0.0 0.224 2 TOUCH_MOVE h
1401354341098 6 4098 448.24408 972.951 0.26666668 5.0 5.0 5.0 5.0 0.0 0.224 2 TOUCH_MOVE h
1401354341126 6 4098 447.5 972.951 0.23333335 5.0 5.0 5.0 5.0 0.0 0.208 2 TOUCH_MOVE h
1401354341132 6 4098 447.5 972.951 0.23333335 5.0 5.0 5.0 5.0 0.0 0.208 1 TOUCH_UP h
1401354341283 6 4098 613.5 856.451 0.23333335 5.0 5.0 5.0 5.0 0.0 0.208 0 TOUCH_DOWN o
1401354341300 6 4098 613.5 856.451 0.23333335 5.0 5.0 5.0 5.0 0.0 0.216 2 TOUCH_MOVE o
1401354341367 6 4098 614.0607 856.451 0.26666668 5.0 5.0 5.0 5.0 0.0 0.22800002 2 TOUCH_MOVE o
1401354341381 6 4098 614.563 856.451 0.26666668 5.0 5.0 5.0 5.0 0.0 0.224 2 TOUCH_MOVE o
1401354341399 6 4098 614.5 857.0536 0.26666668 5.0 5.0 5.0 5.0 0.0 0.224 2 TOUCH_MOVE o
1401354341415 6 4098 614.0 858.451 0.23333335 4.0 4.0 4.0 4.0 0.0 0.2 2 TOUCH_MOVE o
1401354341421 6 4098 614.0 858.451 0.26666668 5.0 5.0 5.0 5.0 0.0 0.16000001 2 TOUCH_MOVE o
1401354341425 6 4098 614.0 858.451 0.26666668 5.0 5.0 5.0 5.0 0.0 0.16000001 1 TOUCH_UP o
1401354341688 6 4098 366.0 1232.4509 0.23333335 5.0 5.0 5.0 5.0 0.0 0.2 0 TOUCH_DOWN Space
1401354341698 6 4098 366.0 1232.4509 0.26666668 5.0 5.0 5.0 5.0 0.0 0.208 2 TOUCH_MOVE Space
1401354341732 6 4098 368.55255 1230.3983 0.3 6.0 6.0 6.0 6.0 0.0 0.22000001 2 TOUCH_MOVE Space
1401354341750 6 4098 371.06366 1228.9191 0.3 6.0 6.0 6.0 6.0 0.0 0.224 2 TOUCH_MOVE Space
1401354341765 6 4098 372.53937 1227.9313 0.3 6.0 6.0 6.0 6.0 0.0 0.224 2 TOUCH_MOVE Space
1401354341781 6 4098 373.56537 1227.4509 0.26666668 5.0 5.0 5.0 5.0 0.0 0.224 2 TOUCH_MOVE Space
1401354341800 6 4098 374.3912 1227.4509 0.3 6.0 6.0 6.0 6.0 0.0 0.224 2 TOUCH_MOVE Space
1401354341815 6 4098 374.75 1227.4509 0.3 6.0 6.0 6.0 6.0 0.0 0.224 2 TOUCH_MOVE Space
1401354341831 6 4098 373.96762 1227.9833 0.26666668 5.0 5.0 5.0 5.0 0.0 0.21200001 2 TOUCH_MOVE Space
1401354341849 6 4098 373.5 1228.4509 0.16666667 3.0 3.0 3.0 3.0 0.0 0.18 2 TOUCH_MOVE Space
1401354341853 6 4098 373.5 1228.4509 0.16666667 3.0 3.0 3.0 3.0 0.0 0.18 1 TOUCH_UP Space
1401354342080 6 4098 555.5 1122.4509 0.26666668 4.0 4.0 4.0 4.0 0.0 0.20400001 0 TOUCH_DOWN m
1401354342100 6 4098 555.5 1122.4509 0.3 5.0 5.0 5.0 5.0 0.0 0.208 2 TOUCH_MOVE m
1401354342149 6 4098 554.75 1121.2009 0.3 5.0 5.0 5.0 5.0 0.0 0.224 2 TOUCH_MOVE m
1401354342215 6 4098 554.44745 1121.4509 0.3 5.0 5.0 5.0 5.0 0.0 0.22800002 2 TOUCH_MOVE m
1401354342233 6 4098 553.03186 1121.4509 0.3 5.0 5.0 5.0 5.0 0.0 0.224 2 TOUCH_MOVE m
1401354342249 6 4098 552.16144 1121.4509 0.33333334 6.0 6.0 6.0 6.0 0.0 0.224 2 TOUCH_MOVE m
1401354342265 6 4098 551.25 1122.2009 0.3 5.0 5.0 5.0 5.0 0.0 0.22000001 2 TOUCH_MOVE m
1401354342282 6 4098 550.46234 1122.9886 0.26666668 5.0 5.0 5.0 5.0 0.0 0.21200001 2 TOUCH_MOVE m
1401354342299 6 4098 550.5 1123.7009 0.26666668 5.0 5.0 5.0 5.0 0.0 0.2 2 TOUCH_MOVE m
1401354342303 6 4098 550.5 1123.7009 0.26666668 5.0 5.0 5.0 5.0 0.0 0.2 1 TOUCH_UP m
1401354342355 6 4098 43.5 970.951 0.16666667 3.0 3.0 3.0 3.0 0.0 0.18400002 0 TOUCH_DOWN a
1401354342365 6 4098 43.5 970.951 0.16666667 3.0 3.0 3.0 3.0 0.0 0.18800001 2 TOUCH_MOVE a
1401354342399 6 4098 44.09999 969.851 0.16666667 3.0 3.0 3.0 3.0 0.0 0.19600001 2 TOUCH_MOVE a
1401354342415 6 4098 44.66828 968.7827 0.16666667 3.0 3.0 3.0 3.0 0.0 0.19600001 2 TOUCH_MOVE a
1401354342434 6 4098 44.67982 967.7712 0.16666667 3.0 3.0 3.0 3.0 0.0 0.2 2 TOUCH_MOVE a
1401354342450 6 4098 45.25 967.201 0.16666667 3.0 3.0 3.0 3.0 0.0 0.19600001 2 TOUCH_MOVE a
1401354342465 6 4098 45.568176 967.451 0.16666667 3.0 3.0 3.0 3.0 0.0 0.19600001 2 TOUCH_MOVE a
1401354342482 6 4098 44.884655 967.451 0.16666667 3.0 3.0 3.0 3.0 0.0 0.19600001 2 TOUCH_MOVE a
1401354342501 6 4098 44.379475 967.451 0.16666667 3.0 3.0 3.0 3.0 0.0 0.18800001 2 TOUCH_MOVE a
1401354342515 6 4098 43.0 967.951 0.16666667 3.0 3.0 3.0 3.0 0.0 0.124000005 2 TOUCH_MOVE a
1401354342521 6 4098 43.0 967.951 0.16666667 3.0 3.0 3.0 3.0 0.0 0.124000005 1 TOUCH_UP a
1401354342605 6 4098 572.0 1001.451 0.3 5.0 5.0 5.0 5.0 0.0 0.21200001 0 TOUCH_DOWN k
1401354342617 6 4098 572.0 1001.451 0.33333334 5.0 5.0 5.0 5.0 0.0 0.216 2 TOUCH_MOVE k
1401354342699 6 4098 572.554 1001.451 0.36666667 6.0 6.0 6.0 6.0 0.0 0.224 2 TOUCH_MOVE k
1401354342782 6 4098 572.5 1001.451 0.3 5.0 5.0 5.0 5.0 0.0 0.19600001 2 TOUCH_MOVE k
1401354342787 6 4098 572.5 1001.451 0.3 5.0 5.0 5.0 5.0 0.0 0.19600001 1 TOUCH_UP k
1401354343223 6 4098 186.5 881.451 0.3 5.0 5.0 5.0 5.0 0.0 0.2 0 TOUCH_DOWN e
1401354343250 6 4098 186.5 881.451 0.3 5.0 5.0 5.0 5.0 0.0 0.216 2 TOUCH_MOVE e
1401354343283 6 4098 187.44379 880.5072 0.3 5.0 5.0 5.0 5.0 0.0 0.23600002 2 TOUCH_MOVE e
1401354343302 6 4098 187.5 879.458 0.33333334 6.0 6.0 6.0 6.0 0.0 0.24000001 2 TOUCH_MOVE e
1401354343316 6 4098 188.51158 878.951 0.36666667 7.0 7.0 7.0 7.0 0.0 0.24000001 2 TOUCH_MOVE e
1401354343333 6 4098 189.0141 878.4369 0.33333334 6.0 6.0 6.0 6.0 0.0 0.24000001 2 TOUCH_MOVE e
1401354343401 6 4098 185.5 878.951 0.26666668 5.0 5.0 5.0 5.0 0.0 0.164 2 TOUCH_MOVE e
1401354343406 6 4098 185.5 878.951 0.26666668 5.0 5.0 5.0 5.0 0.0 0.164 1 TOUCH_UP e
1401354343554 6 4098 316.0 1211.4509 0.23333335 4.0 4.0 4.0 4.0 0.0 0.208 0 TOUCH_DOWN Space
1401354343566 6 4098 316.0 1211.4509 0.26666668 5.0 5.0 5.0 5.0 0.0 0.216 2 TOUCH_MOVE Space
1401354343601 6 4098 317.2823 1211.4509 0.26666668 5.0 5.0 5.0 5.0 0.0 0.23200001 2 TOUCH_MOVE Space
1401354343616 6 4098 318.30142 1211.4509 0.26666668 5.0 5.0 5.0 5.0 0.0 0.23200001 2 TOUCH_MOVE Space
1401354343633 6 4098 319.3163 1211.4509 0.26666668 5.0 5.0 5.0 5.0 0.0 0.23600002 2 TOUCH_MOVE Space
1401354343658 6 4098 319.7763 1211.4509 0.26666668 5.0 5.0 5.0 5.0 0.0 0.23600002 2 TOUCH_MOVE Space
1401354343667 6 4098 320.11356 1211.4509 0.3 6.0 6.0 6.0 6.0 0.0 0.23600002 2 TOUCH_MOVE Space
1401354343717 6 4098 320.0 1212.0485 0.23333335 4.0 4.0 4.0 4.0 0.0 0.22000001 2 TOUCH_MOVE Space
1401354343724 6 4098 320.0 1212.0485 0.23333335 4.0 4.0 4.0 4.0 0.0 0.22000001 1 TOUCH_UP Space
1401354343887 6 4098 56.0 979.951 0.20000002 3.0 3.0 3.0 3.0 0.0 0.19600001 0 TOUCH_DOWN a
1401354343900 6 4098 56.0 979.951 0.20000002 3.0 3.0 3.0 3.0 0.0 0.2 2 TOUCH_MOVE a
1401354343933 6 4098 58.69761 979.951 0.23333335 4.0 4.0 4.0 4.0 0.0 0.208 2 TOUCH_MOVE a
1401354343971 6 4098 61.085697 978.8653 0.23333335 4.0 4.0 4.0 4.0 0.0 0.208 2 TOUCH_MOVE a
1401354344017 6 4098 60.8396 978.951 0.23333335 4.0 4.0 4.0 4.0 0.0 0.21200001 2 TOUCH_MOVE a
1401354344034 6 4098 59.80654 978.951 0.20000002 3.0 3.0 3.0 3.0 0.0 0.208 2 TOUCH_MOVE a
1401354344049 6 4098 59.5 978.951 0.20000002 3.0 3.0 3.0 3.0 0.0 0.14 2 TOUCH_MOVE a
1401354344054 6 4098 59.5 978.951 0.20000002 3.0 3.0 3.0 3.0 0.0 0.14 1 TOUCH_UP a
1401354344124 6 4098 349.5 1226.4509 0.26666668 5.0 5.0 5.0 5.0 0.0 0.20400001 0 TOUCH_DOWN Space
1401354344134 6 4098 349.5 1226.4509 0.23333335 4.0 4.0 4.0 4.0 0.0 0.208 2 TOUCH_MOVE Space
1401354344151 6 4098 350.28354 1226.4509 0.26666668 5.0 5.0 5.0 5.0 0.0 0.216 2 TOUCH_MOVE Space
1401354344167 6 4098 351.31937 1226.1316 0.26666668 5.0 5.0 5.0 5.0 0.0 0.22000001 2 TOUCH_MOVE Space
1401354344184 6 4098 352.3349 1225.116 0.3 6.0 6.0 6.0 6.0 0.0 0.224 2 TOUCH_MOVE Space
1401354344200 6 4098 353.32333 1224.1276 0.26666668 5.0 5.0 5.0 5.0 0.0 0.224 2 TOUCH_MOVE Space
1401354344223 6 4098 354.3651 1223.0858 0.3 6.0 6.0 6.0 6.0 0.0 0.22800002 2 TOUCH_MOVE Space
1401354344236 6 4098 354.93976 1222.9509 0.3 6.0 6.0 6.0 6.0 0.0 0.22800002 2 TOUCH_MOVE Space
1401354344250 6 4098 355.89008 1222.4509 0.3 6.0 6.0 6.0 6.0 0.0 0.22800002 2 TOUCH_MOVE Space
1401354344269 6 4098 356.25 1222.4509 0.3 6.0 6.0 6.0 6.0 0.0 0.22800002 2 TOUCH_MOVE Space
1401354344300 6 4098 355.5 1222.8861 0.26666668 5.0 5.0 5.0 5.0 0.0 0.22000001 2 TOUCH_MOVE Space
1401354344317 6 4098 354.07397 1224.377 0.26666668 5.0 5.0 5.0 5.0 0.0 0.21200001 2 TOUCH_MOVE Space
1401354344329 6 4098 353.0 1226.4509 0.23333335 4.0 4.0 4.0 4.0 0.0 0.18400002 2 TOUCH_MOVE Space
1401354344333 6 4098 353.0 1226.4509 0.23333335 4.0 4.0 4.0 4.0 0.0 0.18400002 1 TOUCH_UP Space
1401354344724 6 4098 427.5 1084.4509 0.23333335 5.0 5.0 5.0 5.0 0.0 0.21200001 0 TOUCH_DOWN b
1401354344734 6 4098 427.5 1084.4509 0.26666668 6.0 6.0 6.0 6.0 0.0 0.216 2 TOUCH_MOVE b
1401354344754 6 4098 428.36295 1084.4509 0.26666668 6.0 6.0 6.0 6.0 0.0 0.224 2 TOUCH_MOVE b
1401354344767 6 4098 430.1552 1084.0659 0.26666668 5.0 5.0 5.0 5.0 0.0 0.22800002 2 TOUCH_MOVE b
1401354344784 6 4098 431.90332 1083.9509 0.3 6.0 6.0 6.0 6.0 0.0 0.23200001 2 TOUCH_MOVE b
1401354344805 6 4098 433.38193 1083.9509 0.3 6.0 6.0 6.0 6.0 0.0 0.23200001 2 TOUCH_MOVE b
1401354344818 6 4098 434.86264 1083.9509 0.26666668 5.0 5.0 5.0 5.0 0.0 0.23600002 2 TOUCH_MOVE b
1401354344834 6 4098 435.5 1083.9509 0.3 6.0 6.0 6.0 6.0 0.0 0.23600002 2 TOUCH_MOVE b
1401354344854 6 4098 435.65417 1083.9509 0.3 6.0 6.0 6.0 6.0 0.0 0.23600002 2 TOUCH_MOVE b
1401354344884 6 4098 433.08243 1085.4097 0.26666668 5.0 5.0 5.0 5.0 0.0 0.22800002 2 TOUCH_MOVE b
1401354344901 6 4098 431.5 1085.9509 0.13333334 2.0 2.0 2.0 2.0 0.0 0.14 2 TOUCH_MOVE b
1401354344906 6 4098 431.5 1085.9509 0.13333334 2.0 2.0 2.0 2.0 0.0 0.14 1 TOUCH_UP b
1401354345184 6 4098 268.5 881.451 0.33333334 5.0 5.0 5.0 5.0 0.0 0.224 0 TOUCH_DOWN r
1401354345203 6 4098 268.5 881.451 0.33333334 5.0 5.0 5.0 5.0 0.0 0.22800002 2 TOUCH_MOVE r
1401354345235 6 4098 268.5 880.12964 0.33333334 6.0 6.0 6.0 6.0 0.0 0.24000001 2 TOUCH_MOVE r
1401354345251 6 4098 268.5 879.701 0.3 5.0 5.0 5.0 5.0 0.0 0.24000001 2 TOUCH_MOVE r
1401354345268 6 4098 267.88217 879.951 0.3 5.0 5.0 5.0 5.0 0.0 0.24000001 2 TOUCH_MOVE r
1401354345285 6 4098 267.13605 879.951 0.33333334 6.0 6.0 6.0 6.0 0.0 0.24400002 2 TOUCH_MOVE r
1401354345303 6 4098 266.1514 879.951 0.33333334 6.0 6.0 6.0 6.0 0.0 0.24000001 2 TOUCH_MOVE r
1401354345318 6 4098 264.59634 879.451 0.3 5.0 5.0 5.0 5.0 0.0 0.24000001 2 TOUCH_MOVE r
1401354345346 6 4098 260.9088 879.3692 0.3 5.0 5.0 5.0 5.0 0.0 0.22800002 2 TOUCH_MOVE r
1401354345348 6 4098 260.5 879.451 0.26666668 5.0 5.0 5.0 5.0 0.0 0.172 2 TOUCH_MOVE r
1401354345353 6 4098 260.5 879.451 0.26666668 5.0 5.0 5.0 5.0 0.0 0.172 1 TOUCH_UP r
1401354345489 6 4098 553.0 857.451 0.23333335 5.0 5.0 5.0 5.0 0.0 0.21200001 0 TOUCH_DOWN i
1401354345501 6 4098 553.0 857.451 0.26666668 5.0 5.0 5.0 5.0 0.0 0.22000001 2 TOUCH_MOVE i
1401354345519 6 4098 552.4677 856.9187 0.26666668 5.0 5.0 5.0 5.0 0.0 0.22800002 2 TOUCH_MOVE i
1401354345537 6 4098 551.8928 856.951 0.3 6.0 6.0 6.0 6.0 0.0 0.23200001 2 TOUCH_MOVE i
1401354345552 6 4098 551.25 856.951 0.26666668 5.0 5.0 5.0 5.0 0.0 0.23200001 2 TOUCH_MOVE i
1401354345652 6 4098 551.5 857.451 0.23333335 5.0 5.0 5.0 5.0 0.0 0.18400002 2 TOUCH_MOVE i
1401354345659 6 4098 551.5 857.451 0.13333334 2.0 2.0 2.0 2.0 0.0 0.104 2 TOUCH_MOVE i
1401354345662 6 4098 551.5 857.451 0.13333334 2.0 2.0 2.0 2.0 0.0 0.104 1 TOUCH_UP i
1401354345834 6 4098 367.0 995.451 0.33333334 5.0 5.0 5.0 5.0 0.0 0.22800002 0 TOUCH_DOWN g
1401354345852 6 4098 367.0 995.451 0.3 5.0 5.0 5.0 5.0 0.0 0.23200001 2 TOUCH_MOVE g
1401354345885 6 4098 366.5 995.01843 0.33333334 5.0 5.0 5.0 5.0 0.0 0.23600002 2 TOUCH_MOVE g
1401354345910 6 4098 366.02673 994.951 0.3 5.0 5.0 5.0 5.0 0.0 0.24000001 2 TOUCH_MOVE g
1401354345920 6 4098 365.75684 994.951 0.33333334 5.0 5.0 5.0 5.0 0.0 0.24000001 2 TOUCH_MOVE g
1401354345935 6 4098 365.3382 994.951 0.3 5.0 5.0 5.0 5.0 0.0 0.24000001 2 TOUCH_MOVE g
1401354345969 6 4098 364.25 994.951 0.26666668 4.0 4.0 4.0 4.0 0.0 0.23600002 2 TOUCH_MOVE g
1401354345985 6 4098 362.99588 994.951 0.3 5.0 5.0 5.0 5.0 0.0 0.22000001 2 TOUCH_MOVE g
1401354345995 6 4098 363.0 994.951 0.23333335 5.0 5.0 5.0 5.0 0.0 0.192 2 TOUCH_MOVE g
1401354346000 6 4098 363.0 994.951 0.23333335 5.0 5.0 5.0 5.0 0.0 0.192 1 TOUCH_UP g
1401354346229 6 4098 437.0 973.451 0.20000002 4.0 4.0 4.0 4.0 0.0 0.20400001 0 TOUCH_DOWN h
1401354346238 6 4098 437.0 973.451 0.20000002 4.0 4.0 4.0 4.0 0.0 0.21200001 2 TOUCH_MOVE h
1401354346303 6 4098 437.657 974.10803 0.3 6.0 6.0 6.0 6.0 0.0 0.23200001 2 TOUCH_MOVE h
1401354346320 6 4098 438.841 975.292 0.26666668 5.0 5.0 5.0 5.0 0.0 0.23200001 2 TOUCH_MOVE h
1401354346336 6 4098 439.86652 976.3175 0.26666668 5.0 5.0 5.0 5.0 0.0 0.23200001 2 TOUCH_MOVE h
1401354346352 6 4098 440.75 977.201 0.3 6.0 6.0 6.0 6.0 0.0 0.23200001 2 TOUCH_MOVE h
1401354346370 6 4098 441.0 977.85284 0.3 6.0 6.0 6.0 6.0 0.0 0.23200001 2 TOUCH_MOVE h
1401354346386 6 4098 441.0 978.701 0.26666668 5.0 5.0 5.0 5.0 0.0 0.22000001 2 TOUCH_MOVE h
1401354346394 6 4098 441.0 978.701 0.26666668 5.0 5.0 5.0 5.0 0.0 0.22000001 1 TOUCH_UP h
1401354346736 6 4098 329.0 869.451 0.3 5.0 5.0 5.0 5.0 0.0 0.216 0 TOUCH_DOWN t
1401354346754 6 4098 329.0 869.451 0.3 5.0 5.0 5.0 5.0 0.0 0.224 2 TOUCH_MOVE t
1401354346787 6 4098 330.29214 869.951 0.3 5.0 5.0 5.0 5.0 0.0 0.23200001 2 TOUCH_MOVE t
1401354346806 6 4098 331.30405 870.755 0.26666668 4.0 4.0 4.0 4.0 0.0 0.23600002 2 TOUCH_MOVE t
1401354346819 6 4098 332.31973 870.951 0.3 5.0 5.0 5.0 5.0 0.0 0.23600002 2 TOUCH_MOVE t
1401354346836 6 4098 333.25 870.951 0.3 5.0 5.0 5.0 5.0 0.0 0.24000001 2 TOUCH_MOVE t
1401354346903 6 4098 332.1954 870.951 0.3 5.0 5.0 5.0 5.0 0.0 0.23600002 2 TOUCH_MOVE t
1401354346920 6 4098 328.00558 871.3667 0.3 5.0 5.0 5.0 5.0 0.0 0.224 2 TOUCH_MOVE t
1401354346932 6 4098 327.5 871.451 0.20000002 3.0 3.0 3.0 3.0 0.0 0.104 2 TOUCH_MOVE t
1401354346935 6 4098 327.5 871.451 0.20000002 3.0 3.0 3.0 3.0 0.0 0.104 1 TOUCH_UP t
1401354347345 6 4098 169.0 854.451 0.23333335 5.0 5.0 5.0 5.0 0.0 0.208 0 TOUCH_DOWN e
1401354347363 6 4098 169.16437 854.2866 0.23333335 5.0 5.0 5.0 5.0 0.0 0.216 2 TOUCH_MOVE e
1401354347381 6 4098 169.79573 853.6553 0.3 6.0 6.0 6.0 6.0 0.0 0.224 2 TOUCH_MOVE e
1401354347389 6 4098 171.71445 852.59375 0.26666668 5.0 5.0 5.0 5.0 0.0 0.22800002 2 TOUCH_MOVE e
1401354347403 6 4098 172.87346 851.5775 0.26666668 5.0 5.0 5.0 5.0 0.0 0.22800002 2 TOUCH_MOVE e
1401354347420 6 4098 173.0 850.701 0.3 6.0 6.0 6.0 6.0 0.0 0.22800002 2 TOUCH_MOVE e
1401354347437 6 4098 173.71513 850.23584 0.26666668 5.0 5.0 5.0 5.0 0.0 0.23200001 2 TOUCH_MOVE e
1401354347520 6 4098 173.5 850.451 0.23333335 5.0 5.0 5.0 5.0 0.0 0.208 2 TOUCH_MOVE e
1401354347525 6 4098 173.5 850.451 0.23333335 5.0 5.0 5.0 5.0 0.0 0.208 1 TOUCH_UP e
1401354347675 6 4098 247.5 852.451 0.26666668 5.0 5.0 5.0 5.0 0.0 0.224 0 TOUCH_DOWN r
1401354347687 6 4098 247.5 852.451 0.3 6.0 6.0 6.0 6.0 0.0 0.22800002 2 TOUCH_MOVE r
1401354347720 6 4098 247.5 851.2758 0.26666668 5.0 5.0 5.0 5.0 0.0 0.23600002 2 TOUCH_MOVE r
1401354347737 6 4098 247.5 850.60693 0.3 6.0 6.0 6.0 6.0 0.0 0.23600002 2 TOUCH_MOVE r
1401354347755 6 4098 247.5 850.2074 0.26666668 5.0 5.0 5.0 5.0 0.0 0.23600002 2 TOUCH_MOVE r
1401354347787 6 4098 246.6524 850.451 0.26666668 5.0 5.0 5.0 5.0 0.0 0.23200001 2 TOUCH_MOVE r
1401354347802 6 4098 246.5 850.451 0.20000002 4.0 4.0 4.0 4.0 0.0 0.192 2 TOUCH_MOVE r
1401354347805 6 4098 246.5 850.451 0.20000002 4.0 4.0 4.0 4.0 0.0 0.192 1 TOUCH_UP r
1401354347936 6 4098 337.0 1228.9509 0.26666668 5.0 5.0 5.0 5.0 0.0 0.2 0 TOUCH_DOWN Space
1401354347971 6 4098 338.2155 1228.5458 0.26666668 5.0 5.0 5.0 5.0 0.0 0.22000001 2 TOUCH_MOVE Space
1401354347987 6 4098 340.35138 1227.5253 0.26666668 5.0 5.0 5.0 5.0 0.0 0.224 2 TOUCH_MOVE Space
1401354348004 6 4098 342.83725 1226.5323 0.26666668 5.0 5.0 5.0 5.0 0.0 0.224 2 TOUCH_MOVE Space
1401354348021 6 4098 343.9594 1225.4915 0.3 6.0 6.0 6.0 6.0 0.0 0.22800002 2 TOUCH_MOVE Space
1401354348037 6 4098 344.9708 1224.4801 0.26666668 5.0 5.0 5.0 5.0 0.0 0.22800002 2 TOUCH_MOVE Space
1401354348056 6 4098 345.75 1224.4509 0.3 6.0 6.0 6.0 6.0 0.0 0.22800002 2 TOUCH_MOVE Space
1401354348087 6 4098 345.5 1224.9521 0.26666668 5.0 5.0 5.0 5.0 0.0 0.22000001 2 TOUCH_MOVE Space
1401354348104 6 4098 342.96182 1226.4764 0.26666668 5.0 5.0 5.0 5.0 0.0 0.21200001 2 TOUCH_MOVE Space
1401354348121 6 4098 340.3915 1230.7222 0.26666668 5.0 5.0 5.0 5.0 0.0 0.192 2 TOUCH_MOVE Space
1401354348130 6 4098 340.5 1230.4509 0.13333334 3.0 3.0 3.0 3.0 0.0 0.108 2 TOUCH_MOVE Space
1401354348134 6 4098 340.5 1230.4509 0.13333334 3.0 3.0 3.0 3.0 0.0 0.108 1 TOUCH_UP Space
1401354348320 6 4098 229.0 993.451 0.26666668 4.0 4.0 4.0 4.0 0.0 0.22000001 0 TOUCH_DOWN d
1401354348340 6 4098 229.0 993.451 0.26666668 4.0 4.0 4.0 4.0 0.0 0.22800002 2 TOUCH_MOVE d
1401354348371 6 4098 227.70862 992.1596 0.3 5.0 5.0 5.0 5.0 0.0 0.23200001 2 TOUCH_MOVE d
1401354348388 6 4098 226.69113 991.14215 0.3 5.0 5.0 5.0 5.0 0.0 0.23200001 2 TOUCH_MOVE d
1401354348405 6 4098 226.5 990.38715 0.26666668 4.0 4.0 4.0 4.0 0.0 0.23600002 2 TOUCH_MOVE d
1401354348438 6 4098 226.19167 989.951 0.3 5.0 5.0 5.0 5.0 0.0 0.23600002 2 TOUCH_MOVE d
1401354348468 6 4098 225.14119 989.451 0.3 5.0 5.0 5.0 5.0 0.0 0.23600002 2 TOUCH_MOVE d
1401354348472 6 4098 224.11406 989.451 0.26666668 4.0 4.0 4.0 4.0 0.0 0.23600002 2 TOUCH_MOVE d
1401354348488 6 4098 223.0 989.451 0.3 5.0 5.0 5.0 5.0 0.0 0.224 2 TOUCH_MOVE d
1401354348492 6 4098 223.0 989.451 0.3 5.0 5.0 5.0 5.0 0.0 0.19600001 2 TOUCH_MOVE d
1401354348496 6 4098 223.0 989.451 0.3 5.0 5.0 5.0 5.0 0.0 0.19600001 1 TOUCH_UP d
1401354348782 6 4098 44.0 968.951 0.16666667 3.0 3.0 3.0 3.0 0.0 0.18800001 0 TOUCH_DOWN a
1401354348788 6 4098 44.0 968.951 0.16666667 3.0 3.0 3.0 3.0 0.0 0.19600001 2 TOUCH_MOVE a
1401354348821 6 4098 44.219425 968.23157 0.20000002 3.0 3.0 3.0 3.0 0.0 0.20400001 2 TOUCH_MOVE a
1401354348839 6 4098 45.39006 967.256 0.20000002 3.0 3.0 3.0 3.0 0.0 0.20400001 2 TOUCH_MOVE a
1401354348855 6 4098 47.9969 965.7025 0.20000002 3.0 3.0 3.0 3.0 0.0 0.20400001 2 TOUCH_MOVE a
1401354348871 6 4098 49.76405 965.451 0.20000002 3.0 3.0 3.0 3.0 0.0 0.20400001 2 TOUCH_MOVE a
1401354348888 6 4098 50.749306 965.451 0.20000002 3.0 3.0 3.0 3.0 0.0 0.20400001 2 TOUCH_MOVE a
1401354348905 6 4098 51.75 965.451 0.20000002 3.0 3.0 3.0 3.0 0.0 0.20400001 2 TOUCH_MOVE a
1401354348935 6 4098 50.5 965.951 0.16666667 3.0 3.0 3.0 3.0 0.0 0.132 2 TOUCH_MOVE a
1401354348943 6 4098 50.5 965.951 0.16666667 3.0 3.0 3.0 3.0 0.0 0.132 1 TOUCH_UP a
1401354349087 6 4098 373.0 860.451 0.26666668 6.0 6.0 6.0 6.0 0.0 0.216 0 TOUCH_DOWN y
1401354349109 6 4098 372.50818 860.451 0.26666668 6.0 6.0 6.0 6.0 0.0 0.22000001 2 TOUCH_MOVE y
1401354349123 6 4098 372.2573 860.451 0.26666668 5.0 5.0 5.0 5.0 0.0 0.224 2 TOUCH_MOVE y
1401354349138 6 4098 373.00427 860.451 0.3 6.0 6.0 6.0 6.0 0.0 0.23600002 2 TOUCH_MOVE y
1401354349155 6 4098 374.5346 860.451 0.3 6.0 6.0 6.0 6.0 0.0 0.23600002 2 TOUCH_MOVE y
1401354349172 6 4098 375.55072 861.5017 0.26666668 5.0 5.0 5.0 5.0 0.0 0.23600002 2 TOUCH_MOVE y
1401354349188 6 4098 376.56747 862.51843 0.26666668 5.0 5.0 5.0 5.0 0.0 0.224 2 TOUCH_MOVE y
1401354349207 6 4098 378.0 863.451 0.26666668 5.0 5.0 5.0 5.0 0.0 0.18400002 2 TOUCH_MOVE y
1401354349211 6 4098 378.0 863.451 0.26666668 5.0 5.0 5.0 5.0 0.0 0.18400002 1 TOUCH_UP y
1401354349742 6 4098 672.5 1217.4509 0.26666668 5.0 5.0 5.0 5.0 0.0 0.19600001 0 TOUCH_DOWN Enter
1401354349757 6 4098 672.5 1217.4509 0.26666668 5.0 5.0 5.0 5.0 0.0 0.2 2 TOUCH_MOVE Enter
1401354349822 6 4098 671.9829 1217.4509 0.26666668 5.0 5.0 5.0 5.0 0.0 0.21200001 2 TOUCH_MOVE Enter
1401354349839 6 4098 671.40326 1217.4509 0.26666668 5.0 5.0 5.0 5.0 0.0 0.21200001 2 TOUCH_MOVE Enter
1401354349857 6 4098 670.3237 1217.4509 0.26666668 5.0 5.0 5.0 5.0 0.0 0.21200001 2 TOUCH_MOVE Enter
1401354349872 6 4098 669.64825 1217.4509 0.26666668 5.0 5.0 5.0 5.0 0.0 0.21200001 2 TOUCH_MOVE Enter
1401354349889 6 4098 669.1321 1217.4509 0.26666668 5.0 5.0 5.0 5.0 0.0 0.21200001 2 TOUCH_MOVE Enter
1401354349908 6 4098 668.7559 1217.4509 0.26666668 5.0 5.0 5.0 5.0 0.0 0.216 2 TOUCH_MOVE Enter
1401354349951 6 4098 668.7559 1217.4509 0.26666668 5.0 5.0 5.0 5.0 0.0 0.216 1 TOUCH_UP Enter
1401354350510 6 4098 141.0 987.451 0.26666668 4.0 4.0 4.0 4.0 0.0 0.216 0 TOUCH_DOWN S
1401354350523 6 4098 141.0 987.451 0.3 5.0 5.0 5.0 5.0 0.0 0.22000001 2 TOUCH_MOVE S
1401354350554 6 4098 141.0 986.5999 0.26666668 5.0 5.0 5.0 5.0 0.0 0.224 2 TOUCH_MOVE S
1401354350558 6 4098 141.36427 985.2225 0.26666668 5.0 5.0 5.0 5.0 0.0 0.224 2 TOUCH_MOVE S
1401354350574 6 4098 142.33417 983.78265 0.26666668 5.0 5.0 5.0 5.0 0.0 0.22800002 2 TOUCH_MOVE S
1401354350590 6 4098 143.0 982.0514 0.3 6.0 6.0 6.0 6.0 0.0 0.22800002 2 TOUCH_MOVE S
1401354350606 6 4098 143.0 981.0352 0.3 6.0 6.0 6.0 6.0 0.0 0.22800002 2 TOUCH_MOVE S
1401354350623 6 4098 143.0 980.701 0.3 6.0 6.0 6.0 6.0 0.0 0.22800002 2 TOUCH_MOVE S
1401354350640 6 4098 142.05336 981.39764 0.3 6.0 6.0 6.0 6.0 0.0 0.224 2 TOUCH_MOVE S
1401354350656 6 4098 141.0 982.451 0.3 5.0 5.0 5.0 5.0 0.0 0.216 2 TOUCH_MOVE S
1401354350661 6 4098 141.0 982.451 0.3 5.0 5.0 5.0 5.0 0.0 0.192 2 TOUCH_MOVE S
1401354350663 6 4098 141.0 982.451 0.3 5.0 5.0 5.0 5.0 0.0 0.192 1 TOUCH_UP S
1401354350739 6 4098 597.5 865.951 0.23333335 4.0 4.0 4.0 4.0 0.0 0.208 0 TOUCH_DOWN o
1401354350756 6 4098 597.5 865.951 0.23333335 4.0 4.0 4.0 4.0 0.0 0.216 2 TOUCH_MOVE o
1401354350774 6 4098 598.25 866.701 0.23333335 4.0 4.0 4.0 4.0 0.0 0.22000001 2 TOUCH_MOVE o
1401354350790 6 4098 599.0896 866.951 0.26666668 5.0 5.0 5.0 5.0 0.0 0.224 2 TOUCH_MOVE o
1401354350809 6 4098 599.5 867.5524 0.3 5.0 5.0 5.0 5.0 0.0 0.224 2 TOUCH_MOVE o
1401354350826 6 4098 599.5 868.26154 0.3 5.0 5.0 5.0 5.0 0.0 0.224 2 TOUCH_MOVE o
1401354350840 6 4098 599.5 869.0369 0.3 5.0 5.0 5.0 5.0 0.0 0.224 2 TOUCH_MOVE o
1401354350857 6 4098 599.5 870.0906 0.3 5.0 5.0 5.0 5.0 0.0 0.22000001 2 TOUCH_MOVE o
1401354350875 6 4098 598.0 872.951 0.3 5.0 5.0 5.0 5.0 0.0 0.2 2 TOUCH_MOVE o
1401354350881 6 4098 598.0 872.951 0.16666667 3.0 3.0 3.0 3.0 0.0 0.112 2 TOUCH_MOVE o
1401354350884 6 4098 598.0 872.951 0.16666667 3.0 3.0 3.0 3.0 0.0 0.112 1 TOUCH_UP o
1401354351115 6 4098 331.5 1222.9509 0.26666668 5.0 5.0 5.0 5.0 0.0 0.208 0 TOUCH_DOWN Space
1401354351124 6 4098 331.5 1222.9509 0.26666668 5.0 5.0 5.0 5.0 0.0 0.21200001 2 TOUCH_MOVE Space
1401354351157 6 4098 332.43896 1221.073 0.26666668 5.0 5.0 5.0 5.0 0.0 0.22800002 2 TOUCH_MOVE Space
1401354351175 6 4098 333.87473 1219.5135 0.26666668 5.0 5.0 5.0 5.0 0.0 0.22800002 2 TOUCH_MOVE Space
1401354351190 6 4098 335.94485 1218.4785 0.26666668 5.0 5.0 5.0 5.0 0.0 0.22800002 2 TOUCH_MOVE Space
1401354351207 6 4098 337.83243 1217.9509 0.26666668 5.0 5.0 5.0 5.0 0.0 0.22800002 2 TOUCH_MOVE Space
1401354351224 6 4098 339.4755 1217.9509 0.26666668 5.0 5.0 5.0 5.0 0.0 0.22800002 2 TOUCH_MOVE Space
1401354351240 6 4098 340.51315 1217.9509 0.3 6.0 6.0 6.0 6.0 0.0 0.22800002 2 TOUCH_MOVE Space
1401354351257 6 4098 341.54147 1217.9509 0.26666668 5.0 5.0 5.0 5.0 0.0 0.22000001 2 TOUCH_MOVE Space
1401354351273 6 4098 343.0 1217.9509 0.16666667 3.0 3.0 3.0 3.0 0.0 0.148 2 TOUCH_MOVE Space
1401354351279 6 4098 343.0 1217.9509 0.16666667 3.0 3.0 3.0 3.0 0.0 0.148 1 TOUCH_UP Space
1401354351569 6 4098 670.5 984.951 0.26666668 5.0 5.0 5.0 5.0 0.0 0.19600001 0 TOUCH_DOWN l
1401354351591 6 4098 670.5 984.951 0.26666668 5.0 5.0 5.0 5.0 0.0 0.20400001 2 TOUCH_MOVE l
1401354351607 6 4098 668.8922 984.951 0.26666668 5.0 5.0 5.0 5.0 0.0 0.216 2 TOUCH_MOVE l
1401354351624 6 4098 667.1131 984.951 0.26666668 5.0 5.0 5.0 5.0 0.0 0.216 2 TOUCH_MOVE l
1401354351641 6 4098 666.1513 985.451 0.3 5.0 5.0 5.0 5.0 0.0 0.22000001 2 TOUCH_MOVE l
1401354351659 6 4098 665.75 985.451 0.3 5.0 5.0 5.0 5.0 0.0 0.22000001 2 TOUCH_MOVE l
1401354351674 6 4098 665.3644 985.451 0.3 5.0 5.0 5.0 5.0 0.0 0.224 2 TOUCH_MOVE l
1401354351691 6 4098 664.5581 985.451 0.3 5.0 5.0 5.0 5.0 0.0 0.22000001 2 TOUCH_MOVE l
1401354351725 6 4098 663.5262 986.4248 0.3 5.0 5.0 5.0 5.0 0.0 0.216 2 TOUCH_MOVE l
1401354351741 6 4098 663.0026 986.94836 0.26666668 4.0 4.0 4.0 4.0 0.0 0.21200001 2 TOUCH_MOVE l
1401354351751 6 4098 663.0 986.951 0.16666667 3.0 3.0 3.0 3.0 0.0 0.104 2 TOUCH_MOVE l
1401354351755 6 4098 663.0 986.951 0.16666667 3.0 3.0 3.0 3.0 0.0 0.104 1 TOUCH_UP l
1401354351945 6 4098 179.0 873.451 0.26666668 4.0 4.0 4.0 4.0 0.0 0.216 0 TOUCH_DOWN e
1401354351958 6 4098 179.0 873.451 0.3 5.0 5.0 5.0 5.0 0.0 0.22000001 2 TOUCH_MOVE e
1401354351995 6 4098 179.24661 872.20435 0.3 6.0 6.0 6.0 6.0 0.0 0.22800002 2 TOUCH_MOVE e
1401354352013 6 4098 180.9438 871.0072 0.3 6.0 6.0 6.0 6.0 0.0 0.22800002 2 TOUCH_MOVE e
1401354352024 6 4098 183.02853 869.6867 0.3 6.0 6.0 6.0 6.0 0.0 0.22800002 2 TOUCH_MOVE e
1401354352044 6 4098 184.27011 868.68085 0.26666668 5.0 5.0 5.0 5.0 0.0 0.224 2 TOUCH_MOVE e
1401354352058 6 4098 184.5 867.701 0.26666668 5.0 5.0 5.0 5.0 0.0 0.22800002 2 TOUCH_MOVE e
1401354352074 6 4098 183.43753 867.951 0.26666668 5.0 5.0 5.0 5.0 0.0 0.22800002 2 TOUCH_MOVE e
1401354352091 6 4098 180.71413 867.951 0.3 6.0 6.0 6.0 6.0 0.0 0.22800002 2 TOUCH_MOVE e
1401354352108 6 4098 177.0 868.451 0.26666668 5.0 5.0 5.0 5.0 0.0 0.208 2 TOUCH_MOVE e
1401354352113 6 4098 177.0 868.451 0.26666668 5.0 5.0 5.0 5.0 0.0 0.18 2 TOUCH_MOVE e
1401354352116 6 4098 177.0 868.451 0.26666668 5.0 5.0 5.0 5.0 0.0 0.18 1 TOUCH_UP e
1401354352413 6 4098 307.0 850.451 0.26666668 5.0 5.0 5.0 5.0 0.0 0.224 0 TOUCH_DOWN t
1401354352458 6 4098 305.8121 850.451 0.26666668 5.0 5.0 5.0 5.0 0.0 0.23200001 2 TOUCH_MOVE t
1401354352475 6 4098 305.5 850.7981 0.3 6.0 6.0 6.0 6.0 0.0 0.23200001 2 TOUCH_MOVE t
1401354352492 6 4098 306.9603 851.68115 0.26666668 5.0 5.0 5.0 5.0 0.0 0.22800002 2 TOUCH_MOVE t
1401354352508 6 4098 309.66583 853.8949 0.26666668 5.0 5.0 5.0 5.0 0.0 0.216 2 TOUCH_MOVE t
1401354352525 6 4098 310.5 854.451 0.16666667 3.0 3.0 3.0 3.0 0.0 0.132 2 TOUCH_MOVE t
1401354352528 6 4098 310.5 854.451 0.16666667 3.0 3.0 3.0 3.0 0.0 0.132 1 TOUCH_UP t
1401354353030 6 4098 602.0 1207.9509 0.23333335 4.0 4.0 4.0 4.0 0.0 0.19600001 0 TOUCH_DOWN '
1401354353042 6 4098 602.0 1208.1841 0.23333335 4.0 4.0 4.0 4.0 0.0 0.2 2 TOUCH_MOVE '
1401354353060 6 4098 602.0 1208.7009 0.23333335 4.0 4.0 4.0 4.0 0.0 0.20400001 2 TOUCH_MOVE '
1401354353125 6 4098 603.25 1208.4509 0.26666668 5.0 5.0 5.0 5.0 0.0 0.21200001 2 TOUCH_MOVE '
1401354353142 6 4098 603.6672 1208.4509 0.26666668 5.0 5.0 5.0 5.0 0.0 0.21200001 2 TOUCH_MOVE '
1401354353195 6 4098 602.0 1209.4509 0.23333335 4.0 4.0 4.0 4.0 0.0 0.2 2 TOUCH_MOVE '
1401354353200 6 4098 602.0 1209.4509 0.16666667 3.0 3.0 3.0 3.0 0.0 0.120000005 2 TOUCH_MOVE '
1401354353204 6 4098 602.0 1209.4509 0.16666667 3.0 3.0 3.0 3.0 0.0 0.120000005 1 TOUCH_UP '
1401354353424 6 4098 132.0 996.951 0.3 5.0 5.0 5.0 5.0 0.0 0.21200001 0 TOUCH_DOWN s
1401354353454 6 4098 132.11975 996.2115 0.33333334 6.0 6.0 6.0 6.0 0.0 0.224 2 TOUCH_MOVE s
1401354353460 6 4098 133.13054 994.32043 0.3 5.0 5.0 5.0 5.0 0.0 0.224 2 TOUCH_MOVE s
1401354353476 6 4098 134.15274 992.6455 0.3 5.0 5.0 5.0 5.0 0.0 0.224 2 TOUCH_MOVE s
1401354353495 6 4098 133.28032 991.0116 0.33333334 6.0 6.0 6.0 6.0 0.0 0.22800002 2 TOUCH_MOVE s
1401354353509 6 4098 133.0 989.7087 0.33333334 6.0 6.0 6.0 6.0 0.0 0.22800002 2 TOUCH_MOVE s
1401354353526 6 4098 133.0 989.201 0.33333334 6.0 6.0 6.0 6.0 0.0 0.224 2 TOUCH_MOVE s
1401354353560 6 4098 131.76833 989.6827 0.33333334 6.0 6.0 6.0 6.0 0.0 0.224 2 TOUCH_MOVE s
1401354353574 6 4098 131.5 989.951 0.26666668 4.0 4.0 4.0 4.0 0.0 0.18800001 2 TOUCH_MOVE s
1401354353578 6 4098 131.5 989.951 0.26666668 4.0 4.0 4.0 4.0 0.0 0.18800001 1 TOUCH_UP s
1401354353803 6 4098 374.5 1212.9509 0.26666668 5.0 5.0 5.0 5.0 0.0 0.19600001 0 TOUCH_DOWN Space
1401354353833 6 4098 374.82196 1212.9509 0.26666668 5.0 5.0 5.0 5.0 0.0 0.20400001 2 TOUCH_MOVE Space
1401354353843 6 4098 375.50638 1212.9509 0.26666668 5.0 5.0 5.0 5.0 0.0 0.21200001 2 TOUCH_MOVE Space
1401354353859 6 4098 376.52078 1212.9509 0.26666668 5.0 5.0 5.0 5.0 0.0 0.216 2 TOUCH_MOVE Space
1401354353876 6 4098 378.075 1211.9135 0.26666668 5.0 5.0 5.0 5.0 0.0 0.22000001 2 TOUCH_MOVE Space
1401354353895 6 4098 379.0572 1211.9509 0.26666668 5.0 5.0 5.0 5.0 0.0 0.224 2 TOUCH_MOVE Space
1401354353909 6 4098 380.0953 1211.4509 0.26666668 5.0 5.0 5.0 5.0 0.0 0.224 2 TOUCH_MOVE Space
1401354353926 6 4098 381.05103 1211.4509 0.26666668 5.0 5.0 5.0 5.0 0.0 0.224 2 TOUCH_MOVE Space
1401354353943 6 4098 381.75 1211.4509 0.26666668 5.0 5.0 5.0 5.0 0.0 0.224 2 TOUCH_MOVE Space
1401354353998 6 4098 380.91904 1211.4509 0.23333335 4.0 4.0 4.0 4.0 0.0 0.208 2 TOUCH_MOVE Space
1401354354006 6 4098 380.91904 1211.4509 0.23333335 4.0 4.0 4.0 4.0 0.0 0.208 1 TOUCH_UP Space
1401354354513 6 4098 137.0 984.451 0.3 5.0 5.0 5.0 5.0 0.0 0.208 0 TOUCH_DOWN s
1401354354528 6 4098 137.0 984.451 0.26666668 4.0 4.0 4.0 4.0 0.0 0.21200001 2 TOUCH_MOVE s
1401354354562 6 4098 137.18196 983.76904 0.26666668 5.0 5.0 5.0 5.0 0.0 0.224 2 TOUCH_MOVE s
1401354354577 6 4098 137.5 982.7443 0.26666668 5.0 5.0 5.0 5.0 0.0 0.224 2 TOUCH_MOVE s
1401354354601 6 4098 137.5 981.73004 0.3 6.0 6.0 6.0 6.0 0.0 0.224 2 TOUCH_MOVE s
1401354354610 6 4098 137.5 980.7211 0.26666668 5.0 5.0 5.0 5.0 0.0 0.22800002 2 TOUCH_MOVE s
1401354354627 6 4098 137.5 980.201 0.3 6.0 6.0 6.0 6.0 0.0 0.224 2 TOUCH_MOVE s
1401354354677 6 4098 137.0 980.951 0.26666668 4.0 4.0 4.0 4.0 0.0 0.21200001 2 TOUCH_MOVE s
1401354354683 6 4098 137.0 980.951 0.3 5.0 5.0 5.0 5.0 0.0 0.18400002 2 TOUCH_MOVE s
1401354354685 6 4098 137.0 980.951 0.3 5.0 5.0 5.0 5.0 0.0 0.18400002 1 TOUCH_UP s
1401354354922 6 4098 297.5 865.951 0.23333335 4.0 4.0 4.0 4.0 0.0 0.22800002 0 TOUCH_DOWN t
1401354354962 6 4098 297.5 865.951 0.33333334 6.0 6.0 6.0 6.0 0.0 0.24000001 2 TOUCH_MOVE t
1401354355047 6 4098 296.8633 865.951 0.3 5.0 5.0 5.0 5.0 0.0 0.24400002 2 TOUCH_MOVE t
1401354355062 6 4098 294.32684 866.6186 0.3 5.0 5.0 5.0 5.0 0.0 0.24000001 2 TOUCH_MOVE t
1401354355077 6 4098 292.0 866.951 0.26666668 5.0 5.0 5.0 5.0 0.0 0.208 2 TOUCH_MOVE t
1401354355085 6 4098 292.0 866.951 0.26666668 5.0 5.0 5.0 5.0 0.0 0.14 2 TOUCH_MOVE t
1401354355088 6 4098 292.0 866.951 0.26666668 5.0 5.0 5.0 5.0 0.0 0.14 1 TOUCH_UP t
1401354355296 6 4098 44.0 969.951 0.16666667 3.0 3.0 3.0 3.0 0.0 0.192 0 TOUCH_DOWN a
1401354355314 6 4098 44.0 969.951 0.16666667 3.0 3.0 3.0 3.0 0.0 0.19600001 2 TOUCH_MOVE a
1401354355346 6 4098 44.896564 968.5027 0.16666667 3.0 3.0 3.0 3.0 0.0 0.2 2 TOUCH_MOVE a
1401354355361 6 4098 45.46504 967.48596 0.16666667 3.0 3.0 3.0 3.0 0.0 0.2 2 TOUCH_MOVE a
1401354355378 6 4098 47.0 966.701 0.16666667 3.0 3.0 3.0 3.0 0.0 0.20400001 2 TOUCH_MOVE a
1401354355394 6 4098 47.243176 966.951 0.20000002 3.0 3.0 3.0 3.0 0.0 0.2 2 TOUCH_MOVE a
1401354355471 6 4098 47.0 966.951 0.16666667 3.0 3.0 3.0 3.0 0.0 0.172 2 TOUCH_MOVE a
1401354355474 6 4098 47.0 966.951 0.16666667 3.0 3.0 3.0 3.0 0.0 0.172 1 TOUCH_UP a
1401354355675 6 4098 242.0 860.451 0.26666668 5.0 5.0 5.0 5.0 0.0 0.22000001 0 TOUCH_DOWN r
1401354355680 6 4098 242.0 860.451 0.3 6.0 6.0 6.0 6.0 0.0 0.224 2 TOUCH_MOVE r
1401354355729 6 4098 242.0 859.201 0.26666668 5.0 5.0 5.0 5.0 0.0 0.23200001 2 TOUCH_MOVE r
1401354355761 6 4098 241.34969 858.80066 0.26666668 5.0 5.0 5.0 5.0 0.0 0.23200001 2 TOUCH_MOVE r
1401354355800 6 4098 240.73875 858.951 0.26666668 5.0 5.0 5.0 5.0 0.0 0.23200001 2 TOUCH_MOVE r
1401354355820 6 4098 239.5 859.451 0.23333335 5.0 5.0 5.0 5.0 0.0 0.16000001 2 TOUCH_MOVE r
1401354355824 6 4098 239.5 859.451 0.23333335 5.0 5.0 5.0 5.0 0.0 0.16000001 1 TOUCH_UP r
1401354356032 6 4098 402.0 1217.9509 0.23333335 4.0 4.0 4.0 4.0 0.0 0.20400001 0 TOUCH_DOWN ,
1401354356045 6 4098 402.0 1217.9509 0.26666668 5.0 5.0 5.0 5.0 0.0 0.21200001 2 TOUCH_MOVE ,
1401354356065 6 4098 403.90207 1217.3169 0.26666668 5.0 5.0 5.0 5.0 0.0 0.22000001 2 TOUCH_MOVE ,
1401354356079 6 4098 406.29913 1216.3014 0.3 6.0 6.0 6.0 6.0 0.0 0.22000001 2 TOUCH_MOVE ,
1401354356101 6 4098 407.83395 1215.2839 0.26666668 5.0 5.0 5.0 5.0 0.0 0.224 2 TOUCH_MOVE ,
1401354356113 6 4098 409.174 1214.4509 0.26666668 5.0 5.0 5.0 5.0 0.0 0.22000001 2 TOUCH_MOVE ,
1401354356132 6 4098 409.75 1214.4509 0.26666668 5.0 5.0 5.0 5.0 0.0 0.22000001 2 TOUCH_MOVE ,
1401354356178 6 4098 407.75748 1215.6985 0.23333335 4.0 4.0 4.0 4.0 0.0 0.20400001 2 TOUCH_MOVE ,
1401354356185 6 4098 407.0 1215.9509 0.26666668 5.0 5.0 5.0 5.0 0.0 0.18400002 2 TOUCH_MOVE ,
1401354356190 6 4098 407.0 1215.9509 0.26666668 5.0 5.0 5.0 5.0 0.0 0.18400002 1 TOUCH_UP ,
1401354356815 6 4098 687.0 1108.4509 0.26666668 5.0 5.0 5.0 5.0 0.0 0.2 0 TOUCH_DOWN Back
1401354356829 6 4098 687.0 1108.4509 0.33333334 5.0 5.0 5.0 5.0 0.0 0.21200001 2 TOUCH_MOVE Back
1401354356846 6 4098 685.9 1108.4509 0.3 5.0 5.0 5.0 5.0 0.0 0.21200001 2 TOUCH_MOVE Back
1401354356862 6 4098 683.34644 1108.4509 0.3 5.0 5.0 5.0 5.0 0.0 0.216 2 TOUCH_MOVE Back
1401354356879 6 4098 681.0772 1108.4509 0.3 5.0 5.0 5.0 5.0 0.0 0.216 2 TOUCH_MOVE Back
1401354356899 6 4098 680.1454 1108.4509 0.33333334 5.0 5.0 5.0 5.0 0.0 0.22000001 2 TOUCH_MOVE Back
1401354356912 6 4098 679.25 1108.4509 0.33333334 5.0 5.0 5.0 5.0 0.0 0.21200001 2 TOUCH_MOVE Back
1401354356953 6 4098 679.25 1108.4509 0.33333334 5.0 5.0 5.0 5.0 0.0 0.21200001 1 TOUCH_UP Back
1401354358016 6 4098 271.5 861.951 0.23333335 5.0 5.0 5.0 5.0 0.0 0.208 0 TOUCH_DOWN r
1401354358030 6 4098 271.5 861.951 0.23333335 4.0 4.0 4.0 4.0 0.0 0.216 2 TOUCH_MOVE r
1401354358060 6 4098 272.0451 861.951 0.26666668 5.0 5.0 5.0 5.0 0.0 0.224 2 TOUCH_MOVE r
1401354358065 6 4098 273.0686 861.8824 0.26666668 5.0 5.0 5.0 5.0 0.0 0.22800002 2 TOUCH_MOVE r
1401354358087 6 4098 274.0824 861.3686 0.26666668 5.0 5.0 5.0 5.0 0.0 0.22800002 2 TOUCH_MOVE r
1401354358097 6 4098 275.08575 860.36523 0.26666668 5.0 5.0 5.0 5.0 0.0 0.23200001 2 TOUCH_MOVE r
1401354358113 6 4098 275.0 858.71814 0.26666668 5.0 5.0 5.0 5.0 0.0 0.22800002 2 TOUCH_MOVE r
1401354358130 6 4098 275.0 856.69006 0.26666668 5.0 5.0 5.0 5.0 0.0 0.23600002 2 TOUCH_MOVE r
1401354358149 6 4098 273.82483 855.7758 0.26666668 5.0 5.0 5.0 5.0 0.0 0.23200001 2 TOUCH_MOVE r
1401354358165 6 4098 273.41132 855.451 0.3 6.0 6.0 6.0 6.0 0.0 0.24000001 2 TOUCH_MOVE r
1401354358180 6 4098 272.29877 855.451 0.3 6.0 6.0 6.0 6.0 0.0 0.23600002 2 TOUCH_MOVE r
1401354358198 6 4098 270.83493 856.116 0.3 6.0 6.0 6.0 6.0 0.0 0.23200001 2 TOUCH_MOVE r
1401354358214 6 4098 269.28995 857.1611 0.26666668 5.0 5.0 5.0 5.0 0.0 0.22000001 2 TOUCH_MOVE r
1401354358260 6 4098 269.0 857.451 0.23333335 5.0 5.0 5.0 5.0 0.0 0.16800001 2 TOUCH_MOVE r
1401354358266 6 4098 269.0 857.451 0.23333335 5.0 5.0 5.0 5.0 0.0 0.16800001 1 TOUCH_UP r
1401354358534 6 4098 685.0 1092.4509 0.23333335 4.0 4.0 4.0 4.0 0.0 0.2 0 TOUCH_DOWN Back
1401354358550 6 4098 685.0 1092.4509 0.26666668 5.0 5.0 5.0 5.0 0.0 0.2 2 TOUCH_MOVE Back
1401354358580 6 4098 684.46515 1093.4857 0.26666668 5.0 5.0 5.0 5.0 0.0 0.21200001 2 TOUCH_MOVE Back
1401354358597 6 4098 683.41754 1093.9509 0.26666668 5.0 5.0 5.0 5.0 0.0 0.216 2 TOUCH_MOVE Back
1401354358621 6 4098 682.4045 1093.9509 0.26666668 5.0 5.0 5.0 5.0 0.0 0.216 2 TOUCH_MOVE Back
1401354358631 6 4098 681.75 1093.9509 0.23333335 4.0 4.0 4.0 4.0 0.0 0.216 2 TOUCH_MOVE Back
1401354358651 6 4098 681.4578 1093.9509 0.26666668 5.0 5.0 5.0 5.0 0.0 0.216 2 TOUCH_MOVE Back
1401354358681 6 4098 681.5 1094.6129 0.23333335 4.0 4.0 4.0 4.0 0.0 0.208 2 TOUCH_MOVE Back
1401354358700 6 4098 681.5 1094.6129 0.23333335 4.0 4.0 4.0 4.0 0.0 0.208 1 TOUCH_UP Back
1401354358955 6 4098 329.0 864.951 0.26666668 5.0 5.0 5.0 5.0 0.0 0.22000001 0 TOUCH_DOWN t
1401354358965 6 4098 329.0 864.951 0.26666668 5.0 5.0 5.0 5.0 0.0 0.22800002 2 TOUCH_MOVE t
1401354359050 6 4098 327.5838 864.0348 0.3 6.0 6.0 6.0 6.0 0.0 0.24000001 2 TOUCH_MOVE t
1401354359064 6 4098 325.9686 862.9353 0.26666668 5.0 5.0 5.0 5.0 0.0 0.24000001 2 TOUCH_MOVE t
1401354359081 6 4098 323.35962 862.4042 0.3 6.0 6.0 6.0 6.0 0.0 0.22800002 2 TOUCH_MOVE t
1401354359099 6 4098 320.0 862.451 0.23333335 4.0 4.0 4.0 4.0 0.0 0.216 2 TOUCH_MOVE t
1401354359101 6 4098 320.0 862.451 0.26666668 5.0 5.0 5.0 5.0 0.0 0.17600001 2 TOUCH_MOVE t
1401354359104 6 4098 320.0 862.451 0.26666668 5.0 5.0 5.0 5.0 0.0 0.17600001 1 TOUCH_UP t
1401354359212 6 4098 342.0 1221.4509 0.26666668 5.0 5.0 5.0 5.0 0.0 0.19600001 0 TOUCH_DOWN Space
1401354359225 6 4098 342.0 1221.4509 0.26666668 5.0 5.0 5.0 5.0 0.0 0.20400001 2 TOUCH_MOVE Space
1401354359264 6 4098 342.22232 1221.2286 0.26666668 5.0 5.0 5.0 5.0 0.0 0.22800002 2 TOUCH_MOVE Space
1401354359282 6 4098 343.19873 1220.7522 0.26666668 5.0 5.0 5.0 5.0 0.0 0.224 2 TOUCH_MOVE Space
1401354359298 6 4098 344.2333 1219.9509 0.26666668 5.0 5.0 5.0 5.0 0.0 0.22800002 2 TOUCH_MOVE Space
1401354359315 6 4098 345.25 1219.9509 0.3 6.0 6.0 6.0 6.0 0.0 0.22800002 2 TOUCH_MOVE Space
1401354359334 6 4098 345.64304 1219.9509 0.26666668 5.0 5.0 5.0 5.0 0.0 0.224 2 TOUCH_MOVE Space
1401354359382 6 4098 345.1839 1220.7671 0.23333335 4.0 4.0 4.0 4.0 0.0 0.208 2 TOUCH_MOVE Space
1401354359387 6 4098 345.0 1220.9509 0.26666668 5.0 5.0 5.0 5.0 0.0 0.18800001 2 TOUCH_MOVE Space
1401354359390 6 4098 345.0 1220.9509 0.26666668 5.0 5.0 5.0 5.0 0.0 0.18800001 1 TOUCH_UP Space
1401354359791 6 4098 365.5 998.451 0.33333334 5.0 5.0 5.0 5.0 0.0 0.224 0 TOUCH_DOWN g
1401354359801 6 4098 365.5 998.451 0.3 5.0 5.0 5.0 5.0 0.0 0.22800002 2 TOUCH_MOVE g
1401354359832 6 4098 366.5 994.6565 0.3 5.0 5.0 5.0 5.0 0.0 0.23600002 2 TOUCH_MOVE g
1401354359849 6 4098 366.5 992.37787 0.26666668 4.0 4.0 4.0 4.0 0.0 0.23200001 2 TOUCH_MOVE g
1401354359866 6 4098 366.5 990.6545 0.3 5.0 5.0 5.0 5.0 0.0 0.23600002 2 TOUCH_MOVE g
1401354359882 6 4098 365.69434 989.6453 0.3 5.0 5.0 5.0 5.0 0.0 0.23600002 2 TOUCH_MOVE g
1401354359900 6 4098 365.0868 989.451 0.3 5.0 5.0 5.0 5.0 0.0 0.23600002 2 TOUCH_MOVE g
1401354359919 6 4098 363.45065 989.451 0.3 5.0 5.0 5.0 5.0 0.0 0.24000001 2 TOUCH_MOVE g
1401354359932 6 4098 357.9422 990.6369 0.3 5.0 5.0 5.0 5.0 0.0 0.23600002 2 TOUCH_MOVE g
1401354359945 6 4098 357.0 990.951 0.33333334 5.0 5.0 5.0 5.0 0.0 0.19600001 2 TOUCH_MOVE g
1401354359950 6 4098 357.0 990.951 0.33333334 5.0 5.0 5.0 5.0 0.0 0.19600001 1 TOUCH_UP g
1401354360067 6 4098 540.5 858.451 0.23333335 5.0 5.0 5.0 5.0 0.0 0.216 0 TOUCH_DOWN i
1401354360101 6 4098 539.25 858.451 0.26666668 5.0 5.0 5.0 5.0 0.0 0.224 2 TOUCH_MOVE i
1401354360132 6 4098 539.5 858.96295 0.26666668 5.0 5.0 5.0 5.0 0.0 0.23600002 2 TOUCH_MOVE i
1401354360149 6 4098 541.1531 860.60406 0.3 6.0 6.0 6.0 6.0 0.0 0.23200001 2 TOUCH_MOVE i
1401354360165 6 4098 542.05237 862.00336 0.26666668 5.0 5.0 5.0 5.0 0.0 0.23200001 2 TOUCH_MOVE i
1401354360182 6 4098 543.11224 863.6755 0.26666668 5.0 5.0 5.0 5.0 0.0 0.23200001 2 TOUCH_MOVE i
1401354360203 6 4098 543.5 864.35406 0.26666668 5.0 5.0 5.0 5.0 0.0 0.224 2 TOUCH_MOVE i
1401354360215 6 4098 543.5 865.451 0.26666668 4.0 4.0 4.0 4.0 0.0 0.18800001 2 TOUCH_MOVE i
1401354360220 6 4098 543.5 865.451 0.26666668 4.0 4.0 4.0 4.0 0.0 0.18800001 1 TOUCH_UP i
1401354360532 6 4098 328.5 1108.9509 0.33333334 5.0 5.0 5.0 5.0 0.0 0.216 0 TOUCH_DOWN v
1401354360556 6 4098 328.8221 1108.6288 0.3 5.0 5.0 5.0 5.0 0.0 0.22000001 2 TOUCH_MOVE v
1401354360566 6 4098 329.47635 1107.9746 0.3 5.0 5.0 5.0 5.0 0.0 0.22800002 2 TOUCH_MOVE v
1401354360584 6 4098 331.0003 1106.9506 0.3 5.0 5.0 5.0 5.0 0.0 0.23200001 2 TOUCH_MOVE v
1401354360601 6 4098 331.8988 1106.5521 0.3 5.0 5.0 5.0 5.0 0.0 0.23200001 2 TOUCH_MOVE v
1401354360616 6 4098 332.75 1105.7009 0.3 5.0 5.0 5.0 5.0 0.0 0.23200001 2 TOUCH_MOVE v
1401354360633 6 4098 333.24362 1105.2073 0.26666668 4.0 4.0 4.0 4.0 0.0 0.23200001 2 TOUCH_MOVE v
1401354360650 6 4098 333.0 1104.7078 0.26666668 4.0 4.0 4.0 4.0 0.0 0.22800002 2 TOUCH_MOVE v
1401354360685 6 4098 331.5 1104.9509 0.33333334 5.0 5.0 5.0 5.0 0.0 0.21200001 2 TOUCH_MOVE v
1401354360699 6 4098 331.5 1104.9509 0.33333334 5.0 5.0 5.0 5.0 0.0 0.18800001 2 TOUCH_MOVE v
1401354360705 6 4098 331.5 1104.9509 0.33333334 5.0 5.0 5.0 5.0 0.0 0.18800001 1 TOUCH_UP v
1401354360816 6 4098 547.0 843.951 0.23333335 4.0 4.0 4.0 4.0 0.0 0.216 0 TOUCH_DOWN i
1401354360840 6 4098 547.0 843.5957 0.3 5.0 5.0 5.0 5.0 0.0 0.22000001 2 TOUCH_MOVE i
1401354360849 6 4098 546.7627 842.7137 0.3 5.0 5.0 5.0 5.0 0.0 0.22800002 2 TOUCH_MOVE i
1401354360866 6 4098 545.75 841.701 0.3 5.0 5.0 5.0 5.0 0.0 0.22800002 2 TOUCH_MOVE i
1401354360925 6 4098 545.1788 844.9147 0.26666668 5.0 5.0 5.0 5.0 0.0 0.22800002 2 TOUCH_MOVE i
1401354360933 6 4098 544.6657 850.2911 0.26666668 5.0 5.0 5.0 5.0 0.0 0.22000001 2 TOUCH_MOVE i
1401354360955 6 4098 543.5 855.951 0.26666668 4.0 4.0 4.0 4.0 0.0 0.18400002 2 TOUCH_MOVE i
1401354360959 6 4098 543.5 855.951 0.26666668 4.0 4.0 4.0 4.0 0.0 0.18400002 1 TOUCH_UP i
1401354361120 6 4098 489.5 1106.4509 0.3 5.0 5.0 5.0 5.0 0.0 0.208 0 TOUCH_DOWN n
1401354361133 6 4098 490.03275 1106.4509 0.33333334 5.0 5.0 5.0 5.0 0.0 0.21200001 2 TOUCH_MOVE n
1401354361168 6 4098 495.19208 1109.579 0.33333334 5.0 5.0 5.0 5.0 0.0 0.22000001 2 TOUCH_MOVE n
1401354361183 6 4098 498.759 1112.1237 0.3 5.0 5.0 5.0 5.0 0.0 0.22000001 2 TOUCH_MOVE n
1401354361202 6 4098 500.41428 1113.8652 0.3 5.0 5.0 5.0 5.0 0.0 0.22000001 2 TOUCH_MOVE n
1401354361218 6 4098 502.1129 1115.0638 0.3 5.0 5.0 5.0 5.0 0.0 0.22000001 2 TOUCH_MOVE n
1401354361233 6 4098 502.636 1116.0869 0.3 5.0 5.0 5.0 5.0 0.0 0.216 2 TOUCH_MOVE n
1401354361251 6 4098 502.5 1116.8557 0.3 5.0 5.0 5.0 5.0 0.0 0.22000001 2 TOUCH_MOVE n
1401354361269 6 4098 499.8696 1119.0813 0.26666668 4.0 4.0 4.0 4.0 0.0 0.2 2 TOUCH_MOVE n
1401354361274 6 4098 499.5 1119.4509 0.26666668 5.0 5.0 5.0 5.0 0.0 0.15200001 2 TOUCH_MOVE n
1401354361279 6 4098 499.5 1119.4509 0.26666668 5.0 5.0 5.0 5.0 0.0 0.15200001 1 TOUCH_UP n
1401354361375 6 4098 355.5 998.951 0.33333334 5.0 5.0 5.0 5.0 0.0 0.22800002 0 TOUCH_DOWN g
1401354361417 6 4098 355.5 998.6526 0.33333334 5.0 5.0 5.0 5.0 0.0 0.24000001 2 TOUCH_MOVE g
1401354361433 6 4098 356.0 997.6291 0.33333334 5.0 5.0 5.0 5.0 0.0 0.24000001 2 TOUCH_MOVE g
1401354361452 6 4098 356.0 996.701 0.3 5.0 5.0 5.0 5.0 0.0 0.23600002 2 TOUCH_MOVE g
1401354361476 6 4098 356.0 996.27985 0.36666667 6.0 6.0 6.0 6.0 0.0 0.24400002 2 TOUCH_MOVE g
1401354361508 6 4098 354.75452 996.451 0.33333334 5.0 5.0 5.0 5.0 0.0 0.23600002 2 TOUCH_MOVE g
1401354361513 6 4098 353.0 995.951 0.3 5.0 5.0 5.0 5.0 0.0 0.216 2 TOUCH_MOVE g
1401354361517 6 4098 353.0 995.951 0.3 5.0 5.0 5.0 5.0 0.0 0.216 1 TOUCH_UP g
