1401701386635 6 4098 142.5 955.451 0.26666668 4.0 4.0 4.0 4.0 0.0 0.20400001 0 TOUCH_DOWN S
1401701386654 6 4098 142.5 955.451 0.26666668 4.0 4.0 4.0 4.0 0.0 0.208 2 TOUCH_MOVE S
1401701386670 6 4098 143.03488 954.9161 0.3 5.0 5.0 5.0 5.0 0.0 0.22000001 2 TOUCH_MOVE S
1401701386686 6 4098 144.07147 953.8795 0.3 5.0 5.0 5.0 5.0 0.0 0.22000001 2 TOUCH_MOVE S
1401701386703 6 4098 144.5 952.9157 0.3 5.0 5.0 5.0 5.0 0.0 0.22000001 2 TOUCH_MOVE S
1401701386721 6 4098 144.5 951.9542 0.26666668 4.0 4.0 4.0 4.0 0.0 0.216 2 TOUCH_MOVE S
1401701386731 6 4098 143.5 951.451 0.26666668 5.0 5.0 5.0 5.0 0.0 0.2 2 TOUCH_MOVE S
1401701386735 6 4098 143.5 951.451 0.26666668 5.0 5.0 5.0 5.0 0.0 0.2 1 TOUCH_UP S
1401701387213 6 4098 365.5 948.951 0.26666668 4.0 4.0 4.0 4.0 0.0 0.22000001 0 TOUCH_DOWN g
1401701387240 6 4098 365.5 948.951 0.3 5.0 5.0 5.0 5.0 0.0 0.224 2 TOUCH_MOVE g
1401701387254 6 4098 364.76862 948.951 0.26666668 4.0 4.0 4.0 4.0 0.0 0.224 2 TOUCH_MOVE g
1401701387270 6 4098 364.5 949.71454 0.26666668 4.0 4.0 4.0 4.0 0.0 0.224 2 TOUCH_MOVE g
1401701387287 6 4098 364.5 949.951 0.26666668 4.0 4.0 4.0 4.0 0.0 0.21200001 2 TOUCH_MOVE g
1401701387290 6 4098 364.5 949.951 0.26666668 4.0 4.0 4.0 4.0 0.0 0.21200001 1 TOUCH_UP g
1401701387950 6 4098 681.5 1072.4509 0.23333335 4.0 4.0 4.0 4.0 0.0 0.19600001 0 TOUCH_DOWN Back
1401701387974 6 4098 681.5 1072.4509 0.23333335 4.0 4.0 4.0 4.0 0.0 0.2 2 TOUCH_MOVE Back
1401701388021 6 4098 680.98865 1071.9396 0.23333335 4.0 4.0 4.0 4.0 0.0 0.21200001 2 TOUCH_MOVE Back
1401701388054 6 4098 680.98865 1071.9396 0.23333335 4.0 4.0 4.0 4.0 0.0 0.21200001 1 TOUCH_UP Back
1401701388196 6 4098 54.5 929.451 0.23333335 4.0 4.0 4.0 4.0 0.0 0.192 0 TOUCH_DOWN a
1401701388204 6 4098 54.5 929.451 0.23333335 4.0 4.0 4.0 4.0 0.0 0.19600001 2 TOUCH_MOVE a
1401701388237 6 4098 56.20985 929.451 0.23333335 4.0 4.0 4.0 4.0 0.0 0.208 2 TOUCH_MOVE a
1401701388254 6 4098 57.569435 929.451 0.23333335 4.0 4.0 4.0 4.0 0.0 0.208 2 TOUCH_MOVE a
1401701388271 6 4098 59.03197 929.451 0.23333335 4.0 4.0 4.0 4.0 0.0 0.208 2 TOUCH_MOVE a
1401701388288 6 4098 59.75 929.451 0.23333335 4.0 4.0 4.0 4.0 0.0 0.21200001 2 TOUCH_MOVE a
1401701388321 6 4098 58.5963 929.8547 0.23333335 4.0 4.0 4.0 4.0 0.0 0.2 2 TOUCH_MOVE a
1401701388334 6 4098 57.0 929.951 0.23333335 4.0 4.0 4.0 4.0 0.0 0.18400002 2 TOUCH_MOVE a
1401701388338 6 4098 57.0 929.951 0.23333335 4.0 4.0 4.0 4.0 0.0 0.18400002 1 TOUCH_UP a
1401701388504 6 4098 496.0 1084.4509 0.23333335 5.0 5.0 5.0 5.0 0.0 0.20400001 0 TOUCH_DOWN n
1401701388522 6 4098 496.0 1084.4509 0.26666668 5.0 5.0 5.0 5.0 0.0 0.216 2 TOUCH_MOVE n
1401701388538 6 4098 496.0 1085.3749 0.3 5.0 5.0 5.0 5.0 0.0 0.22800002 2 TOUCH_MOVE n
1401701388555 6 4098 496.0 1086.2009 0.3 5.0 5.0 5.0 5.0 0.0 0.23600002 2 TOUCH_MOVE n
1401701388636 6 4098 496.0 1086.2009 0.3 5.0 5.0 5.0 5.0 0.0 0.23600002 1 TOUCH_UP n
1401701388660 6 4098 343.0 996.951 0.3 5.0 5.0 5.0 5.0 0.0 0.23200001 0 TOUCH_DOWN g
1401701388671 6 4098 343.0 996.951 0.33333334 5.0 5.0 5.0 5.0 0.0 0.24400002 2 TOUCH_MOVE g
1401701388705 6 4098 344.05707 996.951 0.33333334 5.0 5.0 5.0 5.0 0.0 0.252 2 TOUCH_MOVE g
1401701388724 6 4098 345.02505 995.92596 0.33333334 5.0 5.0 5.0 5.0 0.0 0.24800001 2 TOUCH_MOVE g
1401701388738 6 4098 345.97897 994.97205 0.33333334 5.0 5.0 5.0 5.0 0.0 0.24800001 2 TOUCH_MOVE g
1401701388757 6 4098 346.88406 993.68286 0.33333334 5.0 5.0 5.0 5.0 0.0 0.252 2 TOUCH_MOVE g
1401701388775 6 4098 347.5 990.9046 0.3 5.0 5.0 5.0 5.0 0.0 0.23200001 2 TOUCH_MOVE g
1401701388785 6 4098 347.5 990.451 0.23333335 4.0 4.0 4.0 4.0 0.0 0.19600001 2 TOUCH_MOVE g
1401701388789 6 4098 347.5 990.451 0.23333335 4.0 4.0 4.0 4.0 0.0 0.19600001 1 TOUCH_UP g
1401701389303 6 4098 244.5 1223.4509 0.16666667 3.0 3.0 3.0 3.0 0.0 0.20400001 0 TOUCH_DOWN Space
1401701389328 6 4098 244.5 1223.4509 0.23333335 4.0 4.0 4.0 4.0 0.0 0.21200001 2 TOUCH_MOVE Space
1401701389389 6 4098 243.9986 1223.4509 0.23333335 4.0 4.0 4.0 4.0 0.0 0.22000001 2 TOUCH_MOVE Space
1401701389405 6 4098 243.0252 1223.4509 0.23333335 4.0 4.0 4.0 4.0 0.0 0.22000001 2 TOUCH_MOVE Space
1401701389424 6 4098 241.64989 1223.876 0.23333335 4.0 4.0 4.0 4.0 0.0 0.216 2 TOUCH_MOVE Space
1401701389439 6 4098 239.24901 1225.2849 0.23333335 4.0 4.0 4.0 4.0 0.0 0.208 2 TOUCH_MOVE Space
1401701389452 6 4098 239.0 1225.4509 0.16666667 3.0 3.0 3.0 3.0 0.0 0.16000001 2 TOUCH_MOVE Space
1401701389455 6 4098 239.0 1225.4509 0.16666667 3.0 3.0 3.0 3.0 0.0 0.16000001 1 TOUCH_UP Space
1401701389570 6 4098 324.5 811.451 0.3 5.0 5.0 5.0 5.0 0.0 0.22000001 0 TOUCH_DOWN t
1401701389589 6 4098 324.5 811.451 0.3 5.0 5.0 5.0 5.0 0.0 0.22800002 2 TOUCH_MOVE t
1401701389623 6 4098 325.46674 812.9177 0.33333334 5.0 5.0 5.0 5.0 0.0 0.23200001 2 TOUCH_MOVE t
1401701389639 6 4098 329.33255 816.317 0.3 5.0 5.0 5.0 5.0 0.0 0.224 2 TOUCH_MOVE t
1401701389651 6 4098 333.0 819.951 0.3 5.0 5.0 5.0 5.0 0.0 0.19600001 2 TOUCH_MOVE t
1401701389654 6 4098 333.0 819.951 0.3 5.0 5.0 5.0 5.0 0.0 0.19600001 1 TOUCH_UP t
1401701389834 6 4098 463.5 1013.951 0.16666667 3.0 3.0 3.0 3.0 0.0 0.16800001 0 TOUCH_DOWN h
1401701389839 6 4098 463.5 1013.951 0.16666667 3.0 3.0 3.0 3.0 0.0 0.164 2 TOUCH_MOVE h
1401701389853 6 4098 463.5 1013.951 0.16666667 3.0 3.0 3.0 3.0 0.0 0.164 1 TOUCH_UP h
1401701389990 6 4098 483.5 848.451 0.23333335 4.0 4.0 4.0 4.0 0.0 0.21200001 0 TOUCH_DOWN u
1401701390009 6 4098 483.5 848.451 0.26666668 4.0 4.0 4.0 4.0 0.0 0.22000001 2 TOUCH_MOVE u
1401701390061 6 4098 483.5 848.451 0.26666668 4.0 4.0 4.0 4.0 0.0 0.22000001 1 TOUCH_UP u
1401701390923 6 4098 239.5 1221.9509 0.23333335 4.0 4.0 4.0 4.0 0.0 0.208 0 TOUCH_DOWN Space
1401701390926 6 4098 239.5 1221.9509 0.23333335 4.0 4.0 4.0 4.0 0.0 0.216 2 TOUCH_MOVE Space
1401701390957 6 4098 240.51805 1221.9509 0.23333335 4.0 4.0 4.0 4.0 0.0 0.22000001 2 TOUCH_MOVE Space
1401701390973 6 4098 241.48268 1221.9509 0.23333335 4.0 4.0 4.0 4.0 0.0 0.224 2 TOUCH_MOVE Space
1401701390990 6 4098 242.25 1221.9509 0.23333335 4.0 4.0 4.0 4.0 0.0 0.224 2 TOUCH_MOVE Space
1401701391040 6 4098 240.83151 1220.6167 0.23333335 4.0 4.0 4.0 4.0 0.0 0.216 2 TOUCH_MOVE Space
1401701391055 6 4098 240.5 1220.4509 0.23333335 4.0 4.0 4.0 4.0 0.0 0.17600001 2 TOUCH_MOVE Space
1401701391058 6 4098 240.5 1220.4509 0.23333335 4.0 4.0 4.0 4.0 0.0 0.17600001 1 TOUCH_UP Space
1401701391113 6 4098 417.0 977.451 0.26666668 4.0 4.0 4.0 4.0 0.0 0.216 0 TOUCH_DOWN h
1401701391124 6 4098 417.0 977.451 0.26666668 4.0 4.0 4.0 4.0 0.0 0.22000001 2 TOUCH_MOVE h
1401701391158 6 4098 417.0 977.9606 0.26666668 4.0 4.0 4.0 4.0 0.0 0.224 2 TOUCH_MOVE h
1401701391180 6 4098 417.0 978.455 0.26666668 4.0 4.0 4.0 4.0 0.0 0.224 2 TOUCH_MOVE h
1401701391192 6 4098 417.4985 979.4495 0.26666668 4.0 4.0 4.0 4.0 0.0 0.21200001 2 TOUCH_MOVE h
1401701391202 6 4098 418.5 981.451 0.23333335 4.0 4.0 4.0 4.0 0.0 0.17600001 2 TOUCH_MOVE h
1401701391205 6 4098 418.5 981.451 0.23333335 4.0 4.0 4.0 4.0 0.0 0.17600001 1 TOUCH_UP h
1401701391241 6 4098 72.0 964.951 0.13333334 2.0 2.0 2.0 2.0 0.0 0.18800001 0 TOUCH_DOWN a
1401701391294 6 4098 75.06294 962.6695 0.23333335 4.0 4.0 4.0 4.0 0.0 0.20400001 2 TOUCH_MOVE a
1401701391308 6 4098 76.72174 961.22925 0.23333335 4.0 4.0 4.0 4.0 0.0 0.208 2 TOUCH_MOVE a
1401701391324 6 4098 77.699936 960.25104 0.23333335 4.0 4.0 4.0 4.0 0.0 0.20400001 2 TOUCH_MOVE a
1401701391357 6 4098 76.992775 960.451 0.20000002 3.0 3.0 3.0 3.0 0.0 0.192 2 TOUCH_MOVE a
1401701391367 6 4098 77.0 960.451 0.16666667 3.0 3.0 3.0 3.0 0.0 0.16800001 2 TOUCH_MOVE a
1401701391374 6 4098 77.0 960.451 0.16666667 3.0 3.0 3.0 3.0 0.0 0.16800001 1 TOUCH_UP a
1401701391414 6 4098 572.0 826.951 0.3 5.0 5.0 5.0 5.0 0.0 0.22000001 0 TOUCH_DOWN o
1401701391446 6 4098 571.52155 826.951 0.33333334 5.0 5.0 5.0 5.0 0.0 0.224 2 TOUCH_MOVE o
1401701391459 6 4098 570.6004 827.451 0.33333334 5.0 5.0 5.0 5.0 0.0 0.23200001 2 TOUCH_MOVE o
1401701391476 6 4098 570.5 827.451 0.33333334 5.0 5.0 5.0 5.0 0.0 0.224 2 TOUCH_MOVE o
1401701391479 6 4098 570.5 827.451 0.3 5.0 5.0 5.0 5.0 0.0 0.18400002 2 TOUCH_MOVE o
1401701391483 6 4098 570.5 827.451 0.3 5.0 5.0 5.0 5.0 0.0 0.18400002 1 TOUCH_UP o
1401701391707 6 4098 255.0 1231.4509 0.20000002 4.0 4.0 4.0 4.0 0.0 0.2 0 TOUCH_DOWN Space
1401701391731 6 4098 255.0 1231.4509 0.23333335 4.0 4.0 4.0 4.0 0.0 0.20400001 2 TOUCH_MOVE Space
1401701391779 6 4098 255.0 1230.6116 0.26666668 5.0 5.0 5.0 5.0 0.0 0.21200001 2 TOUCH_MOVE Space
1401701391791 6 4098 255.0 1230.2218 0.26666668 5.0 5.0 5.0 5.0 0.0 0.21200001 2 TOUCH_MOVE Space
1401701391850 6 4098 255.0 1230.2218 0.26666668 5.0 5.0 5.0 5.0 0.0 0.21200001 1 TOUCH_UP Space
1401701392164 6 4098 676.5 1101.4509 0.33333334 5.0 5.0 5.0 5.0 0.0 0.18800001 0 TOUCH_DOWN Back
1401701392175 6 4098 676.2039 1102.5431 0.33333334 5.0 5.0 5.0 5.0 0.0 0.2 2 TOUCH_MOVE Back
1401701392200 6 4098 674.5357 1104.6475 0.33333334 5.0 5.0 5.0 5.0 0.0 0.20400001 2 TOUCH_MOVE Back
1401701392209 6 4098 672.5708 1106.8801 0.33333334 5.0 5.0 5.0 5.0 0.0 0.20400001 2 TOUCH_MOVE Back
1401701392225 6 4098 671.3074 1108.8362 0.33333334 5.0 5.0 5.0 5.0 0.0 0.19600001 2 TOUCH_MOVE Back
1401701392233 6 4098 671.5 1108.9509 0.33333334 5.0 5.0 5.0 5.0 0.0 0.17600001 2 TOUCH_MOVE Back
1401701392236 6 4098 671.5 1108.9509 0.33333334 5.0 5.0 5.0 5.0 0.0 0.17600001 1 TOUCH_UP Back
1401701392332 6 4098 667.5 1098.4509 0.3 5.0 5.0 5.0 5.0 0.0 0.19600001 0 TOUCH_DOWN Back
1401701392341 6 4098 667.5 1098.4509 0.3 5.0 5.0 5.0 5.0 0.0 0.20400001 2 TOUCH_MOVE Back
1401701392358 6 4098 667.5 1099.336 0.3 5.0 5.0 5.0 5.0 0.0 0.208 2 TOUCH_MOVE Back
1401701392375 6 4098 667.5 1100.2009 0.3 5.0 5.0 5.0 5.0 0.0 0.208 2 TOUCH_MOVE Back
1401701392402 6 4098 667.5 1100.2009 0.3 5.0 5.0 5.0 5.0 0.0 0.208 1 TOUCH_UP Back
1401701392812 6 4098 548.0 817.451 0.3 5.0 5.0 5.0 5.0 0.0 0.22800002 0 TOUCH_DOWN i
1401701392818 6 4098 548.0 817.451 0.3 5.0 5.0 5.0 5.0 0.0 0.23600002 2 TOUCH_MOVE i
1401701392844 6 4098 548.0 818.35095 0.33333334 5.0 5.0 5.0 5.0 0.0 0.24800001 2 TOUCH_MOVE i
1401701392858 6 4098 548.0 818.82855 0.33333334 5.0 5.0 5.0 5.0 0.0 0.24800001 2 TOUCH_MOVE i
1401701392878 6 4098 549.4734 819.6877 0.3 5.0 5.0 5.0 5.0 0.0 0.224 2 TOUCH_MOVE i
1401701392884 6 4098 549.0 819.451 0.26666668 5.0 5.0 5.0 5.0 0.0 0.18 2 TOUCH_MOVE i
1401701392887 6 4098 549.0 819.451 0.26666668 5.0 5.0 5.0 5.0 0.0 0.18 1 TOUCH_UP i
1401701392960 6 4098 248.0 1227.9509 0.23333335 4.0 4.0 4.0 4.0 0.0 0.20400001 0 TOUCH_DOWN Space
1401701392977 6 4098 248.0 1227.9509 0.23333335 4.0 4.0 4.0 4.0 0.0 0.208 2 TOUCH_MOVE Space
1401701393009 6 4098 250.30125 1227.4509 0.23333335 4.0 4.0 4.0 4.0 0.0 0.216 2 TOUCH_MOVE Space
1401701393035 6 4098 251.88225 1227.4509 0.23333335 4.0 4.0 4.0 4.0 0.0 0.216 2 TOUCH_MOVE Space
1401701393054 6 4098 252.85495 1227.4509 0.23333335 4.0 4.0 4.0 4.0 0.0 0.216 2 TOUCH_MOVE Space
1401701393059 6 4098 253.75 1227.4509 0.23333335 4.0 4.0 4.0 4.0 0.0 0.216 2 TOUCH_MOVE Space
1401701393109 6 4098 253.5 1227.4509 0.20000002 3.0 3.0 3.0 3.0 0.0 0.18800001 2 TOUCH_MOVE Space
1401701393112 6 4098 253.5 1227.4509 0.20000002 3.0 3.0 3.0 3.0 0.0 0.18800001 1 TOUCH_UP Space
1401701393232 6 4098 678.0 972.951 0.20000002 4.0 4.0 4.0 4.0 0.0 0.19600001 0 TOUCH_DOWN l
1401701393242 6 4098 678.0 972.951 0.20000002 4.0 4.0 4.0 4.0 0.0 0.2 2 TOUCH_MOVE l
1401701393278 6 4098 677.1962 974.25476 0.26666668 5.0 5.0 5.0 5.0 0.0 0.21200001 2 TOUCH_MOVE l
1401701393301 6 4098 677.0 975.201 0.26666668 5.0 5.0 5.0 5.0 0.0 0.208 2 TOUCH_MOVE l
1401701393319 6 4098 677.0 975.201 0.26666668 5.0 5.0 5.0 5.0 0.0 0.208 1 TOUCH_UP l
1401701393386 6 4098 80.5 970.451 0.20000002 4.0 4.0 4.0 4.0 0.0 0.2 0 TOUCH_DOWN a
1401701393498 6 4098 80.5 970.951 0.16666667 3.0 3.0 3.0 3.0 0.0 0.18400002 2 TOUCH_MOVE a
1401701393503 6 4098 80.5 970.951 0.16666667 3.0 3.0 3.0 3.0 0.0 0.18400002 1 TOUCH_UP a
1401701393657 6 4098 277.5 1242.4509 0.20000002 5.0 5.0 5.0 5.0 0.0 0.192 0 TOUCH_DOWN Space
1401701393679 6 4098 277.5 1242.0042 0.20000002 5.0 5.0 5.0 5.0 0.0 0.19600001 2 TOUCH_MOVE Space
1401701393693 6 4098 277.5 1239.8691 0.23333335 5.0 5.0 5.0 5.0 0.0 0.20400001 2 TOUCH_MOVE Space
1401701393710 6 4098 277.5 1237.7645 0.23333335 5.0 5.0 5.0 5.0 0.0 0.208 2 TOUCH_MOVE Space
1401701393729 6 4098 277.5 1236.1359 0.23333335 5.0 5.0 5.0 5.0 0.0 0.208 2 TOUCH_MOVE Space
1401701393743 6 4098 277.5 1235.1566 0.23333335 5.0 5.0 5.0 5.0 0.0 0.208 2 TOUCH_MOVE Space
1401701393759 6 4098 276.79196 1234.2429 0.23333335 5.0 5.0 5.0 5.0 0.0 0.208 2 TOUCH_MOVE Space
1401701393779 6 4098 275.04187 1232.4928 0.26666668 5.0 5.0 5.0 5.0 0.0 0.192 2 TOUCH_MOVE Space
1401701393784 6 4098 275.0 1232.4509 0.13333334 2.0 2.0 2.0 2.0 0.0 0.116000004 2 TOUCH_MOVE Space
1401701393788 6 4098 275.0 1232.4509 0.13333334 2.0 2.0 2.0 2.0 0.0 0.116000004 1 TOUCH_UP Space
1401701393967 6 4098 134.0 952.451 0.26666668 4.0 4.0 4.0 4.0 0.0 0.2 0 TOUCH_DOWN s
1401701393976 6 4098 134.0 952.451 0.26666668 4.0 4.0 4.0 4.0 0.0 0.208 2 TOUCH_MOVE s
1401701394002 6 4098 135.17603 952.22565 0.3 5.0 5.0 5.0 5.0 0.0 0.22000001 2 TOUCH_MOVE s
1401701394010 6 4098 138.0693 951.951 0.3 5.0 5.0 5.0 5.0 0.0 0.224 2 TOUCH_MOVE s
1401701394026 6 4098 139.65347 951.951 0.3 5.0 5.0 5.0 5.0 0.0 0.224 2 TOUCH_MOVE s
1401701394043 6 4098 140.25 951.951 0.3 5.0 5.0 5.0 5.0 0.0 0.22800002 2 TOUCH_MOVE s
1401701394081 6 4098 138.88852 951.64526 0.3 5.0 5.0 5.0 5.0 0.0 0.22000001 2 TOUCH_MOVE s
1401701394088 6 4098 134.5 951.451 0.26666668 4.0 4.0 4.0 4.0 0.0 0.19600001 2 TOUCH_MOVE s
1401701394094 6 4098 134.5 951.451 0.26666668 4.0 4.0 4.0 4.0 0.0 0.19600001 1 TOUCH_UP s
1401701394520 6 4098 366.5 987.451 0.26666668 4.0 4.0 4.0 4.0 0.0 0.22000001 0 TOUCH_DOWN g
1401701394527 6 4098 366.5 987.451 0.26666668 4.0 4.0 4.0 4.0 0.0 0.224 2 TOUCH_MOVE g
1401701394560 6 4098 363.62585 984.57684 0.3 5.0 5.0 5.0 5.0 0.0 0.23600002 2 TOUCH_MOVE g
1401701394579 6 4098 361.15646 982.1075 0.26666668 4.0 4.0 4.0 4.0 0.0 0.23200001 2 TOUCH_MOVE g
1401701394593 6 4098 360.11548 980.56647 0.26666668 4.0 4.0 4.0 4.0 0.0 0.23600002 2 TOUCH_MOVE g
1401701394610 6 4098 359.5903 980.04126 0.26666668 4.0 4.0 4.0 4.0 0.0 0.23200001 2 TOUCH_MOVE g
1401701394618 6 4098 359.5 979.951 0.20000002 3.0 3.0 3.0 3.0 0.0 0.19600001 2 TOUCH_MOVE g
1401701394623 6 4098 359.5 979.951 0.20000002 3.0 3.0 3.0 3.0 0.0 0.19600001 1 TOUCH_UP g
1401701395223 6 4098 668.5 1085.4509 0.23333335 5.0 5.0 5.0 5.0 0.0 0.19600001 0 TOUCH_DOWN Back
1401701395244 6 4098 668.5 1085.4509 0.23333335 5.0 5.0 5.0 5.0 0.0 0.2 2 TOUCH_MOVE Back
1401701395278 6 4098 667.9281 1085.4509 0.23333335 5.0 5.0 5.0 5.0 0.0 0.21200001 2 TOUCH_MOVE Back
1401701395318 6 4098 668.0 1085.4509 0.20000002 4.0 4.0 4.0 4.0 0.0 0.18 2 TOUCH_MOVE Back
1401701395324 6 4098 668.0 1085.4509 0.20000002 4.0 4.0 4.0 4.0 0.0 0.18 1 TOUCH_UP Back
1401701395647 6 4098 45.5 929.951 0.23333335 4.0 4.0 4.0 4.0 0.0 0.18 0 TOUCH_DOWN a
1401701395661 6 4098 45.5 929.951 0.23333335 4.0 4.0 4.0 4.0 0.0 0.18400002 2 TOUCH_MOVE a
1401701395699 6 4098 46.42631 929.951 0.23333335 4.0 4.0 4.0 4.0 0.0 0.192 2 TOUCH_MOVE a
1401701395711 6 4098 47.874878 929.951 0.23333335 4.0 4.0 4.0 4.0 0.0 0.19600001 2 TOUCH_MOVE a
1401701395728 6 4098 49.69637 929.951 0.23333335 4.0 4.0 4.0 4.0 0.0 0.2 2 TOUCH_MOVE a
1401701395745 6 4098 50.75 929.951 0.23333335 4.0 4.0 4.0 4.0 0.0 0.19600001 2 TOUCH_MOVE a
1401701395785 6 4098 50.0 929.951 0.23333335 4.0 4.0 4.0 4.0 0.0 0.18 2 TOUCH_MOVE a
1401701395788 6 4098 50.0 929.951 0.23333335 4.0 4.0 4.0 4.0 0.0 0.18 1 TOUCH_UP a
1401701395832 6 4098 519.0 1087.9509 0.23333335 4.0 4.0 4.0 4.0 0.0 0.208 0 TOUCH_DOWN n
1401701395928 6 4098 519.0 1088.8453 0.3 5.0 5.0 5.0 5.0 0.0 0.23200001 2 TOUCH_MOVE n
1401701395941 6 4098 519.0 1088.9509 0.23333335 4.0 4.0 4.0 4.0 0.0 0.19600001 2 TOUCH_MOVE n
1401701395946 6 4098 519.0 1088.9509 0.23333335 4.0 4.0 4.0 4.0 0.0 0.19600001 1 TOUCH_UP n
1401701396007 6 4098 381.0 1000.951 0.33333334 5.0 5.0 5.0 5.0 0.0 0.24400002 0 TOUCH_DOWN g
1401701396029 6 4098 381.0 1000.951 0.33333334 5.0 5.0 5.0 5.0 0.0 0.24800001 2 TOUCH_MOVE g
1401701396062 6 4098 381.5183 1000.4327 0.33333334 5.0 5.0 5.0 5.0 0.0 0.256 2 TOUCH_MOVE g
1401701396078 6 4098 382.05762 999.3934 0.33333334 5.0 5.0 5.0 5.0 0.0 0.256 2 TOUCH_MOVE g
1401701396096 6 4098 382.0 997.3975 0.33333334 5.0 5.0 5.0 5.0 0.0 0.252 2 TOUCH_MOVE g
1401701396112 6 4098 381.07608 995.0651 0.33333334 5.0 5.0 5.0 5.0 0.0 0.24800001 2 TOUCH_MOVE g
1401701396130 6 4098 381.0 994.951 0.23333335 4.0 4.0 4.0 4.0 0.0 0.208 2 TOUCH_MOVE g
1401701396133 6 4098 381.0 994.951 0.13333334 2.0 2.0 2.0 2.0 0.0 0.120000005 2 TOUCH_MOVE g
1401701396137 6 4098 381.0 994.951 0.13333334 2.0 2.0 2.0 2.0 0.0 0.120000005 1 TOUCH_UP g
1401701396610 6 4098 258.5 1222.9509 0.23333335 4.0 4.0 4.0 4.0 0.0 0.21200001 0 TOUCH_DOWN Space
1401701396638 6 4098 258.5 1222.9509 0.23333335 4.0 4.0 4.0 4.0 0.0 0.216 2 TOUCH_MOVE Space
1401701396729 6 4098 256.56595 1222.4729 0.23333335 4.0 4.0 4.0 4.0 0.0 0.22000001 2 TOUCH_MOVE Space
1401701396738 6 4098 256.5 1222.4509 0.16666667 3.0 3.0 3.0 3.0 0.0 0.192 2 TOUCH_MOVE Space
1401701396742 6 4098 256.5 1222.4509 0.16666667 3.0 3.0 3.0 3.0 0.0 0.192 1 TOUCH_UP Space
1401701397002 6 4098 196.0 946.951 0.3 5.0 5.0 5.0 5.0 0.0 0.22000001 0 TOUCH_DOWN d
1401701397029 6 4098 196.46907 946.951 0.3 5.0 5.0 5.0 5.0 0.0 0.224 2 TOUCH_MOVE d
1401701397046 6 4098 198.7031 947.352 0.33333334 5.0 5.0 5.0 5.0 0.0 0.23600002 2 TOUCH_MOVE d
1401701397062 6 4098 200.72691 947.81445 0.3 5.0 5.0 5.0 5.0 0.0 0.23600002 2 TOUCH_MOVE d
1401701397079 6 4098 201.75 947.951 0.3 5.0 5.0 5.0 5.0 0.0 0.24000001 2 TOUCH_MOVE d
1401701397114 6 4098 199.5 947.951 0.3 5.0 5.0 5.0 5.0 0.0 0.216 2 TOUCH_MOVE d
1401701397120 6 4098 199.5 947.951 0.3 5.0 5.0 5.0 5.0 0.0 0.192 2 TOUCH_MOVE d
1401701397123 6 4098 199.5 947.951 0.3 5.0 5.0 5.0 5.0 0.0 0.192 1 TOUCH_UP d
1401701397285 6 4098 56.5 951.451 0.23333335 4.0 4.0 4.0 4.0 0.0 0.18800001 0 TOUCH_DOWN a
1401701397297 6 4098 56.910984 951.04 0.23333335 4.0 4.0 4.0 4.0 0.0 0.192 2 TOUCH_MOVE a
1401701397313 6 4098 59.425278 949.3341 0.26666668 5.0 5.0 5.0 5.0 0.0 0.2 2 TOUCH_MOVE a
1401701397329 6 4098 62.314728 947.40784 0.26666668 5.0 5.0 5.0 5.0 0.0 0.20400001 2 TOUCH_MOVE a
1401701397346 6 4098 64.45318 946.2244 0.26666668 5.0 5.0 5.0 5.0 0.0 0.2 2 TOUCH_MOVE a
1401701397363 6 4098 65.6878 945.2632 0.26666668 5.0 5.0 5.0 5.0 0.0 0.2 2 TOUCH_MOVE a
1401701397390 6 4098 65.0 945.451 0.26666668 5.0 5.0 5.0 5.0 0.0 0.19600001 2 TOUCH_MOVE a
1401701397395 6 4098 473.5 817.451 0.26666668 4.0 4.0 4.0 4.0 0.0 0.22000001 0 TOUCH_DOWN u
1401701397397 6 4098 65.0 945.451 0.26666668 5.0 5.0 5.0 5.0 0.0 0.19600001 2 TOUCH_MOVE a
1401701397413 6 4098 472.5 817.951 0.3 5.0 5.0 5.0 5.0 0.0 0.224 2 TOUCH_MOVE u
1401701397416 6 4098 62.421616 946.4902 0.20000002 3.0 3.0 3.0 3.0 0.0 0.136 2 TOUCH_MOVE a
1401701397418 6 4098 472.5 817.951 0.3 5.0 5.0 5.0 5.0 0.0 0.224 2 TOUCH_MOVE u
1401701397421 6 4098 62.421616 946.4902 0.20000002 3.0 3.0 3.0 3.0 0.0 0.136 1 TOUCH_UP a
1401701397437 6 4098 471.95908 818.49194 0.3 5.0 5.0 5.0 5.0 0.0 0.22800002 2 TOUCH_MOVE u
1401701397458 6 4098 471.0 819.4547 0.3 5.0 5.0 5.0 5.0 0.0 0.224 2 TOUCH_MOVE u
1401701397463 6 4098 471.0 820.4235 0.3 5.0 5.0 5.0 5.0 0.0 0.216 2 TOUCH_MOVE u
1401701397467 6 4098 471.0 820.451 0.23333335 5.0 5.0 5.0 5.0 0.0 0.18800001 2 TOUCH_MOVE u
1401701397473 6 4098 471.0 820.451 0.23333335 5.0 5.0 5.0 5.0 0.0 0.18800001 1 TOUCH_UP u
1401701397913 6 4098 331.5 1230.9509 0.26666668 5.0 5.0 5.0 5.0 0.0 0.19600001 0 TOUCH_DOWN Space
1401701397932 6 4098 331.5 1230.9509 0.26666668 5.0 5.0 5.0 5.0 0.0 0.2 2 TOUCH_MOVE Space
1401701398002 6 4098 331.5 1230.9509 0.26666668 5.0 5.0 5.0 5.0 0.0 0.2 1 TOUCH_UP Space
1401701398118 6 4098 304.5 833.951 0.3 5.0 5.0 5.0 5.0 0.0 0.22800002 0 TOUCH_DOWN t
1401701398130 6 4098 304.5 833.951 0.33333334 5.0 5.0 5.0 5.0 0.0 0.23600002 2 TOUCH_MOVE t
1401701398164 6 4098 306.76498 834.8335 0.33333334 5.0 5.0 5.0 5.0 0.0 0.24400002 2 TOUCH_MOVE t
1401701398180 6 4098 307.75 834.951 0.33333334 5.0 5.0 5.0 5.0 0.0 0.24800001 2 TOUCH_MOVE t
1401701398213 6 4098 304.26563 834.951 0.33333334 5.0 5.0 5.0 5.0 0.0 0.23200001 2 TOUCH_MOVE t
1401701398229 6 4098 303.0 834.951 0.3 5.0 5.0 5.0 5.0 0.0 0.2 2 TOUCH_MOVE t
1401701398233 6 4098 303.0 834.951 0.3 5.0 5.0 5.0 5.0 0.0 0.2 1 TOUCH_UP t
1401701398667 6 4098 479.0 820.451 0.26666668 4.0 4.0 4.0 4.0 0.0 0.22000001 0 TOUCH_DOWN u
1401701398681 6 4098 479.0 820.451 0.26666668 4.0 4.0 4.0 4.0 0.0 0.22800002 2 TOUCH_MOVE u
1401701398731 6 4098 479.52084 820.451 0.26666668 4.0 4.0 4.0 4.0 0.0 0.22800002 2 TOUCH_MOVE u
1401701398754 6 4098 483.0 819.951 0.3 5.0 5.0 5.0 5.0 0.0 0.20400001 2 TOUCH_MOVE u
1401701398758 6 4098 483.0 819.951 0.26666668 5.0 5.0 5.0 5.0 0.0 0.164 2 TOUCH_MOVE u
1401701398767 6 4098 483.0 819.951 0.26666668 5.0 5.0 5.0 5.0 0.0 0.164 1 TOUCH_UP u
1401701398883 6 4098 65.5 943.951 0.26666668 5.0 5.0 5.0 5.0 0.0 0.18400002 0 TOUCH_DOWN a
1401701398898 6 4098 65.5 943.951 0.23333335 5.0 5.0 5.0 5.0 0.0 0.192 2 TOUCH_MOVE a
1401701398914 6 4098 66.378174 943.7619 0.23333335 5.0 5.0 5.0 5.0 0.0 0.192 2 TOUCH_MOVE a
1401701398931 6 4098 69.06273 942.0758 0.3 5.0 5.0 5.0 5.0 0.0 0.2 2 TOUCH_MOVE a
1401701398948 6 4098 71.94988 940.15106 0.3 5.0 5.0 5.0 5.0 0.0 0.2 2 TOUCH_MOVE a
1401701398964 6 4098 73.11299 939.338 0.3 5.0 5.0 5.0 5.0 0.0 0.19600001 2 TOUCH_MOVE a
1401701398998 6 4098 72.49158 939.9594 0.26666668 5.0 5.0 5.0 5.0 0.0 0.18400002 2 TOUCH_MOVE a
1401701399009 6 4098 70.5 940.451 0.26666668 5.0 5.0 5.0 5.0 0.0 0.164 2 TOUCH_MOVE a
1401701399012 6 4098 70.5 940.451 0.26666668 5.0 5.0 5.0 5.0 0.0 0.164 1 TOUCH_UP a
1401701399079 6 4098 495.5 1097.9509 0.3 5.0 5.0 5.0 5.0 0.0 0.208 0 TOUCH_DOWN n
1401701399098 6 4098 495.5 1097.9509 0.3 5.0 5.0 5.0 5.0 0.0 0.21200001 2 TOUCH_MOVE n
1401701399114 6 4098 495.5 1098.7303 0.3 5.0 5.0 5.0 5.0 0.0 0.216 2 TOUCH_MOVE n
1401701399131 6 4098 495.5 1099.6838 0.3 5.0 5.0 5.0 5.0 0.0 0.208 2 TOUCH_MOVE n
1401701399151 6 4098 495.5 1099.6838 0.3 5.0 5.0 5.0 5.0 0.0 0.208 1 TOUCH_UP n
1401701399848 6 4098 672.5 1231.4509 0.23333335 5.0 5.0 5.0 5.0 0.0 0.18800001 0 TOUCH_DOWN Enter
1401701399865 6 4098 672.5 1231.4509 0.26666668 5.0 5.0 5.0 5.0 0.0 0.192 2 TOUCH_MOVE Enter
1401701399882 6 4098 671.9791 1231.4509 0.26666668 5.0 5.0 5.0 5.0 0.0 0.20400001 2 TOUCH_MOVE Enter
1401701399898 6 4098 670.9751 1231.4509 0.26666668 5.0 5.0 5.0 5.0 0.0 0.20400001 2 TOUCH_MOVE Enter
1401701399915 6 4098 670.012 1231.4509 0.26666668 5.0 5.0 5.0 5.0 0.0 0.20400001 2 TOUCH_MOVE Enter
1401701399936 6 4098 669.75 1231.4509 0.26666668 5.0 5.0 5.0 5.0 0.0 0.20400001 2 TOUCH_MOVE Enter
1401701399976 6 4098 669.75 1231.4509 0.26666668 5.0 5.0 5.0 5.0 0.0 0.20400001 1 TOUCH_UP Enter
1401701400945 6 4098 282.5 1093.9509 0.26666668 4.0 4.0 4.0 4.0 0.0 0.224 0 TOUCH_DOWN C
1401701400966 6 4098 282.5 1093.9509 0.3 5.0 5.0 5.0 5.0 0.0 0.23200001 2 TOUCH_MOVE C
1401701400988 6 4098 283.59613 1093.9509 0.3 5.0 5.0 5.0 5.0 0.0 0.24000001 2 TOUCH_MOVE C
1401701401001 6 4098 284.0 1094.512 0.3 5.0 5.0 5.0 5.0 0.0 0.24400002 2 TOUCH_MOVE C
1401701401066 6 4098 282.5 1093.9509 0.26666668 5.0 5.0 5.0 5.0 0.0 0.208 2 TOUCH_MOVE C
1401701401072 6 4098 282.5 1093.9509 0.23333335 5.0 5.0 5.0 5.0 0.0 0.16000001 2 TOUCH_MOVE C
1401701401075 6 4098 282.5 1093.9509 0.23333335 5.0 5.0 5.0 5.0 0.0 0.16000001 1 TOUCH_UP C
1401701401151 6 4098 422.5 966.951 0.26666668 4.0 4.0 4.0 4.0 0.0 0.22000001 0 TOUCH_DOWN h
1401701401163 6 4098 422.5 966.951 0.26666668 4.0 4.0 4.0 4.0 0.0 0.22800002 2 TOUCH_MOVE h
1401701401200 6 4098 423.0159 966.951 0.3 5.0 5.0 5.0 5.0 0.0 0.24000001 2 TOUCH_MOVE h
1401701401220 6 4098 424.0 966.951 0.26666668 4.0 4.0 4.0 4.0 0.0 0.216 2 TOUCH_MOVE h
1401701401228 6 4098 424.0 966.951 0.20000002 4.0 4.0 4.0 4.0 0.0 0.192 2 TOUCH_MOVE h
1401701401232 6 4098 424.0 966.951 0.20000002 4.0 4.0 4.0 4.0 0.0 0.192 1 TOUCH_UP h
1401701401268 6 4098 72.0 940.451 0.23333335 5.0 5.0 5.0 5.0 0.0 0.18400002 0 TOUCH_DOWN a
1401701401285 6 4098 72.0 940.451 0.23333335 5.0 5.0 5.0 5.0 0.0 0.18800001 2 TOUCH_MOVE a
1401701401316 6 4098 73.354195 939.5968 0.26666668 4.0 4.0 4.0 4.0 0.0 0.2 2 TOUCH_MOVE a
1401701401333 6 4098 74.16814 938.78284 0.3 5.0 5.0 5.0 5.0 0.0 0.2 2 TOUCH_MOVE a
1401701401350 6 4098 75.2785 937.951 0.26666668 4.0 4.0 4.0 4.0 0.0 0.2 2 TOUCH_MOVE a
1401701401367 6 4098 76.21873 937.951 0.26666668 4.0 4.0 4.0 4.0 0.0 0.2 2 TOUCH_MOVE a
1401701401393 6 4098 618.5 847.451 0.26666668 5.0 5.0 5.0 5.0 0.0 0.20400001 0 TOUCH_DOWN o
1401701401394 6 4098 76.21873 937.951 0.26666668 4.0 4.0 4.0 4.0 0.0 0.2 2 TOUCH_MOVE a
1401701401400 6 4098 618.5 846.951 0.26666668 5.0 5.0 5.0 5.0 0.0 0.216 2 TOUCH_MOVE o
1401701401401 6 4098 75.47089 937.951 0.3 5.0 5.0 5.0 5.0 0.0 0.192 2 TOUCH_MOVE a
1401701401419 6 4098 618.5 846.951 0.26666668 5.0 5.0 5.0 5.0 0.0 0.216 2 TOUCH_MOVE o
1401701401420 6 4098 73.0 939.951 0.23333335 4.0 4.0 4.0 4.0 0.0 0.148 2 TOUCH_MOVE a
1401701401421 6 4098 618.5 846.951 0.26666668 5.0 5.0 5.0 5.0 0.0 0.216 2 TOUCH_MOVE o
1401701401425 6 4098 73.0 939.951 0.23333335 4.0 4.0 4.0 4.0 0.0 0.148 1 TOUCH_UP a
1401701401464 6 4098 617.015 847.451 0.26666668 5.0 5.0 5.0 5.0 0.0 0.22800002 2 TOUCH_MOVE o
1401701401479 6 4098 617.5 847.951 0.20000002 4.0 4.0 4.0 4.0 0.0 0.18 2 TOUCH_MOVE o
1401701401484 6 4098 617.5 847.951 0.20000002 4.0 4.0 4.0 4.0 0.0 0.18 1 TOUCH_UP o
1401701401907 6 4098 267.5 1200.4509 0.26666668 5.0 5.0 5.0 5.0 0.0 0.21200001 0 TOUCH_DOWN Space
1401701401917 6 4098 267.5 1200.4509 0.26666668 5.0 5.0 5.0 5.0 0.0 0.216 2 TOUCH_MOVE Space
1401701402000 6 4098 267.5 1197.9854 0.3 5.0 5.0 5.0 5.0 0.0 0.224 2 TOUCH_MOVE Space
1401701402017 6 4098 267.0 1193.9509 0.23333335 4.0 4.0 4.0 4.0 0.0 0.20400001 2 TOUCH_MOVE Space
1401701402027 6 4098 267.0 1193.9509 0.26666668 5.0 5.0 5.0 5.0 0.0 0.17600001 2 TOUCH_MOVE Space
1401701402032 6 4098 267.0 1193.9509 0.26666668 5.0 5.0 5.0 5.0 0.0 0.17600001 1 TOUCH_UP Space
1401701402144 6 4098 299.5 1094.9509 0.26666668 4.0 4.0 4.0 4.0 0.0 0.23200001 0 TOUCH_DOWN c
1401701402167 6 4098 299.97375 1094.9509 0.3 5.0 5.0 5.0 5.0 0.0 0.24000001 2 TOUCH_MOVE c
1401701402184 6 4098 301.31683 1095.3594 0.33333334 5.0 5.0 5.0 5.0 0.0 0.24800001 2 TOUCH_MOVE c
1401701402201 6 4098 302.3462 1095.9509 0.33333334 5.0 5.0 5.0 5.0 0.0 0.24800001 2 TOUCH_MOVE c
1401701402217 6 4098 303.33658 1096.2875 0.33333334 5.0 5.0 5.0 5.0 0.0 0.24400002 2 TOUCH_MOVE c
1401701402234 6 4098 303.75 1096.7009 0.33333334 5.0 5.0 5.0 5.0 0.0 0.24400002 2 TOUCH_MOVE c
1401701402259 6 4098 303.5 1096.4509 0.20000002 3.0 3.0 3.0 3.0 0.0 0.2 2 TOUCH_MOVE c
1401701402262 6 4098 303.5 1096.4509 0.20000002 3.0 3.0 3.0 3.0 0.0 0.2 1 TOUCH_UP c
1401701402292 6 4098 626.0 798.451 0.20000002 4.0 4.0 4.0 4.0 0.0 0.20400001 0 TOUCH_DOWN o
1401701402301 6 4098 626.0 798.451 0.23333335 5.0 5.0 5.0 5.0 0.0 0.21200001 2 TOUCH_MOVE o
1401701402334 6 4098 624.9706 798.451 0.26666668 5.0 5.0 5.0 5.0 0.0 0.22000001 2 TOUCH_MOVE o
1401701402374 6 4098 624.9706 798.451 0.26666668 5.0 5.0 5.0 5.0 0.0 0.22000001 1 TOUCH_UP o
1401701402857 6 4098 276.0 1197.4509 0.23333335 5.0 5.0 5.0 5.0 0.0 0.208 0 TOUCH_DOWN Space
1401701402918 6 4098 276.0 1195.9198 0.26666668 5.0 5.0 5.0 5.0 0.0 0.22000001 2 TOUCH_MOVE Space
1401701402935 6 4098 275.0 1190.9509 0.3 5.0 5.0 5.0 5.0 0.0 0.19600001 2 TOUCH_MOVE Space
1401701402939 6 4098 275.0 1190.9509 0.3 5.0 5.0 5.0 5.0 0.0 0.19600001 1 TOUCH_UP Space
1401701403204 6 4098 360.0 975.951 0.23333335 4.0 4.0 4.0 4.0 0.0 0.21200001 0 TOUCH_DOWN g
1401701403233 6 4098 360.0 975.951 0.26666668 4.0 4.0 4.0 4.0 0.0 0.216 2 TOUCH_MOVE g
1401701403289 6 4098 360.0 975.951 0.20000002 4.0 4.0 4.0 4.0 0.0 0.18400002 2 TOUCH_MOVE g
1401701403292 6 4098 360.0 975.951 0.20000002 4.0 4.0 4.0 4.0 0.0 0.18400002 1 TOUCH_UP g
1401701403445 6 4098 536.0 861.951 0.23333335 4.0 4.0 4.0 4.0 0.0 0.21200001 0 TOUCH_DOWN i
1401701403452 6 4098 536.0 861.951 0.23333335 4.0 4.0 4.0 4.0 0.0 0.22000001 2 TOUCH_MOVE i
1401701403469 6 4098 535.4796 862.4714 0.3 5.0 5.0 5.0 5.0 0.0 0.22800002 2 TOUCH_MOVE i
1401701403485 6 4098 534.4997 863.4513 0.3 5.0 5.0 5.0 5.0 0.0 0.23200001 2 TOUCH_MOVE i
1401701403512 6 4098 534.0 863.88403 0.3 5.0 5.0 5.0 5.0 0.0 0.23200001 2 TOUCH_MOVE i
1401701403528 6 4098 534.0 863.951 0.3 5.0 5.0 5.0 5.0 0.0 0.23200001 2 TOUCH_MOVE i
1401701403535 6 4098 534.0 863.951 0.23333335 4.0 4.0 4.0 4.0 0.0 0.208 2 TOUCH_MOVE i
1401701403540 6 4098 534.0 863.951 0.20000002 4.0 4.0 4.0 4.0 0.0 0.18 2 TOUCH_MOVE i
1401701403543 6 4098 534.0 863.951 0.20000002 4.0 4.0 4.0 4.0 0.0 0.18 1 TOUCH_UP i
1401701403644 6 4098 49.5 940.451 0.26666668 5.0 5.0 5.0 5.0 0.0 0.18 0 TOUCH_DOWN a
1401701403652 6 4098 49.5 940.451 0.26666668 5.0 5.0 5.0 5.0 0.0 0.18400002 2 TOUCH_MOVE a
1401701403669 6 4098 50.59942 940.451 0.26666668 5.0 5.0 5.0 5.0 0.0 0.192 2 TOUCH_MOVE a
1401701403685 6 4098 54.728188 939.3939 0.26666668 5.0 5.0 5.0 5.0 0.0 0.19600001 2 TOUCH_MOVE a
1401701403702 6 4098 57.570568 938.4275 0.23333335 4.0 4.0 4.0 4.0 0.0 0.19600001 2 TOUCH_MOVE a
1401701403720 6 4098 59.468918 937.46655 0.23333335 4.0 4.0 4.0 4.0 0.0 0.19600001 2 TOUCH_MOVE a
1401701403735 6 4098 60.25 936.701 0.23333335 4.0 4.0 4.0 4.0 0.0 0.19600001 2 TOUCH_MOVE a
1401701403801 6 4098 59.18595 936.951 0.26666668 5.0 5.0 5.0 5.0 0.0 0.192 2 TOUCH_MOVE a
1401701403809 6 4098 55.5 938.451 0.26666668 5.0 5.0 5.0 5.0 0.0 0.18 2 TOUCH_MOVE a
1401701403812 6 4098 55.5 938.451 0.26666668 5.0 5.0 5.0 5.0 0.0 0.18 1 TOUCH_UP a
1401701403888 6 4098 623.5 846.951 0.23333335 4.0 4.0 4.0 4.0 0.0 0.20400001 0 TOUCH_DOWN o
1401701403903 6 4098 623.5 846.951 0.26666668 5.0 5.0 5.0 5.0 0.0 0.21200001 2 TOUCH_MOVE o
1401701403982 6 4098 624.0 846.951 0.13333334 2.0 2.0 2.0 2.0 0.0 0.156 2 TOUCH_MOVE o
1401701403986 6 4098 624.0 846.951 0.13333334 2.0 2.0 2.0 2.0 0.0 0.156 1 TOUCH_UP o
1401701404486 6 4098 238.5 1219.9509 0.20000002 3.0 3.0 3.0 3.0 0.0 0.20400001 0 TOUCH_DOWN Space
1401701404536 6 4098 239.15512 1219.9509 0.23333335 4.0 4.0 4.0 4.0 0.0 0.224 2 TOUCH_MOVE Space
1401701404553 6 4098 240.03036 1219.9509 0.23333335 4.0 4.0 4.0 4.0 0.0 0.22000001 2 TOUCH_MOVE Space
1401701404570 6 4098 240.75 1219.9509 0.23333335 4.0 4.0 4.0 4.0 0.0 0.224 2 TOUCH_MOVE Space
1401701404620 6 4098 239.53116 1219.9509 0.23333335 4.0 4.0 4.0 4.0 0.0 0.208 2 TOUCH_MOVE Space
1401701404632 6 4098 239.5 1219.9509 0.20000002 3.0 3.0 3.0 3.0 0.0 0.18800001 2 TOUCH_MOVE Space
1401701404635 6 4098 239.5 1219.9509 0.20000002 3.0 3.0 3.0 3.0 0.0 0.18800001 1 TOUCH_UP Space
1401701405421 6 4098 676.5 1055.9509 0.3 5.0 5.0 5.0 5.0 0.0 0.20400001 0 TOUCH_DOWN Back
1401701405439 6 4098 676.5 1055.9509 0.33333334 5.0 5.0 5.0 5.0 0.0 0.21200001 2 TOUCH_MOVE Back
1401701405454 6 4098 675.433 1056.4844 0.33333334 5.0 5.0 5.0 5.0 0.0 0.224 2 TOUCH_MOVE Back
1401701405478 6 4098 673.87415 1057.4509 0.33333334 5.0 5.0 5.0 5.0 0.0 0.224 2 TOUCH_MOVE Back
1401701405487 6 4098 672.4756 1057.9753 0.33333334 5.0 5.0 5.0 5.0 0.0 0.22000001 2 TOUCH_MOVE Back
1401701405504 6 4098 671.51025 1058.4509 0.33333334 5.0 5.0 5.0 5.0 0.0 0.22000001 2 TOUCH_MOVE Back
1401701405527 6 4098 668.7106 1060.3246 0.3 5.0 5.0 5.0 5.0 0.0 0.208 2 TOUCH_MOVE Back
1401701405529 6 4098 668.5 1060.4509 0.3 5.0 5.0 5.0 5.0 0.0 0.18400002 2 TOUCH_MOVE Back
1401701405533 6 4098 668.5 1060.4509 0.3 5.0 5.0 5.0 5.0 0.0 0.18400002 1 TOUCH_UP Back
1401701405720 6 4098 415.5 1203.4509 0.16666667 3.0 3.0 3.0 3.0 0.0 0.19600001 0 TOUCH_DOWN ,
1401701405742 6 4098 415.5 1203.4509 0.20000002 3.0 3.0 3.0 3.0 0.0 0.208 2 TOUCH_MOVE ,
1401701405771 6 4098 415.11914 1203.9509 0.23333335 4.0 4.0 4.0 4.0 0.0 0.224 2 TOUCH_MOVE ,
1401701405787 6 4098 414.75 1203.9509 0.23333335 4.0 4.0 4.0 4.0 0.0 0.224 2 TOUCH_MOVE ,
1401701405824 6 4098 414.75 1203.9509 0.23333335 4.0 4.0 4.0 4.0 0.0 0.224 1 TOUCH_UP ,
1401701406348 6 4098 238.5 1203.4509 0.23333335 4.0 4.0 4.0 4.0 0.0 0.208 0 TOUCH_DOWN Space
1401701406367 6 4098 238.5 1203.495 0.23333335 4.0 4.0 4.0 4.0 0.0 0.216 2 TOUCH_MOVE Space
1401701406373 6 4098 238.5 1203.9757 0.23333335 4.0 4.0 4.0 4.0 0.0 0.224 2 TOUCH_MOVE Space
1401701406388 6 4098 239.51274 1203.9509 0.23333335 4.0 4.0 4.0 4.0 0.0 0.22800002 2 TOUCH_MOVE Space
1401701406404 6 4098 240.46754 1203.9509 0.23333335 4.0 4.0 4.0 4.0 0.0 0.22800002 2 TOUCH_MOVE Space
1401701406425 6 4098 241.37009 1203.9509 0.23333335 4.0 4.0 4.0 4.0 0.0 0.22800002 2 TOUCH_MOVE Space
1401701406466 6 4098 242.75 1203.9509 0.23333335 4.0 4.0 4.0 4.0 0.0 0.22800002 2 TOUCH_MOVE Space
1401701406492 6 4098 242.5 1203.9509 0.13333334 2.0 2.0 2.0 2.0 0.0 0.172 2 TOUCH_MOVE Space
1401701406495 6 4098 242.5 1203.9509 0.13333334 2.0 2.0 2.0 2.0 0.0 0.172 1 TOUCH_UP Space
1401701407824 6 4098 294.5 1097.4509 0.26666668 4.0 4.0 4.0 4.0 0.0 0.21200001 0 TOUCH_DOWN c
1401701407839 6 4098 294.5 1097.4509 0.26666668 4.0 4.0 4.0 4.0 0.0 0.216 2 TOUCH_MOVE c
1401701407856 6 4098 294.5 1098.172 0.26666668 4.0 4.0 4.0 4.0 0.0 0.22800002 2 TOUCH_MOVE c
1401701407874 6 4098 295.19113 1099.1421 0.3 5.0 5.0 5.0 5.0 0.0 0.23200001 2 TOUCH_MOVE c
1401701407889 6 4098 296.15753 1100.1085 0.3 5.0 5.0 5.0 5.0 0.0 0.23600002 2 TOUCH_MOVE c
1401701407906 6 4098 296.5 1101.0714 0.3 5.0 5.0 5.0 5.0 0.0 0.23600002 2 TOUCH_MOVE c
1401701407922 6 4098 296.5 1102.0139 0.33333334 5.0 5.0 5.0 5.0 0.0 0.24000001 2 TOUCH_MOVE c
1401701407939 6 4098 296.5 1102.7009 0.33333334 5.0 5.0 5.0 5.0 0.0 0.24000001 2 TOUCH_MOVE c
1401701407974 6 4098 296.5 1102.4509 0.26666668 4.0 4.0 4.0 4.0 0.0 0.216 2 TOUCH_MOVE c
1401701407980 6 4098 296.5 1102.4509 0.26666668 4.0 4.0 4.0 4.0 0.0 0.18800001 2 TOUCH_MOVE c
1401701407983 6 4098 296.5 1102.4509 0.26666668 4.0 4.0 4.0 4.0 0.0 0.18800001 1 TOUCH_UP c
1401701408041 6 4098 402.0 961.451 0.26666668 4.0 4.0 4.0 4.0 0.0 0.216 0 TOUCH_DOWN h
1401701408056 6 4098 402.0 961.451 0.26666668 4.0 4.0 4.0 4.0 0.0 0.224 2 TOUCH_MOVE h
1401701408090 6 4098 402.7035 962.1545 0.3 5.0 5.0 5.0 5.0 0.0 0.23600002 2 TOUCH_MOVE h
1401701408106 6 4098 403.6629 963.1139 0.3 5.0 5.0 5.0 5.0 0.0 0.24000001 2 TOUCH_MOVE h
1401701408128 6 4098 404.69455 962.951 0.3 5.0 5.0 5.0 5.0 0.0 0.23200001 2 TOUCH_MOVE h
1401701408140 6 4098 407.89404 962.3525 0.26666668 4.0 4.0 4.0 4.0 0.0 0.21200001 2 TOUCH_MOVE h
1401701408150 6 4098 407.5 962.451 0.20000002 3.0 3.0 3.0 3.0 0.0 0.18800001 2 TOUCH_MOVE h
1401701408156 6 4098 407.5 962.451 0.20000002 3.0 3.0 3.0 3.0 0.0 0.18800001 1 TOUCH_UP h
1401701408225 6 4098 69.5 941.951 0.23333335 5.0 5.0 5.0 5.0 0.0 0.18800001 0 TOUCH_DOWN a
1401701408239 6 4098 69.5 941.951 0.23333335 5.0 5.0 5.0 5.0 0.0 0.192 2 TOUCH_MOVE a
1401701408274 6 4098 72.04024 940.68085 0.3 5.0 5.0 5.0 5.0 0.0 0.2 2 TOUCH_MOVE a
1401701408289 6 4098 73.52361 939.6892 0.3 5.0 5.0 5.0 5.0 0.0 0.20400001 2 TOUCH_MOVE a
1401701408306 6 4098 74.70334 939.451 0.3 5.0 5.0 5.0 5.0 0.0 0.2 2 TOUCH_MOVE a
1401701408340 6 4098 73.9693 939.451 0.26666668 5.0 5.0 5.0 5.0 0.0 0.19600001 2 TOUCH_MOVE a
1401701408341 6 4098 72.5 940.451 0.26666668 5.0 5.0 5.0 5.0 0.0 0.18400002 2 TOUCH_MOVE a
1401701408346 6 4098 605.5 839.451 0.3 5.0 5.0 5.0 5.0 0.0 0.216 0 TOUCH_DOWN o
1401701408347 6 4098 72.5 940.451 0.26666668 5.0 5.0 5.0 5.0 0.0 0.18400002 2 TOUCH_MOVE a
1401701408358 6 4098 604.5 839.951 0.3 5.0 5.0 5.0 5.0 0.0 0.224 2 TOUCH_MOVE o
1401701408362 6 4098 72.5 940.451 0.26666668 5.0 5.0 5.0 5.0 0.0 0.18400002 1 TOUCH_UP a
1401701408369 6 4098 604.5 839.951 0.3 5.0 5.0 5.0 5.0 0.0 0.224 2 TOUCH_MOVE o
1401701408394 6 4098 603.4612 839.9898 0.3 5.0 5.0 5.0 5.0 0.0 0.23200001 2 TOUCH_MOVE o
1401701408408 6 4098 602.75 840.701 0.3 5.0 5.0 5.0 5.0 0.0 0.23200001 2 TOUCH_MOVE o
1401701408427 6 4098 603.5 840.951 0.26666668 5.0 5.0 5.0 5.0 0.0 0.18800001 2 TOUCH_MOVE o
1401701408430 6 4098 603.5 840.951 0.26666668 5.0 5.0 5.0 5.0 0.0 0.18800001 1 TOUCH_UP o
1401701409110 6 4098 249.0 1230.4509 0.20000002 3.0 3.0 3.0 3.0 0.0 0.19600001 0 TOUCH_DOWN Space
1401701409124 6 4098 249.0 1230.4509 0.23333335 4.0 4.0 4.0 4.0 0.0 0.20400001 2 TOUCH_MOVE Space
1401701409159 6 4098 249.0 1229.6501 0.23333335 4.0 4.0 4.0 4.0 0.0 0.21200001 2 TOUCH_MOVE Space
1401701409178 6 4098 249.0 1228.7009 0.23333335 4.0 4.0 4.0 4.0 0.0 0.216 2 TOUCH_MOVE Space
1401701409190 6 4098 249.0 1228.2009 0.23333335 4.0 4.0 4.0 4.0 0.0 0.21200001 2 TOUCH_MOVE Space
1401701409240 6 4098 249.0 1228.2009 0.23333335 4.0 4.0 4.0 4.0 0.0 0.21200001 1 TOUCH_UP Space
1401701409331 6 4098 427.5 1093.9509 0.26666668 4.0 4.0 4.0 4.0 0.0 0.216 0 TOUCH_DOWN b
1401701409382 6 4098 427.5 1094.1812 0.26666668 4.0 4.0 4.0 4.0 0.0 0.22800002 2 TOUCH_MOVE b
1401701409391 6 4098 427.5 1095.2378 0.26666668 4.0 4.0 4.0 4.0 0.0 0.22800002 2 TOUCH_MOVE b
1401701409408 6 4098 427.5 1096.1704 0.26666668 4.0 4.0 4.0 4.0 0.0 0.224 2 TOUCH_MOVE b
1401701409430 6 4098 427.5 1096.1704 0.26666668 4.0 4.0 4.0 4.0 0.0 0.224 1 TOUCH_UP b
1401701409497 6 4098 65.0 948.451 0.23333335 4.0 4.0 4.0 4.0 0.0 0.18800001 0 TOUCH_DOWN a
1401701409507 6 4098 65.0 948.451 0.23333335 4.0 4.0 4.0 4.0 0.0 0.19600001 2 TOUCH_MOVE a
1401701409524 6 4098 65.50102 948.451 0.20000002 4.0 4.0 4.0 4.0 0.0 0.20400001 2 TOUCH_MOVE a
1401701409543 6 4098 67.432434 948.451 0.20000002 4.0 4.0 4.0 4.0 0.0 0.20400001 2 TOUCH_MOVE a
1401701409558 6 4098 68.84727 947.52734 0.20000002 4.0 4.0 4.0 4.0 0.0 0.20400001 2 TOUCH_MOVE a
1401701409578 6 4098 70.27729 946.951 0.3 5.0 5.0 5.0 5.0 0.0 0.208 2 TOUCH_MOVE a
1401701409591 6 4098 70.75 946.951 0.26666668 4.0 4.0 4.0 4.0 0.0 0.20400001 2 TOUCH_MOVE a
1401701409624 6 4098 70.0 947.451 0.23333335 4.0 4.0 4.0 4.0 0.0 0.18800001 2 TOUCH_MOVE a
1401701409631 6 4098 70.0 947.451 0.20000002 3.0 3.0 3.0 3.0 0.0 0.148 2 TOUCH_MOVE a
1401701409635 6 4098 70.0 947.451 0.20000002 3.0 3.0 3.0 3.0 0.0 0.148 1 TOUCH_UP a
1401701409688 6 4098 621.0 829.451 0.33333334 5.0 5.0 5.0 5.0 0.0 0.21200001 0 TOUCH_DOWN o
1401701409708 6 4098 621.0 829.451 0.33333334 5.0 5.0 5.0 5.0 0.0 0.22000001 2 TOUCH_MOVE o
1401701409758 6 4098 621.0 830.428 0.33333334 5.0 5.0 5.0 5.0 0.0 0.216 2 TOUCH_MOVE o
1401701409762 6 4098 621.0 830.451 0.26666668 4.0 4.0 4.0 4.0 0.0 0.19600001 2 TOUCH_MOVE o
1401701409766 6 4098 621.0 830.451 0.26666668 4.0 4.0 4.0 4.0 0.0 0.19600001 1 TOUCH_UP o
1401701410182 6 4098 256.0 1228.4509 0.23333335 4.0 4.0 4.0 4.0 0.0 0.2 0 TOUCH_DOWN Space
1401701410198 6 4098 256.0 1228.4509 0.23333335 4.0 4.0 4.0 4.0 0.0 0.208 2 TOUCH_MOVE Space
1401701410241 6 4098 256.0 1227.5535 0.26666668 5.0 5.0 5.0 5.0 0.0 0.22000001 2 TOUCH_MOVE Space
1401701410258 6 4098 256.0 1227.0201 0.26666668 5.0 5.0 5.0 5.0 0.0 0.22000001 2 TOUCH_MOVE Space
1401701410276 6 4098 256.0 1226.7206 0.26666668 5.0 5.0 5.0 5.0 0.0 0.22000001 2 TOUCH_MOVE Space
1401701410339 6 4098 256.0 1226.7206 0.26666668 5.0 5.0 5.0 5.0 0.0 0.22000001 1 TOUCH_UP Space
1401701410432 6 4098 415.5 1086.9509 0.20000002 3.0 3.0 3.0 3.0 0.0 0.21200001 0 TOUCH_DOWN b
1401701410442 6 4098 415.5 1086.9509 0.26666668 4.0 4.0 4.0 4.0 0.0 0.216 2 TOUCH_MOVE b
1401701410524 6 4098 416.0 1087.4509 0.20000002 3.0 3.0 3.0 3.0 0.0 0.19600001 2 TOUCH_MOVE b
1401701410528 6 4098 416.0 1087.4509 0.20000002 3.0 3.0 3.0 3.0 0.0 0.19600001 1 TOUCH_UP b
1401701410601 6 4098 87.5 973.451 0.20000002 4.0 4.0 4.0 4.0 0.0 0.192 0 TOUCH_DOWN a
1401701410608 6 4098 87.5 973.451 0.20000002 4.0 4.0 4.0 4.0 0.0 0.19600001 2 TOUCH_MOVE a
1401701410642 6 4098 89.00417 972.9489 0.23333335 5.0 5.0 5.0 5.0 0.0 0.20400001 2 TOUCH_MOVE a
1401701410658 6 4098 90.465096 971.9859 0.23333335 5.0 5.0 5.0 5.0 0.0 0.20400001 2 TOUCH_MOVE a
1401701410678 6 4098 91.25 971.951 0.23333335 5.0 5.0 5.0 5.0 0.0 0.2 2 TOUCH_MOVE a
1401701410709 6 4098 92.25 971.451 0.23333335 5.0 5.0 5.0 5.0 0.0 0.20400001 2 TOUCH_MOVE a
1401701410742 6 4098 91.0 971.451 0.20000002 4.0 4.0 4.0 4.0 0.0 0.18800001 2 TOUCH_MOVE a
1401701410750 6 4098 91.0 971.451 0.13333334 2.0 2.0 2.0 2.0 0.0 0.108 2 TOUCH_MOVE a
1401701410754 6 4098 91.0 971.451 0.13333334 2.0 2.0 2.0 2.0 0.0 0.108 1 TOUCH_UP a
1401701410824 6 4098 485.5 1082.4509 0.20000002 4.0 4.0 4.0 4.0 0.0 0.20400001 0 TOUCH_DOWN n
1401701410842 6 4098 485.5 1082.4509 0.20000002 4.0 4.0 4.0 4.0 0.0 0.208 2 TOUCH_MOVE n
1401701410909 6 4098 485.5 1083.3413 0.3 5.0 5.0 5.0 5.0 0.0 0.224 2 TOUCH_MOVE n
1401701410926 6 4098 485.5 1083.7009 0.23333335 4.0 4.0 4.0 4.0 0.0 0.216 2 TOUCH_MOVE n
1401701410938 6 4098 485.5 1083.7009 0.23333335 4.0 4.0 4.0 4.0 0.0 0.216 1 TOUCH_UP n
1401701411012 6 4098 253.5 1226.9509 0.23333335 4.0 4.0 4.0 4.0 0.0 0.208 0 TOUCH_DOWN Space
1401701411014 6 4098 253.5 1226.9509 0.23333335 4.0 4.0 4.0 4.0 0.0 0.21200001 2 TOUCH_MOVE Space
1401701411042 6 4098 254.02614 1226.9509 0.23333335 4.0 4.0 4.0 4.0 0.0 0.22000001 2 TOUCH_MOVE Space
1401701411059 6 4098 255.06921 1226.4509 0.23333335 4.0 4.0 4.0 4.0 0.0 0.22000001 2 TOUCH_MOVE Space
1401701411076 6 4098 255.75 1225.7009 0.26666668 5.0 5.0 5.0 5.0 0.0 0.22000001 2 TOUCH_MOVE Space
1401701411094 6 4098 255.98642 1225.4509 0.26666668 5.0 5.0 5.0 5.0 0.0 0.22000001 2 TOUCH_MOVE Space
1401701411109 6 4098 256.25 1225.4509 0.23333335 4.0 4.0 4.0 4.0 0.0 0.22000001 2 TOUCH_MOVE Space
1401701411159 6 4098 255.5 1226.9509 0.23333335 4.0 4.0 4.0 4.0 0.0 0.20400001 2 TOUCH_MOVE Space
1401701411165 6 4098 255.5 1226.9509 0.16666667 3.0 3.0 3.0 3.0 0.0 0.18 2 TOUCH_MOVE Space
1401701411169 6 4098 255.5 1226.9509 0.16666667 3.0 3.0 3.0 3.0 0.0 0.18 1 TOUCH_UP Space
1401701411303 6 4098 422.0 983.951 0.26666668 4.0 4.0 4.0 4.0 0.0 0.22000001 0 TOUCH_DOWN h
1401701411311 6 4098 422.0 983.951 0.26666668 4.0 4.0 4.0 4.0 0.0 0.224 2 TOUCH_MOVE h
1401701411390 6 4098 423.0 982.951 0.23333335 5.0 5.0 5.0 5.0 0.0 0.156 2 TOUCH_MOVE h
1401701411394 6 4098 423.0 982.951 0.23333335 5.0 5.0 5.0 5.0 0.0 0.156 1 TOUCH_UP h
1401701411537 6 4098 596.0 821.451 0.26666668 4.0 4.0 4.0 4.0 0.0 0.208 0 TOUCH_DOWN o
1401701411577 6 4098 595.08954 822.36145 0.3 5.0 5.0 5.0 5.0 0.0 0.224 2 TOUCH_MOVE o
1401701411593 6 4098 594.25 823.201 0.3 5.0 5.0 5.0 5.0 0.0 0.22000001 2 TOUCH_MOVE o
1401701411609 6 4098 594.25 823.201 0.3 5.0 5.0 5.0 5.0 0.0 0.22000001 1 TOUCH_UP o
1401701411720 6 4098 178.0 835.951 0.26666668 4.0 4.0 4.0 4.0 0.0 0.216 0 TOUCH_DOWN e
1401701411726 6 4098 178.0 835.951 0.3 5.0 5.0 5.0 5.0 0.0 0.224 2 TOUCH_MOVE e
1401701411760 6 4098 180.0006 834.9507 0.33333334 5.0 5.0 5.0 5.0 0.0 0.23600002 2 TOUCH_MOVE e
1401701411778 6 4098 181.91989 833.991 0.33333334 5.0 5.0 5.0 5.0 0.0 0.24000001 2 TOUCH_MOVE e
1401701411793 6 4098 182.92583 833.02515 0.33333334 5.0 5.0 5.0 5.0 0.0 0.24000001 2 TOUCH_MOVE e
1401701411810 6 4098 183.75 832.201 0.33333334 5.0 5.0 5.0 5.0 0.0 0.24000001 2 TOUCH_MOVE e
1401701411827 6 4098 183.5 831.7804 0.33333334 5.0 5.0 5.0 5.0 0.0 0.23600002 2 TOUCH_MOVE e
1401701411843 6 4098 182.05956 831.1375 0.33333334 5.0 5.0 5.0 5.0 0.0 0.224 2 TOUCH_MOVE e
1401701411858 6 4098 179.0 830.451 0.3 5.0 5.0 5.0 5.0 0.0 0.18 2 TOUCH_MOVE e
1401701411862 6 4098 179.0 830.451 0.3 5.0 5.0 5.0 5.0 0.0 0.18 1 TOUCH_UP e
1401701411946 6 4098 502.5 1099.4509 0.3 5.0 5.0 5.0 5.0 0.0 0.2 0 TOUCH_DOWN n
1401701411977 6 4098 502.5 1099.4509 0.3 5.0 5.0 5.0 5.0 0.0 0.216 2 TOUCH_MOVE n
1401701411993 6 4098 502.5 1100.4207 0.3 5.0 5.0 5.0 5.0 0.0 0.216 2 TOUCH_MOVE n
1401701412010 6 4098 502.9364 1100.9509 0.3 5.0 5.0 5.0 5.0 0.0 0.208 2 TOUCH_MOVE n
1401701412022 6 4098 503.0 1100.9509 0.3 5.0 5.0 5.0 5.0 0.0 0.19600001 2 TOUCH_MOVE n
1401701412027 6 4098 503.0 1100.9509 0.3 5.0 5.0 5.0 5.0 0.0 0.19600001 1 TOUCH_UP n
1401701412562 6 4098 670.0 1090.9509 0.26666668 5.0 5.0 5.0 5.0 0.0 0.20400001 0 TOUCH_DOWN Back
1401701412583 6 4098 669.6717 1091.7793 0.3 5.0 5.0 5.0 5.0 0.0 0.216 2 TOUCH_MOVE Back
1401701412594 6 4098 667.06964 1093.7378 0.3 5.0 5.0 5.0 5.0 0.0 0.22000001 2 TOUCH_MOVE Back
1401701412611 6 4098 665.2987 1095.0516 0.3 5.0 5.0 5.0 5.0 0.0 0.22000001 2 TOUCH_MOVE Back
1401701412627 6 4098 665.0 1096.0092 0.3 5.0 5.0 5.0 5.0 0.0 0.22000001 2 TOUCH_MOVE Back
1401701412644 6 4098 665.5089 1095.9509 0.26666668 5.0 5.0 5.0 5.0 0.0 0.20400001 2 TOUCH_MOVE Back
1401701412655 6 4098 665.5 1095.9509 0.26666668 5.0 5.0 5.0 5.0 0.0 0.18 2 TOUCH_MOVE Back
1401701412671 6 4098 665.5 1095.9509 0.26666668 5.0 5.0 5.0 5.0 0.0 0.18 1 TOUCH_UP Back
1401701412754 6 4098 685.0 1092.9509 0.20000002 3.0 3.0 3.0 3.0 0.0 0.192 0 TOUCH_DOWN Back
1401701412780 6 4098 685.0 1092.9509 0.23333335 4.0 4.0 4.0 4.0 0.0 0.2 2 TOUCH_MOVE Back
1401701412835 6 4098 685.0 1092.9509 0.23333335 4.0 4.0 4.0 4.0 0.0 0.2 1 TOUCH_UP Back
1401701412940 6 4098 687.5 1091.4509 0.20000002 3.0 3.0 3.0 3.0 0.0 0.18800001 0 TOUCH_DOWN Back
1401701412980 6 4098 687.5 1091.865 0.20000002 3.0 3.0 3.0 3.0 0.0 0.192 2 TOUCH_MOVE Back
1401701413010 6 4098 686.0 1094.4509 0.20000002 3.0 3.0 3.0 3.0 0.0 0.18 2 TOUCH_MOVE Back
1401701413014 6 4098 686.0 1094.4509 0.20000002 3.0 3.0 3.0 3.0 0.0 0.18 1 TOUCH_UP Back
1401701413565 6 4098 552.0 812.951 0.3 5.0 5.0 5.0 5.0 0.0 0.216 0 TOUCH_DOWN i
1401701413584 6 4098 552.0 812.951 0.3 5.0 5.0 5.0 5.0 0.0 0.224 2 TOUCH_MOVE i
1401701413611 6 4098 552.0 814.2829 0.3 5.0 5.0 5.0 5.0 0.0 0.24000001 2 TOUCH_MOVE i
1401701413630 6 4098 552.0 815.26404 0.3 5.0 5.0 5.0 5.0 0.0 0.23600002 2 TOUCH_MOVE i
1401701413644 6 4098 552.7855 815.951 0.3 5.0 5.0 5.0 5.0 0.0 0.224 2 TOUCH_MOVE i
1401701413660 6 4098 553.0 815.951 0.26666668 5.0 5.0 5.0 5.0 0.0 0.14400001 2 TOUCH_MOVE i
1401701413663 6 4098 553.0 815.951 0.26666668 5.0 5.0 5.0 5.0 0.0 0.14400001 1 TOUCH_UP i
1401701413774 6 4098 229.5 848.451 0.23333335 4.0 4.0 4.0 4.0 0.0 0.21200001 0 TOUCH_DOWN r
1401701413799 6 4098 229.97214 848.451 0.23333335 4.0 4.0 4.0 4.0 0.0 0.216 2 TOUCH_MOVE r
1401701413813 6 4098 230.88504 848.451 0.26666668 5.0 5.0 5.0 5.0 0.0 0.22800002 2 TOUCH_MOVE r
1401701413828 6 4098 231.86964 848.451 0.3 5.0 5.0 5.0 5.0 0.0 0.23200001 2 TOUCH_MOVE r
1401701413848 6 4098 232.25 848.451 0.3 5.0 5.0 5.0 5.0 0.0 0.22800002 2 TOUCH_MOVE r
1401701413879 6 4098 231.26321 847.7142 0.23333335 4.0 4.0 4.0 4.0 0.0 0.21200001 2 TOUCH_MOVE r
1401701413894 6 4098 229.5 846.951 0.20000002 4.0 4.0 4.0 4.0 0.0 0.18 2 TOUCH_MOVE r
1401701413897 6 4098 229.5 846.951 0.20000002 4.0 4.0 4.0 4.0 0.0 0.18 1 TOUCH_UP r
1401701413973 6 4098 509.5 1099.9509 0.26666668 4.0 4.0 4.0 4.0 0.0 0.20400001 0 TOUCH_DOWN n
1401701413978 6 4098 509.5 1099.9509 0.26666668 4.0 4.0 4.0 4.0 0.0 0.208 2 TOUCH_MOVE n
1401701414013 6 4098 509.5 1100.894 0.26666668 4.0 4.0 4.0 4.0 0.0 0.216 2 TOUCH_MOVE n
1401701414028 6 4098 509.5 1101.8717 0.26666668 4.0 4.0 4.0 4.0 0.0 0.216 2 TOUCH_MOVE n
1401701414045 6 4098 510.78433 1102.8431 0.26666668 4.0 4.0 4.0 4.0 0.0 0.2 2 TOUCH_MOVE n
1401701414050 6 4098 511.0 1102.9509 0.23333335 4.0 4.0 4.0 4.0 0.0 0.17600001 2 TOUCH_MOVE n
1401701414055 6 4098 511.0 1102.9509 0.23333335 4.0 4.0 4.0 4.0 0.0 0.17600001 1 TOUCH_UP n
1401701414654 6 4098 698.5 1094.9509 0.16666667 3.0 3.0 3.0 3.0 0.0 0.192 0 TOUCH_DOWN Back
1401701414679 6 4098 698.5 1095.9248 0.20000002 4.0 4.0 4.0 4.0 0.0 0.2 2 TOUCH_MOVE Back
1401701414697 6 4098 698.06506 1096.8859 0.23333335 4.0 4.0 4.0 4.0 0.0 0.20400001 2 TOUCH_MOVE Back
1401701414712 6 4098 697.5517 1097.3993 0.23333335 4.0 4.0 4.0 4.0 0.0 0.20400001 2 TOUCH_MOVE Back
1401701414727 6 4098 697.5 1097.4509 0.23333335 4.0 4.0 4.0 4.0 0.0 0.2 2 TOUCH_MOVE Back
1401701414733 6 4098 697.5 1097.4509 0.23333335 4.0 4.0 4.0 4.0 0.0 0.2 1 TOUCH_UP Back
1401701414810 6 4098 696.0 1086.9509 0.13333334 2.0 2.0 2.0 2.0 0.0 0.18400002 0 TOUCH_DOWN Back
1401701414849 6 4098 695.40326 1088.0477 0.23333335 4.0 4.0 4.0 4.0 0.0 0.208 2 TOUCH_MOVE Back
1401701414862 6 4098 694.4365 1089.0144 0.23333335 4.0 4.0 4.0 4.0 0.0 0.208 2 TOUCH_MOVE Back
1401701414880 6 4098 693.47504 1088.9509 0.23333335 4.0 4.0 4.0 4.0 0.0 0.208 2 TOUCH_MOVE Back
1401701414899 6 4098 693.5 1088.9509 0.16666667 3.0 3.0 3.0 3.0 0.0 0.18400002 2 TOUCH_MOVE Back
1401701414902 6 4098 693.5 1088.9509 0.16666667 3.0 3.0 3.0 3.0 0.0 0.18400002 1 TOUCH_UP Back
1401701415451 6 4098 199.0 808.451 0.23333335 4.0 4.0 4.0 4.0 0.0 0.20400001 0 TOUCH_DOWN e
1401701415480 6 4098 199.68762 809.6386 0.3 5.0 5.0 5.0 5.0 0.0 0.22000001 2 TOUCH_MOVE e
1401701415496 6 4098 200.64345 810.5944 0.3 5.0 5.0 5.0 5.0 0.0 0.224 2 TOUCH_MOVE e
1401701415513 6 4098 200.5 811.201 0.3 5.0 5.0 5.0 5.0 0.0 0.224 2 TOUCH_MOVE e
1401701415580 6 4098 200.0 810.951 0.23333335 4.0 4.0 4.0 4.0 0.0 0.20400001 2 TOUCH_MOVE e
1401701415584 6 4098 200.0 810.951 0.13333334 2.0 2.0 2.0 2.0 0.0 0.18 2 TOUCH_MOVE e
1401701415588 6 4098 200.0 810.951 0.13333334 2.0 2.0 2.0 2.0 0.0 0.18 1 TOUCH_UP e
1401701415675 6 4098 510.0 1080.4509 0.20000002 4.0 4.0 4.0 4.0 0.0 0.2 0 TOUCH_DOWN n
1401701415697 6 4098 510.0 1080.4509 0.23333335 4.0 4.0 4.0 4.0 0.0 0.20400001 2 TOUCH_MOVE n
1401701415730 6 4098 511.12357 1080.4509 0.20000002 4.0 4.0 4.0 4.0 0.0 0.19600001 2 TOUCH_MOVE n
1401701415739 6 4098 511.5 1080.9509 0.16666667 3.0 3.0 3.0 3.0 0.0 0.18 2 TOUCH_MOVE n
1401701415743 6 4098 511.5 1080.9509 0.16666667 3.0 3.0 3.0 3.0 0.0 0.18 1 TOUCH_UP n
1401701418330 6 4098 683.0 1213.9509 0.23333335 4.0 4.0 4.0 4.0 0.0 0.192 0 TOUCH_DOWN Enter
1401701418349 6 4098 683.0 1213.9509 0.23333335 4.0 4.0 4.0 4.0 0.0 0.2 2 TOUCH_MOVE Enter
1401701418406 6 4098 683.0 1213.9509 0.23333335 4.0 4.0 4.0 4.0 0.0 0.2 1 TOUCH_UP Enter
1401701419578 6 4098 447.0 963.451 0.26666668 5.0 5.0 5.0 5.0 0.0 0.192 0 TOUCH_DOWN H
1401701419614 6 4098 446.67758 963.451 0.23333335 5.0 5.0 5.0 5.0 0.0 0.19600001 2 TOUCH_MOVE H
1401701419620 6 4098 445.21405 963.451 0.23333335 5.0 5.0 5.0 5.0 0.0 0.19600001 2 TOUCH_MOVE H
1401701419634 6 4098 443.2129 963.451 0.26666668 5.0 5.0 5.0 5.0 0.0 0.2 2 TOUCH_MOVE H
1401701419651 6 4098 442.15857 963.451 0.26666668 5.0 5.0 5.0 5.0 0.0 0.18400002 2 TOUCH_MOVE H
1401701419656 6 4098 442.0 963.451 0.16666667 3.0 3.0 3.0 3.0 0.0 0.1 2 TOUCH_MOVE H
1401701419659 6 4098 442.0 963.451 0.16666667 3.0 3.0 3.0 3.0 0.0 0.1 1 TOUCH_UP H
1401701419782 6 4098 482.0 819.451 0.26666668 4.0 4.0 4.0 4.0 0.0 0.216 0 TOUCH_DOWN u
1401701419800 6 4098 482.0 819.451 0.26666668 4.0 4.0 4.0 4.0 0.0 0.22000001 2 TOUCH_MOVE u
1401701419848 6 4098 482.0 820.67474 0.33333334 5.0 5.0 5.0 5.0 0.0 0.23600002 2 TOUCH_MOVE u
1401701419851 6 4098 482.0 821.1554 0.33333334 5.0 5.0 5.0 5.0 0.0 0.23600002 2 TOUCH_MOVE u
1401701419884 6 4098 482.0 820.951 0.26666668 4.0 4.0 4.0 4.0 0.0 0.21200001 2 TOUCH_MOVE u
1401701419899 6 4098 482.0 820.951 0.26666668 5.0 5.0 5.0 5.0 0.0 0.18800001 2 TOUCH_MOVE u
1401701419902 6 4098 482.0 820.951 0.26666668 5.0 5.0 5.0 5.0 0.0 0.18800001 1 TOUCH_UP u
1401701419925 6 4098 75.0 918.451 0.13333334 2.0 2.0 2.0 2.0 0.0 0.18800001 0 TOUCH_DOWN a
1401701419936 6 4098 77.34501 918.451 0.16666667 3.0 3.0 3.0 3.0 0.0 0.192 2 TOUCH_MOVE a
1401701419951 6 4098 78.18535 918.451 0.20000002 4.0 4.0 4.0 4.0 0.0 0.20400001 2 TOUCH_MOVE a
1401701419967 6 4098 79.14875 918.451 0.20000002 4.0 4.0 4.0 4.0 0.0 0.20400001 2 TOUCH_MOVE a
1401701419984 6 4098 79.75 918.451 0.20000002 4.0 4.0 4.0 4.0 0.0 0.20400001 2 TOUCH_MOVE a
1401701420051 6 4098 76.6344 919.4174 0.23333335 4.0 4.0 4.0 4.0 0.0 0.19600001 2 TOUCH_MOVE a
1401701420063 6 4098 75.5 919.451 0.13333334 2.0 2.0 2.0 2.0 0.0 0.116000004 2 TOUCH_MOVE a
1401701420067 6 4098 75.5 919.451 0.13333334 2.0 2.0 2.0 2.0 0.0 0.116000004 1 TOUCH_UP a
1401701420523 6 4098 322.0 1201.4509 0.23333335 4.0 4.0 4.0 4.0 0.0 0.21200001 0 TOUCH_DOWN Space
1401701420634 6 4098 322.0 1201.4509 0.26666668 5.0 5.0 5.0 5.0 0.0 0.20400001 2 TOUCH_MOVE Space
1401701420645 6 4098 322.0 1201.4509 0.26666668 5.0 5.0 5.0 5.0 0.0 0.20400001 1 TOUCH_UP Space
1401701420802 6 4098 346.5 1089.9509 0.26666668 4.0 4.0 4.0 4.0 0.0 0.23200001 0 TOUCH_DOWN v
1401701420820 6 4098 346.86243 1089.9509 0.33333334 5.0 5.0 5.0 5.0 0.0 0.23600002 2 TOUCH_MOVE v
1401701420835 6 4098 347.68405 1089.9509 0.33333334 5.0 5.0 5.0 5.0 0.0 0.24400002 2 TOUCH_MOVE v
1401701420851 6 4098 348.67166 1089.9509 0.33333334 5.0 5.0 5.0 5.0 0.0 0.24400002 2 TOUCH_MOVE v
1401701420868 6 4098 349.6341 1089.9509 0.3 5.0 5.0 5.0 5.0 0.0 0.24800001 2 TOUCH_MOVE v
1401701420918 6 4098 349.5 1089.9509 0.16666667 3.0 3.0 3.0 3.0 0.0 0.112 2 TOUCH_MOVE v
1401701420930 6 4098 349.5 1089.9509 0.16666667 3.0 3.0 3.0 3.0 0.0 0.112 1 TOUCH_UP v
1401701420977 6 4098 635.0 830.451 0.26666668 5.0 5.0 5.0 5.0 0.0 0.2 0 TOUCH_DOWN o
1401701421018 6 4098 634.4383 830.451 0.3 5.0 5.0 5.0 5.0 0.0 0.216 2 TOUCH_MOVE o
1401701421035 6 4098 632.4799 830.451 0.33333334 5.0 5.0 5.0 5.0 0.0 0.216 2 TOUCH_MOVE o
1401701421051 6 4098 628.48645 830.00354 0.3 5.0 5.0 5.0 5.0 0.0 0.20400001 2 TOUCH_MOVE o
1401701421059 6 4098 626.0 829.451 0.33333334 5.0 5.0 5.0 5.0 0.0 0.17600001 2 TOUCH_MOVE o
1401701421062 6 4098 626.0 829.451 0.33333334 5.0 5.0 5.0 5.0 0.0 0.17600001 1 TOUCH_UP o
1401701421147 6 4098 558.5 800.451 0.23333335 5.0 5.0 5.0 5.0 0.0 0.208 0 TOUCH_DOWN i
1401701421152 6 4098 558.5 800.451 0.26666668 5.0 5.0 5.0 5.0 0.0 0.216 2 TOUCH_MOVE i
1401701421185 6 4098 558.5 801.3781 0.3 5.0 5.0 5.0 5.0 0.0 0.22800002 2 TOUCH_MOVE i
1401701421204 6 4098 558.5 802.83997 0.3 5.0 5.0 5.0 5.0 0.0 0.22800002 2 TOUCH_MOVE i
1401701421218 6 4098 558.5 803.701 0.26666668 5.0 5.0 5.0 5.0 0.0 0.216 2 TOUCH_MOVE i
1401701421238 6 4098 558.5 803.701 0.26666668 5.0 5.0 5.0 5.0 0.0 0.216 1 TOUCH_UP i
1401701422004 6 4098 273.0 1217.4509 0.26666668 5.0 5.0 5.0 5.0 0.0 0.208 0 TOUCH_DOWN Space
1401701422109 6 4098 273.0 1217.4509 0.23333335 4.0 4.0 4.0 4.0 0.0 0.16800001 2 TOUCH_MOVE Space
1401701422112 6 4098 273.0 1217.4509 0.23333335 4.0 4.0 4.0 4.0 0.0 0.16800001 1 TOUCH_UP Space
1401701422267 6 4098 287.0 1101.9509 0.26666668 4.0 4.0 4.0 4.0 0.0 0.224 0 TOUCH_DOWN c
1401701422271 6 4098 287.0 1101.9509 0.26666668 4.0 4.0 4.0 4.0 0.0 0.22800002 2 TOUCH_MOVE c
1401701422303 6 4098 288.3102 1103.3561 0.33333334 5.0 5.0 5.0 5.0 0.0 0.24000001 2 TOUCH_MOVE c
1401701422321 6 4098 290.26083 1104.3313 0.33333334 5.0 5.0 5.0 5.0 0.0 0.24000001 2 TOUCH_MOVE c
1401701422336 6 4098 291.84784 1104.7988 0.33333334 5.0 5.0 5.0 5.0 0.0 0.24400002 2 TOUCH_MOVE c
1401701422353 6 4098 292.75 1104.9509 0.33333334 5.0 5.0 5.0 5.0 0.0 0.24000001 2 TOUCH_MOVE c
1401701422385 6 4098 292.5 1104.9509 0.26666668 4.0 4.0 4.0 4.0 0.0 0.19600001 2 TOUCH_MOVE c
1401701422388 6 4098 292.5 1104.9509 0.26666668 4.0 4.0 4.0 4.0 0.0 0.19600001 1 TOUCH_UP c
1401701422433 6 4098 628.5 801.451 0.20000002 4.0 4.0 4.0 4.0 0.0 0.208 0 TOUCH_DOWN o
1401701422454 6 4098 628.5 801.451 0.26666668 5.0 5.0 5.0 5.0 0.0 0.216 2 TOUCH_MOVE o
1401701422470 6 4098 627.95026 802.50073 0.3 5.0 5.0 5.0 5.0 0.0 0.23200001 2 TOUCH_MOVE o
1401701422486 6 4098 627.5 803.9619 0.3 5.0 5.0 5.0 5.0 0.0 0.23200001 2 TOUCH_MOVE o
1401701422503 6 4098 627.5 804.9284 0.3 5.0 5.0 5.0 5.0 0.0 0.23200001 2 TOUCH_MOVE o
1401701422520 6 4098 627.5 805.701 0.26666668 5.0 5.0 5.0 5.0 0.0 0.22000001 2 TOUCH_MOVE o
1401701422526 6 4098 627.5 805.701 0.26666668 5.0 5.0 5.0 5.0 0.0 0.22000001 1 TOUCH_UP o
1401701423815 6 4098 264.5 1223.9509 0.23333335 4.0 4.0 4.0 4.0 0.0 0.208 0 TOUCH_DOWN Space
1401701423824 6 4098 264.5 1223.9509 0.26666668 5.0 5.0 5.0 5.0 0.0 0.21200001 2 TOUCH_MOVE Space
1401701423872 6 4098 264.5 1223.3674 0.26666668 5.0 5.0 5.0 5.0 0.0 0.22000001 2 TOUCH_MOVE Space
1401701423888 6 4098 264.5 1222.7631 0.26666668 5.0 5.0 5.0 5.0 0.0 0.22000001 2 TOUCH_MOVE Space
1401701423937 6 4098 263.5 1222.9509 0.23333335 4.0 4.0 4.0 4.0 0.0 0.2 2 TOUCH_MOVE Space
1401701423942 6 4098 263.5 1222.9509 0.23333335 4.0 4.0 4.0 4.0 0.0 0.2 1 TOUCH_UP Space
1401701424039 6 4098 499.5 1112.9509 0.33333334 5.0 5.0 5.0 5.0 0.0 0.20400001 0 TOUCH_DOWN n
1401701424055 6 4098 499.5 1112.9509 0.33333334 5.0 5.0 5.0 5.0 0.0 0.208 2 TOUCH_MOVE n
1401701424105 6 4098 499.5 1112.0587 0.33333334 5.0 5.0 5.0 5.0 0.0 0.208 2 TOUCH_MOVE n
1401701424122 6 4098 499.5 1111.9509 0.33333334 5.0 5.0 5.0 5.0 0.0 0.20400001 2 TOUCH_MOVE n
1401701424130 6 4098 499.5 1111.9509 0.26666668 4.0 4.0 4.0 4.0 0.0 0.18 2 TOUCH_MOVE n
1401701424133 6 4098 499.5 1111.9509 0.26666668 4.0 4.0 4.0 4.0 0.0 0.18 1 TOUCH_UP n
1401701424261 6 4098 354.0 965.951 0.26666668 4.0 4.0 4.0 4.0 0.0 0.224 0 TOUCH_DOWN g
1401701424272 6 4098 354.0 965.951 0.26666668 4.0 4.0 4.0 4.0 0.0 0.22800002 2 TOUCH_MOVE g
1401701424306 6 4098 354.0 965.0154 0.33333334 5.0 5.0 5.0 5.0 0.0 0.23600002 2 TOUCH_MOVE g
1401701424326 6 4098 354.0 964.201 0.33333334 5.0 5.0 5.0 5.0 0.0 0.24000001 2 TOUCH_MOVE g
1401701424355 6 4098 355.33066 964.12036 0.26666668 4.0 4.0 4.0 4.0 0.0 0.224 2 TOUCH_MOVE g
1401701424379 6 4098 357.5 963.451 0.13333334 2.0 2.0 2.0 2.0 0.0 0.104 2 TOUCH_MOVE g
1401701424382 6 4098 357.5 963.451 0.13333334 2.0 2.0 2.0 2.0 0.0 0.104 1 TOUCH_UP g
1401701424417 6 4098 54.0 957.951 0.20000002 3.0 3.0 3.0 3.0 0.0 0.18800001 0 TOUCH_DOWN a
1401701424438 6 4098 54.0 957.951 0.20000002 3.0 3.0 3.0 3.0 0.0 0.192 2 TOUCH_MOVE a
1401701424455 6 4098 59.193195 955.6044 0.23333335 4.0 4.0 4.0 4.0 0.0 0.208 2 TOUCH_MOVE a
1401701424471 6 4098 64.53228 953.43805 0.20000002 4.0 4.0 4.0 4.0 0.0 0.208 2 TOUCH_MOVE a
1401701424488 6 4098 68.61764 951.9118 0.20000002 4.0 4.0 4.0 4.0 0.0 0.21200001 2 TOUCH_MOVE a
1401701424507 6 4098 70.96649 950.9678 0.26666668 4.0 4.0 4.0 4.0 0.0 0.216 2 TOUCH_MOVE a
1401701424523 6 4098 71.75 950.951 0.26666668 4.0 4.0 4.0 4.0 0.0 0.21200001 2 TOUCH_MOVE a
1401701424556 6 4098 69.44801 951.339 0.23333335 4.0 4.0 4.0 4.0 0.0 0.20400001 2 TOUCH_MOVE a
1401701424570 6 4098 65.5 952.951 0.20000002 3.0 3.0 3.0 3.0 0.0 0.18400002 2 TOUCH_MOVE a
1401701424581 6 4098 65.5 952.951 0.20000002 3.0 3.0 3.0 3.0 0.0 0.18400002 1 TOUCH_UP a
1401701424588 6 4098 403.0 828.451 0.33333334 5.0 5.0 5.0 5.0 0.0 0.23200001 0 TOUCH_DOWN y
1401701424590 6 4098 401.5 829.201 0.33333334 5.0 5.0 5.0 5.0 0.0 0.23600002 2 TOUCH_MOVE y
1401701424625 6 4098 401.4422 828.951 0.33333334 5.0 5.0 5.0 5.0 0.0 0.24400002 2 TOUCH_MOVE y
1401701424655 6 4098 401.5 830.02155 0.3 5.0 5.0 5.0 5.0 0.0 0.22800002 2 TOUCH_MOVE y
1401701424677 6 4098 402.0 830.951 0.20000002 4.0 4.0 4.0 4.0 0.0 0.17600001 2 TOUCH_MOVE y
1401701424680 6 4098 402.0 830.951 0.20000002 4.0 4.0 4.0 4.0 0.0 0.17600001 1 TOUCH_UP y
1401701425193 6 4098 297.0 1230.4509 0.23333335 4.0 4.0 4.0 4.0 0.0 0.20400001 0 TOUCH_DOWN Space
1401701425205 6 4098 297.0 1230.4509 0.23333335 4.0 4.0 4.0 4.0 0.0 0.208 2 TOUCH_MOVE Space
1401701425239 6 4098 297.0 1229.6288 0.26666668 5.0 5.0 5.0 5.0 0.0 0.22000001 2 TOUCH_MOVE Space
1401701425266 6 4098 297.0 1228.633 0.26666668 5.0 5.0 5.0 5.0 0.0 0.22000001 2 TOUCH_MOVE Space
1401701425274 6 4098 297.0 1227.7009 0.26666668 5.0 5.0 5.0 5.0 0.0 0.22000001 2 TOUCH_MOVE Space
1401701425306 6 4098 296.32516 1227.9509 0.26666668 5.0 5.0 5.0 5.0 0.0 0.22000001 2 TOUCH_MOVE Space
1401701425323 6 4098 295.28036 1227.9509 0.23333335 4.0 4.0 4.0 4.0 0.0 0.21200001 2 TOUCH_MOVE Space
1401701425332 6 4098 294.5 1227.9509 0.23333335 4.0 4.0 4.0 4.0 0.0 0.2 2 TOUCH_MOVE Space
1401701425335 6 4098 294.5 1227.9509 0.23333335 4.0 4.0 4.0 4.0 0.0 0.2 1 TOUCH_UP Space
1401701425362 6 4098 508.5 1075.9509 0.23333335 4.0 4.0 4.0 4.0 0.0 0.208 0 TOUCH_DOWN n
1401701425406 6 4098 508.5 1076.4286 0.3 5.0 5.0 5.0 5.0 0.0 0.224 2 TOUCH_MOVE n
1401701425422 6 4098 508.5 1077.366 0.3 5.0 5.0 5.0 5.0 0.0 0.22800002 2 TOUCH_MOVE n
1401701425439 6 4098 508.5 1078.359 0.3 5.0 5.0 5.0 5.0 0.0 0.224 2 TOUCH_MOVE n
1401701425455 6 4098 507.63 1079.3209 0.26666668 5.0 5.0 5.0 5.0 0.0 0.22000001 2 TOUCH_MOVE n
1401701425470 6 4098 507.5 1079.4509 0.23333335 5.0 5.0 5.0 5.0 0.0 0.17600001 2 TOUCH_MOVE n
1401701425476 6 4098 507.5 1079.4509 0.23333335 5.0 5.0 5.0 5.0 0.0 0.17600001 1 TOUCH_UP n
1401701425618 6 4098 356.5 947.951 0.3 5.0 5.0 5.0 5.0 0.0 0.22000001 0 TOUCH_DOWN g
1401701425718 6 4098 356.5 947.951 0.3 5.0 5.0 5.0 5.0 0.0 0.22000001 1 TOUCH_UP g
1401701425779 6 4098 62.0 964.951 0.16666667 3.0 3.0 3.0 3.0 0.0 0.192 0 TOUCH_DOWN a
1401701425789 6 4098 62.0 964.951 0.20000002 3.0 3.0 3.0 3.0 0.0 0.2 2 TOUCH_MOVE a
1401701425806 6 4098 63.632706 964.40674 0.23333335 4.0 4.0 4.0 4.0 0.0 0.20400001 2 TOUCH_MOVE a
1401701425823 6 4098 69.17762 962.3918 0.23333335 4.0 4.0 4.0 4.0 0.0 0.21200001 2 TOUCH_MOVE a
1401701425840 6 4098 73.03264 961.4401 0.23333335 4.0 4.0 4.0 4.0 0.0 0.21200001 2 TOUCH_MOVE a
1401701425857 6 4098 75.45128 960.47534 0.23333335 4.0 4.0 4.0 4.0 0.0 0.21200001 2 TOUCH_MOVE a
1401701425873 6 4098 76.43981 960.451 0.23333335 4.0 4.0 4.0 4.0 0.0 0.216 2 TOUCH_MOVE a
1401701425889 6 4098 76.75 960.451 0.23333335 4.0 4.0 4.0 4.0 0.0 0.21200001 2 TOUCH_MOVE a
1401701425905 6 4098 76.0 960.951 0.23333335 4.0 4.0 4.0 4.0 0.0 0.20400001 2 TOUCH_MOVE a
1401701425909 6 4098 416.5 827.451 0.3 5.0 5.0 5.0 5.0 0.0 0.23600002 0 TOUCH_DOWN y
1401701425911 6 4098 76.0 960.951 0.23333335 4.0 4.0 4.0 4.0 0.0 0.20400001 2 TOUCH_MOVE a
1401701425923 6 4098 415.5 827.951 0.33333334 5.0 5.0 5.0 5.0 0.0 0.24400002 2 TOUCH_MOVE y
1401701425924 6 4098 72.63817 962.7383 0.16666667 3.0 3.0 3.0 3.0 0.0 0.18800001 2 TOUCH_MOVE a
1401701425935 6 4098 415.5 827.951 0.33333334 5.0 5.0 5.0 5.0 0.0 0.24400002 2 TOUCH_MOVE y
1401701425937 6 4098 72.0 962.951 0.16666667 3.0 3.0 3.0 3.0 0.0 0.112 2 TOUCH_MOVE a
1401701425938 6 4098 415.5 828.451 0.33333334 5.0 5.0 5.0 5.0 0.0 0.24800001 2 TOUCH_MOVE y
1401701425941 6 4098 72.0 962.951 0.16666667 3.0 3.0 3.0 3.0 0.0 0.112 1 TOUCH_UP a
1401701425950 6 4098 415.5 828.73676 0.33333334 5.0 5.0 5.0 5.0 0.0 0.24800001 2 TOUCH_MOVE y
1401701425963 6 4098 415.27466 829.67633 0.33333334 5.0 5.0 5.0 5.0 0.0 0.24800001 2 TOUCH_MOVE y
1401701425973 6 4098 415.0 830.66437 0.33333334 5.0 5.0 5.0 5.0 0.0 0.24800001 2 TOUCH_MOVE y
1401701425990 6 4098 415.0 831.201 0.33333334 5.0 5.0 5.0 5.0 0.0 0.24400002 2 TOUCH_MOVE y
1401701426000 6 4098 415.5 830.951 0.26666668 5.0 5.0 5.0 5.0 0.0 0.19600001 2 TOUCH_MOVE y
1401701426003 6 4098 415.5 830.951 0.26666668 5.0 5.0 5.0 5.0 0.0 0.19600001 1 TOUCH_UP y
1401701426164 6 4098 266.5 1233.4509 0.23333335 5.0 5.0 5.0 5.0 0.0 0.19600001 0 TOUCH_DOWN Space
1401701426173 6 4098 266.5 1233.4509 0.23333335 5.0 5.0 5.0 5.0 0.0 0.2 2 TOUCH_MOVE Space
1401701426206 6 4098 267.0418 1232.909 0.26666668 5.0 5.0 5.0 5.0 0.0 0.21200001 2 TOUCH_MOVE Space
1401701426223 6 4098 268.15878 1231.7921 0.26666668 5.0 5.0 5.0 5.0 0.0 0.21200001 2 TOUCH_MOVE Space
1401701426241 6 4098 269.1218 1230.9509 0.26666668 5.0 5.0 5.0 5.0 0.0 0.21200001 2 TOUCH_MOVE Space
1401701426257 6 4098 270.06512 1230.9509 0.26666668 5.0 5.0 5.0 5.0 0.0 0.21200001 2 TOUCH_MOVE Space
1401701426273 6 4098 270.75 1230.9509 0.26666668 5.0 5.0 5.0 5.0 0.0 0.21200001 2 TOUCH_MOVE Space
1401701426323 6 4098 270.5 1231.4509 0.16666667 4.0 4.0 4.0 4.0 0.0 0.16000001 2 TOUCH_MOVE Space
1401701426329 6 4098 270.5 1231.4509 0.16666667 4.0 4.0 4.0 4.0 0.0 0.16000001 1 TOUCH_UP Space
1401701426726 6 4098 283.5 1075.9509 0.26666668 4.0 4.0 4.0 4.0 0.0 0.22800002 0 TOUCH_DOWN c
1401701426742 6 4098 283.5 1075.9509 0.3 5.0 5.0 5.0 5.0 0.0 0.23600002 2 TOUCH_MOVE c
1401701426759 6 4098 283.90906 1076.86 0.33333334 5.0 5.0 5.0 5.0 0.0 0.24800001 2 TOUCH_MOVE c
1401701426774 6 4098 285.41174 1077.8627 0.33333334 5.0 5.0 5.0 5.0 0.0 0.252 2 TOUCH_MOVE c
1401701426790 6 4098 286.72485 1078.8134 0.33333334 5.0 5.0 5.0 5.0 0.0 0.256 2 TOUCH_MOVE c
1401701426807 6 4098 287.8471 1078.9509 0.33333334 5.0 5.0 5.0 5.0 0.0 0.252 2 TOUCH_MOVE c
1401701426827 6 4098 288.25 1078.9509 0.33333334 5.0 5.0 5.0 5.0 0.0 0.252 2 TOUCH_MOVE c
1401701426840 6 4098 287.5 1078.9509 0.3 5.0 5.0 5.0 5.0 0.0 0.23200001 2 TOUCH_MOVE c
1401701426848 6 4098 287.5 1078.9509 0.23333335 4.0 4.0 4.0 4.0 0.0 0.20400001 2 TOUCH_MOVE c
1401701426853 6 4098 287.5 1078.9509 0.23333335 4.0 4.0 4.0 4.0 0.0 0.20400001 1 TOUCH_UP c
1401701426914 6 4098 430.0 936.451 0.3 5.0 5.0 5.0 5.0 0.0 0.22000001 0 TOUCH_DOWN h
1401701426924 6 4098 430.0 936.451 0.3 5.0 5.0 5.0 5.0 0.0 0.22800002 2 TOUCH_MOVE h
1401701427028 6 4098 430.5 936.451 0.3 5.0 5.0 5.0 5.0 0.0 0.18400002 2 TOUCH_MOVE h
1401701427031 6 4098 430.5 936.451 0.3 5.0 5.0 5.0 5.0 0.0 0.18400002 1 TOUCH_UP h
1401701427086 6 4098 70.0 959.451 0.16666667 3.0 3.0 3.0 3.0 0.0 0.19600001 0 TOUCH_DOWN a
1401701427108 6 4098 70.0 959.451 0.16666667 3.0 3.0 3.0 3.0 0.0 0.2 2 TOUCH_MOVE a
1401701427128 6 4098 72.99043 958.20575 0.26666668 4.0 4.0 4.0 4.0 0.0 0.20400001 2 TOUCH_MOVE a
1401701427140 6 4098 76.88712 956.8542 0.26666668 4.0 4.0 4.0 4.0 0.0 0.208 2 TOUCH_MOVE a
1401701427157 6 4098 78.56543 955.88556 0.26666668 4.0 4.0 4.0 4.0 0.0 0.208 2 TOUCH_MOVE a
1401701427178 6 4098 79.52846 955.451 0.26666668 4.0 4.0 4.0 4.0 0.0 0.21200001 2 TOUCH_MOVE a
1401701427205 6 4098 491.0 830.451 0.33333334 5.0 5.0 5.0 5.0 0.0 0.224 0 TOUCH_DOWN u
1401701427206 6 4098 79.52846 955.451 0.26666668 4.0 4.0 4.0 4.0 0.0 0.21200001 2 TOUCH_MOVE a
1401701427228 6 4098 491.0 830.451 0.33333334 5.0 5.0 5.0 5.0 0.0 0.224 2 TOUCH_MOVE u
1401701427229 6 4098 75.0 957.951 0.16666667 3.0 3.0 3.0 3.0 0.0 0.18 2 TOUCH_MOVE a
1401701427230 6 4098 491.0 830.451 0.33333334 5.0 5.0 5.0 5.0 0.0 0.224 2 TOUCH_MOVE u
1401701427234 6 4098 75.0 957.951 0.16666667 3.0 3.0 3.0 3.0 0.0 0.18 1 TOUCH_UP a
1401701427275 6 4098 491.0 830.451 0.33333334 5.0 5.0 5.0 5.0 0.0 0.224 1 TOUCH_UP u
1401701427702 6 4098 276.5 1235.4509 0.20000002 5.0 5.0 5.0 5.0 0.0 0.18800001 0 TOUCH_DOWN Space
1401701427726 6 4098 276.5 1235.4509 0.23333335 5.0 5.0 5.0 5.0 0.0 0.19600001 2 TOUCH_MOVE Space
1401701427741 6 4098 276.5 1234.6926 0.26666668 5.0 5.0 5.0 5.0 0.0 0.208 2 TOUCH_MOVE Space
1401701427758 6 4098 276.5 1233.1168 0.26666668 5.0 5.0 5.0 5.0 0.0 0.208 2 TOUCH_MOVE Space
1401701427779 6 4098 276.5 1231.7649 0.26666668 5.0 5.0 5.0 5.0 0.0 0.21200001 2 TOUCH_MOVE Space
1401701427791 6 4098 276.5 1230.797 0.26666668 5.0 5.0 5.0 5.0 0.0 0.21200001 2 TOUCH_MOVE Space
1401701427841 6 4098 276.5 1230.9509 0.23333335 5.0 5.0 5.0 5.0 0.0 0.18 2 TOUCH_MOVE Space
1401701427846 6 4098 276.5 1230.9509 0.23333335 5.0 5.0 5.0 5.0 0.0 0.18 1 TOUCH_UP Space
1401701427917 6 4098 519.0 1088.4509 0.23333335 4.0 4.0 4.0 4.0 0.0 0.2 0 TOUCH_DOWN n
1401701427941 6 4098 519.0 1088.8557 0.23333335 4.0 4.0 4.0 4.0 0.0 0.20400001 2 TOUCH_MOVE n
1401701427958 6 4098 517.98975 1089.9612 0.23333335 4.0 4.0 4.0 4.0 0.0 0.216 2 TOUCH_MOVE n
1401701427977 6 4098 516.762 1091.1888 0.26666668 4.0 4.0 4.0 4.0 0.0 0.216 2 TOUCH_MOVE n
1401701427992 6 4098 515.80145 1092.1495 0.26666668 4.0 4.0 4.0 4.0 0.0 0.216 2 TOUCH_MOVE n
1401701428008 6 4098 514.17896 1093.1115 0.23333335 4.0 4.0 4.0 4.0 0.0 0.208 2 TOUCH_MOVE n
1401701428017 6 4098 512.5 1091.9509 0.20000002 4.0 4.0 4.0 4.0 0.0 0.192 2 TOUCH_MOVE n
1401701428024 6 4098 512.5 1091.9509 0.20000002 4.0 4.0 4.0 4.0 0.0 0.192 1 TOUCH_UP n
1401701428158 6 4098 367.0 935.951 0.3 5.0 5.0 5.0 5.0 0.0 0.22000001 0 TOUCH_DOWN g
1401701428227 6 4098 371.06305 935.2738 0.3 5.0 5.0 5.0 5.0 0.0 0.216 2 TOUCH_MOVE g
1401701428234 6 4098 370.0 935.451 0.20000002 4.0 4.0 4.0 4.0 0.0 0.18800001 2 TOUCH_MOVE g
1401701428238 6 4098 370.0 935.451 0.20000002 4.0 4.0 4.0 4.0 0.0 0.18800001 1 TOUCH_UP g
1401701428394 6 4098 654.0 828.951 0.3 5.0 5.0 5.0 5.0 0.0 0.208 0 TOUCH_DOWN p
1401701428400 6 4098 654.0 828.951 0.3 5.0 5.0 5.0 5.0 0.0 0.21200001 2 TOUCH_MOVE p
1401701428458 6 4098 654.5192 828.951 0.33333334 5.0 5.0 5.0 5.0 0.0 0.21200001 2 TOUCH_MOVE p
1401701428480 6 4098 658.0 829.951 0.33333334 5.0 5.0 5.0 5.0 0.0 0.18 2 TOUCH_MOVE p
1401701428484 6 4098 658.0 829.951 0.33333334 5.0 5.0 5.0 5.0 0.0 0.18 1 TOUCH_UP p
1401701428588 6 4098 62.0 960.951 0.20000002 3.0 3.0 3.0 3.0 0.0 0.192 0 TOUCH_DOWN a
1401701428593 6 4098 62.0 960.951 0.20000002 3.0 3.0 3.0 3.0 0.0 0.19600001 2 TOUCH_MOVE a
1401701428612 6 4098 63.41287 959.8424 0.16666667 3.0 3.0 3.0 3.0 0.0 0.20400001 2 TOUCH_MOVE a
1401701428625 6 4098 67.55323 958.1877 0.26666668 4.0 4.0 4.0 4.0 0.0 0.21200001 2 TOUCH_MOVE a
1401701428650 6 4098 70.48481 957.20856 0.26666668 4.0 4.0 4.0 4.0 0.0 0.208 2 TOUCH_MOVE a
1401701428659 6 4098 71.699234 956.451 0.26666668 4.0 4.0 4.0 4.0 0.0 0.21200001 2 TOUCH_MOVE a
1401701428677 6 4098 72.25 956.451 0.26666668 4.0 4.0 4.0 4.0 0.0 0.208 2 TOUCH_MOVE a
1401701428692 6 4098 71.46272 956.451 0.20000002 3.0 3.0 3.0 3.0 0.0 0.2 2 TOUCH_MOVE a
1401701428709 6 4098 70.0 956.951 0.16666667 3.0 3.0 3.0 3.0 0.0 0.156 2 TOUCH_MOVE a
1401701428716 6 4098 70.0 956.951 0.16666667 3.0 3.0 3.0 3.0 0.0 0.156 1 TOUCH_UP a
1401701429354 6 4098 696.5 1099.4509 0.20000002 4.0 4.0 4.0 4.0 0.0 0.19600001 0 TOUCH_DOWN Back
1401701429360 6 4098 696.5 1099.4509 0.20000002 4.0 4.0 4.0 4.0 0.0 0.20400001 2 TOUCH_MOVE Back
1401701429393 6 4098 695.4307 1099.4509 0.26666668 4.0 4.0 4.0 4.0 0.0 0.208 2 TOUCH_MOVE Back
1401701429410 6 4098 694.47327 1099.4509 0.26666668 4.0 4.0 4.0 4.0 0.0 0.208 2 TOUCH_MOVE Back
1401701429429 6 4098 694.5 1099.4509 0.20000002 4.0 4.0 4.0 4.0 0.0 0.18 2 TOUCH_MOVE Back
1401701429432 6 4098 694.5 1099.4509 0.20000002 4.0 4.0 4.0 4.0 0.0 0.18 1 TOUCH_UP Back
1401701429845 6 4098 683.0 1094.4509 0.23333335 4.0 4.0 4.0 4.0 0.0 0.19600001 0 TOUCH_DOWN Back
1401701429873 6 4098 683.0 1094.6235 0.23333335 4.0 4.0 4.0 4.0 0.0 0.2 2 TOUCH_MOVE Back
1401701429895 6 4098 683.0 1095.7009 0.23333335 4.0 4.0 4.0 4.0 0.0 0.21200001 2 TOUCH_MOVE Back
1401701429927 6 4098 683.0 1096.817 0.26666668 4.0 4.0 4.0 4.0 0.0 0.21200001 2 TOUCH_MOVE Back
1401701429943 6 4098 683.0 1097.7009 0.26666668 4.0 4.0 4.0 4.0 0.0 0.20400001 2 TOUCH_MOVE Back
1401701430032 6 4098 683.0 1097.7009 0.26666668 4.0 4.0 4.0 4.0 0.0 0.20400001 1 TOUCH_UP Back
1401701430487 6 4098 629.5 817.451 0.26666668 4.0 4.0 4.0 4.0 0.0 0.208 0 TOUCH_DOWN o
1401701430503 6 4098 629.5 817.54736 0.3 5.0 5.0 5.0 5.0 0.0 0.216 2 TOUCH_MOVE o
1401701430525 6 4098 628.9381 818.5748 0.33333334 5.0 5.0 5.0 5.0 0.0 0.22800002 2 TOUCH_MOVE o
1401701430544 6 4098 627.0103 820.9407 0.33333334 5.0 5.0 5.0 5.0 0.0 0.23200001 2 TOUCH_MOVE o
1401701430560 6 4098 626.07806 821.8729 0.33333334 5.0 5.0 5.0 5.0 0.0 0.23200001 2 TOUCH_MOVE o
1401701430577 6 4098 626.0 822.8612 0.33333334 5.0 5.0 5.0 5.0 0.0 0.224 2 TOUCH_MOVE o
1401701430591 6 4098 626.0 822.951 0.33333334 5.0 5.0 5.0 5.0 0.0 0.21200001 2 TOUCH_MOVE o
1401701430594 6 4098 626.0 822.951 0.33333334 5.0 5.0 5.0 5.0 0.0 0.21200001 1 TOUCH_UP o
1401701430722 6 4098 74.0 935.451 0.20000002 4.0 4.0 4.0 4.0 0.0 0.192 0 TOUCH_DOWN a
1401701430727 6 4098 74.0 935.451 0.20000002 4.0 4.0 4.0 4.0 0.0 0.19600001 2 TOUCH_MOVE a
1401701430761 6 4098 75.49364 934.45416 0.26666668 4.0 4.0 4.0 4.0 0.0 0.20400001 2 TOUCH_MOVE a
1401701430777 6 4098 77.92692 933.48755 0.26666668 4.0 4.0 4.0 4.0 0.0 0.208 2 TOUCH_MOVE a
1401701430794 6 4098 78.926636 933.02435 0.26666668 4.0 4.0 4.0 4.0 0.0 0.208 2 TOUCH_MOVE a
1401701430812 6 4098 79.87916 932.951 0.26666668 4.0 4.0 4.0 4.0 0.0 0.208 2 TOUCH_MOVE a
1401701430828 6 4098 80.25 932.951 0.26666668 4.0 4.0 4.0 4.0 0.0 0.20400001 2 TOUCH_MOVE a
1401701430861 6 4098 79.00363 932.951 0.23333335 4.0 4.0 4.0 4.0 0.0 0.192 2 TOUCH_MOVE a
1401701430878 6 4098 78.0 932.951 0.16666667 3.0 3.0 3.0 3.0 0.0 0.112 2 TOUCH_MOVE a
1401701430882 6 4098 78.0 932.951 0.16666667 3.0 3.0 3.0 3.0 0.0 0.112 1 TOUCH_UP a
1401701430924 6 4098 509.5 1088.4509 0.23333335 4.0 4.0 4.0 4.0 0.0 0.19600001 0 TOUCH_DOWN n
1401701430944 6 4098 509.5 1088.4509 0.26666668 5.0 5.0 5.0 5.0 0.0 0.20400001 2 TOUCH_MOVE n
1401701430961 6 4098 509.5 1089.5077 0.3 5.0 5.0 5.0 5.0 0.0 0.216 2 TOUCH_MOVE n
1401701430978 6 4098 509.5 1090.4077 0.3 5.0 5.0 5.0 5.0 0.0 0.22000001 2 TOUCH_MOVE n
1401701431005 6 4098 509.5 1091.4315 0.3 5.0 5.0 5.0 5.0 0.0 0.22000001 2 TOUCH_MOVE n
1401701431012 6 4098 509.5 1091.7009 0.23333335 4.0 4.0 4.0 4.0 0.0 0.21200001 2 TOUCH_MOVE n
1401701431017 6 4098 509.5 1091.7009 0.23333335 4.0 4.0 4.0 4.0 0.0 0.21200001 1 TOUCH_UP n
1401701431261 6 4098 507.0 1205.9509 0.23333335 4.0 4.0 4.0 4.0 0.0 0.20400001 0 TOUCH_DOWN .
1401701431342 6 4098 507.0 1205.9509 0.23333335 4.0 4.0 4.0 4.0 0.0 0.20400001 1 TOUCH_UP .
