1401701259342 6 4098 680.5 1103.4509 0.26666668 4.0 4.0 4.0 4.0 0.0 0.2 0 TOUCH_DOWN Back
1401701259368 6 4098 680.5 1103.4509 0.26666668 4.0 4.0 4.0 4.0 0.0 0.20400001 2 TOUCH_MOVE Back
1401701259384 6 4098 679.26624 1103.4509 0.26666668 4.0 4.0 4.0 4.0 0.0 0.208 2 TOUCH_MOVE Back
1401701259401 6 4098 677.3489 1103.4509 0.26666668 4.0 4.0 4.0 4.0 0.0 0.208 2 TOUCH_MOVE Back
1401701259417 6 4098 676.2082 1103.4509 0.26666668 4.0 4.0 4.0 4.0 0.0 0.20400001 2 TOUCH_MOVE Back
1401701259436 6 4098 676.0 1103.4509 0.26666668 4.0 4.0 4.0 4.0 0.0 0.19600001 2 TOUCH_MOVE Back
1401701259443 6 4098 676.0 1103.4509 0.26666668 4.0 4.0 4.0 4.0 0.0 0.19600001 1 TOUCH_UP Back
1401701260335 6 4098 86.0 1128.4509 0.20000002 3.0 3.0 3.0 3.0 0.0 0.18400002 0 TOUCH_DOWN Change
1401701260352 6 4098 86.0 1128.4509 0.23333335 4.0 4.0 4.0 4.0 0.0 0.192 2 TOUCH_MOVE Change
1401701260385 6 4098 86.0 1127.378 0.23333335 4.0 4.0 4.0 4.0 0.0 0.19600001 2 TOUCH_MOVE Change
1401701260403 6 4098 86.0 1126.7009 0.23333335 4.0 4.0 4.0 4.0 0.0 0.19600001 2 TOUCH_MOVE Change
1401701260435 6 4098 85.5 1126.9509 0.16666667 3.0 3.0 3.0 3.0 0.0 0.148 2 TOUCH_MOVE Change
1401701260440 6 4098 85.5 1126.9509 0.16666667 3.0 3.0 3.0 3.0 0.0 0.148 1 TOUCH_UP Change
1401701260824 6 4098 161.0 950.951 0.3 5.0 5.0 5.0 5.0 0.0 0.208 0 TOUCH_DOWN S
1401701260837 6 4098 161.0 950.951 0.3 5.0 5.0 5.0 5.0 0.0 0.216 2 TOUCH_MOVE S
1401701260852 6 4098 161.51906 950.951 0.3 5.0 5.0 5.0 5.0 0.0 0.224 2 TOUCH_MOVE S
1401701260869 6 4098 162.25 950.951 0.3 5.0 5.0 5.0 5.0 0.0 0.224 2 TOUCH_MOVE S
1401701260919 6 4098 159.86371 950.54193 0.3 5.0 5.0 5.0 5.0 0.0 0.208 2 TOUCH_MOVE S
1401701260923 6 4098 159.5 950.451 0.26666668 4.0 4.0 4.0 4.0 0.0 0.19600001 2 TOUCH_MOVE S
1401701260928 6 4098 159.5 950.451 0.26666668 4.0 4.0 4.0 4.0 0.0 0.19600001 1 TOUCH_UP S
1401701261466 6 4098 391.0 972.451 0.26666668 5.0 5.0 5.0 5.0 0.0 0.216 0 TOUCH_DOWN g
1401701261473 6 4098 391.0 972.451 0.3 5.0 5.0 5.0 5.0 0.0 0.22000001 2 TOUCH_MOVE g
1401701261486 6 4098 390.4746 972.451 0.3 5.0 5.0 5.0 5.0 0.0 0.22800002 2 TOUCH_MOVE g
1401701261503 6 4098 388.90112 973.54987 0.3 5.0 5.0 5.0 5.0 0.0 0.22800002 2 TOUCH_MOVE g
1401701261532 6 4098 387.97083 974.48016 0.3 5.0 5.0 5.0 5.0 0.0 0.224 2 TOUCH_MOVE g
1401701261536 6 4098 387.49017 974.9608 0.26666668 5.0 5.0 5.0 5.0 0.0 0.192 2 TOUCH_MOVE g
1401701261542 6 4098 387.49017 974.9608 0.26666668 5.0 5.0 5.0 5.0 0.0 0.192 1 TOUCH_UP g
1401701261708 6 4098 325.0 1210.9509 0.23333335 4.0 4.0 4.0 4.0 0.0 0.208 0 TOUCH_DOWN Space
1401701261720 6 4098 325.0 1210.9509 0.23333335 4.0 4.0 4.0 4.0 0.0 0.21200001 2 TOUCH_MOVE Space
1401701261753 6 4098 323.96423 1211.4509 0.23333335 4.0 4.0 4.0 4.0 0.0 0.22000001 2 TOUCH_MOVE Space
1401701261769 6 4098 323.5 1212.4512 0.23333335 4.0 4.0 4.0 4.0 0.0 0.216 2 TOUCH_MOVE Space
1401701261806 6 4098 323.5 1212.4512 0.23333335 4.0 4.0 4.0 4.0 0.0 0.216 1 TOUCH_UP Space
1401701262240 6 4098 679.5 1078.9509 0.20000002 4.0 4.0 4.0 4.0 0.0 0.18400002 0 TOUCH_DOWN Back
1401701262254 6 4098 679.5 1078.9509 0.20000002 4.0 4.0 4.0 4.0 0.0 0.18800001 2 TOUCH_MOVE Back
1401701262288 6 4098 678.2022 1078.9509 0.20000002 4.0 4.0 4.0 4.0 0.0 0.192 2 TOUCH_MOVE Back
1401701262303 6 4098 677.75 1078.9509 0.20000002 4.0 4.0 4.0 4.0 0.0 0.192 2 TOUCH_MOVE Back
1401701262312 6 4098 677.75 1078.9509 0.20000002 4.0 4.0 4.0 4.0 0.0 0.192 1 TOUCH_UP Back
1401701262396 6 4098 675.5 1084.9509 0.20000002 4.0 4.0 4.0 4.0 0.0 0.192 0 TOUCH_DOWN Back
1401701262480 6 4098 675.5 1084.9509 0.20000002 4.0 4.0 4.0 4.0 0.0 0.192 1 TOUCH_UP Back
1401701263005 6 4098 92.0 956.451 0.23333335 4.0 4.0 4.0 4.0 0.0 0.18400002 0 TOUCH_DOWN a
1401701263024 6 4098 92.33967 956.1113 0.23333335 4.0 4.0 4.0 4.0 0.0 0.18800001 2 TOUCH_MOVE a
1401701263044 6 4098 93.13911 955.1728 0.3 5.0 5.0 5.0 5.0 0.0 0.19600001 2 TOUCH_MOVE a
1401701263054 6 4098 94.71193 953.2391 0.3 5.0 5.0 5.0 5.0 0.0 0.2 2 TOUCH_MOVE a
1401701263074 6 4098 95.567474 951.88354 0.3 5.0 5.0 5.0 5.0 0.0 0.2 2 TOUCH_MOVE a
1401701263087 6 4098 96.0 950.92053 0.3 5.0 5.0 5.0 5.0 0.0 0.2 2 TOUCH_MOVE a
1401701263128 6 4098 95.5 950.951 0.23333335 4.0 4.0 4.0 4.0 0.0 0.18400002 2 TOUCH_MOVE a
1401701263132 6 4098 95.5 950.951 0.23333335 4.0 4.0 4.0 4.0 0.0 0.18400002 1 TOUCH_UP a
1401701263216 6 4098 521.0 1110.9509 0.3 5.0 5.0 5.0 5.0 0.0 0.20400001 0 TOUCH_DOWN n
1401701263238 6 4098 521.0 1110.9509 0.3 5.0 5.0 5.0 5.0 0.0 0.21200001 2 TOUCH_MOVE n
1401701263257 6 4098 520.3465 1110.9509 0.3 5.0 5.0 5.0 5.0 0.0 0.224 2 TOUCH_MOVE n
1401701263274 6 4098 519.38135 1110.9509 0.3 5.0 5.0 5.0 5.0 0.0 0.224 2 TOUCH_MOVE n
1401701263288 6 4098 517.31665 1110.9509 0.3 5.0 5.0 5.0 5.0 0.0 0.224 2 TOUCH_MOVE n
1401701263314 6 4098 515.928 1110.9509 0.3 5.0 5.0 5.0 5.0 0.0 0.21200001 2 TOUCH_MOVE n
1401701263322 6 4098 514.4926 1110.9509 0.26666668 5.0 5.0 5.0 5.0 0.0 0.15200001 2 TOUCH_MOVE n
1401701263327 6 4098 514.4926 1110.9509 0.26666668 5.0 5.0 5.0 5.0 0.0 0.15200001 1 TOUCH_UP n
1401701263407 6 4098 371.0 978.951 0.3 5.0 5.0 5.0 5.0 0.0 0.24000001 0 TOUCH_DOWN g
1401701263422 6 4098 371.0 978.951 0.33333334 5.0 5.0 5.0 5.0 0.0 0.252 2 TOUCH_MOVE g
1401701263456 6 4098 371.69464 978.75635 0.33333334 5.0 5.0 5.0 5.0 0.0 0.26000002 2 TOUCH_MOVE g
1401701263471 6 4098 372.66342 978.451 0.33333334 5.0 5.0 5.0 5.0 0.0 0.26000002 2 TOUCH_MOVE g
1401701263488 6 4098 373.62314 977.3279 0.33333334 5.0 5.0 5.0 5.0 0.0 0.256 2 TOUCH_MOVE g
1401701263505 6 4098 373.5 976.3609 0.3 5.0 5.0 5.0 5.0 0.0 0.24400002 2 TOUCH_MOVE g
1401701263523 6 4098 373.0 975.451 0.20000002 4.0 4.0 4.0 4.0 0.0 0.18400002 2 TOUCH_MOVE g
1401701263530 6 4098 373.0 975.451 0.20000002 4.0 4.0 4.0 4.0 0.0 0.18400002 1 TOUCH_UP g
1401701263653 6 4098 317.0 1230.4509 0.23333335 4.0 4.0 4.0 4.0 0.0 0.2 0 TOUCH_DOWN Space
1401701263679 6 4098 316.64685 1230.0978 0.23333335 4.0 4.0 4.0 4.0 0.0 0.20400001 2 TOUCH_MOVE Space
1401701263688 6 4098 315.81558 1229.2665 0.23333335 4.0 4.0 4.0 4.0 0.0 0.216 2 TOUCH_MOVE Space
1401701263705 6 4098 314.8548 1228.3057 0.23333335 4.0 4.0 4.0 4.0 0.0 0.216 2 TOUCH_MOVE Space
1401701263722 6 4098 314.5 1227.3513 0.23333335 4.0 4.0 4.0 4.0 0.0 0.21200001 2 TOUCH_MOVE Space
1401701263739 6 4098 314.5 1226.38 0.23333335 4.0 4.0 4.0 4.0 0.0 0.20400001 2 TOUCH_MOVE Space
1401701263748 6 4098 315.0 1225.4509 0.23333335 4.0 4.0 4.0 4.0 0.0 0.18800001 2 TOUCH_MOVE Space
1401701263752 6 4098 315.0 1225.4509 0.23333335 4.0 4.0 4.0 4.0 0.0 0.18800001 1 TOUCH_UP Space
1401701264162 6 4098 288.5 829.451 0.3 5.0 5.0 5.0 5.0 0.0 0.22000001 0 TOUCH_DOWN t
1401701264173 6 4098 288.5 829.451 0.3 5.0 5.0 5.0 5.0 0.0 0.23200001 2 TOUCH_MOVE t
1401701264192 6 4098 290.09918 830.5006 0.33333334 5.0 5.0 5.0 5.0 0.0 0.24000001 2 TOUCH_MOVE t
1401701264205 6 4098 291.49692 831.4479 0.33333334 5.0 5.0 5.0 5.0 0.0 0.24400002 2 TOUCH_MOVE t
1401701264222 6 4098 292.97458 832.42554 0.33333334 5.0 5.0 5.0 5.0 0.0 0.24400002 2 TOUCH_MOVE t
1401701264240 6 4098 293.75 833.201 0.33333334 5.0 5.0 5.0 5.0 0.0 0.24400002 2 TOUCH_MOVE t
1401701264273 6 4098 291.0 832.451 0.3 5.0 5.0 5.0 5.0 0.0 0.216 2 TOUCH_MOVE t
1401701264285 6 4098 291.0 832.451 0.3 5.0 5.0 5.0 5.0 0.0 0.192 2 TOUCH_MOVE t
1401701264289 6 4098 291.0 832.451 0.3 5.0 5.0 5.0 5.0 0.0 0.192 1 TOUCH_UP t
1401701264372 6 4098 427.0 957.951 0.26666668 4.0 4.0 4.0 4.0 0.0 0.21200001 0 TOUCH_DOWN h
1401701264455 6 4098 427.0 957.951 0.26666668 4.0 4.0 4.0 4.0 0.0 0.22000001 2 TOUCH_MOVE h
1401701264461 6 4098 427.0 957.951 0.26666668 4.0 4.0 4.0 4.0 0.0 0.192 2 TOUCH_MOVE h
1401701264464 6 4098 427.0 957.951 0.26666668 4.0 4.0 4.0 4.0 0.0 0.192 1 TOUCH_UP h
1401701264571 6 4098 494.0 807.451 0.23333335 4.0 4.0 4.0 4.0 0.0 0.20400001 0 TOUCH_DOWN u
1401701264593 6 4098 494.0 807.77563 0.23333335 4.0 4.0 4.0 4.0 0.0 0.21200001 2 TOUCH_MOVE u
1401701264606 6 4098 493.40955 808.54144 0.26666668 4.0 4.0 4.0 4.0 0.0 0.224 2 TOUCH_MOVE u
1401701264626 6 4098 491.8008 810.1502 0.26666668 4.0 4.0 4.0 4.0 0.0 0.216 2 TOUCH_MOVE u
1401701264639 6 4098 489.90286 812.5967 0.26666668 4.0 4.0 4.0 4.0 0.0 0.19600001 2 TOUCH_MOVE u
1401701264651 6 4098 486.0 818.951 0.20000002 4.0 4.0 4.0 4.0 0.0 0.17600001 2 TOUCH_MOVE u
1401701264654 6 4098 486.0 818.951 0.20000002 4.0 4.0 4.0 4.0 0.0 0.17600001 1 TOUCH_UP u
1401701264848 6 4098 315.0 1220.9509 0.23333335 4.0 4.0 4.0 4.0 0.0 0.208 0 TOUCH_DOWN Space
1401701264857 6 4098 315.0 1220.9509 0.23333335 4.0 4.0 4.0 4.0 0.0 0.21200001 2 TOUCH_MOVE Space
1401701264889 6 4098 313.53723 1220.9509 0.23333335 4.0 4.0 4.0 4.0 0.0 0.22000001 2 TOUCH_MOVE Space
1401701264906 6 4098 312.56198 1220.9509 0.23333335 4.0 4.0 4.0 4.0 0.0 0.22000001 2 TOUCH_MOVE Space
1401701264926 6 4098 312.25 1220.9509 0.23333335 4.0 4.0 4.0 4.0 0.0 0.22000001 2 TOUCH_MOVE Space
1401701264941 6 4098 312.25 1220.9509 0.23333335 4.0 4.0 4.0 4.0 0.0 0.22000001 1 TOUCH_UP Space
1401701265114 6 4098 444.0 961.951 0.3 5.0 5.0 5.0 5.0 0.0 0.22000001 0 TOUCH_DOWN h
1401701265123 6 4098 444.0 961.951 0.3 5.0 5.0 5.0 5.0 0.0 0.22800002 2 TOUCH_MOVE h
1401701265142 6 4098 442.27228 962.3602 0.3 5.0 5.0 5.0 5.0 0.0 0.23600002 2 TOUCH_MOVE h
1401701265156 6 4098 438.59857 963.30133 0.3 5.0 5.0 5.0 5.0 0.0 0.24000001 2 TOUCH_MOVE h
1401701265177 6 4098 435.66025 964.2309 0.3 5.0 5.0 5.0 5.0 0.0 0.23600002 2 TOUCH_MOVE h
1401701265189 6 4098 433.5 964.451 0.3 5.0 5.0 5.0 5.0 0.0 0.23600002 2 TOUCH_MOVE h
1401701265227 6 4098 434.0 964.451 0.26666668 5.0 5.0 5.0 5.0 0.0 0.192 2 TOUCH_MOVE h
1401701265233 6 4098 434.0 964.451 0.26666668 5.0 5.0 5.0 5.0 0.0 0.192 1 TOUCH_UP h
1401701265291 6 4098 103.0 966.451 0.23333335 5.0 5.0 5.0 5.0 0.0 0.18800001 0 TOUCH_DOWN a
1401701265307 6 4098 103.0 966.451 0.23333335 5.0 5.0 5.0 5.0 0.0 0.192 2 TOUCH_MOVE a
1401701265392 6 4098 102.5 966.451 0.20000002 4.0 4.0 4.0 4.0 0.0 0.18400002 2 TOUCH_MOVE a
1401701265398 6 4098 559.0 845.451 0.26666668 5.0 5.0 5.0 5.0 0.0 0.21200001 0 TOUCH_DOWN i
1401701265399 6 4098 102.5 966.451 0.20000002 4.0 4.0 4.0 4.0 0.0 0.18400002 2 TOUCH_MOVE a
1401701265400 6 4098 558.0 844.451 0.3 5.0 5.0 5.0 5.0 0.0 0.216 2 TOUCH_MOVE i
1401701265403 6 4098 102.5 966.451 0.20000002 4.0 4.0 4.0 4.0 0.0 0.18400002 1 TOUCH_UP a
1401701265411 6 4098 558.0 844.451 0.3 5.0 5.0 5.0 5.0 0.0 0.216 2 TOUCH_MOVE i
1401701265491 6 4098 558.0 844.951 0.23333335 5.0 5.0 5.0 5.0 0.0 0.18 2 TOUCH_MOVE i
1401701265494 6 4098 558.0 844.951 0.23333335 5.0 5.0 5.0 5.0 0.0 0.18 1 TOUCH_UP i
1401701265734 6 4098 326.5 1232.4509 0.23333335 5.0 5.0 5.0 5.0 0.0 0.192 0 TOUCH_DOWN Space
1401701265740 6 4098 326.5 1232.4509 0.20000002 4.0 4.0 4.0 4.0 0.0 0.19600001 2 TOUCH_MOVE Space
1401701265760 6 4098 325.99368 1232.4509 0.23333335 4.0 4.0 4.0 4.0 0.0 0.20400001 2 TOUCH_MOVE Space
1401701265774 6 4098 325.02075 1232.4509 0.23333335 4.0 4.0 4.0 4.0 0.0 0.20400001 2 TOUCH_MOVE Space
1401701265794 6 4098 324.25 1232.4509 0.23333335 4.0 4.0 4.0 4.0 0.0 0.20400001 2 TOUCH_MOVE Space
1401701265814 6 4098 324.25 1232.4509 0.23333335 4.0 4.0 4.0 4.0 0.0 0.20400001 1 TOUCH_UP Space
1401701266163 6 4098 669.0 944.451 0.33333334 5.0 5.0 5.0 5.0 0.0 0.192 0 TOUCH_DOWN l
1401701266176 6 4098 669.0 944.451 0.33333334 5.0 5.0 5.0 5.0 0.0 0.20400001 2 TOUCH_MOVE l
1401701266207 6 4098 664.9919 943.949 0.33333334 5.0 5.0 5.0 5.0 0.0 0.216 2 TOUCH_MOVE l
1401701266224 6 4098 661.13306 942.98425 0.33333334 5.0 5.0 5.0 5.0 0.0 0.22000001 2 TOUCH_MOVE l
1401701266240 6 4098 658.64954 942.451 0.33333334 5.0 5.0 5.0 5.0 0.0 0.216 2 TOUCH_MOVE l
1401701266257 6 4098 657.75 942.451 0.33333334 5.0 5.0 5.0 5.0 0.0 0.208 2 TOUCH_MOVE l
1401701266274 6 4098 657.75 942.451 0.33333334 5.0 5.0 5.0 5.0 0.0 0.208 1 TOUCH_UP l
1401701266407 6 4098 102.5 963.451 0.23333335 5.0 5.0 5.0 5.0 0.0 0.18800001 0 TOUCH_DOWN a
1401701266409 6 4098 102.5 963.451 0.26666668 5.0 5.0 5.0 5.0 0.0 0.192 2 TOUCH_MOVE a
1401701266440 6 4098 104.44741 962.0036 0.26666668 5.0 5.0 5.0 5.0 0.0 0.2 2 TOUCH_MOVE a
1401701266457 6 4098 106.38046 960.51074 0.26666668 5.0 5.0 5.0 5.0 0.0 0.20400001 2 TOUCH_MOVE a
1401701266477 6 4098 107.831795 959.6192 0.26666668 5.0 5.0 5.0 5.0 0.0 0.20400001 2 TOUCH_MOVE a
1401701266491 6 4098 108.0 958.701 0.26666668 5.0 5.0 5.0 5.0 0.0 0.2 2 TOUCH_MOVE a
1401701266529 6 4098 107.5 958.951 0.23333335 5.0 5.0 5.0 5.0 0.0 0.18 2 TOUCH_MOVE a
1401701266533 6 4098 107.5 958.951 0.23333335 5.0 5.0 5.0 5.0 0.0 0.18 1 TOUCH_UP a
1401701266614 6 4098 302.5 1224.4509 0.16666667 3.0 3.0 3.0 3.0 0.0 0.19600001 0 TOUCH_DOWN Space
1401701266625 6 4098 302.5 1224.4509 0.16666667 3.0 3.0 3.0 3.0 0.0 0.2 2 TOUCH_MOVE Space
1401701266641 6 4098 301.9938 1224.4509 0.23333335 4.0 4.0 4.0 4.0 0.0 0.208 2 TOUCH_MOVE Space
1401701266661 6 4098 300.02042 1224.4509 0.23333335 4.0 4.0 4.0 4.0 0.0 0.208 2 TOUCH_MOVE Space
1401701266674 6 4098 299.04755 1224.4509 0.23333335 4.0 4.0 4.0 4.0 0.0 0.21200001 2 TOUCH_MOVE Space
1401701266691 6 4098 298.25 1224.4509 0.20000002 3.0 3.0 3.0 3.0 0.0 0.208 2 TOUCH_MOVE Space
1401701266707 6 4098 298.25 1224.4509 0.20000002 3.0 3.0 3.0 3.0 0.0 0.208 1 TOUCH_UP Space
1401701267130 6 4098 155.5 973.951 0.23333335 5.0 5.0 5.0 5.0 0.0 0.19600001 0 TOUCH_DOWN s
1401701267191 6 4098 155.5 973.05664 0.23333335 5.0 5.0 5.0 5.0 0.0 0.20400001 2 TOUCH_MOVE s
1401701267208 6 4098 155.5 972.7198 0.23333335 5.0 5.0 5.0 5.0 0.0 0.20400001 2 TOUCH_MOVE s
1401701267242 6 4098 155.0 972.951 0.20000002 4.0 4.0 4.0 4.0 0.0 0.16000001 2 TOUCH_MOVE s
1401701267245 6 4098 155.0 972.951 0.20000002 4.0 4.0 4.0 4.0 0.0 0.16000001 1 TOUCH_UP s
1401701267400 6 4098 60.5 926.951 0.20000002 3.0 3.0 3.0 3.0 0.0 0.156 0 TOUCH_DOWN a
1401701267408 6 4098 60.197254 927.2537 0.20000002 3.0 3.0 3.0 3.0 0.0 0.172 2 TOUCH_MOVE a
1401701267425 6 4098 59.23921 928.4726 0.23333335 4.0 4.0 4.0 4.0 0.0 0.18800001 2 TOUCH_MOVE a
1401701267442 6 4098 58.272747 929.6782 0.23333335 4.0 4.0 4.0 4.0 0.0 0.192 2 TOUCH_MOVE a
1401701267458 6 4098 57.329845 930.62115 0.23333335 4.0 4.0 4.0 4.0 0.0 0.18800001 2 TOUCH_MOVE a
1401701267475 6 4098 56.34458 931.6064 0.23333335 4.0 4.0 4.0 4.0 0.0 0.18800001 2 TOUCH_MOVE a
1401701267492 6 4098 55.385826 932.5652 0.23333335 4.0 4.0 4.0 4.0 0.0 0.18400002 2 TOUCH_MOVE a
1401701267513 6 4098 54.5 933.451 0.26666668 5.0 5.0 5.0 5.0 0.0 0.17600001 2 TOUCH_MOVE a
1401701267516 6 4098 54.5 933.451 0.26666668 5.0 5.0 5.0 5.0 0.0 0.17600001 1 TOUCH_UP a
1401701267657 6 4098 506.0 1095.4509 0.3 5.0 5.0 5.0 5.0 0.0 0.21200001 0 TOUCH_DOWN n
1401701267676 6 4098 506.0 1095.4509 0.3 5.0 5.0 5.0 5.0 0.0 0.216 2 TOUCH_MOVE n
1401701267692 6 4098 505.44754 1095.4509 0.3 5.0 5.0 5.0 5.0 0.0 0.224 2 TOUCH_MOVE n
1401701267709 6 4098 504.37646 1095.4509 0.3 5.0 5.0 5.0 5.0 0.0 0.224 2 TOUCH_MOVE n
1401701267732 6 4098 503.42126 1095.4509 0.3 5.0 5.0 5.0 5.0 0.0 0.224 2 TOUCH_MOVE n
1401701267742 6 4098 502.45004 1095.4509 0.3 5.0 5.0 5.0 5.0 0.0 0.224 2 TOUCH_MOVE n
1401701267758 6 4098 501.99896 1095.4509 0.26666668 5.0 5.0 5.0 5.0 0.0 0.21200001 2 TOUCH_MOVE n
1401701267773 6 4098 501.5 1093.4509 0.23333335 5.0 5.0 5.0 5.0 0.0 0.18400002 2 TOUCH_MOVE n
1401701267777 6 4098 501.5 1093.4509 0.23333335 5.0 5.0 5.0 5.0 0.0 0.18400002 1 TOUCH_UP n
1401701267945 6 4098 351.5 952.951 0.26666668 4.0 4.0 4.0 4.0 0.0 0.23200001 0 TOUCH_DOWN g
1401701267962 6 4098 351.5 952.951 0.3 5.0 5.0 5.0 5.0 0.0 0.23600002 2 TOUCH_MOVE g
1401701268049 6 4098 351.0 952.451 0.3 5.0 5.0 5.0 5.0 0.0 0.192 2 TOUCH_MOVE g
1401701268052 6 4098 351.0 952.451 0.3 5.0 5.0 5.0 5.0 0.0 0.192 1 TOUCH_UP g
1401701268226 6 4098 299.0 1217.4509 0.16666667 3.0 3.0 3.0 3.0 0.0 0.2 0 TOUCH_DOWN Space
1401701268244 6 4098 299.0 1217.4509 0.20000002 3.0 3.0 3.0 3.0 0.0 0.20400001 2 TOUCH_MOVE Space
1401701268259 6 4098 298.11713 1217.4509 0.23333335 4.0 4.0 4.0 4.0 0.0 0.21200001 2 TOUCH_MOVE Space
1401701268276 6 4098 297.15408 1217.4509 0.23333335 4.0 4.0 4.0 4.0 0.0 0.216 2 TOUCH_MOVE Space
1401701268292 6 4098 296.25 1217.4509 0.23333335 4.0 4.0 4.0 4.0 0.0 0.216 2 TOUCH_MOVE Space
1401701268334 6 4098 296.5 1217.4509 0.16666667 3.0 3.0 3.0 3.0 0.0 0.18 2 TOUCH_MOVE Space
1401701268337 6 4098 296.5 1217.4509 0.16666667 3.0 3.0 3.0 3.0 0.0 0.18 1 TOUCH_UP Space
1401701268586 6 4098 211.0 971.451 0.23333335 5.0 5.0 5.0 5.0 0.0 0.2 0 TOUCH_DOWN d
1401701268593 6 4098 211.0 971.451 0.23333335 5.0 5.0 5.0 5.0 0.0 0.208 2 TOUCH_MOVE d
1401701268627 6 4098 211.51192 971.451 0.23333335 5.0 5.0 5.0 5.0 0.0 0.216 2 TOUCH_MOVE d
1401701268643 6 4098 212.00813 971.451 0.23333335 5.0 5.0 5.0 5.0 0.0 0.216 2 TOUCH_MOVE d
1401701268696 6 4098 210.33524 971.06274 0.23333335 5.0 5.0 5.0 5.0 0.0 0.208 2 TOUCH_MOVE d
1401701268706 6 4098 210.0 970.951 0.13333334 2.0 2.0 2.0 2.0 0.0 0.132 2 TOUCH_MOVE d
1401701268710 6 4098 210.0 970.951 0.13333334 2.0 2.0 2.0 2.0 0.0 0.132 1 TOUCH_UP d
1401701268832 6 4098 66.0 959.451 0.20000002 3.0 3.0 3.0 3.0 0.0 0.18 0 TOUCH_DOWN a
1401701268843 6 4098 66.0 959.451 0.20000002 3.0 3.0 3.0 3.0 0.0 0.18400002 2 TOUCH_MOVE a
1401701268895 6 4098 68.8876 958.5072 0.16666667 3.0 3.0 3.0 3.0 0.0 0.19600001 2 TOUCH_MOVE a
1401701268909 6 4098 70.41933 957.951 0.16666667 3.0 3.0 3.0 3.0 0.0 0.192 2 TOUCH_MOVE a
1401701268926 6 4098 70.06203 957.951 0.16666667 3.0 3.0 3.0 3.0 0.0 0.192 2 TOUCH_MOVE a
1401701268940 6 4098 68.5 958.451 0.16666667 3.0 3.0 3.0 3.0 0.0 0.18 2 TOUCH_MOVE a
1401701268943 6 4098 68.5 958.451 0.16666667 3.0 3.0 3.0 3.0 0.0 0.18 1 TOUCH_UP a
1401701269106 6 4098 504.5 846.951 0.3 5.0 5.0 5.0 5.0 0.0 0.21200001 0 TOUCH_DOWN i
1401701269126 6 4098 504.5 846.951 0.3 5.0 5.0 5.0 5.0 0.0 0.22000001 2 TOUCH_MOVE i
1401701269143 6 4098 503.60922 847.3418 0.3 5.0 5.0 5.0 5.0 0.0 0.23200001 2 TOUCH_MOVE i
1401701269168 6 4098 502.75 848.201 0.3 5.0 5.0 5.0 5.0 0.0 0.22800002 2 TOUCH_MOVE i
1401701269183 6 4098 503.0 847.951 0.23333335 5.0 5.0 5.0 5.0 0.0 0.16800001 2 TOUCH_MOVE i
1401701269189 6 4098 503.0 847.951 0.23333335 5.0 5.0 5.0 5.0 0.0 0.16800001 1 TOUCH_UP i
1401701269933 6 4098 708.0 1085.4509 0.16666667 3.0 3.0 3.0 3.0 0.0 0.18 0 TOUCH_DOWN Back
1401701270012 6 4098 708.0 1085.4509 0.16666667 3.0 3.0 3.0 3.0 0.0 0.18 1 TOUCH_UP Back
1401701270553 6 4098 485.0 819.951 0.26666668 4.0 4.0 4.0 4.0 0.0 0.21200001 0 TOUCH_DOWN u
1401701270561 6 4098 485.0 819.951 0.26666668 4.0 4.0 4.0 4.0 0.0 0.22000001 2 TOUCH_MOVE u
1401701270594 6 4098 485.0 820.6027 0.3 5.0 5.0 5.0 5.0 0.0 0.22800002 2 TOUCH_MOVE u
1401701270611 6 4098 485.0 821.53467 0.3 5.0 5.0 5.0 5.0 0.0 0.22800002 2 TOUCH_MOVE u
1401701270633 6 4098 485.0 821.53467 0.3 5.0 5.0 5.0 5.0 0.0 0.22800002 1 TOUCH_UP u
1401701270727 6 4098 233.5 1232.4509 0.23333335 4.0 4.0 4.0 4.0 0.0 0.20400001 0 TOUCH_DOWN Space
1401701270746 6 4098 233.5 1232.0586 0.23333335 4.0 4.0 4.0 4.0 0.0 0.208 2 TOUCH_MOVE Space
1401701270761 6 4098 234.24678 1230.7041 0.23333335 4.0 4.0 4.0 4.0 0.0 0.21200001 2 TOUCH_MOVE Space
1401701270787 6 4098 235.19121 1229.2598 0.23333335 4.0 4.0 4.0 4.0 0.0 0.21200001 2 TOUCH_MOVE Space
1401701270809 6 4098 236.18498 1228.266 0.23333335 4.0 4.0 4.0 4.0 0.0 0.216 2 TOUCH_MOVE Space
1401701270847 6 4098 235.5 1228.4509 0.20000002 3.0 3.0 3.0 3.0 0.0 0.148 2 TOUCH_MOVE Space
1401701270852 6 4098 235.5 1228.4509 0.20000002 3.0 3.0 3.0 3.0 0.0 0.148 1 TOUCH_UP Space
1401701271118 6 4098 332.5 852.451 0.23333335 5.0 5.0 5.0 5.0 0.0 0.21200001 0 TOUCH_DOWN t
1401701271142 6 4098 332.80585 852.75684 0.26666668 5.0 5.0 5.0 5.0 0.0 0.22000001 2 TOUCH_MOVE t
1401701271160 6 4098 333.38058 852.951 0.3 5.0 5.0 5.0 5.0 0.0 0.24000001 2 TOUCH_MOVE t
1401701271178 6 4098 334.22873 852.951 0.3 5.0 5.0 5.0 5.0 0.0 0.24400002 2 TOUCH_MOVE t
1401701271211 6 4098 333.5 852.951 0.23333335 5.0 5.0 5.0 5.0 0.0 0.2 2 TOUCH_MOVE t
1401701271214 6 4098 333.5 852.951 0.23333335 5.0 5.0 5.0 5.0 0.0 0.2 1 TOUCH_UP t
1401701271350 6 4098 504.0 799.451 0.23333335 5.0 5.0 5.0 5.0 0.0 0.20400001 0 TOUCH_DOWN i
1401701271362 6 4098 504.0 799.451 0.3 5.0 5.0 5.0 5.0 0.0 0.22000001 2 TOUCH_MOVE i
1401701271406 6 4098 504.0 801.5774 0.3 5.0 5.0 5.0 5.0 0.0 0.24000001 2 TOUCH_MOVE i
1401701271414 6 4098 504.0 802.73004 0.33333334 5.0 5.0 5.0 5.0 0.0 0.24400002 2 TOUCH_MOVE i
1401701271431 6 4098 504.0 803.69684 0.3 5.0 5.0 5.0 5.0 0.0 0.23600002 2 TOUCH_MOVE i
1401701271445 6 4098 504.0 803.451 0.26666668 5.0 5.0 5.0 5.0 0.0 0.21200001 2 TOUCH_MOVE i
1401701271454 6 4098 504.0 803.451 0.20000002 4.0 4.0 4.0 4.0 0.0 0.17600001 2 TOUCH_MOVE i
1401701271457 6 4098 504.0 803.451 0.20000002 4.0 4.0 4.0 4.0 0.0 0.17600001 1 TOUCH_UP i
1401701271538 6 4098 77.0 956.451 0.16666667 3.0 3.0 3.0 3.0 0.0 0.17600001 0 TOUCH_DOWN a
1401701271562 6 4098 77.0 955.97986 0.20000002 4.0 4.0 4.0 4.0 0.0 0.18400002 2 TOUCH_MOVE a
1401701271581 6 4098 78.30965 954.64136 0.23333335 4.0 4.0 4.0 4.0 0.0 0.192 2 TOUCH_MOVE a
1401701271595 6 4098 80.23648 952.7145 0.26666668 4.0 4.0 4.0 4.0 0.0 0.19600001 2 TOUCH_MOVE a
1401701271616 6 4098 82.15907 950.79193 0.26666668 4.0 4.0 4.0 4.0 0.0 0.2 2 TOUCH_MOVE a
1401701271629 6 4098 83.26386 949.68713 0.26666668 4.0 4.0 4.0 4.0 0.0 0.2 2 TOUCH_MOVE a
1401701271645 6 4098 83.5 948.701 0.26666668 4.0 4.0 4.0 4.0 0.0 0.19600001 2 TOUCH_MOVE a
1401701271679 6 4098 83.0 948.951 0.16666667 3.0 3.0 3.0 3.0 0.0 0.1 2 TOUCH_MOVE a
1401701271682 6 4098 83.0 948.951 0.16666667 3.0 3.0 3.0 3.0 0.0 0.1 1 TOUCH_UP a
1401701271736 6 4098 528.5 1098.9509 0.20000002 4.0 4.0 4.0 4.0 0.0 0.18800001 0 TOUCH_DOWN n
1401701271746 6 4098 528.5 1098.9509 0.20000002 4.0 4.0 4.0 4.0 0.0 0.19600001 2 TOUCH_MOVE n
1401701271762 6 4098 528.5 1099.9476 0.20000002 4.0 4.0 4.0 4.0 0.0 0.20400001 2 TOUCH_MOVE n
1401701271779 6 4098 528.5 1100.9009 0.26666668 4.0 4.0 4.0 4.0 0.0 0.208 2 TOUCH_MOVE n
1401701271796 6 4098 528.5 1101.8688 0.26666668 5.0 5.0 5.0 5.0 0.0 0.208 2 TOUCH_MOVE n
1401701271814 6 4098 528.5 1102.821 0.23333335 5.0 5.0 5.0 5.0 0.0 0.19600001 2 TOUCH_MOVE n
1401701271818 6 4098 528.5 1102.9509 0.20000002 4.0 4.0 4.0 4.0 0.0 0.15200001 2 TOUCH_MOVE n
1401701271822 6 4098 528.5 1102.9509 0.20000002 4.0 4.0 4.0 4.0 0.0 0.15200001 1 TOUCH_UP n
1401701272247 6 4098 697.5 1111.9509 0.23333335 5.0 5.0 5.0 5.0 0.0 0.192 0 TOUCH_DOWN Back
1401701272264 6 4098 697.5 1111.9509 0.23333335 5.0 5.0 5.0 5.0 0.0 0.19600001 2 TOUCH_MOVE Back
1401701272296 6 4098 696.7122 1112.9509 0.3 5.0 5.0 5.0 5.0 0.0 0.208 2 TOUCH_MOVE Back
1401701272313 6 4098 695.74445 1113.2065 0.3 5.0 5.0 5.0 5.0 0.0 0.208 2 TOUCH_MOVE Back
1401701272329 6 4098 695.5 1114.1482 0.26666668 5.0 5.0 5.0 5.0 0.0 0.20400001 2 TOUCH_MOVE Back
1401701272340 6 4098 695.5 1114.1482 0.26666668 5.0 5.0 5.0 5.0 0.0 0.20400001 1 TOUCH_UP Back
1401701272440 6 4098 693.5 1101.9509 0.20000002 4.0 4.0 4.0 4.0 0.0 0.19600001 0 TOUCH_DOWN Back
1401701272463 6 4098 693.5 1101.9509 0.23333335 4.0 4.0 4.0 4.0 0.0 0.20400001 2 TOUCH_MOVE Back
1401701272498 6 4098 692.5 1102.2946 0.26666668 4.0 4.0 4.0 4.0 0.0 0.208 2 TOUCH_MOVE Back
1401701272511 6 4098 692.5 1102.4509 0.23333335 4.0 4.0 4.0 4.0 0.0 0.2 2 TOUCH_MOVE Back
1401701272516 6 4098 692.5 1102.4509 0.23333335 4.0 4.0 4.0 4.0 0.0 0.2 1 TOUCH_UP Back
1401701272587 6 4098 689.0 1098.9509 0.23333335 4.0 4.0 4.0 4.0 0.0 0.19600001 0 TOUCH_DOWN Back
1401701272599 6 4098 689.0 1098.9509 0.26666668 4.0 4.0 4.0 4.0 0.0 0.20400001 2 TOUCH_MOVE Back
1401701272630 6 4098 687.9608 1099.9901 0.26666668 4.0 4.0 4.0 4.0 0.0 0.21200001 2 TOUCH_MOVE Back
1401701272647 6 4098 686.9944 1100.4509 0.26666668 4.0 4.0 4.0 4.0 0.0 0.21200001 2 TOUCH_MOVE Back
1401701272663 6 4098 686.25 1100.4509 0.26666668 4.0 4.0 4.0 4.0 0.0 0.208 2 TOUCH_MOVE Back
1401701272681 6 4098 686.25 1100.4509 0.26666668 4.0 4.0 4.0 4.0 0.0 0.208 1 TOUCH_UP Back
1401701273162 6 4098 472.5 822.451 0.3 5.0 5.0 5.0 5.0 0.0 0.216 0 TOUCH_DOWN u
1401701273186 6 4098 472.5 822.451 0.3 5.0 5.0 5.0 5.0 0.0 0.224 2 TOUCH_MOVE u
1401701273214 6 4098 472.5 822.99695 0.33333334 5.0 5.0 5.0 5.0 0.0 0.23600002 2 TOUCH_MOVE u
1401701273247 6 4098 472.5 822.951 0.23333335 4.0 4.0 4.0 4.0 0.0 0.18 2 TOUCH_MOVE u
1401701273251 6 4098 472.5 822.951 0.23333335 4.0 4.0 4.0 4.0 0.0 0.18 1 TOUCH_UP u
1401701273322 6 4098 63.0 916.451 0.16666667 3.0 3.0 3.0 3.0 0.0 0.18400002 0 TOUCH_DOWN a
1401701273347 6 4098 63.436405 916.451 0.16666667 3.0 3.0 3.0 3.0 0.0 0.18800001 2 TOUCH_MOVE a
1401701273378 6 4098 66.437065 915.17615 0.20000002 4.0 4.0 4.0 4.0 0.0 0.19600001 2 TOUCH_MOVE a
1401701273399 6 4098 71.815445 913.13556 0.20000002 4.0 4.0 4.0 4.0 0.0 0.2 2 TOUCH_MOVE a
1401701273414 6 4098 72.7777 912.451 0.20000002 4.0 4.0 4.0 4.0 0.0 0.19600001 2 TOUCH_MOVE a
1401701273431 6 4098 73.25 912.451 0.20000002 4.0 4.0 4.0 4.0 0.0 0.19600001 2 TOUCH_MOVE a
1401701273465 6 4098 69.5 912.951 0.16666667 3.0 3.0 3.0 3.0 0.0 0.17600001 2 TOUCH_MOVE a
1401701273469 6 4098 69.5 912.951 0.16666667 3.0 3.0 3.0 3.0 0.0 0.17600001 1 TOUCH_UP a
1401701273551 6 4098 523.5 1087.9509 0.20000002 3.0 3.0 3.0 3.0 0.0 0.20400001 0 TOUCH_DOWN n
1401701273566 6 4098 523.5 1087.9509 0.23333335 4.0 4.0 4.0 4.0 0.0 0.21200001 2 TOUCH_MOVE n
1401701273581 6 4098 523.5 1088.8478 0.26666668 4.0 4.0 4.0 4.0 0.0 0.22000001 2 TOUCH_MOVE n
1401701273597 6 4098 523.5 1089.8138 0.26666668 4.0 4.0 4.0 4.0 0.0 0.224 2 TOUCH_MOVE n
1401701273614 6 4098 523.5 1090.777 0.26666668 4.0 4.0 4.0 4.0 0.0 0.22000001 2 TOUCH_MOVE n
1401701273631 6 4098 523.5 1091.7009 0.20000002 3.0 3.0 3.0 3.0 0.0 0.20400001 2 TOUCH_MOVE n
1401701273649 6 4098 523.5 1091.7009 0.20000002 3.0 3.0 3.0 3.0 0.0 0.20400001 1 TOUCH_UP n
1401701274301 6 4098 680.5 1214.9509 0.23333335 4.0 4.0 4.0 4.0 0.0 0.192 0 TOUCH_DOWN Enter
1401701274321 6 4098 680.5 1215.3125 0.23333335 4.0 4.0 4.0 4.0 0.0 0.2 2 TOUCH_MOVE Enter
1401701274333 6 4098 680.5 1215.8003 0.23333335 4.0 4.0 4.0 4.0 0.0 0.208 2 TOUCH_MOVE Enter
1401701274348 6 4098 680.5 1216.1951 0.23333335 4.0 4.0 4.0 4.0 0.0 0.21200001 2 TOUCH_MOVE Enter
1401701274387 6 4098 680.5 1216.1951 0.23333335 4.0 4.0 4.0 4.0 0.0 0.21200001 1 TOUCH_UP Enter
1401701275047 6 4098 291.0 1096.4509 0.26666668 4.0 4.0 4.0 4.0 0.0 0.22000001 0 TOUCH_DOWN C
1401701275065 6 4098 291.0 1097.0172 0.26666668 4.0 4.0 4.0 4.0 0.0 0.23200001 2 TOUCH_MOVE C
1401701275082 6 4098 291.5213 1097.9723 0.3 5.0 5.0 5.0 5.0 0.0 0.23600002 2 TOUCH_MOVE C
1401701275099 6 4098 292.48615 1098.937 0.3 5.0 5.0 5.0 5.0 0.0 0.23600002 2 TOUCH_MOVE C
1401701275117 6 4098 293.4491 1099.9 0.3 5.0 5.0 5.0 5.0 0.0 0.24000001 2 TOUCH_MOVE C
1401701275132 6 4098 293.5 1100.7009 0.3 5.0 5.0 5.0 5.0 0.0 0.23600002 2 TOUCH_MOVE C
1401701275169 6 4098 293.5 1100.4509 0.26666668 4.0 4.0 4.0 4.0 0.0 0.208 2 TOUCH_MOVE C
1401701275171 6 4098 293.5 1100.4509 0.23333335 4.0 4.0 4.0 4.0 0.0 0.16000001 2 TOUCH_MOVE C
1401701275180 6 4098 293.5 1100.4509 0.23333335 4.0 4.0 4.0 4.0 0.0 0.16000001 1 TOUCH_UP C
1401701275211 6 4098 441.0 966.951 0.23333335 5.0 5.0 5.0 5.0 0.0 0.208 0 TOUCH_DOWN h
1401701275221 6 4098 441.0 966.951 0.3 5.0 5.0 5.0 5.0 0.0 0.22000001 2 TOUCH_MOVE h
1401701275312 6 4098 441.0 966.951 0.3 5.0 5.0 5.0 5.0 0.0 0.22000001 1 TOUCH_UP h
1401701275378 6 4098 96.0 936.951 0.33333334 5.0 5.0 5.0 5.0 0.0 0.18800001 0 TOUCH_DOWN a
1401701275401 6 4098 96.0 936.951 0.3 5.0 5.0 5.0 5.0 0.0 0.192 2 TOUCH_MOVE a
1401701275415 6 4098 96.77241 936.951 0.3 5.0 5.0 5.0 5.0 0.0 0.19600001 2 TOUCH_MOVE a
1401701275432 6 4098 97.735306 936.951 0.3 5.0 5.0 5.0 5.0 0.0 0.2 2 TOUCH_MOVE a
1401701275451 6 4098 98.69857 936.951 0.3 5.0 5.0 5.0 5.0 0.0 0.2 2 TOUCH_MOVE a
1401701275468 6 4098 99.25 936.951 0.3 5.0 5.0 5.0 5.0 0.0 0.2 2 TOUCH_MOVE a
1401701275501 6 4098 99.0 936.951 0.26666668 5.0 5.0 5.0 5.0 0.0 0.15200001 2 TOUCH_MOVE a
1401701275512 6 4098 99.0 936.951 0.26666668 5.0 5.0 5.0 5.0 0.0 0.15200001 1 TOUCH_UP a
1401701275539 6 4098 614.5 835.451 0.3 5.0 5.0 5.0 5.0 0.0 0.208 0 TOUCH_DOWN o
1401701275601 6 4098 615.75 835.451 0.3 5.0 5.0 5.0 5.0 0.0 0.224 2 TOUCH_MOVE o
1401701275616 6 4098 616.3219 835.451 0.3 5.0 5.0 5.0 5.0 0.0 0.20400001 2 TOUCH_MOVE o
1401701275628 6 4098 616.5 835.451 0.26666668 4.0 4.0 4.0 4.0 0.0 0.18 2 TOUCH_MOVE o
1401701275631 6 4098 616.5 835.451 0.26666668 4.0 4.0 4.0 4.0 0.0 0.18 1 TOUCH_UP o
1401701276055 6 4098 258.0 1227.9509 0.23333335 4.0 4.0 4.0 4.0 0.0 0.20400001 0 TOUCH_DOWN Space
1401701276085 6 4098 258.0 1227.9509 0.23333335 4.0 4.0 4.0 4.0 0.0 0.208 2 TOUCH_MOVE Space
1401701276183 6 4098 258.0 1227.9509 0.23333335 4.0 4.0 4.0 4.0 0.0 0.208 1 TOUCH_UP Space
1401701276325 6 4098 287.0 1099.4509 0.26666668 4.0 4.0 4.0 4.0 0.0 0.22800002 0 TOUCH_DOWN c
1401701276334 6 4098 287.0 1099.4509 0.26666668 4.0 4.0 4.0 4.0 0.0 0.23200001 2 TOUCH_MOVE c
1401701276377 6 4098 289.2323 1099.4509 0.33333334 5.0 5.0 5.0 5.0 0.0 0.24400002 2 TOUCH_MOVE c
1401701276385 6 4098 291.17422 1100.0381 0.33333334 5.0 5.0 5.0 5.0 0.0 0.24400002 2 TOUCH_MOVE c
1401701276400 6 4098 292.5491 1100.5 0.33333334 5.0 5.0 5.0 5.0 0.0 0.24400002 2 TOUCH_MOVE c
1401701276416 6 4098 293.25 1101.2009 0.33333334 5.0 5.0 5.0 5.0 0.0 0.24400002 2 TOUCH_MOVE c
1401701276445 6 4098 293.0 1100.9509 0.23333335 4.0 4.0 4.0 4.0 0.0 0.2 2 TOUCH_MOVE c
1401701276449 6 4098 293.0 1100.9509 0.23333335 4.0 4.0 4.0 4.0 0.0 0.2 1 TOUCH_UP c
1401701276531 6 4098 633.0 799.451 0.20000002 4.0 4.0 4.0 4.0 0.0 0.20400001 0 TOUCH_DOWN o
1401701276550 6 4098 633.0 799.451 0.23333335 5.0 5.0 5.0 5.0 0.0 0.21200001 2 TOUCH_MOVE o
1401701276583 6 4098 633.0 800.5904 0.3 5.0 5.0 5.0 5.0 0.0 0.22800002 2 TOUCH_MOVE o
1401701276600 6 4098 633.0 801.5559 0.26666668 5.0 5.0 5.0 5.0 0.0 0.22000001 2 TOUCH_MOVE o
1401701276617 6 4098 633.0 801.98553 0.16666667 3.0 3.0 3.0 3.0 0.0 0.18800001 2 TOUCH_MOVE o
1401701276622 6 4098 633.0 801.98553 0.16666667 3.0 3.0 3.0 3.0 0.0 0.18800001 1 TOUCH_UP o
1401701276819 6 4098 295.5 1212.4509 0.16666667 3.0 3.0 3.0 3.0 0.0 0.192 0 TOUCH_DOWN Space
1401701276839 6 4098 295.5 1212.9735 0.23333335 4.0 4.0 4.0 4.0 0.0 0.21200001 2 TOUCH_MOVE Space
1401701276850 6 4098 295.5 1213.9783 0.23333335 4.0 4.0 4.0 4.0 0.0 0.224 2 TOUCH_MOVE Space
1401701276868 6 4098 295.5 1214.9565 0.26666668 5.0 5.0 5.0 5.0 0.0 0.22800002 2 TOUCH_MOVE Space
1401701276884 6 4098 295.5 1215.8912 0.26666668 5.0 5.0 5.0 5.0 0.0 0.22800002 2 TOUCH_MOVE Space
1401701276900 6 4098 295.5 1216.2009 0.26666668 5.0 5.0 5.0 5.0 0.0 0.23200001 2 TOUCH_MOVE Space
1401701276969 6 4098 295.2221 1214.6731 0.23333335 4.0 4.0 4.0 4.0 0.0 0.22800002 2 TOUCH_MOVE Space
1401701276982 6 4098 295.0 1214.4509 0.23333335 4.0 4.0 4.0 4.0 0.0 0.2 2 TOUCH_MOVE Space
1401701276985 6 4098 295.0 1214.4509 0.23333335 4.0 4.0 4.0 4.0 0.0 0.2 1 TOUCH_UP Space
1401701277220 6 4098 364.5 979.951 0.3 5.0 5.0 5.0 5.0 0.0 0.23200001 0 TOUCH_DOWN g
1401701277338 6 4098 364.5 979.951 0.23333335 4.0 4.0 4.0 4.0 0.0 0.2 2 TOUCH_MOVE g
1401701277342 6 4098 364.5 979.951 0.23333335 4.0 4.0 4.0 4.0 0.0 0.2 1 TOUCH_UP g
1401701277503 6 4098 549.5 815.951 0.3 5.0 5.0 5.0 5.0 0.0 0.224 0 TOUCH_DOWN i
1401701277528 6 4098 549.5 815.951 0.3 5.0 5.0 5.0 5.0 0.0 0.22800002 2 TOUCH_MOVE i
1401701277555 6 4098 549.5 817.9568 0.33333334 5.0 5.0 5.0 5.0 0.0 0.24400002 2 TOUCH_MOVE i
1401701277568 6 4098 549.5 818.8802 0.33333334 5.0 5.0 5.0 5.0 0.0 0.24400002 2 TOUCH_MOVE i
1401701277584 6 4098 549.80963 819.7606 0.33333334 5.0 5.0 5.0 5.0 0.0 0.24000001 2 TOUCH_MOVE i
1401701277602 6 4098 550.5 819.951 0.3 5.0 5.0 5.0 5.0 0.0 0.224 2 TOUCH_MOVE i
1401701277607 6 4098 550.5 819.951 0.3 5.0 5.0 5.0 5.0 0.0 0.2 2 TOUCH_MOVE i
1401701277610 6 4098 550.5 819.951 0.3 5.0 5.0 5.0 5.0 0.0 0.2 1 TOUCH_UP i
1401701277720 6 4098 85.5 933.451 0.26666668 4.0 4.0 4.0 4.0 0.0 0.18800001 0 TOUCH_DOWN a
1401701277738 6 4098 85.5 933.451 0.26666668 4.0 4.0 4.0 4.0 0.0 0.192 2 TOUCH_MOVE a
1401701277751 6 4098 86.005974 933.957 0.26666668 4.0 4.0 4.0 4.0 0.0 0.19600001 2 TOUCH_MOVE a
1401701277768 6 4098 87.45854 933.951 0.26666668 4.0 4.0 4.0 4.0 0.0 0.2 2 TOUCH_MOVE a
1401701277785 6 4098 88.942955 933.951 0.3 5.0 5.0 5.0 5.0 0.0 0.2 2 TOUCH_MOVE a
1401701277803 6 4098 90.404396 933.5466 0.3 5.0 5.0 5.0 5.0 0.0 0.2 2 TOUCH_MOVE a
1401701277818 6 4098 91.34353 933.451 0.3 5.0 5.0 5.0 5.0 0.0 0.2 2 TOUCH_MOVE a
1401701277835 6 4098 91.75 933.451 0.3 5.0 5.0 5.0 5.0 0.0 0.20400001 2 TOUCH_MOVE a
1401701277868 6 4098 90.024895 934.43854 0.3 5.0 5.0 5.0 5.0 0.0 0.192 2 TOUCH_MOVE a
1401701277888 6 4098 89.0 934.951 0.26666668 5.0 5.0 5.0 5.0 0.0 0.18 2 TOUCH_MOVE a
1401701277891 6 4098 89.0 934.951 0.26666668 5.0 5.0 5.0 5.0 0.0 0.18 1 TOUCH_UP a
1401701277900 6 4098 606.5 848.451 0.26666668 5.0 5.0 5.0 5.0 0.0 0.20400001 0 TOUCH_DOWN o
1401701277923 6 4098 605.75 847.701 0.26666668 5.0 5.0 5.0 5.0 0.0 0.21200001 2 TOUCH_MOVE o
1401701277988 6 4098 606.5 848.451 0.23333335 5.0 5.0 5.0 5.0 0.0 0.18800001 2 TOUCH_MOVE o
1401701277991 6 4098 606.5 848.451 0.23333335 5.0 5.0 5.0 5.0 0.0 0.18800001 1 TOUCH_UP o
1401701278738 6 4098 417.0 1192.9509 0.13333334 2.0 2.0 2.0 2.0 0.0 0.18400002 0 TOUCH_DOWN ,
1401701278753 6 4098 417.0 1192.9509 0.20000002 3.0 3.0 3.0 3.0 0.0 0.20400001 2 TOUCH_MOVE ,
1401701278824 6 4098 417.0 1192.9509 0.20000002 3.0 3.0 3.0 3.0 0.0 0.20400001 1 TOUCH_UP ,
1401701278972 6 4098 256.0 1236.9509 0.20000002 4.0 4.0 4.0 4.0 0.0 0.19600001 0 TOUCH_DOWN Space
1401701278986 6 4098 256.0 1236.9509 0.20000002 4.0 4.0 4.0 4.0 0.0 0.2 2 TOUCH_MOVE Space
1401701279025 6 4098 256.0 1235.7828 0.23333335 4.0 4.0 4.0 4.0 0.0 0.20400001 2 TOUCH_MOVE Space
1401701279036 6 4098 256.0 1234.8483 0.23333335 4.0 4.0 4.0 4.0 0.0 0.20400001 2 TOUCH_MOVE Space
1401701279053 6 4098 256.0 1233.8594 0.23333335 4.0 4.0 4.0 4.0 0.0 0.20400001 2 TOUCH_MOVE Space
1401701279097 6 4098 256.0 1233.9509 0.10000001 2.0 2.0 2.0 2.0 0.0 0.16000001 2 TOUCH_MOVE Space
1401701279103 6 4098 256.0 1233.9509 0.10000001 2.0 2.0 2.0 2.0 0.0 0.16000001 1 TOUCH_UP Space
1401701279733 6 4098 292.5 1095.9509 0.26666668 4.0 4.0 4.0 4.0 0.0 0.216 0 TOUCH_DOWN c
1401701279740 6 4098 292.5 1096.4951 0.3 5.0 5.0 5.0 5.0 0.0 0.23200001 2 TOUCH_MOVE c
1401701279757 6 4098 292.9473 1097.3982 0.3 5.0 5.0 5.0 5.0 0.0 0.24000001 2 TOUCH_MOVE c
1401701279772 6 4098 294.9513 1098.9266 0.33333334 5.0 5.0 5.0 5.0 0.0 0.24400002 2 TOUCH_MOVE c
1401701279786 6 4098 295.93848 1099.8894 0.33333334 5.0 5.0 5.0 5.0 0.0 0.24800001 2 TOUCH_MOVE c
1401701279803 6 4098 296.5 1100.8417 0.33333334 5.0 5.0 5.0 5.0 0.0 0.24800001 2 TOUCH_MOVE c
1401701279820 6 4098 296.5 1101.2009 0.33333334 5.0 5.0 5.0 5.0 0.0 0.252 2 TOUCH_MOVE c
1401701279853 6 4098 296.5 1100.9509 0.26666668 4.0 4.0 4.0 4.0 0.0 0.224 2 TOUCH_MOVE c
1401701279860 6 4098 296.5 1100.9509 0.23333335 4.0 4.0 4.0 4.0 0.0 0.19600001 2 TOUCH_MOVE c
1401701279863 6 4098 296.5 1100.9509 0.23333335 4.0 4.0 4.0 4.0 0.0 0.19600001 1 TOUCH_UP c
1401701279958 6 4098 434.0 938.451 0.3 5.0 5.0 5.0 5.0 0.0 0.22000001 0 TOUCH_DOWN h
1401701280055 6 4098 434.0 938.451 0.33333334 5.0 5.0 5.0 5.0 0.0 0.216 2 TOUCH_MOVE h
1401701280060 6 4098 434.0 938.451 0.3 5.0 5.0 5.0 5.0 0.0 0.192 2 TOUCH_MOVE h
1401701280063 6 4098 434.0 938.451 0.3 5.0 5.0 5.0 5.0 0.0 0.192 1 TOUCH_UP h
1401701280133 6 4098 89.0 948.451 0.26666668 4.0 4.0 4.0 4.0 0.0 0.192 0 TOUCH_DOWN a
1401701280154 6 4098 89.0 948.451 0.26666668 4.0 4.0 4.0 4.0 0.0 0.2 2 TOUCH_MOVE a
1401701280172 6 4098 90.07655 947.87445 0.33333334 5.0 5.0 5.0 5.0 0.0 0.20400001 2 TOUCH_MOVE a
1401701280187 6 4098 92.08207 946.41 0.33333334 5.0 5.0 5.0 5.0 0.0 0.208 2 TOUCH_MOVE a
1401701280203 6 4098 93.49856 944.95245 0.33333334 5.0 5.0 5.0 5.0 0.0 0.20400001 2 TOUCH_MOVE a
1401701280231 6 4098 94.46333 943.9877 0.33333334 5.0 5.0 5.0 5.0 0.0 0.208 2 TOUCH_MOVE a
1401701280237 6 4098 94.75 943.701 0.33333334 5.0 5.0 5.0 5.0 0.0 0.20400001 2 TOUCH_MOVE a
1401701280274 6 4098 93.32011 943.951 0.3 5.0 5.0 5.0 5.0 0.0 0.2 2 TOUCH_MOVE a
1401701280285 6 4098 90.5 944.951 0.23333335 4.0 4.0 4.0 4.0 0.0 0.18400002 2 TOUCH_MOVE a
1401701280288 6 4098 90.5 944.951 0.23333335 4.0 4.0 4.0 4.0 0.0 0.18400002 1 TOUCH_UP a
1401701280313 6 4098 641.5 834.451 0.20000002 4.0 4.0 4.0 4.0 0.0 0.2 0 TOUCH_DOWN o
1401701280320 6 4098 641.5 834.451 0.26666668 4.0 4.0 4.0 4.0 0.0 0.208 2 TOUCH_MOVE o
1401701280354 6 4098 641.5 834.98926 0.26666668 4.0 4.0 4.0 4.0 0.0 0.21200001 2 TOUCH_MOVE o
1401701280388 6 4098 641.5 834.98926 0.26666668 4.0 4.0 4.0 4.0 0.0 0.21200001 1 TOUCH_UP o
1401701280783 6 4098 270.5 1233.9509 0.26666668 5.0 5.0 5.0 5.0 0.0 0.19600001 0 TOUCH_DOWN Space
1401701280788 6 4098 270.5 1233.9509 0.26666668 5.0 5.0 5.0 5.0 0.0 0.20400001 2 TOUCH_MOVE Space
1401701280818 6 4098 270.5 1233.2996 0.26666668 5.0 5.0 5.0 5.0 0.0 0.21200001 2 TOUCH_MOVE Space
1401701280824 6 4098 270.5 1231.7214 0.26666668 5.0 5.0 5.0 5.0 0.0 0.21200001 2 TOUCH_MOVE Space
1401701280842 6 4098 270.5 1230.3765 0.26666668 5.0 5.0 5.0 5.0 0.0 0.216 2 TOUCH_MOVE Space
1401701280854 6 4098 270.5 1229.411 0.26666668 5.0 5.0 5.0 5.0 0.0 0.216 2 TOUCH_MOVE Space
1401701280871 6 4098 270.5 1228.7009 0.26666668 5.0 5.0 5.0 5.0 0.0 0.216 2 TOUCH_MOVE Space
1401701280903 6 4098 270.5 1228.7009 0.26666668 5.0 5.0 5.0 5.0 0.0 0.216 1 TOUCH_UP Space
1401701281162 6 4098 451.0 1076.4509 0.3 5.0 5.0 5.0 5.0 0.0 0.208 0 TOUCH_DOWN b
1401701281184 6 4098 451.0 1076.4509 0.3 5.0 5.0 5.0 5.0 0.0 0.21200001 2 TOUCH_MOVE b
1401701281221 6 4098 451.0 1077.6603 0.33333334 5.0 5.0 5.0 5.0 0.0 0.23200001 2 TOUCH_MOVE b
1401701281240 6 4098 451.0 1078.2631 0.3 5.0 5.0 5.0 5.0 0.0 0.22800002 2 TOUCH_MOVE b
1401701281254 6 4098 451.0 1078.6661 0.3 5.0 5.0 5.0 5.0 0.0 0.216 2 TOUCH_MOVE b
1401701281264 6 4098 451.0 1078.4509 0.23333335 5.0 5.0 5.0 5.0 0.0 0.18 2 TOUCH_MOVE b
1401701281266 6 4098 451.0 1078.4509 0.23333335 5.0 5.0 5.0 5.0 0.0 0.18 1 TOUCH_UP b
1401701281342 6 4098 86.5 984.951 0.23333335 4.0 4.0 4.0 4.0 0.0 0.18400002 0 TOUCH_DOWN a
1401701281354 6 4098 86.5 984.951 0.23333335 4.0 4.0 4.0 4.0 0.0 0.18800001 2 TOUCH_MOVE a
1401701281389 6 4098 88.17079 984.451 0.26666668 5.0 5.0 5.0 5.0 0.0 0.2 2 TOUCH_MOVE a
1401701281405 6 4098 89.59989 983.65106 0.26666668 5.0 5.0 5.0 5.0 0.0 0.2 2 TOUCH_MOVE a
1401701281422 6 4098 90.75 983.451 0.26666668 5.0 5.0 5.0 5.0 0.0 0.2 2 TOUCH_MOVE a
1401701281472 6 4098 89.970085 983.451 0.23333335 4.0 4.0 4.0 4.0 0.0 0.19600001 2 TOUCH_MOVE a
1401701281488 6 4098 89.5 983.451 0.16666667 3.0 3.0 3.0 3.0 0.0 0.120000005 2 TOUCH_MOVE a
1401701281492 6 4098 89.5 983.451 0.16666667 3.0 3.0 3.0 3.0 0.0 0.120000005 1 TOUCH_UP a
1401701281569 6 4098 653.0 831.451 0.3 5.0 5.0 5.0 5.0 0.0 0.19600001 0 TOUCH_DOWN p
1401701281588 6 4098 653.0 831.451 0.26666668 4.0 4.0 4.0 4.0 0.0 0.20400001 2 TOUCH_MOVE p
1401701281627 6 4098 651.7858 832.66516 0.3 5.0 5.0 5.0 5.0 0.0 0.224 2 TOUCH_MOVE p
1401701281638 6 4098 650.75 833.701 0.3 5.0 5.0 5.0 5.0 0.0 0.22000001 2 TOUCH_MOVE p
1401701281655 6 4098 651.0 833.951 0.26666668 4.0 4.0 4.0 4.0 0.0 0.18400002 2 TOUCH_MOVE p
1401701281662 6 4098 651.0 833.951 0.26666668 4.0 4.0 4.0 4.0 0.0 0.18400002 1 TOUCH_UP p
1401701282001 6 4098 243.5 1211.4509 0.23333335 4.0 4.0 4.0 4.0 0.0 0.21200001 0 TOUCH_DOWN Space
1401701282055 6 4098 244.30864 1211.4509 0.23333335 4.0 4.0 4.0 4.0 0.0 0.22800002 2 TOUCH_MOVE Space
1401701282077 6 4098 244.75 1211.4509 0.23333335 4.0 4.0 4.0 4.0 0.0 0.22800002 2 TOUCH_MOVE Space
1401701282088 6 4098 245.22955 1211.4509 0.23333335 4.0 4.0 4.0 4.0 0.0 0.22800002 2 TOUCH_MOVE Space
1401701282122 6 4098 245.0 1211.4509 0.20000002 3.0 3.0 3.0 3.0 0.0 0.19600001 2 TOUCH_MOVE Space
1401701282133 6 4098 245.0 1211.4509 0.20000002 3.0 3.0 3.0 3.0 0.0 0.19600001 1 TOUCH_UP Space
1401701282485 6 4098 694.0 1077.9509 0.16666667 3.0 3.0 3.0 3.0 0.0 0.192 0 TOUCH_DOWN Back
1401701282506 6 4098 694.0 1077.9509 0.16666667 3.0 3.0 3.0 3.0 0.0 0.19600001 2 TOUCH_MOVE Back
1401701282522 6 4098 693.21173 1078.4509 0.20000002 4.0 4.0 4.0 4.0 0.0 0.19600001 2 TOUCH_MOVE Back
1401701282539 6 4098 692.2532 1079.1978 0.16666667 3.0 3.0 3.0 3.0 0.0 0.19600001 2 TOUCH_MOVE Back
1401701282558 6 4098 692.2532 1079.1978 0.16666667 3.0 3.0 3.0 3.0 0.0 0.19600001 1 TOUCH_UP Back
1401701282642 6 4098 694.5 1065.4509 0.16666667 3.0 3.0 3.0 3.0 0.0 0.192 0 TOUCH_DOWN Back
1401701282656 6 4098 694.5 1065.4509 0.23333335 4.0 4.0 4.0 4.0 0.0 0.19600001 2 TOUCH_MOVE Back
1401701282690 6 4098 693.5893 1065.4509 0.26666668 4.0 4.0 4.0 4.0 0.0 0.20400001 2 TOUCH_MOVE Back
1401701282706 6 4098 693.0 1065.8236 0.26666668 4.0 4.0 4.0 4.0 0.0 0.2 2 TOUCH_MOVE Back
1401701282724 6 4098 693.0 1066.2009 0.20000002 3.0 3.0 3.0 3.0 0.0 0.19600001 2 TOUCH_MOVE Back
1401701282730 6 4098 693.0 1066.2009 0.20000002 3.0 3.0 3.0 3.0 0.0 0.19600001 1 TOUCH_UP Back
1401701283177 6 4098 636.5 816.951 0.26666668 4.0 4.0 4.0 4.0 0.0 0.22000001 0 TOUCH_DOWN o
1401701283191 6 4098 636.2231 817.7279 0.33333334 5.0 5.0 5.0 5.0 0.0 0.24000001 2 TOUCH_MOVE o
1401701283206 6 4098 635.2541 818.94275 0.36666667 6.0 6.0 6.0 6.0 0.0 0.24800001 2 TOUCH_MOVE o
1401701283223 6 4098 634.2941 820.15686 0.36666667 6.0 6.0 6.0 6.0 0.0 0.24800001 2 TOUCH_MOVE o
1401701283240 6 4098 634.0 821.1239 0.36666667 6.0 6.0 6.0 6.0 0.0 0.24000001 2 TOUCH_MOVE o
1401701283256 6 4098 635.76825 822.0851 0.3 5.0 5.0 5.0 5.0 0.0 0.224 2 TOUCH_MOVE o
1401701283266 6 4098 635.5 821.951 0.20000002 4.0 4.0 4.0 4.0 0.0 0.18800001 2 TOUCH_MOVE o
1401701283276 6 4098 635.5 821.951 0.20000002 4.0 4.0 4.0 4.0 0.0 0.18800001 1 TOUCH_UP o
1401701283369 6 4098 257.0 1231.9509 0.23333335 4.0 4.0 4.0 4.0 0.0 0.20400001 0 TOUCH_DOWN Space
1401701283391 6 4098 257.0 1231.5348 0.23333335 4.0 4.0 4.0 4.0 0.0 0.21200001 2 TOUCH_MOVE Space
1401701283426 6 4098 259.51642 1228.4344 0.23333335 4.0 4.0 4.0 4.0 0.0 0.22000001 2 TOUCH_MOVE Space
1401701283440 6 4098 260.72568 1226.7252 0.26666668 5.0 5.0 5.0 5.0 0.0 0.22000001 2 TOUCH_MOVE Space
1401701283457 6 4098 261.66986 1225.7811 0.26666668 5.0 5.0 5.0 5.0 0.0 0.22000001 2 TOUCH_MOVE Space
1401701283476 6 4098 262.25 1225.9509 0.26666668 5.0 5.0 5.0 5.0 0.0 0.22000001 2 TOUCH_MOVE Space
1401701283506 6 4098 261.49054 1225.9509 0.23333335 4.0 4.0 4.0 4.0 0.0 0.216 2 TOUCH_MOVE Space
1401701283524 6 4098 261.0 1225.9509 0.20000002 3.0 3.0 3.0 3.0 0.0 0.18800001 2 TOUCH_MOVE Space
1401701283531 6 4098 261.0 1225.9509 0.20000002 3.0 3.0 3.0 3.0 0.0 0.18800001 1 TOUCH_UP Space
1401701283638 6 4098 424.5 1084.9509 0.23333335 4.0 4.0 4.0 4.0 0.0 0.20400001 0 TOUCH_DOWN b
1401701283659 6 4098 424.5 1084.9509 0.23333335 4.0 4.0 4.0 4.0 0.0 0.21200001 2 TOUCH_MOVE b
1401701283690 6 4098 424.5 1085.4823 0.26666668 4.0 4.0 4.0 4.0 0.0 0.22800002 2 TOUCH_MOVE b
1401701283711 6 4098 425.61517 1086.066 0.26666668 4.0 4.0 4.0 4.0 0.0 0.224 2 TOUCH_MOVE b
1401701283724 6 4098 426.5679 1086.4509 0.26666668 4.0 4.0 4.0 4.0 0.0 0.216 2 TOUCH_MOVE b
1401701283740 6 4098 427.0 1086.9509 0.20000002 4.0 4.0 4.0 4.0 0.0 0.156 2 TOUCH_MOVE b
1401701283745 6 4098 427.0 1086.9509 0.20000002 4.0 4.0 4.0 4.0 0.0 0.156 1 TOUCH_UP b
1401701283787 6 4098 104.0 945.451 0.33333334 5.0 5.0 5.0 5.0 0.0 0.19600001 0 TOUCH_DOWN a
1401701283823 6 4098 104.35643 944.2381 0.33333334 5.0 5.0 5.0 5.0 0.0 0.20400001 2 TOUCH_MOVE a
1401701283840 6 4098 105.313034 942.32495 0.33333334 5.0 5.0 5.0 5.0 0.0 0.208 2 TOUCH_MOVE a
1401701283857 6 4098 106.284775 940.3815 0.3 5.0 5.0 5.0 5.0 0.0 0.208 2 TOUCH_MOVE a
1401701283876 6 4098 106.5 938.67017 0.3 5.0 5.0 5.0 5.0 0.0 0.208 2 TOUCH_MOVE a
1401701283890 6 4098 106.5 937.74365 0.3 5.0 5.0 5.0 5.0 0.0 0.208 2 TOUCH_MOVE a
1401701283908 6 4098 105.82829 937.451 0.33333334 5.0 5.0 5.0 5.0 0.0 0.20400001 2 TOUCH_MOVE a
1401701283931 6 4098 104.5 937.951 0.33333334 5.0 5.0 5.0 5.0 0.0 0.192 2 TOUCH_MOVE a
1401701283935 6 4098 104.5 937.951 0.33333334 5.0 5.0 5.0 5.0 0.0 0.192 1 TOUCH_UP a
1401701284063 6 4098 524.5 1068.4509 0.26666668 4.0 4.0 4.0 4.0 0.0 0.21200001 0 TOUCH_DOWN n
1401701284124 6 4098 524.5 1069.1362 0.26666668 4.0 4.0 4.0 4.0 0.0 0.224 2 TOUCH_MOVE n
1401701284141 6 4098 523.71265 1070.0946 0.26666668 4.0 4.0 4.0 4.0 0.0 0.21200001 2 TOUCH_MOVE n
1401701284158 6 4098 522.4042 1071.0468 0.16666667 3.0 3.0 3.0 3.0 0.0 0.1 2 TOUCH_MOVE n
1401701284161 6 4098 522.4042 1071.0468 0.16666667 3.0 3.0 3.0 3.0 0.0 0.1 1 TOUCH_UP n
1401701284258 6 4098 268.0 1222.9509 0.26666668 5.0 5.0 5.0 5.0 0.0 0.208 0 TOUCH_DOWN Space
1401701284324 6 4098 268.23077 1222.9509 0.26666668 5.0 5.0 5.0 5.0 0.0 0.224 2 TOUCH_MOVE Space
1401701284343 6 4098 268.75 1222.9509 0.26666668 5.0 5.0 5.0 5.0 0.0 0.224 2 TOUCH_MOVE Space
1401701284407 6 4098 266.84543 1223.5282 0.23333335 4.0 4.0 4.0 4.0 0.0 0.192 2 TOUCH_MOVE Space
1401701284412 6 4098 266.84543 1223.5282 0.23333335 4.0 4.0 4.0 4.0 0.0 0.192 1 TOUCH_UP Space
1401701284544 6 4098 429.0 965.951 0.23333335 4.0 4.0 4.0 4.0 0.0 0.208 0 TOUCH_DOWN h
1401701284557 6 4098 429.0 965.951 0.26666668 4.0 4.0 4.0 4.0 0.0 0.22000001 2 TOUCH_MOVE h
1401701284625 6 4098 429.0 965.44745 0.26666668 4.0 4.0 4.0 4.0 0.0 0.21200001 2 TOUCH_MOVE h
1401701284635 6 4098 429.0 965.451 0.26666668 4.0 4.0 4.0 4.0 0.0 0.18400002 2 TOUCH_MOVE h
1401701284638 6 4098 429.0 965.451 0.26666668 4.0 4.0 4.0 4.0 0.0 0.18400002 1 TOUCH_UP h
1401701284775 6 4098 558.0 822.451 0.3 5.0 5.0 5.0 5.0 0.0 0.216 0 TOUCH_DOWN i
1401701284809 6 4098 557.4561 822.451 0.33333334 5.0 5.0 5.0 5.0 0.0 0.22800002 2 TOUCH_MOVE i
1401701284854 6 4098 557.4561 822.451 0.33333334 5.0 5.0 5.0 5.0 0.0 0.22800002 1 TOUCH_UP i
1401701284965 6 4098 182.0 807.451 0.23333335 4.0 4.0 4.0 4.0 0.0 0.216 0 TOUCH_DOWN e
1401701284975 6 4098 182.0 807.451 0.26666668 5.0 5.0 5.0 5.0 0.0 0.22000001 2 TOUCH_MOVE e
1401701285008 6 4098 183.19464 806.25635 0.26666668 5.0 5.0 5.0 5.0 0.0 0.23200001 2 TOUCH_MOVE e
1401701285029 6 4098 184.15753 805.29346 0.26666668 5.0 5.0 5.0 5.0 0.0 0.23200001 2 TOUCH_MOVE e
1401701285041 6 4098 185.11732 804.3337 0.26666668 5.0 5.0 5.0 5.0 0.0 0.23200001 2 TOUCH_MOVE e
1401701285058 6 4098 185.0 803.3697 0.26666668 5.0 5.0 5.0 5.0 0.0 0.22800002 2 TOUCH_MOVE e
1401701285075 6 4098 184.47356 802.951 0.23333335 4.0 4.0 4.0 4.0 0.0 0.22000001 2 TOUCH_MOVE e
1401701285093 6 4098 183.0 801.951 0.20000002 4.0 4.0 4.0 4.0 0.0 0.18400002 2 TOUCH_MOVE e
1401701285097 6 4098 183.0 801.951 0.20000002 4.0 4.0 4.0 4.0 0.0 0.18400002 1 TOUCH_UP e
1401701285186 6 4098 517.0 1079.4509 0.20000002 4.0 4.0 4.0 4.0 0.0 0.19600001 0 TOUCH_DOWN n
1401701285210 6 4098 517.0 1079.4509 0.20000002 4.0 4.0 4.0 4.0 0.0 0.2 2 TOUCH_MOVE n
1401701285268 6 4098 517.0 1079.4509 0.13333334 2.0 2.0 2.0 2.0 0.0 0.17600001 2 TOUCH_MOVE n
1401701285273 6 4098 517.0 1079.4509 0.13333334 2.0 2.0 2.0 2.0 0.0 0.17600001 1 TOUCH_UP n
1401701286013 6 4098 702.0 1200.4509 0.16666667 3.0 3.0 3.0 3.0 0.0 0.18800001 0 TOUCH_DOWN Enter
1401701286025 6 4098 702.0 1200.4509 0.16666667 3.0 3.0 3.0 3.0 0.0 0.19600001 2 TOUCH_MOVE Enter
1401701286056 6 4098 701.81616 1200.9509 0.20000002 4.0 4.0 4.0 4.0 0.0 0.20400001 2 TOUCH_MOVE Enter
1401701286076 6 4098 700.75 1200.9509 0.20000002 4.0 4.0 4.0 4.0 0.0 0.208 2 TOUCH_MOVE Enter
1401701286108 6 4098 701.5 1200.9509 0.13333334 2.0 2.0 2.0 2.0 0.0 0.132 2 TOUCH_MOVE Enter
1401701286112 6 4098 701.5 1200.9509 0.13333334 2.0 2.0 2.0 2.0 0.0 0.132 1 TOUCH_UP Enter
1401701286977 6 4098 448.5 953.951 0.3 5.0 5.0 5.0 5.0 0.0 0.208 0 TOUCH_DOWN H
1401701286996 6 4098 448.5 953.951 0.3 5.0 5.0 5.0 5.0 0.0 0.216 2 TOUCH_MOVE H
1401701287077 6 4098 449.0 953.451 0.3 5.0 5.0 5.0 5.0 0.0 0.18800001 2 TOUCH_MOVE H
1401701287081 6 4098 449.0 953.451 0.3 5.0 5.0 5.0 5.0 0.0 0.18800001 1 TOUCH_UP H
1401701287199 6 4098 500.0 805.951 0.3 5.0 5.0 5.0 5.0 0.0 0.22000001 0 TOUCH_DOWN u
1401701287210 6 4098 500.0 805.951 0.3 5.0 5.0 5.0 5.0 0.0 0.22800002 2 TOUCH_MOVE u
1401701287245 6 4098 499.0 807.11975 0.33333334 5.0 5.0 5.0 5.0 0.0 0.24800001 2 TOUCH_MOVE u
1401701287261 6 4098 498.37335 808.07764 0.33333334 5.0 5.0 5.0 5.0 0.0 0.24800001 2 TOUCH_MOVE u
1401701287293 6 4098 498.5 807.951 0.20000002 4.0 4.0 4.0 4.0 0.0 0.18 2 TOUCH_MOVE u
1401701287297 6 4098 498.5 807.951 0.20000002 4.0 4.0 4.0 4.0 0.0 0.18 1 TOUCH_UP u
1401701287333 6 4098 80.5 911.951 0.16666667 3.0 3.0 3.0 3.0 0.0 0.18800001 0 TOUCH_DOWN a
1401701287343 6 4098 80.5 911.951 0.20000002 4.0 4.0 4.0 4.0 0.0 0.192 2 TOUCH_MOVE a
1401701287361 6 4098 81.80214 911.5499 0.20000002 4.0 4.0 4.0 4.0 0.0 0.19600001 2 TOUCH_MOVE a
1401701287379 6 4098 83.66834 910.6168 0.20000002 4.0 4.0 4.0 4.0 0.0 0.2 2 TOUCH_MOVE a
1401701287393 6 4098 84.829544 909.62146 0.20000002 4.0 4.0 4.0 4.0 0.0 0.2 2 TOUCH_MOVE a
1401701287410 6 4098 85.7868 909.451 0.20000002 4.0 4.0 4.0 4.0 0.0 0.2 2 TOUCH_MOVE a
1401701287427 6 4098 86.25 909.451 0.20000002 4.0 4.0 4.0 4.0 0.0 0.2 2 TOUCH_MOVE a
1401701287462 6 4098 84.813805 909.451 0.20000002 4.0 4.0 4.0 4.0 0.0 0.19600001 2 TOUCH_MOVE a
1401701287477 6 4098 83.5 909.951 0.13333334 2.0 2.0 2.0 2.0 0.0 0.14400001 2 TOUCH_MOVE a
1401701287480 6 4098 83.5 909.951 0.13333334 2.0 2.0 2.0 2.0 0.0 0.14400001 1 TOUCH_UP a
1401701287712 6 4098 263.5 1240.9509 0.16666667 4.0 4.0 4.0 4.0 0.0 0.18800001 0 TOUCH_DOWN Space
1401701287735 6 4098 263.5 1240.6613 0.20000002 4.0 4.0 4.0 4.0 0.0 0.19600001 2 TOUCH_MOVE Space
1401701287744 6 4098 263.5 1239.9268 0.23333335 5.0 5.0 5.0 5.0 0.0 0.20400001 2 TOUCH_MOVE Space
1401701287761 6 4098 263.5 1237.9362 0.23333335 5.0 5.0 5.0 5.0 0.0 0.208 2 TOUCH_MOVE Space
1401701287778 6 4098 263.5 1236.0378 0.23333335 5.0 5.0 5.0 5.0 0.0 0.208 2 TOUCH_MOVE Space
1401701287794 6 4098 263.5 1235.021 0.23333335 5.0 5.0 5.0 5.0 0.0 0.208 2 TOUCH_MOVE Space
1401701287810 6 4098 263.5 1234.0605 0.23333335 5.0 5.0 5.0 5.0 0.0 0.208 2 TOUCH_MOVE Space
1401701287830 6 4098 263.5 1233.2009 0.20000002 4.0 4.0 4.0 4.0 0.0 0.20400001 2 TOUCH_MOVE Space
1401701287847 6 4098 263.5 1233.2009 0.20000002 4.0 4.0 4.0 4.0 0.0 0.20400001 1 TOUCH_UP Space
1401701288009 6 4098 337.5 1121.4509 0.33333334 5.0 5.0 5.0 5.0 0.0 0.23200001 0 TOUCH_DOWN v
1401701288031 6 4098 337.95016 1121.4509 0.33333334 5.0 5.0 5.0 5.0 0.0 0.24000001 2 TOUCH_MOVE v
1401701288062 6 4098 339.82413 1122.275 0.33333334 5.0 5.0 5.0 5.0 0.0 0.252 2 TOUCH_MOVE v
1401701288078 6 4098 340.7627 1122.4509 0.33333334 5.0 5.0 5.0 5.0 0.0 0.256 2 TOUCH_MOVE v
1401701288094 6 4098 341.0 1123.2009 0.33333334 5.0 5.0 5.0 5.0 0.0 0.252 2 TOUCH_MOVE v
1401701288131 6 4098 341.0 1122.9509 0.3 5.0 5.0 5.0 5.0 0.0 0.208 2 TOUCH_MOVE v
1401701288135 6 4098 341.0 1122.9509 0.3 5.0 5.0 5.0 5.0 0.0 0.208 1 TOUCH_UP v
1401701288241 6 4098 642.5 832.451 0.20000002 4.0 4.0 4.0 4.0 0.0 0.19600001 0 TOUCH_DOWN o
1401701288262 6 4098 642.5 832.451 0.20000002 4.0 4.0 4.0 4.0 0.0 0.2 2 TOUCH_MOVE o
1401701288294 6 4098 641.19867 832.451 0.3 5.0 5.0 5.0 5.0 0.0 0.216 2 TOUCH_MOVE o
1401701288325 6 4098 639.9731 832.451 0.3 5.0 5.0 5.0 5.0 0.0 0.21200001 2 TOUCH_MOVE o
1401701288346 6 4098 633.0 829.951 0.26666668 5.0 5.0 5.0 5.0 0.0 0.14 2 TOUCH_MOVE o
1401701288365 6 4098 633.0 829.951 0.26666668 5.0 5.0 5.0 5.0 0.0 0.14 1 TOUCH_UP o
1401701288410 6 4098 563.5 801.951 0.20000002 4.0 4.0 4.0 4.0 0.0 0.20400001 0 TOUCH_DOWN i
1401701288435 6 4098 563.5 801.951 0.23333335 5.0 5.0 5.0 5.0 0.0 0.208 2 TOUCH_MOVE i
1401701288444 6 4098 563.5 802.91394 0.3 5.0 5.0 5.0 5.0 0.0 0.22000001 2 TOUCH_MOVE i
1401701288461 6 4098 563.5 804.80035 0.3 5.0 5.0 5.0 5.0 0.0 0.22800002 2 TOUCH_MOVE i
1401701288479 6 4098 563.5 805.8336 0.3 5.0 5.0 5.0 5.0 0.0 0.22800002 2 TOUCH_MOVE i
1401701288494 6 4098 564.35315 806.451 0.23333335 4.0 4.0 4.0 4.0 0.0 0.216 2 TOUCH_MOVE i
1401701288510 6 4098 564.5 806.451 0.20000002 4.0 4.0 4.0 4.0 0.0 0.19600001 2 TOUCH_MOVE i
1401701288514 6 4098 564.5 806.451 0.20000002 4.0 4.0 4.0 4.0 0.0 0.19600001 1 TOUCH_UP i
1401701288861 6 4098 226.0 1200.4509 0.23333335 4.0 4.0 4.0 4.0 0.0 0.2 0 TOUCH_DOWN Space
1401701288881 6 4098 226.0 1200.4509 0.23333335 4.0 4.0 4.0 4.0 0.0 0.208 2 TOUCH_MOVE Space
1401701288914 6 4098 226.91579 1200.9509 0.23333335 4.0 4.0 4.0 4.0 0.0 0.224 2 TOUCH_MOVE Space
1401701288928 6 4098 227.87976 1200.9509 0.23333335 4.0 4.0 4.0 4.0 0.0 0.224 2 TOUCH_MOVE Space
1401701288945 6 4098 228.75 1200.9509 0.23333335 4.0 4.0 4.0 4.0 0.0 0.224 2 TOUCH_MOVE Space
1401701288995 6 4098 228.5 1200.9509 0.20000002 4.0 4.0 4.0 4.0 0.0 0.18 2 TOUCH_MOVE Space
1401701288998 6 4098 228.5 1200.9509 0.20000002 4.0 4.0 4.0 4.0 0.0 0.18 1 TOUCH_UP Space
1401701289169 6 4098 307.0 1075.9509 0.26666668 4.0 4.0 4.0 4.0 0.0 0.22800002 0 TOUCH_DOWN c
1401701289178 6 4098 307.0 1075.9509 0.26666668 4.0 4.0 4.0 4.0 0.0 0.23200001 2 TOUCH_MOVE c
1401701289217 6 4098 307.0 1076.6838 0.33333334 5.0 5.0 5.0 5.0 0.0 0.24800001 2 TOUCH_MOVE c
1401701289229 6 4098 307.0 1077.6492 0.33333334 5.0 5.0 5.0 5.0 0.0 0.24800001 2 TOUCH_MOVE c
1401701289245 6 4098 307.0 1078.6132 0.33333334 5.0 5.0 5.0 5.0 0.0 0.24400002 2 TOUCH_MOVE c
1401701289262 6 4098 307.0 1079.2009 0.33333334 5.0 5.0 5.0 5.0 0.0 0.24000001 2 TOUCH_MOVE c
1401701289280 6 4098 307.0 1078.9509 0.16666667 3.0 3.0 3.0 3.0 0.0 0.18400002 2 TOUCH_MOVE c
1401701289283 6 4098 307.0 1078.9509 0.16666667 3.0 3.0 3.0 3.0 0.0 0.18400002 1 TOUCH_UP c
1401701289346 6 4098 617.5 803.951 0.20000002 4.0 4.0 4.0 4.0 0.0 0.19600001 0 TOUCH_DOWN o
1401701289397 6 4098 618.32776 804.27875 0.26666668 5.0 5.0 5.0 5.0 0.0 0.216 2 TOUCH_MOVE o
1401701289412 6 4098 619.28827 804.451 0.26666668 5.0 5.0 5.0 5.0 0.0 0.21200001 2 TOUCH_MOVE o
1401701289430 6 4098 620.0343 804.451 0.20000002 4.0 4.0 4.0 4.0 0.0 0.192 2 TOUCH_MOVE o
1401701289439 6 4098 620.5 804.451 0.16666667 3.0 3.0 3.0 3.0 0.0 0.104 2 TOUCH_MOVE o
1401701289442 6 4098 620.5 804.451 0.16666667 3.0 3.0 3.0 3.0 0.0 0.104 1 TOUCH_UP o
1401701289705 6 4098 268.0 1200.9509 0.26666668 5.0 5.0 5.0 5.0 0.0 0.216 0 TOUCH_DOWN Space
1401701289762 6 4098 268.493 1200.9509 0.3 5.0 5.0 5.0 5.0 0.0 0.23600002 2 TOUCH_MOVE Space
1401701289780 6 4098 269.25 1200.9509 0.3 5.0 5.0 5.0 5.0 0.0 0.23600002 2 TOUCH_MOVE Space
1401701289796 6 4098 269.71103 1200.9509 0.3 5.0 5.0 5.0 5.0 0.0 0.23600002 2 TOUCH_MOVE Space
1401701289846 6 4098 269.5 1200.9509 0.26666668 5.0 5.0 5.0 5.0 0.0 0.21200001 2 TOUCH_MOVE Space
1401701289852 6 4098 269.5 1200.9509 0.20000002 4.0 4.0 4.0 4.0 0.0 0.18 2 TOUCH_MOVE Space
1401701289855 6 4098 269.5 1200.9509 0.20000002 4.0 4.0 4.0 4.0 0.0 0.18 1 TOUCH_UP Space
1401701289931 6 4098 537.0 1079.4509 0.20000002 4.0 4.0 4.0 4.0 0.0 0.2 0 TOUCH_DOWN m
1401701289947 6 4098 537.0 1079.4509 0.20000002 4.0 4.0 4.0 4.0 0.0 0.20400001 2 TOUCH_MOVE m
1401701289981 6 4098 535.99445 1079.9565 0.23333335 4.0 4.0 4.0 4.0 0.0 0.22000001 2 TOUCH_MOVE m
1401701289996 6 4098 535.02625 1080.4247 0.23333335 4.0 4.0 4.0 4.0 0.0 0.216 2 TOUCH_MOVE m
1401701290013 6 4098 533.6362 1081.3828 0.23333335 4.0 4.0 4.0 4.0 0.0 0.21200001 2 TOUCH_MOVE m
1401701290026 6 4098 533.5 1081.4509 0.20000002 4.0 4.0 4.0 4.0 0.0 0.18 2 TOUCH_MOVE m
1401701290029 6 4098 533.5 1081.4509 0.20000002 4.0 4.0 4.0 4.0 0.0 0.18 1 TOUCH_UP m
1401701290163 6 4098 356.0 950.451 0.23333335 4.0 4.0 4.0 4.0 0.0 0.216 0 TOUCH_DOWN g
1401701290180 6 4098 356.0 950.451 0.26666668 4.0 4.0 4.0 4.0 0.0 0.22000001 2 TOUCH_MOVE g
1401701290243 6 4098 356.0 950.451 0.20000002 4.0 4.0 4.0 4.0 0.0 0.18400002 2 TOUCH_MOVE g
1401701290246 6 4098 356.0 950.451 0.20000002 4.0 4.0 4.0 4.0 0.0 0.18400002 1 TOUCH_UP g
1401701290283 6 4098 91.0 978.951 0.23333335 4.0 4.0 4.0 4.0 0.0 0.18400002 0 TOUCH_DOWN a
1401701290296 6 4098 91.0 978.951 0.20000002 4.0 4.0 4.0 4.0 0.0 0.18800001 2 TOUCH_MOVE a
1401701290313 6 4098 91.2618 977.92737 0.20000002 4.0 4.0 4.0 4.0 0.0 0.19600001 2 TOUCH_MOVE a
1401701290329 6 4098 92.08336 976.28424 0.23333335 5.0 5.0 5.0 5.0 0.0 0.2 2 TOUCH_MOVE a
1401701290346 6 4098 93.18692 974.76404 0.23333335 5.0 5.0 5.0 5.0 0.0 0.2 2 TOUCH_MOVE a
1401701290365 6 4098 94.148735 973.80225 0.23333335 5.0 5.0 5.0 5.0 0.0 0.20400001 2 TOUCH_MOVE a
1401701290379 6 4098 95.00462 973.451 0.23333335 5.0 5.0 5.0 5.0 0.0 0.20400001 2 TOUCH_MOVE a
1401701290396 6 4098 95.75 973.451 0.23333335 5.0 5.0 5.0 5.0 0.0 0.20400001 2 TOUCH_MOVE a
1401701290430 6 4098 94.51005 973.451 0.20000002 4.0 4.0 4.0 4.0 0.0 0.19600001 2 TOUCH_MOVE a
1401701290441 6 4098 94.5 973.451 0.13333334 2.0 2.0 2.0 2.0 0.0 0.14 2 TOUCH_MOVE a
1401701290445 6 4098 94.5 973.451 0.13333334 2.0 2.0 2.0 2.0 0.0 0.14 1 TOUCH_UP a
1401701290475 6 4098 388.0 834.951 0.33333334 5.0 5.0 5.0 5.0 0.0 0.224 0 TOUCH_DOWN y
1401701290485 6 4098 388.0 834.951 0.33333334 5.0 5.0 5.0 5.0 0.0 0.22800002 2 TOUCH_MOVE y
1401701290546 6 4098 388.0 835.451 0.26666668 4.0 4.0 4.0 4.0 0.0 0.18800001 2 TOUCH_MOVE y
1401701290549 6 4098 388.0 835.451 0.26666668 4.0 4.0 4.0 4.0 0.0 0.18800001 1 TOUCH_UP y
1401701290966 6 4098 708.0 1071.4509 0.20000002 3.0 3.0 3.0 3.0 0.0 0.18400002 0 TOUCH_DOWN Back
1401701290997 6 4098 708.0 1071.4509 0.20000002 3.0 3.0 3.0 3.0 0.0 0.19600001 2 TOUCH_MOVE Back
1401701291014 6 4098 707.4528 1071.4509 0.20000002 3.0 3.0 3.0 3.0 0.0 0.20400001 2 TOUCH_MOVE Back
1401701291031 6 4098 706.4665 1071.4509 0.23333335 4.0 4.0 4.0 4.0 0.0 0.20400001 2 TOUCH_MOVE Back
1401701291047 6 4098 706.0 1072.5665 0.20000002 3.0 3.0 3.0 3.0 0.0 0.192 2 TOUCH_MOVE Back
1401701291060 6 4098 706.0 1072.5665 0.20000002 3.0 3.0 3.0 3.0 0.0 0.192 1 TOUCH_UP Back
1401701291152 6 4098 685.0 1084.9509 0.20000002 4.0 4.0 4.0 4.0 0.0 0.19600001 0 TOUCH_DOWN Back
1401701291165 6 4098 685.0 1084.9509 0.20000002 4.0 4.0 4.0 4.0 0.0 0.2 2 TOUCH_MOVE Back
1401701291183 6 4098 685.0 1085.7617 0.23333335 4.0 4.0 4.0 4.0 0.0 0.21200001 2 TOUCH_MOVE Back
1401701291229 6 4098 683.7635 1087.6874 0.23333335 4.0 4.0 4.0 4.0 0.0 0.208 2 TOUCH_MOVE Back
1401701291239 6 4098 683.5 1088.4509 0.23333335 4.0 4.0 4.0 4.0 0.0 0.19600001 2 TOUCH_MOVE Back
1401701291242 6 4098 683.5 1088.4509 0.23333335 4.0 4.0 4.0 4.0 0.0 0.19600001 1 TOUCH_UP Back
1401701291303 6 4098 682.0 1079.4509 0.20000002 4.0 4.0 4.0 4.0 0.0 0.19600001 0 TOUCH_DOWN Back
1401701291392 6 4098 682.0 1079.4509 0.20000002 4.0 4.0 4.0 4.0 0.0 0.19600001 1 TOUCH_UP Back
1401701291482 6 4098 682.5 1072.9509 0.23333335 4.0 4.0 4.0 4.0 0.0 0.19600001 0 TOUCH_DOWN Back
1401701291497 6 4098 682.5 1072.9509 0.23333335 4.0 4.0 4.0 4.0 0.0 0.2 2 TOUCH_MOVE Back
1401701291532 6 4098 681.47864 1072.9509 0.23333335 4.0 4.0 4.0 4.0 0.0 0.208 2 TOUCH_MOVE Back
1401701291548 6 4098 680.51215 1072.9509 0.23333335 4.0 4.0 4.0 4.0 0.0 0.208 2 TOUCH_MOVE Back
1401701291559 6 4098 680.0 1073.4509 0.20000002 4.0 4.0 4.0 4.0 0.0 0.18400002 2 TOUCH_MOVE Back
1401701291563 6 4098 680.0 1073.4509 0.20000002 4.0 4.0 4.0 4.0 0.0 0.18400002 1 TOUCH_UP Back
1401701292072 6 4098 515.0 1092.4509 0.23333335 4.0 4.0 4.0 4.0 0.0 0.2 0 TOUCH_DOWN n
1401701292116 6 4098 515.2086 1092.4509 0.26666668 4.0 4.0 4.0 4.0 0.0 0.22000001 2 TOUCH_MOVE n
1401701292131 6 4098 516.1723 1091.7786 0.23333335 4.0 4.0 4.0 4.0 0.0 0.216 2 TOUCH_MOVE n
1401701292148 6 4098 516.75 1091.2009 0.23333335 4.0 4.0 4.0 4.0 0.0 0.21200001 2 TOUCH_MOVE n
1401701292158 6 4098 516.5 1091.4509 0.20000002 4.0 4.0 4.0 4.0 0.0 0.18400002 2 TOUCH_MOVE n
1401701292161 6 4098 516.5 1091.4509 0.20000002 4.0 4.0 4.0 4.0 0.0 0.18400002 1 TOUCH_UP n
1401701292323 6 4098 335.5 945.951 0.33333334 5.0 5.0 5.0 5.0 0.0 0.22000001 0 TOUCH_DOWN g
1401701292399 6 4098 335.5 945.951 0.23333335 4.0 4.0 4.0 4.0 0.0 0.17600001 2 TOUCH_MOVE g
1401701292403 6 4098 335.5 945.951 0.23333335 4.0 4.0 4.0 4.0 0.0 0.17600001 1 TOUCH_UP g
1401701292500 6 4098 119.5 966.451 0.20000002 4.0 4.0 4.0 4.0 0.0 0.19600001 0 TOUCH_DOWN s
1401701292532 6 4098 121.31719 966.1786 0.20000002 4.0 4.0 4.0 4.0 0.0 0.208 2 TOUCH_MOVE s
1401701292548 6 4098 124.172104 965.2269 0.23333335 5.0 5.0 5.0 5.0 0.0 0.21200001 2 TOUCH_MOVE s
1401701292565 6 4098 126.198555 964.951 0.23333335 5.0 5.0 5.0 5.0 0.0 0.21200001 2 TOUCH_MOVE s
1401701292583 6 4098 126.75 964.951 0.26666668 5.0 5.0 5.0 5.0 0.0 0.216 2 TOUCH_MOVE s
1401701292611 6 4098 124.0 965.451 0.20000002 4.0 4.0 4.0 4.0 0.0 0.192 2 TOUCH_MOVE s
1401701292615 6 4098 421.5 812.951 0.26666668 4.0 4.0 4.0 4.0 0.0 0.23200001 0 TOUCH_DOWN y
1401701292629 6 4098 124.0 965.451 0.20000002 4.0 4.0 4.0 4.0 0.0 0.192 2 TOUCH_MOVE s
1401701292631 6 4098 420.5 812.951 0.33333334 5.0 5.0 5.0 5.0 0.0 0.23600002 2 TOUCH_MOVE y
1401701292632 6 4098 120.0 965.951 0.20000002 4.0 4.0 4.0 4.0 0.0 0.15200001 2 TOUCH_MOVE s
1401701292633 6 4098 420.5 812.951 0.33333334 5.0 5.0 5.0 5.0 0.0 0.23600002 2 TOUCH_MOVE y
1401701292640 6 4098 120.0 965.951 0.20000002 4.0 4.0 4.0 4.0 0.0 0.15200001 1 TOUCH_UP s
1401701292659 6 4098 420.5 813.95703 0.33333334 5.0 5.0 5.0 5.0 0.0 0.24800001 2 TOUCH_MOVE y
1401701292684 6 4098 420.5 815.701 0.26666668 4.0 4.0 4.0 4.0 0.0 0.23600002 2 TOUCH_MOVE y
1401701292697 6 4098 420.5 815.701 0.26666668 4.0 4.0 4.0 4.0 0.0 0.23600002 1 TOUCH_UP y
1401701293386 6 4098 698.5 1090.9509 0.13333334 2.0 2.0 2.0 2.0 0.0 0.17600001 0 TOUCH_DOWN Back
1401701293409 6 4098 698.5 1091.3365 0.16666667 3.0 3.0 3.0 3.0 0.0 0.18 2 TOUCH_MOVE Back
1401701293416 6 4098 698.5 1092.2407 0.16666667 3.0 3.0 3.0 3.0 0.0 0.18800001 2 TOUCH_MOVE Back
1401701293431 6 4098 698.0 1092.9509 0.16666667 3.0 3.0 3.0 3.0 0.0 0.17600001 2 TOUCH_MOVE Back
1401701293436 6 4098 698.0 1092.9509 0.16666667 3.0 3.0 3.0 3.0 0.0 0.17600001 1 TOUCH_UP Back
1401701293526 6 4098 687.5 1088.9509 0.20000002 3.0 3.0 3.0 3.0 0.0 0.18800001 0 TOUCH_DOWN Back
1401701293533 6 4098 687.5 1088.9509 0.23333335 4.0 4.0 4.0 4.0 0.0 0.19600001 2 TOUCH_MOVE Back
1401701293569 6 4098 687.5 1090.3984 0.23333335 4.0 4.0 4.0 4.0 0.0 0.208 2 TOUCH_MOVE Back
1401701293583 6 4098 687.5 1091.3608 0.23333335 4.0 4.0 4.0 4.0 0.0 0.208 2 TOUCH_MOVE Back
1401701293616 6 4098 687.5 1091.7009 0.23333335 4.0 4.0 4.0 4.0 0.0 0.208 2 TOUCH_MOVE Back
1401701293628 6 4098 687.5 1091.7009 0.23333335 4.0 4.0 4.0 4.0 0.0 0.208 1 TOUCH_UP Back
1401701293999 6 4098 63.0 925.451 0.20000002 3.0 3.0 3.0 3.0 0.0 0.164 0 TOUCH_DOWN a
1401701294030 6 4098 62.033386 926.4176 0.23333335 4.0 4.0 4.0 4.0 0.0 0.18800001 2 TOUCH_MOVE a
1401701294035 6 4098 62.0 927.33514 0.23333335 4.0 4.0 4.0 4.0 0.0 0.192 2 TOUCH_MOVE a
1401701294054 6 4098 62.0 928.2901 0.23333335 4.0 4.0 4.0 4.0 0.0 0.19600001 2 TOUCH_MOVE a
1401701294066 6 4098 62.0 929.27637 0.23333335 4.0 4.0 4.0 4.0 0.0 0.19600001 2 TOUCH_MOVE a
1401701294083 6 4098 62.0 929.84485 0.23333335 4.0 4.0 4.0 4.0 0.0 0.19600001 2 TOUCH_MOVE a
1401701294100 6 4098 62.0 930.18134 0.23333335 4.0 4.0 4.0 4.0 0.0 0.19600001 2 TOUCH_MOVE a
1401701294116 6 4098 61.787674 930.6633 0.23333335 4.0 4.0 4.0 4.0 0.0 0.192 2 TOUCH_MOVE a
1401701294133 6 4098 61.0 931.451 0.23333335 4.0 4.0 4.0 4.0 0.0 0.18 2 TOUCH_MOVE a
1401701294136 6 4098 61.0 931.451 0.23333335 4.0 4.0 4.0 4.0 0.0 0.18 1 TOUCH_UP a
1401701294340 6 4098 406.0 831.451 0.3 5.0 5.0 5.0 5.0 0.0 0.21200001 0 TOUCH_DOWN y
1401701294351 6 4098 406.0 831.451 0.3 5.0 5.0 5.0 5.0 0.0 0.22000001 2 TOUCH_MOVE y
1401701294400 6 4098 406.0 831.451 0.33333334 5.0 5.0 5.0 5.0 0.0 0.24400002 2 TOUCH_MOVE y
1401701294417 6 4098 406.47513 831.951 0.33333334 5.0 5.0 5.0 5.0 0.0 0.24400002 2 TOUCH_MOVE y
1401701294434 6 4098 407.46582 832.4168 0.33333334 5.0 5.0 5.0 5.0 0.0 0.23600002 2 TOUCH_MOVE y
1401701294445 6 4098 407.5 832.451 0.23333335 5.0 5.0 5.0 5.0 0.0 0.14 2 TOUCH_MOVE y
1401701294449 6 4098 407.5 832.451 0.23333335 5.0 5.0 5.0 5.0 0.0 0.14 1 TOUCH_UP y
1401701294653 6 4098 262.0 1237.9509 0.20000002 4.0 4.0 4.0 4.0 0.0 0.19600001 0 TOUCH_DOWN Space
1401701294667 6 4098 262.0 1237.9509 0.20000002 4.0 4.0 4.0 4.0 0.0 0.2 2 TOUCH_MOVE Space
1401701294686 6 4098 262.0 1236.6101 0.23333335 4.0 4.0 4.0 4.0 0.0 0.208 2 TOUCH_MOVE Space
1401701294700 6 4098 262.89996 1235.0509 0.26666668 5.0 5.0 5.0 5.0 0.0 0.208 2 TOUCH_MOVE Space
1401701294717 6 4098 263.5 1233.593 0.26666668 5.0 5.0 5.0 5.0 0.0 0.21200001 2 TOUCH_MOVE Space
1401701294735 6 4098 263.5 1232.6267 0.26666668 5.0 5.0 5.0 5.0 0.0 0.21200001 2 TOUCH_MOVE Space
1401701294750 6 4098 263.5 1231.7009 0.26666668 5.0 5.0 5.0 5.0 0.0 0.21200001 2 TOUCH_MOVE Space
1401701294801 6 4098 263.0 1232.4509 0.20000002 3.0 3.0 3.0 3.0 0.0 0.14400001 2 TOUCH_MOVE Space
1401701294804 6 4098 263.0 1232.4509 0.20000002 3.0 3.0 3.0 3.0 0.0 0.14400001 1 TOUCH_UP Space
1401701295209 6 4098 497.5 1086.4509 0.26666668 5.0 5.0 5.0 5.0 0.0 0.20400001 0 TOUCH_DOWN n
1401701295219 6 4098 497.5 1086.4509 0.26666668 5.0 5.0 5.0 5.0 0.0 0.208 2 TOUCH_MOVE n
1401701295301 6 4098 497.5 1084.3062 0.26666668 5.0 5.0 5.0 5.0 0.0 0.19600001 2 TOUCH_MOVE n
1401701295305 6 4098 497.5 1084.3062 0.26666668 5.0 5.0 5.0 5.0 0.0 0.19600001 1 TOUCH_UP n
1401701295452 6 4098 361.0 943.451 0.3 5.0 5.0 5.0 5.0 0.0 0.224 0 TOUCH_DOWN g
1401701295455 6 4098 361.0 943.451 0.3 5.0 5.0 5.0 5.0 0.0 0.23200001 2 TOUCH_MOVE g
1401701295529 6 4098 361.0 943.451 0.26666668 5.0 5.0 5.0 5.0 0.0 0.18 2 TOUCH_MOVE g
1401701295532 6 4098 361.0 943.451 0.26666668 5.0 5.0 5.0 5.0 0.0 0.18 1 TOUCH_UP g
1401701295597 6 4098 65.0 931.951 0.23333335 4.0 4.0 4.0 4.0 0.0 0.192 0 TOUCH_DOWN a
1401701295618 6 4098 65.830414 931.951 0.23333335 4.0 4.0 4.0 4.0 0.0 0.19600001 2 TOUCH_MOVE a
1401701295634 6 4098 68.3773 931.951 0.26666668 4.0 4.0 4.0 4.0 0.0 0.20400001 2 TOUCH_MOVE a
1401701295651 6 4098 71.00933 931.951 0.26666668 4.0 4.0 4.0 4.0 0.0 0.208 2 TOUCH_MOVE a
1401701295668 6 4098 72.723114 931.951 0.26666668 4.0 4.0 4.0 4.0 0.0 0.208 2 TOUCH_MOVE a
1401701295696 6 4098 73.25 931.951 0.26666668 4.0 4.0 4.0 4.0 0.0 0.208 2 TOUCH_MOVE a
1401701295718 6 4098 71.98341 931.951 0.23333335 4.0 4.0 4.0 4.0 0.0 0.192 2 TOUCH_MOVE a
1401701295728 6 4098 69.5 932.951 0.23333335 4.0 4.0 4.0 4.0 0.0 0.18 2 TOUCH_MOVE a
1401701295732 6 4098 69.5 932.951 0.23333335 4.0 4.0 4.0 4.0 0.0 0.18 1 TOUCH_UP a
1401701295756 6 4098 405.5 813.951 0.26666668 4.0 4.0 4.0 4.0 0.0 0.23200001 0 TOUCH_DOWN y
1401701295818 6 4098 405.5 813.951 0.33333334 5.0 5.0 5.0 5.0 0.0 0.24000001 2 TOUCH_MOVE y
1401701295847 6 4098 405.5 813.951 0.33333334 5.0 5.0 5.0 5.0 0.0 0.24000001 1 TOUCH_UP y
1401701296047 6 4098 243.0 1241.4509 0.20000002 4.0 4.0 4.0 4.0 0.0 0.19600001 0 TOUCH_DOWN Space
1401701296068 6 4098 243.0 1240.6322 0.20000002 4.0 4.0 4.0 4.0 0.0 0.20400001 2 TOUCH_MOVE Space
1401701296085 6 4098 244.56248 1237.6072 0.23333335 4.0 4.0 4.0 4.0 0.0 0.21200001 2 TOUCH_MOVE Space
1401701296101 6 4098 245.74231 1234.9663 0.23333335 4.0 4.0 4.0 4.0 0.0 0.21200001 2 TOUCH_MOVE Space
1401701296119 6 4098 246.69997 1233.751 0.23333335 4.0 4.0 4.0 4.0 0.0 0.21200001 2 TOUCH_MOVE Space
1401701296135 6 4098 247.67003 1232.7809 0.23333335 4.0 4.0 4.0 4.0 0.0 0.21200001 2 TOUCH_MOVE Space
1401701296187 6 4098 247.5 1232.9509 0.16666667 3.0 3.0 3.0 3.0 0.0 0.18800001 2 TOUCH_MOVE Space
1401701296190 6 4098 247.5 1232.9509 0.16666667 3.0 3.0 3.0 3.0 0.0 0.18800001 1 TOUCH_UP Space
1401701296640 6 4098 289.0 1084.9509 0.23333335 4.0 4.0 4.0 4.0 0.0 0.224 0 TOUCH_DOWN c
1401701296653 6 4098 289.0 1084.9509 0.26666668 4.0 4.0 4.0 4.0 0.0 0.23200001 2 TOUCH_MOVE c
1401701296686 6 4098 290.4299 1085.3809 0.3 5.0 5.0 5.0 5.0 0.0 0.24400002 2 TOUCH_MOVE c
1401701296702 6 4098 291.37958 1085.8304 0.33333334 5.0 5.0 5.0 5.0 0.0 0.24800001 2 TOUCH_MOVE c
1401701296719 6 4098 291.5 1086.3707 0.33333334 5.0 5.0 5.0 5.0 0.0 0.24800001 2 TOUCH_MOVE c
1401701296736 6 4098 291.5 1086.6825 0.33333334 5.0 5.0 5.0 5.0 0.0 0.24800001 2 TOUCH_MOVE c
1401701296769 6 4098 291.5 1086.4509 0.23333335 5.0 5.0 5.0 5.0 0.0 0.18 2 TOUCH_MOVE c
1401701296777 6 4098 291.5 1086.4509 0.23333335 5.0 5.0 5.0 5.0 0.0 0.18 1 TOUCH_UP c
1401701296839 6 4098 449.5 938.451 0.33333334 5.0 5.0 5.0 5.0 0.0 0.216 0 TOUCH_DOWN h
1401701296910 6 4098 449.5 938.8804 0.33333334 5.0 5.0 5.0 5.0 0.0 0.24000001 2 TOUCH_MOVE h
1401701296925 6 4098 449.5 939.201 0.33333334 5.0 5.0 5.0 5.0 0.0 0.24000001 2 TOUCH_MOVE h
1401701296960 6 4098 449.5 938.951 0.23333335 4.0 4.0 4.0 4.0 0.0 0.17600001 2 TOUCH_MOVE h
1401701296964 6 4098 449.5 938.951 0.23333335 4.0 4.0 4.0 4.0 0.0 0.17600001 1 TOUCH_UP h
1401701297015 6 4098 100.5 942.951 0.33333334 5.0 5.0 5.0 5.0 0.0 0.19600001 0 TOUCH_DOWN a
1401701297053 6 4098 102.81893 942.951 0.33333334 5.0 5.0 5.0 5.0 0.0 0.208 2 TOUCH_MOVE a
1401701297071 6 4098 105.70462 942.3828 0.33333334 5.0 5.0 5.0 5.0 0.0 0.21200001 2 TOUCH_MOVE a
1401701297086 6 4098 108.05741 942.451 0.33333334 5.0 5.0 5.0 5.0 0.0 0.21200001 2 TOUCH_MOVE a
1401701297103 6 4098 108.973274 942.451 0.33333334 5.0 5.0 5.0 5.0 0.0 0.21200001 2 TOUCH_MOVE a
1401701297120 6 4098 109.25 942.451 0.33333334 5.0 5.0 5.0 5.0 0.0 0.21200001 2 TOUCH_MOVE a
1401701297142 6 4098 107.5 942.951 0.33333334 5.0 5.0 5.0 5.0 0.0 0.2 2 TOUCH_MOVE a
1401701297146 6 4098 487.5 816.951 0.3 5.0 5.0 5.0 5.0 0.0 0.22800002 0 TOUCH_DOWN u
1401701297147 6 4098 107.5 942.951 0.33333334 5.0 5.0 5.0 5.0 0.0 0.2 2 TOUCH_MOVE a
1401701297164 6 4098 486.5 817.951 0.33333334 5.0 5.0 5.0 5.0 0.0 0.23200001 2 TOUCH_MOVE u
1401701297165 6 4098 105.0 944.451 0.26666668 4.0 4.0 4.0 4.0 0.0 0.18800001 2 TOUCH_MOVE a
1401701297168 6 4098 486.5 817.951 0.33333334 5.0 5.0 5.0 5.0 0.0 0.23200001 2 TOUCH_MOVE u
1401701297173 6 4098 105.0 944.451 0.26666668 4.0 4.0 4.0 4.0 0.0 0.18800001 1 TOUCH_UP a
1401701297213 6 4098 484.2363 820.7147 0.33333334 5.0 5.0 5.0 5.0 0.0 0.24800001 2 TOUCH_MOVE u
1401701297220 6 4098 483.5 821.64667 0.33333334 5.0 5.0 5.0 5.0 0.0 0.24800001 2 TOUCH_MOVE u
1401701297236 6 4098 484.0 821.951 0.3 5.0 5.0 5.0 5.0 0.0 0.216 2 TOUCH_MOVE u
1401701297240 6 4098 484.0 821.951 0.3 5.0 5.0 5.0 5.0 0.0 0.216 1 TOUCH_UP u
1401701297581 6 4098 264.0 1216.4509 0.23333335 4.0 4.0 4.0 4.0 0.0 0.21200001 0 TOUCH_DOWN Space
1401701297747 6 4098 264.0 1216.4509 0.23333335 4.0 4.0 4.0 4.0 0.0 0.21200001 1 TOUCH_UP Space
1401701297843 6 4098 523.5 1098.4509 0.20000002 4.0 4.0 4.0 4.0 0.0 0.2 0 TOUCH_DOWN n
1401701297887 6 4098 523.13654 1098.8145 0.26666668 4.0 4.0 4.0 4.0 0.0 0.224 2 TOUCH_MOVE n
1401701297903 6 4098 522.391 1098.9509 0.26666668 4.0 4.0 4.0 4.0 0.0 0.224 2 TOUCH_MOVE n
1401701297920 6 4098 521.9188 1098.9509 0.26666668 4.0 4.0 4.0 4.0 0.0 0.22000001 2 TOUCH_MOVE n
1401701297938 6 4098 520.90625 1098.404 0.23333335 4.0 4.0 4.0 4.0 0.0 0.20400001 2 TOUCH_MOVE n
1401701297946 6 4098 521.0 1098.4509 0.23333335 5.0 5.0 5.0 5.0 0.0 0.18 2 TOUCH_MOVE n
1401701297950 6 4098 521.0 1098.4509 0.23333335 5.0 5.0 5.0 5.0 0.0 0.18 1 TOUCH_UP n
1401701298093 6 4098 353.5 947.951 0.23333335 4.0 4.0 4.0 4.0 0.0 0.208 0 TOUCH_DOWN g
1401701298103 6 4098 353.5 947.951 0.26666668 4.0 4.0 4.0 4.0 0.0 0.21200001 2 TOUCH_MOVE g
1401701298171 6 4098 354.0 947.451 0.16666667 3.0 3.0 3.0 3.0 0.0 0.112 2 TOUCH_MOVE g
1401701298180 6 4098 354.0 947.451 0.16666667 3.0 3.0 3.0 3.0 0.0 0.112 1 TOUCH_UP g
1401701298353 6 4098 629.5 821.451 0.26666668 4.0 4.0 4.0 4.0 0.0 0.2 0 TOUCH_DOWN o
1401701298359 6 4098 629.5 821.451 0.26666668 4.0 4.0 4.0 4.0 0.0 0.208 2 TOUCH_MOVE o
1401701298388 6 4098 629.5 822.06573 0.33333334 5.0 5.0 5.0 5.0 0.0 0.224 2 TOUCH_MOVE o
1401701298404 6 4098 629.5 822.6838 0.33333334 5.0 5.0 5.0 5.0 0.0 0.22000001 2 TOUCH_MOVE o
1401701298422 6 4098 629.5 822.451 0.26666668 5.0 5.0 5.0 5.0 0.0 0.18 2 TOUCH_MOVE o
1401701298425 6 4098 629.5 822.451 0.26666668 5.0 5.0 5.0 5.0 0.0 0.18 1 TOUCH_UP o
1401701298501 6 4098 51.0 937.451 0.26666668 5.0 5.0 5.0 5.0 0.0 0.18800001 0 TOUCH_DOWN a
1401701298523 6 4098 51.80064 937.05066 0.23333335 4.0 4.0 4.0 4.0 0.0 0.192 2 TOUCH_MOVE a
1401701298537 6 4098 54.779453 935.9392 0.23333335 4.0 4.0 4.0 4.0 0.0 0.19600001 2 TOUCH_MOVE a
1401701298554 6 4098 58.689938 934.221 0.23333335 4.0 4.0 4.0 4.0 0.0 0.2 2 TOUCH_MOVE a
1401701298580 6 4098 61.190186 932.7608 0.23333335 4.0 4.0 4.0 4.0 0.0 0.2 2 TOUCH_MOVE a
1401701298588 6 4098 62.13045 931.82056 0.23333335 4.0 4.0 4.0 4.0 0.0 0.2 2 TOUCH_MOVE a
1401701298604 6 4098 62.75 931.951 0.23333335 4.0 4.0 4.0 4.0 0.0 0.2 2 TOUCH_MOVE a
1401701298623 6 4098 61.92072 931.951 0.23333335 4.0 4.0 4.0 4.0 0.0 0.19600001 2 TOUCH_MOVE a
1401701298637 6 4098 60.414276 931.951 0.23333335 4.0 4.0 4.0 4.0 0.0 0.18800001 2 TOUCH_MOVE a
1401701298649 6 4098 58.5 932.451 0.23333335 4.0 4.0 4.0 4.0 0.0 0.18 2 TOUCH_MOVE a
1401701298652 6 4098 58.5 932.451 0.23333335 4.0 4.0 4.0 4.0 0.0 0.18 1 TOUCH_UP a
1401701298771 6 4098 500.5 1085.4509 0.23333335 5.0 5.0 5.0 5.0 0.0 0.19600001 0 TOUCH_DOWN n
1401701298804 6 4098 500.5 1085.4509 0.26666668 5.0 5.0 5.0 5.0 0.0 0.21200001 2 TOUCH_MOVE n
1401701298821 6 4098 500.5 1086.5785 0.26666668 5.0 5.0 5.0 5.0 0.0 0.21200001 2 TOUCH_MOVE n
1401701298838 6 4098 500.5 1087.5364 0.26666668 5.0 5.0 5.0 5.0 0.0 0.2 2 TOUCH_MOVE n
1401701298856 6 4098 500.5 1087.5364 0.26666668 5.0 5.0 5.0 5.0 0.0 0.2 1 TOUCH_UP n
1401701299650 6 4098 500.0 1220.9509 0.26666668 5.0 5.0 5.0 5.0 0.0 0.2 0 TOUCH_DOWN .
1401701299672 6 4098 500.0 1220.9509 0.26666668 5.0 5.0 5.0 5.0 0.0 0.208 2 TOUCH_MOVE .
1401701299731 6 4098 500.0 1220.9509 0.23333335 4.0 4.0 4.0 4.0 0.0 0.17600001 2 TOUCH_MOVE .
1401701299735 6 4098 500.0 1220.9509 0.23333335 4.0 4.0 4.0 4.0 0.0 0.17600001 1 TOUCH_UP .
