1401701556241 6 4098 144.5 922.951 0.23333335 4.0 4.0 4.0 4.0 0.0 0.2 0 TOUCH_DOWN S
1401701556247 6 4098 144.5 922.951 0.23333335 4.0 4.0 4.0 4.0 0.0 0.208 2 TOUCH_MOVE S
1401701556278 6 4098 144.9898 923.9408 0.3 5.0 5.0 5.0 5.0 0.0 0.22000001 2 TOUCH_MOVE S
1401701556294 6 4098 145.0 924.99194 0.26666668 5.0 5.0 5.0 5.0 0.0 0.22000001 2 TOUCH_MOVE S
1401701556311 6 4098 145.0 925.701 0.26666668 5.0 5.0 5.0 5.0 0.0 0.216 2 TOUCH_MOVE S
1401701556333 6 4098 145.0 925.451 0.16666667 3.0 3.0 3.0 3.0 0.0 0.18400002 2 TOUCH_MOVE S
1401701556336 6 4098 145.0 925.451 0.16666667 3.0 3.0 3.0 3.0 0.0 0.18400002 1 TOUCH_UP S
1401701556497 6 4098 54.0 948.451 0.23333335 4.0 4.0 4.0 4.0 0.0 0.18800001 0 TOUCH_DOWN a
1401701556547 6 4098 54.986103 948.451 0.23333335 4.0 4.0 4.0 4.0 0.0 0.2 2 TOUCH_MOVE a
1401701556561 6 4098 55.949257 948.451 0.23333335 4.0 4.0 4.0 4.0 0.0 0.2 2 TOUCH_MOVE a
1401701556578 6 4098 56.25 948.451 0.23333335 4.0 4.0 4.0 4.0 0.0 0.19600001 2 TOUCH_MOVE a
1401701556608 6 4098 54.5 948.951 0.20000002 3.0 3.0 3.0 3.0 0.0 0.172 2 TOUCH_MOVE a
1401701556611 6 4098 54.5 948.951 0.20000002 3.0 3.0 3.0 3.0 0.0 0.172 1 TOUCH_UP a
1401701556640 6 4098 487.5 1105.4509 0.26666668 4.0 4.0 4.0 4.0 0.0 0.20400001 0 TOUCH_DOWN n
1401701556763 6 4098 488.0 1101.4509 0.16666667 3.0 3.0 3.0 3.0 0.0 0.120000005 2 TOUCH_MOVE n
1401701556767 6 4098 488.0 1101.4509 0.16666667 3.0 3.0 3.0 3.0 0.0 0.120000005 1 TOUCH_UP n
1401701556864 6 4098 380.5 972.451 0.3 5.0 5.0 5.0 5.0 0.0 0.22000001 0 TOUCH_DOWN g
1401701556911 6 4098 379.9687 972.451 0.3 5.0 5.0 5.0 5.0 0.0 0.224 2 TOUCH_MOVE g
1401701556938 6 4098 380.0 972.451 0.23333335 5.0 5.0 5.0 5.0 0.0 0.192 2 TOUCH_MOVE g
1401701556941 6 4098 380.0 972.451 0.23333335 5.0 5.0 5.0 5.0 0.0 0.192 1 TOUCH_UP g
1401701557168 6 4098 263.0 1220.9509 0.23333335 4.0 4.0 4.0 4.0 0.0 0.2 0 TOUCH_DOWN Space
1401701557178 6 4098 263.0 1220.9509 0.23333335 4.0 4.0 4.0 4.0 0.0 0.208 2 TOUCH_MOVE Space
1401701557262 6 4098 262.0 1220.9509 0.23333335 4.0 4.0 4.0 4.0 0.0 0.20400001 2 TOUCH_MOVE Space
1401701557267 6 4098 262.0 1220.9509 0.20000002 3.0 3.0 3.0 3.0 0.0 0.16800001 2 TOUCH_MOVE Space
1401701557271 6 4098 262.0 1220.9509 0.20000002 3.0 3.0 3.0 3.0 0.0 0.16800001 1 TOUCH_UP Space
1401701557492 6 4098 314.0 828.451 0.33333334 5.0 5.0 5.0 5.0 0.0 0.22800002 0 TOUCH_DOWN t
1401701557514 6 4098 314.0 828.451 0.33333334 5.0 5.0 5.0 5.0 0.0 0.24000001 2 TOUCH_MOVE t
1401701557530 6 4098 314.59683 828.451 0.33333334 5.0 5.0 5.0 5.0 0.0 0.24800001 2 TOUCH_MOVE t
1401701557545 6 4098 316.74112 828.451 0.33333334 5.0 5.0 5.0 5.0 0.0 0.24800001 2 TOUCH_MOVE t
1401701557563 6 4098 317.72897 828.451 0.33333334 5.0 5.0 5.0 5.0 0.0 0.24800001 2 TOUCH_MOVE t
1401701557595 6 4098 317.5 828.451 0.26666668 4.0 4.0 4.0 4.0 0.0 0.22000001 2 TOUCH_MOVE t
1401701557605 6 4098 317.5 828.451 0.20000002 4.0 4.0 4.0 4.0 0.0 0.18 2 TOUCH_MOVE t
1401701557608 6 4098 317.5 828.451 0.20000002 4.0 4.0 4.0 4.0 0.0 0.18 1 TOUCH_UP t
1401701557645 6 4098 431.5 983.451 0.26666668 4.0 4.0 4.0 4.0 0.0 0.2 0 TOUCH_DOWN h
1401701557665 6 4098 431.5 983.451 0.26666668 4.0 4.0 4.0 4.0 0.0 0.208 2 TOUCH_MOVE h
1401701557680 6 4098 431.93005 984.38104 0.3 5.0 5.0 5.0 5.0 0.0 0.22000001 2 TOUCH_MOVE h
1401701557696 6 4098 432.9223 985.3733 0.3 5.0 5.0 5.0 5.0 0.0 0.22800002 2 TOUCH_MOVE h
1401701557712 6 4098 433.88507 985.451 0.3 5.0 5.0 5.0 5.0 0.0 0.22800002 2 TOUCH_MOVE h
1401701557729 6 4098 437.51886 982.09564 0.3 5.0 5.0 5.0 5.0 0.0 0.22000001 2 TOUCH_MOVE h
1401701557746 6 4098 444.5 971.951 0.23333335 4.0 4.0 4.0 4.0 0.0 0.20400001 2 TOUCH_MOVE h
1401701557752 6 4098 444.5 971.951 0.23333335 5.0 5.0 5.0 5.0 0.0 0.18 2 TOUCH_MOVE h
1401701557755 6 4098 444.5 971.951 0.23333335 5.0 5.0 5.0 5.0 0.0 0.18 1 TOUCH_UP h
1401701557857 6 4098 503.0 839.451 0.3 5.0 5.0 5.0 5.0 0.0 0.216 0 TOUCH_DOWN u
1401701557863 6 4098 503.0 839.451 0.3 5.0 5.0 5.0 5.0 0.0 0.22000001 2 TOUCH_MOVE u
1401701557912 6 4098 502.38492 839.451 0.3 5.0 5.0 5.0 5.0 0.0 0.224 2 TOUCH_MOVE u
1401701557931 6 4098 502.38492 839.451 0.3 5.0 5.0 5.0 5.0 0.0 0.224 1 TOUCH_UP u
1401701558115 6 4098 263.5 1201.4509 0.23333335 4.0 4.0 4.0 4.0 0.0 0.20400001 0 TOUCH_DOWN Space
1401701558129 6 4098 263.5 1201.4509 0.23333335 4.0 4.0 4.0 4.0 0.0 0.21200001 2 TOUCH_MOVE Space
1401701558213 6 4098 262.2268 1201.4509 0.26666668 4.0 4.0 4.0 4.0 0.0 0.22800002 2 TOUCH_MOVE Space
1401701558241 6 4098 261.29785 1201.2488 0.26666668 4.0 4.0 4.0 4.0 0.0 0.224 2 TOUCH_MOVE Space
1401701558247 6 4098 260.5 1199.4509 0.23333335 4.0 4.0 4.0 4.0 0.0 0.192 2 TOUCH_MOVE Space
1401701558253 6 4098 260.5 1199.4509 0.23333335 4.0 4.0 4.0 4.0 0.0 0.192 1 TOUCH_UP Space
1401701558367 6 4098 446.0 968.451 0.23333335 5.0 5.0 5.0 5.0 0.0 0.192 0 TOUCH_DOWN h
1401701558380 6 4098 446.0 968.451 0.23333335 5.0 5.0 5.0 5.0 0.0 0.2 2 TOUCH_MOVE h
1401701558413 6 4098 446.0 969.277 0.3 5.0 5.0 5.0 5.0 0.0 0.224 2 TOUCH_MOVE h
1401701558435 6 4098 446.0 970.2083 0.3 5.0 5.0 5.0 5.0 0.0 0.22800002 2 TOUCH_MOVE h
1401701558446 6 4098 446.5 971.19 0.3 5.0 5.0 5.0 5.0 0.0 0.23200001 2 TOUCH_MOVE h
1401701558463 6 4098 446.71585 971.951 0.3 5.0 5.0 5.0 5.0 0.0 0.22800002 2 TOUCH_MOVE h
1401701558480 6 4098 448.34088 971.951 0.3 5.0 5.0 5.0 5.0 0.0 0.22000001 2 TOUCH_MOVE h
1401701558510 6 4098 449.0 971.451 0.20000002 4.0 4.0 4.0 4.0 0.0 0.16800001 2 TOUCH_MOVE h
1401701558514 6 4098 449.0 971.451 0.20000002 4.0 4.0 4.0 4.0 0.0 0.16800001 1 TOUCH_UP h
1401701558543 6 4098 57.5 935.951 0.23333335 4.0 4.0 4.0 4.0 0.0 0.18800001 0 TOUCH_DOWN a
1401701558552 6 4098 58.186893 935.951 0.23333335 4.0 4.0 4.0 4.0 0.0 0.192 2 TOUCH_MOVE a
1401701558563 6 4098 59.493572 935.951 0.23333335 4.0 4.0 4.0 4.0 0.0 0.20400001 2 TOUCH_MOVE a
1401701558597 6 4098 62.422554 935.951 0.23333335 4.0 4.0 4.0 4.0 0.0 0.20400001 2 TOUCH_MOVE a
1401701558613 6 4098 63.25 935.951 0.23333335 4.0 4.0 4.0 4.0 0.0 0.20400001 2 TOUCH_MOVE a
1401701558645 6 4098 61.5 935.951 0.23333335 4.0 4.0 4.0 4.0 0.0 0.18 2 TOUCH_MOVE a
1401701558650 6 4098 61.5 935.951 0.23333335 4.0 4.0 4.0 4.0 0.0 0.18 1 TOUCH_UP a
1401701558657 6 4098 493.5 842.951 0.3 5.0 5.0 5.0 5.0 0.0 0.216 0 TOUCH_DOWN u
1401701558678 6 4098 492.75 843.701 0.3 5.0 5.0 5.0 5.0 0.0 0.22000001 2 TOUCH_MOVE u
1401701558714 6 4098 493.5 843.451 0.26666668 5.0 5.0 5.0 5.0 0.0 0.156 2 TOUCH_MOVE u
1401701558717 6 4098 493.5 843.451 0.26666668 5.0 5.0 5.0 5.0 0.0 0.156 1 TOUCH_UP u
1401701559230 6 4098 686.0 1042.4509 0.23333335 4.0 4.0 4.0 4.0 0.0 0.18800001 0 TOUCH_DOWN Back
1401701559254 6 4098 685.53925 1043.4117 0.26666668 4.0 4.0 4.0 4.0 0.0 0.20400001 2 TOUCH_MOVE Back
1401701559265 6 4098 684.1362 1045.3147 0.3 5.0 5.0 5.0 5.0 0.0 0.21200001 2 TOUCH_MOVE Back
1401701559280 6 4098 682.2099 1047.241 0.3 5.0 5.0 5.0 5.0 0.0 0.216 2 TOUCH_MOVE Back
1401701559297 6 4098 681.5 1048.3042 0.3 5.0 5.0 5.0 5.0 0.0 0.216 2 TOUCH_MOVE Back
1401701559316 6 4098 681.5 1049.277 0.3 5.0 5.0 5.0 5.0 0.0 0.216 2 TOUCH_MOVE Back
1401701559331 6 4098 681.5 1049.7009 0.3 5.0 5.0 5.0 5.0 0.0 0.21200001 2 TOUCH_MOVE Back
1401701559343 6 4098 681.5 1049.7009 0.3 5.0 5.0 5.0 5.0 0.0 0.21200001 1 TOUCH_UP Back
1401701559504 6 4098 581.5 787.451 0.26666668 4.0 4.0 4.0 4.0 0.0 0.224 0 TOUCH_DOWN o
1401701559516 6 4098 581.5 787.451 0.3 5.0 5.0 5.0 5.0 0.0 0.23200001 2 TOUCH_MOVE o
1401701559547 6 4098 581.19934 785.6503 0.36666667 6.0 6.0 6.0 6.0 0.0 0.24800001 2 TOUCH_MOVE o
1401701559566 6 4098 581.0 784.701 0.36666667 6.0 6.0 6.0 6.0 0.0 0.24800001 2 TOUCH_MOVE o
1401701559606 6 4098 581.5 784.451 0.20000002 4.0 4.0 4.0 4.0 0.0 0.18 2 TOUCH_MOVE o
1401701559609 6 4098 581.5 784.451 0.20000002 4.0 4.0 4.0 4.0 0.0 0.18 1 TOUCH_UP o
1401701559688 6 4098 269.5 1235.4509 0.23333335 5.0 5.0 5.0 5.0 0.0 0.192 0 TOUCH_DOWN Space
1401701559714 6 4098 269.96677 1235.4509 0.23333335 5.0 5.0 5.0 5.0 0.0 0.2 2 TOUCH_MOVE Space
1401701559731 6 4098 271.27914 1234.5614 0.23333335 5.0 5.0 5.0 5.0 0.0 0.20400001 2 TOUCH_MOVE Space
1401701559747 6 4098 273.1968 1233.6025 0.26666668 5.0 5.0 5.0 5.0 0.0 0.208 2 TOUCH_MOVE Space
1401701559764 6 4098 274.82312 1232.6278 0.26666668 5.0 5.0 5.0 5.0 0.0 0.208 2 TOUCH_MOVE Space
1401701559781 6 4098 275.785 1231.6659 0.26666668 5.0 5.0 5.0 5.0 0.0 0.208 2 TOUCH_MOVE Space
1401701559799 6 4098 276.3549 1231.4509 0.26666668 5.0 5.0 5.0 5.0 0.0 0.208 2 TOUCH_MOVE Space
1401701559814 6 4098 276.7188 1231.4509 0.26666668 5.0 5.0 5.0 5.0 0.0 0.208 2 TOUCH_MOVE Space
1401701559848 6 4098 276.5 1231.4509 0.26666668 5.0 5.0 5.0 5.0 0.0 0.18 2 TOUCH_MOVE Space
1401701559852 6 4098 276.5 1231.4509 0.26666668 5.0 5.0 5.0 5.0 0.0 0.18 1 TOUCH_UP Space
1401701559913 6 4098 657.5 993.451 0.3 5.0 5.0 5.0 5.0 0.0 0.2 0 TOUCH_DOWN l
1401701560015 6 4098 657.7513 993.951 0.33333334 5.0 5.0 5.0 5.0 0.0 0.20400001 2 TOUCH_MOVE l
1401701560022 6 4098 658.0 993.951 0.3 5.0 5.0 5.0 5.0 0.0 0.18800001 2 TOUCH_MOVE l
1401701560025 6 4098 658.0 993.951 0.3 5.0 5.0 5.0 5.0 0.0 0.18800001 1 TOUCH_UP l
1401701560318 6 4098 696.0 1054.9509 0.23333335 5.0 5.0 5.0 5.0 0.0 0.18800001 0 TOUCH_DOWN Back
1401701560351 6 4098 696.0 1055.4564 0.26666668 5.0 5.0 5.0 5.0 0.0 0.20400001 2 TOUCH_MOVE Back
1401701560365 6 4098 696.0 1056.3593 0.26666668 5.0 5.0 5.0 5.0 0.0 0.208 2 TOUCH_MOVE Back
1401701560382 6 4098 696.0 1057.2009 0.26666668 5.0 5.0 5.0 5.0 0.0 0.20400001 2 TOUCH_MOVE Back
1401701560409 6 4098 696.0 1057.2009 0.26666668 5.0 5.0 5.0 5.0 0.0 0.20400001 1 TOUCH_UP Back
1401701560498 6 4098 696.5 1055.9509 0.23333335 5.0 5.0 5.0 5.0 0.0 0.18800001 0 TOUCH_DOWN Back
1401701560515 6 4098 696.5 1055.9509 0.23333335 5.0 5.0 5.0 5.0 0.0 0.19600001 2 TOUCH_MOVE Back
1401701560548 6 4098 695.93195 1056.4509 0.26666668 5.0 5.0 5.0 5.0 0.0 0.20400001 2 TOUCH_MOVE Back
1401701560569 6 4098 695.25 1057.2009 0.26666668 5.0 5.0 5.0 5.0 0.0 0.2 2 TOUCH_MOVE Back
1401701560583 6 4098 695.5 1056.9509 0.20000002 4.0 4.0 4.0 4.0 0.0 0.16000001 2 TOUCH_MOVE Back
1401701560587 6 4098 695.5 1056.9509 0.20000002 4.0 4.0 4.0 4.0 0.0 0.16000001 1 TOUCH_UP Back
1401701560659 6 4098 692.5 1070.4509 0.20000002 3.0 3.0 3.0 3.0 0.0 0.2 0 TOUCH_DOWN Back
1401701560682 6 4098 692.5 1070.4509 0.23333335 4.0 4.0 4.0 4.0 0.0 0.2 2 TOUCH_MOVE Back
1401701560732 6 4098 691.9771 1070.4509 0.23333335 4.0 4.0 4.0 4.0 0.0 0.20400001 2 TOUCH_MOVE Back
1401701560752 6 4098 691.9771 1070.4509 0.23333335 4.0 4.0 4.0 4.0 0.0 0.20400001 1 TOUCH_UP Back
1401701561220 6 4098 574.5 780.951 0.26666668 4.0 4.0 4.0 4.0 0.0 0.21200001 0 TOUCH_DOWN o
1401701561232 6 4098 574.5 780.951 0.26666668 4.0 4.0 4.0 4.0 0.0 0.22000001 2 TOUCH_MOVE o
1401701561267 6 4098 573.0179 781.9331 0.33333334 5.0 5.0 5.0 5.0 0.0 0.23200001 2 TOUCH_MOVE o
1401701561282 6 4098 572.0568 782.89417 0.33333334 5.0 5.0 5.0 5.0 0.0 0.23600002 2 TOUCH_MOVE o
1401701561299 6 4098 571.1247 783.451 0.33333334 5.0 5.0 5.0 5.0 0.0 0.23600002 2 TOUCH_MOVE o
1401701561316 6 4098 570.75 783.451 0.3 5.0 5.0 5.0 5.0 0.0 0.23200001 2 TOUCH_MOVE o
1401701561332 6 4098 570.75 783.451 0.3 5.0 5.0 5.0 5.0 0.0 0.23200001 1 TOUCH_UP o
1401701561416 6 4098 275.0 1223.4509 0.26666668 5.0 5.0 5.0 5.0 0.0 0.208 0 TOUCH_DOWN Space
1401701561435 6 4098 275.0 1223.4509 0.26666668 5.0 5.0 5.0 5.0 0.0 0.21200001 2 TOUCH_MOVE Space
1401701561466 6 4098 276.03906 1223.4509 0.26666668 5.0 5.0 5.0 5.0 0.0 0.22000001 2 TOUCH_MOVE Space
1401701561482 6 4098 277.0038 1222.9509 0.26666668 5.0 5.0 5.0 5.0 0.0 0.22000001 2 TOUCH_MOVE Space
1401701561499 6 4098 277.75 1222.9509 0.26666668 5.0 5.0 5.0 5.0 0.0 0.22000001 2 TOUCH_MOVE Space
1401701561516 6 4098 277.5 1222.2268 0.26666668 5.0 5.0 5.0 5.0 0.0 0.22000001 2 TOUCH_MOVE Space
1401701561553 6 4098 277.5 1222.2268 0.26666668 5.0 5.0 5.0 5.0 0.0 0.22000001 1 TOUCH_UP Space
1401701561669 6 4098 671.0 974.451 0.23333335 5.0 5.0 5.0 5.0 0.0 0.192 0 TOUCH_DOWN l
1401701561683 6 4098 671.0 974.451 0.26666668 5.0 5.0 5.0 5.0 0.0 0.2 2 TOUCH_MOVE l
1401701561731 6 4098 670.5155 975.4355 0.26666668 5.0 5.0 5.0 5.0 0.0 0.21200001 2 TOUCH_MOVE l
1401701561763 6 4098 670.0 976.201 0.26666668 5.0 5.0 5.0 5.0 0.0 0.208 2 TOUCH_MOVE l
1401701561774 6 4098 670.0 976.201 0.26666668 5.0 5.0 5.0 5.0 0.0 0.208 1 TOUCH_UP l
1401701561838 6 4098 74.5 956.451 0.20000002 4.0 4.0 4.0 4.0 0.0 0.18400002 0 TOUCH_DOWN a
1401701561849 6 4098 74.5 956.451 0.20000002 4.0 4.0 4.0 4.0 0.0 0.192 2 TOUCH_MOVE a
1401701561883 6 4098 75.08586 955.3651 0.26666668 4.0 4.0 4.0 4.0 0.0 0.208 2 TOUCH_MOVE a
1401701561900 6 4098 76.07778 954.3732 0.26666668 4.0 4.0 4.0 4.0 0.0 0.208 2 TOUCH_MOVE a
1401701561916 6 4098 77.031425 953.41956 0.26666668 4.0 4.0 4.0 4.0 0.0 0.208 2 TOUCH_MOVE a
1401701561934 6 4098 78.00384 953.451 0.26666668 4.0 4.0 4.0 4.0 0.0 0.208 2 TOUCH_MOVE a
1401701561964 6 4098 78.00384 953.451 0.26666668 4.0 4.0 4.0 4.0 0.0 0.208 1 TOUCH_UP a
1401701562889 6 4098 693.5 1080.4509 0.16666667 3.0 3.0 3.0 3.0 0.0 0.2 0 TOUCH_DOWN Back
1401701562901 6 4098 693.5 1080.4509 0.23333335 4.0 4.0 4.0 4.0 0.0 0.20400001 2 TOUCH_MOVE Back
1401701562969 6 4098 693.0 1081.6011 0.23333335 4.0 4.0 4.0 4.0 0.0 0.21200001 2 TOUCH_MOVE Back
1401701562984 6 4098 692.3852 1082.5657 0.16666667 3.0 3.0 3.0 3.0 0.0 0.192 2 TOUCH_MOVE Back
1401701562997 6 4098 692.3852 1082.5657 0.16666667 3.0 3.0 3.0 3.0 0.0 0.192 1 TOUCH_UP Back
1401701563066 6 4098 696.0 1080.9509 0.13333334 2.0 2.0 2.0 2.0 0.0 0.18800001 0 TOUCH_DOWN Back
1401701563084 6 4098 696.0 1080.9509 0.20000002 4.0 4.0 4.0 4.0 0.0 0.2 2 TOUCH_MOVE Back
1401701563117 6 4098 695.1221 1080.9509 0.23333335 4.0 4.0 4.0 4.0 0.0 0.21200001 2 TOUCH_MOVE Back
1401701563134 6 4098 694.6599 1081.791 0.23333335 4.0 4.0 4.0 4.0 0.0 0.208 2 TOUCH_MOVE Back
1401701563151 6 4098 694.2435 1082.7074 0.20000002 4.0 4.0 4.0 4.0 0.0 0.20400001 2 TOUCH_MOVE Back
1401701563166 6 4098 694.0 1082.9509 0.16666667 3.0 3.0 3.0 3.0 0.0 0.2 2 TOUCH_MOVE Back
1401701563170 6 4098 694.0 1082.9509 0.16666667 3.0 3.0 3.0 3.0 0.0 0.2 1 TOUCH_UP Back
1401701563239 6 4098 695.0 1080.9509 0.13333334 2.0 2.0 2.0 2.0 0.0 0.18400002 0 TOUCH_DOWN Back
1401701563256 6 4098 695.0 1080.9509 0.16666667 3.0 3.0 3.0 3.0 0.0 0.19600001 2 TOUCH_MOVE Back
1401701563284 6 4098 694.3858 1080.9509 0.23333335 4.0 4.0 4.0 4.0 0.0 0.21200001 2 TOUCH_MOVE Back
1401701563303 6 4098 693.7643 1080.9509 0.23333335 4.0 4.0 4.0 4.0 0.0 0.21200001 2 TOUCH_MOVE Back
1401701563331 6 4098 694.0 1080.9509 0.16666667 3.0 3.0 3.0 3.0 0.0 0.18 2 TOUCH_MOVE Back
1401701563335 6 4098 694.0 1080.9509 0.16666667 3.0 3.0 3.0 3.0 0.0 0.18 1 TOUCH_UP Back
1401701563409 6 4098 691.0 1082.4509 0.16666667 3.0 3.0 3.0 3.0 0.0 0.19600001 0 TOUCH_DOWN Back
1401701563418 6 4098 691.0 1082.4509 0.20000002 4.0 4.0 4.0 4.0 0.0 0.20400001 2 TOUCH_MOVE Back
1401701563501 6 4098 690.00964 1083.4413 0.23333335 4.0 4.0 4.0 4.0 0.0 0.2 2 TOUCH_MOVE Back
1401701563514 6 4098 690.0 1083.4509 0.16666667 3.0 3.0 3.0 3.0 0.0 0.18 2 TOUCH_MOVE Back
1401701563518 6 4098 690.0 1083.4509 0.16666667 3.0 3.0 3.0 3.0 0.0 0.18 1 TOUCH_UP Back
1401701564108 6 4098 552.5 801.451 0.26666668 5.0 5.0 5.0 5.0 0.0 0.216 0 TOUCH_DOWN i
1401701564128 6 4098 552.5 801.451 0.26666668 5.0 5.0 5.0 5.0 0.0 0.22000001 2 TOUCH_MOVE i
1401701564158 6 4098 552.5 802.53436 0.3 5.0 5.0 5.0 5.0 0.0 0.24000001 2 TOUCH_MOVE i
1401701564171 6 4098 552.5 803.201 0.3 5.0 5.0 5.0 5.0 0.0 0.24000001 2 TOUCH_MOVE i
1401701564202 6 4098 553.0 802.951 0.26666668 5.0 5.0 5.0 5.0 0.0 0.22000001 2 TOUCH_MOVE i
1401701564205 6 4098 553.0 802.951 0.23333335 5.0 5.0 5.0 5.0 0.0 0.192 2 TOUCH_MOVE i
1401701564210 6 4098 553.0 802.951 0.23333335 5.0 5.0 5.0 5.0 0.0 0.192 1 TOUCH_UP i
1401701564347 6 4098 255.5 1222.9509 0.23333335 4.0 4.0 4.0 4.0 0.0 0.21200001 0 TOUCH_DOWN Space
1401701564356 6 4098 255.5 1222.9509 0.23333335 4.0 4.0 4.0 4.0 0.0 0.216 2 TOUCH_MOVE Space
1401701564402 6 4098 256.09216 1222.9509 0.26666668 5.0 5.0 5.0 5.0 0.0 0.224 2 TOUCH_MOVE Space
1401701564420 6 4098 256.71918 1222.2318 0.26666668 5.0 5.0 5.0 5.0 0.0 0.224 2 TOUCH_MOVE Space
1401701564436 6 4098 257.0 1222.001 0.26666668 5.0 5.0 5.0 5.0 0.0 0.224 2 TOUCH_MOVE Space
1401701564452 6 4098 257.0 1221.7009 0.26666668 5.0 5.0 5.0 5.0 0.0 0.224 2 TOUCH_MOVE Space
1401701564492 6 4098 257.0 1221.9509 0.20000002 3.0 3.0 3.0 3.0 0.0 0.192 2 TOUCH_MOVE Space
1401701564496 6 4098 257.0 1221.9509 0.20000002 3.0 3.0 3.0 3.0 0.0 0.192 1 TOUCH_UP Space
1401701564613 6 4098 660.0 962.951 0.20000002 4.0 4.0 4.0 4.0 0.0 0.19600001 0 TOUCH_DOWN l
1401701564621 6 4098 660.0 962.951 0.20000002 4.0 4.0 4.0 4.0 0.0 0.20400001 2 TOUCH_MOVE l
1401701564654 6 4098 659.026 962.951 0.26666668 5.0 5.0 5.0 5.0 0.0 0.21200001 2 TOUCH_MOVE l
1401701564669 6 4098 658.25 962.951 0.26666668 5.0 5.0 5.0 5.0 0.0 0.21200001 2 TOUCH_MOVE l
1401701564686 6 4098 657.794 962.951 0.23333335 4.0 4.0 4.0 4.0 0.0 0.21200001 2 TOUCH_MOVE l
1401701564713 6 4098 657.794 962.951 0.23333335 4.0 4.0 4.0 4.0 0.0 0.21200001 1 TOUCH_UP l
1401701564796 6 4098 52.5 941.451 0.26666668 5.0 5.0 5.0 5.0 0.0 0.18400002 0 TOUCH_DOWN a
1401701564819 6 4098 52.5 941.451 0.26666668 5.0 5.0 5.0 5.0 0.0 0.192 2 TOUCH_MOVE a
1401701564836 6 4098 54.65362 941.451 0.26666668 5.0 5.0 5.0 5.0 0.0 0.20400001 2 TOUCH_MOVE a
1401701564853 6 4098 57.071083 941.451 0.26666668 5.0 5.0 5.0 5.0 0.0 0.208 2 TOUCH_MOVE a
1401701564869 6 4098 58.498512 941.451 0.26666668 5.0 5.0 5.0 5.0 0.0 0.208 2 TOUCH_MOVE a
1401701564886 6 4098 59.25 941.451 0.26666668 5.0 5.0 5.0 5.0 0.0 0.208 2 TOUCH_MOVE a
1401701564916 6 4098 59.0 941.451 0.23333335 4.0 4.0 4.0 4.0 0.0 0.17600001 2 TOUCH_MOVE a
1401701564921 6 4098 59.0 941.451 0.23333335 4.0 4.0 4.0 4.0 0.0 0.17600001 1 TOUCH_UP a
1401701565055 6 4098 240.5 1219.4509 0.20000002 3.0 3.0 3.0 3.0 0.0 0.20400001 0 TOUCH_DOWN Space
1401701565201 6 4098 240.5 1219.4509 0.20000002 3.0 3.0 3.0 3.0 0.0 0.18 2 TOUCH_MOVE Space
1401701565206 6 4098 240.5 1219.4509 0.20000002 3.0 3.0 3.0 3.0 0.0 0.18 1 TOUCH_UP Space
1401701565584 6 4098 124.5 932.451 0.23333335 4.0 4.0 4.0 4.0 0.0 0.20400001 0 TOUCH_DOWN s
1401701565612 6 4098 124.92355 932.8745 0.26666668 4.0 4.0 4.0 4.0 0.0 0.208 2 TOUCH_MOVE s
1401701565621 6 4098 126.843155 933.73206 0.26666668 4.0 4.0 4.0 4.0 0.0 0.224 2 TOUCH_MOVE s
1401701565638 6 4098 129.04335 934.72266 0.3 5.0 5.0 5.0 5.0 0.0 0.224 2 TOUCH_MOVE s
1401701565653 6 4098 130.25473 934.951 0.3 5.0 5.0 5.0 5.0 0.0 0.224 2 TOUCH_MOVE s
1401701565670 6 4098 130.75 934.951 0.3 5.0 5.0 5.0 5.0 0.0 0.22800002 2 TOUCH_MOVE s
1401701565687 6 4098 129.4526 934.951 0.26666668 4.0 4.0 4.0 4.0 0.0 0.208 2 TOUCH_MOVE s
1401701565695 6 4098 129.5 934.951 0.26666668 4.0 4.0 4.0 4.0 0.0 0.18400002 2 TOUCH_MOVE s
1401701565701 6 4098 129.5 934.951 0.26666668 4.0 4.0 4.0 4.0 0.0 0.18400002 1 TOUCH_UP s
1401701565828 6 4098 60.5 931.451 0.23333335 4.0 4.0 4.0 4.0 0.0 0.18400002 0 TOUCH_DOWN a
1401701565845 6 4098 60.5 931.451 0.23333335 4.0 4.0 4.0 4.0 0.0 0.192 2 TOUCH_MOVE a
1401701565880 6 4098 60.5 932.09644 0.23333335 4.0 4.0 4.0 4.0 0.0 0.2 2 TOUCH_MOVE a
1401701565937 6 4098 58.66245 932.61975 0.23333335 4.0 4.0 4.0 4.0 0.0 0.18400002 2 TOUCH_MOVE a
1401701565943 6 4098 58.66245 932.61975 0.23333335 4.0 4.0 4.0 4.0 0.0 0.18400002 1 TOUCH_UP a
1401701565986 6 4098 511.0 1077.4509 0.23333335 4.0 4.0 4.0 4.0 0.0 0.20400001 0 TOUCH_DOWN n
1401701566004 6 4098 511.0 1077.4509 0.23333335 4.0 4.0 4.0 4.0 0.0 0.21200001 2 TOUCH_MOVE n
1401701566072 6 4098 511.0 1076.2896 0.26666668 4.0 4.0 4.0 4.0 0.0 0.208 2 TOUCH_MOVE n
1401701566085 6 4098 511.0 1075.9509 0.3 5.0 5.0 5.0 5.0 0.0 0.17600001 2 TOUCH_MOVE n
1401701566089 6 4098 511.0 1075.9509 0.3 5.0 5.0 5.0 5.0 0.0 0.17600001 1 TOUCH_UP n
1401701566224 6 4098 354.5 906.951 0.26666668 4.0 4.0 4.0 4.0 0.0 0.216 0 TOUCH_DOWN g
1401701566237 6 4098 354.5 906.951 0.26666668 4.0 4.0 4.0 4.0 0.0 0.22000001 2 TOUCH_MOVE g
1401701566271 6 4098 353.54974 906.951 0.26666668 4.0 4.0 4.0 4.0 0.0 0.224 2 TOUCH_MOVE g
1401701566287 6 4098 353.25772 906.951 0.26666668 4.0 4.0 4.0 4.0 0.0 0.224 2 TOUCH_MOVE g
1401701566299 6 4098 353.25772 906.951 0.26666668 4.0 4.0 4.0 4.0 0.0 0.224 1 TOUCH_UP g
1401701566480 6 4098 234.5 1231.9509 0.20000002 4.0 4.0 4.0 4.0 0.0 0.2 0 TOUCH_DOWN Space
1401701566505 6 4098 234.5 1231.9509 0.23333335 4.0 4.0 4.0 4.0 0.0 0.208 2 TOUCH_MOVE Space
1401701566537 6 4098 234.7899 1230.661 0.26666668 5.0 5.0 5.0 5.0 0.0 0.21200001 2 TOUCH_MOVE Space
1401701566555 6 4098 235.25 1230.2009 0.23333335 4.0 4.0 4.0 4.0 0.0 0.216 2 TOUCH_MOVE Space
1401701566594 6 4098 235.25 1230.2009 0.23333335 4.0 4.0 4.0 4.0 0.0 0.216 1 TOUCH_UP Space
1401701566917 6 4098 201.5 957.951 0.26666668 4.0 4.0 4.0 4.0 0.0 0.216 0 TOUCH_DOWN d
1401701566946 6 4098 201.95526 957.951 0.3 5.0 5.0 5.0 5.0 0.0 0.21200001 2 TOUCH_MOVE d
1401701566954 6 4098 203.74889 957.951 0.3 5.0 5.0 5.0 5.0 0.0 0.224 2 TOUCH_MOVE d
1401701566971 6 4098 204.75 957.951 0.3 5.0 5.0 5.0 5.0 0.0 0.224 2 TOUCH_MOVE d
1401701567010 6 4098 204.0 957.451 0.20000002 4.0 4.0 4.0 4.0 0.0 0.17600001 2 TOUCH_MOVE d
1401701567014 6 4098 204.0 957.451 0.20000002 4.0 4.0 4.0 4.0 0.0 0.17600001 1 TOUCH_UP d
1401701567156 6 4098 51.0 954.951 0.20000002 3.0 3.0 3.0 3.0 0.0 0.18400002 0 TOUCH_DOWN a
1401701567175 6 4098 51.0 954.951 0.23333335 4.0 4.0 4.0 4.0 0.0 0.18800001 2 TOUCH_MOVE a
1401701567190 6 4098 51.85372 954.5973 0.23333335 4.0 4.0 4.0 4.0 0.0 0.192 2 TOUCH_MOVE a
1401701567204 6 4098 53.974396 953.3014 0.23333335 4.0 4.0 4.0 4.0 0.0 0.19600001 2 TOUCH_MOVE a
1401701567223 6 4098 56.0 952.201 0.23333335 4.0 4.0 4.0 4.0 0.0 0.19600001 2 TOUCH_MOVE a
1401701567239 6 4098 56.75 951.201 0.23333335 4.0 4.0 4.0 4.0 0.0 0.19600001 2 TOUCH_MOVE a
1401701567279 6 4098 55.58045 952.2307 0.20000002 3.0 3.0 3.0 3.0 0.0 0.18800001 2 TOUCH_MOVE a
1401701567280 6 4098 54.5 952.951 0.20000002 3.0 3.0 3.0 3.0 0.0 0.17600001 2 TOUCH_MOVE a
1401701567284 6 4098 54.5 952.951 0.20000002 3.0 3.0 3.0 3.0 0.0 0.17600001 1 TOUCH_UP a
1401701567345 6 4098 472.5 810.451 0.26666668 4.0 4.0 4.0 4.0 0.0 0.22000001 0 TOUCH_DOWN u
1401701567373 6 4098 472.5 810.9254 0.26666668 4.0 4.0 4.0 4.0 0.0 0.22800002 2 TOUCH_MOVE u
1401701567388 6 4098 472.5 811.8552 0.3 5.0 5.0 5.0 5.0 0.0 0.23600002 2 TOUCH_MOVE u
1401701567405 6 4098 472.5 812.829 0.3 5.0 5.0 5.0 5.0 0.0 0.23200001 2 TOUCH_MOVE u
1401701567421 6 4098 473.6755 813.78876 0.26666668 4.0 4.0 4.0 4.0 0.0 0.216 2 TOUCH_MOVE u
1401701567427 6 4098 474.0 813.951 0.23333335 4.0 4.0 4.0 4.0 0.0 0.18800001 2 TOUCH_MOVE u
1401701567431 6 4098 474.0 813.951 0.23333335 4.0 4.0 4.0 4.0 0.0 0.18800001 1 TOUCH_UP u
1401701568036 6 4098 242.0 1221.9509 0.20000002 3.0 3.0 3.0 3.0 0.0 0.20400001 0 TOUCH_DOWN Space
1401701568056 6 4098 242.0 1221.9509 0.23333335 4.0 4.0 4.0 4.0 0.0 0.216 2 TOUCH_MOVE Space
1401701568089 6 4098 242.0 1221.0891 0.23333335 4.0 4.0 4.0 4.0 0.0 0.224 2 TOUCH_MOVE Space
1401701568106 6 4098 242.0 1220.2864 0.23333335 4.0 4.0 4.0 4.0 0.0 0.224 2 TOUCH_MOVE Space
1401701568123 6 4098 242.0 1219.7727 0.23333335 4.0 4.0 4.0 4.0 0.0 0.224 2 TOUCH_MOVE Space
1401701568139 6 4098 241.24431 1218.1952 0.23333335 4.0 4.0 4.0 4.0 0.0 0.208 2 TOUCH_MOVE Space
1401701568158 6 4098 241.0 1217.9509 0.16666667 3.0 3.0 3.0 3.0 0.0 0.132 2 TOUCH_MOVE Space
1401701568163 6 4098 241.0 1217.9509 0.16666667 3.0 3.0 3.0 3.0 0.0 0.132 1 TOUCH_UP Space
1401701568425 6 4098 332.5 831.951 0.33333334 5.0 5.0 5.0 5.0 0.0 0.22000001 0 TOUCH_DOWN t
1401701568462 6 4098 332.5 831.951 0.33333334 5.0 5.0 5.0 5.0 0.0 0.22800002 2 TOUCH_MOVE t
1401701568501 6 4098 332.0 831.451 0.3 5.0 5.0 5.0 5.0 0.0 0.18400002 2 TOUCH_MOVE t
1401701568506 6 4098 332.0 831.451 0.3 5.0 5.0 5.0 5.0 0.0 0.18400002 1 TOUCH_UP t
1401701568652 6 4098 497.5 809.451 0.3 5.0 5.0 5.0 5.0 0.0 0.22000001 0 TOUCH_DOWN u
1401701568656 6 4098 497.5 809.451 0.3 5.0 5.0 5.0 5.0 0.0 0.22800002 2 TOUCH_MOVE u
1401701568674 6 4098 497.5 809.99005 0.3 5.0 5.0 5.0 5.0 0.0 0.23600002 2 TOUCH_MOVE u
1401701568689 6 4098 496.4608 810.9902 0.33333334 5.0 5.0 5.0 5.0 0.0 0.24000001 2 TOUCH_MOVE u
1401701568706 6 4098 495.50998 812.441 0.3 5.0 5.0 5.0 5.0 0.0 0.24000001 2 TOUCH_MOVE u
1401701568725 6 4098 495.0 813.41785 0.3 5.0 5.0 5.0 5.0 0.0 0.24000001 2 TOUCH_MOVE u
1401701568740 6 4098 495.0 814.201 0.3 5.0 5.0 5.0 5.0 0.0 0.23200001 2 TOUCH_MOVE u
1401701568756 6 4098 495.0 814.201 0.3 5.0 5.0 5.0 5.0 0.0 0.23200001 1 TOUCH_UP u
1401701568838 6 4098 39.5 918.451 0.16666667 3.0 3.0 3.0 3.0 0.0 0.172 0 TOUCH_DOWN a
1401701568856 6 4098 39.5 918.451 0.16666667 3.0 3.0 3.0 3.0 0.0 0.18 2 TOUCH_MOVE a
1401701568873 6 4098 41.212044 917.845 0.16666667 3.0 3.0 3.0 3.0 0.0 0.18400002 2 TOUCH_MOVE a
1401701568890 6 4098 44.310574 916.24396 0.16666667 3.0 3.0 3.0 3.0 0.0 0.18800001 2 TOUCH_MOVE a
1401701568906 6 4098 45.523186 915.4278 0.16666667 3.0 3.0 3.0 3.0 0.0 0.18800001 2 TOUCH_MOVE a
1401701568924 6 4098 46.0 914.42236 0.16666667 3.0 3.0 3.0 3.0 0.0 0.18800001 2 TOUCH_MOVE a
1401701568943 6 4098 46.0 913.701 0.16666667 3.0 3.0 3.0 3.0 0.0 0.18800001 2 TOUCH_MOVE a
1401701568973 6 4098 44.66663 913.951 0.16666667 3.0 3.0 3.0 3.0 0.0 0.18400002 2 TOUCH_MOVE a
1401701568995 6 4098 44.5 913.951 0.16666667 3.0 3.0 3.0 3.0 0.0 0.148 2 TOUCH_MOVE a
1401701568998 6 4098 44.5 913.951 0.16666667 3.0 3.0 3.0 3.0 0.0 0.148 1 TOUCH_UP a
1401701569008 6 4098 505.0 1082.4509 0.20000002 4.0 4.0 4.0 4.0 0.0 0.2 0 TOUCH_DOWN n
1401701569058 6 4098 505.0 1084.1635 0.3 5.0 5.0 5.0 5.0 0.0 0.216 2 TOUCH_MOVE n
1401701569077 6 4098 505.68915 1085.14 0.3 5.0 5.0 5.0 5.0 0.0 0.216 2 TOUCH_MOVE n
1401701569090 6 4098 507.10898 1086.0054 0.23333335 4.0 4.0 4.0 4.0 0.0 0.19600001 2 TOUCH_MOVE n
1401701569099 6 4098 507.5 1086.4509 0.13333334 2.0 2.0 2.0 2.0 0.0 0.104 2 TOUCH_MOVE n
1401701569105 6 4098 507.5 1086.4509 0.13333334 2.0 2.0 2.0 2.0 0.0 0.104 1 TOUCH_UP n
1401701569728 6 4098 684.0 1190.9509 0.20000002 3.0 3.0 3.0 3.0 0.0 0.19600001 0 TOUCH_DOWN Enter
1401701569740 6 4098 684.0 1190.9509 0.23333335 4.0 4.0 4.0 4.0 0.0 0.20400001 2 TOUCH_MOVE Enter
1401701569791 6 4098 684.51764 1190.9509 0.20000002 3.0 3.0 3.0 3.0 0.0 0.20400001 2 TOUCH_MOVE Enter
1401701569808 6 4098 685.0 1190.9509 0.13333334 2.0 2.0 2.0 2.0 0.0 0.124000005 2 TOUCH_MOVE Enter
1401701569812 6 4098 685.0 1190.9509 0.13333334 2.0 2.0 2.0 2.0 0.0 0.124000005 1 TOUCH_UP Enter
1401701570416 6 4098 276.0 1104.9509 0.33333334 5.0 5.0 5.0 5.0 0.0 0.21200001 0 TOUCH_DOWN C
1401701570424 6 4098 276.0 1104.9509 0.33333334 5.0 5.0 5.0 5.0 0.0 0.216 2 TOUCH_MOVE C
1401701570458 6 4098 276.0 1106.0557 0.33333334 5.0 5.0 5.0 5.0 0.0 0.22800002 2 TOUCH_MOVE C
1401701570494 6 4098 275.94098 1106.4509 0.33333334 5.0 5.0 5.0 5.0 0.0 0.224 2 TOUCH_MOVE C
1401701570508 6 4098 274.97513 1106.4509 0.3 5.0 5.0 5.0 5.0 0.0 0.2 2 TOUCH_MOVE C
1401701570516 6 4098 274.97513 1106.4509 0.3 5.0 5.0 5.0 5.0 0.0 0.2 1 TOUCH_UP C
1401701570607 6 4098 424.0 940.951 0.3 5.0 5.0 5.0 5.0 0.0 0.21200001 0 TOUCH_DOWN h
1401701570624 6 4098 424.0 940.951 0.3 5.0 5.0 5.0 5.0 0.0 0.22000001 2 TOUCH_MOVE h
1401701570708 6 4098 428.5235 939.2765 0.3 5.0 5.0 5.0 5.0 0.0 0.208 2 TOUCH_MOVE h
1401701570718 6 4098 435.5 936.951 0.3 5.0 5.0 5.0 5.0 0.0 0.192 2 TOUCH_MOVE h
1401701570728 6 4098 435.5 936.951 0.3 5.0 5.0 5.0 5.0 0.0 0.192 1 TOUCH_UP h
1401701570788 6 4098 53.0 908.451 0.16666667 3.0 3.0 3.0 3.0 0.0 0.18400002 0 TOUCH_DOWN a
1401701570808 6 4098 53.43338 908.451 0.16666667 3.0 3.0 3.0 3.0 0.0 0.18800001 2 TOUCH_MOVE a
1401701570826 6 4098 55.898495 907.352 0.20000002 3.0 3.0 3.0 3.0 0.0 0.19600001 2 TOUCH_MOVE a
1401701570841 6 4098 58.587215 905.6574 0.20000002 3.0 3.0 3.0 3.0 0.0 0.20400001 2 TOUCH_MOVE a
1401701570861 6 4098 60.257374 904.6936 0.20000002 3.0 3.0 3.0 3.0 0.0 0.2 2 TOUCH_MOVE a
1401701570876 6 4098 61.21608 904.451 0.20000002 3.0 3.0 3.0 3.0 0.0 0.2 2 TOUCH_MOVE a
1401701570891 6 4098 61.0 905.02576 0.16666667 3.0 3.0 3.0 3.0 0.0 0.192 2 TOUCH_MOVE a
1401701570893 6 4098 60.5 905.951 0.16666667 3.0 3.0 3.0 3.0 0.0 0.18400002 2 TOUCH_MOVE a
1401701570899 6 4098 633.0 825.951 0.3 5.0 5.0 5.0 5.0 0.0 0.21200001 0 TOUCH_DOWN o
1401701570901 6 4098 60.5 905.951 0.16666667 3.0 3.0 3.0 3.0 0.0 0.18400002 2 TOUCH_MOVE a
1401701570919 6 4098 632.0 825.951 0.3 5.0 5.0 5.0 5.0 0.0 0.216 2 TOUCH_MOVE o
1401701570920 6 4098 57.5 908.951 0.16666667 3.0 3.0 3.0 3.0 0.0 0.1 2 TOUCH_MOVE a
1401701570922 6 4098 632.0 825.951 0.3 5.0 5.0 5.0 5.0 0.0 0.216 2 TOUCH_MOVE o
1401701570927 6 4098 57.5 908.951 0.16666667 3.0 3.0 3.0 3.0 0.0 0.1 1 TOUCH_UP a
1401701570953 6 4098 631.43256 827.01843 0.33333334 5.0 5.0 5.0 5.0 0.0 0.224 2 TOUCH_MOVE o
1401701570960 6 4098 631.0 827.9794 0.3 5.0 5.0 5.0 5.0 0.0 0.22000001 2 TOUCH_MOVE o
1401701570978 6 4098 631.5 827.951 0.20000002 4.0 4.0 4.0 4.0 0.0 0.17600001 2 TOUCH_MOVE o
1401701570982 6 4098 631.5 827.951 0.20000002 4.0 4.0 4.0 4.0 0.0 0.17600001 1 TOUCH_UP o
1401701571346 6 4098 257.0 1205.9509 0.23333335 4.0 4.0 4.0 4.0 0.0 0.2 0 TOUCH_DOWN Space
1401701571359 6 4098 257.0 1205.9509 0.23333335 4.0 4.0 4.0 4.0 0.0 0.20400001 2 TOUCH_MOVE Space
1401701571384 6 4098 257.0 1207.0521 0.23333335 4.0 4.0 4.0 4.0 0.0 0.208 2 TOUCH_MOVE Space
1401701571392 6 4098 257.0 1208.0402 0.23333335 4.0 4.0 4.0 4.0 0.0 0.208 2 TOUCH_MOVE Space
1401701571408 6 4098 258.03906 1208.99 0.23333335 4.0 4.0 4.0 4.0 0.0 0.192 2 TOUCH_MOVE Space
1401701571424 6 4098 259.0 1209.4509 0.23333335 4.0 4.0 4.0 4.0 0.0 0.156 2 TOUCH_MOVE Space
1401701571431 6 4098 259.0 1209.4509 0.23333335 4.0 4.0 4.0 4.0 0.0 0.156 1 TOUCH_UP Space
1401701571601 6 4098 319.0 1102.4509 0.3 5.0 5.0 5.0 5.0 0.0 0.22800002 0 TOUCH_DOWN c
1401701571609 6 4098 319.0 1102.4509 0.33333334 5.0 5.0 5.0 5.0 0.0 0.23600002 2 TOUCH_MOVE c
1401701571713 6 4098 319.0 1102.4509 0.33333334 5.0 5.0 5.0 5.0 0.0 0.23600002 1 TOUCH_UP c
1401701571785 6 4098 618.0 805.451 0.26666668 5.0 5.0 5.0 5.0 0.0 0.20400001 0 TOUCH_DOWN o
1401701571797 6 4098 618.0 806.13855 0.3 5.0 5.0 5.0 5.0 0.0 0.22000001 2 TOUCH_MOVE o
1401701571813 6 4098 618.0 807.1043 0.3 5.0 5.0 5.0 5.0 0.0 0.22000001 2 TOUCH_MOVE o
1401701571828 6 4098 618.0 807.701 0.3 5.0 5.0 5.0 5.0 0.0 0.224 2 TOUCH_MOVE o
1401701571844 6 4098 618.0 807.451 0.23333335 4.0 4.0 4.0 4.0 0.0 0.2 2 TOUCH_MOVE o
1401701571852 6 4098 618.0 807.451 0.20000002 4.0 4.0 4.0 4.0 0.0 0.17600001 2 TOUCH_MOVE o
1401701571856 6 4098 618.0 807.451 0.20000002 4.0 4.0 4.0 4.0 0.0 0.17600001 1 TOUCH_UP o
1401701572019 6 4098 261.5 1250.9509 0.16666667 4.0 4.0 4.0 4.0 0.0 0.18 0 TOUCH_DOWN Space
1401701572048 6 4098 261.62894 1249.0641 0.16666667 4.0 4.0 4.0 4.0 0.0 0.18800001 2 TOUCH_MOVE Space
1401701572073 6 4098 262.0 1246.7539 0.16666667 4.0 4.0 4.0 4.0 0.0 0.192 2 TOUCH_MOVE Space
1401701572080 6 4098 262.0 1245.3805 0.16666667 4.0 4.0 4.0 4.0 0.0 0.192 2 TOUCH_MOVE Space
1401701572093 6 4098 262.0 1244.4246 0.16666667 4.0 4.0 4.0 4.0 0.0 0.192 2 TOUCH_MOVE Space
1401701572109 6 4098 262.0 1243.7009 0.16666667 4.0 4.0 4.0 4.0 0.0 0.192 2 TOUCH_MOVE Space
1401701572143 6 4098 262.0 1244.4509 0.16666667 4.0 4.0 4.0 4.0 0.0 0.18400002 2 TOUCH_MOVE Space
1401701572148 6 4098 262.0 1244.4509 0.16666667 4.0 4.0 4.0 4.0 0.0 0.156 2 TOUCH_MOVE Space
1401701572151 6 4098 262.0 1244.4509 0.16666667 4.0 4.0 4.0 4.0 0.0 0.156 1 TOUCH_UP Space
1401701572266 6 4098 342.0 974.451 0.26666668 4.0 4.0 4.0 4.0 0.0 0.208 0 TOUCH_DOWN g
1401701572310 6 4098 342.0 974.451 0.26666668 4.0 4.0 4.0 4.0 0.0 0.224 2 TOUCH_MOVE g
1401701572329 6 4098 343.5 974.451 0.26666668 4.0 4.0 4.0 4.0 0.0 0.216 2 TOUCH_MOVE g
1401701572338 6 4098 343.5 974.451 0.16666667 3.0 3.0 3.0 3.0 0.0 0.18800001 2 TOUCH_MOVE g
1401701572342 6 4098 343.5 974.451 0.16666667 3.0 3.0 3.0 3.0 0.0 0.18800001 1 TOUCH_UP g
1401701572491 6 4098 543.5 849.951 0.23333335 4.0 4.0 4.0 4.0 0.0 0.208 0 TOUCH_DOWN i
1401701572517 6 4098 543.1976 849.951 0.23333335 4.0 4.0 4.0 4.0 0.0 0.216 2 TOUCH_MOVE i
1401701572544 6 4098 541.46344 850.951 0.3 5.0 5.0 5.0 5.0 0.0 0.23200001 2 TOUCH_MOVE i
1401701572560 6 4098 540.75 851.701 0.3 5.0 5.0 5.0 5.0 0.0 0.23200001 2 TOUCH_MOVE i
1401701572589 6 4098 541.0 851.451 0.23333335 5.0 5.0 5.0 5.0 0.0 0.192 2 TOUCH_MOVE i
1401701572593 6 4098 541.0 851.451 0.23333335 5.0 5.0 5.0 5.0 0.0 0.192 1 TOUCH_UP i
1401701572667 6 4098 69.5 928.451 0.23333335 4.0 4.0 4.0 4.0 0.0 0.18800001 0 TOUCH_DOWN a
1401701572677 6 4098 69.5 928.451 0.20000002 4.0 4.0 4.0 4.0 0.0 0.19600001 2 TOUCH_MOVE a
1401701572711 6 4098 71.01488 928.451 0.26666668 4.0 4.0 4.0 4.0 0.0 0.208 2 TOUCH_MOVE a
1401701572728 6 4098 73.26633 928.451 0.26666668 4.0 4.0 4.0 4.0 0.0 0.21200001 2 TOUCH_MOVE a
1401701572743 6 4098 75.135735 928.451 0.26666668 4.0 4.0 4.0 4.0 0.0 0.21200001 2 TOUCH_MOVE a
1401701572760 6 4098 76.53968 928.451 0.23333335 4.0 4.0 4.0 4.0 0.0 0.208 2 TOUCH_MOVE a
1401701572768 6 4098 655.5 841.951 0.23333335 4.0 4.0 4.0 4.0 0.0 0.18800001 0 TOUCH_DOWN p
1401701572770 6 4098 76.53968 928.451 0.23333335 4.0 4.0 4.0 4.0 0.0 0.208 2 TOUCH_MOVE a
1401701572811 6 4098 655.5 842.451 0.23333335 4.0 4.0 4.0 4.0 0.0 0.192 2 TOUCH_MOVE p
1401701572812 6 4098 74.87967 928.951 0.26666668 4.0 4.0 4.0 4.0 0.0 0.2 2 TOUCH_MOVE a
1401701572815 6 4098 655.5 842.451 0.23333335 4.0 4.0 4.0 4.0 0.0 0.192 2 TOUCH_MOVE p
1401701572818 6 4098 74.5 928.951 0.23333335 4.0 4.0 4.0 4.0 0.0 0.18800001 2 TOUCH_MOVE a
1401701572819 6 4098 655.0 842.451 0.23333335 4.0 4.0 4.0 4.0 0.0 0.208 2 TOUCH_MOVE p
1401701572837 6 4098 74.5 928.951 0.23333335 4.0 4.0 4.0 4.0 0.0 0.18800001 1 TOUCH_UP a
1401701572850 6 4098 655.0 843.8205 0.23333335 4.0 4.0 4.0 4.0 0.0 0.208 2 TOUCH_MOVE p
1401701572866 6 4098 655.5 844.951 0.23333335 4.0 4.0 4.0 4.0 0.0 0.18 2 TOUCH_MOVE p
1401701572872 6 4098 655.5 844.951 0.23333335 4.0 4.0 4.0 4.0 0.0 0.18 1 TOUCH_UP p
1401701573504 6 4098 673.5 1094.9509 0.26666668 5.0 5.0 5.0 5.0 0.0 0.2 0 TOUCH_DOWN Back
1401701573529 6 4098 673.5 1095.8099 0.3 5.0 5.0 5.0 5.0 0.0 0.21200001 2 TOUCH_MOVE Back
1401701573544 6 4098 672.7083 1096.7427 0.3 5.0 5.0 5.0 5.0 0.0 0.22000001 2 TOUCH_MOVE Back
1401701573560 6 4098 672.2132 1097.7378 0.3 5.0 5.0 5.0 5.0 0.0 0.224 2 TOUCH_MOVE Back
1401701573582 6 4098 672.0 1098.2948 0.3 5.0 5.0 5.0 5.0 0.0 0.224 2 TOUCH_MOVE Back
1401701573596 6 4098 672.0 1098.661 0.3 5.0 5.0 5.0 5.0 0.0 0.22000001 2 TOUCH_MOVE Back
1401701573619 6 4098 672.0 1098.4509 0.23333335 5.0 5.0 5.0 5.0 0.0 0.19600001 2 TOUCH_MOVE Back
1401701573625 6 4098 672.0 1098.4509 0.23333335 5.0 5.0 5.0 5.0 0.0 0.19600001 1 TOUCH_UP Back
1401701573819 6 4098 619.0 801.951 0.23333335 5.0 5.0 5.0 5.0 0.0 0.216 0 TOUCH_DOWN o
1401701573827 6 4098 619.0 801.951 0.26666668 5.0 5.0 5.0 5.0 0.0 0.224 2 TOUCH_MOVE o
1401701573917 6 4098 619.0 801.951 0.26666668 5.0 5.0 5.0 5.0 0.0 0.224 1 TOUCH_UP o
1401701574027 6 4098 264.0 1255.5 0.16666667 4.0 4.0 4.0 4.0 0.0 0.18 0 TOUCH_DOWN Space
1401701574065 6 4098 264.19113 1253.9078 0.20000002 5.0 5.0 5.0 5.0 0.0 0.18400002 2 TOUCH_MOVE Space
1401701574080 6 4098 265.1463 1251.012 0.20000002 5.0 5.0 5.0 5.0 0.0 0.18800001 2 TOUCH_MOVE Space
1401701574094 6 4098 266.1179 1248.7152 0.20000002 5.0 5.0 5.0 5.0 0.0 0.18800001 2 TOUCH_MOVE Space
1401701574111 6 4098 266.5 1247.3606 0.20000002 5.0 5.0 5.0 5.0 0.0 0.18800001 2 TOUCH_MOVE Space
1401701574128 6 4098 266.5 1246.4087 0.16666667 4.0 4.0 4.0 4.0 0.0 0.18800001 2 TOUCH_MOVE Space
1401701574139 6 4098 266.0 1245.4509 0.16666667 4.0 4.0 4.0 4.0 0.0 0.18 2 TOUCH_MOVE Space
1401701574143 6 4098 266.0 1245.4509 0.16666667 4.0 4.0 4.0 4.0 0.0 0.18 1 TOUCH_UP Space
1401701575898 6 4098 681.5 1094.9509 0.26666668 4.0 4.0 4.0 4.0 0.0 0.19600001 0 TOUCH_DOWN Back
1401701575915 6 4098 681.19745 1095.2535 0.26666668 4.0 4.0 4.0 4.0 0.0 0.208 2 TOUCH_MOVE Back
1401701575948 6 4098 677.4088 1096.9813 0.3 5.0 5.0 5.0 5.0 0.0 0.22000001 2 TOUCH_MOVE Back
1401701575963 6 4098 675.5085 1097.9425 0.3 5.0 5.0 5.0 5.0 0.0 0.22000001 2 TOUCH_MOVE Back
1401701575980 6 4098 674.0919 1098.905 0.3 5.0 5.0 5.0 5.0 0.0 0.22000001 2 TOUCH_MOVE Back
1401701575996 6 4098 670.90936 1099.869 0.3 5.0 5.0 5.0 5.0 0.0 0.21200001 2 TOUCH_MOVE Back
1401701576001 6 4098 670.5 1099.9509 0.26666668 4.0 4.0 4.0 4.0 0.0 0.19600001 2 TOUCH_MOVE Back
1401701576004 6 4098 670.5 1099.9509 0.26666668 4.0 4.0 4.0 4.0 0.0 0.19600001 1 TOUCH_UP Back
1401701576374 6 4098 433.5 1202.9509 0.23333335 4.0 4.0 4.0 4.0 0.0 0.19600001 0 TOUCH_DOWN ,
1401701576380 6 4098 433.5 1202.9509 0.23333335 4.0 4.0 4.0 4.0 0.0 0.2 2 TOUCH_MOVE ,
1401701576414 6 4098 433.5 1203.605 0.23333335 4.0 4.0 4.0 4.0 0.0 0.20400001 2 TOUCH_MOVE ,
1401701576449 6 4098 433.5 1203.605 0.23333335 4.0 4.0 4.0 4.0 0.0 0.20400001 1 TOUCH_UP ,
1401701576668 6 4098 229.0 1216.4509 0.23333335 4.0 4.0 4.0 4.0 0.0 0.208 0 TOUCH_DOWN Space
1401701576779 6 4098 229.0 1216.4509 0.23333335 4.0 4.0 4.0 4.0 0.0 0.208 1 TOUCH_UP Space
1401701577250 6 4098 300.0 1071.4509 0.26666668 4.0 4.0 4.0 4.0 0.0 0.22000001 0 TOUCH_DOWN c
1401701577277 6 4098 300.0 1071.4509 0.26666668 4.0 4.0 4.0 4.0 0.0 0.22800002 2 TOUCH_MOVE c
1401701577297 6 4098 300.0 1072.0662 0.3 5.0 5.0 5.0 5.0 0.0 0.24400002 2 TOUCH_MOVE c
1401701577314 6 4098 300.0 1072.9548 0.3 5.0 5.0 5.0 5.0 0.0 0.24400002 2 TOUCH_MOVE c
1401701577348 6 4098 300.0 1073.6705 0.3 5.0 5.0 5.0 5.0 0.0 0.24400002 2 TOUCH_MOVE c
1401701577383 6 4098 299.5 1073.9509 0.26666668 4.0 4.0 4.0 4.0 0.0 0.20400001 2 TOUCH_MOVE c
1401701577388 6 4098 299.5 1073.9509 0.26666668 4.0 4.0 4.0 4.0 0.0 0.20400001 1 TOUCH_UP c
1401701577437 6 4098 437.0 951.951 0.26666668 4.0 4.0 4.0 4.0 0.0 0.21200001 0 TOUCH_DOWN h
1401701577447 6 4098 437.0 951.951 0.26666668 4.0 4.0 4.0 4.0 0.0 0.216 2 TOUCH_MOVE h
1401701577484 6 4098 436.5 951.3109 0.33333334 5.0 5.0 5.0 5.0 0.0 0.224 2 TOUCH_MOVE h
1401701577497 6 4098 435.8969 950.3479 0.33333334 5.0 5.0 5.0 5.0 0.0 0.22800002 2 TOUCH_MOVE h
1401701577531 6 4098 436.0 949.4666 0.33333334 5.0 5.0 5.0 5.0 0.0 0.22000001 2 TOUCH_MOVE h
1401701577547 6 4098 438.4941 946.4584 0.33333334 5.0 5.0 5.0 5.0 0.0 0.20400001 2 TOUCH_MOVE h
1401701577552 6 4098 438.5 946.451 0.3 5.0 5.0 5.0 5.0 0.0 0.18 2 TOUCH_MOVE h
1401701577555 6 4098 438.5 946.451 0.3 5.0 5.0 5.0 5.0 0.0 0.18 1 TOUCH_UP h
1401701577611 6 4098 80.0 932.951 0.20000002 4.0 4.0 4.0 4.0 0.0 0.18400002 0 TOUCH_DOWN a
1401701577645 6 4098 80.26942 932.951 0.23333335 4.0 4.0 4.0 4.0 0.0 0.192 2 TOUCH_MOVE a
1401701577650 6 4098 81.041534 932.951 0.26666668 4.0 4.0 4.0 4.0 0.0 0.2 2 TOUCH_MOVE a
1401701577681 6 4098 83.52241 932.951 0.26666668 4.0 4.0 4.0 4.0 0.0 0.20400001 2 TOUCH_MOVE a
1401701577690 6 4098 84.0 932.951 0.26666668 4.0 4.0 4.0 4.0 0.0 0.20400001 2 TOUCH_MOVE a
1401701577696 6 4098 629.0 837.451 0.26666668 4.0 4.0 4.0 4.0 0.0 0.20400001 0 TOUCH_DOWN o
1401701577697 6 4098 84.0 932.951 0.26666668 4.0 4.0 4.0 4.0 0.0 0.20400001 2 TOUCH_MOVE a
1401701577714 6 4098 628.0 837.451 0.26666668 4.0 4.0 4.0 4.0 0.0 0.21200001 2 TOUCH_MOVE o
1401701577717 6 4098 84.0 932.951 0.26666668 4.0 4.0 4.0 4.0 0.0 0.20400001 2 TOUCH_MOVE a
1401701577731 6 4098 628.0 837.451 0.26666668 4.0 4.0 4.0 4.0 0.0 0.21200001 2 TOUCH_MOVE o
1401701577733 6 4098 83.48353 932.951 0.23333335 4.0 4.0 4.0 4.0 0.0 0.192 2 TOUCH_MOVE a
1401701577742 6 4098 627.5 837.451 0.3 5.0 5.0 5.0 5.0 0.0 0.224 2 TOUCH_MOVE o
1401701577743 6 4098 82.0 933.451 0.20000002 4.0 4.0 4.0 4.0 0.0 0.17600001 2 TOUCH_MOVE a
1401701577746 6 4098 627.5 837.451 0.3 5.0 5.0 5.0 5.0 0.0 0.224 2 TOUCH_MOVE o
1401701577750 6 4098 82.0 933.451 0.20000002 4.0 4.0 4.0 4.0 0.0 0.17600001 1 TOUCH_UP a
1401701577773 6 4098 627.0 838.4672 0.3 5.0 5.0 5.0 5.0 0.0 0.224 2 TOUCH_MOVE o
1401701577781 6 4098 627.0 839.4092 0.3 5.0 5.0 5.0 5.0 0.0 0.22000001 2 TOUCH_MOVE o
1401701577793 6 4098 627.0 839.451 0.3 5.0 5.0 5.0 5.0 0.0 0.21200001 2 TOUCH_MOVE o
1401701577797 6 4098 627.0 839.451 0.3 5.0 5.0 5.0 5.0 0.0 0.21200001 1 TOUCH_UP o
1401701578566 6 4098 302.0 1225.4509 0.23333335 4.0 4.0 4.0 4.0 0.0 0.208 0 TOUCH_DOWN Space
1401701578586 6 4098 302.0 1225.4509 0.23333335 4.0 4.0 4.0 4.0 0.0 0.216 2 TOUCH_MOVE Space
1401701578615 6 4098 302.0 1224.3098 0.23333335 4.0 4.0 4.0 4.0 0.0 0.224 2 TOUCH_MOVE Space
1401701578632 6 4098 302.0 1223.3965 0.23333335 4.0 4.0 4.0 4.0 0.0 0.224 2 TOUCH_MOVE Space
1401701578650 6 4098 302.0 1222.7009 0.23333335 4.0 4.0 4.0 4.0 0.0 0.224 2 TOUCH_MOVE Space
1401701578677 6 4098 302.0 1222.9509 0.16666667 3.0 3.0 3.0 3.0 0.0 0.18400002 2 TOUCH_MOVE Space
1401701578680 6 4098 302.0 1222.9509 0.16666667 3.0 3.0 3.0 3.0 0.0 0.18400002 1 TOUCH_UP Space
1401701578764 6 4098 428.0 1093.4509 0.26666668 4.0 4.0 4.0 4.0 0.0 0.208 0 TOUCH_DOWN b
1401701578782 6 4098 428.0 1093.4509 0.26666668 4.0 4.0 4.0 4.0 0.0 0.21200001 2 TOUCH_MOVE b
1401701578827 6 4098 428.0 1094.0662 0.26666668 4.0 4.0 4.0 4.0 0.0 0.22000001 2 TOUCH_MOVE b
1401701578876 6 4098 428.0 1093.9509 0.26666668 5.0 5.0 5.0 5.0 0.0 0.16800001 2 TOUCH_MOVE b
1401701578880 6 4098 428.0 1093.9509 0.26666668 5.0 5.0 5.0 5.0 0.0 0.16800001 1 TOUCH_UP b
1401701578923 6 4098 75.5 938.451 0.23333335 5.0 5.0 5.0 5.0 0.0 0.18800001 0 TOUCH_DOWN a
1401701578949 6 4098 75.95183 938.451 0.20000002 4.0 4.0 4.0 4.0 0.0 0.19600001 2 TOUCH_MOVE a
1401701578965 6 4098 77.7365 937.58276 0.26666668 4.0 4.0 4.0 4.0 0.0 0.20400001 2 TOUCH_MOVE a
1401701578982 6 4098 79.32639 936.6246 0.26666668 4.0 4.0 4.0 4.0 0.0 0.208 2 TOUCH_MOVE a
1401701578999 6 4098 80.795364 935.65564 0.26666668 4.0 4.0 4.0 4.0 0.0 0.208 2 TOUCH_MOVE a
1401701579016 6 4098 81.7218 934.7292 0.26666668 4.0 4.0 4.0 4.0 0.0 0.208 2 TOUCH_MOVE a
1401701579066 6 4098 79.09809 934.951 0.23333335 5.0 5.0 5.0 5.0 0.0 0.18400002 2 TOUCH_MOVE a
1401701579075 6 4098 79.5 934.951 0.26666668 5.0 5.0 5.0 5.0 0.0 0.14 2 TOUCH_MOVE a
1401701579092 6 4098 79.5 934.951 0.26666668 5.0 5.0 5.0 5.0 0.0 0.14 1 TOUCH_UP a
1401701579132 6 4098 650.0 809.951 0.23333335 4.0 4.0 4.0 4.0 0.0 0.20400001 0 TOUCH_DOWN p
1401701579149 6 4098 650.0 809.951 0.26666668 4.0 4.0 4.0 4.0 0.0 0.208 2 TOUCH_MOVE p
1401701579166 6 4098 649.0762 810.8748 0.26666668 4.0 4.0 4.0 4.0 0.0 0.216 2 TOUCH_MOVE p
1401701579183 6 4098 647.6156 811.8354 0.3 5.0 5.0 5.0 5.0 0.0 0.22000001 2 TOUCH_MOVE p
1401701579199 6 4098 647.5 812.701 0.3 5.0 5.0 5.0 5.0 0.0 0.22000001 2 TOUCH_MOVE p
1401701579227 6 4098 647.5 812.701 0.3 5.0 5.0 5.0 5.0 0.0 0.22000001 1 TOUCH_UP p
1401701579431 6 4098 233.5 1234.4509 0.23333335 4.0 4.0 4.0 4.0 0.0 0.192 0 TOUCH_DOWN Space
1401701579458 6 4098 233.12363 1234.0746 0.23333335 4.0 4.0 4.0 4.0 0.0 0.2 2 TOUCH_MOVE Space
1401701579466 6 4098 232.5 1232.4521 0.23333335 4.0 4.0 4.0 4.0 0.0 0.21200001 2 TOUCH_MOVE Space
1401701579485 6 4098 232.5 1230.498 0.23333335 4.0 4.0 4.0 4.0 0.0 0.216 2 TOUCH_MOVE Space
1401701579500 6 4098 232.5 1229.3 0.23333335 4.0 4.0 4.0 4.0 0.0 0.21200001 2 TOUCH_MOVE Space
1401701579520 6 4098 232.5 1228.3016 0.23333335 4.0 4.0 4.0 4.0 0.0 0.216 2 TOUCH_MOVE Space
1401701579533 6 4098 232.5 1227.7009 0.23333335 4.0 4.0 4.0 4.0 0.0 0.216 2 TOUCH_MOVE Space
1401701579595 6 4098 232.0 1228.4509 0.20000002 3.0 3.0 3.0 3.0 0.0 0.18 2 TOUCH_MOVE Space
1401701579600 6 4098 232.0 1228.4509 0.20000002 3.0 3.0 3.0 3.0 0.0 0.18 1 TOUCH_UP Space
1401701579926 6 4098 686.5 1094.4509 0.20000002 3.0 3.0 3.0 3.0 0.0 0.192 0 TOUCH_DOWN Back
1401701579933 6 4098 686.5 1094.4509 0.23333335 4.0 4.0 4.0 4.0 0.0 0.2 2 TOUCH_MOVE Back
1401701579985 6 4098 686.5 1095.5387 0.26666668 4.0 4.0 4.0 4.0 0.0 0.20400001 2 TOUCH_MOVE Back
1401701580007 6 4098 686.5 1095.5387 0.26666668 4.0 4.0 4.0 4.0 0.0 0.20400001 1 TOUCH_UP Back
1401701580076 6 4098 691.0 1072.9509 0.16666667 3.0 3.0 3.0 3.0 0.0 0.18800001 0 TOUCH_DOWN Back
1401701580100 6 4098 691.0 1072.9509 0.20000002 3.0 3.0 3.0 3.0 0.0 0.2 2 TOUCH_MOVE Back
1401701580133 6 4098 689.42487 1071.6633 0.26666668 4.0 4.0 4.0 4.0 0.0 0.21200001 2 TOUCH_MOVE Back
1401701580150 6 4098 687.78705 1071.4509 0.23333335 4.0 4.0 4.0 4.0 0.0 0.21200001 2 TOUCH_MOVE Back
1401701580167 6 4098 687.0 1071.9509 0.23333335 4.0 4.0 4.0 4.0 0.0 0.192 2 TOUCH_MOVE Back
1401701580171 6 4098 687.0 1071.9509 0.23333335 4.0 4.0 4.0 4.0 0.0 0.192 1 TOUCH_UP Back
1401701580641 6 4098 625.5 813.951 0.3 5.0 5.0 5.0 5.0 0.0 0.21200001 0 TOUCH_DOWN o
1401701580650 6 4098 625.5 813.951 0.3 5.0 5.0 5.0 5.0 0.0 0.22000001 2 TOUCH_MOVE o
1401701580717 6 4098 625.9974 814.451 0.3 5.0 5.0 5.0 5.0 0.0 0.23200001 2 TOUCH_MOVE o
1401701580734 6 4098 626.55414 814.451 0.26666668 4.0 4.0 4.0 4.0 0.0 0.21200001 2 TOUCH_MOVE o
1401701580740 6 4098 626.55414 814.451 0.26666668 4.0 4.0 4.0 4.0 0.0 0.21200001 1 TOUCH_UP o
1401701580854 6 4098 248.5 1210.9509 0.20000002 3.0 3.0 3.0 3.0 0.0 0.21200001 0 TOUCH_DOWN Space
1401701580871 6 4098 248.5 1211.6163 0.23333335 4.0 4.0 4.0 4.0 0.0 0.224 2 TOUCH_MOVE Space
1401701580908 6 4098 249.58652 1213.5375 0.23333335 4.0 4.0 4.0 4.0 0.0 0.22800002 2 TOUCH_MOVE Space
1401701580996 6 4098 249.58652 1213.5375 0.23333335 4.0 4.0 4.0 4.0 0.0 0.22800002 1 TOUCH_UP Space
1401701581087 6 4098 433.5 1083.4509 0.20000002 4.0 4.0 4.0 4.0 0.0 0.2 0 TOUCH_DOWN b
1401701581102 6 4098 433.5 1083.4509 0.23333335 4.0 4.0 4.0 4.0 0.0 0.20400001 2 TOUCH_MOVE b
1401701581118 6 4098 433.5 1083.9867 0.26666668 4.0 4.0 4.0 4.0 0.0 0.21200001 2 TOUCH_MOVE b
1401701581148 6 4098 433.5 1085.0225 0.26666668 4.0 4.0 4.0 4.0 0.0 0.21200001 2 TOUCH_MOVE b
1401701581154 6 4098 433.5 1085.948 0.26666668 4.0 4.0 4.0 4.0 0.0 0.208 2 TOUCH_MOVE b
1401701581168 6 4098 433.0 1087.4602 0.20000002 3.0 3.0 3.0 3.0 0.0 0.116000004 2 TOUCH_MOVE b
1401701581175 6 4098 433.0 1087.4602 0.20000002 3.0 3.0 3.0 3.0 0.0 0.116000004 1 TOUCH_UP b
1401701581245 6 4098 76.0 916.951 0.16666667 3.0 3.0 3.0 3.0 0.0 0.192 0 TOUCH_DOWN a
1401701581270 6 4098 76.0 916.951 0.20000002 4.0 4.0 4.0 4.0 0.0 0.2 2 TOUCH_MOVE a
1401701581301 6 4098 76.70773 916.7432 0.20000002 4.0 4.0 4.0 4.0 0.0 0.208 2 TOUCH_MOVE a
1401701581318 6 4098 77.670494 916.451 0.20000002 4.0 4.0 4.0 4.0 0.0 0.20400001 2 TOUCH_MOVE a
1401701581335 6 4098 78.04972 916.451 0.20000002 4.0 4.0 4.0 4.0 0.0 0.208 2 TOUCH_MOVE a
1401701581384 6 4098 75.91105 916.451 0.16666667 3.0 3.0 3.0 3.0 0.0 0.18400002 2 TOUCH_MOVE a
1401701581396 6 4098 76.0 916.451 0.13333334 2.0 2.0 2.0 2.0 0.0 0.120000005 2 TOUCH_MOVE a
1401701581399 6 4098 76.0 916.451 0.13333334 2.0 2.0 2.0 2.0 0.0 0.120000005 1 TOUCH_UP a
1401701581452 6 4098 525.0 1074.9509 0.20000002 3.0 3.0 3.0 3.0 0.0 0.20400001 0 TOUCH_DOWN n
1401701581464 6 4098 525.0 1074.9509 0.23333335 4.0 4.0 4.0 4.0 0.0 0.21200001 2 TOUCH_MOVE n
1401701581501 6 4098 524.2471 1075.7039 0.26666668 4.0 4.0 4.0 4.0 0.0 0.224 2 TOUCH_MOVE n
1401701581518 6 4098 522.5529 1076.8981 0.26666668 4.0 4.0 4.0 4.0 0.0 0.22000001 2 TOUCH_MOVE n
1401701581535 6 4098 519.94305 1078.8223 0.23333335 4.0 4.0 4.0 4.0 0.0 0.20400001 2 TOUCH_MOVE n
1401701581543 6 4098 520.5 1078.4509 0.20000002 4.0 4.0 4.0 4.0 0.0 0.17600001 2 TOUCH_MOVE n
1401701581546 6 4098 520.5 1078.4509 0.20000002 4.0 4.0 4.0 4.0 0.0 0.17600001 1 TOUCH_UP n
1401701581736 6 4098 261.5 1229.4509 0.23333335 4.0 4.0 4.0 4.0 0.0 0.19600001 0 TOUCH_DOWN Space
1401701581759 6 4098 261.5 1229.4509 0.23333335 4.0 4.0 4.0 4.0 0.0 0.20400001 2 TOUCH_MOVE Space
1401701581785 6 4098 261.5 1228.9235 0.23333335 4.0 4.0 4.0 4.0 0.0 0.21200001 2 TOUCH_MOVE Space
1401701581842 6 4098 261.5 1227.4374 0.23333335 4.0 4.0 4.0 4.0 0.0 0.216 2 TOUCH_MOVE Space
1401701581863 6 4098 260.5 1227.4509 0.23333335 4.0 4.0 4.0 4.0 0.0 0.18400002 2 TOUCH_MOVE Space
1401701581868 6 4098 260.5 1227.4509 0.23333335 4.0 4.0 4.0 4.0 0.0 0.18400002 1 TOUCH_UP Space
1401701582271 6 4098 436.5 945.451 0.3 5.0 5.0 5.0 5.0 0.0 0.216 0 TOUCH_DOWN h
1401701582296 6 4098 436.5 945.451 0.3 5.0 5.0 5.0 5.0 0.0 0.22000001 2 TOUCH_MOVE h
1401701582366 6 4098 436.5 945.451 0.13333334 2.0 2.0 2.0 2.0 0.0 0.124000005 2 TOUCH_MOVE h
1401701582377 6 4098 436.5 945.451 0.13333334 2.0 2.0 2.0 2.0 0.0 0.124000005 1 TOUCH_UP h
1401701582498 6 4098 592.0 806.451 0.23333335 4.0 4.0 4.0 4.0 0.0 0.208 0 TOUCH_DOWN o
1401701582521 6 4098 590.9802 806.9609 0.26666668 4.0 4.0 4.0 4.0 0.0 0.22000001 2 TOUCH_MOVE o
1401701582537 6 4098 589.0349 807.93353 0.3 5.0 5.0 5.0 5.0 0.0 0.224 2 TOUCH_MOVE o
1401701582552 6 4098 587.1124 808.3948 0.3 5.0 5.0 5.0 5.0 0.0 0.224 2 TOUCH_MOVE o
1401701582569 6 4098 586.25 808.451 0.26666668 4.0 4.0 4.0 4.0 0.0 0.216 2 TOUCH_MOVE o
1401701582586 6 4098 586.25 808.451 0.26666668 4.0 4.0 4.0 4.0 0.0 0.216 1 TOUCH_UP o
1401701582698 6 4098 221.0 842.451 0.3 5.0 5.0 5.0 5.0 0.0 0.216 0 TOUCH_DOWN r
1401701582704 6 4098 221.0 842.451 0.3 5.0 5.0 5.0 5.0 0.0 0.22000001 2 TOUCH_MOVE r
1401701582752 6 4098 221.0 841.9509 0.3 5.0 5.0 5.0 5.0 0.0 0.23600002 2 TOUCH_MOVE r
1401701582769 6 4098 221.0 841.201 0.3 5.0 5.0 5.0 5.0 0.0 0.23200001 2 TOUCH_MOVE r
1401701582802 6 4098 220.60947 840.0605 0.3 5.0 5.0 5.0 5.0 0.0 0.22800002 2 TOUCH_MOVE r
1401701582828 6 4098 218.0 838.451 0.3 5.0 5.0 5.0 5.0 0.0 0.192 2 TOUCH_MOVE r
1401701582832 6 4098 218.0 838.451 0.3 5.0 5.0 5.0 5.0 0.0 0.192 1 TOUCH_UP r
1401701582915 6 4098 512.0 1083.4509 0.20000002 4.0 4.0 4.0 4.0 0.0 0.2 0 TOUCH_DOWN n
1401701582939 6 4098 512.2964 1083.4509 0.26666668 4.0 4.0 4.0 4.0 0.0 0.216 2 TOUCH_MOVE n
1401701582953 6 4098 513.0563 1083.4509 0.23333335 4.0 4.0 4.0 4.0 0.0 0.21200001 2 TOUCH_MOVE n
1401701582970 6 4098 514.0252 1083.4509 0.16666667 3.0 3.0 3.0 3.0 0.0 0.192 2 TOUCH_MOVE n
1401701582981 6 4098 516.5 1083.9509 0.13333334 2.0 2.0 2.0 2.0 0.0 0.17600001 2 TOUCH_MOVE n
1401701582985 6 4098 516.5 1083.9509 0.13333334 2.0 2.0 2.0 2.0 0.0 0.17600001 1 TOUCH_UP n
1401701583611 6 4098 704.5 1088.9509 0.16666667 3.0 3.0 3.0 3.0 0.0 0.192 0 TOUCH_DOWN Back
1401701583620 6 4098 704.5 1088.9509 0.16666667 3.0 3.0 3.0 3.0 0.0 0.2 2 TOUCH_MOVE Back
1401701583653 6 4098 702.5678 1090.4283 0.26666668 4.0 4.0 4.0 4.0 0.0 0.21200001 2 TOUCH_MOVE Back
1401701583670 6 4098 701.1015 1091.3494 0.23333335 4.0 4.0 4.0 4.0 0.0 0.208 2 TOUCH_MOVE Back
1401701583688 6 4098 700.75 1091.7009 0.23333335 4.0 4.0 4.0 4.0 0.0 0.208 2 TOUCH_MOVE Back
1401701583698 6 4098 700.75 1091.7009 0.23333335 4.0 4.0 4.0 4.0 0.0 0.208 1 TOUCH_UP Back
1401701583806 6 4098 690.5 1084.9509 0.16666667 3.0 3.0 3.0 3.0 0.0 0.2 0 TOUCH_DOWN Back
1401701583832 6 4098 690.5 1084.9509 0.23333335 4.0 4.0 4.0 4.0 0.0 0.20400001 2 TOUCH_MOVE Back
1401701583873 6 4098 689.99945 1085.4514 0.16666667 3.0 3.0 3.0 3.0 0.0 0.18800001 2 TOUCH_MOVE Back
1401701583888 6 4098 689.99945 1085.4514 0.16666667 3.0 3.0 3.0 3.0 0.0 0.18800001 1 TOUCH_UP Back
1401701584235 6 4098 693.0 1106.4509 0.23333335 5.0 5.0 5.0 5.0 0.0 0.19600001 0 TOUCH_DOWN Back
1401701584259 6 4098 693.0 1106.4509 0.23333335 5.0 5.0 5.0 5.0 0.0 0.2 2 TOUCH_MOVE Back
1401701584287 6 4098 693.0 1107.5659 0.3 5.0 5.0 5.0 5.0 0.0 0.21200001 2 TOUCH_MOVE Back
1401701584304 6 4098 691.92224 1108.0287 0.3 5.0 5.0 5.0 5.0 0.0 0.208 2 TOUCH_MOVE Back
1401701584320 6 4098 692.0 1108.4695 0.26666668 5.0 5.0 5.0 5.0 0.0 0.192 2 TOUCH_MOVE Back
1401701584326 6 4098 692.0 1108.4695 0.26666668 5.0 5.0 5.0 5.0 0.0 0.192 1 TOUCH_UP Back
1401701584833 6 4098 540.5 805.451 0.23333335 4.0 4.0 4.0 4.0 0.0 0.19600001 0 TOUCH_DOWN i
1401701584840 6 4098 540.5 805.451 0.23333335 4.0 4.0 4.0 4.0 0.0 0.20400001 2 TOUCH_MOVE i
1401701584871 6 4098 540.8243 806.77527 0.26666668 4.0 4.0 4.0 4.0 0.0 0.21200001 2 TOUCH_MOVE i
1401701584888 6 4098 541.0 807.73676 0.26666668 4.0 4.0 4.0 4.0 0.0 0.21200001 2 TOUCH_MOVE i
1401701584904 6 4098 541.0 808.6496 0.23333335 4.0 4.0 4.0 4.0 0.0 0.208 2 TOUCH_MOVE i
1401701584930 6 4098 541.0 808.6496 0.23333335 4.0 4.0 4.0 4.0 0.0 0.208 1 TOUCH_UP i
1401701584999 6 4098 196.5 821.451 0.26666668 4.0 4.0 4.0 4.0 0.0 0.208 0 TOUCH_DOWN e
1401701585088 6 4098 195.66884 821.1198 0.26666668 4.0 4.0 4.0 4.0 0.0 0.216 2 TOUCH_MOVE e
1401701585105 6 4098 194.71701 819.885 0.26666668 4.0 4.0 4.0 4.0 0.0 0.20400001 2 TOUCH_MOVE e
1401701585120 6 4098 193.0 817.451 0.13333334 2.0 2.0 2.0 2.0 0.0 0.164 2 TOUCH_MOVE e
1401701585124 6 4098 193.0 817.451 0.13333334 2.0 2.0 2.0 2.0 0.0 0.164 1 TOUCH_UP e
1401701585250 6 4098 509.5 1082.4509 0.20000002 4.0 4.0 4.0 4.0 0.0 0.19600001 0 TOUCH_DOWN n
1401701585320 6 4098 509.5 1082.4509 0.13333334 2.0 2.0 2.0 2.0 0.0 0.172 2 TOUCH_MOVE n
1401701585325 6 4098 509.5 1082.4509 0.13333334 2.0 2.0 2.0 2.0 0.0 0.172 1 TOUCH_UP n
1401701585812 6 4098 683.5 1211.4509 0.23333335 4.0 4.0 4.0 4.0 0.0 0.192 0 TOUCH_DOWN Enter
1401701585824 6 4098 683.5 1211.4509 0.23333335 4.0 4.0 4.0 4.0 0.0 0.2 2 TOUCH_MOVE Enter
1401701585848 6 4098 683.5 1212.2511 0.23333335 4.0 4.0 4.0 4.0 0.0 0.208 2 TOUCH_MOVE Enter
1401701585858 6 4098 682.84717 1212.4509 0.23333335 4.0 4.0 4.0 4.0 0.0 0.21200001 2 TOUCH_MOVE Enter
1401701585934 6 4098 683.5 1212.4509 0.16666667 3.0 3.0 3.0 3.0 0.0 0.108 2 TOUCH_MOVE Enter
1401701585939 6 4098 683.5 1212.4509 0.16666667 3.0 3.0 3.0 3.0 0.0 0.108 1 TOUCH_UP Enter
1401701586758 6 4098 454.5 966.951 0.20000002 4.0 4.0 4.0 4.0 0.0 0.192 0 TOUCH_DOWN H
1401701586778 6 4098 454.1904 966.951 0.20000002 4.0 4.0 4.0 4.0 0.0 0.19600001 2 TOUCH_MOVE H
1401701586790 6 4098 452.8286 966.951 0.23333335 5.0 5.0 5.0 5.0 0.0 0.2 2 TOUCH_MOVE H
1401701586828 6 4098 449.9889 966.951 0.23333335 5.0 5.0 5.0 5.0 0.0 0.192 2 TOUCH_MOVE H
1401701586853 6 4098 449.9889 966.951 0.23333335 5.0 5.0 5.0 5.0 0.0 0.192 1 TOUCH_UP H
1401701586971 6 4098 497.5 822.951 0.3 5.0 5.0 5.0 5.0 0.0 0.21200001 0 TOUCH_DOWN u
1401701586992 6 4098 497.5 822.951 0.33333334 5.0 5.0 5.0 5.0 0.0 0.224 2 TOUCH_MOVE u
1401701587023 6 4098 497.5 823.463 0.33333334 5.0 5.0 5.0 5.0 0.0 0.23600002 2 TOUCH_MOVE u
1401701587056 6 4098 499.47986 823.451 0.33333334 5.0 5.0 5.0 5.0 0.0 0.22800002 2 TOUCH_MOVE u
1401701587081 6 4098 502.5 822.451 0.13333334 2.0 2.0 2.0 2.0 0.0 0.14400001 2 TOUCH_MOVE u
1401701587085 6 4098 502.5 822.451 0.13333334 2.0 2.0 2.0 2.0 0.0 0.14400001 1 TOUCH_UP u
1401701587717 6 4098 264.5 1236.4509 0.20000002 4.0 4.0 4.0 4.0 0.0 0.19600001 0 TOUCH_DOWN Space
1401701587724 6 4098 264.5 1236.4509 0.20000002 4.0 4.0 4.0 4.0 0.0 0.2 2 TOUCH_MOVE Space
1401701587758 6 4098 264.5 1235.5067 0.23333335 5.0 5.0 5.0 5.0 0.0 0.20400001 2 TOUCH_MOVE Space
1401701587778 6 4098 264.5 1234.5181 0.23333335 5.0 5.0 5.0 5.0 0.0 0.20400001 2 TOUCH_MOVE Space
1401701587791 6 4098 264.5 1233.5796 0.23333335 5.0 5.0 5.0 5.0 0.0 0.20400001 2 TOUCH_MOVE Space
1401701587807 6 4098 264.5 1233.2009 0.23333335 5.0 5.0 5.0 5.0 0.0 0.20400001 2 TOUCH_MOVE Space
1401701587825 6 4098 264.5 1233.2009 0.23333335 5.0 5.0 5.0 5.0 0.0 0.20400001 1 TOUCH_UP Space
1401701587987 6 4098 379.0 1112.4509 0.33333334 5.0 5.0 5.0 5.0 0.0 0.23200001 0 TOUCH_DOWN v
1401701588011 6 4098 379.0 1112.4509 0.33333334 5.0 5.0 5.0 5.0 0.0 0.23600002 2 TOUCH_MOVE v
1401701588108 6 4098 379.0 1112.4509 0.26666668 5.0 5.0 5.0 5.0 0.0 0.16800001 2 TOUCH_MOVE v
1401701588112 6 4098 379.0 1112.4509 0.26666668 5.0 5.0 5.0 5.0 0.0 0.16800001 1 TOUCH_UP v
1401701588169 6 4098 650.5 808.951 0.23333335 4.0 4.0 4.0 4.0 0.0 0.2 0 TOUCH_DOWN p
1401701588178 6 4098 650.5 808.951 0.23333335 4.0 4.0 4.0 4.0 0.0 0.20400001 2 TOUCH_MOVE p
1401701588208 6 4098 648.67554 810.834 0.26666668 4.0 4.0 4.0 4.0 0.0 0.21200001 2 TOUCH_MOVE p
1401701588224 6 4098 645.78326 811.85657 0.26666668 4.0 4.0 4.0 4.0 0.0 0.21200001 2 TOUCH_MOVE p
1401701588241 6 4098 642.25757 812.451 0.26666668 4.0 4.0 4.0 4.0 0.0 0.208 2 TOUCH_MOVE p
1401701588247 6 4098 641.5 812.451 0.23333335 4.0 4.0 4.0 4.0 0.0 0.192 2 TOUCH_MOVE p
1401701588251 6 4098 641.5 812.451 0.23333335 4.0 4.0 4.0 4.0 0.0 0.192 1 TOUCH_UP p
1401701588361 6 4098 539.0 800.951 0.20000002 4.0 4.0 4.0 4.0 0.0 0.19600001 0 TOUCH_DOWN i
1401701588374 6 4098 539.0 800.951 0.23333335 4.0 4.0 4.0 4.0 0.0 0.20400001 2 TOUCH_MOVE i
1401701588391 6 4098 539.0 801.4641 0.23333335 4.0 4.0 4.0 4.0 0.0 0.20400001 2 TOUCH_MOVE i
1401701588408 6 4098 539.5038 802.4548 0.23333335 4.0 4.0 4.0 4.0 0.0 0.18800001 2 TOUCH_MOVE i
1401701588424 6 4098 539.5 802.451 0.23333335 4.0 4.0 4.0 4.0 0.0 0.164 2 TOUCH_MOVE i
1401701588429 6 4098 539.5 802.451 0.23333335 4.0 4.0 4.0 4.0 0.0 0.164 1 TOUCH_UP i
1401701589124 6 4098 694.5 1099.9509 0.20000002 4.0 4.0 4.0 4.0 0.0 0.20400001 0 TOUCH_DOWN Back
1401701589142 6 4098 694.5 1099.9509 0.26666668 4.0 4.0 4.0 4.0 0.0 0.208 2 TOUCH_MOVE Back
1401701589158 6 4098 694.1664 1100.4509 0.26666668 4.0 4.0 4.0 4.0 0.0 0.216 2 TOUCH_MOVE Back
1401701589176 6 4098 693.25 1101.2009 0.26666668 4.0 4.0 4.0 4.0 0.0 0.216 2 TOUCH_MOVE Back
1401701589205 6 4098 693.25 1101.2009 0.26666668 4.0 4.0 4.0 4.0 0.0 0.216 1 TOUCH_UP Back
1401701589289 6 4098 693.0 1096.9509 0.20000002 4.0 4.0 4.0 4.0 0.0 0.2 0 TOUCH_DOWN Back
1401701589296 6 4098 693.0 1097.2236 0.26666668 4.0 4.0 4.0 4.0 0.0 0.208 2 TOUCH_MOVE Back
1401701589309 6 4098 693.0 1097.6821 0.26666668 4.0 4.0 4.0 4.0 0.0 0.216 2 TOUCH_MOVE Back
1401701589326 6 4098 692.036 1098.4149 0.26666668 4.0 4.0 4.0 4.0 0.0 0.216 2 TOUCH_MOVE Back
1401701589342 6 4098 691.53186 1098.4509 0.26666668 4.0 4.0 4.0 4.0 0.0 0.216 2 TOUCH_MOVE Back
1401701589358 6 4098 691.2668 1098.4509 0.26666668 4.0 4.0 4.0 4.0 0.0 0.216 2 TOUCH_MOVE Back
1401701589369 6 4098 691.2668 1098.4509 0.26666668 4.0 4.0 4.0 4.0 0.0 0.216 1 TOUCH_UP Back
1401701589441 6 4098 687.0 1096.9509 0.26666668 4.0 4.0 4.0 4.0 0.0 0.20400001 0 TOUCH_DOWN Back
1401701589459 6 4098 687.0 1096.9509 0.26666668 4.0 4.0 4.0 4.0 0.0 0.208 2 TOUCH_MOVE Back
1401701589475 6 4098 687.0 1097.6813 0.26666668 4.0 4.0 4.0 4.0 0.0 0.216 2 TOUCH_MOVE Back
1401701589492 6 4098 687.0 1098.1772 0.26666668 4.0 4.0 4.0 4.0 0.0 0.216 2 TOUCH_MOVE Back
1401701589511 6 4098 687.0 1098.6871 0.26666668 4.0 4.0 4.0 4.0 0.0 0.216 2 TOUCH_MOVE Back
1401701589530 6 4098 687.0 1098.4509 0.23333335 4.0 4.0 4.0 4.0 0.0 0.18 2 TOUCH_MOVE Back
1401701589537 6 4098 687.0 1098.4509 0.23333335 4.0 4.0 4.0 4.0 0.0 0.18 1 TOUCH_UP Back
1401701589602 6 4098 680.0 1095.9509 0.26666668 4.0 4.0 4.0 4.0 0.0 0.208 0 TOUCH_DOWN Back
1401701589626 6 4098 680.0 1095.9509 0.26666668 4.0 4.0 4.0 4.0 0.0 0.21200001 2 TOUCH_MOVE Back
1401701589642 6 4098 680.0 1096.7225 0.3 5.0 5.0 5.0 5.0 0.0 0.224 2 TOUCH_MOVE Back
1401701589659 6 4098 679.7754 1097.4509 0.3 5.0 5.0 5.0 5.0 0.0 0.224 2 TOUCH_MOVE Back
1401701589676 6 4098 678.8128 1098.1381 0.3 5.0 5.0 5.0 5.0 0.0 0.22000001 2 TOUCH_MOVE Back
1401701589692 6 4098 679.0 1098.5297 0.26666668 4.0 4.0 4.0 4.0 0.0 0.216 2 TOUCH_MOVE Back
1401701589712 6 4098 679.0 1098.5297 0.26666668 4.0 4.0 4.0 4.0 0.0 0.216 1 TOUCH_UP Back
1401701590221 6 4098 49.0 963.951 0.16666667 3.0 3.0 3.0 3.0 0.0 0.18 0 TOUCH_DOWN a
1401701590263 6 4098 49.894115 963.5569 0.16666667 3.0 3.0 3.0 3.0 0.0 0.192 2 TOUCH_MOVE a
1401701590276 6 4098 51.37355 962.57745 0.20000002 3.0 3.0 3.0 3.0 0.0 0.192 2 TOUCH_MOVE a
1401701590295 6 4098 52.787064 961.66394 0.20000002 3.0 3.0 3.0 3.0 0.0 0.19600001 2 TOUCH_MOVE a
1401701590312 6 4098 53.75 961.451 0.20000002 3.0 3.0 3.0 3.0 0.0 0.19600001 2 TOUCH_MOVE a
1401701590342 6 4098 52.5 961.451 0.16666667 3.0 3.0 3.0 3.0 0.0 0.164 2 TOUCH_MOVE a
1401701590345 6 4098 52.5 961.451 0.16666667 3.0 3.0 3.0 3.0 0.0 0.164 1 TOUCH_UP a
1401701590511 6 4098 291.0 1227.4509 0.23333335 4.0 4.0 4.0 4.0 0.0 0.19600001 0 TOUCH_DOWN Space
1401701590546 6 4098 290.58295 1227.4509 0.23333335 4.0 4.0 4.0 4.0 0.0 0.2 2 TOUCH_MOVE Space
1401701590560 6 4098 290.133 1227.4509 0.23333335 4.0 4.0 4.0 4.0 0.0 0.20400001 2 TOUCH_MOVE Space
1401701590580 6 4098 289.76254 1227.4509 0.23333335 4.0 4.0 4.0 4.0 0.0 0.20400001 2 TOUCH_MOVE Space
1401701590595 6 4098 290.537 1227.4509 0.16666667 3.0 3.0 3.0 3.0 0.0 0.18800001 2 TOUCH_MOVE Space
1401701590604 6 4098 290.537 1227.4509 0.16666667 3.0 3.0 3.0 3.0 0.0 0.18800001 1 TOUCH_UP Space
1401701591181 6 4098 305.5 1130.4509 0.13333334 2.0 2.0 2.0 2.0 0.0 0.16800001 0 TOUCH_DOWN c
1401701591194 6 4098 305.5 1130.4509 0.13333334 2.0 2.0 2.0 2.0 0.0 0.148 2 TOUCH_MOVE c
1401701591206 6 4098 305.5 1130.4509 0.13333334 2.0 2.0 2.0 2.0 0.0 0.148 1 TOUCH_UP c
1401701591710 6 4098 667.5 1116.9509 0.3 5.0 5.0 5.0 5.0 0.0 0.192 0 TOUCH_DOWN Back
1401701591848 6 4098 667.5 1116.9509 0.3 5.0 5.0 5.0 5.0 0.0 0.192 1 TOUCH_UP Back
1401701591992 6 4098 380.0 1119.9509 0.3 5.0 5.0 5.0 5.0 0.0 0.216 0 TOUCH_DOWN v
1401701592015 6 4098 380.0 1119.9509 0.33333334 5.0 5.0 5.0 5.0 0.0 0.224 2 TOUCH_MOVE v
1401701592061 6 4098 380.0 1119.3811 0.33333334 5.0 5.0 5.0 5.0 0.0 0.24400002 2 TOUCH_MOVE v
1401701592109 6 4098 380.0 1119.4509 0.26666668 4.0 4.0 4.0 4.0 0.0 0.18400002 2 TOUCH_MOVE v
1401701592114 6 4098 380.0 1119.4509 0.26666668 4.0 4.0 4.0 4.0 0.0 0.18400002 1 TOUCH_UP v
1401701592248 6 4098 627.5 855.951 0.20000002 4.0 4.0 4.0 4.0 0.0 0.21200001 0 TOUCH_DOWN o
1401701592261 6 4098 627.5 855.951 0.26666668 5.0 5.0 5.0 5.0 0.0 0.224 2 TOUCH_MOVE o
1401701592295 6 4098 626.59827 855.951 0.3 5.0 5.0 5.0 5.0 0.0 0.23200001 2 TOUCH_MOVE o
1401701592311 6 4098 626.25 855.951 0.3 5.0 5.0 5.0 5.0 0.0 0.23200001 2 TOUCH_MOVE o
1401701592343 6 4098 626.5 855.951 0.26666668 5.0 5.0 5.0 5.0 0.0 0.2 2 TOUCH_MOVE o
1401701592348 6 4098 626.5 855.951 0.26666668 5.0 5.0 5.0 5.0 0.0 0.2 1 TOUCH_UP o
1401701592430 6 4098 551.0 807.951 0.3 5.0 5.0 5.0 5.0 0.0 0.216 0 TOUCH_DOWN i
1401701592445 6 4098 551.0 807.951 0.3 5.0 5.0 5.0 5.0 0.0 0.22000001 2 TOUCH_MOVE i
1401701592461 6 4098 550.49805 808.95294 0.3 5.0 5.0 5.0 5.0 0.0 0.23200001 2 TOUCH_MOVE i
1401701592489 6 4098 549.50323 809.94775 0.3 5.0 5.0 5.0 5.0 0.0 0.23600002 2 TOUCH_MOVE i
1401701592495 6 4098 549.0 810.91095 0.3 5.0 5.0 5.0 5.0 0.0 0.23200001 2 TOUCH_MOVE i
1401701592512 6 4098 549.0 811.451 0.3 5.0 5.0 5.0 5.0 0.0 0.22000001 2 TOUCH_MOVE i
1401701592517 6 4098 549.0 811.451 0.26666668 5.0 5.0 5.0 5.0 0.0 0.192 2 TOUCH_MOVE i
1401701592523 6 4098 549.0 811.451 0.26666668 5.0 5.0 5.0 5.0 0.0 0.192 1 TOUCH_UP i
1401701592959 6 4098 255.5 1227.4509 0.23333335 4.0 4.0 4.0 4.0 0.0 0.20400001 0 TOUCH_DOWN Space
1401701592981 6 4098 255.5 1227.4509 0.23333335 4.0 4.0 4.0 4.0 0.0 0.208 2 TOUCH_MOVE Space
1401701593012 6 4098 255.5 1226.8878 0.23333335 4.0 4.0 4.0 4.0 0.0 0.216 2 TOUCH_MOVE Space
1401701593030 6 4098 255.5 1226.3094 0.23333335 4.0 4.0 4.0 4.0 0.0 0.216 2 TOUCH_MOVE Space
1401701593077 6 4098 255.5 1226.3094 0.23333335 4.0 4.0 4.0 4.0 0.0 0.216 1 TOUCH_UP Space
1401701593237 6 4098 300.0 1079.9509 0.26666668 4.0 4.0 4.0 4.0 0.0 0.22800002 0 TOUCH_DOWN c
1401701593279 6 4098 300.0 1080.8563 0.33333334 5.0 5.0 5.0 5.0 0.0 0.24000001 2 TOUCH_MOVE c
1401701593295 6 4098 300.0 1082.1719 0.3 5.0 5.0 5.0 5.0 0.0 0.24400002 2 TOUCH_MOVE c
1401701593313 6 4098 300.0 1082.7009 0.33333334 5.0 5.0 5.0 5.0 0.0 0.24400002 2 TOUCH_MOVE c
1401701593338 6 4098 300.0 1082.4509 0.20000002 3.0 3.0 3.0 3.0 0.0 0.2 2 TOUCH_MOVE c
1401701593342 6 4098 300.0 1082.4509 0.20000002 3.0 3.0 3.0 3.0 0.0 0.2 1 TOUCH_UP c
1401701593436 6 4098 629.5 785.951 0.26666668 4.0 4.0 4.0 4.0 0.0 0.21200001 0 TOUCH_DOWN o
1401701593446 6 4098 629.5 785.951 0.3 5.0 5.0 5.0 5.0 0.0 0.22000001 2 TOUCH_MOVE o
1401701593521 6 4098 629.5 785.951 0.23333335 4.0 4.0 4.0 4.0 0.0 0.17600001 2 TOUCH_MOVE o
1401701593524 6 4098 629.5 785.951 0.23333335 4.0 4.0 4.0 4.0 0.0 0.17600001 1 TOUCH_UP o
1401701593679 6 4098 259.5 1224.9509 0.23333335 4.0 4.0 4.0 4.0 0.0 0.208 0 TOUCH_DOWN Space
1401701593716 6 4098 259.5 1224.9509 0.23333335 4.0 4.0 4.0 4.0 0.0 0.216 2 TOUCH_MOVE Space
1401701593746 6 4098 259.5 1224.374 0.26666668 5.0 5.0 5.0 5.0 0.0 0.22000001 2 TOUCH_MOVE Space
1401701593762 6 4098 259.5 1223.9232 0.26666668 5.0 5.0 5.0 5.0 0.0 0.224 2 TOUCH_MOVE Space
1401701593816 6 4098 259.5 1223.9509 0.20000002 3.0 3.0 3.0 3.0 0.0 0.18800001 2 TOUCH_MOVE Space
1401701593820 6 4098 259.5 1223.9509 0.20000002 3.0 3.0 3.0 3.0 0.0 0.18800001 1 TOUCH_UP Space
1401701594291 6 4098 493.0 1102.9509 0.26666668 4.0 4.0 4.0 4.0 0.0 0.21200001 0 TOUCH_DOWN n
1401701594315 6 4098 493.0 1102.9509 0.26666668 4.0 4.0 4.0 4.0 0.0 0.216 2 TOUCH_MOVE n
1401701594384 6 4098 491.09436 1099.9208 0.26666668 4.0 4.0 4.0 4.0 0.0 0.21200001 2 TOUCH_MOVE n
1401701594387 6 4098 490.0 1097.9509 0.23333335 4.0 4.0 4.0 4.0 0.0 0.192 2 TOUCH_MOVE n
1401701594390 6 4098 490.0 1097.9509 0.23333335 4.0 4.0 4.0 4.0 0.0 0.192 1 TOUCH_UP n
1401701594543 6 4098 336.0 950.951 0.3 5.0 5.0 5.0 5.0 0.0 0.216 0 TOUCH_DOWN g
1401701594548 6 4098 336.0 950.951 0.3 5.0 5.0 5.0 5.0 0.0 0.224 2 TOUCH_MOVE g
1401701594622 6 4098 336.0 950.951 0.26666668 4.0 4.0 4.0 4.0 0.0 0.18800001 2 TOUCH_MOVE g
1401701594627 6 4098 336.0 950.951 0.26666668 4.0 4.0 4.0 4.0 0.0 0.18800001 1 TOUCH_UP g
1401701594869 6 4098 415.0 825.451 0.3 5.0 5.0 5.0 5.0 0.0 0.22800002 0 TOUCH_DOWN y
1401701594880 6 4098 415.0 825.98846 0.3 5.0 5.0 5.0 5.0 0.0 0.23200001 2 TOUCH_MOVE y
1401701594914 6 4098 415.0 827.0537 0.33333334 5.0 5.0 5.0 5.0 0.0 0.24000001 2 TOUCH_MOVE y
1401701594930 6 4098 415.4652 827.9162 0.3 5.0 5.0 5.0 5.0 0.0 0.23600002 2 TOUCH_MOVE y
1401701594947 6 4098 421.27533 827.9204 0.3 5.0 5.0 5.0 5.0 0.0 0.192 2 TOUCH_MOVE y
1401701594952 6 4098 421.27533 827.9204 0.3 5.0 5.0 5.0 5.0 0.0 0.192 1 TOUCH_UP y
1401701595644 6 4098 685.0 1108.9509 0.3 5.0 5.0 5.0 5.0 0.0 0.2 0 TOUCH_DOWN Back
1401701595666 6 4098 685.0 1108.9509 0.3 5.0 5.0 5.0 5.0 0.0 0.208 2 TOUCH_MOVE Back
1401701595714 6 4098 685.0 1109.4983 0.3 5.0 5.0 5.0 5.0 0.0 0.22000001 2 TOUCH_MOVE Back
1401701595732 6 4098 685.0 1110.221 0.3 5.0 5.0 5.0 5.0 0.0 0.21200001 2 TOUCH_MOVE Back
1401701595738 6 4098 685.0 1110.4509 0.3 5.0 5.0 5.0 5.0 0.0 0.2 2 TOUCH_MOVE Back
1401701595741 6 4098 685.0 1110.4509 0.3 5.0 5.0 5.0 5.0 0.0 0.2 1 TOUCH_UP Back
1401701595796 6 4098 74.5 926.951 0.20000002 4.0 4.0 4.0 4.0 0.0 0.18800001 0 TOUCH_DOWN a
1401701595816 6 4098 74.5 926.951 0.20000002 4.0 4.0 4.0 4.0 0.0 0.19600001 2 TOUCH_MOVE a
1401701595835 6 4098 74.57098 928.022 0.26666668 4.0 4.0 4.0 4.0 0.0 0.208 2 TOUCH_MOVE a
1401701595848 6 4098 75.53554 928.9865 0.26666668 4.0 4.0 4.0 4.0 0.0 0.21200001 2 TOUCH_MOVE a
1401701595864 6 4098 76.48991 929.9409 0.26666668 4.0 4.0 4.0 4.0 0.0 0.21200001 2 TOUCH_MOVE a
1401701595881 6 4098 77.456764 930.9078 0.26666668 4.0 4.0 4.0 4.0 0.0 0.21200001 2 TOUCH_MOVE a
1401701595898 6 4098 78.0 931.87494 0.26666668 4.0 4.0 4.0 4.0 0.0 0.216 2 TOUCH_MOVE a
1401701595915 6 4098 78.0 932.201 0.26666668 4.0 4.0 4.0 4.0 0.0 0.21200001 2 TOUCH_MOVE a
1401701595932 6 4098 76.90798 932.247 0.26666668 4.0 4.0 4.0 4.0 0.0 0.20400001 2 TOUCH_MOVE a
1401701595946 6 4098 76.5 932.451 0.20000002 4.0 4.0 4.0 4.0 0.0 0.16000001 2 TOUCH_MOVE a
1401701595949 6 4098 76.5 932.451 0.20000002 4.0 4.0 4.0 4.0 0.0 0.16000001 1 TOUCH_UP a
1401701596071 6 4098 412.5 826.451 0.3 5.0 5.0 5.0 5.0 0.0 0.216 0 TOUCH_DOWN y
1401701596091 6 4098 412.5 826.451 0.3 5.0 5.0 5.0 5.0 0.0 0.22000001 2 TOUCH_MOVE y
1401701596148 6 4098 412.5 826.451 0.3 5.0 5.0 5.0 5.0 0.0 0.22000001 1 TOUCH_UP y
1401701596358 6 4098 289.0 1266.5 0.16666667 4.0 4.0 4.0 4.0 0.0 0.17600001 0 TOUCH_DOWN Space
1401701596365 6 4098 289.0 1264.7148 0.16666667 4.0 4.0 4.0 4.0 0.0 0.18400002 2 TOUCH_MOVE Space
1401701596387 6 4098 289.0 1257.6425 0.16666667 4.0 4.0 4.0 4.0 0.0 0.18800001 2 TOUCH_MOVE Space
1401701596398 6 4098 289.0 1253.3464 0.16666667 4.0 4.0 4.0 4.0 0.0 0.18800001 2 TOUCH_MOVE Space
1401701596416 6 4098 289.0 1251.7112 0.16666667 4.0 4.0 4.0 4.0 0.0 0.18800001 2 TOUCH_MOVE Space
1401701596432 6 4098 289.0 1251.2009 0.16666667 4.0 4.0 4.0 4.0 0.0 0.192 2 TOUCH_MOVE Space
1401701596468 6 4098 289.0 1251.2009 0.16666667 4.0 4.0 4.0 4.0 0.0 0.192 1 TOUCH_UP Space
1401701596908 6 4098 523.0 1081.4509 0.16666667 3.0 3.0 3.0 3.0 0.0 0.20400001 0 TOUCH_DOWN n
1401701596915 6 4098 523.0 1081.4509 0.23333335 4.0 4.0 4.0 4.0 0.0 0.21200001 2 TOUCH_MOVE n
1401701596973 6 4098 523.0 1081.9607 0.26666668 4.0 4.0 4.0 4.0 0.0 0.22800002 2 TOUCH_MOVE n
1401701597020 6 4098 523.0 1081.9509 0.20000002 4.0 4.0 4.0 4.0 0.0 0.17600001 2 TOUCH_MOVE n
1401701597023 6 4098 523.0 1081.9509 0.20000002 4.0 4.0 4.0 4.0 0.0 0.17600001 1 TOUCH_UP n
1401701597151 6 4098 360.0 952.951 0.3 5.0 5.0 5.0 5.0 0.0 0.224 0 TOUCH_DOWN g
1401701597182 6 4098 360.0 952.442 0.3 5.0 5.0 5.0 5.0 0.0 0.23200001 2 TOUCH_MOVE g
1401701597201 6 4098 360.0 951.701 0.3 5.0 5.0 5.0 5.0 0.0 0.23200001 2 TOUCH_MOVE g
1401701597245 6 4098 360.0 951.951 0.16666667 3.0 3.0 3.0 3.0 0.0 0.108 2 TOUCH_MOVE g
1401701597248 6 4098 360.0 951.951 0.16666667 3.0 3.0 3.0 3.0 0.0 0.108 1 TOUCH_UP g
1401701597302 6 4098 49.5 925.951 0.20000002 3.0 3.0 3.0 3.0 0.0 0.18400002 0 TOUCH_DOWN a
1401701597317 6 4098 49.5 925.951 0.20000002 3.0 3.0 3.0 3.0 0.0 0.18800001 2 TOUCH_MOVE a
1401701597350 6 4098 50.919426 925.951 0.20000002 3.0 3.0 3.0 3.0 0.0 0.2 2 TOUCH_MOVE a
1401701597366 6 4098 52.175774 925.951 0.20000002 3.0 3.0 3.0 3.0 0.0 0.2 2 TOUCH_MOVE a
1401701597387 6 4098 53.59074 925.951 0.20000002 3.0 3.0 3.0 3.0 0.0 0.20400001 2 TOUCH_MOVE a
1401701597400 6 4098 54.25 925.951 0.20000002 3.0 3.0 3.0 3.0 0.0 0.20400001 2 TOUCH_MOVE a
1401701597433 6 4098 53.5 925.951 0.20000002 3.0 3.0 3.0 3.0 0.0 0.18400002 2 TOUCH_MOVE a
1401701597439 6 4098 429.5 807.451 0.26666668 4.0 4.0 4.0 4.0 0.0 0.22800002 0 TOUCH_DOWN y
1401701597441 6 4098 53.5 925.951 0.20000002 3.0 3.0 3.0 3.0 0.0 0.18400002 2 TOUCH_MOVE a
1401701597454 6 4098 428.0 807.451 0.3 5.0 5.0 5.0 5.0 0.0 0.23600002 2 TOUCH_MOVE y
1401701597456 6 4098 53.0 925.951 0.20000002 3.0 3.0 3.0 3.0 0.0 0.120000005 2 TOUCH_MOVE a
1401701597457 6 4098 428.0 807.451 0.3 5.0 5.0 5.0 5.0 0.0 0.23600002 2 TOUCH_MOVE y
1401701597462 6 4098 53.0 925.951 0.20000002 3.0 3.0 3.0 3.0 0.0 0.120000005 1 TOUCH_UP a
1401701597505 6 4098 427.5 809.3274 0.33333334 5.0 5.0 5.0 5.0 0.0 0.24000001 2 TOUCH_MOVE y
1401701597516 6 4098 427.82727 809.951 0.3 5.0 5.0 5.0 5.0 0.0 0.23200001 2 TOUCH_MOVE y
1401701597532 6 4098 429.5 809.451 0.20000002 4.0 4.0 4.0 4.0 0.0 0.17600001 2 TOUCH_MOVE y
1401701597537 6 4098 429.5 809.451 0.20000002 4.0 4.0 4.0 4.0 0.0 0.17600001 1 TOUCH_UP y
1401701597880 6 4098 238.5 1203.9509 0.23333335 4.0 4.0 4.0 4.0 0.0 0.208 0 TOUCH_DOWN Space
1401701597890 6 4098 238.5 1203.9509 0.23333335 4.0 4.0 4.0 4.0 0.0 0.21200001 2 TOUCH_MOVE Space
1401701597933 6 4098 239.91757 1203.9509 0.23333335 4.0 4.0 4.0 4.0 0.0 0.22800002 2 TOUCH_MOVE Space
1401701597950 6 4098 240.25 1203.9509 0.23333335 4.0 4.0 4.0 4.0 0.0 0.22800002 2 TOUCH_MOVE Space
1401701597998 6 4098 240.0 1203.9509 0.16666667 3.0 3.0 3.0 3.0 0.0 0.18 2 TOUCH_MOVE Space
1401701598003 6 4098 240.0 1203.9509 0.16666667 3.0 3.0 3.0 3.0 0.0 0.18 1 TOUCH_UP Space
1401701598174 6 4098 301.0 1091.9509 0.26666668 4.0 4.0 4.0 4.0 0.0 0.23200001 0 TOUCH_DOWN c
1401701598199 6 4098 301.0 1092.1321 0.3 5.0 5.0 5.0 5.0 0.0 0.24000001 2 TOUCH_MOVE c
1401701598235 6 4098 303.23895 1094.6898 0.33333334 5.0 5.0 5.0 5.0 0.0 0.24800001 2 TOUCH_MOVE c
1401701598293 6 4098 303.0 1094.4509 0.20000002 3.0 3.0 3.0 3.0 0.0 0.192 2 TOUCH_MOVE c
1401701598297 6 4098 303.0 1094.4509 0.20000002 3.0 3.0 3.0 3.0 0.0 0.192 1 TOUCH_UP c
1401701598333 6 4098 443.5 938.951 0.33333334 5.0 5.0 5.0 5.0 0.0 0.20400001 0 TOUCH_DOWN h
1401701598433 6 4098 443.5 938.951 0.33333334 5.0 5.0 5.0 5.0 0.0 0.24000001 2 TOUCH_MOVE h
1401701598468 6 4098 443.95844 938.49255 0.3 5.0 5.0 5.0 5.0 0.0 0.216 2 TOUCH_MOVE h
1401701598483 6 4098 444.5 937.951 0.16666667 3.0 3.0 3.0 3.0 0.0 0.1 2 TOUCH_MOVE h
1401701598487 6 4098 444.5 937.951 0.16666667 3.0 3.0 3.0 3.0 0.0 0.1 1 TOUCH_UP h
1401701598516 6 4098 75.0 936.451 0.20000002 4.0 4.0 4.0 4.0 0.0 0.192 0 TOUCH_DOWN a
1401701598542 6 4098 75.0 936.451 0.26666668 4.0 4.0 4.0 4.0 0.0 0.2 2 TOUCH_MOVE a
1401701598553 6 4098 76.028336 935.9368 0.26666668 4.0 4.0 4.0 4.0 0.0 0.208 2 TOUCH_MOVE a
1401701598567 6 4098 79.04912 934.93463 0.26666668 4.0 4.0 4.0 4.0 0.0 0.208 2 TOUCH_MOVE a
1401701598584 6 4098 81.446075 933.97797 0.26666668 4.0 4.0 4.0 4.0 0.0 0.21200001 2 TOUCH_MOVE a
1401701598602 6 4098 82.92546 933.451 0.26666668 4.0 4.0 4.0 4.0 0.0 0.21200001 2 TOUCH_MOVE a
1401701598606 6 4098 83.5 933.451 0.26666668 4.0 4.0 4.0 4.0 0.0 0.21200001 2 TOUCH_MOVE a
1401701598613 6 4098 513.0 833.451 0.3 5.0 5.0 5.0 5.0 0.0 0.21200001 0 TOUCH_DOWN i
1401701598614 6 4098 83.5 933.451 0.26666668 4.0 4.0 4.0 4.0 0.0 0.21200001 2 TOUCH_MOVE a
1401701598645 6 4098 509.70987 832.951 0.33333334 5.0 5.0 5.0 5.0 0.0 0.22000001 2 TOUCH_MOVE i
1401701598646 6 4098 83.5 933.451 0.26666668 4.0 4.0 4.0 4.0 0.0 0.21200001 2 TOUCH_MOVE a
1401701598652 6 4098 507.12628 832.6597 0.3 5.0 5.0 5.0 5.0 0.0 0.23200001 2 TOUCH_MOVE i
1401701598653 6 4098 83.20876 933.74225 0.26666668 4.0 4.0 4.0 4.0 0.0 0.21200001 2 TOUCH_MOVE a
1401701598673 6 4098 504.49045 832.451 0.3 5.0 5.0 5.0 5.0 0.0 0.23200001 2 TOUCH_MOVE i
1401701598679 6 4098 80.48089 935.4606 0.26666668 5.0 5.0 5.0 5.0 0.0 0.192 2 TOUCH_MOVE a
1401701598680 6 4098 504.0 832.451 0.3 5.0 5.0 5.0 5.0 0.0 0.23200001 2 TOUCH_MOVE i
1401701598682 6 4098 79.5 935.951 0.23333335 5.0 5.0 5.0 5.0 0.0 0.17600001 2 TOUCH_MOVE a
1401701598683 6 4098 503.0 832.951 0.3 5.0 5.0 5.0 5.0 0.0 0.23200001 2 TOUCH_MOVE i
1401701598687 6 4098 79.5 935.951 0.23333335 5.0 5.0 5.0 5.0 0.0 0.17600001 1 TOUCH_UP a
1401701598709 6 4098 502.5 833.451 0.3 5.0 5.0 5.0 5.0 0.0 0.22800002 2 TOUCH_MOVE i
1401701598713 6 4098 502.5 833.451 0.3 5.0 5.0 5.0 5.0 0.0 0.22800002 1 TOUCH_UP i
1401701599369 6 4098 681.0 1102.4509 0.3 5.0 5.0 5.0 5.0 0.0 0.192 0 TOUCH_DOWN Back
1401701599393 6 4098 680.69275 1103.1045 0.33333334 5.0 5.0 5.0 5.0 0.0 0.216 2 TOUCH_MOVE Back
1401701599401 6 4098 678.6436 1104.8074 0.33333334 5.0 5.0 5.0 5.0 0.0 0.224 2 TOUCH_MOVE Back
1401701599418 6 4098 676.23883 1105.5815 0.33333334 5.0 5.0 5.0 5.0 0.0 0.224 2 TOUCH_MOVE Back
1401701599437 6 4098 675.4126 1106.5383 0.33333334 5.0 5.0 5.0 5.0 0.0 0.22800002 2 TOUCH_MOVE Back
1401701599451 6 4098 675.5 1107.4688 0.33333334 5.0 5.0 5.0 5.0 0.0 0.22800002 2 TOUCH_MOVE Back
1401701599468 6 4098 675.5 1108.2009 0.33333334 5.0 5.0 5.0 5.0 0.0 0.224 2 TOUCH_MOVE Back
1401701599486 6 4098 675.5 1108.5739 0.33333334 5.0 5.0 5.0 5.0 0.0 0.21200001 2 TOUCH_MOVE Back
1401701599501 6 4098 675.5 1108.5739 0.33333334 5.0 5.0 5.0 5.0 0.0 0.21200001 1 TOUCH_UP Back
1401701599871 6 4098 559.5 826.451 0.33333334 5.0 5.0 5.0 5.0 0.0 0.208 0 TOUCH_DOWN i
1401701599948 6 4098 559.5 826.451 0.33333334 5.0 5.0 5.0 5.0 0.0 0.17600001 2 TOUCH_MOVE i
1401701599953 6 4098 559.5 826.451 0.33333334 5.0 5.0 5.0 5.0 0.0 0.17600001 1 TOUCH_UP i
1401701600331 6 4098 686.5 1076.4509 0.23333335 4.0 4.0 4.0 4.0 0.0 0.2 0 TOUCH_DOWN Back
1401701600336 6 4098 686.5 1076.4509 0.23333335 4.0 4.0 4.0 4.0 0.0 0.20400001 2 TOUCH_MOVE Back
1401701600386 6 4098 685.93317 1076.4509 0.23333335 4.0 4.0 4.0 4.0 0.0 0.22000001 2 TOUCH_MOVE Back
1401701600419 6 4098 685.5 1076.4509 0.23333335 4.0 4.0 4.0 4.0 0.0 0.21200001 2 TOUCH_MOVE Back
1401701600424 6 4098 685.5 1076.4509 0.20000002 4.0 4.0 4.0 4.0 0.0 0.18800001 2 TOUCH_MOVE Back
1401701600429 6 4098 685.5 1076.4509 0.20000002 4.0 4.0 4.0 4.0 0.0 0.18800001 1 TOUCH_UP Back
1401701600977 6 4098 485.0 813.451 0.26666668 4.0 4.0 4.0 4.0 0.0 0.224 0 TOUCH_DOWN u
1401701600986 6 4098 485.0 813.451 0.3 5.0 5.0 5.0 5.0 0.0 0.23200001 2 TOUCH_MOVE u
1401701601037 6 4098 485.0 814.4995 0.33333334 5.0 5.0 5.0 5.0 0.0 0.24400002 2 TOUCH_MOVE u
1401701601053 6 4098 485.50632 814.451 0.3 5.0 5.0 5.0 5.0 0.0 0.23600002 2 TOUCH_MOVE u
1401701601070 6 4098 486.5 814.951 0.3 5.0 5.0 5.0 5.0 0.0 0.224 2 TOUCH_MOVE u
1401701601073 6 4098 486.5 814.951 0.3 5.0 5.0 5.0 5.0 0.0 0.192 2 TOUCH_MOVE u
1401701601077 6 4098 486.5 814.951 0.3 5.0 5.0 5.0 5.0 0.0 0.192 1 TOUCH_UP u
1401701601114 6 4098 248.0 1220.9509 0.23333335 4.0 4.0 4.0 4.0 0.0 0.216 0 TOUCH_DOWN Space
1401701601136 6 4098 248.0 1220.9509 0.23333335 4.0 4.0 4.0 4.0 0.0 0.22000001 2 TOUCH_MOVE Space
1401701601157 6 4098 249.07513 1220.6633 0.26666668 5.0 5.0 5.0 5.0 0.0 0.22800002 2 TOUCH_MOVE Space
1401701601185 6 4098 250.99358 1219.7041 0.26666668 5.0 5.0 5.0 5.0 0.0 0.22800002 2 TOUCH_MOVE Space
1401701601203 6 4098 253.6457 1217.9509 0.26666668 5.0 5.0 5.0 5.0 0.0 0.22800002 2 TOUCH_MOVE Space
1401701601220 6 4098 254.63893 1217.312 0.26666668 5.0 5.0 5.0 5.0 0.0 0.22800002 2 TOUCH_MOVE Space
1401701601281 6 4098 254.5 1217.4509 0.16666667 3.0 3.0 3.0 3.0 0.0 0.18 2 TOUCH_MOVE Space
1401701601285 6 4098 254.5 1217.4509 0.16666667 3.0 3.0 3.0 3.0 0.0 0.18 1 TOUCH_UP Space
1401701601341 6 4098 527.5 1082.4509 0.16666667 3.0 3.0 3.0 3.0 0.0 0.20400001 0 TOUCH_DOWN n
1401701601353 6 4098 527.5 1082.4509 0.20000002 4.0 4.0 4.0 4.0 0.0 0.208 2 TOUCH_MOVE n
1401701601387 6 4098 526.7497 1083.7013 0.23333335 4.0 4.0 4.0 4.0 0.0 0.216 2 TOUCH_MOVE n
1401701601403 6 4098 525.7673 1083.9509 0.23333335 4.0 4.0 4.0 4.0 0.0 0.21200001 2 TOUCH_MOVE n
1401701601430 6 4098 524.83765 1083.9509 0.23333335 4.0 4.0 4.0 4.0 0.0 0.208 2 TOUCH_MOVE n
1401701601437 6 4098 524.5 1083.9509 0.20000002 4.0 4.0 4.0 4.0 0.0 0.18 2 TOUCH_MOVE n
1401701601441 6 4098 524.5 1083.9509 0.20000002 4.0 4.0 4.0 4.0 0.0 0.18 1 TOUCH_UP n
1401701601593 6 4098 365.5 942.951 0.26666668 5.0 5.0 5.0 5.0 0.0 0.21200001 0 TOUCH_DOWN g
1401701601656 6 4098 369.5 941.451 0.3 5.0 5.0 5.0 5.0 0.0 0.19600001 2 TOUCH_MOVE g
1401701601662 6 4098 369.5 941.451 0.16666667 3.0 3.0 3.0 3.0 0.0 0.108 2 TOUCH_MOVE g
1401701601666 6 4098 369.5 941.451 0.16666667 3.0 3.0 3.0 3.0 0.0 0.108 1 TOUCH_UP g
1401701601809 6 4098 620.0 824.951 0.33333334 5.0 5.0 5.0 5.0 0.0 0.21200001 0 TOUCH_DOWN o
1401701601821 6 4098 620.0 824.951 0.33333334 5.0 5.0 5.0 5.0 0.0 0.22000001 2 TOUCH_MOVE o
1401701601860 6 4098 620.0 825.6844 0.33333334 5.0 5.0 5.0 5.0 0.0 0.23200001 2 TOUCH_MOVE o
1401701601871 6 4098 620.0 826.6688 0.33333334 5.0 5.0 5.0 5.0 0.0 0.23200001 2 TOUCH_MOVE o
1401701601896 6 4098 620.0 826.451 0.3 5.0 5.0 5.0 5.0 0.0 0.2 2 TOUCH_MOVE o
1401701601901 6 4098 620.0 826.451 0.3 5.0 5.0 5.0 5.0 0.0 0.2 1 TOUCH_UP o
1401701601961 6 4098 83.0 953.951 0.26666668 4.0 4.0 4.0 4.0 0.0 0.19600001 0 TOUCH_DOWN a
1401701601993 6 4098 83.92812 953.48694 0.26666668 4.0 4.0 4.0 4.0 0.0 0.20400001 2 TOUCH_MOVE a
1401701602021 6 4098 90.08284 949.59 0.3 5.0 5.0 5.0 5.0 0.0 0.216 2 TOUCH_MOVE a
1401701602040 6 4098 91.312355 948.6386 0.3 5.0 5.0 5.0 5.0 0.0 0.21200001 2 TOUCH_MOVE a
1401701602057 6 4098 91.75 948.201 0.33333334 5.0 5.0 5.0 5.0 0.0 0.216 2 TOUCH_MOVE a
1401701602087 6 4098 90.15807 948.451 0.26666668 4.0 4.0 4.0 4.0 0.0 0.20400001 2 TOUCH_MOVE a
1401701602096 6 4098 89.0 948.451 0.23333335 4.0 4.0 4.0 4.0 0.0 0.18800001 2 TOUCH_MOVE a
1401701602099 6 4098 89.0 948.451 0.23333335 4.0 4.0 4.0 4.0 0.0 0.18800001 1 TOUCH_UP a
1401701602864 6 4098 516.0 1085.4509 0.20000002 4.0 4.0 4.0 4.0 0.0 0.19600001 0 TOUCH_DOWN n
1401701602874 6 4098 516.0 1085.4509 0.23333335 4.0 4.0 4.0 4.0 0.0 0.208 2 TOUCH_MOVE n
1401701602905 6 4098 517.4041 1085.4509 0.26666668 4.0 4.0 4.0 4.0 0.0 0.224 2 TOUCH_MOVE n
1401701602923 6 4098 518.3864 1085.4509 0.26666668 4.0 4.0 4.0 4.0 0.0 0.22800002 2 TOUCH_MOVE n
1401701602938 6 4098 520.1126 1085.4509 0.26666668 4.0 4.0 4.0 4.0 0.0 0.224 2 TOUCH_MOVE n
1401701602958 6 4098 520.5 1085.4509 0.13333334 2.0 2.0 2.0 2.0 0.0 0.17600001 2 TOUCH_MOVE n
1401701602962 6 4098 520.5 1085.4509 0.13333334 2.0 2.0 2.0 2.0 0.0 0.17600001 1 TOUCH_UP n
1401701603270 6 4098 512.0 1201.9509 0.23333335 4.0 4.0 4.0 4.0 0.0 0.208 0 TOUCH_DOWN .
1401701603285 6 4098 512.0 1202.0219 0.26666668 5.0 5.0 5.0 5.0 0.0 0.21200001 2 TOUCH_MOVE .
1401701603312 6 4098 509.5826 1203.9097 0.26666668 5.0 5.0 5.0 5.0 0.0 0.22000001 2 TOUCH_MOVE .
1401701603324 6 4098 508.53198 1204.4509 0.26666668 5.0 5.0 5.0 5.0 0.0 0.22000001 2 TOUCH_MOVE .
1401701603338 6 4098 508.25 1204.4509 0.26666668 5.0 5.0 5.0 5.0 0.0 0.224 2 TOUCH_MOVE .
1401701603360 6 4098 508.5 1204.4509 0.20000002 4.0 4.0 4.0 4.0 0.0 0.16800001 2 TOUCH_MOVE .
1401701603364 6 4098 508.5 1204.4509 0.20000002 4.0 4.0 4.0 4.0 0.0 0.16800001 1 TOUCH_UP .
