1401701173129 6 4098 153.0 964.451 0.20000002 4.0 4.0 4.0 4.0 0.0 0.2 0 TOUCH_DOWN S
1401701173137 6 4098 153.0 964.451 0.23333335 4.0 4.0 4.0 4.0 0.0 0.20400001 2 TOUCH_MOVE S
1401701173202 6 4098 153.0 964.451 0.23333335 4.0 4.0 4.0 4.0 0.0 0.20400001 1 TOUCH_UP S
1401701173282 6 4098 56.5 977.951 0.20000002 3.0 3.0 3.0 3.0 0.0 0.19600001 0 TOUCH_DOWN a
1401701173304 6 4098 56.5 977.951 0.20000002 3.0 3.0 3.0 3.0 0.0 0.2 2 TOUCH_MOVE a
1401701173336 6 4098 56.5 977.951 0.20000002 3.0 3.0 3.0 3.0 0.0 0.2 1 TOUCH_UP a
1401701174422 6 4098 492.5 1100.9509 0.26666668 4.0 4.0 4.0 4.0 0.0 0.192 0 TOUCH_DOWN n
1401701174438 6 4098 492.5 1100.9509 0.23333335 4.0 4.0 4.0 4.0 0.0 0.19600001 2 TOUCH_MOVE n
1401701174472 6 4098 492.0 1100.4077 0.23333335 4.0 4.0 4.0 4.0 0.0 0.18400002 2 TOUCH_MOVE n
1401701174477 6 4098 492.0 1100.4077 0.23333335 4.0 4.0 4.0 4.0 0.0 0.18400002 1 TOUCH_UP n
1401701174604 6 4098 371.0 966.451 0.20000002 4.0 4.0 4.0 4.0 0.0 0.2 0 TOUCH_DOWN g
1401701174652 6 4098 371.0 966.451 0.20000002 4.0 4.0 4.0 4.0 0.0 0.2 1 TOUCH_UP g
1401701174784 6 4098 318.5 1200.4509 0.20000002 4.0 4.0 4.0 4.0 0.0 0.19600001 0 TOUCH_DOWN Space
1401701174834 6 4098 318.5 1200.4509 0.20000002 4.0 4.0 4.0 4.0 0.0 0.19600001 1 TOUCH_UP Space
1401701175025 6 4098 337.5 832.951 0.3 5.0 5.0 5.0 5.0 0.0 0.208 0 TOUCH_DOWN t
1401701175074 6 4098 337.5 833.48285 0.26666668 4.0 4.0 4.0 4.0 0.0 0.18800001 2 TOUCH_MOVE t
1401701175086 6 4098 337.5 833.48285 0.26666668 4.0 4.0 4.0 4.0 0.0 0.18800001 1 TOUCH_UP t
1401701175195 6 4098 425.5 994.451 0.26666668 5.0 5.0 5.0 5.0 0.0 0.192 0 TOUCH_DOWN h
1401701175205 6 4098 425.5 994.451 0.23333335 4.0 4.0 4.0 4.0 0.0 0.19600001 2 TOUCH_MOVE h
1401701175239 6 4098 425.80774 992.5278 0.26666668 4.0 4.0 4.0 4.0 0.0 0.192 2 TOUCH_MOVE h
1401701175245 6 4098 426.0 991.951 0.23333335 4.0 4.0 4.0 4.0 0.0 0.18 2 TOUCH_MOVE h
1401701175254 6 4098 426.0 991.951 0.23333335 4.0 4.0 4.0 4.0 0.0 0.18 1 TOUCH_UP h
1401701175339 6 4098 475.5 816.951 0.20000002 4.0 4.0 4.0 4.0 0.0 0.19600001 0 TOUCH_DOWN u
1401701175389 6 4098 475.5 818.8317 0.20000002 4.0 4.0 4.0 4.0 0.0 0.18800001 2 TOUCH_MOVE u
1401701175401 6 4098 475.5 818.951 0.13333334 2.0 2.0 2.0 2.0 0.0 0.112 2 TOUCH_MOVE u
1401701175404 6 4098 475.5 818.951 0.13333334 2.0 2.0 2.0 2.0 0.0 0.112 1 TOUCH_UP u
1401701175568 6 4098 346.5 1206.4509 0.20000002 3.0 3.0 3.0 3.0 0.0 0.18800001 0 TOUCH_DOWN Space
1401701175572 6 4098 346.5 1206.4509 0.23333335 4.0 4.0 4.0 4.0 0.0 0.192 2 TOUCH_MOVE Space
1401701175644 6 4098 347.0 1205.4509 0.13333334 2.0 2.0 2.0 2.0 0.0 0.17600001 2 TOUCH_MOVE Space
1401701175647 6 4098 347.0 1205.4509 0.13333334 2.0 2.0 2.0 2.0 0.0 0.17600001 1 TOUCH_UP Space
1401701175787 6 4098 458.5 967.951 0.20000002 4.0 4.0 4.0 4.0 0.0 0.192 0 TOUCH_DOWN h
1401701175809 6 4098 458.5 967.951 0.20000002 4.0 4.0 4.0 4.0 0.0 0.19600001 2 TOUCH_MOVE h
1401701175824 6 4098 456.95694 967.42944 0.20000002 4.0 4.0 4.0 4.0 0.0 0.19600001 2 TOUCH_MOVE h
1401701175840 6 4098 455.1081 966.505 0.20000002 4.0 4.0 4.0 4.0 0.0 0.2 2 TOUCH_MOVE h
1401701175856 6 4098 453.26407 966.863 0.20000002 4.0 4.0 4.0 4.0 0.0 0.18800001 2 TOUCH_MOVE h
1401701175861 6 4098 453.0 966.951 0.23333335 5.0 5.0 5.0 5.0 0.0 0.16000001 2 TOUCH_MOVE h
1401701175864 6 4098 453.0 966.951 0.23333335 5.0 5.0 5.0 5.0 0.0 0.16000001 1 TOUCH_UP h
1401701176033 6 4098 43.0 971.451 0.16666667 3.0 3.0 3.0 3.0 0.0 0.19600001 0 TOUCH_DOWN a
1401701176063 6 4098 43.0 971.451 0.16666667 3.0 3.0 3.0 3.0 0.0 0.19600001 1 TOUCH_UP a
1401701176293 6 4098 540.0 830.951 0.3 5.0 5.0 5.0 5.0 0.0 0.19600001 0 TOUCH_DOWN i
1401701176306 6 4098 540.0 830.951 0.3 5.0 5.0 5.0 5.0 0.0 0.2 2 TOUCH_MOVE i
1401701176355 6 4098 540.0 830.951 0.23333335 4.0 4.0 4.0 4.0 0.0 0.17600001 2 TOUCH_MOVE i
1401701176362 6 4098 540.0 830.951 0.23333335 4.0 4.0 4.0 4.0 0.0 0.17600001 1 TOUCH_UP i
1401701176505 6 4098 333.5 1218.9509 0.26666668 5.0 5.0 5.0 5.0 0.0 0.192 0 TOUCH_DOWN Space
1401701176530 6 4098 333.20047 1218.9509 0.26666668 5.0 5.0 5.0 5.0 0.0 0.19600001 2 TOUCH_MOVE Space
1401701176540 6 4098 332.8806 1218.9509 0.26666668 5.0 5.0 5.0 5.0 0.0 0.19600001 2 TOUCH_MOVE Space
1401701176557 6 4098 332.8806 1218.9509 0.26666668 5.0 5.0 5.0 5.0 0.0 0.19600001 1 TOUCH_UP Space
1401701176731 6 4098 639.0 968.451 0.16666667 3.0 3.0 3.0 3.0 0.0 0.192 0 TOUCH_DOWN l
1401701176772 6 4098 638.13 968.451 0.16666667 3.0 3.0 3.0 3.0 0.0 0.192 2 TOUCH_MOVE l
1401701176802 6 4098 637.5 968.451 0.16666667 3.0 3.0 3.0 3.0 0.0 0.192 2 TOUCH_MOVE l
1401701176807 6 4098 637.5 968.451 0.16666667 3.0 3.0 3.0 3.0 0.0 0.192 1 TOUCH_UP l
1401701176994 6 4098 66.0 989.451 0.23333335 4.0 4.0 4.0 4.0 0.0 0.208 0 TOUCH_DOWN a
1401701177042 6 4098 66.0 989.451 0.23333335 4.0 4.0 4.0 4.0 0.0 0.208 1 TOUCH_UP a
1401701177188 6 4098 311.5 1233.9509 0.20000002 3.0 3.0 3.0 3.0 0.0 0.18400002 0 TOUCH_DOWN Space
1401701177241 6 4098 311.5 1232.6786 0.20000002 3.0 3.0 3.0 3.0 0.0 0.18400002 2 TOUCH_MOVE Space
1401701177248 6 4098 311.5 1232.4509 0.20000002 3.0 3.0 3.0 3.0 0.0 0.18 2 TOUCH_MOVE Space
1401701177252 6 4098 311.5 1232.4509 0.20000002 3.0 3.0 3.0 3.0 0.0 0.18 1 TOUCH_UP Space
1401701177417 6 4098 172.0 968.451 0.20000002 4.0 4.0 4.0 4.0 0.0 0.2 0 TOUCH_DOWN s
1401701177426 6 4098 172.0 968.451 0.20000002 4.0 4.0 4.0 4.0 0.0 0.20400001 2 TOUCH_MOVE s
1401701177459 6 4098 172.0 968.451 0.20000002 4.0 4.0 4.0 4.0 0.0 0.20400001 1 TOUCH_UP s
1401701177564 6 4098 48.0 969.951 0.16666667 3.0 3.0 3.0 3.0 0.0 0.19600001 0 TOUCH_DOWN a
1401701177614 6 4098 48.0 969.951 0.16666667 3.0 3.0 3.0 3.0 0.0 0.19600001 1 TOUCH_UP a
1401701177837 6 4098 517.0 1097.4509 0.23333335 4.0 4.0 4.0 4.0 0.0 0.192 0 TOUCH_DOWN n
1401701177858 6 4098 517.0 1097.4509 0.23333335 4.0 4.0 4.0 4.0 0.0 0.19600001 2 TOUCH_MOVE n
1401701177875 6 4098 516.1681 1097.4509 0.23333335 4.0 4.0 4.0 4.0 0.0 0.19600001 2 TOUCH_MOVE n
1401701177893 6 4098 515.5 1097.1503 0.23333335 4.0 4.0 4.0 4.0 0.0 0.19600001 2 TOUCH_MOVE n
1401701177906 6 4098 515.5 1096.9509 0.20000002 4.0 4.0 4.0 4.0 0.0 0.156 2 TOUCH_MOVE n
1401701177910 6 4098 515.5 1096.9509 0.20000002 4.0 4.0 4.0 4.0 0.0 0.156 1 TOUCH_UP n
1401701178045 6 4098 375.5 954.451 0.26666668 4.0 4.0 4.0 4.0 0.0 0.2 0 TOUCH_DOWN g
1401701178058 6 4098 375.5 954.451 0.26666668 4.0 4.0 4.0 4.0 0.0 0.20400001 2 TOUCH_MOVE g
1401701178093 6 4098 375.5 954.451 0.26666668 4.0 4.0 4.0 4.0 0.0 0.20400001 1 TOUCH_UP g
1401701178211 6 4098 347.5 1220.4509 0.20000002 3.0 3.0 3.0 3.0 0.0 0.18400002 0 TOUCH_DOWN Space
1401701178229 6 4098 347.5 1220.4509 0.20000002 3.0 3.0 3.0 3.0 0.0 0.18800001 2 TOUCH_MOVE Space
1401701178241 6 4098 346.99756 1220.4509 0.23333335 4.0 4.0 4.0 4.0 0.0 0.192 2 TOUCH_MOVE Space
1401701178281 6 4098 345.0 1218.4509 0.23333335 4.0 4.0 4.0 4.0 0.0 0.18 2 TOUCH_MOVE Space
1401701178284 6 4098 345.0 1218.4509 0.23333335 4.0 4.0 4.0 4.0 0.0 0.18 1 TOUCH_UP Space
1401701178452 6 4098 203.5 973.451 0.20000002 4.0 4.0 4.0 4.0 0.0 0.2 0 TOUCH_DOWN d
1401701178507 6 4098 203.5 973.451 0.20000002 4.0 4.0 4.0 4.0 0.0 0.2 1 TOUCH_UP d
1401701178613 6 4098 40.0 979.951 0.16666667 3.0 3.0 3.0 3.0 0.0 0.192 0 TOUCH_DOWN a
1401701178676 6 4098 40.0 979.951 0.16666667 3.0 3.0 3.0 3.0 0.0 0.192 1 TOUCH_UP a
1401701178882 6 4098 479.0 850.951 0.16666667 3.0 3.0 3.0 3.0 0.0 0.19600001 0 TOUCH_DOWN u
1401701178896 6 4098 478.73682 850.951 0.20000002 3.0 3.0 3.0 3.0 0.0 0.2 2 TOUCH_MOVE u
1401701178914 6 4098 477.02063 850.951 0.23333335 4.0 4.0 4.0 4.0 0.0 0.20400001 2 TOUCH_MOVE u
1401701178925 6 4098 475.04385 850.951 0.23333335 4.0 4.0 4.0 4.0 0.0 0.2 2 TOUCH_MOVE u
1401701178939 6 4098 475.0 850.951 0.20000002 3.0 3.0 3.0 3.0 0.0 0.19600001 2 TOUCH_MOVE u
1401701178942 6 4098 475.0 850.951 0.20000002 3.0 3.0 3.0 3.0 0.0 0.19600001 1 TOUCH_UP u
1401701179117 6 4098 345.5 1255.5 0.16666667 4.0 4.0 4.0 4.0 0.0 0.18 0 TOUCH_DOWN Space
1401701179159 6 4098 344.5706 1254.0284 0.16666667 4.0 4.0 4.0 4.0 0.0 0.18400002 2 TOUCH_MOVE Space
1401701179176 6 4098 344.0 1252.6687 0.16666667 4.0 4.0 4.0 4.0 0.0 0.18 2 TOUCH_MOVE Space
1401701179181 6 4098 344.0 1252.4509 0.13333334 3.0 3.0 3.0 3.0 0.0 0.17600001 2 TOUCH_MOVE Space
1401701179185 6 4098 344.0 1252.4509 0.13333334 3.0 3.0 3.0 3.0 0.0 0.17600001 1 TOUCH_UP Space
1401701179449 6 4098 315.0 849.451 0.23333335 4.0 4.0 4.0 4.0 0.0 0.20400001 0 TOUCH_DOWN t
1401701179461 6 4098 315.0 849.451 0.23333335 4.0 4.0 4.0 4.0 0.0 0.208 2 TOUCH_MOVE t
1401701179497 6 4098 315.0 849.451 0.23333335 4.0 4.0 4.0 4.0 0.0 0.208 1 TOUCH_UP t
1401701179624 6 4098 542.5 830.951 0.3 5.0 5.0 5.0 5.0 0.0 0.19600001 0 TOUCH_DOWN i
1401701179660 6 4098 541.72815 830.951 0.3 5.0 5.0 5.0 5.0 0.0 0.19600001 2 TOUCH_MOVE i
1401701179678 6 4098 541.5 830.951 0.26666668 5.0 5.0 5.0 5.0 0.0 0.192 2 TOUCH_MOVE i
1401701179682 6 4098 541.5 830.951 0.26666668 5.0 5.0 5.0 5.0 0.0 0.192 1 TOUCH_UP i
1401701179901 6 4098 86.0 971.951 0.20000002 4.0 4.0 4.0 4.0 0.0 0.20400001 0 TOUCH_DOWN a
1401701179910 6 4098 86.0 971.951 0.20000002 4.0 4.0 4.0 4.0 0.0 0.208 2 TOUCH_MOVE a
1401701179943 6 4098 86.0 971.951 0.20000002 4.0 4.0 4.0 4.0 0.0 0.18400002 2 TOUCH_MOVE a
1401701179952 6 4098 86.0 971.951 0.26666668 5.0 5.0 5.0 5.0 0.0 0.124000005 2 TOUCH_MOVE a
1401701179956 6 4098 86.0 971.951 0.26666668 5.0 5.0 5.0 5.0 0.0 0.124000005 1 TOUCH_UP a
1401701180654 6 4098 680.5 1042.9509 0.26666668 4.0 4.0 4.0 4.0 0.0 0.192 0 TOUCH_DOWN Back
1401701180661 6 4098 680.5 1042.9509 0.23333335 4.0 4.0 4.0 4.0 0.0 0.19600001 2 TOUCH_MOVE Back
1401701180724 6 4098 681.0 1042.9509 0.23333335 4.0 4.0 4.0 4.0 0.0 0.18400002 2 TOUCH_MOVE Back
1401701180727 6 4098 681.0 1042.9509 0.23333335 4.0 4.0 4.0 4.0 0.0 0.18400002 1 TOUCH_UP Back
1401701180799 6 4098 686.0 1056.4509 0.26666668 5.0 5.0 5.0 5.0 0.0 0.192 0 TOUCH_DOWN Back
1401701180811 6 4098 686.0 1056.4509 0.26666668 5.0 5.0 5.0 5.0 0.0 0.19600001 2 TOUCH_MOVE Back
1401701180861 6 4098 685.408 1056.4509 0.3 5.0 5.0 5.0 5.0 0.0 0.192 2 TOUCH_MOVE Back
1401701180881 6 4098 685.408 1056.4509 0.3 5.0 5.0 5.0 5.0 0.0 0.192 1 TOUCH_UP Back
1401701181370 6 4098 454.5 810.451 0.23333335 4.0 4.0 4.0 4.0 0.0 0.2 0 TOUCH_DOWN u
1401701181382 6 4098 454.5 810.451 0.23333335 4.0 4.0 4.0 4.0 0.0 0.20400001 2 TOUCH_MOVE u
1401701181421 6 4098 454.5 810.451 0.23333335 4.0 4.0 4.0 4.0 0.0 0.20400001 1 TOUCH_UP u
1401701181600 6 4098 55.0 975.451 0.16666667 3.0 3.0 3.0 3.0 0.0 0.2 0 TOUCH_DOWN a
1401701181637 6 4098 54.267605 975.451 0.16666667 3.0 3.0 3.0 3.0 0.0 0.2 2 TOUCH_MOVE a
1401701181664 6 4098 54.267605 975.451 0.16666667 3.0 3.0 3.0 3.0 0.0 0.2 1 TOUCH_UP a
1401701181912 6 4098 508.5 1082.4509 0.20000002 4.0 4.0 4.0 4.0 0.0 0.192 0 TOUCH_DOWN n
1401701181942 6 4098 508.5 1082.4509 0.20000002 4.0 4.0 4.0 4.0 0.0 0.19600001 2 TOUCH_MOVE n
1401701181966 6 4098 508.5 1082.4509 0.20000002 4.0 4.0 4.0 4.0 0.0 0.19600001 1 TOUCH_UP n
1401701182787 6 4098 668.5 1207.9509 0.26666668 5.0 5.0 5.0 5.0 0.0 0.18800001 0 TOUCH_DOWN Enter
1401701182862 6 4098 668.5 1207.9509 0.26666668 5.0 5.0 5.0 5.0 0.0 0.18800001 1 TOUCH_UP Enter
1401701183714 6 4098 276.5 1091.4509 0.26666668 5.0 5.0 5.0 5.0 0.0 0.2 0 TOUCH_DOWN C
1401701183774 6 4098 277.5 1090.4509 0.20000002 4.0 4.0 4.0 4.0 0.0 0.18800001 2 TOUCH_MOVE C
1401701183781 6 4098 277.5 1090.4509 0.20000002 4.0 4.0 4.0 4.0 0.0 0.18800001 1 TOUCH_UP C
1401701183887 6 4098 457.5 959.951 0.23333335 4.0 4.0 4.0 4.0 0.0 0.2 0 TOUCH_DOWN h
1401701183939 6 4098 457.5 959.951 0.23333335 4.0 4.0 4.0 4.0 0.0 0.2 1 TOUCH_UP h
1401701184082 6 4098 87.0 997.951 0.26666668 5.0 5.0 5.0 5.0 0.0 0.20400001 0 TOUCH_DOWN a
1401701184101 6 4098 86.630356 997.951 0.3 5.0 5.0 5.0 5.0 0.0 0.208 2 TOUCH_MOVE a
1401701184114 6 4098 86.26884 997.951 0.3 5.0 5.0 5.0 5.0 0.0 0.208 2 TOUCH_MOVE a
1401701184131 6 4098 86.5 997.951 0.3 5.0 5.0 5.0 5.0 0.0 0.18 2 TOUCH_MOVE a
1401701184134 6 4098 86.5 997.951 0.3 5.0 5.0 5.0 5.0 0.0 0.18 1 TOUCH_UP a
1401701184359 6 4098 594.5 832.951 0.26666668 5.0 5.0 5.0 5.0 0.0 0.192 0 TOUCH_DOWN o
1401701184364 6 4098 594.5 832.951 0.26666668 5.0 5.0 5.0 5.0 0.0 0.19600001 2 TOUCH_MOVE o
1401701184431 6 4098 594.5 832.951 0.26666668 5.0 5.0 5.0 5.0 0.0 0.19600001 1 TOUCH_UP o
1401701184615 6 4098 305.0 1225.4509 0.16666667 3.0 3.0 3.0 3.0 0.0 0.192 0 TOUCH_DOWN Space
1401701184677 6 4098 305.0 1224.9509 0.16666667 3.0 3.0 3.0 3.0 0.0 0.17600001 2 TOUCH_MOVE Space
1401701184681 6 4098 305.0 1224.9509 0.16666667 3.0 3.0 3.0 3.0 0.0 0.17600001 1 TOUCH_UP Space
1401701184788 6 4098 268.0 1095.4509 0.26666668 5.0 5.0 5.0 5.0 0.0 0.2 0 TOUCH_DOWN c
1401701184824 6 4098 268.0 1095.4509 0.20000002 4.0 4.0 4.0 4.0 0.0 0.17600001 2 TOUCH_MOVE c
1401701184827 6 4098 268.0 1095.4509 0.20000002 4.0 4.0 4.0 4.0 0.0 0.17600001 1 TOUCH_UP c
1401701184967 6 4098 623.0 818.951 0.26666668 4.0 4.0 4.0 4.0 0.0 0.192 0 TOUCH_DOWN o
1401701184983 6 4098 623.0 818.951 0.26666668 4.0 4.0 4.0 4.0 0.0 0.19600001 2 TOUCH_MOVE o
1401701185017 6 4098 621.8395 818.951 0.26666668 4.0 4.0 4.0 4.0 0.0 0.19600001 2 TOUCH_MOVE o
1401701185033 6 4098 622.0 819.451 0.3 5.0 5.0 5.0 5.0 0.0 0.18 2 TOUCH_MOVE o
1401701185041 6 4098 622.0 819.451 0.23333335 5.0 5.0 5.0 5.0 0.0 0.14 2 TOUCH_MOVE o
1401701185044 6 4098 622.0 819.451 0.23333335 5.0 5.0 5.0 5.0 0.0 0.14 1 TOUCH_UP o
1401701185228 6 4098 356.0 1224.9509 0.16666667 3.0 3.0 3.0 3.0 0.0 0.18800001 0 TOUCH_DOWN Space
1401701185258 6 4098 356.0 1224.9509 0.16666667 3.0 3.0 3.0 3.0 0.0 0.15200001 2 TOUCH_MOVE Space
1401701185265 6 4098 356.0 1224.9509 0.16666667 3.0 3.0 3.0 3.0 0.0 0.15200001 1 TOUCH_UP Space
1401701185387 6 4098 372.0 971.451 0.20000002 4.0 4.0 4.0 4.0 0.0 0.19600001 0 TOUCH_DOWN g
1401701185431 6 4098 374.0 970.451 0.23333335 5.0 5.0 5.0 5.0 0.0 0.18 2 TOUCH_MOVE g
1401701185436 6 4098 374.0 970.451 0.23333335 5.0 5.0 5.0 5.0 0.0 0.18 1 TOUCH_UP g
1401701185534 6 4098 565.5 811.951 0.23333335 4.0 4.0 4.0 4.0 0.0 0.19600001 0 TOUCH_DOWN i
1401701185582 6 4098 564.9661 811.951 0.23333335 4.0 4.0 4.0 4.0 0.0 0.2 2 TOUCH_MOVE i
1401701185607 6 4098 564.5 811.951 0.23333335 4.0 4.0 4.0 4.0 0.0 0.18800001 2 TOUCH_MOVE i
1401701185610 6 4098 564.5 811.951 0.23333335 4.0 4.0 4.0 4.0 0.0 0.18800001 1 TOUCH_UP i
1401701185779 6 4098 66.0 973.451 0.16666667 3.0 3.0 3.0 3.0 0.0 0.2 0 TOUCH_DOWN a
1401701185799 6 4098 66.0 973.451 0.20000002 3.0 3.0 3.0 3.0 0.0 0.208 2 TOUCH_MOVE a
1401701185830 6 4098 66.0 973.451 0.16666667 3.0 3.0 3.0 3.0 0.0 0.17600001 2 TOUCH_MOVE a
1401701185833 6 4098 66.0 973.451 0.16666667 3.0 3.0 3.0 3.0 0.0 0.17600001 1 TOUCH_UP a
1401701186036 6 4098 602.5 829.451 0.3 5.0 5.0 5.0 5.0 0.0 0.19600001 0 TOUCH_DOWN o
1401701186072 6 4098 602.5 828.8794 0.3 5.0 5.0 5.0 5.0 0.0 0.2 2 TOUCH_MOVE o
1401701186099 6 4098 602.5 828.951 0.26666668 4.0 4.0 4.0 4.0 0.0 0.17600001 2 TOUCH_MOVE o
1401701186102 6 4098 602.5 828.951 0.26666668 4.0 4.0 4.0 4.0 0.0 0.17600001 1 TOUCH_UP o
1401701186494 6 4098 433.0 1191.9509 0.20000002 4.0 4.0 4.0 4.0 0.0 0.192 0 TOUCH_DOWN ,
1401701186545 6 4098 433.0 1191.9509 0.20000002 4.0 4.0 4.0 4.0 0.0 0.192 1 TOUCH_UP ,
1401701186671 6 4098 269.5 1229.9509 0.23333335 4.0 4.0 4.0 4.0 0.0 0.192 0 TOUCH_DOWN Space
1401701186708 6 4098 269.5 1229.9509 0.23333335 4.0 4.0 4.0 4.0 0.0 0.192 1 TOUCH_UP Space
1401701186870 6 4098 247.0 1118.4509 0.23333335 4.0 4.0 4.0 4.0 0.0 0.2 0 TOUCH_DOWN x
1401701186883 6 4098 247.0 1118.4509 0.26666668 4.0 4.0 4.0 4.0 0.0 0.20400001 2 TOUCH_MOVE x
1401701186917 6 4098 247.0 1117.9509 0.26666668 5.0 5.0 5.0 5.0 0.0 0.192 2 TOUCH_MOVE x
1401701186922 6 4098 247.0 1117.9509 0.20000002 3.0 3.0 3.0 3.0 0.0 0.128 2 TOUCH_MOVE x
1401701186925 6 4098 247.0 1117.9509 0.20000002 3.0 3.0 3.0 3.0 0.0 0.128 1 TOUCH_UP x
1401701187046 6 4098 449.5 968.451 0.20000002 4.0 4.0 4.0 4.0 0.0 0.192 0 TOUCH_DOWN h
1401701187051 6 4098 449.5 968.451 0.23333335 5.0 5.0 5.0 5.0 0.0 0.19600001 2 TOUCH_MOVE h
1401701187107 6 4098 449.5 968.451 0.23333335 5.0 5.0 5.0 5.0 0.0 0.19600001 1 TOUCH_UP h
1401701187262 6 4098 67.5 998.451 0.26666668 5.0 5.0 5.0 5.0 0.0 0.20400001 0 TOUCH_DOWN a
1401701187304 6 4098 68.0 997.951 0.20000002 4.0 4.0 4.0 4.0 0.0 0.18800001 2 TOUCH_MOVE a
1401701187307 6 4098 68.0 997.951 0.20000002 4.0 4.0 4.0 4.0 0.0 0.18800001 1 TOUCH_UP a
1401701187517 6 4098 606.5 833.951 0.3 5.0 5.0 5.0 5.0 0.0 0.192 0 TOUCH_DOWN o
1401701187593 6 4098 606.5 833.951 0.3 5.0 5.0 5.0 5.0 0.0 0.192 1 TOUCH_UP o
1401701188064 6 4098 659.0 1091.4509 0.23333335 4.0 4.0 4.0 4.0 0.0 0.192 0 TOUCH_DOWN Back
1401701188126 6 4098 659.0 1091.4509 0.23333335 4.0 4.0 4.0 4.0 0.0 0.192 1 TOUCH_UP Back
1401701188210 6 4098 679.5 1088.4509 0.20000002 4.0 4.0 4.0 4.0 0.0 0.192 0 TOUCH_DOWN Back
1401701188268 6 4098 678.90753 1088.4509 0.20000002 4.0 4.0 4.0 4.0 0.0 0.192 2 TOUCH_MOVE Back
1401701188294 6 4098 678.90753 1088.4509 0.20000002 4.0 4.0 4.0 4.0 0.0 0.192 1 TOUCH_UP Back
1401701188367 6 4098 692.0 1088.4509 0.20000002 3.0 3.0 3.0 3.0 0.0 0.18800001 0 TOUCH_DOWN Back
1401701188401 6 4098 692.0 1088.4509 0.16666667 3.0 3.0 3.0 3.0 0.0 0.192 2 TOUCH_MOVE Back
1401701188436 6 4098 692.0 1088.4509 0.16666667 3.0 3.0 3.0 3.0 0.0 0.192 1 TOUCH_UP Back
1401701188499 6 4098 689.0 1087.4509 0.16666667 3.0 3.0 3.0 3.0 0.0 0.192 0 TOUCH_DOWN Back
1401701188534 6 4098 688.4554 1086.9064 0.20000002 4.0 4.0 4.0 4.0 0.0 0.192 2 TOUCH_MOVE Back
1401701188552 6 4098 687.33246 1085.7833 0.20000002 4.0 4.0 4.0 4.0 0.0 0.19600001 2 TOUCH_MOVE Back
1401701188570 6 4098 686.75 1085.9509 0.16666667 3.0 3.0 3.0 3.0 0.0 0.192 2 TOUCH_MOVE Back
1401701188582 6 4098 686.75 1085.9509 0.16666667 3.0 3.0 3.0 3.0 0.0 0.192 1 TOUCH_UP Back
1401701189098 6 4098 271.0 1130.9509 0.26666668 5.0 5.0 5.0 5.0 0.0 0.19600001 0 TOUCH_DOWN c
1401701189120 6 4098 271.0 1130.9509 0.26666668 5.0 5.0 5.0 5.0 0.0 0.2 2 TOUCH_MOVE c
1401701189135 6 4098 270.5 1130.1315 0.26666668 5.0 5.0 5.0 5.0 0.0 0.2 2 TOUCH_MOVE c
1401701189153 6 4098 270.74417 1128.9625 0.26666668 5.0 5.0 5.0 5.0 0.0 0.19600001 2 TOUCH_MOVE c
1401701189159 6 4098 271.0 1128.4509 0.3 5.0 5.0 5.0 5.0 0.0 0.18400002 2 TOUCH_MOVE c
1401701189162 6 4098 271.0 1128.4509 0.3 5.0 5.0 5.0 5.0 0.0 0.18400002 1 TOUCH_UP c
1401701189270 6 4098 448.0 975.951 0.20000002 4.0 4.0 4.0 4.0 0.0 0.192 0 TOUCH_DOWN h
1401701189336 6 4098 448.0 975.951 0.20000002 4.0 4.0 4.0 4.0 0.0 0.192 1 TOUCH_UP h
1401701189499 6 4098 67.0 989.451 0.23333335 4.0 4.0 4.0 4.0 0.0 0.20400001 0 TOUCH_DOWN a
1401701189543 6 4098 67.0 989.451 0.23333335 4.0 4.0 4.0 4.0 0.0 0.20400001 1 TOUCH_UP a
1401701189811 6 4098 609.5 817.451 0.3 5.0 5.0 5.0 5.0 0.0 0.192 0 TOUCH_DOWN o
1401701189853 6 4098 608.96063 817.99036 0.3 5.0 5.0 5.0 5.0 0.0 0.19600001 2 TOUCH_MOVE o
1401701189881 6 4098 609.0 819.451 0.33333334 5.0 5.0 5.0 5.0 0.0 0.18 2 TOUCH_MOVE o
1401701189904 6 4098 609.0 819.451 0.33333334 5.0 5.0 5.0 5.0 0.0 0.18 1 TOUCH_UP o
1401701190082 6 4098 308.5 1230.9509 0.20000002 3.0 3.0 3.0 3.0 0.0 0.18800001 0 TOUCH_DOWN Space
1401701190103 6 4098 308.5 1230.9509 0.16666667 3.0 3.0 3.0 3.0 0.0 0.192 2 TOUCH_MOVE Space
1401701190120 6 4098 308.5 1230.4209 0.20000002 3.0 3.0 3.0 3.0 0.0 0.18800001 2 TOUCH_MOVE Space
1401701190129 6 4098 308.5 1229.9509 0.20000002 3.0 3.0 3.0 3.0 0.0 0.18 2 TOUCH_MOVE Space
1401701190132 6 4098 308.5 1229.9509 0.20000002 3.0 3.0 3.0 3.0 0.0 0.18 1 TOUCH_UP Space
1401701190268 6 4098 458.0 1082.4509 0.20000002 4.0 4.0 4.0 4.0 0.0 0.192 0 TOUCH_DOWN b
1401701190288 6 4098 458.0 1082.4509 0.20000002 4.0 4.0 4.0 4.0 0.0 0.19600001 2 TOUCH_MOVE b
1401701190327 6 4098 456.5 1082.4509 0.20000002 4.0 4.0 4.0 4.0 0.0 0.18 2 TOUCH_MOVE b
1401701190331 6 4098 456.5 1082.4509 0.20000002 4.0 4.0 4.0 4.0 0.0 0.18 1 TOUCH_UP b
1401701190484 6 4098 48.5 972.451 0.16666667 3.0 3.0 3.0 3.0 0.0 0.2 0 TOUCH_DOWN a
1401701190504 6 4098 48.5 972.451 0.16666667 3.0 3.0 3.0 3.0 0.0 0.20400001 2 TOUCH_MOVE a
1401701190532 6 4098 48.5 972.451 0.16666667 3.0 3.0 3.0 3.0 0.0 0.18 2 TOUCH_MOVE a
1401701190536 6 4098 48.5 972.451 0.16666667 3.0 3.0 3.0 3.0 0.0 0.18 1 TOUCH_UP a
1401701190806 6 4098 602.5 806.951 0.20000002 4.0 4.0 4.0 4.0 0.0 0.192 0 TOUCH_DOWN o
1401701190870 6 4098 602.5 806.951 0.20000002 4.0 4.0 4.0 4.0 0.0 0.192 1 TOUCH_UP o
1401701191038 6 4098 335.0 1210.9509 0.26666668 5.0 5.0 5.0 5.0 0.0 0.192 0 TOUCH_DOWN Space
1401701191095 6 4098 335.0 1210.9509 0.26666668 5.0 5.0 5.0 5.0 0.0 0.192 1 TOUCH_UP Space
1401701191203 6 4098 453.5 1076.9509 0.20000002 4.0 4.0 4.0 4.0 0.0 0.192 0 TOUCH_DOWN b
1401701191221 6 4098 453.5 1076.9509 0.20000002 4.0 4.0 4.0 4.0 0.0 0.19600001 2 TOUCH_MOVE b
1401701191254 6 4098 451.977 1076.9509 0.23333335 5.0 5.0 5.0 5.0 0.0 0.18800001 2 TOUCH_MOVE b
1401701191267 6 4098 452.0 1076.9509 0.20000002 4.0 4.0 4.0 4.0 0.0 0.132 2 TOUCH_MOVE b
1401701191272 6 4098 452.0 1076.9509 0.20000002 4.0 4.0 4.0 4.0 0.0 0.132 1 TOUCH_UP b
1401701191410 6 4098 69.0 954.951 0.23333335 4.0 4.0 4.0 4.0 0.0 0.208 0 TOUCH_DOWN a
1401701191454 6 4098 69.5 955.451 0.13333334 2.0 2.0 2.0 2.0 0.0 0.172 2 TOUCH_MOVE a
1401701191458 6 4098 69.5 955.451 0.13333334 2.0 2.0 2.0 2.0 0.0 0.172 1 TOUCH_UP a
1401701192003 6 4098 495.5 1092.4509 0.26666668 5.0 5.0 5.0 5.0 0.0 0.19600001 0 TOUCH_DOWN n
1401701192025 6 4098 495.5 1092.4509 0.26666668 5.0 5.0 5.0 5.0 0.0 0.2 2 TOUCH_MOVE n
1401701192063 6 4098 495.5 1092.4509 0.26666668 5.0 5.0 5.0 5.0 0.0 0.16800001 2 TOUCH_MOVE n
1401701192066 6 4098 495.5 1092.4509 0.26666668 5.0 5.0 5.0 5.0 0.0 0.16800001 1 TOUCH_UP n
1401701192181 6 4098 358.0 1208.9509 0.23333335 4.0 4.0 4.0 4.0 0.0 0.2 0 TOUCH_DOWN Space
1401701192205 6 4098 357.1491 1208.9509 0.23333335 4.0 4.0 4.0 4.0 0.0 0.2 2 TOUCH_MOVE Space
1401701192224 6 4098 356.17047 1207.7919 0.20000002 3.0 3.0 3.0 3.0 0.0 0.19600001 2 TOUCH_MOVE Space
1401701192229 6 4098 356.0 1207.4509 0.13333334 2.0 2.0 2.0 2.0 0.0 0.17600001 2 TOUCH_MOVE Space
1401701192235 6 4098 356.0 1207.4509 0.13333334 2.0 2.0 2.0 2.0 0.0 0.17600001 1 TOUCH_UP Space
1401701192375 6 4098 446.5 964.451 0.23333335 5.0 5.0 5.0 5.0 0.0 0.19600001 0 TOUCH_DOWN h
1401701192405 6 4098 446.5 964.451 0.23333335 5.0 5.0 5.0 5.0 0.0 0.2 2 TOUCH_MOVE h
1401701192425 6 4098 446.5 964.451 0.23333335 5.0 5.0 5.0 5.0 0.0 0.2 1 TOUCH_UP h
1401701192525 6 4098 559.5 799.451 0.23333335 5.0 5.0 5.0 5.0 0.0 0.19600001 0 TOUCH_DOWN i
1401701192562 6 4098 559.471 798.922 0.23333335 5.0 5.0 5.0 5.0 0.0 0.2 2 TOUCH_MOVE i
1401701192572 6 4098 559.0 797.9243 0.23333335 5.0 5.0 5.0 5.0 0.0 0.2 2 TOUCH_MOVE i
1401701192602 6 4098 559.0 797.9243 0.23333335 5.0 5.0 5.0 5.0 0.0 0.2 1 TOUCH_UP i
1401701192784 6 4098 165.0 823.451 0.3 5.0 5.0 5.0 5.0 0.0 0.21200001 0 TOUCH_DOWN e
1401701192814 6 4098 165.0 823.451 0.3 5.0 5.0 5.0 5.0 0.0 0.216 2 TOUCH_MOVE e
1401701192835 6 4098 165.0 823.451 0.23333335 4.0 4.0 4.0 4.0 0.0 0.17600001 2 TOUCH_MOVE e
1401701192841 6 4098 165.0 823.451 0.23333335 4.0 4.0 4.0 4.0 0.0 0.17600001 1 TOUCH_UP e
1401701193215 6 4098 493.5 1089.9509 0.20000002 4.0 4.0 4.0 4.0 0.0 0.19600001 0 TOUCH_DOWN n
1401701193268 6 4098 494.0 1089.9509 0.23333335 5.0 5.0 5.0 5.0 0.0 0.18400002 2 TOUCH_MOVE n
1401701193271 6 4098 494.0 1089.9509 0.23333335 5.0 5.0 5.0 5.0 0.0 0.18400002 1 TOUCH_UP n
1401701193507 6 4098 681.5 1202.4509 0.20000002 4.0 4.0 4.0 4.0 0.0 0.18800001 0 TOUCH_DOWN Enter
1401701193577 6 4098 681.5 1202.4509 0.20000002 4.0 4.0 4.0 4.0 0.0 0.18800001 1 TOUCH_UP Enter
1401701194318 6 4098 431.5 964.451 0.20000002 4.0 4.0 4.0 4.0 0.0 0.19600001 0 TOUCH_DOWN H
1401701194323 6 4098 431.5 964.451 0.23333335 4.0 4.0 4.0 4.0 0.0 0.2 2 TOUCH_MOVE H
1401701194340 6 4098 430.9946 963.94556 0.23333335 4.0 4.0 4.0 4.0 0.0 0.2 2 TOUCH_MOVE H
1401701194357 6 4098 430.0173 962.96826 0.23333335 4.0 4.0 4.0 4.0 0.0 0.2 2 TOUCH_MOVE H
1401701194360 6 4098 430.0 962.951 0.23333335 4.0 4.0 4.0 4.0 0.0 0.192 2 TOUCH_MOVE H
1401701194363 6 4098 430.0 962.951 0.23333335 4.0 4.0 4.0 4.0 0.0 0.192 1 TOUCH_UP H
1401701194463 6 4098 489.0 775.451 0.3 5.0 5.0 5.0 5.0 0.0 0.2 0 TOUCH_DOWN u
1401701194524 6 4098 488.5 776.451 0.13333334 2.0 2.0 2.0 2.0 0.0 0.14400001 2 TOUCH_MOVE u
1401701194533 6 4098 488.5 776.451 0.13333334 2.0 2.0 2.0 2.0 0.0 0.14400001 1 TOUCH_UP u
1401701194701 6 4098 70.5 958.451 0.23333335 4.0 4.0 4.0 4.0 0.0 0.20400001 0 TOUCH_DOWN a
1401701194707 6 4098 70.313965 958.451 0.20000002 3.0 3.0 3.0 3.0 0.0 0.208 2 TOUCH_MOVE a
1401701194738 6 4098 69.41641 958.451 0.23333335 4.0 4.0 4.0 4.0 0.0 0.208 2 TOUCH_MOVE a
1401701194759 6 4098 69.5 958.451 0.13333334 2.0 2.0 2.0 2.0 0.0 0.18 2 TOUCH_MOVE a
1401701194767 6 4098 69.5 958.451 0.16666667 3.0 3.0 3.0 3.0 0.0 0.132 2 TOUCH_MOVE a
1401701194773 6 4098 69.5 958.451 0.16666667 3.0 3.0 3.0 3.0 0.0 0.132 1 TOUCH_UP a
1401701194923 6 4098 365.0 1241.9509 0.10000001 2.0 2.0 2.0 2.0 0.0 0.18 0 TOUCH_DOWN Space
1401701194943 6 4098 365.0 1241.6229 0.16666667 3.0 3.0 3.0 3.0 0.0 0.18800001 2 TOUCH_MOVE Space
1401701194957 6 4098 365.0 1240.2798 0.20000002 4.0 4.0 4.0 4.0 0.0 0.192 2 TOUCH_MOVE Space
1401701194975 6 4098 365.0 1238.2802 0.16666667 3.0 3.0 3.0 3.0 0.0 0.192 2 TOUCH_MOVE Space
1401701194991 6 4098 365.0 1237.4021 0.16666667 3.0 3.0 3.0 3.0 0.0 0.18800001 2 TOUCH_MOVE Space
1401701195007 6 4098 365.5 1236.9509 0.20000002 3.0 3.0 3.0 3.0 0.0 0.17600001 2 TOUCH_MOVE Space
1401701195011 6 4098 365.5 1236.9509 0.20000002 3.0 3.0 3.0 3.0 0.0 0.17600001 1 TOUCH_UP Space
1401701195114 6 4098 349.5 1102.9509 0.26666668 4.0 4.0 4.0 4.0 0.0 0.2 0 TOUCH_DOWN v
1401701195157 6 4098 349.5 1101.8342 0.23333335 4.0 4.0 4.0 4.0 0.0 0.19600001 2 TOUCH_MOVE v
1401701195166 6 4098 351.5 1099.4509 0.13333334 2.0 2.0 2.0 2.0 0.0 0.18 2 TOUCH_MOVE v
1401701195170 6 4098 351.5 1099.4509 0.13333334 2.0 2.0 2.0 2.0 0.0 0.18 1 TOUCH_UP v
1401701195338 6 4098 624.5 855.951 0.20000002 4.0 4.0 4.0 4.0 0.0 0.192 0 TOUCH_DOWN o
1401701195391 6 4098 623.90765 855.35864 0.20000002 4.0 4.0 4.0 4.0 0.0 0.19600001 2 TOUCH_MOVE o
1401701195408 6 4098 624.0 855.451 0.20000002 4.0 4.0 4.0 4.0 0.0 0.16800001 2 TOUCH_MOVE o
1401701195412 6 4098 624.0 855.451 0.20000002 4.0 4.0 4.0 4.0 0.0 0.16800001 1 TOUCH_UP o
1401701195505 6 4098 569.0 802.951 0.20000002 4.0 4.0 4.0 4.0 0.0 0.19600001 0 TOUCH_DOWN i
1401701195525 6 4098 568.5833 802.951 0.20000002 4.0 4.0 4.0 4.0 0.0 0.2 2 TOUCH_MOVE i
1401701195541 6 4098 567.70215 802.951 0.20000002 4.0 4.0 4.0 4.0 0.0 0.2 2 TOUCH_MOVE i
1401701195569 6 4098 567.5 802.951 0.20000002 4.0 4.0 4.0 4.0 0.0 0.19600001 2 TOUCH_MOVE i
1401701195574 6 4098 567.5 802.951 0.20000002 4.0 4.0 4.0 4.0 0.0 0.19600001 1 TOUCH_UP i
1401701195817 6 4098 346.0 1200.4509 0.20000002 4.0 4.0 4.0 4.0 0.0 0.18800001 0 TOUCH_DOWN Space
1401701195825 6 4098 346.0 1200.4509 0.20000002 4.0 4.0 4.0 4.0 0.0 0.192 2 TOUCH_MOVE Space
1401701195842 6 4098 345.44174 1200.4509 0.20000002 4.0 4.0 4.0 4.0 0.0 0.192 2 TOUCH_MOVE Space
1401701195874 6 4098 344.41898 1200.4509 0.20000002 4.0 4.0 4.0 4.0 0.0 0.19600001 2 TOUCH_MOVE Space
1401701195887 6 4098 343.5 1199.9509 0.20000002 4.0 4.0 4.0 4.0 0.0 0.17600001 2 TOUCH_MOVE Space
1401701195893 6 4098 343.5 1199.9509 0.20000002 4.0 4.0 4.0 4.0 0.0 0.17600001 1 TOUCH_UP Space
1401701196043 6 4098 271.0 1090.9509 0.26666668 5.0 5.0 5.0 5.0 0.0 0.19600001 0 TOUCH_DOWN c
1401701196086 6 4098 271.5 1090.4509 0.20000002 4.0 4.0 4.0 4.0 0.0 0.18 2 TOUCH_MOVE c
1401701196090 6 4098 271.5 1090.4509 0.20000002 4.0 4.0 4.0 4.0 0.0 0.18 1 TOUCH_UP c
1401701196282 6 4098 617.0 814.451 0.26666668 5.0 5.0 5.0 5.0 0.0 0.192 0 TOUCH_DOWN o
1401701196292 6 4098 617.0 814.451 0.26666668 5.0 5.0 5.0 5.0 0.0 0.19600001 2 TOUCH_MOVE o
1401701196309 6 4098 616.4811 814.451 0.26666668 5.0 5.0 5.0 5.0 0.0 0.19600001 2 TOUCH_MOVE o
1401701196325 6 4098 615.9998 814.451 0.26666668 5.0 5.0 5.0 5.0 0.0 0.19600001 2 TOUCH_MOVE o
1401701196348 6 4098 615.9998 814.451 0.26666668 5.0 5.0 5.0 5.0 0.0 0.19600001 1 TOUCH_UP o
1401701196509 6 4098 363.0 1215.9509 0.16666667 3.0 3.0 3.0 3.0 0.0 0.192 0 TOUCH_DOWN Space
1401701196556 6 4098 363.0 1215.9509 0.16666667 3.0 3.0 3.0 3.0 0.0 0.192 1 TOUCH_UP Space
1401701196685 6 4098 550.5 1086.4509 0.23333335 5.0 5.0 5.0 5.0 0.0 0.192 0 TOUCH_DOWN m
1401701196692 6 4098 550.5 1086.4509 0.20000002 4.0 4.0 4.0 4.0 0.0 0.192 2 TOUCH_MOVE m
1401701196742 6 4098 548.92017 1086.4509 0.20000002 4.0 4.0 4.0 4.0 0.0 0.18800001 2 TOUCH_MOVE m
1401701196749 6 4098 548.92017 1086.4509 0.20000002 4.0 4.0 4.0 4.0 0.0 0.18800001 1 TOUCH_UP m
1401701196880 6 4098 383.0 955.451 0.26666668 5.0 5.0 5.0 5.0 0.0 0.2 0 TOUCH_DOWN g
1401701196901 6 4098 383.0 955.451 0.3 5.0 5.0 5.0 5.0 0.0 0.2 2 TOUCH_MOVE g
1401701196936 6 4098 382.0 955.451 0.23333335 4.0 4.0 4.0 4.0 0.0 0.18 2 TOUCH_MOVE g
1401701196939 6 4098 382.0 955.451 0.23333335 4.0 4.0 4.0 4.0 0.0 0.18 1 TOUCH_UP g
1401701197073 6 4098 68.0 972.451 0.16666667 3.0 3.0 3.0 3.0 0.0 0.2 0 TOUCH_DOWN a
1401701197095 6 4098 67.21677 972.451 0.16666667 3.0 3.0 3.0 3.0 0.0 0.20400001 2 TOUCH_MOVE a
1401701197109 6 4098 66.307526 972.451 0.16666667 3.0 3.0 3.0 3.0 0.0 0.2 2 TOUCH_MOVE a
1401701197131 6 4098 66.307526 972.451 0.16666667 3.0 3.0 3.0 3.0 0.0 0.2 1 TOUCH_UP a
1401701197825 6 4098 669.0 1088.9509 0.23333335 5.0 5.0 5.0 5.0 0.0 0.192 0 TOUCH_DOWN Back
1401701197900 6 4098 669.0 1088.9509 0.23333335 5.0 5.0 5.0 5.0 0.0 0.192 1 TOUCH_UP Back
1401701197991 6 4098 678.0 1091.9509 0.23333335 4.0 4.0 4.0 4.0 0.0 0.18800001 0 TOUCH_DOWN Back
1401701198028 6 4098 677.34424 1091.9509 0.23333335 4.0 4.0 4.0 4.0 0.0 0.192 2 TOUCH_MOVE Back
1401701198043 6 4098 676.75 1091.9509 0.23333335 4.0 4.0 4.0 4.0 0.0 0.19600001 2 TOUCH_MOVE Back
1401701198065 6 4098 676.75 1091.9509 0.23333335 4.0 4.0 4.0 4.0 0.0 0.19600001 1 TOUCH_UP Back
1401701198148 6 4098 678.5 1094.9509 0.23333335 4.0 4.0 4.0 4.0 0.0 0.192 0 TOUCH_DOWN Back
1401701198160 6 4098 678.5 1094.9509 0.23333335 4.0 4.0 4.0 4.0 0.0 0.19600001 2 TOUCH_MOVE Back
1401701198194 6 4098 677.21576 1094.9509 0.26666668 5.0 5.0 5.0 5.0 0.0 0.19600001 2 TOUCH_MOVE Back
1401701198210 6 4098 676.75 1094.9509 0.23333335 4.0 4.0 4.0 4.0 0.0 0.19600001 2 TOUCH_MOVE Back
1401701198232 6 4098 676.75 1094.9509 0.23333335 4.0 4.0 4.0 4.0 0.0 0.19600001 1 TOUCH_UP Back
1401701198831 6 4098 495.5 1120.4509 0.3 5.0 5.0 5.0 5.0 0.0 0.18800001 0 TOUCH_DOWN n
1401701198844 6 4098 495.5 1120.4509 0.3 5.0 5.0 5.0 5.0 0.0 0.192 2 TOUCH_MOVE n
1401701198878 6 4098 494.7843 1119.0195 0.3 5.0 5.0 5.0 5.0 0.0 0.2 2 TOUCH_MOVE n
1401701198894 6 4098 494.0 1117.7534 0.3 5.0 5.0 5.0 5.0 0.0 0.19600001 2 TOUCH_MOVE n
1401701198913 6 4098 493.5 1116.9509 0.3 5.0 5.0 5.0 5.0 0.0 0.192 2 TOUCH_MOVE n
1401701198916 6 4098 493.5 1116.9509 0.3 5.0 5.0 5.0 5.0 0.0 0.192 1 TOUCH_UP n
1401701199040 6 4098 360.5 964.951 0.23333335 4.0 4.0 4.0 4.0 0.0 0.208 0 TOUCH_DOWN g
1401701199093 6 4098 360.0 964.951 0.16666667 3.0 3.0 3.0 3.0 0.0 0.19600001 2 TOUCH_MOVE g
1401701199097 6 4098 360.0 964.951 0.16666667 3.0 3.0 3.0 3.0 0.0 0.19600001 1 TOUCH_UP g
1401701199259 6 4098 58.5 984.951 0.23333335 4.0 4.0 4.0 4.0 0.0 0.20400001 0 TOUCH_DOWN a
1401701199278 6 4098 58.5 984.951 0.23333335 4.0 4.0 4.0 4.0 0.0 0.208 2 TOUCH_MOVE a
1401701199301 6 4098 58.5 984.951 0.13333334 2.0 2.0 2.0 2.0 0.0 0.15200001 2 TOUCH_MOVE a
1401701199304 6 4098 58.5 984.951 0.13333334 2.0 2.0 2.0 2.0 0.0 0.15200001 1 TOUCH_UP a
1401701199518 6 4098 413.5 852.951 0.23333335 4.0 4.0 4.0 4.0 0.0 0.20400001 0 TOUCH_DOWN y
1401701199535 6 4098 413.5 852.951 0.23333335 4.0 4.0 4.0 4.0 0.0 0.208 2 TOUCH_MOVE y
1401701199554 6 4098 412.79907 852.951 0.23333335 4.0 4.0 4.0 4.0 0.0 0.21200001 2 TOUCH_MOVE y
1401701199561 6 4098 411.8191 852.951 0.23333335 4.0 4.0 4.0 4.0 0.0 0.20400001 2 TOUCH_MOVE y
1401701199573 6 4098 411.8191 852.951 0.23333335 4.0 4.0 4.0 4.0 0.0 0.20400001 1 TOUCH_UP y
1401701199746 6 4098 348.5 1218.4509 0.20000002 3.0 3.0 3.0 3.0 0.0 0.192 0 TOUCH_DOWN Space
1401701199764 6 4098 348.5 1218.4509 0.23333335 4.0 4.0 4.0 4.0 0.0 0.19600001 2 TOUCH_MOVE Space
1401701199809 6 4098 348.5 1218.4509 0.23333335 4.0 4.0 4.0 4.0 0.0 0.19600001 1 TOUCH_UP Space
1401701200276 6 4098 506.5 1105.9509 0.3 5.0 5.0 5.0 5.0 0.0 0.192 0 TOUCH_DOWN n
1401701200298 6 4098 506.5 1105.9509 0.3 5.0 5.0 5.0 5.0 0.0 0.2 2 TOUCH_MOVE n
1401701200330 6 4098 505.05075 1104.5017 0.3 5.0 5.0 5.0 5.0 0.0 0.19600001 2 TOUCH_MOVE n
1401701200342 6 4098 504.5 1103.9509 0.3 5.0 5.0 5.0 5.0 0.0 0.192 2 TOUCH_MOVE n
1401701200345 6 4098 504.5 1103.9509 0.3 5.0 5.0 5.0 5.0 0.0 0.192 1 TOUCH_UP n
1401701200471 6 4098 355.0 957.451 0.26666668 4.0 4.0 4.0 4.0 0.0 0.20400001 0 TOUCH_DOWN g
1401701200479 6 4098 355.0 957.451 0.26666668 4.0 4.0 4.0 4.0 0.0 0.208 2 TOUCH_MOVE g
1401701200513 6 4098 351.93246 954.3835 0.26666668 4.0 4.0 4.0 4.0 0.0 0.20400001 2 TOUCH_MOVE g
1401701200529 6 4098 350.5032 953.951 0.26666668 4.0 4.0 4.0 4.0 0.0 0.20400001 2 TOUCH_MOVE g
1401701200541 6 4098 350.5 953.951 0.23333335 4.0 4.0 4.0 4.0 0.0 0.19600001 2 TOUCH_MOVE g
1401701200544 6 4098 350.5 953.951 0.23333335 4.0 4.0 4.0 4.0 0.0 0.19600001 1 TOUCH_UP g
1401701200681 6 4098 58.5 973.451 0.16666667 3.0 3.0 3.0 3.0 0.0 0.2 0 TOUCH_DOWN a
1401701200700 6 4098 58.5 973.451 0.16666667 3.0 3.0 3.0 3.0 0.0 0.20400001 2 TOUCH_MOVE a
1401701200738 6 4098 58.5 973.451 0.16666667 3.0 3.0 3.0 3.0 0.0 0.20400001 1 TOUCH_UP a
1401701200964 6 4098 410.5 852.451 0.20000002 4.0 4.0 4.0 4.0 0.0 0.20400001 0 TOUCH_DOWN y
1401701200981 6 4098 410.5 852.451 0.23333335 4.0 4.0 4.0 4.0 0.0 0.20400001 2 TOUCH_MOVE y
1401701201020 6 4098 410.5 852.451 0.23333335 4.0 4.0 4.0 4.0 0.0 0.20400001 1 TOUCH_UP y
1401701201166 6 4098 358.5 1213.4509 0.16666667 3.0 3.0 3.0 3.0 0.0 0.192 0 TOUCH_DOWN Space
1401701201180 6 4098 358.5 1213.4509 0.16666667 3.0 3.0 3.0 3.0 0.0 0.19600001 2 TOUCH_MOVE Space
1401701201213 6 4098 357.0733 1213.4509 0.23333335 4.0 4.0 4.0 4.0 0.0 0.19600001 2 TOUCH_MOVE Space
1401701201230 6 4098 356.75 1213.4509 0.23333335 4.0 4.0 4.0 4.0 0.0 0.19600001 2 TOUCH_MOVE Space
1401701201237 6 4098 356.75 1213.4509 0.23333335 4.0 4.0 4.0 4.0 0.0 0.19600001 1 TOUCH_UP Space
1401701201806 6 4098 286.0 1095.4509 0.23333335 4.0 4.0 4.0 4.0 0.0 0.19600001 0 TOUCH_DOWN c
1401701201814 6 4098 286.0 1095.4509 0.23333335 4.0 4.0 4.0 4.0 0.0 0.2 2 TOUCH_MOVE c
1401701201858 6 4098 286.0 1094.9509 0.20000002 4.0 4.0 4.0 4.0 0.0 0.18400002 2 TOUCH_MOVE c
1401701201862 6 4098 286.0 1094.9509 0.20000002 4.0 4.0 4.0 4.0 0.0 0.18400002 1 TOUCH_UP c
1401701201980 6 4098 454.0 965.951 0.20000002 4.0 4.0 4.0 4.0 0.0 0.192 0 TOUCH_DOWN h
1401701202047 6 4098 454.0 965.951 0.20000002 4.0 4.0 4.0 4.0 0.0 0.192 1 TOUCH_UP h
1401701202184 6 4098 85.0 977.951 0.23333335 4.0 4.0 4.0 4.0 0.0 0.208 0 TOUCH_DOWN a
1401701202240 6 4098 85.0 977.951 0.20000002 4.0 4.0 4.0 4.0 0.0 0.18400002 2 TOUCH_MOVE a
1401701202244 6 4098 85.0 977.951 0.20000002 4.0 4.0 4.0 4.0 0.0 0.18400002 1 TOUCH_UP a
1401701202484 6 4098 480.0 833.451 0.26666668 4.0 4.0 4.0 4.0 0.0 0.2 0 TOUCH_DOWN u
1401701202547 6 4098 480.5 834.451 0.23333335 4.0 4.0 4.0 4.0 0.0 0.18400002 2 TOUCH_MOVE u
1401701202551 6 4098 480.5 834.451 0.23333335 4.0 4.0 4.0 4.0 0.0 0.18400002 1 TOUCH_UP u
1401701202717 6 4098 355.0 1222.9509 0.16666667 3.0 3.0 3.0 3.0 0.0 0.19600001 0 TOUCH_DOWN Space
1401701202778 6 4098 355.5 1222.9509 0.16666667 3.0 3.0 3.0 3.0 0.0 0.116000004 2 TOUCH_MOVE Space
1401701202781 6 4098 355.5 1222.9509 0.16666667 3.0 3.0 3.0 3.0 0.0 0.116000004 1 TOUCH_UP Space
1401701202899 6 4098 531.5 1095.9509 0.16666667 3.0 3.0 3.0 3.0 0.0 0.192 0 TOUCH_DOWN n
1401701202931 6 4098 530.98706 1095.9509 0.20000002 3.0 3.0 3.0 3.0 0.0 0.19600001 2 TOUCH_MOVE n
1401701202951 6 4098 529.98376 1095.4509 0.20000002 3.0 3.0 3.0 3.0 0.0 0.19600001 2 TOUCH_MOVE n
1401701202965 6 4098 529.04065 1094.9509 0.20000002 3.0 3.0 3.0 3.0 0.0 0.192 2 TOUCH_MOVE n
1401701202968 6 4098 529.0 1094.9509 0.13333334 2.0 2.0 2.0 2.0 0.0 0.136 2 TOUCH_MOVE n
1401701202972 6 4098 529.0 1094.9509 0.13333334 2.0 2.0 2.0 2.0 0.0 0.136 1 TOUCH_UP n
1401701203108 6 4098 350.0 953.451 0.26666668 4.0 4.0 4.0 4.0 0.0 0.20400001 0 TOUCH_DOWN g
1401701203152 6 4098 358.5 948.451 0.23333335 4.0 4.0 4.0 4.0 0.0 0.17600001 2 TOUCH_MOVE g
1401701203155 6 4098 358.5 948.451 0.23333335 4.0 4.0 4.0 4.0 0.0 0.17600001 1 TOUCH_UP g
1401701203289 6 4098 642.5 810.451 0.16666667 3.0 3.0 3.0 3.0 0.0 0.192 0 TOUCH_DOWN o
1401701203315 6 4098 641.95233 810.451 0.20000002 3.0 3.0 3.0 3.0 0.0 0.19600001 2 TOUCH_MOVE o
1401701203332 6 4098 638.55176 809.951 0.20000002 3.0 3.0 3.0 3.0 0.0 0.2 2 TOUCH_MOVE o
1401701203349 6 4098 637.3923 809.951 0.20000002 3.0 3.0 3.0 3.0 0.0 0.192 2 TOUCH_MOVE o
1401701203358 6 4098 636.5 810.451 0.16666667 3.0 3.0 3.0 3.0 0.0 0.18 2 TOUCH_MOVE o
1401701203361 6 4098 636.5 810.451 0.16666667 3.0 3.0 3.0 3.0 0.0 0.18 1 TOUCH_UP o
1401701203583 6 4098 73.0 936.951 0.23333335 5.0 5.0 5.0 5.0 0.0 0.208 0 TOUCH_DOWN a
1401701203616 6 4098 73.0 936.951 0.23333335 4.0 4.0 4.0 4.0 0.0 0.18400002 2 TOUCH_MOVE a
1401701203622 6 4098 73.0 936.951 0.23333335 4.0 4.0 4.0 4.0 0.0 0.18400002 1 TOUCH_UP a
1401701203926 6 4098 511.0 1088.4509 0.20000002 4.0 4.0 4.0 4.0 0.0 0.192 0 TOUCH_DOWN n
1401701203966 6 4098 510.34525 1088.4509 0.20000002 4.0 4.0 4.0 4.0 0.0 0.19600001 2 TOUCH_MOVE n
1401701203988 6 4098 510.34525 1088.4509 0.20000002 4.0 4.0 4.0 4.0 0.0 0.19600001 1 TOUCH_UP n
1401701204177 6 4098 497.5 1221.4509 0.26666668 5.0 5.0 5.0 5.0 0.0 0.18800001 0 TOUCH_DOWN .
1401701204183 6 4098 497.5 1221.4509 0.26666668 5.0 5.0 5.0 5.0 0.0 0.192 2 TOUCH_MOVE .
1401701204228 6 4098 497.5 1221.4509 0.26666668 5.0 5.0 5.0 5.0 0.0 0.156 2 TOUCH_MOVE .
1401701204232 6 4098 497.5 1221.4509 0.26666668 5.0 5.0 5.0 5.0 0.0 0.156 1 TOUCH_UP .
