1401700944020 6 4098 664.0 1100.4509 0.3 5.0 5.0 5.0 5.0 0.0 0.19600001 0 TOUCH_DOWN Back
1401700944099 6 4098 664.0 1100.4509 0.3 5.0 5.0 5.0 5.0 0.0 0.19600001 1 TOUCH_UP Back
1401700944956 6 4098 49.5 1103.4509 0.23333335 4.0 4.0 4.0 4.0 0.0 0.2 0 TOUCH_DOWN Change
1401700945020 6 4098 49.5 1103.4509 0.23333335 4.0 4.0 4.0 4.0 0.0 0.2 1 TOUCH_UP Change
1401700945363 6 4098 163.0 967.451 0.23333335 5.0 5.0 5.0 5.0 0.0 0.2 0 TOUCH_DOWN S
1401700945423 6 4098 163.0 967.451 0.23333335 5.0 5.0 5.0 5.0 0.0 0.2 1 TOUCH_UP S
1401700945523 6 4098 42.0 967.951 0.16666667 3.0 3.0 3.0 3.0 0.0 0.19600001 0 TOUCH_DOWN a
1401700945567 6 4098 42.5 968.451 0.16666667 3.0 3.0 3.0 3.0 0.0 0.18 2 TOUCH_MOVE a
1401700945571 6 4098 42.5 968.451 0.16666667 3.0 3.0 3.0 3.0 0.0 0.18 1 TOUCH_UP a
1401700945818 6 4098 510.5 1098.4509 0.23333335 4.0 4.0 4.0 4.0 0.0 0.192 0 TOUCH_DOWN n
1401700945825 6 4098 510.5 1098.4509 0.23333335 4.0 4.0 4.0 4.0 0.0 0.19600001 2 TOUCH_MOVE n
1401700945858 6 4098 510.0407 1097.4917 0.23333335 4.0 4.0 4.0 4.0 0.0 0.2 2 TOUCH_MOVE n
1401700945875 6 4098 509.10138 1096.5522 0.23333335 4.0 4.0 4.0 4.0 0.0 0.2 2 TOUCH_MOVE n
1401700945891 6 4098 508.11975 1095.9509 0.26666668 5.0 5.0 5.0 5.0 0.0 0.2 2 TOUCH_MOVE n
1401700945905 6 4098 508.0 1095.9509 0.23333335 4.0 4.0 4.0 4.0 0.0 0.19600001 2 TOUCH_MOVE n
1401700945908 6 4098 508.0 1095.9509 0.23333335 4.0 4.0 4.0 4.0 0.0 0.19600001 1 TOUCH_UP n
1401700946035 6 4098 363.5 971.451 0.20000002 4.0 4.0 4.0 4.0 0.0 0.20400001 0 TOUCH_DOWN g
1401700946075 6 4098 362.25 970.201 0.20000002 4.0 4.0 4.0 4.0 0.0 0.208 2 TOUCH_MOVE g
1401700946105 6 4098 362.5 970.451 0.16666667 3.0 3.0 3.0 3.0 0.0 0.17600001 2 TOUCH_MOVE g
1401700946108 6 4098 362.5 970.451 0.16666667 3.0 3.0 3.0 3.0 0.0 0.17600001 1 TOUCH_UP g
1401700946242 6 4098 335.5 1214.9509 0.26666668 5.0 5.0 5.0 5.0 0.0 0.19600001 0 TOUCH_DOWN Space
1401700946275 6 4098 334.52148 1214.9509 0.26666668 5.0 5.0 5.0 5.0 0.0 0.19600001 2 TOUCH_MOVE Space
1401700946293 6 4098 333.53476 1213.9857 0.26666668 5.0 5.0 5.0 5.0 0.0 0.19600001 2 TOUCH_MOVE Space
1401700946308 6 4098 333.5 1212.4509 0.20000002 4.0 4.0 4.0 4.0 0.0 0.18 2 TOUCH_MOVE Space
1401700946312 6 4098 333.5 1212.4509 0.20000002 4.0 4.0 4.0 4.0 0.0 0.18 1 TOUCH_UP Space
1401700946532 6 4098 326.5 834.451 0.3 5.0 5.0 5.0 5.0 0.0 0.20400001 0 TOUCH_DOWN t
1401700946542 6 4098 326.5 834.451 0.33333334 5.0 5.0 5.0 5.0 0.0 0.208 2 TOUCH_MOVE t
1401700946599 6 4098 326.5 834.451 0.20000002 4.0 4.0 4.0 4.0 0.0 0.18400002 2 TOUCH_MOVE t
1401700946607 6 4098 326.5 834.451 0.20000002 4.0 4.0 4.0 4.0 0.0 0.18400002 1 TOUCH_UP t
1401700946720 6 4098 431.0 1006.451 0.26666668 4.0 4.0 4.0 4.0 0.0 0.2 0 TOUCH_DOWN h
1401700946759 6 4098 431.0 1005.5915 0.3 5.0 5.0 5.0 5.0 0.0 0.2 2 TOUCH_MOVE h
1401700946772 6 4098 431.0 1005.451 0.26666668 5.0 5.0 5.0 5.0 0.0 0.164 2 TOUCH_MOVE h
1401700946777 6 4098 431.0 1005.451 0.26666668 5.0 5.0 5.0 5.0 0.0 0.164 1 TOUCH_UP h
1401700946877 6 4098 476.0 835.451 0.23333335 4.0 4.0 4.0 4.0 0.0 0.2 0 TOUCH_DOWN u
1401700946882 6 4098 476.0 835.451 0.26666668 5.0 5.0 5.0 5.0 0.0 0.2 2 TOUCH_MOVE u
1401700946926 6 4098 476.0 835.451 0.13333334 2.0 2.0 2.0 2.0 0.0 0.148 2 TOUCH_MOVE u
1401700946931 6 4098 476.0 835.451 0.13333334 2.0 2.0 2.0 2.0 0.0 0.148 1 TOUCH_UP u
1401700947086 6 4098 370.0 1190.4509 0.20000002 4.0 4.0 4.0 4.0 0.0 0.19600001 0 TOUCH_DOWN Space
1401700947126 6 4098 368.98984 1189.9408 0.23333335 4.0 4.0 4.0 4.0 0.0 0.2 2 TOUCH_MOVE Space
1401700947137 6 4098 369.0 1189.4509 0.23333335 4.0 4.0 4.0 4.0 0.0 0.192 2 TOUCH_MOVE Space
1401700947154 6 4098 369.0 1189.4509 0.23333335 4.0 4.0 4.0 4.0 0.0 0.192 1 TOUCH_UP Space
1401700947265 6 4098 459.5 978.951 0.23333335 4.0 4.0 4.0 4.0 0.0 0.19600001 0 TOUCH_DOWN h
1401700947276 6 4098 459.5 978.951 0.23333335 4.0 4.0 4.0 4.0 0.0 0.2 2 TOUCH_MOVE h
1401700947309 6 4098 458.9696 978.951 0.23333335 4.0 4.0 4.0 4.0 0.0 0.2 2 TOUCH_MOVE h
1401700947319 6 4098 458.5 978.951 0.23333335 4.0 4.0 4.0 4.0 0.0 0.192 2 TOUCH_MOVE h
1401700947323 6 4098 458.5 978.951 0.23333335 4.0 4.0 4.0 4.0 0.0 0.192 1 TOUCH_UP h
1401700947476 6 4098 86.5 963.951 0.23333335 4.0 4.0 4.0 4.0 0.0 0.208 0 TOUCH_DOWN a
1401700947495 6 4098 85.597275 963.951 0.23333335 4.0 4.0 4.0 4.0 0.0 0.21200001 2 TOUCH_MOVE a
1401700947510 6 4098 83.68468 963.951 0.23333335 4.0 4.0 4.0 4.0 0.0 0.21200001 2 TOUCH_MOVE a
1401700947526 6 4098 83.25 963.951 0.23333335 4.0 4.0 4.0 4.0 0.0 0.21200001 2 TOUCH_MOVE a
1401700947530 6 4098 83.25 963.951 0.23333335 4.0 4.0 4.0 4.0 0.0 0.21200001 1 TOUCH_UP a
1401700947779 6 4098 522.0 835.951 0.23333335 4.0 4.0 4.0 4.0 0.0 0.2 0 TOUCH_DOWN i
1401700947794 6 4098 522.0 835.951 0.26666668 5.0 5.0 5.0 5.0 0.0 0.20400001 2 TOUCH_MOVE i
1401700947810 6 4098 521.0244 834.9754 0.3 5.0 5.0 5.0 5.0 0.0 0.20400001 2 TOUCH_MOVE i
1401700947826 6 4098 520.0666 834.451 0.3 5.0 5.0 5.0 5.0 0.0 0.20400001 2 TOUCH_MOVE i
1401700947844 6 4098 519.75 834.451 0.23333335 4.0 4.0 4.0 4.0 0.0 0.20400001 2 TOUCH_MOVE i
1401700947851 6 4098 519.75 834.451 0.23333335 4.0 4.0 4.0 4.0 0.0 0.20400001 1 TOUCH_UP i
1401700948025 6 4098 329.5 1224.9509 0.26666668 5.0 5.0 5.0 5.0 0.0 0.19600001 0 TOUCH_DOWN Space
1401700948060 6 4098 328.0997 1223.6503 0.26666668 5.0 5.0 5.0 5.0 0.0 0.2 2 TOUCH_MOVE Space
1401700948079 6 4098 327.5 1222.5931 0.26666668 5.0 5.0 5.0 5.0 0.0 0.2 2 TOUCH_MOVE Space
1401700948091 6 4098 328.5 1221.4509 0.23333335 4.0 4.0 4.0 4.0 0.0 0.18 2 TOUCH_MOVE Space
1401700948094 6 4098 328.5 1221.4509 0.23333335 4.0 4.0 4.0 4.0 0.0 0.18 1 TOUCH_UP Space
1401700948389 6 4098 644.5 963.451 0.20000002 3.0 3.0 3.0 3.0 0.0 0.2 0 TOUCH_DOWN l
1401700948394 6 4098 644.5 963.451 0.20000002 3.0 3.0 3.0 3.0 0.0 0.20400001 2 TOUCH_MOVE l
1401700948427 6 4098 643.44885 960.84863 0.23333335 4.0 4.0 4.0 4.0 0.0 0.208 2 TOUCH_MOVE l
1401700948444 6 4098 642.5484 959.4994 0.20000002 3.0 3.0 3.0 3.0 0.0 0.208 2 TOUCH_MOVE l
1401700948462 6 4098 641.75 959.451 0.20000002 3.0 3.0 3.0 3.0 0.0 0.2 2 TOUCH_MOVE l
1401700948466 6 4098 641.75 959.451 0.20000002 3.0 3.0 3.0 3.0 0.0 0.2 1 TOUCH_UP l
1401700948676 6 4098 58.5 967.951 0.16666667 3.0 3.0 3.0 3.0 0.0 0.20400001 0 TOUCH_DOWN a
1401700948694 6 4098 58.5 967.951 0.20000002 3.0 3.0 3.0 3.0 0.0 0.208 2 TOUCH_MOVE a
1401700948742 6 4098 58.5 967.951 0.13333334 2.0 2.0 2.0 2.0 0.0 0.164 2 TOUCH_MOVE a
1401700948745 6 4098 58.5 967.951 0.13333334 2.0 2.0 2.0 2.0 0.0 0.164 1 TOUCH_UP a
1401700948902 6 4098 317.5 1208.9509 0.23333335 4.0 4.0 4.0 4.0 0.0 0.2 0 TOUCH_DOWN Space
1401700948961 6 4098 316.18478 1207.6357 0.23333335 4.0 4.0 4.0 4.0 0.0 0.2 2 TOUCH_MOVE Space
1401700948967 6 4098 316.0 1207.4509 0.23333335 4.0 4.0 4.0 4.0 0.0 0.192 2 TOUCH_MOVE Space
1401700948971 6 4098 316.0 1207.4509 0.23333335 4.0 4.0 4.0 4.0 0.0 0.192 1 TOUCH_UP Space
1401700949139 6 4098 145.0 951.451 0.26666668 4.0 4.0 4.0 4.0 0.0 0.21200001 0 TOUCH_DOWN s
1401700949161 6 4098 144.56837 951.01935 0.26666668 4.0 4.0 4.0 4.0 0.0 0.208 2 TOUCH_MOVE s
1401700949186 6 4098 144.17337 950.1244 0.3 5.0 5.0 5.0 5.0 0.0 0.21200001 2 TOUCH_MOVE s
1401700949194 6 4098 143.25 949.201 0.26666668 4.0 4.0 4.0 4.0 0.0 0.208 2 TOUCH_MOVE s
1401700949214 6 4098 143.25 949.201 0.26666668 4.0 4.0 4.0 4.0 0.0 0.208 1 TOUCH_UP s
1401700949313 6 4098 37.5 962.951 0.16666667 3.0 3.0 3.0 3.0 0.0 0.18800001 0 TOUCH_DOWN a
1401700949360 6 4098 37.5 962.951 0.16666667 3.0 3.0 3.0 3.0 0.0 0.18800001 1 TOUCH_UP a
1401700949616 6 4098 512.5 1116.4509 0.3 5.0 5.0 5.0 5.0 0.0 0.2 0 TOUCH_DOWN n
1401700949645 6 4098 509.9918 1114.4427 0.3 5.0 5.0 5.0 5.0 0.0 0.2 2 TOUCH_MOVE n
1401700949661 6 4098 506.85477 1111.3057 0.3 5.0 5.0 5.0 5.0 0.0 0.20400001 2 TOUCH_MOVE n
1401700949678 6 4098 504.73627 1109.1871 0.3 5.0 5.0 5.0 5.0 0.0 0.2 2 TOUCH_MOVE n
1401700949695 6 4098 503.9341 1108.385 0.26666668 5.0 5.0 5.0 5.0 0.0 0.14 2 TOUCH_MOVE n
1401700949699 6 4098 503.9341 1108.385 0.26666668 5.0 5.0 5.0 5.0 0.0 0.14 1 TOUCH_UP n
1401700949865 6 4098 365.5 951.951 0.26666668 4.0 4.0 4.0 4.0 0.0 0.208 0 TOUCH_DOWN g
1401700949930 6 4098 365.5 951.951 0.26666668 4.0 4.0 4.0 4.0 0.0 0.208 1 TOUCH_UP g
1401700950052 6 4098 341.5 1220.4509 0.23333335 4.0 4.0 4.0 4.0 0.0 0.19600001 0 TOUCH_DOWN Space
1401700950097 6 4098 339.7829 1219.2338 0.26666668 5.0 5.0 5.0 5.0 0.0 0.19600001 2 TOUCH_MOVE Space
1401700950112 6 4098 338.82184 1218.2728 0.23333335 4.0 4.0 4.0 4.0 0.0 0.18400002 2 TOUCH_MOVE Space
1401700950115 6 4098 338.82184 1218.2728 0.23333335 4.0 4.0 4.0 4.0 0.0 0.18400002 1 TOUCH_UP Space
1401700950328 6 4098 208.5 934.451 0.26666668 4.0 4.0 4.0 4.0 0.0 0.208 0 TOUCH_DOWN d
1401700950359 6 4098 208.5 934.451 0.26666668 4.0 4.0 4.0 4.0 0.0 0.21200001 2 TOUCH_MOVE d
1401700950379 6 4098 207.88472 934.451 0.26666668 4.0 4.0 4.0 4.0 0.0 0.208 2 TOUCH_MOVE d
1401700950383 6 4098 207.88472 934.451 0.26666668 4.0 4.0 4.0 4.0 0.0 0.208 1 TOUCH_UP d
1401700950511 6 4098 39.0 966.951 0.13333334 2.0 2.0 2.0 2.0 0.0 0.192 0 TOUCH_DOWN a
1401700950529 6 4098 39.0 966.951 0.16666667 3.0 3.0 3.0 3.0 0.0 0.192 2 TOUCH_MOVE a
1401700950555 6 4098 40.0 966.451 0.16666667 3.0 3.0 3.0 3.0 0.0 0.17600001 2 TOUCH_MOVE a
1401700950558 6 4098 40.0 966.451 0.16666667 3.0 3.0 3.0 3.0 0.0 0.17600001 1 TOUCH_UP a
1401700950770 6 4098 467.0 829.951 0.23333335 5.0 5.0 5.0 5.0 0.0 0.20400001 0 TOUCH_DOWN u
1401700950779 6 4098 467.0 829.951 0.26666668 5.0 5.0 5.0 5.0 0.0 0.20400001 2 TOUCH_MOVE u
1401700950829 6 4098 467.0 830.5414 0.20000002 4.0 4.0 4.0 4.0 0.0 0.192 2 TOUCH_MOVE u
1401700950836 6 4098 467.0 830.5414 0.20000002 4.0 4.0 4.0 4.0 0.0 0.192 1 TOUCH_UP u
1401700951006 6 4098 320.5 1207.9509 0.23333335 4.0 4.0 4.0 4.0 0.0 0.19600001 0 TOUCH_DOWN Space
1401700951013 6 4098 320.5 1207.9509 0.23333335 4.0 4.0 4.0 4.0 0.0 0.2 2 TOUCH_MOVE Space
1401700951047 6 4098 320.5 1207.4474 0.23333335 4.0 4.0 4.0 4.0 0.0 0.2 2 TOUCH_MOVE Space
1401700951063 6 4098 321.43396 1206.484 0.23333335 4.0 4.0 4.0 4.0 0.0 0.192 2 TOUCH_MOVE Space
1401700951066 6 4098 321.5 1206.4509 0.23333335 5.0 5.0 5.0 5.0 0.0 0.18400002 2 TOUCH_MOVE Space
1401700951069 6 4098 321.5 1206.4509 0.23333335 5.0 5.0 5.0 5.0 0.0 0.18400002 1 TOUCH_UP Space
1401700951674 6 4098 326.5 845.451 0.26666668 5.0 5.0 5.0 5.0 0.0 0.208 0 TOUCH_DOWN t
1401700951680 6 4098 326.5 845.451 0.3 5.0 5.0 5.0 5.0 0.0 0.21200001 2 TOUCH_MOVE t
1401700951697 6 4098 325.98672 844.93774 0.26666668 4.0 4.0 4.0 4.0 0.0 0.216 2 TOUCH_MOVE t
1401700951713 6 4098 324.50693 843.95795 0.3 5.0 5.0 5.0 5.0 0.0 0.216 2 TOUCH_MOVE t
1401700951730 6 4098 323.75 843.201 0.26666668 4.0 4.0 4.0 4.0 0.0 0.21200001 2 TOUCH_MOVE t
1401700951745 6 4098 323.75 843.201 0.26666668 4.0 4.0 4.0 4.0 0.0 0.21200001 1 TOUCH_UP t
1401700951855 6 4098 505.0 807.451 0.23333335 4.0 4.0 4.0 4.0 0.0 0.2 0 TOUCH_DOWN i
1401700951870 6 4098 505.0 807.451 0.26666668 5.0 5.0 5.0 5.0 0.0 0.20400001 2 TOUCH_MOVE i
1401700951914 6 4098 504.49466 807.9563 0.26666668 5.0 5.0 5.0 5.0 0.0 0.18400002 2 TOUCH_MOVE i
1401700951918 6 4098 504.49466 807.9563 0.26666668 5.0 5.0 5.0 5.0 0.0 0.18400002 1 TOUCH_UP i
1401700952091 6 4098 77.0 955.951 0.26666668 4.0 4.0 4.0 4.0 0.0 0.21200001 0 TOUCH_DOWN a
1401700952131 6 4098 76.38522 955.951 0.26666668 4.0 4.0 4.0 4.0 0.0 0.216 2 TOUCH_MOVE a
1401700952145 6 4098 76.38522 955.951 0.26666668 4.0 4.0 4.0 4.0 0.0 0.216 1 TOUCH_UP a
1401700952493 6 4098 501.0 1081.9509 0.23333335 5.0 5.0 5.0 5.0 0.0 0.2 0 TOUCH_DOWN n
1401700952531 6 4098 501.0 1081.4222 0.23333335 5.0 5.0 5.0 5.0 0.0 0.19600001 2 TOUCH_MOVE n
1401700952550 6 4098 501.0 1080.9509 0.23333335 5.0 5.0 5.0 5.0 0.0 0.2 2 TOUCH_MOVE n
1401700952553 6 4098 501.0 1080.9509 0.23333335 5.0 5.0 5.0 5.0 0.0 0.2 1 TOUCH_UP n
1401700952906 6 4098 670.0 1230.9509 0.26666668 5.0 5.0 5.0 5.0 0.0 0.18800001 0 TOUCH_DOWN Enter
1401700952948 6 4098 668.84186 1229.7928 0.26666668 5.0 5.0 5.0 5.0 0.0 0.18800001 2 TOUCH_MOVE Enter
1401700952965 6 4098 668.25 1229.2009 0.26666668 5.0 5.0 5.0 5.0 0.0 0.18800001 2 TOUCH_MOVE Enter
1401700952968 6 4098 668.25 1229.2009 0.26666668 5.0 5.0 5.0 5.0 0.0 0.18800001 1 TOUCH_UP Enter
1401700954289 6 4098 668.5 1082.9509 0.23333335 5.0 5.0 5.0 5.0 0.0 0.19600001 0 TOUCH_DOWN Back
1401700954302 6 4098 668.5 1082.9509 0.23333335 5.0 5.0 5.0 5.0 0.0 0.2 2 TOUCH_MOVE Back
1401700954332 6 4098 667.5293 1082.4509 0.23333335 5.0 5.0 5.0 5.0 0.0 0.20400001 2 TOUCH_MOVE Back
1401700954358 6 4098 666.75 1082.4509 0.23333335 5.0 5.0 5.0 5.0 0.0 0.2 2 TOUCH_MOVE Back
1401700954365 6 4098 666.75 1082.4509 0.23333335 5.0 5.0 5.0 5.0 0.0 0.2 1 TOUCH_UP Back
1401700954618 6 4098 673.0 1083.4509 0.20000002 4.0 4.0 4.0 4.0 0.0 0.19600001 0 TOUCH_DOWN Back
1401700954647 6 4098 673.0 1083.4509 0.23333335 5.0 5.0 5.0 5.0 0.0 0.2 2 TOUCH_MOVE Back
1401700954668 6 4098 672.5 1082.2474 0.23333335 5.0 5.0 5.0 5.0 0.0 0.20400001 2 TOUCH_MOVE Back
1401700954684 6 4098 672.5 1081.7009 0.23333335 5.0 5.0 5.0 5.0 0.0 0.2 2 TOUCH_MOVE Back
1401700954695 6 4098 672.5 1081.7009 0.23333335 5.0 5.0 5.0 5.0 0.0 0.2 1 TOUCH_UP Back
1401700955081 6 4098 690.5 1119.4509 0.23333335 4.0 4.0 4.0 4.0 0.0 0.19600001 0 TOUCH_DOWN Back
1401700955103 6 4098 690.1509 1119.4509 0.23333335 4.0 4.0 4.0 4.0 0.0 0.2 2 TOUCH_MOVE Back
1401700955117 6 4098 688.65643 1118.7792 0.3 5.0 5.0 5.0 5.0 0.0 0.20400001 2 TOUCH_MOVE Back
1401700955133 6 4098 687.45233 1117.9032 0.3 5.0 5.0 5.0 5.0 0.0 0.20400001 2 TOUCH_MOVE Back
1401700955150 6 4098 686.75 1117.2009 0.26666668 4.0 4.0 4.0 4.0 0.0 0.2 2 TOUCH_MOVE Back
1401700955163 6 4098 686.75 1117.2009 0.26666668 4.0 4.0 4.0 4.0 0.0 0.2 1 TOUCH_UP Back
1401700955369 6 4098 686.5 1105.9509 0.23333335 4.0 4.0 4.0 4.0 0.0 0.19600001 0 TOUCH_DOWN Back
1401700955385 6 4098 686.5 1105.9509 0.26666668 4.0 4.0 4.0 4.0 0.0 0.2 2 TOUCH_MOVE Back
1401700955400 6 4098 685.9946 1105.4456 0.26666668 4.0 4.0 4.0 4.0 0.0 0.20400001 2 TOUCH_MOVE Back
1401700955418 6 4098 684.0416 1104.4717 0.26666668 4.0 4.0 4.0 4.0 0.0 0.20400001 2 TOUCH_MOVE Back
1401700955434 6 4098 683.25 1103.7009 0.26666668 4.0 4.0 4.0 4.0 0.0 0.20400001 2 TOUCH_MOVE Back
1401700955449 6 4098 683.25 1103.7009 0.26666668 4.0 4.0 4.0 4.0 0.0 0.20400001 1 TOUCH_UP Back
1401700955937 6 4098 492.0 816.951 0.3 5.0 5.0 5.0 5.0 0.0 0.208 0 TOUCH_DOWN u
1401700955952 6 4098 492.0 816.951 0.23333335 4.0 4.0 4.0 4.0 0.0 0.208 2 TOUCH_MOVE u
1401700955984 6 4098 490.8235 815.7745 0.26666668 4.0 4.0 4.0 4.0 0.0 0.21200001 2 TOUCH_MOVE u
1401700956003 6 4098 489.09232 815.951 0.26666668 4.0 4.0 4.0 4.0 0.0 0.208 2 TOUCH_MOVE u
1401700956010 6 4098 488.0 815.951 0.26666668 4.0 4.0 4.0 4.0 0.0 0.18400002 2 TOUCH_MOVE u
1401700956015 6 4098 488.0 815.951 0.26666668 4.0 4.0 4.0 4.0 0.0 0.18400002 1 TOUCH_UP u
1401700956209 6 4098 70.0 947.451 0.23333335 4.0 4.0 4.0 4.0 0.0 0.208 0 TOUCH_DOWN a
1401700956218 6 4098 70.0 947.451 0.26666668 5.0 5.0 5.0 5.0 0.0 0.21200001 2 TOUCH_MOVE a
1401700956261 6 4098 70.0 947.451 0.20000002 4.0 4.0 4.0 4.0 0.0 0.17600001 2 TOUCH_MOVE a
1401700956265 6 4098 70.0 947.451 0.20000002 4.0 4.0 4.0 4.0 0.0 0.17600001 1 TOUCH_UP a
1401700956548 6 4098 530.5 1091.9509 0.23333335 4.0 4.0 4.0 4.0 0.0 0.20400001 0 TOUCH_DOWN n
1401700956569 6 4098 530.5 1091.9509 0.23333335 4.0 4.0 4.0 4.0 0.0 0.208 2 TOUCH_MOVE n
1401700956586 6 4098 530.5 1091.9509 0.23333335 4.0 4.0 4.0 4.0 0.0 0.208 1 TOUCH_UP n
1401700957718 6 4098 671.0 1207.9509 0.26666668 5.0 5.0 5.0 5.0 0.0 0.19600001 0 TOUCH_DOWN Enter
1401700957752 6 4098 670.47754 1207.9509 0.26666668 5.0 5.0 5.0 5.0 0.0 0.19600001 2 TOUCH_MOVE Enter
1401700957769 6 4098 669.75 1207.9509 0.26666668 5.0 5.0 5.0 5.0 0.0 0.2 2 TOUCH_MOVE Enter
1401700957790 6 4098 669.75 1207.9509 0.26666668 5.0 5.0 5.0 5.0 0.0 0.2 1 TOUCH_UP Enter
1401700958807 6 4098 274.0 1096.9509 0.3 5.0 5.0 5.0 5.0 0.0 0.2 0 TOUCH_DOWN C
1401700958827 6 4098 274.0 1096.9509 0.26666668 5.0 5.0 5.0 5.0 0.0 0.20400001 2 TOUCH_MOVE C
1401700958837 6 4098 273.43842 1096.9509 0.26666668 5.0 5.0 5.0 5.0 0.0 0.208 2 TOUCH_MOVE C
1401700958854 6 4098 272.412 1096.9509 0.26666668 5.0 5.0 5.0 5.0 0.0 0.20400001 2 TOUCH_MOVE C
1401700958870 6 4098 272.5 1096.9509 0.20000002 4.0 4.0 4.0 4.0 0.0 0.172 2 TOUCH_MOVE C
1401700958875 6 4098 272.5 1096.9509 0.20000002 4.0 4.0 4.0 4.0 0.0 0.172 1 TOUCH_UP C
1401700958991 6 4098 446.0 950.951 0.3 5.0 5.0 5.0 5.0 0.0 0.20400001 0 TOUCH_DOWN h
1401700959004 6 4098 446.0 950.951 0.3 5.0 5.0 5.0 5.0 0.0 0.2 2 TOUCH_MOVE h
1401700959037 6 4098 445.3143 950.451 0.3 5.0 5.0 5.0 5.0 0.0 0.20400001 2 TOUCH_MOVE h
1401700959055 6 4098 444.75 950.451 0.3 5.0 5.0 5.0 5.0 0.0 0.2 2 TOUCH_MOVE h
1401700959066 6 4098 444.75 950.451 0.3 5.0 5.0 5.0 5.0 0.0 0.2 1 TOUCH_UP h
1401700959221 6 4098 72.0 966.451 0.23333335 4.0 4.0 4.0 4.0 0.0 0.208 0 TOUCH_DOWN a
1401700959240 6 4098 71.08183 966.2419 0.20000002 3.0 3.0 3.0 3.0 0.0 0.208 2 TOUCH_MOVE a
1401700959255 6 4098 69.33722 965.2882 0.20000002 3.0 3.0 3.0 3.0 0.0 0.208 2 TOUCH_MOVE a
1401700959278 6 4098 68.5 964.451 0.20000002 3.0 3.0 3.0 3.0 0.0 0.19600001 2 TOUCH_MOVE a
1401700959281 6 4098 68.5 964.451 0.20000002 3.0 3.0 3.0 3.0 0.0 0.19600001 1 TOUCH_UP a
1401700959530 6 4098 600.5 812.951 0.23333335 4.0 4.0 4.0 4.0 0.0 0.19600001 0 TOUCH_DOWN o
1401700959555 6 4098 600.5 812.951 0.23333335 4.0 4.0 4.0 4.0 0.0 0.2 2 TOUCH_MOVE o
1401700959601 6 4098 599.5 815.951 0.26666668 5.0 5.0 5.0 5.0 0.0 0.18 2 TOUCH_MOVE o
1401700959604 6 4098 599.5 815.951 0.26666668 5.0 5.0 5.0 5.0 0.0 0.18 1 TOUCH_UP o
1401700959819 6 4098 336.5 1212.4509 0.23333335 4.0 4.0 4.0 4.0 0.0 0.19600001 0 TOUCH_DOWN Space
1401700959887 6 4098 336.5 1212.4509 0.23333335 5.0 5.0 5.0 5.0 0.0 0.16800001 2 TOUCH_MOVE Space
1401700959891 6 4098 336.5 1212.4509 0.23333335 5.0 5.0 5.0 5.0 0.0 0.16800001 1 TOUCH_UP Space
1401700960010 6 4098 260.0 1082.9509 0.20000002 4.0 4.0 4.0 4.0 0.0 0.2 0 TOUCH_DOWN c
1401700960024 6 4098 260.0 1082.9509 0.20000002 4.0 4.0 4.0 4.0 0.0 0.20400001 2 TOUCH_MOVE c
1401700960053 6 4098 260.0 1082.9509 0.26666668 5.0 5.0 5.0 5.0 0.0 0.16000001 2 TOUCH_MOVE c
1401700960056 6 4098 260.0 1082.9509 0.26666668 5.0 5.0 5.0 5.0 0.0 0.16000001 1 TOUCH_UP c
1401700960232 6 4098 600.5 832.451 0.3 5.0 5.0 5.0 5.0 0.0 0.19600001 0 TOUCH_DOWN o
1401700960238 6 4098 600.5 832.451 0.3 5.0 5.0 5.0 5.0 0.0 0.2 2 TOUCH_MOVE o
1401700960272 6 4098 600.5 831.7973 0.3 5.0 5.0 5.0 5.0 0.0 0.2 2 TOUCH_MOVE o
1401700960286 6 4098 600.5 832.451 0.26666668 4.0 4.0 4.0 4.0 0.0 0.18 2 TOUCH_MOVE o
1401700960289 6 4098 600.5 832.451 0.26666668 4.0 4.0 4.0 4.0 0.0 0.18 1 TOUCH_UP o
1401700960474 6 4098 374.5 1202.9509 0.20000002 4.0 4.0 4.0 4.0 0.0 0.19600001 0 TOUCH_DOWN Space
1401700960554 6 4098 374.5 1202.9509 0.20000002 4.0 4.0 4.0 4.0 0.0 0.19600001 1 TOUCH_UP Space
1401700960693 6 4098 394.5 964.951 0.26666668 5.0 5.0 5.0 5.0 0.0 0.2 0 TOUCH_DOWN h
1401700960706 6 4098 394.1593 964.6103 0.26666668 5.0 5.0 5.0 5.0 0.0 0.20400001 2 TOUCH_MOVE h
1401700960728 6 4098 392.9672 962.91815 0.26666668 5.0 5.0 5.0 5.0 0.0 0.2 2 TOUCH_MOVE h
1401700960739 6 4098 391.76617 960.15247 0.26666668 5.0 5.0 5.0 5.0 0.0 0.2 2 TOUCH_MOVE h
1401700960747 6 4098 392.0 959.451 0.26666668 4.0 4.0 4.0 4.0 0.0 0.18800001 2 TOUCH_MOVE h
1401700960750 6 4098 392.0 959.451 0.26666668 4.0 4.0 4.0 4.0 0.0 0.18800001 1 TOUCH_UP h
1401700960867 6 4098 567.0 799.951 0.20000002 4.0 4.0 4.0 4.0 0.0 0.19600001 0 TOUCH_DOWN i
1401700960925 6 4098 566.126 800.325 0.20000002 4.0 4.0 4.0 4.0 0.0 0.192 2 TOUCH_MOVE i
1401700960932 6 4098 566.0 800.451 0.20000002 4.0 4.0 4.0 4.0 0.0 0.17600001 2 TOUCH_MOVE i
1401700960935 6 4098 566.0 800.451 0.20000002 4.0 4.0 4.0 4.0 0.0 0.17600001 1 TOUCH_UP i
1401700961138 6 4098 71.5 953.951 0.20000002 4.0 4.0 4.0 4.0 0.0 0.208 0 TOUCH_DOWN a
1401700961190 6 4098 71.5 953.951 0.26666668 4.0 4.0 4.0 4.0 0.0 0.18400002 2 TOUCH_MOVE a
1401700961193 6 4098 71.5 953.951 0.26666668 4.0 4.0 4.0 4.0 0.0 0.18400002 1 TOUCH_UP a
1401700961465 6 4098 604.0 820.451 0.26666668 4.0 4.0 4.0 4.0 0.0 0.2 0 TOUCH_DOWN o
1401700961474 6 4098 604.0 820.451 0.26666668 4.0 4.0 4.0 4.0 0.0 0.20400001 2 TOUCH_MOVE o
1401700961520 6 4098 604.0 820.451 0.26666668 4.0 4.0 4.0 4.0 0.0 0.20400001 1 TOUCH_UP o
1401700962034 6 4098 662.5 1109.9509 0.33333334 5.0 5.0 5.0 5.0 0.0 0.2 0 TOUCH_DOWN Back
1401700962060 6 4098 662.5 1109.5826 0.26666668 4.0 4.0 4.0 4.0 0.0 0.20400001 2 TOUCH_MOVE Back
1401700962073 6 4098 662.2849 1108.5208 0.26666668 4.0 4.0 4.0 4.0 0.0 0.208 2 TOUCH_MOVE Back
1401700962090 6 4098 661.32184 1107.2728 0.26666668 4.0 4.0 4.0 4.0 0.0 0.20400001 2 TOUCH_MOVE Back
1401700962109 6 4098 661.32184 1107.2728 0.26666668 4.0 4.0 4.0 4.0 0.0 0.20400001 1 TOUCH_UP Back
1401700962211 6 4098 670.0 1110.9509 0.33333334 5.0 5.0 5.0 5.0 0.0 0.2 0 TOUCH_DOWN Back
1401700962223 6 4098 670.0 1110.9509 0.3 5.0 5.0 5.0 5.0 0.0 0.20400001 2 TOUCH_MOVE Back
1401700962257 6 4098 668.2443 1108.6952 0.3 5.0 5.0 5.0 5.0 0.0 0.20400001 2 TOUCH_MOVE Back
1401700962272 6 4098 668.0 1108.4509 0.3 5.0 5.0 5.0 5.0 0.0 0.2 2 TOUCH_MOVE Back
1401700962279 6 4098 668.0 1108.4509 0.3 5.0 5.0 5.0 5.0 0.0 0.2 1 TOUCH_UP Back
1401700962368 6 4098 677.5 1105.4509 0.26666668 4.0 4.0 4.0 4.0 0.0 0.2 0 TOUCH_DOWN Back
1401700962407 6 4098 677.5 1105.4509 0.26666668 4.0 4.0 4.0 4.0 0.0 0.20400001 2 TOUCH_MOVE Back
1401700962433 6 4098 677.5 1105.4509 0.26666668 4.0 4.0 4.0 4.0 0.0 0.20400001 1 TOUCH_UP Back
1401700962530 6 4098 674.0 1116.9509 0.26666668 4.0 4.0 4.0 4.0 0.0 0.20400001 0 TOUCH_DOWN Back
1401700962540 6 4098 674.0 1116.9509 0.3 5.0 5.0 5.0 5.0 0.0 0.20400001 2 TOUCH_MOVE Back
1401700962591 6 4098 674.0 1116.9509 0.3 5.0 5.0 5.0 5.0 0.0 0.20400001 1 TOUCH_UP Back
1401700963209 6 4098 351.5 978.951 0.23333335 4.0 4.0 4.0 4.0 0.0 0.208 0 TOUCH_DOWN g
1401700963241 6 4098 350.44986 977.9009 0.23333335 4.0 4.0 4.0 4.0 0.0 0.21200001 2 TOUCH_MOVE g
1401700963257 6 4098 349.49448 976.94543 0.23333335 4.0 4.0 4.0 4.0 0.0 0.208 2 TOUCH_MOVE g
1401700963269 6 4098 350.0 975.951 0.16666667 3.0 3.0 3.0 3.0 0.0 0.192 2 TOUCH_MOVE g
1401700963274 6 4098 350.0 975.951 0.16666667 3.0 3.0 3.0 3.0 0.0 0.192 1 TOUCH_UP g
1401700963396 6 4098 568.0 824.451 0.26666668 4.0 4.0 4.0 4.0 0.0 0.20400001 0 TOUCH_DOWN i
1401700963436 6 4098 566.7568 823.32935 0.26666668 4.0 4.0 4.0 4.0 0.0 0.20400001 2 TOUCH_MOVE i
1401700963441 6 4098 564.80237 822.3522 0.26666668 4.0 4.0 4.0 4.0 0.0 0.20400001 2 TOUCH_MOVE i
1401700963458 6 4098 562.88586 823.5651 0.33333334 5.0 5.0 5.0 5.0 0.0 0.18400002 2 TOUCH_MOVE i
1401700963462 6 4098 562.88586 823.5651 0.33333334 5.0 5.0 5.0 5.0 0.0 0.18400002 1 TOUCH_UP i
1401700963644 6 4098 85.0 966.951 0.23333335 4.0 4.0 4.0 4.0 0.0 0.208 0 TOUCH_DOWN a
1401700963672 6 4098 84.40319 966.951 0.23333335 4.0 4.0 4.0 4.0 0.0 0.21200001 2 TOUCH_MOVE a
1401700963679 6 4098 83.44045 966.3914 0.23333335 4.0 4.0 4.0 4.0 0.0 0.216 2 TOUCH_MOVE a
1401700963695 6 4098 82.54334 965.4943 0.23333335 4.0 4.0 4.0 4.0 0.0 0.216 2 TOUCH_MOVE a
1401700963710 6 4098 82.5 965.451 0.23333335 4.0 4.0 4.0 4.0 0.0 0.21200001 2 TOUCH_MOVE a
1401700963711 6 4098 82.5 965.451 0.26666668 5.0 5.0 5.0 5.0 0.0 0.18 2 TOUCH_MOVE a
1401700963715 6 4098 82.5 965.451 0.26666668 5.0 5.0 5.0 5.0 0.0 0.18 1 TOUCH_UP a
1401700963939 6 4098 604.5 809.951 0.23333335 4.0 4.0 4.0 4.0 0.0 0.2 0 TOUCH_DOWN o
1401700963992 6 4098 604.5 809.3577 0.23333335 4.0 4.0 4.0 4.0 0.0 0.20400001 2 TOUCH_MOVE o
1401700964006 6 4098 604.5 809.451 0.23333335 4.0 4.0 4.0 4.0 0.0 0.18 2 TOUCH_MOVE o
1401700964010 6 4098 604.5 809.451 0.23333335 4.0 4.0 4.0 4.0 0.0 0.18 1 TOUCH_UP o
1401700964528 6 4098 434.0 1211.9509 0.23333335 4.0 4.0 4.0 4.0 0.0 0.19600001 0 TOUCH_DOWN ,
1401700964548 6 4098 434.0 1211.9509 0.23333335 4.0 4.0 4.0 4.0 0.0 0.2 2 TOUCH_MOVE ,
1401700964559 6 4098 434.0 1211.4451 0.23333335 4.0 4.0 4.0 4.0 0.0 0.2 2 TOUCH_MOVE ,
1401700964576 6 4098 433.00317 1210.4541 0.23333335 4.0 4.0 4.0 4.0 0.0 0.2 2 TOUCH_MOVE ,
1401700964592 6 4098 433.0 1209.7009 0.23333335 4.0 4.0 4.0 4.0 0.0 0.2 2 TOUCH_MOVE ,
1401700964607 6 4098 433.0 1209.7009 0.23333335 4.0 4.0 4.0 4.0 0.0 0.2 1 TOUCH_UP ,
1401700964730 6 4098 295.5 1233.9509 0.20000002 4.0 4.0 4.0 4.0 0.0 0.19600001 0 TOUCH_DOWN Space
1401700964742 6 4098 295.5 1233.9509 0.23333335 4.0 4.0 4.0 4.0 0.0 0.2 2 TOUCH_MOVE Space
1401700964761 6 4098 293.8715 1233.3867 0.23333335 4.0 4.0 4.0 4.0 0.0 0.2 2 TOUCH_MOVE Space
1401700964777 6 4098 291.9285 1232.4152 0.23333335 4.0 4.0 4.0 4.0 0.0 0.2 2 TOUCH_MOVE Space
1401700964792 6 4098 291.25 1231.7009 0.23333335 4.0 4.0 4.0 4.0 0.0 0.19600001 2 TOUCH_MOVE Space
1401700964798 6 4098 291.25 1231.7009 0.23333335 4.0 4.0 4.0 4.0 0.0 0.19600001 1 TOUCH_UP Space
1401700965214 6 4098 281.0 1091.4509 0.26666668 5.0 5.0 5.0 5.0 0.0 0.20400001 0 TOUCH_DOWN c
1401700965277 6 4098 281.0 1090.9509 0.20000002 4.0 4.0 4.0 4.0 0.0 0.19600001 2 TOUCH_MOVE c
1401700965281 6 4098 281.0 1090.9509 0.20000002 4.0 4.0 4.0 4.0 0.0 0.19600001 1 TOUCH_UP c
1401700965393 6 4098 461.0 954.951 0.26666668 4.0 4.0 4.0 4.0 0.0 0.2 0 TOUCH_DOWN h
1401700965426 6 4098 459.94028 954.39124 0.26666668 4.0 4.0 4.0 4.0 0.0 0.2 2 TOUCH_MOVE h
1401700965452 6 4098 459.0 954.951 0.23333335 4.0 4.0 4.0 4.0 0.0 0.18 2 TOUCH_MOVE h
1401700965455 6 4098 459.0 954.951 0.23333335 4.0 4.0 4.0 4.0 0.0 0.18 1 TOUCH_UP h
1401700965612 6 4098 83.0 978.451 0.23333335 4.0 4.0 4.0 4.0 0.0 0.21200001 0 TOUCH_DOWN a
1401700965663 6 4098 82.0 977.951 0.20000002 4.0 4.0 4.0 4.0 0.0 0.18400002 2 TOUCH_MOVE a
1401700965666 6 4098 82.0 977.951 0.20000002 4.0 4.0 4.0 4.0 0.0 0.18400002 1 TOUCH_UP a
1401700965938 6 4098 604.0 819.451 0.26666668 4.0 4.0 4.0 4.0 0.0 0.20400001 0 TOUCH_DOWN o
1401700965992 6 4098 604.0 819.451 0.3 5.0 5.0 5.0 5.0 0.0 0.18 2 TOUCH_MOVE o
1401700965995 6 4098 604.0 819.451 0.3 5.0 5.0 5.0 5.0 0.0 0.18 1 TOUCH_UP o
1401700966165 6 4098 337.0 1222.4509 0.26666668 5.0 5.0 5.0 5.0 0.0 0.19600001 0 TOUCH_DOWN Space
1401700966177 6 4098 337.0 1222.4509 0.26666668 5.0 5.0 5.0 5.0 0.0 0.2 2 TOUCH_MOVE Space
1401700966210 6 4098 334.274 1221.4509 0.26666668 5.0 5.0 5.0 5.0 0.0 0.2 2 TOUCH_MOVE Space
1401700966232 6 4098 334.274 1221.4509 0.26666668 5.0 5.0 5.0 5.0 0.0 0.2 1 TOUCH_UP Space
1401700966738 6 4098 426.5 1090.9509 0.23333335 4.0 4.0 4.0 4.0 0.0 0.20400001 0 TOUCH_DOWN b
1401700966777 6 4098 425.51376 1088.9784 0.20000002 4.0 4.0 4.0 4.0 0.0 0.2 2 TOUCH_MOVE b
1401700966790 6 4098 425.0 1088.4509 0.16666667 3.0 3.0 3.0 3.0 0.0 0.192 2 TOUCH_MOVE b
1401700966793 6 4098 425.0 1088.4509 0.16666667 3.0 3.0 3.0 3.0 0.0 0.192 1 TOUCH_UP b
1401700966945 6 4098 75.0 966.451 0.23333335 4.0 4.0 4.0 4.0 0.0 0.21200001 0 TOUCH_DOWN a
1401700966961 6 4098 75.0 966.451 0.23333335 4.0 4.0 4.0 4.0 0.0 0.208 2 TOUCH_MOVE a
1401700966998 6 4098 75.0 966.451 0.23333335 4.0 4.0 4.0 4.0 0.0 0.17600001 2 TOUCH_MOVE a
1401700967003 6 4098 75.0 966.451 0.23333335 4.0 4.0 4.0 4.0 0.0 0.17600001 1 TOUCH_UP a
1401700967262 6 4098 609.5 812.451 0.26666668 5.0 5.0 5.0 5.0 0.0 0.19600001 0 TOUCH_DOWN o
1401700967284 6 4098 609.5 812.451 0.26666668 5.0 5.0 5.0 5.0 0.0 0.2 2 TOUCH_MOVE o
1401700967318 6 4098 609.5 812.451 0.3 5.0 5.0 5.0 5.0 0.0 0.16800001 2 TOUCH_MOVE o
1401700967327 6 4098 609.5 812.451 0.3 5.0 5.0 5.0 5.0 0.0 0.16800001 1 TOUCH_UP o
1401700967502 6 4098 317.0 1187.4509 0.23333335 4.0 4.0 4.0 4.0 0.0 0.20400001 0 TOUCH_DOWN Space
1401700967563 6 4098 317.0 1187.4509 0.26666668 5.0 5.0 5.0 5.0 0.0 0.15200001 2 TOUCH_MOVE Space
1401700967568 6 4098 317.0 1187.4509 0.26666668 5.0 5.0 5.0 5.0 0.0 0.15200001 1 TOUCH_UP Space
1401700967683 6 4098 458.0 1093.9509 0.23333335 4.0 4.0 4.0 4.0 0.0 0.2 0 TOUCH_DOWN b
1401700967730 6 4098 457.18787 1093.9509 0.23333335 4.0 4.0 4.0 4.0 0.0 0.20400001 2 TOUCH_MOVE b
1401700967745 6 4098 456.2225 1093.9509 0.23333335 4.0 4.0 4.0 4.0 0.0 0.2 2 TOUCH_MOVE b
1401700967752 6 4098 456.0 1093.9509 0.23333335 4.0 4.0 4.0 4.0 0.0 0.18400002 2 TOUCH_MOVE b
1401700967757 6 4098 456.0 1093.9509 0.23333335 4.0 4.0 4.0 4.0 0.0 0.18400002 1 TOUCH_UP b
1401700967907 6 4098 77.5 974.451 0.23333335 4.0 4.0 4.0 4.0 0.0 0.21200001 0 TOUCH_DOWN a
1401700967930 6 4098 76.287575 973.7386 0.23333335 4.0 4.0 4.0 4.0 0.0 0.21200001 2 TOUCH_MOVE a
1401700967945 6 4098 74.67942 972.13043 0.23333335 4.0 4.0 4.0 4.0 0.0 0.21200001 2 TOUCH_MOVE a
1401700967962 6 4098 73.71169 971.16266 0.16666667 3.0 3.0 3.0 3.0 0.0 0.192 2 TOUCH_MOVE a
1401700967969 6 4098 73.5 970.951 0.16666667 3.0 3.0 3.0 3.0 0.0 0.1 2 TOUCH_MOVE a
1401700967973 6 4098 73.5 970.951 0.16666667 3.0 3.0 3.0 3.0 0.0 0.1 1 TOUCH_UP a
1401700968256 6 4098 504.0 1066.4509 0.3 5.0 5.0 5.0 5.0 0.0 0.2 0 TOUCH_DOWN n
1401700968307 6 4098 504.0 1068.4509 0.20000002 4.0 4.0 4.0 4.0 0.0 0.18 2 TOUCH_MOVE n
1401700968311 6 4098 504.0 1068.4509 0.20000002 4.0 4.0 4.0 4.0 0.0 0.18 1 TOUCH_UP n
1401700968434 6 4098 364.5 1245.9509 0.13333334 3.0 3.0 3.0 3.0 0.0 0.18800001 0 TOUCH_DOWN Space
1401700968446 6 4098 364.5 1245.9509 0.16666667 4.0 4.0 4.0 4.0 0.0 0.192 2 TOUCH_MOVE Space
1401700968465 6 4098 363.7167 1245.3093 0.16666667 4.0 4.0 4.0 4.0 0.0 0.192 2 TOUCH_MOVE Space
1401700968481 6 4098 362.3947 1244.3456 0.13333334 3.0 3.0 3.0 3.0 0.0 0.192 2 TOUCH_MOVE Space
1401700968490 6 4098 362.0 1243.9509 0.13333334 3.0 3.0 3.0 3.0 0.0 0.18400002 2 TOUCH_MOVE Space
1401700968493 6 4098 362.0 1243.9509 0.13333334 3.0 3.0 3.0 3.0 0.0 0.18400002 1 TOUCH_UP Space
1401700968672 6 4098 430.5 965.451 0.20000002 4.0 4.0 4.0 4.0 0.0 0.19600001 0 TOUCH_DOWN h
1401700968679 6 4098 430.5 965.451 0.23333335 4.0 4.0 4.0 4.0 0.0 0.2 2 TOUCH_MOVE h
1401700968709 6 4098 429.7795 964.2305 0.23333335 4.0 4.0 4.0 4.0 0.0 0.20400001 2 TOUCH_MOVE h
1401700968714 6 4098 427.85953 962.3105 0.23333335 4.0 4.0 4.0 4.0 0.0 0.20400001 2 TOUCH_MOVE h
1401700968731 6 4098 426.4754 959.9018 0.26666668 4.0 4.0 4.0 4.0 0.0 0.19600001 2 TOUCH_MOVE h
1401700968741 6 4098 428.0 956.451 0.3 5.0 5.0 5.0 5.0 0.0 0.18 2 TOUCH_MOVE h
1401700968744 6 4098 428.0 956.451 0.3 5.0 5.0 5.0 5.0 0.0 0.18 1 TOUCH_UP h
1401700968850 6 4098 557.0 810.451 0.26666668 5.0 5.0 5.0 5.0 0.0 0.19600001 0 TOUCH_DOWN i
1401700968908 6 4098 557.0 810.451 0.26666668 5.0 5.0 5.0 5.0 0.0 0.19600001 1 TOUCH_UP i
1401700969072 6 4098 165.5 840.451 0.3 5.0 5.0 5.0 5.0 0.0 0.21200001 0 TOUCH_DOWN e
1401700969079 6 4098 165.5 840.451 0.3 5.0 5.0 5.0 5.0 0.0 0.216 2 TOUCH_MOVE e
1401700969097 6 4098 165.0 839.77844 0.3 5.0 5.0 5.0 5.0 0.0 0.216 2 TOUCH_MOVE e
1401700969113 6 4098 165.0 839.201 0.3 5.0 5.0 5.0 5.0 0.0 0.21200001 2 TOUCH_MOVE e
1401700969132 6 4098 165.0 839.201 0.3 5.0 5.0 5.0 5.0 0.0 0.21200001 1 TOUCH_UP e
1401700969436 6 4098 486.0 1089.9509 0.20000002 4.0 4.0 4.0 4.0 0.0 0.19600001 0 TOUCH_DOWN n
1401700969490 6 4098 486.0 1089.9509 0.20000002 4.0 4.0 4.0 4.0 0.0 0.19600001 1 TOUCH_UP n
1401700970206 6 4098 684.0 1212.9509 0.20000002 3.0 3.0 3.0 3.0 0.0 0.18800001 0 TOUCH_DOWN Enter
1401700970226 6 4098 683.92456 1212.8755 0.23333335 4.0 4.0 4.0 4.0 0.0 0.18800001 2 TOUCH_MOVE Enter
1401700970237 6 4098 683.3001 1212.2511 0.23333335 4.0 4.0 4.0 4.0 0.0 0.192 2 TOUCH_MOVE Enter
1401700970247 6 4098 680.8305 1209.7815 0.23333335 4.0 4.0 4.0 4.0 0.0 0.192 2 TOUCH_MOVE Enter
1401700970264 6 4098 678.42303 1207.874 0.23333335 4.0 4.0 4.0 4.0 0.0 0.192 2 TOUCH_MOVE Enter
1401700970281 6 4098 677.75 1207.2009 0.23333335 4.0 4.0 4.0 4.0 0.0 0.192 2 TOUCH_MOVE Enter
1401700970286 6 4098 677.75 1207.2009 0.23333335 4.0 4.0 4.0 4.0 0.0 0.192 1 TOUCH_UP Enter
1401700971208 6 4098 422.0 958.951 0.20000002 3.0 3.0 3.0 3.0 0.0 0.20400001 0 TOUCH_DOWN H
1401700971233 6 4098 422.0 958.1203 0.26666668 4.0 4.0 4.0 4.0 0.0 0.20400001 2 TOUCH_MOVE H
1401700971249 6 4098 421.7586 956.4338 0.23333335 4.0 4.0 4.0 4.0 0.0 0.20400001 2 TOUCH_MOVE H
1401700971255 6 4098 422.0 955.951 0.23333335 4.0 4.0 4.0 4.0 0.0 0.192 2 TOUCH_MOVE H
1401700971261 6 4098 422.0 955.951 0.23333335 4.0 4.0 4.0 4.0 0.0 0.192 1 TOUCH_UP H
1401700971365 6 4098 508.0 795.951 0.26666668 5.0 5.0 5.0 5.0 0.0 0.2 0 TOUCH_DOWN i
1401700971398 6 4098 506.09863 795.0003 0.26666668 5.0 5.0 5.0 5.0 0.0 0.20400001 2 TOUCH_MOVE i
1401700971415 6 4098 504.17188 794.451 0.26666668 5.0 5.0 5.0 5.0 0.0 0.2 2 TOUCH_MOVE i
1401700971428 6 4098 504.0 794.451 0.23333335 5.0 5.0 5.0 5.0 0.0 0.18800001 2 TOUCH_MOVE i
1401700971432 6 4098 504.0 794.451 0.23333335 5.0 5.0 5.0 5.0 0.0 0.18800001 1 TOUCH_UP i
1401700971611 6 4098 79.0 945.451 0.23333335 5.0 5.0 5.0 5.0 0.0 0.20400001 0 TOUCH_DOWN a
1401700971635 6 4098 78.540634 945.451 0.23333335 5.0 5.0 5.0 5.0 0.0 0.208 2 TOUCH_MOVE a
1401700971649 6 4098 77.61415 945.451 0.23333335 5.0 5.0 5.0 5.0 0.0 0.21200001 2 TOUCH_MOVE a
1401700971665 6 4098 77.25 945.451 0.23333335 5.0 5.0 5.0 5.0 0.0 0.21200001 2 TOUCH_MOVE a
1401700971680 6 4098 77.5 945.451 0.23333335 4.0 4.0 4.0 4.0 0.0 0.17600001 2 TOUCH_MOVE a
1401700971684 6 4098 77.5 945.451 0.23333335 4.0 4.0 4.0 4.0 0.0 0.17600001 1 TOUCH_UP a
1401700971907 6 4098 369.0 1205.9509 0.23333335 4.0 4.0 4.0 4.0 0.0 0.192 0 TOUCH_DOWN Space
1401700971916 6 4098 369.0 1205.9509 0.23333335 4.0 4.0 4.0 4.0 0.0 0.19600001 2 TOUCH_MOVE Space
1401700971966 6 4098 369.0 1205.4242 0.20000002 4.0 4.0 4.0 4.0 0.0 0.192 2 TOUCH_MOVE Space
1401700971977 6 4098 369.0 1205.4242 0.20000002 4.0 4.0 4.0 4.0 0.0 0.192 1 TOUCH_UP Space
1401700972105 6 4098 379.0 1082.4509 0.20000002 4.0 4.0 4.0 4.0 0.0 0.2 0 TOUCH_DOWN v
1401700972134 6 4098 378.21774 1081.6687 0.20000002 4.0 4.0 4.0 4.0 0.0 0.2 2 TOUCH_MOVE v
1401700972149 6 4098 377.5 1080.9509 0.23333335 4.0 4.0 4.0 4.0 0.0 0.192 2 TOUCH_MOVE v
1401700972157 6 4098 377.5 1080.9509 0.26666668 5.0 5.0 5.0 5.0 0.0 0.14 2 TOUCH_MOVE v
1401700972160 6 4098 377.5 1080.9509 0.26666668 5.0 5.0 5.0 5.0 0.0 0.14 1 TOUCH_UP v
1401700972893 6 4098 676.5 1105.9509 0.26666668 4.0 4.0 4.0 4.0 0.0 0.18800001 0 TOUCH_DOWN Back
1401700972901 6 4098 676.5 1105.9509 0.26666668 4.0 4.0 4.0 4.0 0.0 0.19600001 2 TOUCH_MOVE Back
1401700972951 6 4098 675.08386 1104.5348 0.26666668 4.0 4.0 4.0 4.0 0.0 0.20400001 2 TOUCH_MOVE Back
1401700972967 6 4098 675.0 1103.7009 0.26666668 4.0 4.0 4.0 4.0 0.0 0.2 2 TOUCH_MOVE Back
1401700972981 6 4098 675.0 1103.9509 0.26666668 4.0 4.0 4.0 4.0 0.0 0.17600001 2 TOUCH_MOVE Back
1401700972984 6 4098 675.0 1103.9509 0.26666668 4.0 4.0 4.0 4.0 0.0 0.17600001 1 TOUCH_UP Back
1401700973086 6 4098 682.0 1091.9509 0.23333335 4.0 4.0 4.0 4.0 0.0 0.19600001 0 TOUCH_DOWN Back
1401700973145 6 4098 682.0 1091.9509 0.13333334 2.0 2.0 2.0 2.0 0.0 0.14400001 2 TOUCH_MOVE Back
1401700973148 6 4098 682.0 1091.9509 0.13333334 2.0 2.0 2.0 2.0 0.0 0.14400001 1 TOUCH_UP Back
1401700973244 6 4098 683.0 1100.9509 0.23333335 4.0 4.0 4.0 4.0 0.0 0.19600001 0 TOUCH_DOWN Back
1401700973275 6 4098 683.0 1100.9509 0.26666668 4.0 4.0 4.0 4.0 0.0 0.2 2 TOUCH_MOVE Back
1401700973307 6 4098 683.0 1100.9509 0.26666668 4.0 4.0 4.0 4.0 0.0 0.2 1 TOUCH_UP Back
1401700973413 6 4098 685.0 1101.4509 0.26666668 4.0 4.0 4.0 4.0 0.0 0.2 0 TOUCH_DOWN Back
1401700973495 6 4098 685.0 1101.4509 0.26666668 4.0 4.0 4.0 4.0 0.0 0.2 1 TOUCH_UP Back
1401700973995 6 4098 479.0 812.451 0.23333335 4.0 4.0 4.0 4.0 0.0 0.208 0 TOUCH_DOWN u
1401700974034 6 4098 478.0762 812.451 0.23333335 4.0 4.0 4.0 4.0 0.0 0.216 2 TOUCH_MOVE u
1401700974051 6 4098 477.12408 812.451 0.23333335 4.0 4.0 4.0 4.0 0.0 0.21200001 2 TOUCH_MOVE u
1401700974065 6 4098 477.0 812.451 0.23333335 4.0 4.0 4.0 4.0 0.0 0.20400001 2 TOUCH_MOVE u
1401700974068 6 4098 477.0 812.451 0.23333335 4.0 4.0 4.0 4.0 0.0 0.20400001 1 TOUCH_UP u
1401700974294 6 4098 78.5 948.451 0.23333335 4.0 4.0 4.0 4.0 0.0 0.208 0 TOUCH_DOWN a
1401700974318 6 4098 78.5 948.451 0.23333335 4.0 4.0 4.0 4.0 0.0 0.21200001 2 TOUCH_MOVE a
1401700974368 6 4098 79.0 948.951 0.16666667 3.0 3.0 3.0 3.0 0.0 0.108 2 TOUCH_MOVE a
1401700974372 6 4098 79.0 948.951 0.16666667 3.0 3.0 3.0 3.0 0.0 0.108 1 TOUCH_UP a
1401700974551 6 4098 328.0 1231.4509 0.23333335 5.0 5.0 5.0 5.0 0.0 0.192 0 TOUCH_DOWN Space
1401700974577 6 4098 328.0 1231.4509 0.23333335 5.0 5.0 5.0 5.0 0.0 0.19600001 2 TOUCH_MOVE Space
1401700974628 6 4098 328.0 1231.4509 0.20000002 3.0 3.0 3.0 3.0 0.0 0.16000001 2 TOUCH_MOVE Space
1401700974632 6 4098 328.0 1231.4509 0.20000002 3.0 3.0 3.0 3.0 0.0 0.16000001 1 TOUCH_UP Space
1401700974995 6 4098 357.5 1085.4509 0.20000002 4.0 4.0 4.0 4.0 0.0 0.20400001 0 TOUCH_DOWN v
1401700975002 6 4098 357.5 1085.4509 0.20000002 4.0 4.0 4.0 4.0 0.0 0.208 2 TOUCH_MOVE v
1401700975052 6 4098 358.0 1084.9509 0.23333335 5.0 5.0 5.0 5.0 0.0 0.17600001 2 TOUCH_MOVE v
1401700975055 6 4098 358.0 1084.9509 0.23333335 5.0 5.0 5.0 5.0 0.0 0.17600001 1 TOUCH_UP v
1401700975304 6 4098 629.5 849.951 0.23333335 4.0 4.0 4.0 4.0 0.0 0.19600001 0 TOUCH_DOWN o
1401700975323 6 4098 629.24457 849.69556 0.23333335 4.0 4.0 4.0 4.0 0.0 0.2 2 TOUCH_MOVE o
1401700975335 6 4098 628.52606 848.97705 0.23333335 4.0 4.0 4.0 4.0 0.0 0.2 2 TOUCH_MOVE o
1401700975352 6 4098 627.6073 848.0583 0.23333335 4.0 4.0 4.0 4.0 0.0 0.2 2 TOUCH_MOVE o
1401700975365 6 4098 627.0 847.951 0.23333335 4.0 4.0 4.0 4.0 0.0 0.18800001 2 TOUCH_MOVE o
1401700975369 6 4098 627.0 847.951 0.23333335 4.0 4.0 4.0 4.0 0.0 0.18800001 1 TOUCH_UP o
1401700975466 6 4098 570.0 804.451 0.20000002 4.0 4.0 4.0 4.0 0.0 0.2 0 TOUCH_DOWN i
1401700975502 6 4098 568.315 803.3585 0.20000002 4.0 4.0 4.0 4.0 0.0 0.20400001 2 TOUCH_MOVE i
1401700975519 6 4098 566.94495 803.451 0.20000002 4.0 4.0 4.0 4.0 0.0 0.192 2 TOUCH_MOVE i
1401700975533 6 4098 566.94495 803.451 0.20000002 4.0 4.0 4.0 4.0 0.0 0.192 1 TOUCH_UP i
1401700975845 6 4098 350.5 1218.9509 0.23333335 4.0 4.0 4.0 4.0 0.0 0.19600001 0 TOUCH_DOWN Space
1401700975854 6 4098 350.5 1218.9509 0.23333335 4.0 4.0 4.0 4.0 0.0 0.2 2 TOUCH_MOVE Space
1401700975886 6 4098 349.2796 1218.2305 0.23333335 4.0 4.0 4.0 4.0 0.0 0.2 2 TOUCH_MOVE Space
1401700975905 6 4098 349.2796 1218.2305 0.23333335 4.0 4.0 4.0 4.0 0.0 0.2 1 TOUCH_UP Space
1401700976527 6 4098 283.5 1091.9509 0.23333335 4.0 4.0 4.0 4.0 0.0 0.20400001 0 TOUCH_DOWN c
1401700976537 6 4098 283.5 1091.9509 0.26666668 5.0 5.0 5.0 5.0 0.0 0.208 2 TOUCH_MOVE c
1401700976553 6 4098 282.90213 1091.9509 0.26666668 5.0 5.0 5.0 5.0 0.0 0.208 2 TOUCH_MOVE c
1401700976571 6 4098 281.83887 1089.4675 0.20000002 4.0 4.0 4.0 4.0 0.0 0.20400001 2 TOUCH_MOVE c
1401700976587 6 4098 282.0 1088.4509 0.13333334 2.0 2.0 2.0 2.0 0.0 0.15200001 2 TOUCH_MOVE c
1401700976590 6 4098 282.0 1088.4509 0.13333334 2.0 2.0 2.0 2.0 0.0 0.15200001 1 TOUCH_UP c
1401700976859 6 4098 608.5 833.951 0.3 5.0 5.0 5.0 5.0 0.0 0.2 0 TOUCH_DOWN o
1401700976870 6 4098 608.5 833.951 0.33333334 5.0 5.0 5.0 5.0 0.0 0.2 2 TOUCH_MOVE o
1401700976934 6 4098 609.0 834.951 0.16666667 3.0 3.0 3.0 3.0 0.0 0.108 2 TOUCH_MOVE o
1401700976938 6 4098 609.0 834.951 0.16666667 3.0 3.0 3.0 3.0 0.0 0.108 1 TOUCH_UP o
1401700977309 6 4098 333.5 1189.9509 0.23333335 5.0 5.0 5.0 5.0 0.0 0.19600001 0 TOUCH_DOWN Space
1401700977341 6 4098 332.5905 1189.9509 0.26666668 5.0 5.0 5.0 5.0 0.0 0.20400001 2 TOUCH_MOVE Space
1401700977360 6 4098 331.6282 1189.9509 0.26666668 5.0 5.0 5.0 5.0 0.0 0.20400001 2 TOUCH_MOVE Space
1401700977372 6 4098 330.75 1189.9509 0.26666668 5.0 5.0 5.0 5.0 0.0 0.2 2 TOUCH_MOVE Space
1401700977391 6 4098 330.75 1189.9509 0.26666668 5.0 5.0 5.0 5.0 0.0 0.2 1 TOUCH_UP Space
1401700977525 6 4098 523.0 1098.9509 0.23333335 4.0 4.0 4.0 4.0 0.0 0.2 0 TOUCH_DOWN n
1401700977571 6 4098 521.26135 1098.9509 0.23333335 4.0 4.0 4.0 4.0 0.0 0.20400001 2 TOUCH_MOVE n
1401700977590 6 4098 520.16223 1098.9509 0.23333335 4.0 4.0 4.0 4.0 0.0 0.20400001 2 TOUCH_MOVE n
1401700977606 6 4098 519.2035 1098.9509 0.26666668 4.0 4.0 4.0 4.0 0.0 0.2 2 TOUCH_MOVE n
1401700977611 6 4098 519.0 1098.9509 0.20000002 3.0 3.0 3.0 3.0 0.0 0.192 2 TOUCH_MOVE n
1401700977614 6 4098 519.0 1098.9509 0.20000002 3.0 3.0 3.0 3.0 0.0 0.192 1 TOUCH_UP n
1401700977750 6 4098 387.5 969.451 0.23333335 5.0 5.0 5.0 5.0 0.0 0.20400001 0 TOUCH_DOWN g
1401700977771 6 4098 387.04138 968.9924 0.23333335 5.0 5.0 5.0 5.0 0.0 0.208 2 TOUCH_MOVE g
1401700977788 6 4098 385.23886 967.1898 0.26666668 5.0 5.0 5.0 5.0 0.0 0.20400001 2 TOUCH_MOVE g
1401700977806 6 4098 384.15814 966.10913 0.26666668 5.0 5.0 5.0 5.0 0.0 0.20400001 2 TOUCH_MOVE g
1401700977819 6 4098 384.0 965.951 0.26666668 5.0 5.0 5.0 5.0 0.0 0.2 2 TOUCH_MOVE g
1401700977827 6 4098 384.0 965.951 0.26666668 5.0 5.0 5.0 5.0 0.0 0.2 1 TOUCH_UP g
1401700978010 6 4098 65.0 958.951 0.20000002 3.0 3.0 3.0 3.0 0.0 0.20400001 0 TOUCH_DOWN a
1401700978021 6 4098 65.0 958.951 0.20000002 3.0 3.0 3.0 3.0 0.0 0.208 2 TOUCH_MOVE a
1401700978062 6 4098 65.5 958.951 0.16666667 3.0 3.0 3.0 3.0 0.0 0.18800001 2 TOUCH_MOVE a
1401700978065 6 4098 65.5 958.951 0.16666667 3.0 3.0 3.0 3.0 0.0 0.18800001 1 TOUCH_UP a
1401700978311 6 4098 413.0 829.451 0.23333335 5.0 5.0 5.0 5.0 0.0 0.20400001 0 TOUCH_DOWN y
1401700978322 6 4098 413.0 829.451 0.23333335 5.0 5.0 5.0 5.0 0.0 0.208 2 TOUCH_MOVE y
1401700978372 6 4098 413.0 829.451 0.13333334 2.0 2.0 2.0 2.0 0.0 0.14400001 2 TOUCH_MOVE y
1401700978376 6 4098 413.0 829.451 0.13333334 2.0 2.0 2.0 2.0 0.0 0.14400001 1 TOUCH_UP y
1401700978547 6 4098 365.0 1223.9509 0.20000002 3.0 3.0 3.0 3.0 0.0 0.18800001 0 TOUCH_DOWN Space
1401700978617 6 4098 365.0 1223.9509 0.20000002 3.0 3.0 3.0 3.0 0.0 0.18 2 TOUCH_MOVE Space
1401700978620 6 4098 365.0 1223.9509 0.20000002 3.0 3.0 3.0 3.0 0.0 0.18 1 TOUCH_UP Space
1401700978746 6 4098 507.5 1118.4509 0.26666668 4.0 4.0 4.0 4.0 0.0 0.2 0 TOUCH_DOWN n
1401700978805 6 4098 506.92343 1118.4509 0.26666668 4.0 4.0 4.0 4.0 0.0 0.2 2 TOUCH_MOVE n
1401700978816 6 4098 506.5 1118.4509 0.3 5.0 5.0 5.0 5.0 0.0 0.18 2 TOUCH_MOVE n
1401700978820 6 4098 506.5 1118.4509 0.3 5.0 5.0 5.0 5.0 0.0 0.18 1 TOUCH_UP n
1401700978942 6 4098 382.0 976.951 0.20000002 4.0 4.0 4.0 4.0 0.0 0.20400001 0 TOUCH_DOWN g
1401700978973 6 4098 381.4644 976.951 0.20000002 4.0 4.0 4.0 4.0 0.0 0.20400001 2 TOUCH_MOVE g
1401700978989 6 4098 380.3322 975.7832 0.20000002 4.0 4.0 4.0 4.0 0.0 0.20400001 2 TOUCH_MOVE g
1401700979005 6 4098 379.39532 975.951 0.20000002 4.0 4.0 4.0 4.0 0.0 0.19600001 2 TOUCH_MOVE g
1401700979017 6 4098 379.39532 975.951 0.20000002 4.0 4.0 4.0 4.0 0.0 0.19600001 1 TOUCH_UP g
1401700979159 6 4098 61.0 975.451 0.20000002 3.0 3.0 3.0 3.0 0.0 0.208 0 TOUCH_DOWN a
1401700979223 6 4098 61.0 974.951 0.13333334 2.0 2.0 2.0 2.0 0.0 0.116000004 2 TOUCH_MOVE a
1401700979227 6 4098 61.0 974.951 0.13333334 2.0 2.0 2.0 2.0 0.0 0.116000004 1 TOUCH_UP a
1401700979493 6 4098 404.5 841.951 0.26666668 4.0 4.0 4.0 4.0 0.0 0.208 0 TOUCH_DOWN y
1401700979524 6 4098 403.57947 839.6894 0.26666668 4.0 4.0 4.0 4.0 0.0 0.208 2 TOUCH_MOVE y
1401700979540 6 4098 402.75 838.701 0.26666668 4.0 4.0 4.0 4.0 0.0 0.20400001 2 TOUCH_MOVE y
1401700979553 6 4098 403.0 838.951 0.13333334 2.0 2.0 2.0 2.0 0.0 0.15200001 2 TOUCH_MOVE y
1401700979558 6 4098 403.0 838.951 0.13333334 2.0 2.0 2.0 2.0 0.0 0.15200001 1 TOUCH_UP y
1401700979728 6 4098 364.5 1197.4509 0.16666667 3.0 3.0 3.0 3.0 0.0 0.19600001 0 TOUCH_DOWN Space
1401700979742 6 4098 364.5 1197.4509 0.20000002 4.0 4.0 4.0 4.0 0.0 0.2 2 TOUCH_MOVE Space
1401700979773 6 4098 361.66522 1197.4509 0.20000002 4.0 4.0 4.0 4.0 0.0 0.20400001 2 TOUCH_MOVE Space
1401700979790 6 4098 360.75 1197.4509 0.16666667 3.0 3.0 3.0 3.0 0.0 0.19600001 2 TOUCH_MOVE Space
1401700979798 6 4098 360.75 1197.4509 0.16666667 3.0 3.0 3.0 3.0 0.0 0.19600001 1 TOUCH_UP Space
1401700980394 6 4098 273.5 1107.9509 0.33333334 5.0 5.0 5.0 5.0 0.0 0.20400001 0 TOUCH_DOWN c
1401700980440 6 4098 273.0 1107.6324 0.3 5.0 5.0 5.0 5.0 0.0 0.20400001 2 TOUCH_MOVE c
1401700980455 6 4098 273.0 1107.4509 0.3 5.0 5.0 5.0 5.0 0.0 0.2 2 TOUCH_MOVE c
1401700980458 6 4098 273.0 1107.4509 0.3 5.0 5.0 5.0 5.0 0.0 0.2 1 TOUCH_UP c
1401700980642 6 4098 441.5 970.451 0.23333335 5.0 5.0 5.0 5.0 0.0 0.19600001 0 TOUCH_DOWN h
1401700980707 6 4098 440.90717 969.85815 0.23333335 5.0 5.0 5.0 5.0 0.0 0.2 2 TOUCH_MOVE h
1401700980717 6 4098 440.90717 969.85815 0.23333335 5.0 5.0 5.0 5.0 0.0 0.2 1 TOUCH_UP h
1401700980879 6 4098 76.0 981.951 0.23333335 4.0 4.0 4.0 4.0 0.0 0.21200001 0 TOUCH_DOWN a
1401700980903 6 4098 75.703926 981.951 0.23333335 4.0 4.0 4.0 4.0 0.0 0.208 2 TOUCH_MOVE a
1401700980920 6 4098 74.78691 981.7379 0.23333335 4.0 4.0 4.0 4.0 0.0 0.21200001 2 TOUCH_MOVE a
1401700980929 6 4098 74.0 980.7812 0.23333335 4.0 4.0 4.0 4.0 0.0 0.208 2 TOUCH_MOVE a
1401700980940 6 4098 74.0 980.451 0.20000002 4.0 4.0 4.0 4.0 0.0 0.18 2 TOUCH_MOVE a
1401700980944 6 4098 74.0 980.451 0.20000002 4.0 4.0 4.0 4.0 0.0 0.18 1 TOUCH_UP a
1401700981190 6 4098 492.0 845.951 0.23333335 4.0 4.0 4.0 4.0 0.0 0.20400001 0 TOUCH_DOWN u
1401700981200 6 4098 491.89648 845.3475 0.26666668 4.0 4.0 4.0 4.0 0.0 0.208 2 TOUCH_MOVE u
1401700981226 6 4098 491.25 844.701 0.26666668 4.0 4.0 4.0 4.0 0.0 0.208 2 TOUCH_MOVE u
1401700981232 6 4098 491.25 844.701 0.26666668 4.0 4.0 4.0 4.0 0.0 0.208 1 TOUCH_UP u
1401700981435 6 4098 342.0 1225.9509 0.23333335 4.0 4.0 4.0 4.0 0.0 0.19600001 0 TOUCH_DOWN Space
1401700981458 6 4098 341.49902 1225.9509 0.23333335 4.0 4.0 4.0 4.0 0.0 0.19600001 2 TOUCH_MOVE Space
1401700981478 6 4098 341.0 1225.4509 0.23333335 4.0 4.0 4.0 4.0 0.0 0.19600001 2 TOUCH_MOVE Space
1401700981482 6 4098 341.0 1225.4509 0.23333335 4.0 4.0 4.0 4.0 0.0 0.19600001 1 TOUCH_UP Space
1401700981997 6 4098 497.0 1114.9509 0.33333334 5.0 5.0 5.0 5.0 0.0 0.2 0 TOUCH_DOWN n
1401700982026 6 4098 496.2962 1114.0433 0.3 5.0 5.0 5.0 5.0 0.0 0.2 2 TOUCH_MOVE n
1401700982042 6 4098 495.33655 1112.124 0.3 5.0 5.0 5.0 5.0 0.0 0.2 2 TOUCH_MOVE n
1401700982058 6 4098 494.37115 1110.8221 0.33333334 5.0 5.0 5.0 5.0 0.0 0.192 2 TOUCH_MOVE n
1401700982063 6 4098 494.37115 1110.8221 0.33333334 5.0 5.0 5.0 5.0 0.0 0.192 1 TOUCH_UP n
1401700982194 6 4098 359.0 964.451 0.23333335 4.0 4.0 4.0 4.0 0.0 0.208 0 TOUCH_DOWN g
1401700982242 6 4098 358.5 963.951 0.23333335 4.0 4.0 4.0 4.0 0.0 0.20400001 2 TOUCH_MOVE g
1401700982252 6 4098 358.5 963.951 0.23333335 4.0 4.0 4.0 4.0 0.0 0.172 2 TOUCH_MOVE g
1401700982257 6 4098 358.5 963.951 0.23333335 4.0 4.0 4.0 4.0 0.0 0.172 1 TOUCH_UP g
1401700982414 6 4098 629.0 808.451 0.20000002 3.0 3.0 3.0 3.0 0.0 0.19600001 0 TOUCH_DOWN o
1401700982434 6 4098 629.0 808.451 0.23333335 4.0 4.0 4.0 4.0 0.0 0.2 2 TOUCH_MOVE o
1401700982476 6 4098 628.47217 808.451 0.20000002 3.0 3.0 3.0 3.0 0.0 0.192 2 TOUCH_MOVE o
1401700982484 6 4098 628.5 808.451 0.23333335 4.0 4.0 4.0 4.0 0.0 0.16000001 2 TOUCH_MOVE o
1401700982487 6 4098 628.5 808.451 0.23333335 4.0 4.0 4.0 4.0 0.0 0.16000001 1 TOUCH_UP o
1401700982716 6 4098 81.5 956.951 0.26666668 4.0 4.0 4.0 4.0 0.0 0.21200001 0 TOUCH_DOWN a
1401700982733 6 4098 81.5 956.951 0.26666668 4.0 4.0 4.0 4.0 0.0 0.216 2 TOUCH_MOVE a
1401700982771 6 4098 82.5 957.451 0.23333335 4.0 4.0 4.0 4.0 0.0 0.19600001 2 TOUCH_MOVE a
1401700982774 6 4098 82.5 957.451 0.23333335 4.0 4.0 4.0 4.0 0.0 0.19600001 1 TOUCH_UP a
1401700983055 6 4098 524.5 1092.9509 0.23333335 4.0 4.0 4.0 4.0 0.0 0.20400001 0 TOUCH_DOWN n
1401700983093 6 4098 524.5 1092.2052 0.23333335 4.0 4.0 4.0 4.0 0.0 0.20400001 2 TOUCH_MOVE n
1401700983108 6 4098 525.5 1091.4509 0.16666667 3.0 3.0 3.0 3.0 0.0 0.18400002 2 TOUCH_MOVE n
1401700983112 6 4098 525.5 1091.4509 0.16666667 3.0 3.0 3.0 3.0 0.0 0.18400002 1 TOUCH_UP n
1401700984071 6 4098 489.5 1222.9509 0.23333335 4.0 4.0 4.0 4.0 0.0 0.2 0 TOUCH_DOWN .
1401700984077 6 4098 489.5 1222.9509 0.23333335 4.0 4.0 4.0 4.0 0.0 0.20400001 2 TOUCH_MOVE .
1401700984094 6 4098 485.18015 1220.0796 0.23333335 4.0 4.0 4.0 4.0 0.0 0.20400001 2 TOUCH_MOVE .
1401700984111 6 4098 477.3278 1214.6694 0.23333335 4.0 4.0 4.0 4.0 0.0 0.20400001 2 TOUCH_MOVE .
1401700984127 6 4098 474.75 1212.9509 0.23333335 4.0 4.0 4.0 4.0 0.0 0.20400001 2 TOUCH_MOVE .
1401700984139 6 4098 474.75 1212.9509 0.23333335 4.0 4.0 4.0 4.0 0.0 0.20400001 1 TOUCH_UP .
