1401610881907 6 4098 539.5 813.951 0.26666668 4.0 4.0 4.0 4.0 0.0 0.21200001 0 TOUCH_DOWN I
1401610881933 6 4098 539.5 813.951 0.26666668 4.0 4.0 4.0 4.0 0.0 0.22000001 2 TOUCH_MOVE I
1401610881956 6 4098 539.5 815.1924 0.3 5.0 5.0 5.0 5.0 0.0 0.23200001 2 TOUCH_MOVE I
1401610881972 6 4098 539.5 815.4715 0.3 5.0 5.0 5.0 5.0 0.0 0.22800002 2 TOUCH_MOVE I
1401610882006 6 4098 540.0 815.451 0.26666668 4.0 4.0 4.0 4.0 0.0 0.18400002 2 TOUCH_MOVE I
1401610882011 6 4098 540.0 815.451 0.26666668 4.0 4.0 4.0 4.0 0.0 0.18400002 1 TOUCH_UP I
1401610883030 6 4098 248.0 1214.9509 0.16666667 3.0 3.0 3.0 3.0 0.0 0.2 0 TOUCH_DOWN Space
1401610883157 6 4098 247.57816 1214.9509 0.26666668 5.0 5.0 5.0 5.0 0.0 0.22800002 2 TOUCH_MOVE Space
1401610883174 6 4098 246.74408 1214.9509 0.26666668 5.0 5.0 5.0 5.0 0.0 0.22000001 2 TOUCH_MOVE Space
1401610883191 6 4098 245.5 1214.9509 0.23333335 4.0 4.0 4.0 4.0 0.0 0.18800001 2 TOUCH_MOVE Space
1401610883197 6 4098 245.5 1214.9509 0.16666667 3.0 3.0 3.0 3.0 0.0 0.112 2 TOUCH_MOVE Space
1401610883201 6 4098 245.5 1214.9509 0.16666667 3.0 3.0 3.0 3.0 0.0 0.112 1 TOUCH_UP Space
1401610883360 6 4098 670.0 943.451 0.33333334 5.0 5.0 5.0 5.0 0.0 0.21200001 0 TOUCH_DOWN l
1401610883374 6 4098 670.0 943.451 0.33333334 5.0 5.0 5.0 5.0 0.0 0.22000001 2 TOUCH_MOVE l
1401610883408 6 4098 669.1971 943.451 0.33333334 5.0 5.0 5.0 5.0 0.0 0.23200001 2 TOUCH_MOVE l
1401610883424 6 4098 668.2268 943.451 0.33333334 5.0 5.0 5.0 5.0 0.0 0.23600002 2 TOUCH_MOVE l
1401610883441 6 4098 667.75 943.451 0.33333334 5.0 5.0 5.0 5.0 0.0 0.23600002 2 TOUCH_MOVE l
1401610883482 6 4098 667.75 943.451 0.33333334 5.0 5.0 5.0 5.0 0.0 0.23600002 1 TOUCH_UP l
1401610884030 6 4098 631.0 836.951 0.3 5.0 5.0 5.0 5.0 0.0 0.208 0 TOUCH_DOWN o
1401610884041 6 4098 630.69226 836.64325 0.33333334 5.0 5.0 5.0 5.0 0.0 0.22000001 2 TOUCH_MOVE o
1401610884058 6 4098 628.0853 833.73145 0.33333334 5.0 5.0 5.0 5.0 0.0 0.23200001 2 TOUCH_MOVE o
1401610884083 6 4098 624.7015 830.91864 0.33333334 5.0 5.0 5.0 5.0 0.0 0.24000001 2 TOUCH_MOVE o
1401610884091 6 4098 622.5625 829.23224 0.33333334 5.0 5.0 5.0 5.0 0.0 0.24000001 2 TOUCH_MOVE o
1401610884108 6 4098 620.6037 828.2528 0.33333334 5.0 5.0 5.0 5.0 0.0 0.24000001 2 TOUCH_MOVE o
1401610884124 6 4098 619.8488 828.451 0.33333334 5.0 5.0 5.0 5.0 0.0 0.24000001 2 TOUCH_MOVE o
1401610884158 6 4098 620.0 828.451 0.3 5.0 5.0 5.0 5.0 0.0 0.216 2 TOUCH_MOVE o
1401610884168 6 4098 620.5 828.451 0.33333334 5.0 5.0 5.0 5.0 0.0 0.19600001 2 TOUCH_MOVE o
1401610884171 6 4098 620.5 828.451 0.33333334 5.0 5.0 5.0 5.0 0.0 0.19600001 1 TOUCH_UP o
1401610884741 6 4098 376.5 1087.9509 0.23333335 4.0 4.0 4.0 4.0 0.0 0.20400001 0 TOUCH_DOWN v
1401610884760 6 4098 376.15747 1087.9509 0.26666668 4.0 4.0 4.0 4.0 0.0 0.216 2 TOUCH_MOVE v
1401610884775 6 4098 375.3603 1088.5906 0.3 5.0 5.0 5.0 5.0 0.0 0.23200001 2 TOUCH_MOVE v
1401610884794 6 4098 374.39648 1088.9509 0.3 5.0 5.0 5.0 5.0 0.0 0.23200001 2 TOUCH_MOVE v
1401610884809 6 4098 373.43127 1088.9509 0.26666668 4.0 4.0 4.0 4.0 0.0 0.224 2 TOUCH_MOVE v
1401610884825 6 4098 373.5 1089.4669 0.26666668 4.0 4.0 4.0 4.0 0.0 0.20400001 2 TOUCH_MOVE v
1401610884836 6 4098 373.5 1089.9509 0.26666668 4.0 4.0 4.0 4.0 0.0 0.18800001 2 TOUCH_MOVE v
1401610884841 6 4098 373.5 1089.9509 0.26666668 4.0 4.0 4.0 4.0 0.0 0.18800001 1 TOUCH_UP v
1401610885107 6 4098 219.5 809.451 0.26666668 5.0 5.0 5.0 5.0 0.0 0.19600001 0 TOUCH_DOWN r
1401610885136 6 4098 219.5 809.8702 0.26666668 5.0 5.0 5.0 5.0 0.0 0.2 2 TOUCH_MOVE r
1401610885144 6 4098 219.5 810.7478 0.26666668 5.0 5.0 5.0 5.0 0.0 0.216 2 TOUCH_MOVE r
1401610885159 6 4098 219.5 811.71014 0.26666668 5.0 5.0 5.0 5.0 0.0 0.216 2 TOUCH_MOVE r
1401610885175 6 4098 219.0 812.67487 0.3 5.0 5.0 5.0 5.0 0.0 0.22000001 2 TOUCH_MOVE r
1401610885192 6 4098 219.0 813.6243 0.3 5.0 5.0 5.0 5.0 0.0 0.22000001 2 TOUCH_MOVE r
1401610885209 6 4098 218.35356 813.951 0.26666668 5.0 5.0 5.0 5.0 0.0 0.216 2 TOUCH_MOVE r
1401610885225 6 4098 216.77307 815.06445 0.26666668 5.0 5.0 5.0 5.0 0.0 0.20400001 2 TOUCH_MOVE r
1401610885235 6 4098 214.5 814.951 0.26666668 4.0 4.0 4.0 4.0 0.0 0.18800001 2 TOUCH_MOVE r
1401610885238 6 4098 214.5 814.951 0.26666668 4.0 4.0 4.0 4.0 0.0 0.18800001 1 TOUCH_UP r
1401610885545 6 4098 327.0 1206.9509 0.26666668 5.0 5.0 5.0 5.0 0.0 0.18800001 0 TOUCH_DOWN Space
1401610885564 6 4098 327.0 1206.9509 0.26666668 5.0 5.0 5.0 5.0 0.0 0.192 2 TOUCH_MOVE Space
1401610885576 6 4098 327.0 1207.7499 0.26666668 5.0 5.0 5.0 5.0 0.0 0.192 2 TOUCH_MOVE Space
1401610885593 6 4098 327.0 1208.7084 0.26666668 5.0 5.0 5.0 5.0 0.0 0.192 2 TOUCH_MOVE Space
1401610885609 6 4098 327.0 1208.9509 0.26666668 5.0 5.0 5.0 5.0 0.0 0.18400002 2 TOUCH_MOVE Space
1401610885611 6 4098 327.0 1208.9509 0.26666668 5.0 5.0 5.0 5.0 0.0 0.18400002 1 TOUCH_UP Space
1401610886919 6 4098 683.0 1094.9509 0.26666668 4.0 4.0 4.0 4.0 0.0 0.19600001 0 TOUCH_DOWN Back
1401610886927 6 4098 683.0 1094.9509 0.26666668 4.0 4.0 4.0 4.0 0.0 0.20400001 2 TOUCH_MOVE Back
1401610886960 6 4098 683.0 1096.5535 0.26666668 4.0 4.0 4.0 4.0 0.0 0.216 2 TOUCH_MOVE Back
1401610886977 6 4098 683.0 1097.5122 0.26666668 4.0 4.0 4.0 4.0 0.0 0.216 2 TOUCH_MOVE Back
1401610886996 6 4098 683.0 1098.4729 0.26666668 4.0 4.0 4.0 4.0 0.0 0.216 2 TOUCH_MOVE Back
1401610887010 6 4098 683.0 1099.2009 0.26666668 4.0 4.0 4.0 4.0 0.0 0.216 2 TOUCH_MOVE Back
1401610887025 6 4098 683.0 1099.2009 0.26666668 4.0 4.0 4.0 4.0 0.0 0.216 1 TOUCH_UP Back
1401610887427 6 4098 196.0 822.451 0.26666668 4.0 4.0 4.0 4.0 0.0 0.20400001 0 TOUCH_DOWN e
1401610887494 6 4098 196.0 822.8817 0.33333334 5.0 5.0 5.0 5.0 0.0 0.22000001 2 TOUCH_MOVE e
1401610887511 6 4098 196.0 823.77637 0.33333334 5.0 5.0 5.0 5.0 0.0 0.224 2 TOUCH_MOVE e
1401610887527 6 4098 196.0 824.7234 0.33333334 5.0 5.0 5.0 5.0 0.0 0.216 2 TOUCH_MOVE e
1401610887544 6 4098 195.62901 825.32196 0.33333334 5.0 5.0 5.0 5.0 0.0 0.216 2 TOUCH_MOVE e
1401610887561 6 4098 192.65187 826.163 0.3 5.0 5.0 5.0 5.0 0.0 0.19600001 2 TOUCH_MOVE e
1401610887569 6 4098 189.5 827.451 0.3 5.0 5.0 5.0 5.0 0.0 0.18 2 TOUCH_MOVE e
1401610887572 6 4098 189.5 827.451 0.3 5.0 5.0 5.0 5.0 0.0 0.18 1 TOUCH_UP e
1401610887788 6 4098 316.5 1226.9509 0.23333335 4.0 4.0 4.0 4.0 0.0 0.216 0 TOUCH_DOWN Space
1401610887794 6 4098 316.5 1226.9509 0.26666668 5.0 5.0 5.0 5.0 0.0 0.22000001 2 TOUCH_MOVE Space
1401610887814 6 4098 315.23886 1226.1898 0.26666668 5.0 5.0 5.0 5.0 0.0 0.22800002 2 TOUCH_MOVE Space
1401610887829 6 4098 313.3128 1224.2637 0.26666668 5.0 5.0 5.0 5.0 0.0 0.23200001 2 TOUCH_MOVE Space
1401610887856 6 4098 311.01285 1222.9574 0.3 6.0 6.0 6.0 6.0 0.0 0.23200001 2 TOUCH_MOVE Space
1401610887863 6 4098 309.9857 1222.4509 0.26666668 5.0 5.0 5.0 5.0 0.0 0.23200001 2 TOUCH_MOVE Space
1401610887911 6 4098 313.03085 1224.7163 0.23333335 4.0 4.0 4.0 4.0 0.0 0.21200001 2 TOUCH_MOVE Space
1401610887928 6 4098 321.16037 1225.9509 0.26666668 5.0 5.0 5.0 5.0 0.0 0.2 2 TOUCH_MOVE Space
1401610887939 6 4098 322.5 1225.9509 0.26666668 5.0 5.0 5.0 5.0 0.0 0.18800001 2 TOUCH_MOVE Space
1401610887942 6 4098 322.5 1225.9509 0.26666668 5.0 5.0 5.0 5.0 0.0 0.18800001 1 TOUCH_UP Space
1401610888263 6 4098 391.0 853.451 0.20000002 4.0 4.0 4.0 4.0 0.0 0.2 0 TOUCH_DOWN y
1401610888312 6 4098 392.47235 853.451 0.3 5.0 5.0 5.0 5.0 0.0 0.23200001 2 TOUCH_MOVE y
1401610888328 6 4098 393.43384 853.451 0.3 5.0 5.0 5.0 5.0 0.0 0.24000001 2 TOUCH_MOVE y
1401610888345 6 4098 394.37216 853.451 0.3 5.0 5.0 5.0 5.0 0.0 0.24000001 2 TOUCH_MOVE y
1401610888363 6 4098 394.75 853.451 0.3 5.0 5.0 5.0 5.0 0.0 0.24400002 2 TOUCH_MOVE y
1401610888450 6 4098 394.1226 853.3252 0.3 5.0 5.0 5.0 5.0 0.0 0.22000001 2 TOUCH_MOVE y
1401610888462 6 4098 389.8422 852.31946 0.23333335 5.0 5.0 5.0 5.0 0.0 0.192 2 TOUCH_MOVE y
1401610888472 6 4098 387.5 852.451 0.23333335 5.0 5.0 5.0 5.0 0.0 0.17600001 2 TOUCH_MOVE y
1401610888475 6 4098 387.5 852.451 0.23333335 5.0 5.0 5.0 5.0 0.0 0.17600001 1 TOUCH_UP y
1401610888641 6 4098 606.0 846.951 0.3 5.0 5.0 5.0 5.0 0.0 0.2 0 TOUCH_DOWN o
1401610888647 6 4098 606.0 846.951 0.3 5.0 5.0 5.0 5.0 0.0 0.20400001 2 TOUCH_MOVE o
1401610888662 6 4098 606.0 845.3092 0.3 5.0 5.0 5.0 5.0 0.0 0.216 2 TOUCH_MOVE o
1401610888679 6 4098 606.0 841.4285 0.33333334 5.0 5.0 5.0 5.0 0.0 0.22800002 2 TOUCH_MOVE o
1401610888695 6 4098 606.0 839.2456 0.33333334 5.0 5.0 5.0 5.0 0.0 0.23200001 2 TOUCH_MOVE o
1401610888712 6 4098 604.9658 837.38257 0.33333334 5.0 5.0 5.0 5.0 0.0 0.24000001 2 TOUCH_MOVE o
1401610888729 6 4098 605.0 836.4328 0.33333334 5.0 5.0 5.0 5.0 0.0 0.24000001 2 TOUCH_MOVE o
1401610888779 6 4098 605.0 835.8839 0.33333334 5.0 5.0 5.0 5.0 0.0 0.23600002 2 TOUCH_MOVE o
1401610888807 6 4098 605.2267 835.2243 0.33333334 5.0 5.0 5.0 5.0 0.0 0.22800002 2 TOUCH_MOVE o
1401610888812 6 4098 606.8242 832.3025 0.3 5.0 5.0 5.0 5.0 0.0 0.18800001 2 TOUCH_MOVE o
1401610888820 6 4098 607.0 831.951 0.20000002 3.0 3.0 3.0 3.0 0.0 0.104 2 TOUCH_MOVE o
1401610888827 6 4098 607.0 831.951 0.20000002 3.0 3.0 3.0 3.0 0.0 0.104 1 TOUCH_UP o
1401610889200 6 4098 489.5 830.951 0.3 5.0 5.0 5.0 5.0 0.0 0.22000001 0 TOUCH_DOWN u
1401610889212 6 4098 489.5 830.951 0.3 5.0 5.0 5.0 5.0 0.0 0.22800002 2 TOUCH_MOVE u
1401610889246 6 4098 487.6805 830.63153 0.33333334 5.0 5.0 5.0 5.0 0.0 0.24400002 2 TOUCH_MOVE u
1401610889262 6 4098 485.93402 829.951 0.33333334 5.0 5.0 5.0 5.0 0.0 0.24800001 2 TOUCH_MOVE u
1401610889280 6 4098 484.7661 829.951 0.33333334 5.0 5.0 5.0 5.0 0.0 0.24800001 2 TOUCH_MOVE u
1401610889296 6 4098 483.80106 829.951 0.33333334 5.0 5.0 5.0 5.0 0.0 0.24400002 2 TOUCH_MOVE u
1401610889359 6 4098 483.80106 829.951 0.33333334 5.0 5.0 5.0 5.0 0.0 0.24400002 1 TOUCH_UP u
1401610890032 6 4098 686.5 1190.4509 0.20000002 4.0 4.0 4.0 4.0 0.0 0.192 0 TOUCH_DOWN Enter
1401610890047 6 4098 686.5 1190.4509 0.20000002 4.0 4.0 4.0 4.0 0.0 0.2 2 TOUCH_MOVE Enter
1401610890113 6 4098 686.5 1191.0153 0.23333335 4.0 4.0 4.0 4.0 0.0 0.21200001 2 TOUCH_MOVE Enter
1401610890141 6 4098 686.5 1190.9509 0.20000002 4.0 4.0 4.0 4.0 0.0 0.18 2 TOUCH_MOVE Enter
1401610890145 6 4098 686.5 1190.9509 0.20000002 4.0 4.0 4.0 4.0 0.0 0.18 1 TOUCH_UP Enter
1401610890862 6 4098 696.0 1079.9509 0.20000002 4.0 4.0 4.0 4.0 0.0 0.20400001 0 TOUCH_DOWN Back
1401610890883 6 4098 696.0 1079.9509 0.23333335 4.0 4.0 4.0 4.0 0.0 0.21200001 2 TOUCH_MOVE Back
1401610890897 6 4098 695.49817 1080.4528 0.3 5.0 5.0 5.0 5.0 0.0 0.22000001 2 TOUCH_MOVE Back
1401610890914 6 4098 694.09186 1080.9509 0.3 5.0 5.0 5.0 5.0 0.0 0.224 2 TOUCH_MOVE Back
1401610890931 6 4098 693.0681 1081.8828 0.3 5.0 5.0 5.0 5.0 0.0 0.224 2 TOUCH_MOVE Back
1401610890961 6 4098 692.10645 1082.4509 0.3 5.0 5.0 5.0 5.0 0.0 0.22800002 2 TOUCH_MOVE Back
1401610890972 6 4098 691.75 1082.4509 0.3 5.0 5.0 5.0 5.0 0.0 0.224 2 TOUCH_MOVE Back
1401610890998 6 4098 691.75 1082.4509 0.3 5.0 5.0 5.0 5.0 0.0 0.224 1 TOUCH_UP Back
1401610891080 6 4098 695.0 1083.4509 0.20000002 4.0 4.0 4.0 4.0 0.0 0.20400001 0 TOUCH_DOWN Back
1401610891117 6 4098 693.99396 1084.9569 0.26666668 4.0 4.0 4.0 4.0 0.0 0.224 2 TOUCH_MOVE Back
1401610891137 6 4098 693.02966 1085.9213 0.3 5.0 5.0 5.0 5.0 0.0 0.224 2 TOUCH_MOVE Back
1401610891147 6 4098 692.0686 1086.8823 0.3 5.0 5.0 5.0 5.0 0.0 0.224 2 TOUCH_MOVE Back
1401610891165 6 4098 692.0 1087.8442 0.3 5.0 5.0 5.0 5.0 0.0 0.224 2 TOUCH_MOVE Back
1401610891178 6 4098 692.0 1087.9509 0.23333335 4.0 4.0 4.0 4.0 0.0 0.216 2 TOUCH_MOVE Back
1401610891186 6 4098 692.0 1087.9509 0.23333335 4.0 4.0 4.0 4.0 0.0 0.216 1 TOUCH_UP Back
1401610891272 6 4098 697.5 1089.9509 0.23333335 4.0 4.0 4.0 4.0 0.0 0.208 0 TOUCH_DOWN Back
1401610891281 6 4098 697.5 1089.9509 0.23333335 4.0 4.0 4.0 4.0 0.0 0.21200001 2 TOUCH_MOVE Back
1401610891298 6 4098 697.5 1090.4917 0.26666668 4.0 4.0 4.0 4.0 0.0 0.216 2 TOUCH_MOVE Back
1401610891314 6 4098 696.94794 1091.5029 0.26666668 4.0 4.0 4.0 4.0 0.0 0.216 2 TOUCH_MOVE Back
1401610891333 6 4098 695.9927 1092.4583 0.26666668 4.0 4.0 4.0 4.0 0.0 0.216 2 TOUCH_MOVE Back
1401610891376 6 4098 695.9927 1092.4583 0.26666668 4.0 4.0 4.0 4.0 0.0 0.216 1 TOUCH_UP Back
1401610891543 6 4098 706.0 1089.4509 0.20000002 3.0 3.0 3.0 3.0 0.0 0.20400001 0 TOUCH_DOWN Back
1401610891557 6 4098 706.0 1089.46 0.23333335 4.0 4.0 4.0 4.0 0.0 0.21200001 2 TOUCH_MOVE Back
1401610891574 6 4098 705.5298 1090.4211 0.23333335 4.0 4.0 4.0 4.0 0.0 0.21200001 2 TOUCH_MOVE Back
1401610891582 6 4098 704.1412 1091.8097 0.26666668 4.0 4.0 4.0 4.0 0.0 0.216 2 TOUCH_MOVE Back
1401610891598 6 4098 702.6139 1092.837 0.26666668 4.0 4.0 4.0 4.0 0.0 0.216 2 TOUCH_MOVE Back
1401610891615 6 4098 701.6453 1093.8057 0.26666668 4.0 4.0 4.0 4.0 0.0 0.216 2 TOUCH_MOVE Back
1401610891632 6 4098 701.5 1094.7009 0.26666668 4.0 4.0 4.0 4.0 0.0 0.216 2 TOUCH_MOVE Back
1401610891649 6 4098 702.13696 1094.4509 0.20000002 3.0 3.0 3.0 3.0 0.0 0.19600001 2 TOUCH_MOVE Back
1401610891658 6 4098 702.13696 1094.4509 0.20000002 3.0 3.0 3.0 3.0 0.0 0.19600001 1 TOUCH_UP Back
1401610891742 6 4098 708.5 1095.4509 0.23333335 4.0 4.0 4.0 4.0 0.0 0.2 0 TOUCH_DOWN Back
1401610891749 6 4098 708.5 1095.4509 0.23333335 4.0 4.0 4.0 4.0 0.0 0.208 2 TOUCH_MOVE Back
1401610891765 6 4098 707.9927 1096.4583 0.26666668 4.0 4.0 4.0 4.0 0.0 0.21200001 2 TOUCH_MOVE Back
1401610891791 6 4098 705.5487 1097.4266 0.26666668 4.0 4.0 4.0 4.0 0.0 0.21200001 2 TOUCH_MOVE Back
1401610891801 6 4098 703.64014 1098.8809 0.26666668 4.0 4.0 4.0 4.0 0.0 0.216 2 TOUCH_MOVE Back
1401610891815 6 4098 702.6075 1099.8435 0.26666668 4.0 4.0 4.0 4.0 0.0 0.216 2 TOUCH_MOVE Back
1401610891834 6 4098 702.25 1100.2009 0.26666668 4.0 4.0 4.0 4.0 0.0 0.216 2 TOUCH_MOVE Back
1401610891854 6 4098 702.25 1100.2009 0.26666668 4.0 4.0 4.0 4.0 0.0 0.216 1 TOUCH_UP Back
1401610891920 6 4098 706.0 1085.9509 0.23333335 4.0 4.0 4.0 4.0 0.0 0.208 0 TOUCH_DOWN Back
1401610891932 6 4098 706.0 1085.9509 0.23333335 4.0 4.0 4.0 4.0 0.0 0.21200001 2 TOUCH_MOVE Back
1401610891951 6 4098 705.41516 1087.0358 0.23333335 4.0 4.0 4.0 4.0 0.0 0.216 2 TOUCH_MOVE Back
1401610891965 6 4098 703.4038 1087.999 0.23333335 4.0 4.0 4.0 4.0 0.0 0.22000001 2 TOUCH_MOVE Back
1401610891982 6 4098 702.00653 1088.9445 0.3 5.0 5.0 5.0 5.0 0.0 0.22000001 2 TOUCH_MOVE Back
1401610891999 6 4098 701.0315 1089.4509 0.26666668 4.0 4.0 4.0 4.0 0.0 0.22000001 2 TOUCH_MOVE Back
1401610892015 6 4098 700.75 1089.4509 0.3 5.0 5.0 5.0 5.0 0.0 0.22000001 2 TOUCH_MOVE Back
1401610892045 6 4098 701.5 1089.4509 0.16666667 3.0 3.0 3.0 3.0 0.0 0.172 2 TOUCH_MOVE Back
1401610892049 6 4098 701.5 1089.4509 0.16666667 3.0 3.0 3.0 3.0 0.0 0.172 1 TOUCH_UP Back
1401610892332 6 4098 711.0 1089.9509 0.20000002 3.0 3.0 3.0 3.0 0.0 0.18800001 0 TOUCH_DOWN Back
1401610892366 6 4098 708.1274 1092.1993 0.26666668 4.0 4.0 4.0 4.0 0.0 0.216 2 TOUCH_MOVE Back
1401610892382 6 4098 705.24475 1094.1211 0.26666668 4.0 4.0 4.0 4.0 0.0 0.216 2 TOUCH_MOVE Back
1401610892399 6 4098 703.95184 1094.9991 0.26666668 4.0 4.0 4.0 4.0 0.0 0.21200001 2 TOUCH_MOVE Back
1401610892415 6 4098 703.05664 1095.8943 0.26666668 4.0 4.0 4.0 4.0 0.0 0.216 2 TOUCH_MOVE Back
1401610892434 6 4098 702.5 1096.9186 0.26666668 4.0 4.0 4.0 4.0 0.0 0.216 2 TOUCH_MOVE Back
1401610892449 6 4098 702.5 1097.7009 0.26666668 4.0 4.0 4.0 4.0 0.0 0.216 2 TOUCH_MOVE Back
1401610892480 6 4098 702.5 1097.4509 0.23333335 4.0 4.0 4.0 4.0 0.0 0.17600001 2 TOUCH_MOVE Back
1401610892486 6 4098 702.5 1097.4509 0.23333335 4.0 4.0 4.0 4.0 0.0 0.17600001 1 TOUCH_UP Back
1401610893112 6 4098 192.5 840.951 0.26666668 4.0 4.0 4.0 4.0 0.0 0.208 0 TOUCH_DOWN e
1401610893166 6 4098 192.76245 840.951 0.3 5.0 5.0 5.0 5.0 0.0 0.224 2 TOUCH_MOVE e
1401610893187 6 4098 193.75 840.951 0.3 5.0 5.0 5.0 5.0 0.0 0.224 2 TOUCH_MOVE e
1401610893199 6 4098 194.25 840.951 0.3 5.0 5.0 5.0 5.0 0.0 0.224 2 TOUCH_MOVE e
1401610893267 6 4098 192.4509 841.4755 0.23333335 4.0 4.0 4.0 4.0 0.0 0.18800001 2 TOUCH_MOVE e
1401610893279 6 4098 192.5 841.451 0.13333334 2.0 2.0 2.0 2.0 0.0 0.120000005 2 TOUCH_MOVE e
1401610893288 6 4098 192.5 841.451 0.13333334 2.0 2.0 2.0 2.0 0.0 0.120000005 1 TOUCH_UP e
1401610893522 6 4098 318.0 1206.9509 0.26666668 5.0 5.0 5.0 5.0 0.0 0.224 0 TOUCH_DOWN Space
1401610893539 6 4098 317.5724 1206.9509 0.26666668 5.0 5.0 5.0 5.0 0.0 0.22800002 2 TOUCH_MOVE Space
1401610893564 6 4098 315.85452 1206.9509 0.3 5.0 5.0 5.0 5.0 0.0 0.23600002 2 TOUCH_MOVE Space
1401610893568 6 4098 312.94647 1206.9509 0.3 5.0 5.0 5.0 5.0 0.0 0.23600002 2 TOUCH_MOVE Space
1401610893584 6 4098 310.25 1206.9509 0.3 5.0 5.0 5.0 5.0 0.0 0.23600002 2 TOUCH_MOVE Space
1401610893602 6 4098 309.25 1207.7009 0.3 5.0 5.0 5.0 5.0 0.0 0.23600002 2 TOUCH_MOVE Space
1401610893648 6 4098 309.25 1207.7009 0.3 5.0 5.0 5.0 5.0 0.0 0.23600002 1 TOUCH_UP Space
1401610894016 6 4098 410.0 841.451 0.20000002 4.0 4.0 4.0 4.0 0.0 0.192 0 TOUCH_DOWN y
1401610894037 6 4098 410.0 841.451 0.26666668 4.0 4.0 4.0 4.0 0.0 0.20400001 2 TOUCH_MOVE y
1401610894067 6 4098 410.5 840.24664 0.33333334 5.0 5.0 5.0 5.0 0.0 0.22800002 2 TOUCH_MOVE y
1401610894085 6 4098 410.5 839.2902 0.33333334 5.0 5.0 5.0 5.0 0.0 0.23200001 2 TOUCH_MOVE y
1401610894109 6 4098 411.0 838.3327 0.33333334 5.0 5.0 5.0 5.0 0.0 0.23200001 2 TOUCH_MOVE y
1401610894117 6 4098 411.0 837.701 0.33333334 5.0 5.0 5.0 5.0 0.0 0.23200001 2 TOUCH_MOVE y
1401610894184 6 4098 411.0 837.701 0.33333334 5.0 5.0 5.0 5.0 0.0 0.23200001 1 TOUCH_UP y
1401610894352 6 4098 602.5 833.951 0.3 5.0 5.0 5.0 5.0 0.0 0.208 0 TOUCH_DOWN o
1401610894370 6 4098 602.5 833.951 0.3 5.0 5.0 5.0 5.0 0.0 0.216 2 TOUCH_MOVE o
1401610894501 6 4098 603.0122 833.4388 0.33333334 5.0 5.0 5.0 5.0 0.0 0.21200001 2 TOUCH_MOVE o
1401610894517 6 4098 603.5 832.951 0.20000002 3.0 3.0 3.0 3.0 0.0 0.1 2 TOUCH_MOVE o
1401610894521 6 4098 603.5 832.951 0.20000002 3.0 3.0 3.0 3.0 0.0 0.1 1 TOUCH_UP o
1401610894893 6 4098 471.5 831.951 0.3 5.0 5.0 5.0 5.0 0.0 0.224 0 TOUCH_DOWN u
1401610894901 6 4098 471.5 831.951 0.33333334 5.0 5.0 5.0 5.0 0.0 0.23200001 2 TOUCH_MOVE u
1401610894985 6 4098 472.00775 831.44324 0.33333334 5.0 5.0 5.0 5.0 0.0 0.24000001 2 TOUCH_MOVE u
1401610895001 6 4098 473.04318 830.40784 0.33333334 5.0 5.0 5.0 5.0 0.0 0.24000001 2 TOUCH_MOVE u
1401610895022 6 4098 474.5153 829.44336 0.33333334 5.0 5.0 5.0 5.0 0.0 0.22800002 2 TOUCH_MOVE u
1401610895035 6 4098 479.47458 827.60114 0.3 5.0 5.0 5.0 5.0 0.0 0.216 2 TOUCH_MOVE u
1401610895047 6 4098 483.5 826.951 0.3 5.0 5.0 5.0 5.0 0.0 0.18400002 2 TOUCH_MOVE u
1401610895052 6 4098 483.5 826.951 0.3 5.0 5.0 5.0 5.0 0.0 0.18400002 1 TOUCH_UP u
1401610895968 6 4098 445.0 1219.9509 0.26666668 5.0 5.0 5.0 5.0 0.0 0.208 0 TOUCH_DOWN ,
1401610895987 6 4098 445.0 1219.9509 0.26666668 5.0 5.0 5.0 5.0 0.0 0.21200001 2 TOUCH_MOVE ,
1401610896002 6 4098 444.26202 1219.9509 0.26666668 5.0 5.0 5.0 5.0 0.0 0.22000001 2 TOUCH_MOVE ,
1401610896019 6 4098 443.3079 1219.9509 0.26666668 5.0 5.0 5.0 5.0 0.0 0.22000001 2 TOUCH_MOVE ,
1401610896038 6 4098 442.75 1219.9509 0.26666668 5.0 5.0 5.0 5.0 0.0 0.224 2 TOUCH_MOVE ,
1401610896069 6 4098 443.0 1219.9509 0.26666668 5.0 5.0 5.0 5.0 0.0 0.18 2 TOUCH_MOVE ,
1401610896078 6 4098 443.0 1219.9509 0.26666668 5.0 5.0 5.0 5.0 0.0 0.18 1 TOUCH_UP ,
1401610896501 6 4098 701.5 1218.4509 0.16666667 3.0 3.0 3.0 3.0 0.0 0.192 0 TOUCH_DOWN Enter
1401610896521 6 4098 701.5 1219.0007 0.16666667 3.0 3.0 3.0 3.0 0.0 0.2 2 TOUCH_MOVE Enter
1401610896536 6 4098 700.9962 1219.9547 0.23333335 4.0 4.0 4.0 4.0 0.0 0.20400001 2 TOUCH_MOVE Enter
1401610896553 6 4098 700.0331 1220.9178 0.23333335 4.0 4.0 4.0 4.0 0.0 0.20400001 2 TOUCH_MOVE Enter
1401610896571 6 4098 699.0701 1220.9509 0.23333335 4.0 4.0 4.0 4.0 0.0 0.20400001 2 TOUCH_MOVE Enter
1401610896589 6 4098 698.20056 1221.2504 0.23333335 4.0 4.0 4.0 4.0 0.0 0.208 2 TOUCH_MOVE Enter
1401610896606 6 4098 697.75 1221.7009 0.23333335 4.0 4.0 4.0 4.0 0.0 0.20400001 2 TOUCH_MOVE Enter
1401610896626 6 4098 698.0 1221.4509 0.16666667 3.0 3.0 3.0 3.0 0.0 0.18 2 TOUCH_MOVE Enter
1401610896630 6 4098 698.0 1221.4509 0.16666667 3.0 3.0 3.0 3.0 0.0 0.18 1 TOUCH_UP Enter
1401610897392 6 4098 405.0 833.951 0.3 5.0 5.0 5.0 5.0 0.0 0.216 0 TOUCH_DOWN Y
1401610897404 6 4098 405.0 833.951 0.3 5.0 5.0 5.0 5.0 0.0 0.224 2 TOUCH_MOVE Y
1401610897420 6 4098 404.0646 833.951 0.33333334 5.0 5.0 5.0 5.0 0.0 0.23200001 2 TOUCH_MOVE Y
1401610897439 6 4098 403.15002 833.951 0.33333334 5.0 5.0 5.0 5.0 0.0 0.24000001 2 TOUCH_MOVE Y
1401610897453 6 4098 402.75 833.951 0.33333334 5.0 5.0 5.0 5.0 0.0 0.24000001 2 TOUCH_MOVE Y
1401610897503 6 4098 409.064 834.49927 0.3 5.0 5.0 5.0 5.0 0.0 0.216 2 TOUCH_MOVE Y
1401610897519 6 4098 420.0 838.451 0.26666668 4.0 4.0 4.0 4.0 0.0 0.18400002 2 TOUCH_MOVE Y
1401610897523 6 4098 420.0 838.451 0.26666668 4.0 4.0 4.0 4.0 0.0 0.18400002 1 TOUCH_UP Y
1401610897706 6 4098 584.0 834.451 0.23333335 5.0 5.0 5.0 5.0 0.0 0.18400002 0 TOUCH_DOWN o
1401610897722 6 4098 584.0 834.451 0.3 5.0 5.0 5.0 5.0 0.0 0.19600001 2 TOUCH_MOVE o
1401610897854 6 4098 586.5663 835.36426 0.3 5.0 5.0 5.0 5.0 0.0 0.224 2 TOUCH_MOVE o
1401610897871 6 4098 596.6377 837.6636 0.3 5.0 5.0 5.0 5.0 0.0 0.19600001 2 TOUCH_MOVE o
1401610897875 6 4098 597.5 837.951 0.26666668 5.0 5.0 5.0 5.0 0.0 0.17600001 2 TOUCH_MOVE o
1401610897878 6 4098 597.5 837.951 0.26666668 5.0 5.0 5.0 5.0 0.0 0.17600001 1 TOUCH_UP o
1401610898121 6 4098 496.5 815.451 0.3 5.0 5.0 5.0 5.0 0.0 0.216 0 TOUCH_DOWN u
1401610898139 6 4098 495.6941 815.451 0.3 5.0 5.0 5.0 5.0 0.0 0.224 2 TOUCH_MOVE u
1401610898154 6 4098 492.41745 815.18036 0.33333334 5.0 5.0 5.0 5.0 0.0 0.24400002 2 TOUCH_MOVE u
1401610898172 6 4098 488.61288 814.451 0.33333334 5.0 5.0 5.0 5.0 0.0 0.24800001 2 TOUCH_MOVE u
1401610898188 6 4098 485.3878 814.451 0.33333334 5.0 5.0 5.0 5.0 0.0 0.252 2 TOUCH_MOVE u
1401610898204 6 4098 483.18735 814.451 0.36666667 6.0 6.0 6.0 6.0 0.0 0.252 2 TOUCH_MOVE u
1401610898221 6 4098 482.38174 814.451 0.36666667 6.0 6.0 6.0 6.0 0.0 0.252 2 TOUCH_MOVE u
1401610898255 6 4098 483.0075 814.451 0.33333334 5.0 5.0 5.0 5.0 0.0 0.24000001 2 TOUCH_MOVE u
1401610898271 6 4098 484.0 814.451 0.3 5.0 5.0 5.0 5.0 0.0 0.19600001 2 TOUCH_MOVE u
1401610898276 6 4098 484.0 814.451 0.3 5.0 5.0 5.0 5.0 0.0 0.19600001 1 TOUCH_UP u
1401610898779 6 4098 304.5 1212.4509 0.26666668 5.0 5.0 5.0 5.0 0.0 0.224 0 TOUCH_DOWN Space
1401610898788 6 4098 304.5 1212.4509 0.26666668 5.0 5.0 5.0 5.0 0.0 0.23200001 2 TOUCH_MOVE Space
1401610898807 6 4098 302.69052 1212.1812 0.3 5.0 5.0 5.0 5.0 0.0 0.24400002 2 TOUCH_MOVE Space
1401610898821 6 4098 299.3187 1211.2239 0.3 5.0 5.0 5.0 5.0 0.0 0.24400002 2 TOUCH_MOVE Space
1401610898839 6 4098 297.05173 1210.4681 0.33333334 6.0 6.0 6.0 6.0 0.0 0.24400002 2 TOUCH_MOVE Space
1401610898855 6 4098 295.31653 1210.4509 0.33333334 6.0 6.0 6.0 6.0 0.0 0.24800001 2 TOUCH_MOVE Space
1401610898871 6 4098 294.75 1210.4509 0.33333334 6.0 6.0 6.0 6.0 0.0 0.24800001 2 TOUCH_MOVE Space
1401610898910 6 4098 295.5 1211.9509 0.23333335 4.0 4.0 4.0 4.0 0.0 0.2 2 TOUCH_MOVE Space
1401610898918 6 4098 295.5 1211.9509 0.13333334 3.0 3.0 3.0 3.0 0.0 0.1 2 TOUCH_MOVE Space
1401610898922 6 4098 295.5 1211.9509 0.13333334 3.0 3.0 3.0 3.0 0.0 0.1 1 TOUCH_UP Space
1401610899176 6 4098 668.0 952.451 0.3 5.0 5.0 5.0 5.0 0.0 0.21200001 0 TOUCH_DOWN l
1401610899189 6 4098 668.0 952.451 0.3 5.0 5.0 5.0 5.0 0.0 0.224 2 TOUCH_MOVE l
1401610899222 6 4098 666.7054 952.451 0.33333334 5.0 5.0 5.0 5.0 0.0 0.23200001 2 TOUCH_MOVE l
1401610899242 6 4098 665.73157 952.451 0.33333334 5.0 5.0 5.0 5.0 0.0 0.23600002 2 TOUCH_MOVE l
1401610899255 6 4098 664.7595 952.451 0.33333334 5.0 5.0 5.0 5.0 0.0 0.23600002 2 TOUCH_MOVE l
1401610899306 6 4098 665.0 952.451 0.16666667 3.0 3.0 3.0 3.0 0.0 0.1 2 TOUCH_MOVE l
1401610899310 6 4098 665.0 952.451 0.16666667 3.0 3.0 3.0 3.0 0.0 0.1 1 TOUCH_UP l
1401610899453 6 4098 618.0 857.451 0.3 5.0 5.0 5.0 5.0 0.0 0.22800002 0 TOUCH_DOWN o
1401610899472 6 4098 617.2711 857.08655 0.3 5.0 5.0 5.0 5.0 0.0 0.24000001 2 TOUCH_MOVE o
1401610899490 6 4098 615.7015 855.65247 0.36666667 6.0 6.0 6.0 6.0 0.0 0.252 2 TOUCH_MOVE o
1401610899505 6 4098 613.1854 853.6364 0.36666667 6.0 6.0 6.0 6.0 0.0 0.256 2 TOUCH_MOVE o
1401610899523 6 4098 612.38525 852.83624 0.36666667 6.0 6.0 6.0 6.0 0.0 0.256 2 TOUCH_MOVE o
1401610899539 6 4098 611.42975 851.38074 0.36666667 6.0 6.0 6.0 6.0 0.0 0.256 2 TOUCH_MOVE o
1401610899572 6 4098 612.99713 848.95386 0.36666667 6.0 6.0 6.0 6.0 0.0 0.252 2 TOUCH_MOVE o
1401610899591 6 4098 615.36035 846.59064 0.36666667 6.0 6.0 6.0 6.0 0.0 0.24000001 2 TOUCH_MOVE o
1401610899605 6 4098 619.75165 843.82513 0.3 5.0 5.0 5.0 5.0 0.0 0.23200001 2 TOUCH_MOVE o
1401610899622 6 4098 629.5786 839.1617 0.3 5.0 5.0 5.0 5.0 0.0 0.208 2 TOUCH_MOVE o
1401610899627 6 4098 631.0 838.451 0.23333335 5.0 5.0 5.0 5.0 0.0 0.18 2 TOUCH_MOVE o
1401610899631 6 4098 631.0 838.451 0.23333335 5.0 5.0 5.0 5.0 0.0 0.18 1 TOUCH_UP o
1401610899948 6 4098 372.5 1090.4509 0.33333334 5.0 5.0 5.0 5.0 0.0 0.24000001 0 TOUCH_DOWN v
1401610899956 6 4098 372.5 1090.4509 0.33333334 5.0 5.0 5.0 5.0 0.0 0.24400002 2 TOUCH_MOVE v
1401610899973 6 4098 371.96207 1090.9889 0.33333334 5.0 5.0 5.0 5.0 0.0 0.24800001 2 TOUCH_MOVE v
1401610899989 6 4098 370.12302 1091.3894 0.33333334 5.0 5.0 5.0 5.0 0.0 0.252 2 TOUCH_MOVE v
1401610900007 6 4098 368.49796 1091.9509 0.33333334 5.0 5.0 5.0 5.0 0.0 0.252 2 TOUCH_MOVE v
1401610900040 6 4098 368.5 1093.2009 0.33333334 5.0 5.0 5.0 5.0 0.0 0.252 2 TOUCH_MOVE v
1401610900073 6 4098 372.03864 1094.5664 0.3 5.0 5.0 5.0 5.0 0.0 0.22000001 2 TOUCH_MOVE v
1401610900091 6 4098 373.0 1094.9509 0.26666668 5.0 5.0 5.0 5.0 0.0 0.164 2 TOUCH_MOVE v
1401610900095 6 4098 373.0 1094.9509 0.26666668 5.0 5.0 5.0 5.0 0.0 0.164 1 TOUCH_UP v
1401610900297 6 4098 200.0 820.451 0.3 5.0 5.0 5.0 5.0 0.0 0.21200001 0 TOUCH_DOWN e
1401610900308 6 4098 200.0 820.451 0.3 5.0 5.0 5.0 5.0 0.0 0.22000001 2 TOUCH_MOVE e
1401610900340 6 4098 201.21272 820.451 0.3 5.0 5.0 5.0 5.0 0.0 0.23600002 2 TOUCH_MOVE e
1401610900357 6 4098 202.34972 820.451 0.33333334 6.0 6.0 6.0 6.0 0.0 0.24000001 2 TOUCH_MOVE e
1401610900373 6 4098 203.65746 820.451 0.33333334 6.0 6.0 6.0 6.0 0.0 0.24000001 2 TOUCH_MOVE e
1401610900392 6 4098 204.51152 820.451 0.33333334 6.0 6.0 6.0 6.0 0.0 0.24400002 2 TOUCH_MOVE e
1401610900410 6 4098 205.54527 820.451 0.33333334 6.0 6.0 6.0 6.0 0.0 0.24400002 2 TOUCH_MOVE e
1401610900425 6 4098 206.53932 820.451 0.33333334 6.0 6.0 6.0 6.0 0.0 0.24400002 2 TOUCH_MOVE e
1401610900473 6 4098 204.31755 820.0304 0.3 5.0 5.0 5.0 5.0 0.0 0.224 2 TOUCH_MOVE e
1401610900490 6 4098 201.75 819.951 0.3 5.0 5.0 5.0 5.0 0.0 0.18400002 2 TOUCH_MOVE e
1401610900494 6 4098 201.75 819.951 0.3 5.0 5.0 5.0 5.0 0.0 0.18400002 1 TOUCH_UP e
1401610900948 6 4098 335.0 1210.9509 0.26666668 5.0 5.0 5.0 5.0 0.0 0.22000001 0 TOUCH_DOWN Space
1401610900957 6 4098 335.0 1210.9509 0.26666668 5.0 5.0 5.0 5.0 0.0 0.22800002 2 TOUCH_MOVE Space
1401610900975 6 4098 333.97018 1210.9509 0.26666668 5.0 5.0 5.0 5.0 0.0 0.23200001 2 TOUCH_MOVE Space
1401610900991 6 4098 332.10483 1210.9509 0.26666668 5.0 5.0 5.0 5.0 0.0 0.23600002 2 TOUCH_MOVE Space
1401610901013 6 4098 330.80426 1210.9509 0.26666668 5.0 5.0 5.0 5.0 0.0 0.23600002 2 TOUCH_MOVE Space
1401610901026 6 4098 329.84583 1210.9509 0.26666668 5.0 5.0 5.0 5.0 0.0 0.23600002 2 TOUCH_MOVE Space
1401610901074 6 4098 331.63098 1211.4946 0.26666668 5.0 5.0 5.0 5.0 0.0 0.19600001 2 TOUCH_MOVE Space
1401610901093 6 4098 331.5 1211.4509 0.20000002 3.0 3.0 3.0 3.0 0.0 0.16800001 2 TOUCH_MOVE Space
1401610901101 6 4098 331.5 1211.4509 0.20000002 3.0 3.0 3.0 3.0 0.0 0.16800001 1 TOUCH_UP Space
1401610901450 6 4098 594.0 1088.4509 0.23333335 4.0 4.0 4.0 4.0 0.0 0.19600001 0 TOUCH_DOWN m
1401610901457 6 4098 594.0 1088.4509 0.23333335 4.0 4.0 4.0 4.0 0.0 0.20400001 2 TOUCH_MOVE m
1401610901476 6 4098 594.0 1089.0063 0.3 5.0 5.0 5.0 5.0 0.0 0.22000001 2 TOUCH_MOVE m
1401610901494 6 4098 592.9427 1089.4509 0.3 5.0 5.0 5.0 5.0 0.0 0.224 2 TOUCH_MOVE m
1401610901507 6 4098 590.9759 1089.4509 0.3 5.0 5.0 5.0 5.0 0.0 0.23200001 2 TOUCH_MOVE m
1401610901524 6 4098 589.50323 1089.9476 0.3 5.0 5.0 5.0 5.0 0.0 0.23200001 2 TOUCH_MOVE m
1401610901541 6 4098 588.08356 1089.9509 0.3 5.0 5.0 5.0 5.0 0.0 0.23200001 2 TOUCH_MOVE m
1401610901557 6 4098 587.0789 1089.9509 0.3 5.0 5.0 5.0 5.0 0.0 0.23200001 2 TOUCH_MOVE m
1401610901574 6 4098 586.25 1089.9509 0.3 5.0 5.0 5.0 5.0 0.0 0.23200001 2 TOUCH_MOVE m
1401610901607 6 4098 586.5 1090.64 0.3 5.0 5.0 5.0 5.0 0.0 0.23200001 2 TOUCH_MOVE m
1401610901634 6 4098 586.5 1090.64 0.3 5.0 5.0 5.0 5.0 0.0 0.23200001 1 TOUCH_UP m
1401610901792 6 4098 176.0 842.451 0.26666668 4.0 4.0 4.0 4.0 0.0 0.20400001 0 TOUCH_DOWN e
1401610901819 6 4098 176.27655 842.451 0.26666668 4.0 4.0 4.0 4.0 0.0 0.208 2 TOUCH_MOVE e
1401610901824 6 4098 176.8031 842.451 0.3 5.0 5.0 5.0 5.0 0.0 0.224 2 TOUCH_MOVE e
1401610901845 6 4098 177.65645 842.451 0.3 5.0 5.0 5.0 5.0 0.0 0.22800002 2 TOUCH_MOVE e
1401610901859 6 4098 179.19902 842.451 0.3 5.0 5.0 5.0 5.0 0.0 0.22800002 2 TOUCH_MOVE e
1401610901884 6 4098 180.68802 841.951 0.3 5.0 5.0 5.0 5.0 0.0 0.23200001 2 TOUCH_MOVE e
1401610901894 6 4098 181.5847 841.951 0.3 5.0 5.0 5.0 5.0 0.0 0.22800002 2 TOUCH_MOVE e
1401610901908 6 4098 182.25 841.951 0.3 5.0 5.0 5.0 5.0 0.0 0.23200001 2 TOUCH_MOVE e
1401610901960 6 4098 181.50504 840.956 0.3 5.0 5.0 5.0 5.0 0.0 0.22000001 2 TOUCH_MOVE e
1401610901974 6 4098 179.66919 840.451 0.26666668 4.0 4.0 4.0 4.0 0.0 0.20400001 2 TOUCH_MOVE e
1401610901988 6 4098 179.5 840.451 0.16666667 3.0 3.0 3.0 3.0 0.0 0.104 2 TOUCH_MOVE e
1401610901992 6 4098 179.5 840.451 0.16666667 3.0 3.0 3.0 3.0 0.0 0.104 1 TOUCH_UP e
1401610904035 6 4098 512.0 1198.9509 0.20000002 4.0 4.0 4.0 4.0 0.0 0.192 0 TOUCH_DOWN .
1401610904068 6 4098 510.84143 1200.5302 0.26666668 5.0 5.0 5.0 5.0 0.0 0.21200001 2 TOUCH_MOVE .
1401610904105 6 4098 507.9427 1202.5082 0.26666668 5.0 5.0 5.0 5.0 0.0 0.216 2 TOUCH_MOVE .
1401610904111 6 4098 506.98587 1203.4651 0.26666668 5.0 5.0 5.0 5.0 0.0 0.21200001 2 TOUCH_MOVE .
1401610904142 6 4098 506.98587 1203.4651 0.26666668 5.0 5.0 5.0 5.0 0.0 0.21200001 1 TOUCH_UP .
1401610904544 6 4098 708.5 1203.4509 0.20000002 3.0 3.0 3.0 3.0 0.0 0.192 0 TOUCH_DOWN Enter
1401610904571 6 4098 708.5 1203.9513 0.20000002 3.0 3.0 3.0 3.0 0.0 0.20400001 2 TOUCH_MOVE Enter
1401610904578 6 4098 708.06525 1205.3204 0.20000002 3.0 3.0 3.0 3.0 0.0 0.208 2 TOUCH_MOVE Enter
1401610904593 6 4098 705.8629 1207.209 0.16666667 3.0 3.0 3.0 3.0 0.0 0.21200001 2 TOUCH_MOVE Enter
1401610904610 6 4098 703.78156 1208.8102 0.23333335 4.0 4.0 4.0 4.0 0.0 0.21200001 2 TOUCH_MOVE Enter
1401610904627 6 4098 702.70325 1209.7477 0.23333335 4.0 4.0 4.0 4.0 0.0 0.21200001 2 TOUCH_MOVE Enter
1401610904644 6 4098 702.0 1210.7345 0.23333335 4.0 4.0 4.0 4.0 0.0 0.21200001 2 TOUCH_MOVE Enter
1401610904662 6 4098 702.0 1211.6925 0.23333335 4.0 4.0 4.0 4.0 0.0 0.21200001 2 TOUCH_MOVE Enter
1401610904689 6 4098 702.0 1211.6925 0.23333335 4.0 4.0 4.0 4.0 0.0 0.21200001 1 TOUCH_UP Enter
1401610906002 6 4098 120.5 818.951 0.26666668 4.0 4.0 4.0 4.0 0.0 0.2 0 TOUCH_DOWN W
1401610906012 6 4098 120.5 818.951 0.26666668 4.0 4.0 4.0 4.0 0.0 0.208 2 TOUCH_MOVE W
1401610906145 6 4098 119.02075 819.5708 0.3 5.0 5.0 5.0 5.0 0.0 0.20400001 2 TOUCH_MOVE W
1401610906160 6 4098 117.5 819.951 0.20000002 3.0 3.0 3.0 3.0 0.0 0.104 2 TOUCH_MOVE W
1401610906163 6 4098 117.5 819.951 0.20000002 3.0 3.0 3.0 3.0 0.0 0.104 1 TOUCH_UP W
1401610906331 6 4098 174.0 813.951 0.26666668 4.0 4.0 4.0 4.0 0.0 0.208 0 TOUCH_DOWN e
1401610906362 6 4098 175.86691 815.02893 0.3 5.0 5.0 5.0 5.0 0.0 0.22800002 2 TOUCH_MOVE e
1401610906379 6 4098 179.52263 816.9623 0.3 5.0 5.0 5.0 5.0 0.0 0.23200001 2 TOUCH_MOVE e
1401610906395 6 4098 183.15219 818.1684 0.33333334 6.0 6.0 6.0 6.0 0.0 0.24000001 2 TOUCH_MOVE e
1401610906412 6 4098 185.36679 819.1344 0.33333334 6.0 6.0 6.0 6.0 0.0 0.24000001 2 TOUCH_MOVE e
1401610906437 6 4098 186.63094 820.0819 0.36666667 6.0 6.0 6.0 6.0 0.0 0.24000001 2 TOUCH_MOVE e
1401610906445 6 4098 187.60033 821.05133 0.36666667 6.0 6.0 6.0 6.0 0.0 0.24000001 2 TOUCH_MOVE e
1401610906513 6 4098 181.3317 819.99835 0.3 5.0 5.0 5.0 5.0 0.0 0.216 2 TOUCH_MOVE e
1401610906529 6 4098 178.5 820.451 0.3 5.0 5.0 5.0 5.0 0.0 0.192 2 TOUCH_MOVE e
1401610906539 6 4098 178.5 820.451 0.16666667 3.0 3.0 3.0 3.0 0.0 0.104 2 TOUCH_MOVE e
1401610906542 6 4098 178.5 820.451 0.16666667 3.0 3.0 3.0 3.0 0.0 0.104 1 TOUCH_UP e
1401610909005 6 4098 328.5 1217.9509 0.26666668 5.0 5.0 5.0 5.0 0.0 0.22000001 0 TOUCH_DOWN Space
1401610909014 6 4098 328.5 1217.9509 0.26666668 5.0 5.0 5.0 5.0 0.0 0.22800002 2 TOUCH_MOVE Space
1401610909031 6 4098 327.93915 1217.9509 0.26666668 5.0 5.0 5.0 5.0 0.0 0.23200001 2 TOUCH_MOVE Space
1401610909048 6 4098 325.85403 1217.9509 0.26666668 5.0 5.0 5.0 5.0 0.0 0.23200001 2 TOUCH_MOVE Space
1401610909064 6 4098 324.46527 1217.9509 0.26666668 5.0 5.0 5.0 5.0 0.0 0.23200001 2 TOUCH_MOVE Space
1401610909114 6 4098 328.5 1219.4509 0.26666668 5.0 5.0 5.0 5.0 0.0 0.20400001 2 TOUCH_MOVE Space
1401610909119 6 4098 328.5 1219.4509 0.20000002 3.0 3.0 3.0 3.0 0.0 0.17600001 2 TOUCH_MOVE Space
1401610909122 6 4098 328.5 1219.4509 0.20000002 3.0 3.0 3.0 3.0 0.0 0.17600001 1 TOUCH_UP Space
1401610909459 6 4098 650.5 958.951 0.3 5.0 5.0 5.0 5.0 0.0 0.216 0 TOUCH_DOWN l
1401610909465 6 4098 650.5 958.951 0.3 5.0 5.0 5.0 5.0 0.0 0.224 2 TOUCH_MOVE l
1401610909498 6 4098 647.9568 958.951 0.33333334 6.0 6.0 6.0 6.0 0.0 0.23200001 2 TOUCH_MOVE l
1401610909515 6 4098 646.51904 958.951 0.33333334 6.0 6.0 6.0 6.0 0.0 0.23600002 2 TOUCH_MOVE l
1401610909536 6 4098 645.75 958.951 0.33333334 6.0 6.0 6.0 6.0 0.0 0.23600002 2 TOUCH_MOVE l
1401610909565 6 4098 646.5 958.951 0.3 5.0 5.0 5.0 5.0 0.0 0.224 2 TOUCH_MOVE l
1401610909579 6 4098 646.5 958.951 0.16666667 3.0 3.0 3.0 3.0 0.0 0.112 2 TOUCH_MOVE l
1401610909583 6 4098 646.5 958.951 0.16666667 3.0 3.0 3.0 3.0 0.0 0.112 1 TOUCH_UP l
1401610909774 6 4098 631.5 833.951 0.3 5.0 5.0 5.0 5.0 0.0 0.216 0 TOUCH_DOWN o
1401610909783 6 4098 631.13654 833.951 0.33333334 5.0 5.0 5.0 5.0 0.0 0.22800002 2 TOUCH_MOVE o
1401610909801 6 4098 626.54395 832.29895 0.33333334 5.0 5.0 5.0 5.0 0.0 0.24000001 2 TOUCH_MOVE o
1401610909816 6 4098 621.2208 830.43933 0.33333334 5.0 5.0 5.0 5.0 0.0 0.24800001 2 TOUCH_MOVE o
1401610909833 6 4098 616.7729 829.2086 0.33333334 5.0 5.0 5.0 5.0 0.0 0.252 2 TOUCH_MOVE o
1401610909849 6 4098 614.1097 828.2558 0.33333334 5.0 5.0 5.0 5.0 0.0 0.252 2 TOUCH_MOVE o
1401610909865 6 4098 612.1661 827.951 0.36666667 6.0 6.0 6.0 6.0 0.0 0.252 2 TOUCH_MOVE o
1401610909883 6 4098 610.91473 827.951 0.36666667 6.0 6.0 6.0 6.0 0.0 0.252 2 TOUCH_MOVE o
1401610909898 6 4098 609.90765 827.951 0.33333334 5.0 5.0 5.0 5.0 0.0 0.24800001 2 TOUCH_MOVE o
1401610909926 6 4098 609.0 828.951 0.26666668 4.0 4.0 4.0 4.0 0.0 0.20400001 2 TOUCH_MOVE o
1401610909929 6 4098 609.0 828.951 0.26666668 4.0 4.0 4.0 4.0 0.0 0.20400001 1 TOUCH_UP o
1401610910267 6 4098 364.5 1088.4509 0.23333335 4.0 4.0 4.0 4.0 0.0 0.20400001 0 TOUCH_DOWN v
1401610910286 6 4098 364.1516 1088.4509 0.26666668 4.0 4.0 4.0 4.0 0.0 0.224 2 TOUCH_MOVE v
1401610910301 6 4098 362.52997 1087.7943 0.33333334 5.0 5.0 5.0 5.0 0.0 0.24400002 2 TOUCH_MOVE v
1401610910316 6 4098 359.62677 1087.4509 0.33333334 5.0 5.0 5.0 5.0 0.0 0.24800001 2 TOUCH_MOVE v
1401610910333 6 4098 357.709 1087.4509 0.33333334 5.0 5.0 5.0 5.0 0.0 0.24800001 2 TOUCH_MOVE v
1401610910349 6 4098 356.45267 1087.4509 0.33333334 5.0 5.0 5.0 5.0 0.0 0.24800001 2 TOUCH_MOVE v
1401610910365 6 4098 355.75 1087.4509 0.33333334 5.0 5.0 5.0 5.0 0.0 0.24400002 2 TOUCH_MOVE v
1401610910402 6 4098 356.0 1087.4509 0.26666668 4.0 4.0 4.0 4.0 0.0 0.216 2 TOUCH_MOVE v
1401610910403 6 4098 356.0 1087.4509 0.20000002 4.0 4.0 4.0 4.0 0.0 0.18 2 TOUCH_MOVE v
1401610910407 6 4098 356.0 1087.4509 0.20000002 4.0 4.0 4.0 4.0 0.0 0.18 1 TOUCH_UP v
1401610910612 6 4098 186.0 843.451 0.26666668 4.0 4.0 4.0 4.0 0.0 0.208 0 TOUCH_DOWN e
1401610910644 6 4098 186.0 843.00793 0.26666668 4.0 4.0 4.0 4.0 0.0 0.21200001 2 TOUCH_MOVE e
1401610910650 6 4098 186.84607 841.25885 0.3 5.0 5.0 5.0 5.0 0.0 0.224 2 TOUCH_MOVE e
1401610910666 6 4098 187.80664 840.14435 0.3 5.0 5.0 5.0 5.0 0.0 0.22800002 2 TOUCH_MOVE e
1401610910685 6 4098 189.48782 839.2071 0.3 5.0 5.0 5.0 5.0 0.0 0.22800002 2 TOUCH_MOVE e
1401610910702 6 4098 190.67319 838.2778 0.3 5.0 5.0 5.0 5.0 0.0 0.23200001 2 TOUCH_MOVE e
1401610910716 6 4098 192.4415 837.951 0.3 5.0 5.0 5.0 5.0 0.0 0.23200001 2 TOUCH_MOVE e
1401610910733 6 4098 193.15468 837.951 0.3 5.0 5.0 5.0 5.0 0.0 0.23200001 2 TOUCH_MOVE e
1401610910750 6 4098 194.1138 837.951 0.3 5.0 5.0 5.0 5.0 0.0 0.23200001 2 TOUCH_MOVE e
1401610910799 6 4098 192.00974 837.951 0.3 5.0 5.0 5.0 5.0 0.0 0.224 2 TOUCH_MOVE e
1401610910818 6 4098 189.5 837.951 0.26666668 4.0 4.0 4.0 4.0 0.0 0.2 2 TOUCH_MOVE e
1401610910820 6 4098 189.5 837.951 0.16666667 3.0 3.0 3.0 3.0 0.0 0.132 2 TOUCH_MOVE e
1401610910824 6 4098 189.5 837.951 0.16666667 3.0 3.0 3.0 3.0 0.0 0.132 1 TOUCH_UP e
1401610911180 6 4098 321.5 1217.4509 0.23333335 4.0 4.0 4.0 4.0 0.0 0.216 0 TOUCH_DOWN Space
1401610911200 6 4098 321.5 1217.4509 0.26666668 5.0 5.0 5.0 5.0 0.0 0.224 2 TOUCH_MOVE Space
1401610911216 6 4098 320.9947 1217.4509 0.26666668 5.0 5.0 5.0 5.0 0.0 0.23200001 2 TOUCH_MOVE Space
1401610911234 6 4098 320.00323 1217.4509 0.26666668 5.0 5.0 5.0 5.0 0.0 0.23200001 2 TOUCH_MOVE Space
1401610911261 6 4098 319.25 1217.4509 0.26666668 5.0 5.0 5.0 5.0 0.0 0.23600002 2 TOUCH_MOVE Space
1401610911316 6 4098 320.9907 1217.4509 0.26666668 5.0 5.0 5.0 5.0 0.0 0.208 2 TOUCH_MOVE Space
1401610911324 6 4098 322.0 1217.4509 0.26666668 5.0 5.0 5.0 5.0 0.0 0.18800001 2 TOUCH_MOVE Space
1401610911327 6 4098 322.0 1217.4509 0.26666668 5.0 5.0 5.0 5.0 0.0 0.18800001 1 TOUCH_UP Space
1401610911912 6 4098 323.5 839.451 0.3 5.0 5.0 5.0 5.0 0.0 0.208 0 TOUCH_DOWN t
1401610911918 6 4098 329.75 839.451 0.3 5.0 5.0 5.0 5.0 0.0 0.23600002 2 TOUCH_MOVE t
1401610911980 6 4098 329.214 838.951 0.3 5.0 5.0 5.0 5.0 0.0 0.216 2 TOUCH_MOVE t
1401610911995 6 4098 328.0099 838.951 0.3 5.0 5.0 5.0 5.0 0.0 0.20400001 2 TOUCH_MOVE t
1401610912001 6 4098 325.0 840.451 0.23333335 4.0 4.0 4.0 4.0 0.0 0.18800001 2 TOUCH_MOVE t
1401610912010 6 4098 325.0 840.451 0.16666667 3.0 3.0 3.0 3.0 0.0 0.124000005 2 TOUCH_MOVE t
1401610912014 6 4098 325.0 840.451 0.16666667 3.0 3.0 3.0 3.0 0.0 0.124000005 1 TOUCH_UP t
1401610912065 6 4098 617.0 830.451 0.33333334 5.0 5.0 5.0 5.0 0.0 0.224 0 TOUCH_DOWN o
1401610912084 6 4098 617.0 830.451 0.33333334 5.0 5.0 5.0 5.0 0.0 0.23200001 2 TOUCH_MOVE o
1401610912100 6 4098 615.54565 830.451 0.33333334 5.0 5.0 5.0 5.0 0.0 0.24000001 2 TOUCH_MOVE o
1401610912117 6 4098 612.6832 830.451 0.33333334 5.0 5.0 5.0 5.0 0.0 0.24400002 2 TOUCH_MOVE o
1401610912134 6 4098 609.8127 830.451 0.33333334 5.0 5.0 5.0 5.0 0.0 0.24800001 2 TOUCH_MOVE o
1401610912151 6 4098 608.1388 830.451 0.33333334 5.0 5.0 5.0 5.0 0.0 0.24800001 2 TOUCH_MOVE o
1401610912167 6 4098 607.17865 830.451 0.33333334 5.0 5.0 5.0 5.0 0.0 0.24800001 2 TOUCH_MOVE o
1401610912184 6 4098 606.75 830.451 0.33333334 5.0 5.0 5.0 5.0 0.0 0.24800001 2 TOUCH_MOVE o
1401610912217 6 4098 607.89703 830.25244 0.33333334 5.0 5.0 5.0 5.0 0.0 0.23600002 2 TOUCH_MOVE o
1401610912235 6 4098 610.64935 828.6263 0.33333334 5.0 5.0 5.0 5.0 0.0 0.21200001 2 TOUCH_MOVE o
1401610912252 6 4098 612.0 827.951 0.20000002 3.0 3.0 3.0 3.0 0.0 0.108 2 TOUCH_MOVE o
1401610912262 6 4098 612.0 827.951 0.20000002 3.0 3.0 3.0 3.0 0.0 0.108 1 TOUCH_UP o
1401610912960 6 4098 365.0 985.451 0.26666668 4.0 4.0 4.0 4.0 0.0 0.216 0 TOUCH_DOWN g
1401610912987 6 4098 365.0 985.451 0.26666668 4.0 4.0 4.0 4.0 0.0 0.224 2 TOUCH_MOVE g
1401610913068 6 4098 365.8737 985.07733 0.26666668 4.0 4.0 4.0 4.0 0.0 0.21200001 2 TOUCH_MOVE g
1401610913085 6 4098 366.5 984.451 0.16666667 3.0 3.0 3.0 3.0 0.0 0.112 2 TOUCH_MOVE g
1401610913090 6 4098 366.5 984.451 0.16666667 3.0 3.0 3.0 3.0 0.0 0.112 1 TOUCH_UP g
1401610913339 6 4098 196.0 854.451 0.20000002 4.0 4.0 4.0 4.0 0.0 0.19600001 0 TOUCH_DOWN e
1401610913352 6 4098 196.0 854.451 0.20000002 4.0 4.0 4.0 4.0 0.0 0.2 2 TOUCH_MOVE e
1401610913414 6 4098 196.0 853.4775 0.26666668 5.0 5.0 5.0 5.0 0.0 0.22000001 2 TOUCH_MOVE e
1401610913419 6 4098 196.0 852.9939 0.26666668 5.0 5.0 5.0 5.0 0.0 0.22000001 2 TOUCH_MOVE e
1401610913435 6 4098 196.43776 852.951 0.26666668 5.0 5.0 5.0 5.0 0.0 0.224 2 TOUCH_MOVE e
1401610913452 6 4098 196.73035 852.951 0.26666668 5.0 5.0 5.0 5.0 0.0 0.224 2 TOUCH_MOVE e
1401610913502 6 4098 192.27078 855.0656 0.20000002 4.0 4.0 4.0 4.0 0.0 0.19600001 2 TOUCH_MOVE e
1401610913510 6 4098 189.5 856.451 0.20000002 4.0 4.0 4.0 4.0 0.0 0.17600001 2 TOUCH_MOVE e
1401610913513 6 4098 189.5 856.451 0.20000002 4.0 4.0 4.0 4.0 0.0 0.17600001 1 TOUCH_UP e
1401610913770 6 4098 323.0 822.451 0.3 5.0 5.0 5.0 5.0 0.0 0.216 0 TOUCH_DOWN t
1401610913869 6 4098 323.0 822.451 0.33333334 5.0 5.0 5.0 5.0 0.0 0.23600002 2 TOUCH_MOVE t
1401610913903 6 4098 320.63513 824.31586 0.33333334 5.0 5.0 5.0 5.0 0.0 0.22000001 2 TOUCH_MOVE t
1401610913919 6 4098 316.5067 828.9443 0.26666668 4.0 4.0 4.0 4.0 0.0 0.19600001 2 TOUCH_MOVE t
1401610913948 6 4098 316.0 829.451 0.13333334 2.0 2.0 2.0 2.0 0.0 0.14 2 TOUCH_MOVE t
1401610913953 6 4098 316.0 829.451 0.13333334 2.0 2.0 2.0 2.0 0.0 0.14 1 TOUCH_UP t
1401610914057 6 4098 441.5 958.951 0.26666668 5.0 5.0 5.0 5.0 0.0 0.2 0 TOUCH_DOWN h
1401610914069 6 4098 441.5 958.951 0.26666668 5.0 5.0 5.0 5.0 0.0 0.208 2 TOUCH_MOVE h
1401610914136 6 4098 441.5 959.4813 0.3 5.0 5.0 5.0 5.0 0.0 0.224 2 TOUCH_MOVE h
1401610914169 6 4098 441.5 959.451 0.26666668 5.0 5.0 5.0 5.0 0.0 0.2 2 TOUCH_MOVE h
1401610914178 6 4098 441.5 959.451 0.23333335 5.0 5.0 5.0 5.0 0.0 0.17600001 2 TOUCH_MOVE h
1401610914183 6 4098 441.5 959.451 0.23333335 5.0 5.0 5.0 5.0 0.0 0.17600001 1 TOUCH_UP h
1401610914412 6 4098 163.5 839.451 0.3 5.0 5.0 5.0 5.0 0.0 0.192 0 TOUCH_DOWN e
1401610914419 6 4098 163.5 839.451 0.3 5.0 5.0 5.0 5.0 0.0 0.2 2 TOUCH_MOVE e
1401610914519 6 4098 164.04587 839.451 0.3 5.0 5.0 5.0 5.0 0.0 0.21200001 2 TOUCH_MOVE e
1401610914552 6 4098 164.0 839.451 0.26666668 5.0 5.0 5.0 5.0 0.0 0.156 2 TOUCH_MOVE e
1401610914555 6 4098 164.0 839.451 0.26666668 5.0 5.0 5.0 5.0 0.0 0.156 1 TOUCH_UP e
1401610914682 6 4098 253.5 824.451 0.3 5.0 5.0 5.0 5.0 0.0 0.2 0 TOUCH_DOWN r
1401610914703 6 4098 253.96324 824.451 0.33333334 5.0 5.0 5.0 5.0 0.0 0.208 2 TOUCH_MOVE r
1401610914720 6 4098 255.2477 825.3248 0.33333334 5.0 5.0 5.0 5.0 0.0 0.224 2 TOUCH_MOVE r
1401610914738 6 4098 256.3271 825.7781 0.33333334 5.0 5.0 5.0 5.0 0.0 0.22800002 2 TOUCH_MOVE r
1401610914753 6 4098 257.3137 825.951 0.33333334 5.0 5.0 5.0 5.0 0.0 0.22800002 2 TOUCH_MOVE r
1401610914771 6 4098 258.23956 825.951 0.33333334 5.0 5.0 5.0 5.0 0.0 0.22800002 2 TOUCH_MOVE r
1401610914787 6 4098 258.75 825.951 0.33333334 5.0 5.0 5.0 5.0 0.0 0.23200001 2 TOUCH_MOVE r
1401610914855 6 4098 258.0 826.451 0.3 5.0 5.0 5.0 5.0 0.0 0.192 2 TOUCH_MOVE r
1401610914876 6 4098 258.0 826.451 0.16666667 3.0 3.0 3.0 3.0 0.0 0.120000005 2 TOUCH_MOVE r
1401610914880 6 4098 258.0 826.451 0.16666667 3.0 3.0 3.0 3.0 0.0 0.120000005 1 TOUCH_UP r
1401610915852 6 4098 452.0 1219.4509 0.26666668 5.0 5.0 5.0 5.0 0.0 0.21200001 0 TOUCH_DOWN ,
1401610915872 6 4098 451.6417 1219.4509 0.26666668 5.0 5.0 5.0 5.0 0.0 0.216 2 TOUCH_MOVE ,
1401610915887 6 4098 450.81705 1219.4509 0.26666668 5.0 5.0 5.0 5.0 0.0 0.224 2 TOUCH_MOVE ,
1401610915904 6 4098 449.41876 1219.4509 0.26666668 5.0 5.0 5.0 5.0 0.0 0.22800002 2 TOUCH_MOVE ,
1401610915921 6 4098 448.43344 1219.4509 0.26666668 5.0 5.0 5.0 5.0 0.0 0.22800002 2 TOUCH_MOVE ,
1401610915938 6 4098 447.75 1219.4509 0.26666668 5.0 5.0 5.0 5.0 0.0 0.22800002 2 TOUCH_MOVE ,
1401610915999 6 4098 447.75 1219.4509 0.26666668 5.0 5.0 5.0 5.0 0.0 0.22800002 1 TOUCH_UP ,
1401610916578 6 4098 673.5 1095.9509 0.26666668 5.0 5.0 5.0 5.0 0.0 0.19600001 0 TOUCH_DOWN Back
1401610916588 6 4098 673.5 1095.9509 0.3 5.0 5.0 5.0 5.0 0.0 0.2 2 TOUCH_MOVE Back
1401610916605 6 4098 673.5 1096.4554 0.3 5.0 5.0 5.0 5.0 0.0 0.216 2 TOUCH_MOVE Back
1401610916622 6 4098 672.0522 1097.8987 0.3 5.0 5.0 5.0 5.0 0.0 0.216 2 TOUCH_MOVE Back
1401610916638 6 4098 670.56635 1098.8845 0.3 5.0 5.0 5.0 5.0 0.0 0.22000001 2 TOUCH_MOVE Back
1401610916655 6 4098 670.0 1099.8488 0.3 5.0 5.0 5.0 5.0 0.0 0.22000001 2 TOUCH_MOVE Back
1401610916671 6 4098 670.42303 1099.9509 0.3 5.0 5.0 5.0 5.0 0.0 0.216 2 TOUCH_MOVE Back
1401610916690 6 4098 672.0 1099.9509 0.26666668 4.0 4.0 4.0 4.0 0.0 0.18800001 2 TOUCH_MOVE Back
1401610916694 6 4098 672.0 1099.9509 0.26666668 4.0 4.0 4.0 4.0 0.0 0.18800001 1 TOUCH_UP Back
1401610917776 6 4098 452.0 1226.9509 0.26666668 5.0 5.0 5.0 5.0 0.0 0.208 0 TOUCH_DOWN ,
1401610917792 6 4098 452.0 1226.9509 0.26666668 5.0 5.0 5.0 5.0 0.0 0.21200001 2 TOUCH_MOVE ,
1401610917806 6 4098 450.32358 1226.9509 0.26666668 5.0 5.0 5.0 5.0 0.0 0.22000001 2 TOUCH_MOVE ,
1401610917823 6 4098 447.43585 1226.9509 0.26666668 5.0 5.0 5.0 5.0 0.0 0.224 2 TOUCH_MOVE ,
1401610917840 6 4098 445.69907 1226.9509 0.26666668 5.0 5.0 5.0 5.0 0.0 0.22000001 2 TOUCH_MOVE ,
1401610917856 6 4098 444.89056 1226.9509 0.26666668 5.0 5.0 5.0 5.0 0.0 0.22000001 2 TOUCH_MOVE ,
1401610917890 6 4098 448.68088 1229.0414 0.20000002 4.0 4.0 4.0 4.0 0.0 0.192 2 TOUCH_MOVE ,
1401610917901 6 4098 455.5 1233.4509 0.13333334 3.0 3.0 3.0 3.0 0.0 0.17600001 2 TOUCH_MOVE ,
1401610917904 6 4098 455.5 1233.4509 0.13333334 3.0 3.0 3.0 3.0 0.0 0.17600001 1 TOUCH_UP ,
1401610918210 6 4098 705.0 1242.4509 0.16666667 3.0 3.0 3.0 3.0 0.0 0.18800001 0 TOUCH_DOWN Enter
1401610918223 6 4098 705.0 1242.4509 0.20000002 4.0 4.0 4.0 4.0 0.0 0.19600001 2 TOUCH_MOVE Enter
1401610918240 6 4098 704.0952 1240.8438 0.23333335 5.0 5.0 5.0 5.0 0.0 0.20400001 2 TOUCH_MOVE Enter
1401610918257 6 4098 702.11926 1237.8798 0.23333335 5.0 5.0 5.0 5.0 0.0 0.208 2 TOUCH_MOVE Enter
1401610918276 6 4098 700.85785 1235.6666 0.26666668 5.0 5.0 5.0 5.0 0.0 0.208 2 TOUCH_MOVE Enter
1401610918294 6 4098 700.0 1234.3474 0.26666668 5.0 5.0 5.0 5.0 0.0 0.208 2 TOUCH_MOVE Enter
1401610918306 6 4098 700.0 1233.7009 0.26666668 5.0 5.0 5.0 5.0 0.0 0.208 2 TOUCH_MOVE Enter
1401610918323 6 4098 700.5083 1233.9509 0.20000002 4.0 4.0 4.0 4.0 0.0 0.2 2 TOUCH_MOVE Enter
1401610918341 6 4098 701.0 1233.9509 0.20000002 4.0 4.0 4.0 4.0 0.0 0.18800001 2 TOUCH_MOVE Enter
1401610918343 6 4098 701.0 1233.9509 0.10000001 2.0 2.0 2.0 2.0 0.0 0.112 2 TOUCH_MOVE Enter
1401610918347 6 4098 701.0 1233.9509 0.10000001 2.0 2.0 2.0 2.0 0.0 0.112 1 TOUCH_UP Enter
1401610919171 6 4098 134.0 821.951 0.23333335 5.0 5.0 5.0 5.0 0.0 0.192 0 TOUCH_DOWN W
1401610919196 6 4098 134.0 822.2081 0.23333335 5.0 5.0 5.0 5.0 0.0 0.2 2 TOUCH_MOVE W
1401610919209 6 4098 134.0 822.9231 0.3 5.0 5.0 5.0 5.0 0.0 0.208 2 TOUCH_MOVE W
1401610919224 6 4098 134.0 824.31226 0.3 5.0 5.0 5.0 5.0 0.0 0.21200001 2 TOUCH_MOVE W
1401610919243 6 4098 134.0 825.34393 0.33333334 5.0 5.0 5.0 5.0 0.0 0.216 2 TOUCH_MOVE W
1401610919257 6 4098 134.0 826.3082 0.33333334 5.0 5.0 5.0 5.0 0.0 0.22000001 2 TOUCH_MOVE W
1401610919274 6 4098 134.0 827.26996 0.33333334 5.0 5.0 5.0 5.0 0.0 0.22000001 2 TOUCH_MOVE W
1401610919291 6 4098 133.76222 828.1888 0.33333334 5.0 5.0 5.0 5.0 0.0 0.216 2 TOUCH_MOVE W
1401610919307 6 4098 132.75847 829.1925 0.3 5.0 5.0 5.0 5.0 0.0 0.21200001 2 TOUCH_MOVE W
1401610919323 6 4098 130.5 829.451 0.3 5.0 5.0 5.0 5.0 0.0 0.18 2 TOUCH_MOVE W
1401610919326 6 4098 130.5 829.451 0.3 5.0 5.0 5.0 5.0 0.0 0.18 1 TOUCH_UP W
1401610919478 6 4098 198.5 833.451 0.33333334 5.0 5.0 5.0 5.0 0.0 0.216 0 TOUCH_DOWN e
1401610919558 6 4098 198.5 833.451 0.33333334 5.0 5.0 5.0 5.0 0.0 0.23200001 2 TOUCH_MOVE e
1401610919574 6 4098 199.23364 833.451 0.33333334 5.0 5.0 5.0 5.0 0.0 0.23200001 2 TOUCH_MOVE e
1401610919607 6 4098 198.49435 833.451 0.33333334 5.0 5.0 5.0 5.0 0.0 0.216 2 TOUCH_MOVE e
1401610919624 6 4098 193.57819 833.9398 0.3 5.0 5.0 5.0 5.0 0.0 0.20400001 2 TOUCH_MOVE e
1401610919627 6 4098 193.5 833.951 0.26666668 4.0 4.0 4.0 4.0 0.0 0.18800001 2 TOUCH_MOVE e
1401610919632 6 4098 193.5 833.951 0.26666668 4.0 4.0 4.0 4.0 0.0 0.18800001 1 TOUCH_UP e
1401610919891 6 4098 323.5 1218.4509 0.26666668 5.0 5.0 5.0 5.0 0.0 0.22000001 0 TOUCH_DOWN Space
1401610919927 6 4098 317.32825 1217.6722 0.3 6.0 6.0 6.0 6.0 0.0 0.23600002 2 TOUCH_MOVE Space
1401610919941 6 4098 313.70056 1217.4509 0.3 6.0 6.0 6.0 6.0 0.0 0.23600002 2 TOUCH_MOVE Space
1401610919958 6 4098 312.2708 1217.4509 0.3 6.0 6.0 6.0 6.0 0.0 0.23600002 2 TOUCH_MOVE Space
1401610919975 6 4098 311.75 1217.4509 0.3 6.0 6.0 6.0 6.0 0.0 0.23200001 2 TOUCH_MOVE Space
1401610919992 6 4098 312.53668 1217.9875 0.26666668 5.0 5.0 5.0 5.0 0.0 0.22000001 2 TOUCH_MOVE Space
1401610920008 6 4098 321.1825 1222.6604 0.26666668 5.0 5.0 5.0 5.0 0.0 0.18800001 2 TOUCH_MOVE Space
1401610920017 6 4098 321.1825 1222.6604 0.26666668 5.0 5.0 5.0 5.0 0.0 0.18800001 1 TOUCH_UP Space
1401610920175 6 4098 101.0 818.951 0.3 5.0 5.0 5.0 5.0 0.0 0.19600001 0 TOUCH_DOWN w
1401610920195 6 4098 101.0 818.951 0.3 5.0 5.0 5.0 5.0 0.0 0.2 2 TOUCH_MOVE w
1401610920210 6 4098 101.15225 819.6033 0.3 5.0 5.0 5.0 5.0 0.0 0.208 2 TOUCH_MOVE w
1401610920225 6 4098 102.11436 820.56537 0.33333334 5.0 5.0 5.0 5.0 0.0 0.21200001 2 TOUCH_MOVE w
1401610920241 6 4098 103.07964 821.53064 0.33333334 5.0 5.0 5.0 5.0 0.0 0.21200001 2 TOUCH_MOVE w
1401610920258 6 4098 103.5 822.4881 0.33333334 5.0 5.0 5.0 5.0 0.0 0.216 2 TOUCH_MOVE w
1401610920285 6 4098 103.5 823.201 0.33333334 5.0 5.0 5.0 5.0 0.0 0.216 2 TOUCH_MOVE w
1401610920321 6 4098 102.5 823.951 0.3 5.0 5.0 5.0 5.0 0.0 0.18 2 TOUCH_MOVE w
1401610920325 6 4098 102.5 823.951 0.3 5.0 5.0 5.0 5.0 0.0 0.18 1 TOUCH_UP w
1401610920489 6 4098 560.5 810.951 0.3 5.0 5.0 5.0 5.0 0.0 0.22000001 0 TOUCH_DOWN i
1401610920509 6 4098 559.5455 811.4282 0.3 5.0 5.0 5.0 5.0 0.0 0.224 2 TOUCH_MOVE i
1401610920525 6 4098 556.7474 811.451 0.3 5.0 5.0 5.0 5.0 0.0 0.24000001 2 TOUCH_MOVE i
1401610920542 6 4098 554.7877 811.451 0.33333334 5.0 5.0 5.0 5.0 0.0 0.24400002 2 TOUCH_MOVE i
1401610920571 6 4098 553.1599 811.951 0.33333334 5.0 5.0 5.0 5.0 0.0 0.24400002 2 TOUCH_MOVE i
1401610920575 6 4098 552.75 811.951 0.33333334 5.0 5.0 5.0 5.0 0.0 0.24800001 2 TOUCH_MOVE i
1401610920607 6 4098 553.9112 813.479 0.3 5.0 5.0 5.0 5.0 0.0 0.22800002 2 TOUCH_MOVE i
1401610920609 6 4098 554.5 814.951 0.3 5.0 5.0 5.0 5.0 0.0 0.18400002 2 TOUCH_MOVE i
1401610920612 6 4098 554.5 814.951 0.3 5.0 5.0 5.0 5.0 0.0 0.18400002 1 TOUCH_UP i
1401610920933 6 4098 656.5 977.951 0.23333335 4.0 4.0 4.0 4.0 0.0 0.19600001 0 TOUCH_DOWN l
1401610920944 6 4098 656.5 977.951 0.26666668 5.0 5.0 5.0 5.0 0.0 0.208 2 TOUCH_MOVE l
1401610920960 6 4098 654.76404 978.363 0.26666668 5.0 5.0 5.0 5.0 0.0 0.216 2 TOUCH_MOVE l
1401610920975 6 4098 651.9461 978.951 0.26666668 5.0 5.0 5.0 5.0 0.0 0.22000001 2 TOUCH_MOVE l
1401610920993 6 4098 650.17175 978.951 0.26666668 5.0 5.0 5.0 5.0 0.0 0.224 2 TOUCH_MOVE l
1401610921009 6 4098 649.75 978.951 0.26666668 5.0 5.0 5.0 5.0 0.0 0.22000001 2 TOUCH_MOVE l
1401610921038 6 4098 650.0 978.951 0.23333335 5.0 5.0 5.0 5.0 0.0 0.16800001 2 TOUCH_MOVE l
1401610921042 6 4098 650.0 978.951 0.23333335 5.0 5.0 5.0 5.0 0.0 0.16800001 1 TOUCH_UP l
1401610921124 6 4098 668.5 965.451 0.23333335 5.0 5.0 5.0 5.0 0.0 0.208 0 TOUCH_DOWN l
1401610921150 6 4098 668.256 965.451 0.26666668 5.0 5.0 5.0 5.0 0.0 0.21200001 2 TOUCH_MOVE l
1401610921159 6 4098 667.5506 965.0016 0.26666668 5.0 5.0 5.0 5.0 0.0 0.22000001 2 TOUCH_MOVE l
1401610921182 6 4098 665.6847 964.951 0.26666668 5.0 5.0 5.0 5.0 0.0 0.22000001 2 TOUCH_MOVE l
1401610921192 6 4098 664.15125 964.951 0.26666668 5.0 5.0 5.0 5.0 0.0 0.224 2 TOUCH_MOVE l
1401610921209 6 4098 663.75 964.951 0.26666668 5.0 5.0 5.0 5.0 0.0 0.22000001 2 TOUCH_MOVE l
1401610921242 6 4098 664.5 964.951 0.23333335 5.0 5.0 5.0 5.0 0.0 0.18 2 TOUCH_MOVE l
1401610921245 6 4098 664.5 964.951 0.23333335 5.0 5.0 5.0 5.0 0.0 0.18 1 TOUCH_UP l
1401610921613 6 4098 322.5 1230.4509 0.26666668 5.0 5.0 5.0 5.0 0.0 0.21200001 0 TOUCH_DOWN Space
1401610921626 6 4098 322.1367 1230.4509 0.26666668 5.0 5.0 5.0 5.0 0.0 0.22000001 2 TOUCH_MOVE Space
1401610921646 6 4098 318.48712 1228.5432 0.3 6.0 6.0 6.0 6.0 0.0 0.22800002 2 TOUCH_MOVE Space
1401610921660 6 4098 314.67484 1226.4008 0.3 6.0 6.0 6.0 6.0 0.0 0.23200001 2 TOUCH_MOVE Space
1401610921678 6 4098 312.5047 1225.4509 0.3 6.0 6.0 6.0 6.0 0.0 0.22800002 2 TOUCH_MOVE Space
1401610921693 6 4098 311.5 1225.4509 0.3 6.0 6.0 6.0 6.0 0.0 0.22800002 2 TOUCH_MOVE Space
1401610921710 6 4098 312.0 1226.0065 0.26666668 5.0 5.0 5.0 5.0 0.0 0.22000001 2 TOUCH_MOVE Space
1401610921727 6 4098 318.58914 1231.9191 0.26666668 5.0 5.0 5.0 5.0 0.0 0.20400001 2 TOUCH_MOVE Space
1401610921748 6 4098 329.0 1238.9509 0.10000001 2.0 2.0 2.0 2.0 0.0 0.1 2 TOUCH_MOVE Space
1401610921752 6 4098 329.0 1238.9509 0.10000001 2.0 2.0 2.0 2.0 0.0 0.1 1 TOUCH_UP Space
1401610922006 6 4098 578.0 1108.9509 0.23333335 5.0 5.0 5.0 5.0 0.0 0.192 0 TOUCH_DOWN m
1401610922041 6 4098 577.689 1108.9509 0.3 5.0 5.0 5.0 5.0 0.0 0.20400001 2 TOUCH_MOVE m
1401610922046 6 4098 577.10254 1108.9509 0.33333334 5.0 5.0 5.0 5.0 0.0 0.22000001 2 TOUCH_MOVE m
1401610922062 6 4098 577.0 1108.0945 0.33333334 5.0 5.0 5.0 5.0 0.0 0.22000001 2 TOUCH_MOVE m
1401610922076 6 4098 577.0 1105.8118 0.3 5.0 5.0 5.0 5.0 0.0 0.224 2 TOUCH_MOVE m
1401610922093 6 4098 577.78046 1103.89 0.3 5.0 5.0 5.0 5.0 0.0 0.224 2 TOUCH_MOVE m
1401610922110 6 4098 578.96844 1101.9824 0.3 5.0 5.0 5.0 5.0 0.0 0.216 2 TOUCH_MOVE m
1401610922127 6 4098 581.0 1099.9509 0.23333335 4.0 4.0 4.0 4.0 0.0 0.19600001 2 TOUCH_MOVE m
1401610922138 6 4098 581.0 1099.9509 0.13333334 2.0 2.0 2.0 2.0 0.0 0.136 2 TOUCH_MOVE m
1401610922143 6 4098 581.0 1099.9509 0.13333334 2.0 2.0 2.0 2.0 0.0 0.136 1 TOUCH_UP m
1401610922219 6 4098 69.5 977.451 0.13333334 2.0 2.0 2.0 2.0 0.0 0.16000001 0 TOUCH_DOWN a
1401610922243 6 4098 69.5 977.451 0.13333334 2.0 2.0 2.0 2.0 0.0 0.17600001 2 TOUCH_MOVE a
1401610922293 6 4098 70.767525 976.951 0.23333335 4.0 4.0 4.0 4.0 0.0 0.192 2 TOUCH_MOVE a
1401610922311 6 4098 71.77138 976.951 0.23333335 4.0 4.0 4.0 4.0 0.0 0.192 2 TOUCH_MOVE a
1401610922327 6 4098 72.25 976.951 0.23333335 4.0 4.0 4.0 4.0 0.0 0.192 2 TOUCH_MOVE a
1401610922360 6 4098 71.46686 976.951 0.20000002 3.0 3.0 3.0 3.0 0.0 0.18400002 2 TOUCH_MOVE a
1401610922377 6 4098 70.5 976.951 0.13333334 2.0 2.0 2.0 2.0 0.0 0.132 2 TOUCH_MOVE a
1401610922382 6 4098 70.5 976.951 0.13333334 2.0 2.0 2.0 2.0 0.0 0.132 1 TOUCH_UP a
1401610922717 6 4098 252.5 819.951 0.26666668 4.0 4.0 4.0 4.0 0.0 0.21200001 0 TOUCH_DOWN r
1401610922727 6 4098 252.5 819.951 0.3 5.0 5.0 5.0 5.0 0.0 0.216 2 TOUCH_MOVE r
1401610922760 6 4098 253.7259 819.951 0.3 5.0 5.0 5.0 5.0 0.0 0.22800002 2 TOUCH_MOVE r
1401610922777 6 4098 254.25 819.951 0.3 5.0 5.0 5.0 5.0 0.0 0.22800002 2 TOUCH_MOVE r
1401610922828 6 4098 254.0 819.951 0.26666668 4.0 4.0 4.0 4.0 0.0 0.2 2 TOUCH_MOVE r
1401610922837 6 4098 254.0 819.951 0.20000002 4.0 4.0 4.0 4.0 0.0 0.17600001 2 TOUCH_MOVE r
1401610922842 6 4098 254.0 819.951 0.20000002 4.0 4.0 4.0 4.0 0.0 0.17600001 1 TOUCH_UP r
1401610922892 6 4098 250.0 820.451 0.26666668 4.0 4.0 4.0 4.0 0.0 0.208 0 TOUCH_DOWN r
1401610922961 6 4098 250.0 820.451 0.33333334 5.0 5.0 5.0 5.0 0.0 0.22800002 2 TOUCH_MOVE r
1401610922977 6 4098 249.76999 821.18097 0.33333334 5.0 5.0 5.0 5.0 0.0 0.224 2 TOUCH_MOVE r
1401610922994 6 4098 247.5225 822.11017 0.3 5.0 5.0 5.0 5.0 0.0 0.20400001 2 TOUCH_MOVE r
1401610923011 6 4098 242.82018 824.2909 0.26666668 5.0 5.0 5.0 5.0 0.0 0.15200001 2 TOUCH_MOVE r
1401610923015 6 4098 242.82018 824.2909 0.26666668 5.0 5.0 5.0 5.0 0.0 0.15200001 1 TOUCH_UP r
1401610923294 6 4098 406.0 801.451 0.23333335 4.0 4.0 4.0 4.0 0.0 0.216 0 TOUCH_DOWN y
1401610923311 6 4098 405.54047 801.451 0.3 5.0 5.0 5.0 5.0 0.0 0.22800002 2 TOUCH_MOVE y
1401610923328 6 4098 403.2367 801.451 0.3 5.0 5.0 5.0 5.0 0.0 0.24400002 2 TOUCH_MOVE y
1401610923344 6 4098 400.73526 801.451 0.33333334 5.0 5.0 5.0 5.0 0.0 0.24800001 2 TOUCH_MOVE y
1401610923362 6 4098 399.17703 801.451 0.33333334 5.0 5.0 5.0 5.0 0.0 0.24800001 2 TOUCH_MOVE y
1401610923378 6 4098 398.5 801.7552 0.33333334 5.0 5.0 5.0 5.0 0.0 0.24400002 2 TOUCH_MOVE y
1401610923397 6 4098 398.5 801.951 0.3 5.0 5.0 5.0 5.0 0.0 0.24000001 2 TOUCH_MOVE y
1401610923411 6 4098 398.5 801.951 0.20000002 4.0 4.0 4.0 4.0 0.0 0.18400002 2 TOUCH_MOVE y
1401610923414 6 4098 398.5 801.951 0.20000002 4.0 4.0 4.0 4.0 0.0 0.18400002 1 TOUCH_UP y
1401610924144 6 4098 499.0 1200.4509 0.26666668 5.0 5.0 5.0 5.0 0.0 0.208 0 TOUCH_DOWN .
1401610924152 6 4098 499.0 1200.4812 0.26666668 5.0 5.0 5.0 5.0 0.0 0.21200001 2 TOUCH_MOVE .
1401610924167 6 4098 498.01352 1201.4442 0.26666668 5.0 5.0 5.0 5.0 0.0 0.22000001 2 TOUCH_MOVE .
1401610924178 6 4098 495.28607 1202.7603 0.26666668 5.0 5.0 5.0 5.0 0.0 0.224 2 TOUCH_MOVE .
1401610924197 6 4098 492.67136 1203.8652 0.26666668 5.0 5.0 5.0 5.0 0.0 0.22800002 2 TOUCH_MOVE .
1401610924212 6 4098 491.12924 1204.8217 0.26666668 5.0 5.0 5.0 5.0 0.0 0.22800002 2 TOUCH_MOVE .
1401610924228 6 4098 491.0 1205.7881 0.26666668 5.0 5.0 5.0 5.0 0.0 0.22800002 2 TOUCH_MOVE .
1401610924248 6 4098 491.7676 1206.3347 0.26666668 5.0 5.0 5.0 5.0 0.0 0.22000001 2 TOUCH_MOVE .
1401610924261 6 4098 496.5 1206.9509 0.26666668 5.0 5.0 5.0 5.0 0.0 0.18400002 2 TOUCH_MOVE .
1401610924264 6 4098 496.5 1206.9509 0.26666668 5.0 5.0 5.0 5.0 0.0 0.18400002 1 TOUCH_UP .
