1401610928890 6 4098 528.0 795.451 0.26666668 4.0 4.0 4.0 4.0 0.0 0.208 0 TOUCH_DOWN I
1401610928900 6 4098 528.0 795.451 0.26666668 4.0 4.0 4.0 4.0 0.0 0.22000001 2 TOUCH_MOVE I
1401610928933 6 4098 525.6502 795.451 0.3 5.0 5.0 5.0 5.0 0.0 0.23600002 2 TOUCH_MOVE I
1401610928950 6 4098 523.71893 795.451 0.33333334 5.0 5.0 5.0 5.0 0.0 0.23600002 2 TOUCH_MOVE I
1401610928966 6 4098 522.75 795.451 0.33333334 5.0 5.0 5.0 5.0 0.0 0.24000001 2 TOUCH_MOVE I
1401610929000 6 4098 524.09503 797.546 0.3 5.0 5.0 5.0 5.0 0.0 0.23200001 2 TOUCH_MOVE I
1401610929016 6 4098 528.3201 801.7711 0.26666668 4.0 4.0 4.0 4.0 0.0 0.224 2 TOUCH_MOVE I
1401610929050 6 4098 535.5 808.451 0.26666668 4.0 4.0 4.0 4.0 0.0 0.18800001 2 TOUCH_MOVE I
1401610929053 6 4098 535.5 808.451 0.26666668 4.0 4.0 4.0 4.0 0.0 0.18800001 1 TOUCH_UP I
1401610929403 6 4098 316.5 1201.9509 0.3 5.0 5.0 5.0 5.0 0.0 0.224 0 TOUCH_DOWN Space
1401610929417 6 4098 316.5 1201.9509 0.3 5.0 5.0 5.0 5.0 0.0 0.23200001 2 TOUCH_MOVE Space
1401610929435 6 4098 315.5111 1201.9509 0.3 5.0 5.0 5.0 5.0 0.0 0.23600002 2 TOUCH_MOVE Space
1401610929452 6 4098 313.75653 1201.9509 0.3 5.0 5.0 5.0 5.0 0.0 0.23200001 2 TOUCH_MOVE Space
1401610929467 6 4098 313.0 1202.3928 0.3 5.0 5.0 5.0 5.0 0.0 0.22000001 2 TOUCH_MOVE Space
1401610929484 6 4098 315.0 1205.4509 0.26666668 5.0 5.0 5.0 5.0 0.0 0.18800001 2 TOUCH_MOVE Space
1401610929488 6 4098 315.0 1205.4509 0.26666668 5.0 5.0 5.0 5.0 0.0 0.18800001 1 TOUCH_UP Space
1401610929751 6 4098 681.0 929.951 0.26666668 4.0 4.0 4.0 4.0 0.0 0.216 0 TOUCH_DOWN l
1401610929778 6 4098 680.7512 929.951 0.3 5.0 5.0 5.0 5.0 0.0 0.224 2 TOUCH_MOVE l
1401610929785 6 4098 679.54114 930.4304 0.33333334 5.0 5.0 5.0 5.0 0.0 0.23600002 2 TOUCH_MOVE l
1401610929800 6 4098 676.658 930.951 0.33333334 5.0 5.0 5.0 5.0 0.0 0.24000001 2 TOUCH_MOVE l
1401610929817 6 4098 675.1342 930.951 0.33333334 5.0 5.0 5.0 5.0 0.0 0.24000001 2 TOUCH_MOVE l
1401610929834 6 4098 674.15155 931.29944 0.33333334 5.0 5.0 5.0 5.0 0.0 0.24000001 2 TOUCH_MOVE l
1401610929850 6 4098 673.75 931.701 0.33333334 5.0 5.0 5.0 5.0 0.0 0.23600002 2 TOUCH_MOVE l
1401610929867 6 4098 675.3808 932.24457 0.33333334 5.0 5.0 5.0 5.0 0.0 0.224 2 TOUCH_MOVE l
1401610929888 6 4098 676.0 932.451 0.26666668 5.0 5.0 5.0 5.0 0.0 0.17600001 2 TOUCH_MOVE l
1401610929891 6 4098 676.0 932.451 0.26666668 5.0 5.0 5.0 5.0 0.0 0.17600001 1 TOUCH_UP l
1401610930335 6 4098 619.0 842.451 0.3 5.0 5.0 5.0 5.0 0.0 0.224 0 TOUCH_DOWN o
1401610930353 6 4098 618.66327 842.11426 0.33333334 5.0 5.0 5.0 5.0 0.0 0.23200001 2 TOUCH_MOVE o
1401610930368 6 4098 617.27075 841.33636 0.33333334 5.0 5.0 5.0 5.0 0.0 0.24400002 2 TOUCH_MOVE o
1401610930384 6 4098 615.43365 839.38464 0.33333334 5.0 5.0 5.0 5.0 0.0 0.24800001 2 TOUCH_MOVE o
1401610930401 6 4098 613.3779 838.38995 0.33333334 5.0 5.0 5.0 5.0 0.0 0.252 2 TOUCH_MOVE o
1401610930419 6 4098 611.98035 838.451 0.33333334 5.0 5.0 5.0 5.0 0.0 0.252 2 TOUCH_MOVE o
1401610930468 6 4098 613.5 838.951 0.3 5.0 5.0 5.0 5.0 0.0 0.224 2 TOUCH_MOVE o
1401610930472 6 4098 613.5 838.951 0.23333335 5.0 5.0 5.0 5.0 0.0 0.18800001 2 TOUCH_MOVE o
1401610930475 6 4098 613.5 838.951 0.23333335 5.0 5.0 5.0 5.0 0.0 0.18800001 1 TOUCH_UP o
1401610930794 6 4098 376.0 1099.4509 0.26666668 4.0 4.0 4.0 4.0 0.0 0.224 0 TOUCH_DOWN v
1401610930803 6 4098 376.0 1099.4509 0.33333334 5.0 5.0 5.0 5.0 0.0 0.22800002 2 TOUCH_MOVE v
1401610930818 6 4098 375.4543 1099.4509 0.33333334 5.0 5.0 5.0 5.0 0.0 0.24000001 2 TOUCH_MOVE v
1401610930835 6 4098 373.88657 1098.3942 0.33333334 5.0 5.0 5.0 5.0 0.0 0.24000001 2 TOUCH_MOVE v
1401610930856 6 4098 372.4839 1097.4509 0.33333334 5.0 5.0 5.0 5.0 0.0 0.24000001 2 TOUCH_MOVE v
1401610930868 6 4098 371.5226 1097.4509 0.33333334 5.0 5.0 5.0 5.0 0.0 0.24000001 2 TOUCH_MOVE v
1401610930885 6 4098 371.25 1097.4509 0.33333334 5.0 5.0 5.0 5.0 0.0 0.24000001 2 TOUCH_MOVE v
1401610930909 6 4098 371.25 1097.4509 0.33333334 5.0 5.0 5.0 5.0 0.0 0.24000001 1 TOUCH_UP v
1401610931088 6 4098 189.0 819.451 0.26666668 4.0 4.0 4.0 4.0 0.0 0.208 0 TOUCH_DOWN e
1401610931102 6 4098 189.0 819.451 0.3 5.0 5.0 5.0 5.0 0.0 0.21200001 2 TOUCH_MOVE e
1401610931119 6 4098 190.67682 819.451 0.3 5.0 5.0 5.0 5.0 0.0 0.22000001 2 TOUCH_MOVE e
1401610931140 6 4098 193.49539 819.451 0.3 5.0 5.0 5.0 5.0 0.0 0.22800002 2 TOUCH_MOVE e
1401610931155 6 4098 196.13828 819.451 0.3 5.0 5.0 5.0 5.0 0.0 0.23200001 2 TOUCH_MOVE e
1401610931168 6 4098 197.78203 819.451 0.3 5.0 5.0 5.0 5.0 0.0 0.23200001 2 TOUCH_MOVE e
1401610931187 6 4098 198.25 819.451 0.3 5.0 5.0 5.0 5.0 0.0 0.23200001 2 TOUCH_MOVE e
1401610931219 6 4098 197.47356 819.451 0.3 5.0 5.0 5.0 5.0 0.0 0.224 2 TOUCH_MOVE e
1401610931235 6 4098 193.36693 817.69775 0.26666668 4.0 4.0 4.0 4.0 0.0 0.208 2 TOUCH_MOVE e
1401610931252 6 4098 185.7623 818.63544 0.26666668 5.0 5.0 5.0 5.0 0.0 0.18 2 TOUCH_MOVE e
1401610931258 6 4098 185.7623 818.63544 0.26666668 5.0 5.0 5.0 5.0 0.0 0.18 1 TOUCH_UP e
1401610931366 6 4098 336.5 1219.9509 0.26666668 5.0 5.0 5.0 5.0 0.0 0.21200001 0 TOUCH_DOWN Space
1401610931390 6 4098 336.11017 1219.9509 0.26666668 5.0 5.0 5.0 5.0 0.0 0.22000001 2 TOUCH_MOVE Space
1401610931402 6 4098 334.257 1219.2032 0.26666668 5.0 5.0 5.0 5.0 0.0 0.23200001 2 TOUCH_MOVE Space
1401610931419 6 4098 331.60223 1218.2521 0.26666668 5.0 5.0 5.0 5.0 0.0 0.23600002 2 TOUCH_MOVE Space
1401610931440 6 4098 330.33417 1217.9509 0.26666668 5.0 5.0 5.0 5.0 0.0 0.23200001 2 TOUCH_MOVE Space
1401610931452 6 4098 329.36978 1217.9509 0.26666668 5.0 5.0 5.0 5.0 0.0 0.23200001 2 TOUCH_MOVE Space
1401610931502 6 4098 332.0545 1219.9945 0.23333335 4.0 4.0 4.0 4.0 0.0 0.18800001 2 TOUCH_MOVE Space
1401610931508 6 4098 332.0545 1219.9945 0.23333335 4.0 4.0 4.0 4.0 0.0 0.18800001 1 TOUCH_UP Space
1401610931848 6 4098 390.5 843.451 0.3 5.0 5.0 5.0 5.0 0.0 0.20400001 0 TOUCH_DOWN y
1401610931871 6 4098 390.5 843.451 0.26666668 4.0 4.0 4.0 4.0 0.0 0.21200001 2 TOUCH_MOVE y
1401610931886 6 4098 391.0412 842.9098 0.3 5.0 5.0 5.0 5.0 0.0 0.224 2 TOUCH_MOVE y
1401610931902 6 4098 392.08832 841.8627 0.33333334 5.0 5.0 5.0 5.0 0.0 0.23200001 2 TOUCH_MOVE y
1401610931919 6 4098 392.75 841.201 0.33333334 5.0 5.0 5.0 5.0 0.0 0.23600002 2 TOUCH_MOVE y
1401610931952 6 4098 393.15048 840.8005 0.33333334 5.0 5.0 5.0 5.0 0.0 0.24000001 2 TOUCH_MOVE y
1401610932002 6 4098 392.65433 839.60535 0.33333334 5.0 5.0 5.0 5.0 0.0 0.23200001 2 TOUCH_MOVE y
1401610932026 6 4098 390.24167 839.451 0.3 5.0 5.0 5.0 5.0 0.0 0.216 2 TOUCH_MOVE y
1401610932037 6 4098 389.5 839.451 0.26666668 5.0 5.0 5.0 5.0 0.0 0.17600001 2 TOUCH_MOVE y
1401610932045 6 4098 389.5 839.451 0.26666668 5.0 5.0 5.0 5.0 0.0 0.17600001 1 TOUCH_UP y
1401610932208 6 4098 596.5 847.951 0.26666668 4.0 4.0 4.0 4.0 0.0 0.21200001 0 TOUCH_DOWN o
1401610932220 6 4098 596.5 847.951 0.26666668 4.0 4.0 4.0 4.0 0.0 0.22800002 2 TOUCH_MOVE o
1401610932236 6 4098 596.19604 846.8431 0.33333334 5.0 5.0 5.0 5.0 0.0 0.24400002 2 TOUCH_MOVE o
1401610932253 6 4098 593.99945 844.95044 0.33333334 5.0 5.0 5.0 5.0 0.0 0.24800001 2 TOUCH_MOVE o
1401610932269 6 4098 592.02966 842.98065 0.33333334 5.0 5.0 5.0 5.0 0.0 0.252 2 TOUCH_MOVE o
1401610932292 6 4098 590.8062 841.7572 0.33333334 5.0 5.0 5.0 5.0 0.0 0.24800001 2 TOUCH_MOVE o
1401610932304 6 4098 590.5 840.7882 0.33333334 5.0 5.0 5.0 5.0 0.0 0.24800001 2 TOUCH_MOVE o
1401610932336 6 4098 592.6079 840.41504 0.33333334 5.0 5.0 5.0 5.0 0.0 0.23200001 2 TOUCH_MOVE o
1401610932354 6 4098 599.82153 839.405 0.3 5.0 5.0 5.0 5.0 0.0 0.20400001 2 TOUCH_MOVE o
1401610932364 6 4098 599.5 839.451 0.3 5.0 5.0 5.0 5.0 0.0 0.18 2 TOUCH_MOVE o
1401610932367 6 4098 599.5 839.451 0.3 5.0 5.0 5.0 5.0 0.0 0.18 1 TOUCH_UP o
1401610932611 6 4098 485.0 818.451 0.33333334 5.0 5.0 5.0 5.0 0.0 0.23200001 0 TOUCH_DOWN u
1401610932638 6 4098 483.0601 817.3244 0.33333334 5.0 5.0 5.0 5.0 0.0 0.252 2 TOUCH_MOVE u
1401610932655 6 4098 480.30112 815.25214 0.33333334 5.0 5.0 5.0 5.0 0.0 0.252 2 TOUCH_MOVE u
1401610932670 6 4098 479.18872 814.1397 0.36666667 6.0 6.0 6.0 6.0 0.0 0.256 2 TOUCH_MOVE u
1401610932689 6 4098 478.5 813.1772 0.33333334 5.0 5.0 5.0 5.0 0.0 0.256 2 TOUCH_MOVE u
1401610932703 6 4098 478.86676 812.951 0.33333334 5.0 5.0 5.0 5.0 0.0 0.256 2 TOUCH_MOVE u
1401610932720 6 4098 481.85114 812.258 0.33333334 5.0 5.0 5.0 5.0 0.0 0.24400002 2 TOUCH_MOVE u
1401610932743 6 4098 493.13678 811.24817 0.3 5.0 5.0 5.0 5.0 0.0 0.208 2 TOUCH_MOVE u
1401610932745 6 4098 490.5 811.451 0.26666668 5.0 5.0 5.0 5.0 0.0 0.18 2 TOUCH_MOVE u
1401610932749 6 4098 490.5 811.451 0.26666668 5.0 5.0 5.0 5.0 0.0 0.18 1 TOUCH_UP u
1401610936518 6 4098 442.5 1228.9509 0.26666668 5.0 5.0 5.0 5.0 0.0 0.19600001 0 TOUCH_DOWN ,
1401610936541 6 4098 442.5 1228.9509 0.26666668 5.0 5.0 5.0 5.0 0.0 0.20400001 2 TOUCH_MOVE ,
1401610936573 6 4098 442.5 1227.6587 0.26666668 5.0 5.0 5.0 5.0 0.0 0.21200001 2 TOUCH_MOVE ,
1401610936591 6 4098 442.5 1227.2009 0.26666668 5.0 5.0 5.0 5.0 0.0 0.216 2 TOUCH_MOVE ,
1401610936640 6 4098 444.9599 1227.4509 0.23333335 4.0 4.0 4.0 4.0 0.0 0.18 2 TOUCH_MOVE ,
1401610936645 6 4098 444.9599 1227.4509 0.23333335 4.0 4.0 4.0 4.0 0.0 0.18 1 TOUCH_UP ,
1401610937139 6 4098 715.5 1206.9509 0.20000002 3.0 3.0 3.0 3.0 0.0 0.18400002 0 TOUCH_DOWN Enter
1401610937158 6 4098 715.5 1207.4159 0.20000002 3.0 3.0 3.0 3.0 0.0 0.18800001 2 TOUCH_MOVE Enter
1401610937174 6 4098 715.07983 1208.7913 0.20000002 3.0 3.0 3.0 3.0 0.0 0.192 2 TOUCH_MOVE Enter
1401610937191 6 4098 713.73096 1210.72 0.20000002 3.0 3.0 3.0 3.0 0.0 0.2 2 TOUCH_MOVE Enter
1401610937208 6 4098 712.65234 1212.6462 0.20000002 3.0 3.0 3.0 3.0 0.0 0.2 2 TOUCH_MOVE Enter
1401610937224 6 4098 711.6898 1213.7611 0.20000002 3.0 3.0 3.0 3.0 0.0 0.2 2 TOUCH_MOVE Enter
1401610937241 6 4098 711.5 1214.7067 0.20000002 3.0 3.0 3.0 3.0 0.0 0.2 2 TOUCH_MOVE Enter
1401610937257 6 4098 711.5 1215.681 0.20000002 3.0 3.0 3.0 3.0 0.0 0.18400002 2 TOUCH_MOVE Enter
1401610937266 6 4098 711.5 1215.9509 0.20000002 3.0 3.0 3.0 3.0 0.0 0.132 2 TOUCH_MOVE Enter
1401610937270 6 4098 711.5 1215.9509 0.20000002 3.0 3.0 3.0 3.0 0.0 0.132 1 TOUCH_UP Enter
1401610938161 6 4098 402.0 825.451 0.3 5.0 5.0 5.0 5.0 0.0 0.208 0 TOUCH_DOWN Y
1401610938190 6 4098 402.0 825.451 0.3 5.0 5.0 5.0 5.0 0.0 0.216 2 TOUCH_MOVE Y
1401610938209 6 4098 402.0 826.47186 0.3 5.0 5.0 5.0 5.0 0.0 0.22000001 2 TOUCH_MOVE Y
1401610938225 6 4098 402.0 827.201 0.3 5.0 5.0 5.0 5.0 0.0 0.22000001 2 TOUCH_MOVE Y
1401610938242 6 4098 402.0 827.90906 0.3 5.0 5.0 5.0 5.0 0.0 0.21200001 2 TOUCH_MOVE Y
1401610938258 6 4098 402.41788 831.04034 0.3 5.0 5.0 5.0 5.0 0.0 0.208 2 TOUCH_MOVE Y
1401610938272 6 4098 404.5 834.451 0.20000002 4.0 4.0 4.0 4.0 0.0 0.17600001 2 TOUCH_MOVE Y
1401610938275 6 4098 404.5 834.451 0.20000002 4.0 4.0 4.0 4.0 0.0 0.17600001 1 TOUCH_UP Y
1401610938580 6 4098 608.5 814.451 0.26666668 5.0 5.0 5.0 5.0 0.0 0.18400002 0 TOUCH_DOWN o
1401610938592 6 4098 608.5 814.451 0.26666668 4.0 4.0 4.0 4.0 0.0 0.19600001 2 TOUCH_MOVE o
1401610938610 6 4098 608.5 815.0081 0.26666668 4.0 4.0 4.0 4.0 0.0 0.20400001 2 TOUCH_MOVE o
1401610938626 6 4098 607.9156 816.6198 0.3 5.0 5.0 5.0 5.0 0.0 0.21200001 2 TOUCH_MOVE o
1401610938645 6 4098 606.4701 818.5108 0.3 5.0 5.0 5.0 5.0 0.0 0.216 2 TOUCH_MOVE o
1401610938660 6 4098 605.505 819.446 0.3 5.0 5.0 5.0 5.0 0.0 0.216 2 TOUCH_MOVE o
1401610938678 6 4098 605.0 820.3935 0.3 5.0 5.0 5.0 5.0 0.0 0.216 2 TOUCH_MOVE o
1401610938692 6 4098 605.0 821.3496 0.3 5.0 5.0 5.0 5.0 0.0 0.21200001 2 TOUCH_MOVE o
1401610938709 6 4098 605.0 821.701 0.3 5.0 5.0 5.0 5.0 0.0 0.208 2 TOUCH_MOVE o
1401610938717 6 4098 605.0 821.701 0.3 5.0 5.0 5.0 5.0 0.0 0.208 1 TOUCH_UP o
1401610938940 6 4098 490.0 805.951 0.20000002 4.0 4.0 4.0 4.0 0.0 0.19600001 0 TOUCH_DOWN u
1401610938962 6 4098 488.31134 806.24817 0.26666668 4.0 4.0 4.0 4.0 0.0 0.21200001 2 TOUCH_MOVE u
1401610938976 6 4098 482.94424 807.21027 0.3 5.0 5.0 5.0 5.0 0.0 0.224 2 TOUCH_MOVE u
1401610938992 6 4098 478.82883 808.17474 0.3 5.0 5.0 5.0 5.0 0.0 0.22800002 2 TOUCH_MOVE u
1401610939023 6 4098 476.64426 809.12885 0.3 5.0 5.0 5.0 5.0 0.0 0.22800002 2 TOUCH_MOVE u
1401610939027 6 4098 475.42136 809.451 0.3 5.0 5.0 5.0 5.0 0.0 0.22800002 2 TOUCH_MOVE u
1401610939070 6 4098 475.5 809.451 0.16666667 3.0 3.0 3.0 3.0 0.0 0.108 2 TOUCH_MOVE u
1401610939088 6 4098 475.5 809.451 0.16666667 3.0 3.0 3.0 3.0 0.0 0.108 1 TOUCH_UP u
1401610939727 6 4098 324.0 1219.9509 0.23333335 4.0 4.0 4.0 4.0 0.0 0.21200001 0 TOUCH_DOWN Space
1401610939732 6 4098 324.0 1219.9509 0.26666668 5.0 5.0 5.0 5.0 0.0 0.216 2 TOUCH_MOVE Space
1401610939760 6 4098 323.03894 1219.9509 0.26666668 5.0 5.0 5.0 5.0 0.0 0.22000001 2 TOUCH_MOVE Space
1401610939776 6 4098 322.25 1219.9509 0.26666668 5.0 5.0 5.0 5.0 0.0 0.22000001 2 TOUCH_MOVE Space
1401610939810 6 4098 322.5 1221.4751 0.23333335 4.0 4.0 4.0 4.0 0.0 0.2 2 TOUCH_MOVE Space
1401610939816 6 4098 322.5 1221.9509 0.23333335 4.0 4.0 4.0 4.0 0.0 0.18800001 2 TOUCH_MOVE Space
1401610939819 6 4098 322.5 1221.9509 0.23333335 4.0 4.0 4.0 4.0 0.0 0.18800001 1 TOUCH_UP Space
1401610940167 6 4098 668.5 968.451 0.23333335 5.0 5.0 5.0 5.0 0.0 0.19600001 0 TOUCH_DOWN l
1401610940177 6 4098 668.5 968.451 0.23333335 5.0 5.0 5.0 5.0 0.0 0.20400001 2 TOUCH_MOVE l
1401610940210 6 4098 667.62744 967.20593 0.26666668 5.0 5.0 5.0 5.0 0.0 0.21200001 2 TOUCH_MOVE l
1401610940227 6 4098 665.73535 964.304 0.26666668 5.0 5.0 5.0 5.0 0.0 0.216 2 TOUCH_MOVE l
1401610940243 6 4098 664.16266 961.77637 0.3 5.0 5.0 5.0 5.0 0.0 0.22000001 2 TOUCH_MOVE l
1401610940260 6 4098 664.0 960.1457 0.3 5.0 5.0 5.0 5.0 0.0 0.22000001 2 TOUCH_MOVE l
1401610940290 6 4098 664.0 959.2199 0.3 5.0 5.0 5.0 5.0 0.0 0.216 2 TOUCH_MOVE l
1401610940293 6 4098 664.5 958.451 0.3 5.0 5.0 5.0 5.0 0.0 0.192 2 TOUCH_MOVE l
1401610940297 6 4098 664.5 958.451 0.3 5.0 5.0 5.0 5.0 0.0 0.192 1 TOUCH_UP l
1401610940475 6 4098 606.0 837.451 0.3 5.0 5.0 5.0 5.0 0.0 0.216 0 TOUCH_DOWN o
1401610940496 6 4098 605.61804 837.451 0.3 5.0 5.0 5.0 5.0 0.0 0.224 2 TOUCH_MOVE o
1401610940511 6 4098 604.08826 836.7451 0.33333334 5.0 5.0 5.0 5.0 0.0 0.22800002 2 TOUCH_MOVE o
1401610940527 6 4098 601.4447 835.76587 0.33333334 5.0 5.0 5.0 5.0 0.0 0.23600002 2 TOUCH_MOVE o
1401610940544 6 4098 600.35004 835.451 0.33333334 5.0 5.0 5.0 5.0 0.0 0.23200001 2 TOUCH_MOVE o
1401610940561 6 4098 599.75 835.451 0.33333334 5.0 5.0 5.0 5.0 0.0 0.23200001 2 TOUCH_MOVE o
1401610940594 6 4098 600.53174 835.451 0.3 5.0 5.0 5.0 5.0 0.0 0.18 2 TOUCH_MOVE o
1401610940598 6 4098 600.53174 835.451 0.3 5.0 5.0 5.0 5.0 0.0 0.18 1 TOUCH_UP o
1401610940892 6 4098 373.0 1091.9509 0.26666668 4.0 4.0 4.0 4.0 0.0 0.216 0 TOUCH_DOWN v
1401610940923 6 4098 373.0 1092.3464 0.3 5.0 5.0 5.0 5.0 0.0 0.224 2 TOUCH_MOVE v
1401610940929 6 4098 372.74243 1093.2085 0.33333334 5.0 5.0 5.0 5.0 0.0 0.23600002 2 TOUCH_MOVE v
1401610940944 6 4098 371.7753 1094.1757 0.33333334 5.0 5.0 5.0 5.0 0.0 0.23600002 2 TOUCH_MOVE v
1401610940961 6 4098 371.5 1095.1348 0.33333334 5.0 5.0 5.0 5.0 0.0 0.23600002 2 TOUCH_MOVE v
1401610941011 6 4098 373.15472 1095.4509 0.3 5.0 5.0 5.0 5.0 0.0 0.19600001 2 TOUCH_MOVE v
1401610941022 6 4098 373.0 1095.4509 0.20000002 3.0 3.0 3.0 3.0 0.0 0.112 2 TOUCH_MOVE v
1401610941026 6 4098 373.0 1095.4509 0.20000002 3.0 3.0 3.0 3.0 0.0 0.112 1 TOUCH_UP v
1401610941205 6 4098 199.5 840.451 0.26666668 4.0 4.0 4.0 4.0 0.0 0.2 0 TOUCH_DOWN e
1401610941211 6 4098 199.5 840.451 0.26666668 4.0 4.0 4.0 4.0 0.0 0.20400001 2 TOUCH_MOVE e
1401610941228 6 4098 200.0051 839.94586 0.3 5.0 5.0 5.0 5.0 0.0 0.21200001 2 TOUCH_MOVE e
1401610941245 6 4098 201.88106 838.06995 0.3 5.0 5.0 5.0 5.0 0.0 0.21200001 2 TOUCH_MOVE e
1401610941261 6 4098 203.49358 836.4542 0.33333334 5.0 5.0 5.0 5.0 0.0 0.216 2 TOUCH_MOVE e
1401610941278 6 4098 204.45981 835.4912 0.33333334 5.0 5.0 5.0 5.0 0.0 0.22000001 2 TOUCH_MOVE e
1401610941295 6 4098 205.0 834.5733 0.33333334 5.0 5.0 5.0 5.0 0.0 0.22000001 2 TOUCH_MOVE e
1401610941311 6 4098 205.0 834.201 0.33333334 5.0 5.0 5.0 5.0 0.0 0.22000001 2 TOUCH_MOVE e
1401610941361 6 4098 203.99753 834.451 0.33333334 5.0 5.0 5.0 5.0 0.0 0.20400001 2 TOUCH_MOVE e
1401610941377 6 4098 200.0 833.951 0.23333335 5.0 5.0 5.0 5.0 0.0 0.17600001 2 TOUCH_MOVE e
1401610941383 6 4098 200.0 833.951 0.23333335 5.0 5.0 5.0 5.0 0.0 0.17600001 1 TOUCH_UP e
1401610941764 6 4098 280.0 1222.4509 0.26666668 5.0 5.0 5.0 5.0 0.0 0.20400001 0 TOUCH_DOWN Space
1401610941780 6 4098 279.59793 1222.4509 0.26666668 5.0 5.0 5.0 5.0 0.0 0.216 2 TOUCH_MOVE Space
1401610941799 6 4098 277.68814 1221.6803 0.26666668 5.0 5.0 5.0 5.0 0.0 0.224 2 TOUCH_MOVE Space
1401610941812 6 4098 275.55075 1220.9509 0.26666668 5.0 5.0 5.0 5.0 0.0 0.224 2 TOUCH_MOVE Space
1401610941828 6 4098 274.30548 1220.9509 0.26666668 5.0 5.0 5.0 5.0 0.0 0.224 2 TOUCH_MOVE Space
1401610941845 6 4098 273.3838 1220.9509 0.26666668 5.0 5.0 5.0 5.0 0.0 0.22000001 2 TOUCH_MOVE Space
1401610941862 6 4098 273.5 1220.9509 0.26666668 5.0 5.0 5.0 5.0 0.0 0.18800001 2 TOUCH_MOVE Space
1401610941865 6 4098 273.5 1220.9509 0.26666668 5.0 5.0 5.0 5.0 0.0 0.18800001 1 TOUCH_UP Space
1401610942228 6 4098 591.5 1104.4509 0.23333335 4.0 4.0 4.0 4.0 0.0 0.192 0 TOUCH_DOWN m
1401610942248 6 4098 591.5 1104.4509 0.26666668 4.0 4.0 4.0 4.0 0.0 0.2 2 TOUCH_MOVE m
1401610942279 6 4098 590.9719 1104.4509 0.26666668 4.0 4.0 4.0 4.0 0.0 0.21200001 2 TOUCH_MOVE m
1401610942295 6 4098 590.44684 1104.4509 0.26666668 4.0 4.0 4.0 4.0 0.0 0.21200001 2 TOUCH_MOVE m
1401610942312 6 4098 589.9636 1103.9146 0.26666668 4.0 4.0 4.0 4.0 0.0 0.216 2 TOUCH_MOVE m
1401610942329 6 4098 590.0 1102.9371 0.26666668 4.0 4.0 4.0 4.0 0.0 0.216 2 TOUCH_MOVE m
1401610942357 6 4098 591.5 1101.4509 0.23333335 4.0 4.0 4.0 4.0 0.0 0.192 2 TOUCH_MOVE m
1401610942363 6 4098 591.5 1101.4509 0.23333335 4.0 4.0 4.0 4.0 0.0 0.192 1 TOUCH_UP m
1401610942712 6 4098 190.5 804.451 0.20000002 4.0 4.0 4.0 4.0 0.0 0.20400001 0 TOUCH_DOWN e
1401610942733 6 4098 190.5 804.451 0.26666668 5.0 5.0 5.0 5.0 0.0 0.21200001 2 TOUCH_MOVE e
1401610942747 6 4098 191.02228 804.451 0.26666668 5.0 5.0 5.0 5.0 0.0 0.224 2 TOUCH_MOVE e
1401610942762 6 4098 192.03554 804.951 0.26666668 5.0 5.0 5.0 5.0 0.0 0.224 2 TOUCH_MOVE e
1401610942779 6 4098 192.99332 804.951 0.26666668 5.0 5.0 5.0 5.0 0.0 0.224 2 TOUCH_MOVE e
1401610942796 6 4098 193.94115 804.951 0.3 6.0 6.0 6.0 6.0 0.0 0.22800002 2 TOUCH_MOVE e
1401610942812 6 4098 194.75 804.951 0.3 6.0 6.0 6.0 6.0 0.0 0.22800002 2 TOUCH_MOVE e
1401610942847 6 4098 195.15366 805.6047 0.26666668 5.0 5.0 5.0 5.0 0.0 0.22800002 2 TOUCH_MOVE e
1401610942879 6 4098 192.16457 805.451 0.26666668 5.0 5.0 5.0 5.0 0.0 0.208 2 TOUCH_MOVE e
1401610942896 6 4098 191.0 805.451 0.16666667 3.0 3.0 3.0 3.0 0.0 0.104 2 TOUCH_MOVE e
1401610942899 6 4098 191.0 805.451 0.16666667 3.0 3.0 3.0 3.0 0.0 0.104 1 TOUCH_UP e
1401610943621 6 4098 501.5 1219.4509 0.26666668 5.0 5.0 5.0 5.0 0.0 0.20400001 0 TOUCH_DOWN .
1401610943632 6 4098 501.5 1219.4509 0.26666668 5.0 5.0 5.0 5.0 0.0 0.208 2 TOUCH_MOVE .
1401610943663 6 4098 500.51843 1219.4509 0.26666668 5.0 5.0 5.0 5.0 0.0 0.216 2 TOUCH_MOVE .
1401610943680 6 4098 500.26804 1219.4509 0.26666668 5.0 5.0 5.0 5.0 0.0 0.216 2 TOUCH_MOVE .
1401610943697 6 4098 500.5 1220.0778 0.26666668 5.0 5.0 5.0 5.0 0.0 0.21200001 2 TOUCH_MOVE .
1401610943715 6 4098 501.7022 1220.7515 0.26666668 5.0 5.0 5.0 5.0 0.0 0.2 2 TOUCH_MOVE .
1401610943728 6 4098 502.5 1220.9509 0.16666667 3.0 3.0 3.0 3.0 0.0 0.16800001 2 TOUCH_MOVE .
1401610943732 6 4098 502.5 1220.9509 0.16666667 3.0 3.0 3.0 3.0 0.0 0.16800001 1 TOUCH_UP .
1401610944035 6 4098 707.0 1218.9509 0.20000002 3.0 3.0 3.0 3.0 0.0 0.18 0 TOUCH_DOWN Enter
1401610944047 6 4098 707.0 1218.9509 0.16666667 3.0 3.0 3.0 3.0 0.0 0.18400002 2 TOUCH_MOVE Enter
1401610944066 6 4098 705.4114 1218.9509 0.16666667 3.0 3.0 3.0 3.0 0.0 0.192 2 TOUCH_MOVE Enter
1401610944081 6 4098 702.9959 1218.9509 0.16666667 3.0 3.0 3.0 3.0 0.0 0.19600001 2 TOUCH_MOVE Enter
1401610944097 6 4098 701.0639 1218.9509 0.16666667 3.0 3.0 3.0 3.0 0.0 0.19600001 2 TOUCH_MOVE Enter
1401610944116 6 4098 700.07214 1218.9509 0.16666667 3.0 3.0 3.0 3.0 0.0 0.19600001 2 TOUCH_MOVE Enter
1401610944134 6 4098 699.75 1218.9509 0.16666667 3.0 3.0 3.0 3.0 0.0 0.19600001 2 TOUCH_MOVE Enter
1401610944160 6 4098 699.75 1218.9509 0.16666667 3.0 3.0 3.0 3.0 0.0 0.19600001 1 TOUCH_UP Enter
1401610944854 6 4098 108.5 844.951 0.26666668 5.0 5.0 5.0 5.0 0.0 0.18400002 0 TOUCH_DOWN W
1401610944865 6 4098 108.5 844.951 0.26666668 5.0 5.0 5.0 5.0 0.0 0.18800001 2 TOUCH_MOVE W
1401610944898 6 4098 109.02859 844.4224 0.26666668 5.0 5.0 5.0 5.0 0.0 0.2 2 TOUCH_MOVE W
1401610944914 6 4098 110.0849 843.951 0.26666668 5.0 5.0 5.0 5.0 0.0 0.2 2 TOUCH_MOVE W
1401610944934 6 4098 110.0 843.201 0.26666668 5.0 5.0 5.0 5.0 0.0 0.19600001 2 TOUCH_MOVE W
1401610944965 6 4098 109.5 843.451 0.26666668 5.0 5.0 5.0 5.0 0.0 0.18 2 TOUCH_MOVE W
1401610944968 6 4098 109.5 843.451 0.26666668 5.0 5.0 5.0 5.0 0.0 0.14400001 2 TOUCH_MOVE W
1401610944972 6 4098 109.5 843.451 0.26666668 5.0 5.0 5.0 5.0 0.0 0.14400001 1 TOUCH_UP W
1401610945138 6 4098 178.0 812.451 0.23333335 4.0 4.0 4.0 4.0 0.0 0.20400001 0 TOUCH_DOWN e
1401610945148 6 4098 178.0 812.451 0.3 5.0 5.0 5.0 5.0 0.0 0.21200001 2 TOUCH_MOVE e
1401610945165 6 4098 179.00209 812.952 0.3 5.0 5.0 5.0 5.0 0.0 0.22000001 2 TOUCH_MOVE e
1401610945183 6 4098 181.85329 813.9143 0.3 5.0 5.0 5.0 5.0 0.0 0.22000001 2 TOUCH_MOVE e
1401610945198 6 4098 184.27748 814.87683 0.3 5.0 5.0 5.0 5.0 0.0 0.224 2 TOUCH_MOVE e
1401610945215 6 4098 186.2149 815.3085 0.3 5.0 5.0 5.0 5.0 0.0 0.22800002 2 TOUCH_MOVE e
1401610945235 6 4098 187.25 815.451 0.3 5.0 5.0 5.0 5.0 0.0 0.22800002 2 TOUCH_MOVE e
1401610945283 6 4098 185.5 815.451 0.26666668 5.0 5.0 5.0 5.0 0.0 0.2 2 TOUCH_MOVE e
1401610945291 6 4098 185.5 815.451 0.20000002 3.0 3.0 3.0 3.0 0.0 0.120000005 2 TOUCH_MOVE e
1401610945294 6 4098 185.5 815.451 0.20000002 3.0 3.0 3.0 3.0 0.0 0.120000005 1 TOUCH_UP e
1401610945420 6 4098 342.5 1235.4509 0.26666668 5.0 5.0 5.0 5.0 0.0 0.208 0 TOUCH_DOWN Space
1401610945432 6 4098 342.10922 1235.4509 0.26666668 5.0 5.0 5.0 5.0 0.0 0.216 2 TOUCH_MOVE Space
1401610945452 6 4098 339.20847 1233.4823 0.26666668 5.0 5.0 5.0 5.0 0.0 0.22800002 2 TOUCH_MOVE Space
1401610945467 6 4098 335.67 1230.3442 0.26666668 5.0 5.0 5.0 5.0 0.0 0.23200001 2 TOUCH_MOVE Space
1401610945482 6 4098 333.74808 1228.199 0.26666668 5.0 5.0 5.0 5.0 0.0 0.23200001 2 TOUCH_MOVE Space
1401610945498 6 4098 332.75 1227.9509 0.26666668 5.0 5.0 5.0 5.0 0.0 0.22800002 2 TOUCH_MOVE Space
1401610945539 6 4098 336.8402 1229.8977 0.26666668 5.0 5.0 5.0 5.0 0.0 0.216 2 TOUCH_MOVE Space
1401610945548 6 4098 356.2961 1235.3108 0.23333335 4.0 4.0 4.0 4.0 0.0 0.2 2 TOUCH_MOVE Space
1401610945558 6 4098 366.0 1237.4509 0.26666668 5.0 5.0 5.0 5.0 0.0 0.18400002 2 TOUCH_MOVE Space
1401610945562 6 4098 366.0 1237.4509 0.26666668 5.0 5.0 5.0 5.0 0.0 0.18400002 1 TOUCH_UP Space
1401610945802 6 4098 648.5 1012.451 0.26666668 4.0 4.0 4.0 4.0 0.0 0.192 0 TOUCH_DOWN l
1401610945815 6 4098 648.5 1012.451 0.26666668 4.0 4.0 4.0 4.0 0.0 0.20400001 2 TOUCH_MOVE l
1401610945849 6 4098 647.5788 1007.345 0.33333334 5.0 5.0 5.0 5.0 0.0 0.22000001 2 TOUCH_MOVE l
1401610945866 6 4098 647.0 1001.6837 0.33333334 5.0 5.0 5.0 5.0 0.0 0.22000001 2 TOUCH_MOVE l
1401610945882 6 4098 646.5 997.1584 0.3 5.0 5.0 5.0 5.0 0.0 0.224 2 TOUCH_MOVE l
1401610945899 6 4098 647.3095 994.332 0.3 5.0 5.0 5.0 5.0 0.0 0.224 2 TOUCH_MOVE l
1401610945917 6 4098 648.5445 992.4065 0.3 5.0 5.0 5.0 5.0 0.0 0.216 2 TOUCH_MOVE l
1401610945931 6 4098 651.0 989.951 0.26666668 5.0 5.0 5.0 5.0 0.0 0.18800001 2 TOUCH_MOVE l
1401610945935 6 4098 651.0 989.951 0.26666668 5.0 5.0 5.0 5.0 0.0 0.18800001 1 TOUCH_UP l
1401610946200 6 4098 634.0 831.451 0.33333334 5.0 5.0 5.0 5.0 0.0 0.216 0 TOUCH_DOWN o
1401610946226 6 4098 633.42175 831.451 0.33333334 5.0 5.0 5.0 5.0 0.0 0.224 2 TOUCH_MOVE o
1401610946233 6 4098 631.37665 830.90985 0.33333334 5.0 5.0 5.0 5.0 0.0 0.23600002 2 TOUCH_MOVE o
1401610946250 6 4098 627.9884 830.44714 0.36666667 6.0 6.0 6.0 6.0 0.0 0.24000001 2 TOUCH_MOVE o
1401610946266 6 4098 625.14294 829.951 0.36666667 6.0 6.0 6.0 6.0 0.0 0.24000001 2 TOUCH_MOVE o
1401610946284 6 4098 623.55634 829.951 0.36666667 6.0 6.0 6.0 6.0 0.0 0.24400002 2 TOUCH_MOVE o
1401610946300 6 4098 622.75 829.951 0.36666667 6.0 6.0 6.0 6.0 0.0 0.24000001 2 TOUCH_MOVE o
1401610946333 6 4098 624.91144 829.64716 0.33333334 5.0 5.0 5.0 5.0 0.0 0.22800002 2 TOUCH_MOVE o
1401610946350 6 4098 628.0283 829.9793 0.3 5.0 5.0 5.0 5.0 0.0 0.20400001 2 TOUCH_MOVE o
1401610946365 6 4098 628.5 830.451 0.13333334 2.0 2.0 2.0 2.0 0.0 0.108 2 TOUCH_MOVE o
1401610946368 6 4098 628.5 830.451 0.13333334 2.0 2.0 2.0 2.0 0.0 0.108 1 TOUCH_UP o
1401610946668 6 4098 368.0 1082.9509 0.20000002 4.0 4.0 4.0 4.0 0.0 0.192 0 TOUCH_DOWN v
1401610946688 6 4098 367.74942 1082.9509 0.23333335 4.0 4.0 4.0 4.0 0.0 0.21200001 2 TOUCH_MOVE v
1401610946699 6 4098 366.11075 1082.4878 0.3 5.0 5.0 5.0 5.0 0.0 0.23200001 2 TOUCH_MOVE v
1401610946717 6 4098 363.3335 1081.5621 0.33333334 5.0 5.0 5.0 5.0 0.0 0.23600002 2 TOUCH_MOVE v
1401610946742 6 4098 361.31644 1081.4509 0.33333334 5.0 5.0 5.0 5.0 0.0 0.24000001 2 TOUCH_MOVE v
1401610946750 6 4098 360.16382 1081.4509 0.33333334 5.0 5.0 5.0 5.0 0.0 0.24000001 2 TOUCH_MOVE v
1401610946766 6 4098 359.75 1081.4509 0.33333334 5.0 5.0 5.0 5.0 0.0 0.23600002 2 TOUCH_MOVE v
1401610946790 6 4098 360.0 1081.4509 0.20000002 4.0 4.0 4.0 4.0 0.0 0.18 2 TOUCH_MOVE v
1401610946794 6 4098 360.0 1081.4509 0.20000002 4.0 4.0 4.0 4.0 0.0 0.18 1 TOUCH_UP v
1401610947002 6 4098 188.5 825.951 0.23333335 5.0 5.0 5.0 5.0 0.0 0.18800001 0 TOUCH_DOWN e
1401610947030 6 4098 188.5 825.951 0.23333335 5.0 5.0 5.0 5.0 0.0 0.19600001 2 TOUCH_MOVE e
1401610947067 6 4098 189.12213 825.951 0.33333334 5.0 5.0 5.0 5.0 0.0 0.224 2 TOUCH_MOVE e
1401610947083 6 4098 190.07956 825.951 0.33333334 5.0 5.0 5.0 5.0 0.0 0.224 2 TOUCH_MOVE e
1401610947100 6 4098 190.75 825.951 0.33333334 5.0 5.0 5.0 5.0 0.0 0.224 2 TOUCH_MOVE e
1401610947151 6 4098 189.10892 825.951 0.33333334 5.0 5.0 5.0 5.0 0.0 0.21200001 2 TOUCH_MOVE e
1401610947163 6 4098 186.5 825.951 0.3 5.0 5.0 5.0 5.0 0.0 0.18800001 2 TOUCH_MOVE e
1401610947166 6 4098 186.5 825.951 0.3 5.0 5.0 5.0 5.0 0.0 0.18800001 1 TOUCH_UP e
1401610947343 6 4098 336.5 1216.9509 0.26666668 5.0 5.0 5.0 5.0 0.0 0.208 0 TOUCH_DOWN Space
1401610947369 6 4098 336.0333 1216.9509 0.26666668 5.0 5.0 5.0 5.0 0.0 0.216 2 TOUCH_MOVE Space
1401610947388 6 4098 334.19876 1216.9509 0.26666668 5.0 5.0 5.0 5.0 0.0 0.23200001 2 TOUCH_MOVE Space
1401610947400 6 4098 331.8713 1216.4509 0.26666668 5.0 5.0 5.0 5.0 0.0 0.23200001 2 TOUCH_MOVE Space
1401610947419 6 4098 329.86813 1216.4509 0.26666668 5.0 5.0 5.0 5.0 0.0 0.23600002 2 TOUCH_MOVE Space
1401610947438 6 4098 328.75 1216.4509 0.26666668 5.0 5.0 5.0 5.0 0.0 0.23200001 2 TOUCH_MOVE Space
1401610947450 6 4098 328.25 1216.4509 0.26666668 5.0 5.0 5.0 5.0 0.0 0.23200001 2 TOUCH_MOVE Space
1401610947484 6 4098 328.5 1216.4509 0.26666668 5.0 5.0 5.0 5.0 0.0 0.20400001 2 TOUCH_MOVE Space
1401610947492 6 4098 328.5 1216.4509 0.26666668 5.0 5.0 5.0 5.0 0.0 0.18 2 TOUCH_MOVE Space
1401610947496 6 4098 328.5 1216.4509 0.26666668 5.0 5.0 5.0 5.0 0.0 0.18 1 TOUCH_UP Space
1401610947766 6 4098 310.5 835.951 0.26666668 4.0 4.0 4.0 4.0 0.0 0.21200001 0 TOUCH_DOWN t
1401610947784 6 4098 310.5 835.951 0.3 5.0 5.0 5.0 5.0 0.0 0.22000001 2 TOUCH_MOVE t
1401610947851 6 4098 311.75 835.451 0.33333334 5.0 5.0 5.0 5.0 0.0 0.23600002 2 TOUCH_MOVE t
1401610947896 6 4098 312.15384 835.451 0.33333334 5.0 5.0 5.0 5.0 0.0 0.23600002 2 TOUCH_MOVE t
1401610947934 6 4098 312.0 835.451 0.20000002 4.0 4.0 4.0 4.0 0.0 0.18400002 2 TOUCH_MOVE t
1401610947938 6 4098 312.0 835.451 0.20000002 4.0 4.0 4.0 4.0 0.0 0.18400002 1 TOUCH_UP t
1401610948326 6 4098 614.5 817.451 0.3 5.0 5.0 5.0 5.0 0.0 0.20400001 0 TOUCH_DOWN o
1401610948334 6 4098 614.5 817.451 0.3 5.0 5.0 5.0 5.0 0.0 0.208 2 TOUCH_MOVE o
1401610948368 6 4098 612.7494 818.5763 0.3 5.0 5.0 5.0 5.0 0.0 0.22800002 2 TOUCH_MOVE o
1401610948385 6 4098 611.41376 819.53723 0.3 5.0 5.0 5.0 5.0 0.0 0.23200001 2 TOUCH_MOVE o
1401610948401 6 4098 610.44666 819.451 0.33333334 5.0 5.0 5.0 5.0 0.0 0.23200001 2 TOUCH_MOVE o
1401610948418 6 4098 609.75 819.451 0.33333334 5.0 5.0 5.0 5.0 0.0 0.23200001 2 TOUCH_MOVE o
1401610948451 6 4098 611.27625 819.8764 0.3 5.0 5.0 5.0 5.0 0.0 0.208 2 TOUCH_MOVE o
1401610948460 6 4098 611.5 819.951 0.26666668 4.0 4.0 4.0 4.0 0.0 0.192 2 TOUCH_MOVE o
1401610948465 6 4098 611.5 819.951 0.26666668 4.0 4.0 4.0 4.0 0.0 0.192 1 TOUCH_UP o
1401610949054 6 4098 361.0 973.951 0.26666668 4.0 4.0 4.0 4.0 0.0 0.216 0 TOUCH_DOWN g
1401610949068 6 4098 361.0 973.951 0.26666668 4.0 4.0 4.0 4.0 0.0 0.22800002 2 TOUCH_MOVE g
1401610949102 6 4098 360.35257 973.951 0.33333334 5.0 5.0 5.0 5.0 0.0 0.23600002 2 TOUCH_MOVE g
1401610949152 6 4098 360.5 973.951 0.26666668 4.0 4.0 4.0 4.0 0.0 0.2 2 TOUCH_MOVE g
1401610949158 6 4098 360.5 973.951 0.16666667 3.0 3.0 3.0 3.0 0.0 0.124000005 2 TOUCH_MOVE g
1401610949161 6 4098 360.5 973.951 0.16666667 3.0 3.0 3.0 3.0 0.0 0.124000005 1 TOUCH_UP g
1401610949617 6 4098 186.5 828.951 0.3 5.0 5.0 5.0 5.0 0.0 0.20400001 0 TOUCH_DOWN e
1401610949638 6 4098 186.5 828.951 0.3 5.0 5.0 5.0 5.0 0.0 0.21200001 2 TOUCH_MOVE e
1401610949654 6 4098 187.16287 828.951 0.33333334 5.0 5.0 5.0 5.0 0.0 0.22000001 2 TOUCH_MOVE e
1401610949669 6 4098 188.11409 828.951 0.33333334 5.0 5.0 5.0 5.0 0.0 0.224 2 TOUCH_MOVE e
1401610949686 6 4098 189.08899 828.951 0.33333334 5.0 5.0 5.0 5.0 0.0 0.224 2 TOUCH_MOVE e
1401610949702 6 4098 189.75 828.951 0.33333334 5.0 5.0 5.0 5.0 0.0 0.224 2 TOUCH_MOVE e
1401610949739 6 4098 189.5 829.9495 0.33333334 5.0 5.0 5.0 5.0 0.0 0.216 2 TOUCH_MOVE e
1401610949752 6 4098 187.26628 835.35187 0.26666668 4.0 4.0 4.0 4.0 0.0 0.20400001 2 TOUCH_MOVE e
1401610949765 6 4098 187.0 835.951 0.13333334 2.0 2.0 2.0 2.0 0.0 0.124000005 2 TOUCH_MOVE e
1401610949769 6 4098 187.0 835.951 0.13333334 2.0 2.0 2.0 2.0 0.0 0.124000005 1 TOUCH_UP e
1401610950042 6 4098 309.5 854.951 0.20000002 4.0 4.0 4.0 4.0 0.0 0.20400001 0 TOUCH_DOWN t
1401610950053 6 4098 309.5 854.951 0.23333335 5.0 5.0 5.0 5.0 0.0 0.21200001 2 TOUCH_MOVE t
1401610950103 6 4098 310.6289 854.951 0.26666668 5.0 5.0 5.0 5.0 0.0 0.224 2 TOUCH_MOVE t
1401610950119 6 4098 311.25 854.951 0.26666668 5.0 5.0 5.0 5.0 0.0 0.224 2 TOUCH_MOVE t
1401610950187 6 4098 309.65402 856.72 0.26666668 5.0 5.0 5.0 5.0 0.0 0.21200001 2 TOUCH_MOVE t
1401610950203 6 4098 307.5 859.451 0.23333335 4.0 4.0 4.0 4.0 0.0 0.19600001 2 TOUCH_MOVE t
1401610950209 6 4098 307.5 859.451 0.16666667 3.0 3.0 3.0 3.0 0.0 0.124000005 2 TOUCH_MOVE t
1401610950212 6 4098 307.5 859.451 0.16666667 3.0 3.0 3.0 3.0 0.0 0.124000005 1 TOUCH_UP t
1401610950250 6 4098 469.0 958.951 0.26666668 4.0 4.0 4.0 4.0 0.0 0.2 0 TOUCH_DOWN j
1401610950271 6 4098 469.0 958.951 0.26666668 4.0 4.0 4.0 4.0 0.0 0.21200001 2 TOUCH_MOVE j
1401610950287 6 4098 468.30292 958.951 0.3 5.0 5.0 5.0 5.0 0.0 0.224 2 TOUCH_MOVE j
1401610950303 6 4098 466.66953 958.951 0.3 5.0 5.0 5.0 5.0 0.0 0.22800002 2 TOUCH_MOVE j
1401610950322 6 4098 465.8798 958.951 0.3 5.0 5.0 5.0 5.0 0.0 0.23200001 2 TOUCH_MOVE j
1401610950336 6 4098 464.9464 958.951 0.3 5.0 5.0 5.0 5.0 0.0 0.23200001 2 TOUCH_MOVE j
1401610950353 6 4098 463.95422 958.951 0.3 5.0 5.0 5.0 5.0 0.0 0.23200001 2 TOUCH_MOVE j
1401610950420 6 4098 463.4436 958.951 0.23333335 4.0 4.0 4.0 4.0 0.0 0.18400002 2 TOUCH_MOVE j
1401610950426 6 4098 463.4436 958.951 0.23333335 4.0 4.0 4.0 4.0 0.0 0.18400002 1 TOUCH_UP j
1401610950554 6 4098 217.5 829.951 0.33333334 5.0 5.0 5.0 5.0 0.0 0.19600001 0 TOUCH_DOWN r
1401610950559 6 4098 217.5 829.951 0.33333334 5.0 5.0 5.0 5.0 0.0 0.20400001 2 TOUCH_MOVE r
1401610950687 6 4098 215.09772 830.23145 0.33333334 5.0 5.0 5.0 5.0 0.0 0.2 2 TOUCH_MOVE r
1401610950693 6 4098 214.0 830.451 0.33333334 5.0 5.0 5.0 5.0 0.0 0.18400002 2 TOUCH_MOVE r
1401610950697 6 4098 214.0 830.451 0.33333334 5.0 5.0 5.0 5.0 0.0 0.18400002 1 TOUCH_UP r
1401610951342 6 4098 670.5 1093.9509 0.26666668 5.0 5.0 5.0 5.0 0.0 0.18400002 0 TOUCH_DOWN Back
1401610951477 6 4098 671.0 1093.9509 0.23333335 4.0 4.0 4.0 4.0 0.0 0.172 2 TOUCH_MOVE Back
1401610951480 6 4098 671.0 1093.9509 0.23333335 4.0 4.0 4.0 4.0 0.0 0.172 1 TOUCH_UP Back
1401610952191 6 4098 682.0 1088.4509 0.23333335 4.0 4.0 4.0 4.0 0.0 0.18400002 0 TOUCH_DOWN Back
1401610952205 6 4098 682.0 1088.4509 0.23333335 4.0 4.0 4.0 4.0 0.0 0.18800001 2 TOUCH_MOVE Back
1401610952243 6 4098 680.2812 1088.9509 0.20000002 4.0 4.0 4.0 4.0 0.0 0.18800001 2 TOUCH_MOVE Back
1401610952255 6 4098 679.32245 1088.9509 0.23333335 4.0 4.0 4.0 4.0 0.0 0.18800001 2 TOUCH_MOVE Back
1401610952273 6 4098 678.3566 1089.4509 0.23333335 4.0 4.0 4.0 4.0 0.0 0.18800001 2 TOUCH_MOVE Back
1401610952288 6 4098 677.4031 1090.0479 0.26666668 5.0 5.0 5.0 5.0 0.0 0.18800001 2 TOUCH_MOVE Back
1401610952322 6 4098 677.5 1090.4576 0.23333335 4.0 4.0 4.0 4.0 0.0 0.18 2 TOUCH_MOVE Back
1401610952334 6 4098 677.5 1090.4509 0.16666667 3.0 3.0 3.0 3.0 0.0 0.1 2 TOUCH_MOVE Back
1401610952337 6 4098 677.5 1090.4509 0.16666667 3.0 3.0 3.0 3.0 0.0 0.1 1 TOUCH_UP Back
1401610952898 6 4098 436.5 943.451 0.3 5.0 5.0 5.0 5.0 0.0 0.22000001 0 TOUCH_DOWN h
1401610952906 6 4098 436.5 943.451 0.33333334 5.0 5.0 5.0 5.0 0.0 0.22800002 2 TOUCH_MOVE h
1401610952941 6 4098 435.97354 943.451 0.33333334 5.0 5.0 5.0 5.0 0.0 0.23600002 2 TOUCH_MOVE h
1401610952958 6 4098 434.9319 943.451 0.33333334 5.0 5.0 5.0 5.0 0.0 0.24400002 2 TOUCH_MOVE h
1401610952972 6 4098 433.97482 943.451 0.33333334 5.0 5.0 5.0 5.0 0.0 0.24000001 2 TOUCH_MOVE h
1401610952989 6 4098 433.01202 943.951 0.33333334 5.0 5.0 5.0 5.0 0.0 0.24000001 2 TOUCH_MOVE h
1401610953006 6 4098 432.75 943.951 0.33333334 5.0 5.0 5.0 5.0 0.0 0.24000001 2 TOUCH_MOVE h
1401610953039 6 4098 433.0 943.951 0.33333334 5.0 5.0 5.0 5.0 0.0 0.192 2 TOUCH_MOVE h
1401610953044 6 4098 433.0 943.951 0.33333334 5.0 5.0 5.0 5.0 0.0 0.192 1 TOUCH_UP h
1401610953186 6 4098 170.0 828.951 0.3 5.0 5.0 5.0 5.0 0.0 0.19600001 0 TOUCH_DOWN e
1401610953206 6 4098 170.0 828.951 0.3 5.0 5.0 5.0 5.0 0.0 0.20400001 2 TOUCH_MOVE e
1401610953223 6 4098 171.24832 828.951 0.3 5.0 5.0 5.0 5.0 0.0 0.21200001 2 TOUCH_MOVE e
1401610953240 6 4098 172.8246 829.451 0.33333334 5.0 5.0 5.0 5.0 0.0 0.216 2 TOUCH_MOVE e
1401610953256 6 4098 173.87354 829.451 0.33333334 5.0 5.0 5.0 5.0 0.0 0.216 2 TOUCH_MOVE e
1401610953272 6 4098 174.75 829.451 0.33333334 5.0 5.0 5.0 5.0 0.0 0.216 2 TOUCH_MOVE e
1401610953306 6 4098 174.75 829.451 0.33333334 5.0 5.0 5.0 5.0 0.0 0.216 1 TOUCH_UP e
1401610953442 6 4098 248.0 820.951 0.26666668 4.0 4.0 4.0 4.0 0.0 0.20400001 0 TOUCH_DOWN r
1401610953456 6 4098 248.0 820.951 0.3 5.0 5.0 5.0 5.0 0.0 0.21200001 2 TOUCH_MOVE r
1401610953473 6 4098 248.87181 820.951 0.3 5.0 5.0 5.0 5.0 0.0 0.224 2 TOUCH_MOVE r
1401610953489 6 4098 250.99919 821.28406 0.3 5.0 5.0 5.0 5.0 0.0 0.22800002 2 TOUCH_MOVE r
1401610953506 6 4098 253.0936 821.451 0.3 5.0 5.0 5.0 5.0 0.0 0.23200001 2 TOUCH_MOVE r
1401610953523 6 4098 255.01825 821.451 0.33333334 6.0 6.0 6.0 6.0 0.0 0.23600002 2 TOUCH_MOVE r
1401610953539 6 4098 256.14697 821.451 0.33333334 6.0 6.0 6.0 6.0 0.0 0.23600002 2 TOUCH_MOVE r
1401610953606 6 4098 254.0 820.951 0.16666667 3.0 3.0 3.0 3.0 0.0 0.116000004 2 TOUCH_MOVE r
1401610953610 6 4098 254.0 820.951 0.16666667 3.0 3.0 3.0 3.0 0.0 0.116000004 1 TOUCH_UP r
1401610954827 6 4098 418.0 1217.9509 0.23333335 4.0 4.0 4.0 4.0 0.0 0.216 0 TOUCH_DOWN ,
1401610954841 6 4098 418.0 1217.9509 0.26666668 5.0 5.0 5.0 5.0 0.0 0.22000001 2 TOUCH_MOVE ,
1401610954857 6 4098 417.31024 1217.9509 0.26666668 5.0 5.0 5.0 5.0 0.0 0.224 2 TOUCH_MOVE ,
1401610954874 6 4098 416.34424 1217.9509 0.26666668 5.0 5.0 5.0 5.0 0.0 0.22800002 2 TOUCH_MOVE ,
1401610954921 6 4098 414.5 1218.2354 0.26666668 5.0 5.0 5.0 5.0 0.0 0.224 2 TOUCH_MOVE ,
1401610954932 6 4098 415.0 1218.9509 0.23333335 4.0 4.0 4.0 4.0 0.0 0.208 2 TOUCH_MOVE ,
1401610954935 6 4098 415.0 1218.9509 0.23333335 4.0 4.0 4.0 4.0 0.0 0.18 2 TOUCH_MOVE ,
1401610954938 6 4098 415.0 1218.9509 0.23333335 4.0 4.0 4.0 4.0 0.0 0.18 1 TOUCH_UP ,
1401610955439 6 4098 698.5 1213.4509 0.16666667 3.0 3.0 3.0 3.0 0.0 0.192 0 TOUCH_DOWN Enter
1401610955462 6 4098 698.5 1214.2668 0.16666667 3.0 3.0 3.0 3.0 0.0 0.20400001 2 TOUCH_MOVE Enter
1401610955475 6 4098 698.5 1215.2177 0.23333335 4.0 4.0 4.0 4.0 0.0 0.21200001 2 TOUCH_MOVE Enter
1401610955495 6 4098 697.7761 1216.1748 0.23333335 4.0 4.0 4.0 4.0 0.0 0.21200001 2 TOUCH_MOVE Enter
1401610955509 6 4098 697.30426 1217.1466 0.23333335 4.0 4.0 4.0 4.0 0.0 0.21200001 2 TOUCH_MOVE Enter
1401610955524 6 4098 697.0 1218.1102 0.23333335 4.0 4.0 4.0 4.0 0.0 0.21200001 2 TOUCH_MOVE Enter
1401610955541 6 4098 697.0 1218.7009 0.23333335 4.0 4.0 4.0 4.0 0.0 0.20400001 2 TOUCH_MOVE Enter
1401610955554 6 4098 697.0 1218.7009 0.23333335 4.0 4.0 4.0 4.0 0.0 0.20400001 1 TOUCH_UP Enter
1401610956223 6 4098 116.5 811.951 0.23333335 4.0 4.0 4.0 4.0 0.0 0.18800001 0 TOUCH_DOWN W
1401610956243 6 4098 116.5 811.951 0.23333335 4.0 4.0 4.0 4.0 0.0 0.192 2 TOUCH_MOVE W
1401610956258 6 4098 118.909546 812.92084 0.26666668 5.0 5.0 5.0 5.0 0.0 0.2 2 TOUCH_MOVE W
1401610956275 6 4098 122.284386 813.3791 0.26666668 5.0 5.0 5.0 5.0 0.0 0.20400001 2 TOUCH_MOVE W
1401610956292 6 4098 124.770164 813.83606 0.3 5.0 5.0 5.0 5.0 0.0 0.20400001 2 TOUCH_MOVE W
1401610956308 6 4098 126.35418 814.451 0.3 5.0 5.0 5.0 5.0 0.0 0.208 2 TOUCH_MOVE W
1401610956325 6 4098 126.75 814.451 0.3 5.0 5.0 5.0 5.0 0.0 0.20400001 2 TOUCH_MOVE W
1401610956358 6 4098 126.263016 815.188 0.3 5.0 5.0 5.0 5.0 0.0 0.2 2 TOUCH_MOVE W
1401610956375 6 4098 124.20717 816.5456 0.26666668 4.0 4.0 4.0 4.0 0.0 0.192 2 TOUCH_MOVE W
1401610956392 6 4098 119.92655 819.9097 0.33333334 5.0 5.0 5.0 5.0 0.0 0.18 2 TOUCH_MOVE W
1401610956406 6 4098 120.5 819.451 0.26666668 5.0 5.0 5.0 5.0 0.0 0.148 2 TOUCH_MOVE W
1401610956409 6 4098 120.5 819.451 0.26666668 5.0 5.0 5.0 5.0 0.0 0.148 1 TOUCH_UP W
1401610956501 6 4098 157.0 806.951 0.26666668 5.0 5.0 5.0 5.0 0.0 0.19600001 0 TOUCH_DOWN e
1401610956525 6 4098 157.42798 806.951 0.26666668 5.0 5.0 5.0 5.0 0.0 0.2 2 TOUCH_MOVE e
1401610956543 6 4098 159.93507 807.7627 0.26666668 5.0 5.0 5.0 5.0 0.0 0.21200001 2 TOUCH_MOVE e
1401610956559 6 4098 163.1132 808.7293 0.26666668 5.0 5.0 5.0 5.0 0.0 0.216 2 TOUCH_MOVE e
1401610956575 6 4098 165.97954 809.69073 0.26666668 5.0 5.0 5.0 5.0 0.0 0.22000001 2 TOUCH_MOVE e
1401610956592 6 4098 167.69888 810.451 0.26666668 5.0 5.0 5.0 5.0 0.0 0.22000001 2 TOUCH_MOVE e
1401610956609 6 4098 168.66228 811.1133 0.26666668 5.0 5.0 5.0 5.0 0.0 0.22000001 2 TOUCH_MOVE e
1401610956676 6 4098 164.44334 811.951 0.26666668 5.0 5.0 5.0 5.0 0.0 0.19600001 2 TOUCH_MOVE e
1401610956693 6 4098 161.5 811.951 0.26666668 5.0 5.0 5.0 5.0 0.0 0.18400002 2 TOUCH_MOVE e
1401610956696 6 4098 161.5 811.951 0.20000002 3.0 3.0 3.0 3.0 0.0 0.1 2 TOUCH_MOVE e
1401610956699 6 4098 161.5 811.951 0.20000002 3.0 3.0 3.0 3.0 0.0 0.1 1 TOUCH_UP e
1401610957502 6 4098 300.0 1209.9509 0.26666668 5.0 5.0 5.0 5.0 0.0 0.23200001 0 TOUCH_DOWN Space
1401610957511 6 4098 300.0 1209.9509 0.3 5.0 5.0 5.0 5.0 0.0 0.23600002 2 TOUCH_MOVE Space
1401610957527 6 4098 299.47348 1209.9509 0.3 5.0 5.0 5.0 5.0 0.0 0.24000001 2 TOUCH_MOVE Space
1401610957543 6 4098 298.00647 1209.9509 0.3 5.0 5.0 5.0 5.0 0.0 0.24400002 2 TOUCH_MOVE Space
1401610957560 6 4098 297.02246 1210.4285 0.3 5.0 5.0 5.0 5.0 0.0 0.24000001 2 TOUCH_MOVE Space
1401610957576 6 4098 297.0 1211.2009 0.3 5.0 5.0 5.0 5.0 0.0 0.23600002 2 TOUCH_MOVE Space
1401610957595 6 4098 297.73743 1212.1884 0.26666668 5.0 5.0 5.0 5.0 0.0 0.22800002 2 TOUCH_MOVE Space
1401610957610 6 4098 309.63406 1217.8046 0.23333335 4.0 4.0 4.0 4.0 0.0 0.21200001 2 TOUCH_MOVE Space
1401610957615 6 4098 312.5 1218.9509 0.26666668 5.0 5.0 5.0 5.0 0.0 0.19600001 2 TOUCH_MOVE Space
1401610957618 6 4098 312.5 1218.9509 0.26666668 5.0 5.0 5.0 5.0 0.0 0.19600001 1 TOUCH_UP Space
1401610958117 6 4098 120.5 853.951 0.20000002 4.0 4.0 4.0 4.0 0.0 0.17600001 0 TOUCH_DOWN w
1401610958127 6 4098 120.5 853.951 0.20000002 4.0 4.0 4.0 4.0 0.0 0.18 2 TOUCH_MOVE w
1401610958160 6 4098 121.674866 852.2761 0.26666668 5.0 5.0 5.0 5.0 0.0 0.20400001 2 TOUCH_MOVE w
1401610958177 6 4098 125.22571 849.2817 0.26666668 5.0 5.0 5.0 5.0 0.0 0.20400001 2 TOUCH_MOVE w
1401610958195 6 4098 127.346695 847.1043 0.26666668 5.0 5.0 5.0 5.0 0.0 0.20400001 2 TOUCH_MOVE w
1401610958217 6 4098 128.98265 845.9683 0.26666668 5.0 5.0 5.0 5.0 0.0 0.208 2 TOUCH_MOVE w
1401610958227 6 4098 129.75 845.201 0.26666668 5.0 5.0 5.0 5.0 0.0 0.20400001 2 TOUCH_MOVE w
1401610958296 6 4098 128.19087 845.7207 0.26666668 5.0 5.0 5.0 5.0 0.0 0.19600001 2 TOUCH_MOVE w
1401610958309 6 4098 127.5 845.951 0.16666667 3.0 3.0 3.0 3.0 0.0 0.116000004 2 TOUCH_MOVE w
1401610958312 6 4098 127.5 845.951 0.16666667 3.0 3.0 3.0 3.0 0.0 0.116000004 1 TOUCH_UP w
1401610958592 6 4098 544.0 806.451 0.3 5.0 5.0 5.0 5.0 0.0 0.21200001 0 TOUCH_DOWN i
1401610958611 6 4098 544.0 806.451 0.3 5.0 5.0 5.0 5.0 0.0 0.224 2 TOUCH_MOVE i
1401610958627 6 4098 542.4892 806.95636 0.33333334 5.0 5.0 5.0 5.0 0.0 0.24400002 2 TOUCH_MOVE i
1401610958644 6 4098 539.04675 807.9354 0.33333334 5.0 5.0 5.0 5.0 0.0 0.24400002 2 TOUCH_MOVE i
1401610958661 6 4098 537.2234 808.8393 0.33333334 5.0 5.0 5.0 5.0 0.0 0.24800001 2 TOUCH_MOVE i
1401610958677 6 4098 536.09296 809.35803 0.33333334 5.0 5.0 5.0 5.0 0.0 0.24800001 2 TOUCH_MOVE i
1401610958694 6 4098 536.0 810.31116 0.33333334 5.0 5.0 5.0 5.0 0.0 0.24400002 2 TOUCH_MOVE i
1401610958711 6 4098 538.16223 813.1132 0.3 5.0 5.0 5.0 5.0 0.0 0.23200001 2 TOUCH_MOVE i
1401610958727 6 4098 544.0 820.451 0.33333334 5.0 5.0 5.0 5.0 0.0 0.20400001 2 TOUCH_MOVE i
1401610958734 6 4098 544.0 820.451 0.23333335 5.0 5.0 5.0 5.0 0.0 0.17600001 2 TOUCH_MOVE i
1401610958738 6 4098 544.0 820.451 0.23333335 5.0 5.0 5.0 5.0 0.0 0.17600001 1 TOUCH_UP i
1401610959044 6 4098 668.5 983.451 0.3 5.0 5.0 5.0 5.0 0.0 0.21200001 0 TOUCH_DOWN l
1401610959052 6 4098 668.5 983.5177 0.3 5.0 5.0 5.0 5.0 0.0 0.22000001 2 TOUCH_MOVE l
1401610959068 6 4098 667.8825 984.4902 0.3 5.0 5.0 5.0 5.0 0.0 0.22800002 2 TOUCH_MOVE l
1401610959078 6 4098 665.03595 985.439 0.3 5.0 5.0 5.0 5.0 0.0 0.22800002 2 TOUCH_MOVE l
1401610959094 6 4098 662.63245 986.38477 0.3 5.0 5.0 5.0 5.0 0.0 0.23600002 2 TOUCH_MOVE l
1401610959113 6 4098 661.75 987.201 0.3 5.0 5.0 5.0 5.0 0.0 0.23200001 2 TOUCH_MOVE l
1401610959144 6 4098 662.5 986.951 0.3 5.0 5.0 5.0 5.0 0.0 0.21200001 2 TOUCH_MOVE l
1401610959151 6 4098 662.5 986.951 0.26666668 5.0 5.0 5.0 5.0 0.0 0.18400002 2 TOUCH_MOVE l
1401610959154 6 4098 662.5 986.951 0.26666668 5.0 5.0 5.0 5.0 0.0 0.18400002 1 TOUCH_UP l
1401610959216 6 4098 672.5 972.951 0.26666668 5.0 5.0 5.0 5.0 0.0 0.21200001 0 TOUCH_DOWN l
1401610959228 6 4098 672.5 972.951 0.3 5.0 5.0 5.0 5.0 0.0 0.224 2 TOUCH_MOVE l
1401610959245 6 4098 671.9479 973.5031 0.3 5.0 5.0 5.0 5.0 0.0 0.224 2 TOUCH_MOVE l
1401610959264 6 4098 667.68036 974.5149 0.3 5.0 5.0 5.0 5.0 0.0 0.22800002 2 TOUCH_MOVE l
1401610959278 6 4098 664.4199 975.47766 0.3 5.0 5.0 5.0 5.0 0.0 0.23200001 2 TOUCH_MOVE l
1401610959295 6 4098 663.80426 975.451 0.3 5.0 5.0 5.0 5.0 0.0 0.22800002 2 TOUCH_MOVE l
1401610959339 6 4098 663.80426 975.451 0.3 5.0 5.0 5.0 5.0 0.0 0.22800002 1 TOUCH_UP l
1401610959533 6 4098 370.5 1207.9509 0.26666668 5.0 5.0 5.0 5.0 0.0 0.224 0 TOUCH_DOWN Space
1401610959545 6 4098 370.08948 1207.9509 0.26666668 5.0 5.0 5.0 5.0 0.0 0.23200001 2 TOUCH_MOVE Space
1401610959563 6 4098 367.51636 1208.3219 0.3 5.0 5.0 5.0 5.0 0.0 0.23600002 2 TOUCH_MOVE Space
1401610959578 6 4098 363.99036 1209.2875 0.33333334 6.0 6.0 6.0 6.0 0.0 0.23600002 2 TOUCH_MOVE Space
1401610959595 6 4098 361.7025 1209.9509 0.3 5.0 5.0 5.0 5.0 0.0 0.23600002 2 TOUCH_MOVE Space
1401610959611 6 4098 361.0 1210.7047 0.26666668 5.0 5.0 5.0 5.0 0.0 0.22800002 2 TOUCH_MOVE Space
1401610959628 6 4098 363.0 1214.9509 0.23333335 4.0 4.0 4.0 4.0 0.0 0.19600001 2 TOUCH_MOVE Space
1401610959633 6 4098 363.0 1214.9509 0.23333335 4.0 4.0 4.0 4.0 0.0 0.19600001 1 TOUCH_UP Space
1401610959907 6 4098 606.0 1085.4509 0.20000002 4.0 4.0 4.0 4.0 0.0 0.20400001 0 TOUCH_DOWN m
1401610959912 6 4098 606.0 1085.4509 0.26666668 5.0 5.0 5.0 5.0 0.0 0.216 2 TOUCH_MOVE m
1401610959946 6 4098 603.0715 1085.9509 0.3 5.0 5.0 5.0 5.0 0.0 0.22800002 2 TOUCH_MOVE m
1401610959962 6 4098 600.1316 1085.9509 0.3 5.0 5.0 5.0 5.0 0.0 0.23200001 2 TOUCH_MOVE m
1401610959993 6 4098 598.18756 1085.9509 0.3 5.0 5.0 5.0 5.0 0.0 0.23200001 2 TOUCH_MOVE m
1401610960013 6 4098 596.75 1085.9509 0.3 5.0 5.0 5.0 5.0 0.0 0.23200001 2 TOUCH_MOVE m
1401610960029 6 4098 597.0 1085.9509 0.23333335 5.0 5.0 5.0 5.0 0.0 0.192 2 TOUCH_MOVE m
1401610960040 6 4098 597.0 1085.9509 0.16666667 3.0 3.0 3.0 3.0 0.0 0.104 2 TOUCH_MOVE m
1401610960043 6 4098 597.0 1085.9509 0.16666667 3.0 3.0 3.0 3.0 0.0 0.104 1 TOUCH_UP m
1401610960092 6 4098 70.0 967.451 0.13333334 2.0 2.0 2.0 2.0 0.0 0.172 0 TOUCH_DOWN a
1401610960113 6 4098 70.0 967.451 0.13333334 2.0 2.0 2.0 2.0 0.0 0.17600001 2 TOUCH_MOVE a
1401610960129 6 4098 73.28888 967.451 0.20000002 4.0 4.0 4.0 4.0 0.0 0.18800001 2 TOUCH_MOVE a
1401610960145 6 4098 78.18673 967.451 0.20000002 4.0 4.0 4.0 4.0 0.0 0.192 2 TOUCH_MOVE a
1401610960162 6 4098 80.50066 967.451 0.20000002 4.0 4.0 4.0 4.0 0.0 0.192 2 TOUCH_MOVE a
1401610960179 6 4098 81.9598 967.451 0.20000002 4.0 4.0 4.0 4.0 0.0 0.192 2 TOUCH_MOVE a
1401610960195 6 4098 82.665184 967.451 0.20000002 4.0 4.0 4.0 4.0 0.0 0.192 2 TOUCH_MOVE a
1401610960246 6 4098 81.0 967.451 0.13333334 2.0 2.0 2.0 2.0 0.0 0.17600001 2 TOUCH_MOVE a
1401610960252 6 4098 81.0 967.451 0.13333334 2.0 2.0 2.0 2.0 0.0 0.120000005 2 TOUCH_MOVE a
1401610960273 6 4098 81.0 967.451 0.13333334 2.0 2.0 2.0 2.0 0.0 0.120000005 1 TOUCH_UP a
1401610960864 6 4098 252.0 836.951 0.3 5.0 5.0 5.0 5.0 0.0 0.216 0 TOUCH_DOWN r
1401610960880 6 4098 252.0 836.951 0.3 5.0 5.0 5.0 5.0 0.0 0.22000001 2 TOUCH_MOVE r
1401610960915 6 4098 253.23502 836.951 0.3 5.0 5.0 5.0 5.0 0.0 0.22800002 2 TOUCH_MOVE r
1401610960930 6 4098 254.25 836.951 0.3 5.0 5.0 5.0 5.0 0.0 0.22800002 2 TOUCH_MOVE r
1401610960996 6 4098 252.33745 836.951 0.3 5.0 5.0 5.0 5.0 0.0 0.2 2 TOUCH_MOVE r
1401610961006 6 4098 252.5 836.951 0.23333335 5.0 5.0 5.0 5.0 0.0 0.17600001 2 TOUCH_MOVE r
1401610961010 6 4098 252.5 836.951 0.23333335 5.0 5.0 5.0 5.0 0.0 0.17600001 1 TOUCH_UP r
1401610961055 6 4098 252.5 828.951 0.3 5.0 5.0 5.0 5.0 0.0 0.208 0 TOUCH_DOWN r
1401610961080 6 4098 252.5 828.951 0.33333334 5.0 5.0 5.0 5.0 0.0 0.21200001 2 TOUCH_MOVE r
1401610961180 6 4098 249.52063 829.6108 0.26666668 4.0 4.0 4.0 4.0 0.0 0.18800001 2 TOUCH_MOVE r
1401610961184 6 4098 249.52063 829.6108 0.26666668 4.0 4.0 4.0 4.0 0.0 0.18800001 1 TOUCH_UP r
1401610961399 6 4098 402.5 832.451 0.3 5.0 5.0 5.0 5.0 0.0 0.22000001 0 TOUCH_DOWN y
1401610961413 6 4098 402.5 832.451 0.33333334 5.0 5.0 5.0 5.0 0.0 0.22800002 2 TOUCH_MOVE y
1401610961431 6 4098 401.97177 832.451 0.33333334 5.0 5.0 5.0 5.0 0.0 0.23600002 2 TOUCH_MOVE y
1401610961447 6 4098 400.9311 832.451 0.33333334 5.0 5.0 5.0 5.0 0.0 0.24000001 2 TOUCH_MOVE y
1401610961464 6 4098 399.99268 832.451 0.33333334 5.0 5.0 5.0 5.0 0.0 0.23600002 2 TOUCH_MOVE y
1401610961513 6 4098 400.83362 831.6174 0.3 5.0 5.0 5.0 5.0 0.0 0.22000001 2 TOUCH_MOVE y
1401610961527 6 4098 401.0 831.451 0.23333335 5.0 5.0 5.0 5.0 0.0 0.18400002 2 TOUCH_MOVE y
1401610961531 6 4098 401.0 831.451 0.23333335 5.0 5.0 5.0 5.0 0.0 0.18400002 1 TOUCH_UP y
1401610962628 6 4098 510.0 1217.9509 0.26666668 5.0 5.0 5.0 5.0 0.0 0.21200001 0 TOUCH_DOWN .
1401610962652 6 4098 510.0 1217.9509 0.26666668 5.0 5.0 5.0 5.0 0.0 0.216 2 TOUCH_MOVE .
1401610962665 6 4098 509.25058 1217.9509 0.26666668 5.0 5.0 5.0 5.0 0.0 0.224 2 TOUCH_MOVE .
1401610962685 6 4098 508.28918 1217.9509 0.26666668 5.0 5.0 5.0 5.0 0.0 0.224 2 TOUCH_MOVE .
1401610962698 6 4098 507.39877 1217.9509 0.26666668 5.0 5.0 5.0 5.0 0.0 0.224 2 TOUCH_MOVE .
1401610962715 6 4098 506.75 1217.9509 0.26666668 5.0 5.0 5.0 5.0 0.0 0.224 2 TOUCH_MOVE .
1401610962731 6 4098 507.0 1217.9509 0.23333335 4.0 4.0 4.0 4.0 0.0 0.2 2 TOUCH_MOVE .
1401610962741 6 4098 510.0 1218.9509 0.16666667 3.0 3.0 3.0 3.0 0.0 0.18 2 TOUCH_MOVE .
1401610962745 6 4098 510.0 1218.9509 0.16666667 3.0 3.0 3.0 3.0 0.0 0.18 1 TOUCH_UP .
