1401611391979 6 4098 559.0 793.451 0.23333335 5.0 5.0 5.0 5.0 0.0 0.19600001 0 TOUCH_DOWN I
1401611391999 6 4098 559.0 793.451 0.23333335 5.0 5.0 5.0 5.0 0.0 0.20400001 2 TOUCH_MOVE I
1401611392035 6 4098 557.99445 793.451 0.3 5.0 5.0 5.0 5.0 0.0 0.22000001 2 TOUCH_MOVE I
1401611392049 6 4098 557.10236 793.451 0.3 5.0 5.0 5.0 5.0 0.0 0.22000001 2 TOUCH_MOVE I
1401611392066 6 4098 556.25 793.451 0.26666668 5.0 5.0 5.0 5.0 0.0 0.22000001 2 TOUCH_MOVE I
1401611392097 6 4098 557.0 794.951 0.23333335 5.0 5.0 5.0 5.0 0.0 0.18400002 2 TOUCH_MOVE I
1401611392100 6 4098 557.0 794.951 0.23333335 5.0 5.0 5.0 5.0 0.0 0.18400002 1 TOUCH_UP I
1401611392489 6 4098 306.5 1197.9509 0.26666668 4.0 4.0 4.0 4.0 0.0 0.22000001 0 TOUCH_DOWN Space
1401611392500 6 4098 306.5 1197.9509 0.26666668 4.0 4.0 4.0 4.0 0.0 0.22800002 2 TOUCH_MOVE Space
1401611392518 6 4098 305.64505 1197.9509 0.26666668 4.0 4.0 4.0 4.0 0.0 0.23200001 2 TOUCH_MOVE Space
1401611392533 6 4098 304.19452 1197.9509 0.33333334 5.0 5.0 5.0 5.0 0.0 0.23600002 2 TOUCH_MOVE Space
1401611392550 6 4098 303.22507 1197.9509 0.3 5.0 5.0 5.0 5.0 0.0 0.23600002 2 TOUCH_MOVE Space
1401611392567 6 4098 303.0 1198.6864 0.26666668 4.0 4.0 4.0 4.0 0.0 0.22800002 2 TOUCH_MOVE Space
1401611392587 6 4098 303.0 1198.4509 0.23333335 4.0 4.0 4.0 4.0 0.0 0.192 2 TOUCH_MOVE Space
1401611392591 6 4098 303.0 1198.4509 0.23333335 4.0 4.0 4.0 4.0 0.0 0.192 1 TOUCH_UP Space
1401611392899 6 4098 658.0 957.951 0.26666668 4.0 4.0 4.0 4.0 0.0 0.2 0 TOUCH_DOWN l
1401611392903 6 4098 658.0 957.951 0.26666668 4.0 4.0 4.0 4.0 0.0 0.21200001 2 TOUCH_MOVE l
1401611392938 6 4098 654.42535 955.23456 0.3 5.0 5.0 5.0 5.0 0.0 0.22800002 2 TOUCH_MOVE l
1401611392953 6 4098 652.32556 954.1138 0.33333334 5.0 5.0 5.0 5.0 0.0 0.23200001 2 TOUCH_MOVE l
1401611392967 6 4098 651.19934 953.451 0.33333334 5.0 5.0 5.0 5.0 0.0 0.23600002 2 TOUCH_MOVE l
1401611392984 6 4098 650.75 953.451 0.3 5.0 5.0 5.0 5.0 0.0 0.23200001 2 TOUCH_MOVE l
1401611393000 6 4098 651.0 953.451 0.3 5.0 5.0 5.0 5.0 0.0 0.208 2 TOUCH_MOVE l
1401611393008 6 4098 651.0 953.451 0.3 5.0 5.0 5.0 5.0 0.0 0.17600001 2 TOUCH_MOVE l
1401611393012 6 4098 651.0 953.451 0.3 5.0 5.0 5.0 5.0 0.0 0.17600001 1 TOUCH_UP l
1401611393190 6 4098 630.0 802.951 0.23333335 4.0 4.0 4.0 4.0 0.0 0.216 0 TOUCH_DOWN o
1401611393201 6 4098 630.0 802.951 0.3 5.0 5.0 5.0 5.0 0.0 0.224 2 TOUCH_MOVE o
1401611393217 6 4098 627.6486 802.23816 0.3 5.0 5.0 5.0 5.0 0.0 0.24000001 2 TOUCH_MOVE o
1401611393234 6 4098 623.7966 801.27515 0.36666667 6.0 6.0 6.0 6.0 0.0 0.24800001 2 TOUCH_MOVE o
1401611393250 6 4098 621.1382 800.3304 0.36666667 6.0 6.0 6.0 6.0 0.0 0.24800001 2 TOUCH_MOVE o
1401611393267 6 4098 619.8877 800.451 0.36666667 6.0 6.0 6.0 6.0 0.0 0.24800001 2 TOUCH_MOVE o
1401611393301 6 4098 620.0 800.451 0.26666668 5.0 5.0 5.0 5.0 0.0 0.16000001 2 TOUCH_MOVE o
1401611393306 6 4098 620.0 800.451 0.26666668 5.0 5.0 5.0 5.0 0.0 0.16000001 1 TOUCH_UP o
1401611393606 6 4098 368.0 1098.9509 0.26666668 4.0 4.0 4.0 4.0 0.0 0.216 0 TOUCH_DOWN v
1401611393617 6 4098 368.0 1098.9509 0.26666668 4.0 4.0 4.0 4.0 0.0 0.22800002 2 TOUCH_MOVE v
1401611393651 6 4098 366.60367 1099.9509 0.33333334 5.0 5.0 5.0 5.0 0.0 0.24800001 2 TOUCH_MOVE v
1401611393667 6 4098 364.67767 1100.612 0.33333334 5.0 5.0 5.0 5.0 0.0 0.24800001 2 TOUCH_MOVE v
1401611393684 6 4098 363.87296 1100.4509 0.33333334 5.0 5.0 5.0 5.0 0.0 0.24800001 2 TOUCH_MOVE v
1401611393701 6 4098 363.25 1100.4509 0.33333334 5.0 5.0 5.0 5.0 0.0 0.24400002 2 TOUCH_MOVE v
1401611393718 6 4098 363.5 1100.4509 0.26666668 4.0 4.0 4.0 4.0 0.0 0.21200001 2 TOUCH_MOVE v
1401611393728 6 4098 363.5 1100.4509 0.26666668 4.0 4.0 4.0 4.0 0.0 0.18800001 2 TOUCH_MOVE v
1401611393741 6 4098 363.5 1100.4509 0.26666668 4.0 4.0 4.0 4.0 0.0 0.18800001 1 TOUCH_UP v
1401611393966 6 4098 204.0 832.951 0.3 5.0 5.0 5.0 5.0 0.0 0.208 0 TOUCH_DOWN e
1401611393985 6 4098 204.0 832.951 0.33333334 5.0 5.0 5.0 5.0 0.0 0.216 2 TOUCH_MOVE e
1401611394019 6 4098 204.5 832.5257 0.33333334 5.0 5.0 5.0 5.0 0.0 0.22800002 2 TOUCH_MOVE e
1401611394035 6 4098 205.25 831.701 0.33333334 5.0 5.0 5.0 5.0 0.0 0.22800002 2 TOUCH_MOVE e
1401611394104 6 4098 202.0 830.951 0.23333335 5.0 5.0 5.0 5.0 0.0 0.18800001 2 TOUCH_MOVE e
1401611394109 6 4098 202.0 830.951 0.23333335 5.0 5.0 5.0 5.0 0.0 0.18800001 1 TOUCH_UP e
1401611394223 6 4098 327.0 1204.9509 0.26666668 5.0 5.0 5.0 5.0 0.0 0.224 0 TOUCH_DOWN Space
1401611394235 6 4098 327.0 1204.9509 0.26666668 5.0 5.0 5.0 5.0 0.0 0.23200001 2 TOUCH_MOVE Space
1401611394254 6 4098 325.89227 1204.9509 0.3 5.0 5.0 5.0 5.0 0.0 0.23600002 2 TOUCH_MOVE Space
1401611394268 6 4098 324.23813 1204.9509 0.3 5.0 5.0 5.0 5.0 0.0 0.24000001 2 TOUCH_MOVE Space
1401611394288 6 4098 323.28275 1204.9509 0.3 5.0 5.0 5.0 5.0 0.0 0.23600002 2 TOUCH_MOVE Space
1401611394302 6 4098 322.75 1204.9509 0.3 5.0 5.0 5.0 5.0 0.0 0.23600002 2 TOUCH_MOVE Space
1401611394335 6 4098 323.0 1204.9509 0.26666668 5.0 5.0 5.0 5.0 0.0 0.18400002 2 TOUCH_MOVE Space
1401611394339 6 4098 323.0 1204.9509 0.26666668 5.0 5.0 5.0 5.0 0.0 0.18400002 1 TOUCH_UP Space
1401611394641 6 4098 378.5 825.451 0.33333334 5.0 5.0 5.0 5.0 0.0 0.21200001 0 TOUCH_DOWN y
1401611394652 6 4098 378.5 825.451 0.33333334 5.0 5.0 5.0 5.0 0.0 0.22000001 2 TOUCH_MOVE y
1401611394668 6 4098 379.3307 825.451 0.33333334 5.0 5.0 5.0 5.0 0.0 0.23200001 2 TOUCH_MOVE y
1401611394704 6 4098 382.50235 826.70215 0.33333334 5.0 5.0 5.0 5.0 0.0 0.24400002 2 TOUCH_MOVE y
1401611394718 6 4098 383.7151 826.951 0.33333334 5.0 5.0 5.0 5.0 0.0 0.24400002 2 TOUCH_MOVE y
1401611394735 6 4098 384.6764 826.951 0.33333334 5.0 5.0 5.0 5.0 0.0 0.24400002 2 TOUCH_MOVE y
1401611394752 6 4098 385.25 826.951 0.33333334 5.0 5.0 5.0 5.0 0.0 0.24400002 2 TOUCH_MOVE y
1401611394791 6 4098 385.0 826.951 0.33333334 5.0 5.0 5.0 5.0 0.0 0.20400001 2 TOUCH_MOVE y
1401611394796 6 4098 385.0 826.951 0.33333334 5.0 5.0 5.0 5.0 0.0 0.18 2 TOUCH_MOVE y
1401611394799 6 4098 385.0 826.951 0.33333334 5.0 5.0 5.0 5.0 0.0 0.18 1 TOUCH_UP y
1401611394942 6 4098 633.5 830.951 0.3 5.0 5.0 5.0 5.0 0.0 0.208 0 TOUCH_DOWN o
1401611394952 6 4098 633.5 830.951 0.3 5.0 5.0 5.0 5.0 0.0 0.22000001 2 TOUCH_MOVE o
1401611394971 6 4098 632.3716 830.451 0.33333334 5.0 5.0 5.0 5.0 0.0 0.23200001 2 TOUCH_MOVE o
1401611394986 6 4098 631.412 830.451 0.33333334 5.0 5.0 5.0 5.0 0.0 0.24000001 2 TOUCH_MOVE o
1401611395002 6 4098 630.44824 829.951 0.33333334 5.0 5.0 5.0 5.0 0.0 0.24000001 2 TOUCH_MOVE o
1401611395019 6 4098 629.75 829.951 0.33333334 5.0 5.0 5.0 5.0 0.0 0.24000001 2 TOUCH_MOVE o
1401611395052 6 4098 630.4338 829.0172 0.3 5.0 5.0 5.0 5.0 0.0 0.224 2 TOUCH_MOVE o
1401611395067 6 4098 630.5 828.951 0.23333335 5.0 5.0 5.0 5.0 0.0 0.18800001 2 TOUCH_MOVE o
1401611395071 6 4098 630.5 828.951 0.23333335 5.0 5.0 5.0 5.0 0.0 0.18800001 1 TOUCH_UP o
1401611395262 6 4098 444.5 841.451 0.3 5.0 5.0 5.0 5.0 0.0 0.22800002 0 TOUCH_DOWN u
1401611395269 6 4098 444.5 841.451 0.33333334 5.0 5.0 5.0 5.0 0.0 0.23600002 2 TOUCH_MOVE u
1401611395287 6 4098 443.60883 839.66864 0.33333334 5.0 5.0 5.0 5.0 0.0 0.24800001 2 TOUCH_MOVE u
1401611395302 6 4098 442.64755 837.7461 0.33333334 5.0 5.0 5.0 5.0 0.0 0.252 2 TOUCH_MOVE u
1401611395319 6 4098 442.0 836.1373 0.33333334 5.0 5.0 5.0 5.0 0.0 0.252 2 TOUCH_MOVE u
1401611395338 6 4098 442.53745 835.18225 0.33333334 5.0 5.0 5.0 5.0 0.0 0.24800001 2 TOUCH_MOVE u
1401611395352 6 4098 446.3646 834.451 0.33333334 5.0 5.0 5.0 5.0 0.0 0.23200001 2 TOUCH_MOVE u
1401611395369 6 4098 448.0 834.451 0.26666668 4.0 4.0 4.0 4.0 0.0 0.192 2 TOUCH_MOVE u
1401611395377 6 4098 448.0 834.451 0.13333334 2.0 2.0 2.0 2.0 0.0 0.112 2 TOUCH_MOVE u
1401611395385 6 4098 448.0 834.451 0.13333334 2.0 2.0 2.0 2.0 0.0 0.112 1 TOUCH_UP u
1401611395812 6 4098 288.5 1211.9509 0.26666668 5.0 5.0 5.0 5.0 0.0 0.24000001 0 TOUCH_DOWN Space
1401611395822 6 4098 288.3598 1211.9509 0.26666668 5.0 5.0 5.0 5.0 0.0 0.24400002 2 TOUCH_MOVE Space
1401611395848 6 4098 286.5893 1211.9509 0.3 6.0 6.0 6.0 6.0 0.0 0.24800001 2 TOUCH_MOVE Space
1401611395854 6 4098 283.29242 1211.9509 0.3 6.0 6.0 6.0 6.0 0.0 0.24800001 2 TOUCH_MOVE Space
1401611395870 6 4098 281.443 1211.9509 0.3 6.0 6.0 6.0 6.0 0.0 0.24800001 2 TOUCH_MOVE Space
1401611395887 6 4098 281.0 1212.9353 0.3 6.0 6.0 6.0 6.0 0.0 0.24400002 2 TOUCH_MOVE Space
1401611395903 6 4098 281.5 1213.4509 0.26666668 5.0 5.0 5.0 5.0 0.0 0.23200001 2 TOUCH_MOVE Space
1401611395916 6 4098 281.5 1213.4509 0.10000001 2.0 2.0 2.0 2.0 0.0 0.116000004 2 TOUCH_MOVE Space
1401611395919 6 4098 281.5 1213.4509 0.10000001 2.0 2.0 2.0 2.0 0.0 0.116000004 1 TOUCH_UP Space
1401611396843 6 4098 711.0 1100.9509 0.23333335 4.0 4.0 4.0 4.0 0.0 0.22000001 0 TOUCH_DOWN Back
1401611396854 6 4098 710.76556 1100.9509 0.3 5.0 5.0 5.0 5.0 0.0 0.224 2 TOUCH_MOVE Back
1401611396870 6 4098 707.0488 1100.9509 0.33333334 5.0 5.0 5.0 5.0 0.0 0.23200001 2 TOUCH_MOVE Back
1401611396888 6 4098 698.3925 1099.1345 0.33333334 5.0 5.0 5.0 5.0 0.0 0.23600002 2 TOUCH_MOVE Back
1401611396904 6 4098 692.95337 1097.8416 0.3 5.0 5.0 5.0 5.0 0.0 0.23200001 2 TOUCH_MOVE Back
1401611396921 6 4098 690.84393 1096.8729 0.33333334 5.0 5.0 5.0 5.0 0.0 0.23200001 2 TOUCH_MOVE Back
1401611396954 6 4098 691.50006 1097.451 0.3 5.0 5.0 5.0 5.0 0.0 0.224 2 TOUCH_MOVE Back
1401611396970 6 4098 693.5 1097.9509 0.26666668 4.0 4.0 4.0 4.0 0.0 0.208 2 TOUCH_MOVE Back
1401611396983 6 4098 693.5 1097.9509 0.23333335 4.0 4.0 4.0 4.0 0.0 0.18 2 TOUCH_MOVE Back
1401611396987 6 4098 693.5 1097.9509 0.23333335 4.0 4.0 4.0 4.0 0.0 0.18 1 TOUCH_UP Back
1401611398020 6 4098 448.5 1223.4509 0.26666668 5.0 5.0 5.0 5.0 0.0 0.21200001 0 TOUCH_DOWN ,
1401611398037 6 4098 448.5 1223.4509 0.26666668 5.0 5.0 5.0 5.0 0.0 0.216 2 TOUCH_MOVE ,
1401611398056 6 4098 447.12393 1223.013 0.26666668 5.0 5.0 5.0 5.0 0.0 0.224 2 TOUCH_MOVE ,
1401611398090 6 4098 445.25 1222.9509 0.26666668 5.0 5.0 5.0 5.0 0.0 0.224 2 TOUCH_MOVE ,
1401611398122 6 4098 446.04803 1224.547 0.26666668 5.0 5.0 5.0 5.0 0.0 0.208 2 TOUCH_MOVE ,
1401611398129 6 4098 446.5 1225.4509 0.26666668 5.0 5.0 5.0 5.0 0.0 0.18800001 2 TOUCH_MOVE ,
1401611398137 6 4098 446.5 1225.4509 0.26666668 5.0 5.0 5.0 5.0 0.0 0.18800001 1 TOUCH_UP ,
1401611398801 6 4098 695.0 1212.4509 0.23333335 4.0 4.0 4.0 4.0 0.0 0.208 0 TOUCH_DOWN Enter
1401611398822 6 4098 695.0 1212.9908 0.23333335 4.0 4.0 4.0 4.0 0.0 0.21200001 2 TOUCH_MOVE Enter
1401611398839 6 4098 693.4938 1213.4509 0.23333335 4.0 4.0 4.0 4.0 0.0 0.21200001 2 TOUCH_MOVE Enter
1401611398856 6 4098 691.3386 1213.9509 0.23333335 4.0 4.0 4.0 4.0 0.0 0.21200001 2 TOUCH_MOVE Enter
1401611398874 6 4098 690.46094 1214.4509 0.23333335 4.0 4.0 4.0 4.0 0.0 0.21200001 2 TOUCH_MOVE Enter
1401611398900 6 4098 690.46094 1214.4509 0.23333335 4.0 4.0 4.0 4.0 0.0 0.21200001 1 TOUCH_UP Enter
1401611405351 6 4098 385.5 815.951 0.3 5.0 5.0 5.0 5.0 0.0 0.20400001 0 TOUCH_DOWN Y
1401611405362 6 4098 385.5 815.951 0.3 5.0 5.0 5.0 5.0 0.0 0.21200001 2 TOUCH_MOVE Y
1401611405381 6 4098 385.5 816.85095 0.3 5.0 5.0 5.0 5.0 0.0 0.216 2 TOUCH_MOVE Y
1401611405395 6 4098 385.5 817.8165 0.3 5.0 5.0 5.0 5.0 0.0 0.21200001 2 TOUCH_MOVE Y
1401611405420 6 4098 385.5 818.77814 0.3 5.0 5.0 5.0 5.0 0.0 0.208 2 TOUCH_MOVE Y
1401611405441 6 4098 386.0 819.951 0.33333334 5.0 5.0 5.0 5.0 0.0 0.18400002 2 TOUCH_MOVE Y
1401611405446 6 4098 386.0 819.951 0.33333334 5.0 5.0 5.0 5.0 0.0 0.18400002 1 TOUCH_UP Y
1401611405760 6 4098 594.5 805.951 0.23333335 4.0 4.0 4.0 4.0 0.0 0.19600001 0 TOUCH_DOWN o
1401611405765 6 4098 594.5 805.951 0.23333335 4.0 4.0 4.0 4.0 0.0 0.20400001 2 TOUCH_MOVE o
1401611405795 6 4098 594.5 808.22894 0.26666668 4.0 4.0 4.0 4.0 0.0 0.216 2 TOUCH_MOVE o
1401611405812 6 4098 594.5 810.2474 0.26666668 4.0 4.0 4.0 4.0 0.0 0.22000001 2 TOUCH_MOVE o
1401611405829 6 4098 594.85596 812.1629 0.26666668 4.0 4.0 4.0 4.0 0.0 0.216 2 TOUCH_MOVE o
1401611405846 6 4098 596.1331 813.5841 0.26666668 4.0 4.0 4.0 4.0 0.0 0.20400001 2 TOUCH_MOVE o
1401611405852 6 4098 596.5 813.951 0.26666668 4.0 4.0 4.0 4.0 0.0 0.18800001 2 TOUCH_MOVE o
1401611405855 6 4098 596.5 813.951 0.26666668 4.0 4.0 4.0 4.0 0.0 0.18800001 1 TOUCH_UP o
1401611406078 6 4098 481.5 822.951 0.26666668 4.0 4.0 4.0 4.0 0.0 0.22000001 0 TOUCH_DOWN u
1401611406129 6 4098 480.86874 822.951 0.33333334 5.0 5.0 5.0 5.0 0.0 0.23200001 2 TOUCH_MOVE u
1401611406146 6 4098 480.25 822.951 0.33333334 5.0 5.0 5.0 5.0 0.0 0.23200001 2 TOUCH_MOVE u
1401611406167 6 4098 480.25 822.951 0.33333334 5.0 5.0 5.0 5.0 0.0 0.23200001 1 TOUCH_UP u
1401611406647 6 4098 327.5 1216.4509 0.26666668 5.0 5.0 5.0 5.0 0.0 0.216 0 TOUCH_DOWN Space
1401611406652 6 4098 327.5 1216.4509 0.26666668 5.0 5.0 5.0 5.0 0.0 0.224 2 TOUCH_MOVE Space
1401611406683 6 4098 324.24182 1216.4509 0.26666668 5.0 5.0 5.0 5.0 0.0 0.23600002 2 TOUCH_MOVE Space
1401611406696 6 4098 322.65872 1216.4509 0.26666668 5.0 5.0 5.0 5.0 0.0 0.23200001 2 TOUCH_MOVE Space
1401611406713 6 4098 322.5 1216.4509 0.26666668 5.0 5.0 5.0 5.0 0.0 0.22800002 2 TOUCH_MOVE Space
1401611406719 6 4098 322.5 1216.4509 0.26666668 5.0 5.0 5.0 5.0 0.0 0.192 2 TOUCH_MOVE Space
1401611406722 6 4098 322.5 1216.4509 0.26666668 5.0 5.0 5.0 5.0 0.0 0.192 1 TOUCH_UP Space
1401611407306 6 4098 631.0 825.951 0.3 5.0 5.0 5.0 5.0 0.0 0.224 0 TOUCH_DOWN o
1401611407314 6 4098 631.0 825.951 0.33333334 5.0 5.0 5.0 5.0 0.0 0.23200001 2 TOUCH_MOVE o
1401611407334 6 4098 627.67224 824.7199 0.33333334 5.0 5.0 5.0 5.0 0.0 0.24400002 2 TOUCH_MOVE o
1401611407347 6 4098 623.2009 823.1262 0.33333334 5.0 5.0 5.0 5.0 0.0 0.252 2 TOUCH_MOVE o
1401611407364 6 4098 620.1382 822.1637 0.33333334 5.0 5.0 5.0 5.0 0.0 0.256 2 TOUCH_MOVE o
1401611407380 6 4098 618.2915 821.951 0.33333334 5.0 5.0 5.0 5.0 0.0 0.256 2 TOUCH_MOVE o
1401611407397 6 4098 617.75 821.951 0.36666667 6.0 6.0 6.0 6.0 0.0 0.256 2 TOUCH_MOVE o
1401611407430 6 4098 618.0 821.951 0.3 5.0 5.0 5.0 5.0 0.0 0.19600001 2 TOUCH_MOVE o
1401611407436 6 4098 618.0 821.951 0.3 5.0 5.0 5.0 5.0 0.0 0.19600001 1 TOUCH_UP o
1401611407692 6 4098 382.5 1088.9509 0.3 5.0 5.0 5.0 5.0 0.0 0.216 0 TOUCH_DOWN v
1401611407698 6 4098 382.5 1088.9509 0.3 5.0 5.0 5.0 5.0 0.0 0.22000001 2 TOUCH_MOVE v
1401611407747 6 4098 381.60922 1088.9509 0.33333334 5.0 5.0 5.0 5.0 0.0 0.24400002 2 TOUCH_MOVE v
1401611407764 6 4098 380.75 1088.9509 0.33333334 5.0 5.0 5.0 5.0 0.0 0.24000001 2 TOUCH_MOVE v
1401611407796 6 4098 381.0 1088.9509 0.3 5.0 5.0 5.0 5.0 0.0 0.18800001 2 TOUCH_MOVE v
1401611407799 6 4098 381.0 1088.9509 0.3 5.0 5.0 5.0 5.0 0.0 0.18800001 1 TOUCH_UP v
1401611408013 6 4098 167.5 805.951 0.23333335 5.0 5.0 5.0 5.0 0.0 0.19600001 0 TOUCH_DOWN e
1401611408033 6 4098 167.86618 806.31714 0.20000002 4.0 4.0 4.0 4.0 0.0 0.2 2 TOUCH_MOVE e
1401611408048 6 4098 169.58188 807.14496 0.26666668 5.0 5.0 5.0 5.0 0.0 0.21200001 2 TOUCH_MOVE e
1401611408064 6 4098 172.45195 808.1016 0.26666668 5.0 5.0 5.0 5.0 0.0 0.216 2 TOUCH_MOVE e
1401611408086 6 4098 174.73389 809.06793 0.26666668 5.0 5.0 5.0 5.0 0.0 0.216 2 TOUCH_MOVE e
1401611408099 6 4098 176.06067 809.451 0.26666668 5.0 5.0 5.0 5.0 0.0 0.216 2 TOUCH_MOVE e
1401611408114 6 4098 176.75 809.451 0.26666668 5.0 5.0 5.0 5.0 0.0 0.216 2 TOUCH_MOVE e
1401611408155 6 4098 176.75 809.451 0.26666668 5.0 5.0 5.0 5.0 0.0 0.216 1 TOUCH_UP e
1401611408530 6 4098 670.5 1110.9509 0.33333334 5.0 5.0 5.0 5.0 0.0 0.208 0 TOUCH_DOWN Back
1401611408583 6 4098 666.64166 1106.1398 0.3 5.0 5.0 5.0 5.0 0.0 0.21200001 2 TOUCH_MOVE Back
1401611408598 6 4098 664.67017 1103.2062 0.3 5.0 5.0 5.0 5.0 0.0 0.216 2 TOUCH_MOVE Back
1401611408615 6 4098 663.6333 1101.5842 0.3 5.0 5.0 5.0 5.0 0.0 0.216 2 TOUCH_MOVE Back
1401611408632 6 4098 663.8208 1100.6301 0.3 5.0 5.0 5.0 5.0 0.0 0.208 2 TOUCH_MOVE Back
1401611408646 6 4098 664.5 1099.9509 0.26666668 5.0 5.0 5.0 5.0 0.0 0.136 2 TOUCH_MOVE Back
1401611408650 6 4098 664.5 1099.9509 0.26666668 5.0 5.0 5.0 5.0 0.0 0.136 1 TOUCH_UP Back
1401611408737 6 4098 674.0 1078.4509 0.23333335 5.0 5.0 5.0 5.0 0.0 0.20400001 0 TOUCH_DOWN Back
1401611408748 6 4098 674.0 1078.4509 0.26666668 5.0 5.0 5.0 5.0 0.0 0.21200001 2 TOUCH_MOVE Back
1401611408765 6 4098 673.4874 1078.4509 0.26666668 5.0 5.0 5.0 5.0 0.0 0.216 2 TOUCH_MOVE Back
1401611408783 6 4098 671.00433 1077.4524 0.26666668 5.0 5.0 5.0 5.0 0.0 0.216 2 TOUCH_MOVE Back
1401611408798 6 4098 669.1026 1076.5022 0.26666668 5.0 5.0 5.0 5.0 0.0 0.216 2 TOUCH_MOVE Back
1401611408815 6 4098 668.25 1076.4509 0.26666668 5.0 5.0 5.0 5.0 0.0 0.216 2 TOUCH_MOVE Back
1401611408843 6 4098 668.25 1076.4509 0.26666668 5.0 5.0 5.0 5.0 0.0 0.216 1 TOUCH_UP Back
1401611408914 6 4098 667.0 1066.9509 0.3 5.0 5.0 5.0 5.0 0.0 0.208 0 TOUCH_DOWN Back
1401611408932 6 4098 667.0 1066.9509 0.3 5.0 5.0 5.0 5.0 0.0 0.21200001 2 TOUCH_MOVE Back
1401611408977 6 4098 665.4387 1066.9509 0.3 5.0 5.0 5.0 5.0 0.0 0.224 2 TOUCH_MOVE Back
1401611408988 6 4098 664.4465 1066.9509 0.3 5.0 5.0 5.0 5.0 0.0 0.224 2 TOUCH_MOVE Back
1401611409016 6 4098 664.4465 1066.9509 0.3 5.0 5.0 5.0 5.0 0.0 0.224 1 TOUCH_UP Back
1401611409097 6 4098 677.0 1080.9509 0.20000002 4.0 4.0 4.0 4.0 0.0 0.17600001 0 TOUCH_DOWN Back
1401611409110 6 4098 677.0 1080.9509 0.23333335 5.0 5.0 5.0 5.0 0.0 0.148 2 TOUCH_MOVE Back
1401611409114 6 4098 677.0 1080.9509 0.23333335 5.0 5.0 5.0 5.0 0.0 0.148 1 TOUCH_UP Back
1401611409815 6 4098 308.5 1215.4509 0.23333335 4.0 4.0 4.0 4.0 0.0 0.224 0 TOUCH_DOWN Space
1401611409833 6 4098 307.95712 1215.4509 0.26666668 5.0 5.0 5.0 5.0 0.0 0.23200001 2 TOUCH_MOVE Space
1401611409851 6 4098 305.98874 1215.4509 0.26666668 5.0 5.0 5.0 5.0 0.0 0.23600002 2 TOUCH_MOVE Space
1401611409866 6 4098 304.067 1215.4509 0.26666668 5.0 5.0 5.0 5.0 0.0 0.23200001 2 TOUCH_MOVE Space
1401611409886 6 4098 303.25 1215.4509 0.26666668 5.0 5.0 5.0 5.0 0.0 0.22800002 2 TOUCH_MOVE Space
1401611409899 6 4098 303.5 1215.4509 0.23333335 4.0 4.0 4.0 4.0 0.0 0.2 2 TOUCH_MOVE Space
1401611409904 6 4098 303.5 1215.4509 0.20000002 3.0 3.0 3.0 3.0 0.0 0.156 2 TOUCH_MOVE Space
1401611409909 6 4098 303.5 1215.4509 0.20000002 3.0 3.0 3.0 3.0 0.0 0.156 1 TOUCH_UP Space
1401611410244 6 4098 663.5 983.951 0.3 5.0 5.0 5.0 5.0 0.0 0.208 0 TOUCH_DOWN l
1401611410259 6 4098 663.5 983.951 0.3 5.0 5.0 5.0 5.0 0.0 0.216 2 TOUCH_MOVE l
1401611410286 6 4098 658.0199 982.956 0.3 5.0 5.0 5.0 5.0 0.0 0.23600002 2 TOUCH_MOVE l
1401611410300 6 4098 655.1359 981.9963 0.3 5.0 5.0 5.0 5.0 0.0 0.24000001 2 TOUCH_MOVE l
1401611410316 6 4098 653.2217 981.951 0.33333334 5.0 5.0 5.0 5.0 0.0 0.24000001 2 TOUCH_MOVE l
1401611410336 6 4098 652.25 981.951 0.33333334 5.0 5.0 5.0 5.0 0.0 0.24400002 2 TOUCH_MOVE l
1401611410391 6 4098 652.5 981.951 0.20000002 4.0 4.0 4.0 4.0 0.0 0.18 2 TOUCH_MOVE l
1401611410395 6 4098 652.5 981.951 0.20000002 4.0 4.0 4.0 4.0 0.0 0.18 1 TOUCH_UP l
1401611410579 6 4098 621.0 826.951 0.33333334 5.0 5.0 5.0 5.0 0.0 0.23200001 0 TOUCH_DOWN o
1401611410589 6 4098 620.6036 826.55457 0.33333334 5.0 5.0 5.0 5.0 0.0 0.24000001 2 TOUCH_MOVE o
1401611410610 6 4098 618.84045 825.73114 0.33333334 5.0 5.0 5.0 5.0 0.0 0.252 2 TOUCH_MOVE o
1401611410618 6 4098 615.851 824.7347 0.33333334 5.0 5.0 5.0 5.0 0.0 0.256 2 TOUCH_MOVE o
1401611410634 6 4098 613.1393 823.7706 0.36666667 6.0 6.0 6.0 6.0 0.0 0.256 2 TOUCH_MOVE o
1401611410650 6 4098 611.2485 822.8252 0.36666667 6.0 6.0 6.0 6.0 0.0 0.256 2 TOUCH_MOVE o
1401611410667 6 4098 609.8958 822.951 0.36666667 6.0 6.0 6.0 6.0 0.0 0.256 2 TOUCH_MOVE o
1401611410700 6 4098 610.5 822.951 0.3 5.0 5.0 5.0 5.0 0.0 0.21200001 2 TOUCH_MOVE o
1401611410712 6 4098 610.5 822.951 0.33333334 5.0 5.0 5.0 5.0 0.0 0.17600001 2 TOUCH_MOVE o
1401611410717 6 4098 610.5 822.951 0.33333334 5.0 5.0 5.0 5.0 0.0 0.17600001 1 TOUCH_UP o
1401611411174 6 4098 361.5 1094.9509 0.26666668 4.0 4.0 4.0 4.0 0.0 0.22800002 0 TOUCH_DOWN v
1401611411186 6 4098 361.5 1094.9509 0.33333334 5.0 5.0 5.0 5.0 0.0 0.23200001 2 TOUCH_MOVE v
1401611411218 6 4098 360.17572 1094.9509 0.33333334 5.0 5.0 5.0 5.0 0.0 0.24400002 2 TOUCH_MOVE v
1401611411234 6 4098 359.2145 1094.9509 0.33333334 5.0 5.0 5.0 5.0 0.0 0.24000001 2 TOUCH_MOVE v
1401611411251 6 4098 358.75 1094.9509 0.33333334 5.0 5.0 5.0 5.0 0.0 0.24000001 2 TOUCH_MOVE v
1401611411268 6 4098 359.0 1094.9509 0.26666668 4.0 4.0 4.0 4.0 0.0 0.2 2 TOUCH_MOVE v
1401611411275 6 4098 359.0 1094.9509 0.20000002 3.0 3.0 3.0 3.0 0.0 0.108 2 TOUCH_MOVE v
1401611411283 6 4098 359.0 1094.9509 0.20000002 3.0 3.0 3.0 3.0 0.0 0.108 1 TOUCH_UP v
1401611411510 6 4098 188.0 829.951 0.23333335 5.0 5.0 5.0 5.0 0.0 0.2 0 TOUCH_DOWN e
1401611411517 6 4098 188.0 829.951 0.3 5.0 5.0 5.0 5.0 0.0 0.208 2 TOUCH_MOVE e
1401611411551 6 4098 189.04639 829.951 0.33333334 5.0 5.0 5.0 5.0 0.0 0.224 2 TOUCH_MOVE e
1401611411567 6 4098 190.50551 829.951 0.33333334 5.0 5.0 5.0 5.0 0.0 0.22800002 2 TOUCH_MOVE e
1401611411584 6 4098 191.4592 829.951 0.33333334 5.0 5.0 5.0 5.0 0.0 0.22800002 2 TOUCH_MOVE e
1401611411601 6 4098 192.25 829.951 0.33333334 5.0 5.0 5.0 5.0 0.0 0.22800002 2 TOUCH_MOVE e
1401611411666 6 4098 192.0 829.951 0.23333335 5.0 5.0 5.0 5.0 0.0 0.16000001 2 TOUCH_MOVE e
1401611411669 6 4098 192.0 829.951 0.23333335 5.0 5.0 5.0 5.0 0.0 0.16000001 1 TOUCH_UP e
1401611411861 6 4098 306.0 1220.4509 0.23333335 4.0 4.0 4.0 4.0 0.0 0.216 0 TOUCH_DOWN Space
1401611411887 6 4098 306.0 1220.4509 0.26666668 5.0 5.0 5.0 5.0 0.0 0.224 2 TOUCH_MOVE Space
1401611411918 6 4098 305.38574 1220.4509 0.26666668 5.0 5.0 5.0 5.0 0.0 0.22800002 2 TOUCH_MOVE Space
1401611411944 6 4098 305.5 1220.4509 0.23333335 4.0 4.0 4.0 4.0 0.0 0.18800001 2 TOUCH_MOVE Space
1401611411947 6 4098 305.5 1220.4509 0.23333335 4.0 4.0 4.0 4.0 0.0 0.18800001 1 TOUCH_UP Space
1401611412222 6 4098 590.5 1088.4509 0.23333335 4.0 4.0 4.0 4.0 0.0 0.18800001 0 TOUCH_DOWN m
1401611412236 6 4098 590.5 1088.4509 0.23333335 4.0 4.0 4.0 4.0 0.0 0.19600001 2 TOUCH_MOVE m
1401611412268 6 4098 589.24506 1089.4509 0.26666668 5.0 5.0 5.0 5.0 0.0 0.22000001 2 TOUCH_MOVE m
1401611412287 6 4098 587.5 1089.4509 0.3 5.0 5.0 5.0 5.0 0.0 0.224 2 TOUCH_MOVE m
1401611412302 6 4098 586.19507 1089.4509 0.3 5.0 5.0 5.0 5.0 0.0 0.224 2 TOUCH_MOVE m
1401611412318 6 4098 585.25 1089.4509 0.26666668 5.0 5.0 5.0 5.0 0.0 0.22000001 2 TOUCH_MOVE m
1401611412368 6 4098 585.25 1089.4509 0.26666668 5.0 5.0 5.0 5.0 0.0 0.22000001 1 TOUCH_UP m
1401611412622 6 4098 163.0 844.951 0.26666668 5.0 5.0 5.0 5.0 0.0 0.192 0 TOUCH_DOWN e
1401611412645 6 4098 163.0 844.951 0.26666668 5.0 5.0 5.0 5.0 0.0 0.2 2 TOUCH_MOVE e
1401611412671 6 4098 163.95262 843.49835 0.3 5.0 5.0 5.0 5.0 0.0 0.216 2 TOUCH_MOVE e
1401611412685 6 4098 164.91313 842.53784 0.3 5.0 5.0 5.0 5.0 0.0 0.216 2 TOUCH_MOVE e
1401611412702 6 4098 165.86824 841.951 0.3 5.0 5.0 5.0 5.0 0.0 0.22000001 2 TOUCH_MOVE e
1401611412719 6 4098 166.25 841.951 0.3 5.0 5.0 5.0 5.0 0.0 0.22000001 2 TOUCH_MOVE e
1401611412766 6 4098 166.25 841.951 0.3 5.0 5.0 5.0 5.0 0.0 0.22000001 1 TOUCH_UP e
1401611413794 6 4098 501.5 1219.4509 0.26666668 5.0 5.0 5.0 5.0 0.0 0.192 0 TOUCH_DOWN .
1401611413810 6 4098 501.5 1219.4509 0.26666668 5.0 5.0 5.0 5.0 0.0 0.2 2 TOUCH_MOVE .
1401611413836 6 4098 500.2585 1219.4509 0.26666668 5.0 5.0 5.0 5.0 0.0 0.21200001 2 TOUCH_MOVE .
1401611413853 6 4098 499.2972 1219.4509 0.26666668 5.0 5.0 5.0 5.0 0.0 0.21200001 2 TOUCH_MOVE .
1401611413870 6 4098 498.75 1219.4509 0.26666668 5.0 5.0 5.0 5.0 0.0 0.21200001 2 TOUCH_MOVE .
1401611413894 6 4098 499.0 1219.9913 0.26666668 5.0 5.0 5.0 5.0 0.0 0.208 2 TOUCH_MOVE .
1401611413907 6 4098 499.0 1219.9913 0.26666668 5.0 5.0 5.0 5.0 0.0 0.208 1 TOUCH_UP .
1401611414496 6 4098 691.0 1215.4509 0.23333335 4.0 4.0 4.0 4.0 0.0 0.2 0 TOUCH_DOWN Enter
1401611414515 6 4098 690.80774 1216.1432 0.23333335 4.0 4.0 4.0 4.0 0.0 0.208 2 TOUCH_MOVE Enter
1401611414532 6 4098 689.2065 1217.0977 0.26666668 5.0 5.0 5.0 5.0 0.0 0.21200001 2 TOUCH_MOVE Enter
1401611414537 6 4098 687.8801 1217.4509 0.26666668 5.0 5.0 5.0 5.0 0.0 0.21200001 2 TOUCH_MOVE Enter
1401611414554 6 4098 686.9237 1217.9509 0.26666668 5.0 5.0 5.0 5.0 0.0 0.21200001 2 TOUCH_MOVE Enter
1401611414571 6 4098 687.0 1218.4695 0.23333335 4.0 4.0 4.0 4.0 0.0 0.208 2 TOUCH_MOVE Enter
1401611414599 6 4098 687.0 1218.4509 0.16666667 3.0 3.0 3.0 3.0 0.0 0.17600001 2 TOUCH_MOVE Enter
1401611414603 6 4098 687.0 1218.4509 0.16666667 3.0 3.0 3.0 3.0 0.0 0.17600001 1 TOUCH_UP Enter
1401611416813 6 4098 107.5 816.451 0.26666668 5.0 5.0 5.0 5.0 0.0 0.18400002 0 TOUCH_DOWN W
1401611416821 6 4098 107.6715 816.451 0.3 5.0 5.0 5.0 5.0 0.0 0.18800001 2 TOUCH_MOVE W
1401611416834 6 4098 108.3038 816.75476 0.3 5.0 5.0 5.0 5.0 0.0 0.19600001 2 TOUCH_MOVE W
1401611416840 6 4098 110.0 817.701 0.3 5.0 5.0 5.0 5.0 0.0 0.2 2 TOUCH_MOVE W
1401611416856 6 4098 111.71224 818.451 0.3 5.0 5.0 5.0 5.0 0.0 0.2 2 TOUCH_MOVE W
1401611416873 6 4098 112.68802 818.451 0.3 5.0 5.0 5.0 5.0 0.0 0.20400001 2 TOUCH_MOVE W
1401611416889 6 4098 113.25 818.451 0.3 5.0 5.0 5.0 5.0 0.0 0.20400001 2 TOUCH_MOVE W
1401611416923 6 4098 113.0 818.451 0.3 5.0 5.0 5.0 5.0 0.0 0.18 2 TOUCH_MOVE W
1401611416926 6 4098 113.0 818.451 0.3 5.0 5.0 5.0 5.0 0.0 0.18 1 TOUCH_UP W
1401611417264 6 4098 172.5 841.951 0.26666668 4.0 4.0 4.0 4.0 0.0 0.18800001 0 TOUCH_DOWN e
1401611417273 6 4098 172.5 841.951 0.26666668 4.0 4.0 4.0 4.0 0.0 0.19600001 2 TOUCH_MOVE e
1401611417306 6 4098 172.0 839.5659 0.3 5.0 5.0 5.0 5.0 0.0 0.208 2 TOUCH_MOVE e
1401611417326 6 4098 172.0 838.8111 0.3 5.0 5.0 5.0 5.0 0.0 0.21200001 2 TOUCH_MOVE e
1401611417340 6 4098 172.0 838.201 0.26666668 4.0 4.0 4.0 4.0 0.0 0.21200001 2 TOUCH_MOVE e
1401611417410 6 4098 172.0 838.451 0.26666668 5.0 5.0 5.0 5.0 0.0 0.18 2 TOUCH_MOVE e
1401611417413 6 4098 172.0 838.451 0.26666668 5.0 5.0 5.0 5.0 0.0 0.18 1 TOUCH_UP e
1401611417679 6 4098 290.5 1227.4509 0.23333335 4.0 4.0 4.0 4.0 0.0 0.20400001 0 TOUCH_DOWN Space
1401611417690 6 4098 290.5 1227.4509 0.23333335 4.0 4.0 4.0 4.0 0.0 0.208 2 TOUCH_MOVE Space
1401611417724 6 4098 287.78888 1226.9509 0.26666668 5.0 5.0 5.0 5.0 0.0 0.22000001 2 TOUCH_MOVE Space
1401611417740 6 4098 286.8265 1226.9509 0.26666668 5.0 5.0 5.0 5.0 0.0 0.21200001 2 TOUCH_MOVE Space
1401611417757 6 4098 287.0 1226.9509 0.16666667 3.0 3.0 3.0 3.0 0.0 0.18400002 2 TOUCH_MOVE Space
1401611417760 6 4098 287.0 1226.9509 0.16666667 3.0 3.0 3.0 3.0 0.0 0.18400002 1 TOUCH_UP Space
1401611418074 6 4098 666.0 959.951 0.3 5.0 5.0 5.0 5.0 0.0 0.208 0 TOUCH_DOWN l
1401611418093 6 4098 666.0 959.951 0.3 5.0 5.0 5.0 5.0 0.0 0.216 2 TOUCH_MOVE l
1401611418107 6 4098 664.05945 959.13745 0.3 5.0 5.0 5.0 5.0 0.0 0.22800002 2 TOUCH_MOVE l
1401611418124 6 4098 660.651 957.66797 0.3 5.0 5.0 5.0 5.0 0.0 0.24000001 2 TOUCH_MOVE l
1401611418140 6 4098 658.03 956.716 0.3 5.0 5.0 5.0 5.0 0.0 0.24000001 2 TOUCH_MOVE l
1401611418157 6 4098 656.30115 955.951 0.33333334 5.0 5.0 5.0 5.0 0.0 0.24400002 2 TOUCH_MOVE l
1401611418174 6 4098 655.75 955.951 0.33333334 5.0 5.0 5.0 5.0 0.0 0.24000001 2 TOUCH_MOVE l
1401611418208 6 4098 656.0 955.951 0.3 5.0 5.0 5.0 5.0 0.0 0.21200001 2 TOUCH_MOVE l
1401611418218 6 4098 656.0 955.951 0.20000002 3.0 3.0 3.0 3.0 0.0 0.120000005 2 TOUCH_MOVE l
1401611418220 6 4098 656.0 955.951 0.20000002 3.0 3.0 3.0 3.0 0.0 0.120000005 1 TOUCH_UP l
1401611418354 6 4098 628.0 849.451 0.3 5.0 5.0 5.0 5.0 0.0 0.22000001 0 TOUCH_DOWN o
1401611418375 6 4098 626.8586 848.3096 0.33333334 5.0 5.0 5.0 5.0 0.0 0.24400002 2 TOUCH_MOVE o
1401611418392 6 4098 621.5299 842.9809 0.36666667 6.0 6.0 6.0 6.0 0.0 0.24800001 2 TOUCH_MOVE o
1401611418407 6 4098 616.3598 837.8108 0.36666667 6.0 6.0 6.0 6.0 0.0 0.256 2 TOUCH_MOVE o
1401611418424 6 4098 612.7464 835.2819 0.36666667 6.0 6.0 6.0 6.0 0.0 0.26000002 2 TOUCH_MOVE o
1401611418441 6 4098 610.42993 833.3809 0.36666667 6.0 6.0 6.0 6.0 0.0 0.256 2 TOUCH_MOVE o
1401611418457 6 4098 608.9962 832.4472 0.36666667 6.0 6.0 6.0 6.0 0.0 0.256 2 TOUCH_MOVE o
1401611418474 6 4098 608.03564 832.451 0.36666667 6.0 6.0 6.0 6.0 0.0 0.256 2 TOUCH_MOVE o
1401611418501 6 4098 608.3074 832.451 0.36666667 6.0 6.0 6.0 6.0 0.0 0.256 2 TOUCH_MOVE o
1401611418511 6 4098 609.262 832.451 0.33333334 5.0 5.0 5.0 5.0 0.0 0.24800001 2 TOUCH_MOVE o
1401611418524 6 4098 611.0 832.951 0.33333334 5.0 5.0 5.0 5.0 0.0 0.208 2 TOUCH_MOVE o
1401611418531 6 4098 611.0 832.951 0.26666668 5.0 5.0 5.0 5.0 0.0 0.18 2 TOUCH_MOVE o
1401611418535 6 4098 611.0 832.951 0.26666668 5.0 5.0 5.0 5.0 0.0 0.18 1 TOUCH_UP o
1401611418846 6 4098 382.5 1087.9509 0.3 5.0 5.0 5.0 5.0 0.0 0.21200001 0 TOUCH_DOWN v
1401611418858 6 4098 382.5 1087.9509 0.3 5.0 5.0 5.0 5.0 0.0 0.22000001 2 TOUCH_MOVE v
1401611418876 6 4098 381.97946 1087.9509 0.3 5.0 5.0 5.0 5.0 0.0 0.23200001 2 TOUCH_MOVE v
1401611418894 6 4098 380.96985 1087.9509 0.33333334 5.0 5.0 5.0 5.0 0.0 0.23600002 2 TOUCH_MOVE v
1401611418908 6 4098 380.03326 1087.9509 0.33333334 5.0 5.0 5.0 5.0 0.0 0.23600002 2 TOUCH_MOVE v
1401611418924 6 4098 379.07718 1087.9509 0.3 5.0 5.0 5.0 5.0 0.0 0.23200001 2 TOUCH_MOVE v
1401611418942 6 4098 378.75 1087.9509 0.3 5.0 5.0 5.0 5.0 0.0 0.23200001 2 TOUCH_MOVE v
1401611418958 6 4098 378.75 1087.9509 0.3 5.0 5.0 5.0 5.0 0.0 0.23200001 1 TOUCH_UP v
1401611419180 6 4098 167.5 817.951 0.3 5.0 5.0 5.0 5.0 0.0 0.2 0 TOUCH_DOWN e
1401611419191 6 4098 167.5 817.951 0.3 5.0 5.0 5.0 5.0 0.0 0.20400001 2 TOUCH_MOVE e
1401611419210 6 4098 168.26888 818.71985 0.3 5.0 5.0 5.0 5.0 0.0 0.21200001 2 TOUCH_MOVE e
1401611419225 6 4098 169.95679 819.6794 0.3 5.0 5.0 5.0 5.0 0.0 0.22000001 2 TOUCH_MOVE e
1401611419242 6 4098 171.88232 820.64215 0.3 5.0 5.0 5.0 5.0 0.0 0.22000001 2 TOUCH_MOVE e
1401611419258 6 4098 173.79433 821.59814 0.3 5.0 5.0 5.0 5.0 0.0 0.224 2 TOUCH_MOVE e
1401611419277 6 4098 175.113 821.451 0.3 5.0 5.0 5.0 5.0 0.0 0.224 2 TOUCH_MOVE e
1401611419292 6 4098 176.06825 821.451 0.3 5.0 5.0 5.0 5.0 0.0 0.224 2 TOUCH_MOVE e
1401611419340 6 4098 176.0 821.451 0.3 5.0 5.0 5.0 5.0 0.0 0.192 2 TOUCH_MOVE e
1401611419344 6 4098 176.0 821.451 0.3 5.0 5.0 5.0 5.0 0.0 0.192 1 TOUCH_UP e
1401611419552 6 4098 297.0 1211.4509 0.26666668 5.0 5.0 5.0 5.0 0.0 0.22800002 0 TOUCH_DOWN Space
1401611419576 6 4098 296.08914 1211.4509 0.26666668 5.0 5.0 5.0 5.0 0.0 0.23600002 2 TOUCH_MOVE Space
1401611419592 6 4098 293.37668 1211.4509 0.3 5.0 5.0 5.0 5.0 0.0 0.24400002 2 TOUCH_MOVE Space
1401611419608 6 4098 290.83035 1211.4509 0.3 5.0 5.0 5.0 5.0 0.0 0.24400002 2 TOUCH_MOVE Space
1401611419625 6 4098 289.75 1211.4509 0.3 5.0 5.0 5.0 5.0 0.0 0.24400002 2 TOUCH_MOVE Space
1401611419659 6 4098 290.0 1211.4509 0.23333335 4.0 4.0 4.0 4.0 0.0 0.18800001 2 TOUCH_MOVE Space
1401611419667 6 4098 290.0 1211.4509 0.23333335 4.0 4.0 4.0 4.0 0.0 0.18800001 1 TOUCH_UP Space
1401611423963 6 4098 315.5 810.451 0.23333335 4.0 4.0 4.0 4.0 0.0 0.2 0 TOUCH_DOWN t
1401611423980 6 4098 315.5 810.802 0.23333335 4.0 4.0 4.0 4.0 0.0 0.20400001 2 TOUCH_MOVE t
1401611423996 6 4098 315.5 811.615 0.3 5.0 5.0 5.0 5.0 0.0 0.216 2 TOUCH_MOVE t
1401611424013 6 4098 315.5 813.2051 0.3 5.0 5.0 5.0 5.0 0.0 0.22000001 2 TOUCH_MOVE t
1401611424041 6 4098 315.5 814.5369 0.3 5.0 5.0 5.0 5.0 0.0 0.22000001 2 TOUCH_MOVE t
1401611424046 6 4098 315.5 815.4915 0.3 5.0 5.0 5.0 5.0 0.0 0.22000001 2 TOUCH_MOVE t
1401611424063 6 4098 315.5 816.45734 0.26666668 4.0 4.0 4.0 4.0 0.0 0.216 2 TOUCH_MOVE t
1401611424097 6 4098 315.5 816.45734 0.26666668 4.0 4.0 4.0 4.0 0.0 0.216 1 TOUCH_UP t
1401611424274 6 4098 615.0 823.951 0.33333334 5.0 5.0 5.0 5.0 0.0 0.216 0 TOUCH_DOWN o
1401611424280 6 4098 615.0 823.951 0.33333334 5.0 5.0 5.0 5.0 0.0 0.224 2 TOUCH_MOVE o
1401611424339 6 4098 613.80524 823.951 0.33333334 5.0 5.0 5.0 5.0 0.0 0.24400002 2 TOUCH_MOVE o
1401611424346 6 4098 613.1492 823.951 0.33333334 5.0 5.0 5.0 5.0 0.0 0.24400002 2 TOUCH_MOVE o
1401611424367 6 4098 612.75 823.951 0.33333334 5.0 5.0 5.0 5.0 0.0 0.24400002 2 TOUCH_MOVE o
1401611424380 6 4098 612.42334 823.951 0.33333334 5.0 5.0 5.0 5.0 0.0 0.24400002 2 TOUCH_MOVE o
1401611424436 6 4098 614.778 824.59 0.33333334 5.0 5.0 5.0 5.0 0.0 0.192 2 TOUCH_MOVE o
1401611424439 6 4098 614.778 824.59 0.33333334 5.0 5.0 5.0 5.0 0.0 0.192 1 TOUCH_UP o
1401611425045 6 4098 375.5 959.451 0.26666668 4.0 4.0 4.0 4.0 0.0 0.208 0 TOUCH_DOWN g
1401611425064 6 4098 375.15536 959.1064 0.26666668 4.0 4.0 4.0 4.0 0.0 0.216 2 TOUCH_MOVE g
1401611425081 6 4098 374.34534 958.2963 0.33333334 5.0 5.0 5.0 5.0 0.0 0.23200001 2 TOUCH_MOVE g
1401611425098 6 4098 372.38358 957.39276 0.33333334 5.0 5.0 5.0 5.0 0.0 0.23600002 2 TOUCH_MOVE g
1401611425114 6 4098 371.42752 957.451 0.3 5.0 5.0 5.0 5.0 0.0 0.22800002 2 TOUCH_MOVE g
1401611425158 6 4098 371.42752 957.451 0.3 5.0 5.0 5.0 5.0 0.0 0.22800002 1 TOUCH_UP g
1401611425473 6 4098 175.0 848.451 0.23333335 4.0 4.0 4.0 4.0 0.0 0.192 0 TOUCH_DOWN e
1401611425482 6 4098 175.0 848.451 0.23333335 4.0 4.0 4.0 4.0 0.0 0.2 2 TOUCH_MOVE e
1401611425499 6 4098 175.59106 848.451 0.26666668 5.0 5.0 5.0 5.0 0.0 0.21200001 2 TOUCH_MOVE e
1401611425514 6 4098 177.79494 847.8035 0.26666668 5.0 5.0 5.0 5.0 0.0 0.216 2 TOUCH_MOVE e
1401611425531 6 4098 180.32207 846.8436 0.26666668 5.0 5.0 5.0 5.0 0.0 0.22000001 2 TOUCH_MOVE e
1401611425547 6 4098 181.54875 846.951 0.26666668 5.0 5.0 5.0 5.0 0.0 0.216 2 TOUCH_MOVE e
1401611425566 6 4098 182.5284 846.951 0.26666668 5.0 5.0 5.0 5.0 0.0 0.216 2 TOUCH_MOVE e
1401611425602 6 4098 182.5 846.951 0.23333335 4.0 4.0 4.0 4.0 0.0 0.18 2 TOUCH_MOVE e
1401611425606 6 4098 182.5 846.951 0.23333335 4.0 4.0 4.0 4.0 0.0 0.18 1 TOUCH_UP e
1401611425849 6 4098 297.5 819.451 0.26666668 4.0 4.0 4.0 4.0 0.0 0.2 0 TOUCH_DOWN t
1401611425883 6 4098 299.0 819.451 0.3 5.0 5.0 5.0 5.0 0.0 0.224 2 TOUCH_MOVE t
1401611425899 6 4098 300.7556 819.451 0.3 5.0 5.0 5.0 5.0 0.0 0.22800002 2 TOUCH_MOVE t
1401611425914 6 4098 301.7186 819.451 0.3 5.0 5.0 5.0 5.0 0.0 0.22800002 2 TOUCH_MOVE t
1401611425932 6 4098 302.64743 819.451 0.3 5.0 5.0 5.0 5.0 0.0 0.22800002 2 TOUCH_MOVE t
1401611425998 6 4098 301.24384 819.451 0.26666668 4.0 4.0 4.0 4.0 0.0 0.208 2 TOUCH_MOVE t
1401611426009 6 4098 301.0 819.451 0.26666668 5.0 5.0 5.0 5.0 0.0 0.164 2 TOUCH_MOVE t
1401611426013 6 4098 301.0 819.451 0.26666668 5.0 5.0 5.0 5.0 0.0 0.164 1 TOUCH_UP t
1401611426145 6 4098 462.5 972.451 0.20000002 4.0 4.0 4.0 4.0 0.0 0.192 0 TOUCH_DOWN h
1401611426181 6 4098 461.39368 971.84467 0.20000002 4.0 4.0 4.0 4.0 0.0 0.20400001 2 TOUCH_MOVE h
1401611426198 6 4098 460.4354 970.88635 0.23333335 4.0 4.0 4.0 4.0 0.0 0.208 2 TOUCH_MOVE h
1401611426214 6 4098 459.47327 969.92426 0.23333335 4.0 4.0 4.0 4.0 0.0 0.21200001 2 TOUCH_MOVE h
1401611426234 6 4098 459.0 968.9577 0.23333335 4.0 4.0 4.0 4.0 0.0 0.21200001 2 TOUCH_MOVE h
1401611426248 6 4098 459.0 968.00464 0.23333335 4.0 4.0 4.0 4.0 0.0 0.21200001 2 TOUCH_MOVE h
1401611426267 6 4098 459.0 967.701 0.23333335 4.0 4.0 4.0 4.0 0.0 0.208 2 TOUCH_MOVE h
1401611426278 6 4098 459.0 967.951 0.20000002 4.0 4.0 4.0 4.0 0.0 0.16800001 2 TOUCH_MOVE h
1401611426286 6 4098 459.0 967.951 0.20000002 4.0 4.0 4.0 4.0 0.0 0.16800001 1 TOUCH_UP h
1401611426653 6 4098 168.0 829.451 0.33333334 5.0 5.0 5.0 5.0 0.0 0.18800001 0 TOUCH_DOWN e
1401611426665 6 4098 168.0 829.451 0.3 5.0 5.0 5.0 5.0 0.0 0.19600001 2 TOUCH_MOVE e
1401611426764 6 4098 166.0 829.951 0.3 5.0 5.0 5.0 5.0 0.0 0.18 2 TOUCH_MOVE e
1401611426769 6 4098 166.0 829.951 0.3 5.0 5.0 5.0 5.0 0.0 0.18 1 TOUCH_UP e
1401611426991 6 4098 248.5 841.951 0.26666668 4.0 4.0 4.0 4.0 0.0 0.19600001 0 TOUCH_DOWN r
1401611426999 6 4098 248.5 841.951 0.26666668 4.0 4.0 4.0 4.0 0.0 0.2 2 TOUCH_MOVE r
1401611427034 6 4098 248.5 841.2923 0.26666668 4.0 4.0 4.0 4.0 0.0 0.21200001 2 TOUCH_MOVE r
1401611427051 6 4098 248.5 840.3397 0.3 5.0 5.0 5.0 5.0 0.0 0.22000001 2 TOUCH_MOVE r
1401611427083 6 4098 248.5 839.9478 0.3 5.0 5.0 5.0 5.0 0.0 0.216 2 TOUCH_MOVE r
1401611427100 6 4098 248.5 839.201 0.3 5.0 5.0 5.0 5.0 0.0 0.216 2 TOUCH_MOVE r
1401611427115 6 4098 247.56172 839.0127 0.26666668 4.0 4.0 4.0 4.0 0.0 0.21200001 2 TOUCH_MOVE r
1401611427133 6 4098 245.30229 837.6525 0.26666668 4.0 4.0 4.0 4.0 0.0 0.19600001 2 TOUCH_MOVE r
1401611427137 6 4098 245.0 837.451 0.23333335 4.0 4.0 4.0 4.0 0.0 0.17600001 2 TOUCH_MOVE r
1401611427141 6 4098 245.0 837.451 0.23333335 4.0 4.0 4.0 4.0 0.0 0.17600001 1 TOUCH_UP r
1401611427881 6 4098 493.0 1203.4509 0.23333335 4.0 4.0 4.0 4.0 0.0 0.2 0 TOUCH_DOWN .
1401611427897 6 4098 492.88647 1204.0645 0.23333335 4.0 4.0 4.0 4.0 0.0 0.21200001 2 TOUCH_MOVE .
1401611427950 6 4098 490.5 1207.9518 0.26666668 5.0 5.0 5.0 5.0 0.0 0.20400001 2 TOUCH_MOVE .
1401611427970 6 4098 494.5 1208.9509 0.26666668 5.0 5.0 5.0 5.0 0.0 0.18 2 TOUCH_MOVE .
1401611427978 6 4098 494.5 1208.9509 0.26666668 5.0 5.0 5.0 5.0 0.0 0.18 1 TOUCH_UP .
1401611428809 6 4098 673.0 1088.4509 0.26666668 5.0 5.0 5.0 5.0 0.0 0.19600001 0 TOUCH_DOWN Back
1401611428817 6 4098 673.0 1088.4509 0.26666668 5.0 5.0 5.0 5.0 0.0 0.20400001 2 TOUCH_MOVE Back
1401611428904 6 4098 673.0 1088.4509 0.26666668 5.0 5.0 5.0 5.0 0.0 0.20400001 1 TOUCH_UP Back
1401611429206 6 4098 420.0 1222.9509 0.23333335 4.0 4.0 4.0 4.0 0.0 0.208 0 TOUCH_DOWN ,
1401611429218 6 4098 420.0 1222.9509 0.23333335 4.0 4.0 4.0 4.0 0.0 0.216 2 TOUCH_MOVE ,
1401611429235 6 4098 419.4849 1222.9509 0.26666668 5.0 5.0 5.0 5.0 0.0 0.224 2 TOUCH_MOVE ,
1401611429251 6 4098 418.5422 1222.9509 0.26666668 5.0 5.0 5.0 5.0 0.0 0.224 2 TOUCH_MOVE ,
1401611429267 6 4098 417.5451 1222.9509 0.26666668 5.0 5.0 5.0 5.0 0.0 0.224 2 TOUCH_MOVE ,
1401611429284 6 4098 417.95248 1224.3083 0.26666668 5.0 5.0 5.0 5.0 0.0 0.22000001 2 TOUCH_MOVE ,
1401611429298 6 4098 420.5 1229.4509 0.20000002 4.0 4.0 4.0 4.0 0.0 0.18 2 TOUCH_MOVE ,
1401611429301 6 4098 420.5 1229.4509 0.20000002 4.0 4.0 4.0 4.0 0.0 0.18 1 TOUCH_UP ,
1401611429626 6 4098 696.5 1214.4509 0.16666667 3.0 3.0 3.0 3.0 0.0 0.2 0 TOUCH_DOWN Enter
1401611429634 6 4098 696.5 1214.4509 0.23333335 4.0 4.0 4.0 4.0 0.0 0.208 2 TOUCH_MOVE Enter
1401611429668 6 4098 694.9389 1214.4509 0.26666668 5.0 5.0 5.0 5.0 0.0 0.21200001 2 TOUCH_MOVE Enter
1401611429687 6 4098 693.22296 1214.8395 0.26666668 5.0 5.0 5.0 5.0 0.0 0.21200001 2 TOUCH_MOVE Enter
1401611429701 6 4098 691.5539 1215.4509 0.26666668 5.0 5.0 5.0 5.0 0.0 0.21200001 2 TOUCH_MOVE Enter
1401611429718 6 4098 690.586 1216.365 0.23333335 4.0 4.0 4.0 4.0 0.0 0.21200001 2 TOUCH_MOVE Enter
1401611429737 6 4098 690.0 1216.9509 0.23333335 4.0 4.0 4.0 4.0 0.0 0.19600001 2 TOUCH_MOVE Enter
1401611429741 6 4098 690.0 1216.9509 0.20000002 3.0 3.0 3.0 3.0 0.0 0.132 2 TOUCH_MOVE Enter
1401611429744 6 4098 690.0 1216.9509 0.20000002 3.0 3.0 3.0 3.0 0.0 0.132 1 TOUCH_UP Enter
1401611435261 6 4098 115.0 833.951 0.26666668 4.0 4.0 4.0 4.0 0.0 0.2 0 TOUCH_DOWN W
1401611435273 6 4098 115.0 833.951 0.26666668 4.0 4.0 4.0 4.0 0.0 0.20400001 2 TOUCH_MOVE W
1401611435323 6 4098 119.32173 835.451 0.3 5.0 5.0 5.0 5.0 0.0 0.22000001 2 TOUCH_MOVE W
1401611435340 6 4098 120.35469 835.451 0.3 5.0 5.0 5.0 5.0 0.0 0.22000001 2 TOUCH_MOVE W
1401611435357 6 4098 120.75 835.451 0.3 5.0 5.0 5.0 5.0 0.0 0.22000001 2 TOUCH_MOVE W
1401611435406 6 4098 119.0 835.451 0.33333334 5.0 5.0 5.0 5.0 0.0 0.164 2 TOUCH_MOVE W
1401611435413 6 4098 119.0 835.451 0.33333334 5.0 5.0 5.0 5.0 0.0 0.164 1 TOUCH_UP W
1401611435563 6 4098 172.0 821.951 0.3 5.0 5.0 5.0 5.0 0.0 0.208 0 TOUCH_DOWN e
1401611435580 6 4098 172.0 821.951 0.3 5.0 5.0 5.0 5.0 0.0 0.216 2 TOUCH_MOVE e
1401611435606 6 4098 173.02353 822.21277 0.33333334 5.0 5.0 5.0 5.0 0.0 0.224 2 TOUCH_MOVE e
1401611435623 6 4098 175.71808 823.451 0.33333334 5.0 5.0 5.0 5.0 0.0 0.22800002 2 TOUCH_MOVE e
1401611435640 6 4098 176.68054 823.451 0.33333334 5.0 5.0 5.0 5.0 0.0 0.22800002 2 TOUCH_MOVE e
1401611435657 6 4098 177.25 823.451 0.33333334 5.0 5.0 5.0 5.0 0.0 0.22800002 2 TOUCH_MOVE e
1401611435692 6 4098 176.48785 823.451 0.3 5.0 5.0 5.0 5.0 0.0 0.21200001 2 TOUCH_MOVE e
1401611435707 6 4098 175.0 823.451 0.3 5.0 5.0 5.0 5.0 0.0 0.19600001 2 TOUCH_MOVE e
1401611435711 6 4098 175.0 823.451 0.33333334 5.0 5.0 5.0 5.0 0.0 0.16800001 2 TOUCH_MOVE e
1401611435714 6 4098 175.0 823.451 0.33333334 5.0 5.0 5.0 5.0 0.0 0.16800001 1 TOUCH_UP e
1401611436130 6 4098 311.5 1186.9509 0.33333334 5.0 5.0 5.0 5.0 0.0 0.24000001 0 TOUCH_DOWN Space
1401611436160 6 4098 303.5875 1185.476 0.33333334 5.0 5.0 5.0 5.0 0.0 0.252 2 TOUCH_MOVE Space
1401611436206 6 4098 293.78342 1184.4509 0.33333334 5.0 5.0 5.0 5.0 0.0 0.252 2 TOUCH_MOVE Space
1401611436224 6 4098 293.3143 1186.5795 0.33333334 5.0 5.0 5.0 5.0 0.0 0.24400002 2 TOUCH_MOVE Space
1401611436243 6 4098 296.5 1189.9509 0.3 5.0 5.0 5.0 5.0 0.0 0.224 2 TOUCH_MOVE Space
1401611436256 6 4098 296.5 1189.9509 0.16666667 3.0 3.0 3.0 3.0 0.0 0.112 2 TOUCH_MOVE Space
1401611436259 6 4098 296.5 1189.9509 0.16666667 3.0 3.0 3.0 3.0 0.0 0.112 1 TOUCH_UP Space
1401611436769 6 4098 121.0 834.951 0.26666668 4.0 4.0 4.0 4.0 0.0 0.192 0 TOUCH_DOWN w
1401611436834 6 4098 121.21457 834.951 0.3 5.0 5.0 5.0 5.0 0.0 0.216 2 TOUCH_MOVE w
1401611436842 6 4098 121.84823 834.951 0.3 5.0 5.0 5.0 5.0 0.0 0.216 2 TOUCH_MOVE w
1401611436860 6 4098 122.42216 834.951 0.3 5.0 5.0 5.0 5.0 0.0 0.216 2 TOUCH_MOVE w
1401611436875 6 4098 122.74638 834.951 0.3 5.0 5.0 5.0 5.0 0.0 0.216 2 TOUCH_MOVE w
1401611436909 6 4098 122.0 834.951 0.26666668 4.0 4.0 4.0 4.0 0.0 0.2 2 TOUCH_MOVE w
1401611436915 6 4098 122.0 834.951 0.26666668 4.0 4.0 4.0 4.0 0.0 0.172 2 TOUCH_MOVE w
1401611436923 6 4098 122.0 834.951 0.26666668 4.0 4.0 4.0 4.0 0.0 0.172 1 TOUCH_UP w
1401611437074 6 4098 543.0 827.951 0.3 5.0 5.0 5.0 5.0 0.0 0.224 0 TOUCH_DOWN i
1401611437113 6 4098 538.9398 826.4209 0.33333334 5.0 5.0 5.0 5.0 0.0 0.24400002 2 TOUCH_MOVE i
1401611437125 6 4098 535.0756 824.4888 0.33333334 5.0 5.0 5.0 5.0 0.0 0.24400002 2 TOUCH_MOVE i
1401611437144 6 4098 531.91077 823.2546 0.33333334 5.0 5.0 5.0 5.0 0.0 0.24400002 2 TOUCH_MOVE i
1401611437158 6 4098 530.75 822.201 0.33333334 5.0 5.0 5.0 5.0 0.0 0.24400002 2 TOUCH_MOVE i
1401611437175 6 4098 530.25 822.451 0.33333334 5.0 5.0 5.0 5.0 0.0 0.24400002 2 TOUCH_MOVE i
1401611437191 6 4098 531.5493 822.451 0.33333334 5.0 5.0 5.0 5.0 0.0 0.22800002 2 TOUCH_MOVE i
1401611437208 6 4098 541.3777 833.4546 0.26666668 5.0 5.0 5.0 5.0 0.0 0.19600001 2 TOUCH_MOVE i
1401611437219 6 4098 547.5 847.951 0.26666668 5.0 5.0 5.0 5.0 0.0 0.15200001 2 TOUCH_MOVE i
1401611437223 6 4098 547.5 847.951 0.26666668 5.0 5.0 5.0 5.0 0.0 0.15200001 1 TOUCH_UP i
1401611437445 6 4098 648.5 968.451 0.20000002 4.0 4.0 4.0 4.0 0.0 0.208 0 TOUCH_DOWN l
1401611437458 6 4098 648.5 968.451 0.26666668 5.0 5.0 5.0 5.0 0.0 0.21200001 2 TOUCH_MOVE l
1401611437493 6 4098 645.8646 968.451 0.3 5.0 5.0 5.0 5.0 0.0 0.224 2 TOUCH_MOVE l
1401611437508 6 4098 644.1587 968.451 0.3 5.0 5.0 5.0 5.0 0.0 0.224 2 TOUCH_MOVE l
1401611437525 6 4098 643.75 968.451 0.3 5.0 5.0 5.0 5.0 0.0 0.224 2 TOUCH_MOVE l
1401611437558 6 4098 648.52954 970.402 0.26666668 5.0 5.0 5.0 5.0 0.0 0.2 2 TOUCH_MOVE l
1401611437575 6 4098 651.0 970.951 0.16666667 3.0 3.0 3.0 3.0 0.0 0.104 2 TOUCH_MOVE l
1401611437579 6 4098 651.0 970.951 0.16666667 3.0 3.0 3.0 3.0 0.0 0.104 1 TOUCH_UP l
1401611437629 6 4098 670.0 973.451 0.23333335 5.0 5.0 5.0 5.0 0.0 0.208 0 TOUCH_DOWN l
1401611437644 6 4098 670.0 973.451 0.26666668 5.0 5.0 5.0 5.0 0.0 0.216 2 TOUCH_MOVE l
1401611437659 6 4098 666.54767 973.451 0.3 5.0 5.0 5.0 5.0 0.0 0.224 2 TOUCH_MOVE l
1401611437675 6 4098 663.63495 973.451 0.3 5.0 5.0 5.0 5.0 0.0 0.224 2 TOUCH_MOVE l
1401611437692 6 4098 661.5976 973.451 0.3 5.0 5.0 5.0 5.0 0.0 0.22000001 2 TOUCH_MOVE l
1401611437709 6 4098 660.75 973.451 0.3 5.0 5.0 5.0 5.0 0.0 0.224 2 TOUCH_MOVE l
1401611437740 6 4098 661.0 973.451 0.16666667 3.0 3.0 3.0 3.0 0.0 0.1 2 TOUCH_MOVE l
1401611437744 6 4098 661.0 973.451 0.16666667 3.0 3.0 3.0 3.0 0.0 0.1 1 TOUCH_UP l
1401611437942 6 4098 306.5 1219.4509 0.26666668 5.0 5.0 5.0 5.0 0.0 0.22800002 0 TOUCH_DOWN Space
1401611437970 6 4098 305.12848 1219.1604 0.26666668 5.0 5.0 5.0 5.0 0.0 0.23200001 2 TOUCH_MOVE Space
1401611437976 6 4098 301.7517 1218.2015 0.26666668 5.0 5.0 5.0 5.0 0.0 0.23600002 2 TOUCH_MOVE Space
1401611437992 6 4098 298.84485 1217.2325 0.26666668 5.0 5.0 5.0 5.0 0.0 0.23600002 2 TOUCH_MOVE Space
1401611438009 6 4098 297.81427 1217.4509 0.26666668 5.0 5.0 5.0 5.0 0.0 0.23600002 2 TOUCH_MOVE Space
1401611438043 6 4098 299.75958 1220.297 0.23333335 4.0 4.0 4.0 4.0 0.0 0.208 2 TOUCH_MOVE Space
1401611438052 6 4098 299.5 1219.9509 0.13333334 2.0 2.0 2.0 2.0 0.0 0.18 2 TOUCH_MOVE Space
1401611438056 6 4098 299.5 1219.9509 0.13333334 2.0 2.0 2.0 2.0 0.0 0.18 1 TOUCH_UP Space
1401611439381 6 4098 582.0 1107.4509 0.3 5.0 5.0 5.0 5.0 0.0 0.20400001 0 TOUCH_DOWN m
1401611439394 6 4098 582.0 1107.4509 0.3 5.0 5.0 5.0 5.0 0.0 0.208 2 TOUCH_MOVE m
1401611439427 6 4098 580.6225 1107.4509 0.3 5.0 5.0 5.0 5.0 0.0 0.216 2 TOUCH_MOVE m
1401611439444 6 4098 579.6744 1107.4509 0.33333334 5.0 5.0 5.0 5.0 0.0 0.22000001 2 TOUCH_MOVE m
1401611439460 6 4098 579.25 1107.4509 0.33333334 5.0 5.0 5.0 5.0 0.0 0.22000001 2 TOUCH_MOVE m
1401611439494 6 4098 581.143 1108.8796 0.3 5.0 5.0 5.0 5.0 0.0 0.2 2 TOUCH_MOVE m
1401611439519 6 4098 582.0 1109.4509 0.16666667 3.0 3.0 3.0 3.0 0.0 0.1 2 TOUCH_MOVE m
1401611439522 6 4098 582.0 1109.4509 0.16666667 3.0 3.0 3.0 3.0 0.0 0.1 1 TOUCH_UP m
1401611439631 6 4098 75.0 928.451 0.20000002 4.0 4.0 4.0 4.0 0.0 0.18400002 0 TOUCH_DOWN a
1401611439644 6 4098 75.0 928.825 0.20000002 4.0 4.0 4.0 4.0 0.0 0.192 2 TOUCH_MOVE a
1401611439661 6 4098 76.08208 930.5331 0.3 5.0 5.0 5.0 5.0 0.0 0.20400001 2 TOUCH_MOVE a
1401611439677 6 4098 78.09222 932.5432 0.3 5.0 5.0 5.0 5.0 0.0 0.208 2 TOUCH_MOVE a
1401611439694 6 4098 79.746025 934.197 0.3 5.0 5.0 5.0 5.0 0.0 0.208 2 TOUCH_MOVE a
1401611439711 6 4098 80.0 935.1688 0.3 5.0 5.0 5.0 5.0 0.0 0.21200001 2 TOUCH_MOVE a
1401611439727 6 4098 80.0 936.06396 0.3 5.0 5.0 5.0 5.0 0.0 0.21200001 2 TOUCH_MOVE a
1401611439744 6 4098 80.0 936.701 0.3 5.0 5.0 5.0 5.0 0.0 0.21200001 2 TOUCH_MOVE a
1401611439780 6 4098 80.0 936.451 0.23333335 5.0 5.0 5.0 5.0 0.0 0.18 2 TOUCH_MOVE a
1401611439786 6 4098 80.0 936.451 0.23333335 5.0 5.0 5.0 5.0 0.0 0.18 1 TOUCH_UP a
1401611440118 6 4098 248.5 829.951 0.3 5.0 5.0 5.0 5.0 0.0 0.22800002 0 TOUCH_DOWN r
1401611440128 6 4098 248.5 829.951 0.33333334 5.0 5.0 5.0 5.0 0.0 0.23600002 2 TOUCH_MOVE r
1401611440194 6 4098 249.07953 831.0305 0.26666668 4.0 4.0 4.0 4.0 0.0 0.208 2 TOUCH_MOVE r
1401611440211 6 4098 250.0 833.451 0.13333334 2.0 2.0 2.0 2.0 0.0 0.136 2 TOUCH_MOVE r
1401611440216 6 4098 250.0 833.451 0.13333334 2.0 2.0 2.0 2.0 0.0 0.136 1 TOUCH_UP r
1401611440293 6 4098 266.5 834.451 0.3 5.0 5.0 5.0 5.0 0.0 0.216 0 TOUCH_DOWN r
1401611440363 6 4098 267.0 835.951 0.3 5.0 5.0 5.0 5.0 0.0 0.20400001 2 TOUCH_MOVE r
1401611440369 6 4098 267.0 835.951 0.23333335 5.0 5.0 5.0 5.0 0.0 0.18 2 TOUCH_MOVE r
1401611440373 6 4098 267.0 835.951 0.23333335 5.0 5.0 5.0 5.0 0.0 0.18 1 TOUCH_UP r
1401611440704 6 4098 421.0 845.451 0.26666668 4.0 4.0 4.0 4.0 0.0 0.216 0 TOUCH_DOWN y
1401611440729 6 4098 420.15842 845.0302 0.26666668 4.0 4.0 4.0 4.0 0.0 0.22000001 2 TOUCH_MOVE y
1401611440746 6 4098 417.27768 843.33984 0.33333334 5.0 5.0 5.0 5.0 0.0 0.23200001 2 TOUCH_MOVE y
1401611440761 6 4098 414.4906 841.6963 0.33333334 5.0 5.0 5.0 5.0 0.0 0.23600002 2 TOUCH_MOVE y
1401611440778 6 4098 412.77176 840.951 0.33333334 5.0 5.0 5.0 5.0 0.0 0.23600002 2 TOUCH_MOVE y
1401611440795 6 4098 411.81915 840.951 0.33333334 5.0 5.0 5.0 5.0 0.0 0.23200001 2 TOUCH_MOVE y
1401611440828 6 4098 414.6836 842.0428 0.26666668 4.0 4.0 4.0 4.0 0.0 0.208 2 TOUCH_MOVE y
1401611440845 6 4098 418.5 843.951 0.20000002 4.0 4.0 4.0 4.0 0.0 0.156 2 TOUCH_MOVE y
1401611440850 6 4098 418.5 843.951 0.20000002 4.0 4.0 4.0 4.0 0.0 0.156 1 TOUCH_UP y
1401611441407 6 4098 519.5 1237.4509 0.20000002 4.0 4.0 4.0 4.0 0.0 0.19600001 0 TOUCH_DOWN .
1401611441429 6 4098 519.1482 1237.0991 0.23333335 5.0 5.0 5.0 5.0 0.0 0.2 2 TOUCH_MOVE .
1401611441445 6 4098 517.6473 1236.2745 0.26666668 5.0 5.0 5.0 5.0 0.0 0.20400001 2 TOUCH_MOVE .
1401611441462 6 4098 515.0952 1234.181 0.26666668 5.0 5.0 5.0 5.0 0.0 0.20400001 2 TOUCH_MOVE .
1401611441479 6 4098 512.8512 1233.3766 0.26666668 5.0 5.0 5.0 5.0 0.0 0.20400001 2 TOUCH_MOVE .
1401611441495 6 4098 511.9396 1232.3905 0.26666668 5.0 5.0 5.0 5.0 0.0 0.208 2 TOUCH_MOVE .
1401611441514 6 4098 511.25 1232.4509 0.26666668 5.0 5.0 5.0 5.0 0.0 0.20400001 2 TOUCH_MOVE .
1401611441546 6 4098 512.5 1232.9509 0.20000002 4.0 4.0 4.0 4.0 0.0 0.18400002 2 TOUCH_MOVE .
1401611441550 6 4098 512.5 1232.9509 0.10000001 2.0 2.0 2.0 2.0 0.0 0.128 2 TOUCH_MOVE .
1401611441554 6 4098 512.5 1232.9509 0.10000001 2.0 2.0 2.0 2.0 0.0 0.128 1 TOUCH_UP .
1401611441958 6 4098 686.0 1239.4509 0.20000002 4.0 4.0 4.0 4.0 0.0 0.18800001 0 TOUCH_DOWN Enter
1401611441980 6 4098 686.0 1238.985 0.20000002 4.0 4.0 4.0 4.0 0.0 0.192 2 TOUCH_MOVE Enter
1401611441997 6 4098 685.123 1237.1969 0.23333335 5.0 5.0 5.0 5.0 0.0 0.19600001 2 TOUCH_MOVE Enter
1401611442013 6 4098 684.1458 1236.0968 0.23333335 5.0 5.0 5.0 5.0 0.0 0.2 2 TOUCH_MOVE Enter
1401611442029 6 4098 683.5 1235.1355 0.23333335 5.0 5.0 5.0 5.0 0.0 0.2 2 TOUCH_MOVE Enter
1401611442046 6 4098 683.5 1234.7009 0.23333335 5.0 5.0 5.0 5.0 0.0 0.2 2 TOUCH_MOVE Enter
1401611442063 6 4098 684.0 1234.9509 0.20000002 4.0 4.0 4.0 4.0 0.0 0.18800001 2 TOUCH_MOVE Enter
1401611442071 6 4098 684.0 1234.9509 0.10000001 2.0 2.0 2.0 2.0 0.0 0.164 2 TOUCH_MOVE Enter
1401611442076 6 4098 684.0 1234.9509 0.10000001 2.0 2.0 2.0 2.0 0.0 0.164 1 TOUCH_UP Enter
1401611443759 6 4098 681.5 1096.4509 0.26666668 4.0 4.0 4.0 4.0 0.0 0.21200001 0 TOUCH_DOWN Back
1401611443788 6 4098 681.5 1096.4509 0.26666668 4.0 4.0 4.0 4.0 0.0 0.216 2 TOUCH_MOVE Back
1401611443798 6 4098 680.75 1097.7009 0.3 5.0 5.0 5.0 5.0 0.0 0.216 2 TOUCH_MOVE Back
1401611443815 6 4098 679.8563 1098.0946 0.3 5.0 5.0 5.0 5.0 0.0 0.216 2 TOUCH_MOVE Back
1401611443832 6 4098 678.8923 1098.4509 0.3 5.0 5.0 5.0 5.0 0.0 0.216 2 TOUCH_MOVE Back
1401611443864 6 4098 679.0 1099.1042 0.26666668 4.0 4.0 4.0 4.0 0.0 0.21200001 2 TOUCH_MOVE Back
1401611443881 6 4098 679.0 1098.9509 0.26666668 4.0 4.0 4.0 4.0 0.0 0.18800001 2 TOUCH_MOVE Back
1401611443884 6 4098 679.0 1098.9509 0.16666667 3.0 3.0 3.0 3.0 0.0 0.104 2 TOUCH_MOVE Back
1401611443889 6 4098 679.0 1098.9509 0.16666667 3.0 3.0 3.0 3.0 0.0 0.104 1 TOUCH_UP Back
