1401611104535 6 4098 527.5 840.451 0.26666668 4.0 4.0 4.0 4.0 0.0 0.20400001 0 TOUCH_DOWN I
1401611104547 6 4098 527.5 840.451 0.26666668 4.0 4.0 4.0 4.0 0.0 0.208 2 TOUCH_MOVE I
1401611104629 6 4098 528.0 840.451 0.13333334 2.0 2.0 2.0 2.0 0.0 0.132 2 TOUCH_MOVE I
1401611104635 6 4098 528.0 840.451 0.13333334 2.0 2.0 2.0 2.0 0.0 0.132 1 TOUCH_UP I
1401611105027 6 4098 665.5 959.451 0.26666668 5.0 5.0 5.0 5.0 0.0 0.18400002 0 TOUCH_DOWN l
1401611105048 6 4098 665.5 959.451 0.26666668 5.0 5.0 5.0 5.0 0.0 0.192 2 TOUCH_MOVE l
1401611105098 6 4098 664.25 959.451 0.26666668 5.0 5.0 5.0 5.0 0.0 0.20400001 2 TOUCH_MOVE l
1401611105158 6 4098 664.25 959.451 0.26666668 5.0 5.0 5.0 5.0 0.0 0.20400001 1 TOUCH_UP l
1401611105929 6 4098 699.5 1065.9509 0.20000002 4.0 4.0 4.0 4.0 0.0 0.18 0 TOUCH_DOWN Back
1401611105948 6 4098 699.5 1065.9509 0.20000002 4.0 4.0 4.0 4.0 0.0 0.18800001 2 TOUCH_MOVE Back
1401611105983 6 4098 698.3681 1065.9509 0.26666668 4.0 4.0 4.0 4.0 0.0 0.2 2 TOUCH_MOVE Back
1401611105998 6 4098 696.79584 1065.9509 0.26666668 4.0 4.0 4.0 4.0 0.0 0.2 2 TOUCH_MOVE Back
1401611106015 6 4098 695.93567 1066.5153 0.26666668 4.0 4.0 4.0 4.0 0.0 0.2 2 TOUCH_MOVE Back
1401611106034 6 4098 694.97687 1066.9509 0.23333335 4.0 4.0 4.0 4.0 0.0 0.192 2 TOUCH_MOVE Back
1401611106050 6 4098 694.97687 1066.9509 0.23333335 4.0 4.0 4.0 4.0 0.0 0.192 1 TOUCH_UP Back
1401611106182 6 4098 255.5 1210.4509 0.23333335 4.0 4.0 4.0 4.0 0.0 0.21200001 0 TOUCH_DOWN Space
1401611106217 6 4098 259.3998 1212.0509 0.26666668 5.0 5.0 5.0 5.0 0.0 0.22800002 2 TOUCH_MOVE Space
1401611106232 6 4098 262.69104 1213.0146 0.26666668 5.0 5.0 5.0 5.0 0.0 0.22800002 2 TOUCH_MOVE Space
1401611106249 6 4098 265.57767 1213.9768 0.26666668 5.0 5.0 5.0 5.0 0.0 0.23200001 2 TOUCH_MOVE Space
1401611106266 6 4098 266.9845 1214.4509 0.26666668 5.0 5.0 5.0 5.0 0.0 0.23200001 2 TOUCH_MOVE Space
1401611106282 6 4098 267.94748 1214.4509 0.26666668 5.0 5.0 5.0 5.0 0.0 0.23200001 2 TOUCH_MOVE Space
1401611106300 6 4098 268.25 1214.4509 0.26666668 5.0 5.0 5.0 5.0 0.0 0.23200001 2 TOUCH_MOVE Space
1401611106332 6 4098 267.1919 1214.9509 0.26666668 5.0 5.0 5.0 5.0 0.0 0.22000001 2 TOUCH_MOVE Space
1401611106347 6 4098 265.5 1215.4509 0.23333335 4.0 4.0 4.0 4.0 0.0 0.18800001 2 TOUCH_MOVE Space
1401611106351 6 4098 265.5 1215.4509 0.23333335 4.0 4.0 4.0 4.0 0.0 0.18800001 1 TOUCH_UP Space
1401611106492 6 4098 657.0 969.451 0.20000002 4.0 4.0 4.0 4.0 0.0 0.2 0 TOUCH_DOWN l
1401611106537 6 4098 655.637 969.451 0.23333335 5.0 5.0 5.0 5.0 0.0 0.21200001 2 TOUCH_MOVE l
1401611106571 6 4098 654.25 969.451 0.23333335 5.0 5.0 5.0 5.0 0.0 0.21200001 2 TOUCH_MOVE l
1401611106599 6 4098 654.5 969.451 0.20000002 4.0 4.0 4.0 4.0 0.0 0.18400002 2 TOUCH_MOVE l
1401611106602 6 4098 654.5 969.451 0.20000002 4.0 4.0 4.0 4.0 0.0 0.18400002 1 TOUCH_UP l
1401611107358 6 4098 628.0 810.451 0.23333335 4.0 4.0 4.0 4.0 0.0 0.19600001 0 TOUCH_DOWN o
1401611107366 6 4098 628.0 810.451 0.23333335 4.0 4.0 4.0 4.0 0.0 0.2 2 TOUCH_MOVE o
1401611107398 6 4098 628.0 811.34564 0.3 5.0 5.0 5.0 5.0 0.0 0.208 2 TOUCH_MOVE o
1401611107403 6 4098 627.64185 812.30914 0.3 5.0 5.0 5.0 5.0 0.0 0.21200001 2 TOUCH_MOVE o
1401611107416 6 4098 626.6977 813.2533 0.3 5.0 5.0 5.0 5.0 0.0 0.216 2 TOUCH_MOVE o
1401611107433 6 4098 625.718 814.233 0.3 5.0 5.0 5.0 5.0 0.0 0.216 2 TOUCH_MOVE o
1401611107450 6 4098 625.5 815.1943 0.3 5.0 5.0 5.0 5.0 0.0 0.216 2 TOUCH_MOVE o
1401611107466 6 4098 625.5 815.701 0.3 5.0 5.0 5.0 5.0 0.0 0.21200001 2 TOUCH_MOVE o
1401611107477 6 4098 625.5 815.701 0.3 5.0 5.0 5.0 5.0 0.0 0.21200001 1 TOUCH_UP o
1401611108194 6 4098 361.5 1108.4509 0.23333335 5.0 5.0 5.0 5.0 0.0 0.21200001 0 TOUCH_DOWN v
1401611108287 6 4098 361.5 1109.7653 0.3 5.0 5.0 5.0 5.0 0.0 0.216 2 TOUCH_MOVE v
1401611108301 6 4098 363.05893 1110.7303 0.3 5.0 5.0 5.0 5.0 0.0 0.2 2 TOUCH_MOVE v
1401611108308 6 4098 363.5 1110.9509 0.26666668 5.0 5.0 5.0 5.0 0.0 0.18 2 TOUCH_MOVE v
1401611108311 6 4098 363.5 1110.9509 0.26666668 5.0 5.0 5.0 5.0 0.0 0.18 1 TOUCH_UP v
1401611108473 6 4098 203.0 851.451 0.20000002 4.0 4.0 4.0 4.0 0.0 0.19600001 0 TOUCH_DOWN e
1401611108484 6 4098 203.0 851.451 0.20000002 4.0 4.0 4.0 4.0 0.0 0.20400001 2 TOUCH_MOVE e
1401611108518 6 4098 203.27846 850.17255 0.26666668 5.0 5.0 5.0 5.0 0.0 0.224 2 TOUCH_MOVE e
1401611108540 6 4098 204.0 849.25134 0.26666668 5.0 5.0 5.0 5.0 0.0 0.224 2 TOUCH_MOVE e
1401611108565 6 4098 204.0 848.2507 0.3 5.0 5.0 5.0 5.0 0.0 0.22800002 2 TOUCH_MOVE e
1401611108568 6 4098 204.0 847.2951 0.3 5.0 5.0 5.0 5.0 0.0 0.22800002 2 TOUCH_MOVE e
1401611108585 6 4098 203.38042 846.3314 0.3 5.0 5.0 5.0 5.0 0.0 0.224 2 TOUCH_MOVE e
1401611108601 6 4098 202.44038 846.451 0.3 5.0 5.0 5.0 5.0 0.0 0.22000001 2 TOUCH_MOVE e
1401611108618 6 4098 200.919 845.91046 0.23333335 4.0 4.0 4.0 4.0 0.0 0.19600001 2 TOUCH_MOVE e
1401611108629 6 4098 201.0 845.951 0.13333334 2.0 2.0 2.0 2.0 0.0 0.132 2 TOUCH_MOVE e
1401611108635 6 4098 201.0 845.951 0.13333334 2.0 2.0 2.0 2.0 0.0 0.132 1 TOUCH_UP e
1401611108707 6 4098 327.5 1234.4509 0.23333335 5.0 5.0 5.0 5.0 0.0 0.2 0 TOUCH_DOWN Space
1401611108718 6 4098 327.1872 1234.4509 0.26666668 5.0 5.0 5.0 5.0 0.0 0.208 2 TOUCH_MOVE Space
1401611108736 6 4098 324.91168 1233.4067 0.26666668 5.0 5.0 5.0 5.0 0.0 0.216 2 TOUCH_MOVE Space
1401611108753 6 4098 321.05145 1231.9767 0.26666668 5.0 5.0 5.0 5.0 0.0 0.22000001 2 TOUCH_MOVE Space
1401611108768 6 4098 317.4075 1230.7534 0.26666668 5.0 5.0 5.0 5.0 0.0 0.224 2 TOUCH_MOVE Space
1401611108785 6 4098 315.17896 1229.7904 0.26666668 5.0 5.0 5.0 5.0 0.0 0.224 2 TOUCH_MOVE Space
1401611108801 6 4098 313.8714 1229.9509 0.26666668 5.0 5.0 5.0 5.0 0.0 0.224 2 TOUCH_MOVE Space
1401611108853 6 4098 314.50027 1231.4515 0.23333335 5.0 5.0 5.0 5.0 0.0 0.192 2 TOUCH_MOVE Space
1401611108863 6 4098 317.0 1233.9509 0.20000002 5.0 5.0 5.0 5.0 0.0 0.17600001 2 TOUCH_MOVE Space
1401611108866 6 4098 317.0 1233.9509 0.20000002 5.0 5.0 5.0 5.0 0.0 0.17600001 1 TOUCH_UP Space
1401611109185 6 4098 406.0 854.951 0.16666667 3.0 3.0 3.0 3.0 0.0 0.19600001 0 TOUCH_DOWN y
1401611109208 6 4098 406.34732 854.60364 0.23333335 4.0 4.0 4.0 4.0 0.0 0.20400001 2 TOUCH_MOVE y
1401611109218 6 4098 407.1524 853.7986 0.26666668 4.0 4.0 4.0 4.0 0.0 0.224 2 TOUCH_MOVE y
1401611109236 6 4098 409.2365 852.8327 0.3 5.0 5.0 5.0 5.0 0.0 0.23200001 2 TOUCH_MOVE y
1401611109251 6 4098 411.1347 851.88367 0.3 5.0 5.0 5.0 5.0 0.0 0.23600002 2 TOUCH_MOVE y
1401611109268 6 4098 412.04083 851.451 0.33333334 5.0 5.0 5.0 5.0 0.0 0.23600002 2 TOUCH_MOVE y
1401611109338 6 4098 411.20392 851.451 0.3 5.0 5.0 5.0 5.0 0.0 0.23600002 2 TOUCH_MOVE y
1401611109352 6 4098 406.9194 851.451 0.26666668 4.0 4.0 4.0 4.0 0.0 0.216 2 TOUCH_MOVE y
1401611109366 6 4098 401.0 852.451 0.23333335 5.0 5.0 5.0 5.0 0.0 0.17600001 2 TOUCH_MOVE y
1401611109370 6 4098 401.0 852.451 0.23333335 5.0 5.0 5.0 5.0 0.0 0.17600001 1 TOUCH_UP y
1401611109460 6 4098 613.0 839.451 0.3 5.0 5.0 5.0 5.0 0.0 0.20400001 0 TOUCH_DOWN o
1401611109468 6 4098 613.0 839.451 0.3 5.0 5.0 5.0 5.0 0.0 0.21200001 2 TOUCH_MOVE o
1401611109502 6 4098 613.0 838.50714 0.33333334 5.0 5.0 5.0 5.0 0.0 0.224 2 TOUCH_MOVE o
1401611109519 6 4098 613.0 836.5458 0.33333334 5.0 5.0 5.0 5.0 0.0 0.22800002 2 TOUCH_MOVE o
1401611109539 6 4098 613.8005 835.35004 0.33333334 5.0 5.0 5.0 5.0 0.0 0.22800002 2 TOUCH_MOVE o
1401611109552 6 4098 615.6553 833.68085 0.33333334 5.0 5.0 5.0 5.0 0.0 0.224 2 TOUCH_MOVE o
1401611109568 6 4098 622.14026 830.2064 0.3 5.0 5.0 5.0 5.0 0.0 0.20400001 2 TOUCH_MOVE o
1401611109587 6 4098 631.0 826.451 0.23333335 5.0 5.0 5.0 5.0 0.0 0.15200001 2 TOUCH_MOVE o
1401611109591 6 4098 631.0 826.451 0.23333335 5.0 5.0 5.0 5.0 0.0 0.15200001 1 TOUCH_UP o
1401611109917 6 4098 496.0 809.451 0.3 5.0 5.0 5.0 5.0 0.0 0.22000001 0 TOUCH_DOWN u
1401611109936 6 4098 496.0 809.451 0.3 5.0 5.0 5.0 5.0 0.0 0.224 2 TOUCH_MOVE u
1401611109952 6 4098 494.12268 809.451 0.3 5.0 5.0 5.0 5.0 0.0 0.23600002 2 TOUCH_MOVE u
1401611109969 6 4098 490.83206 809.451 0.3 5.0 5.0 5.0 5.0 0.0 0.24400002 2 TOUCH_MOVE u
1401611109987 6 4098 488.7407 809.451 0.33333334 5.0 5.0 5.0 5.0 0.0 0.24400002 2 TOUCH_MOVE u
1401611110005 6 4098 487.6576 809.451 0.33333334 5.0 5.0 5.0 5.0 0.0 0.24400002 2 TOUCH_MOVE u
1401611110020 6 4098 487.25 809.451 0.33333334 5.0 5.0 5.0 5.0 0.0 0.24400002 2 TOUCH_MOVE u
1401611110052 6 4098 488.5 809.951 0.3 5.0 5.0 5.0 5.0 0.0 0.224 2 TOUCH_MOVE u
1401611110069 6 4098 488.5 809.951 0.20000002 3.0 3.0 3.0 3.0 0.0 0.104 2 TOUCH_MOVE u
1401611110072 6 4098 488.5 809.951 0.20000002 3.0 3.0 3.0 3.0 0.0 0.104 1 TOUCH_UP u
1401611110867 6 4098 409.5 1208.4509 0.23333335 4.0 4.0 4.0 4.0 0.0 0.21200001 0 TOUCH_DOWN ,
1401611110898 6 4098 408.71448 1208.4509 0.23333335 4.0 4.0 4.0 4.0 0.0 0.216 2 TOUCH_MOVE ,
1401611110928 6 4098 405.2759 1208.4509 0.26666668 5.0 5.0 5.0 5.0 0.0 0.224 2 TOUCH_MOVE ,
1401611110956 6 4098 405.5 1208.4509 0.23333335 4.0 4.0 4.0 4.0 0.0 0.19600001 2 TOUCH_MOVE ,
1401611110962 6 4098 405.5 1208.4509 0.16666667 3.0 3.0 3.0 3.0 0.0 0.136 2 TOUCH_MOVE ,
1401611110968 6 4098 405.5 1208.4509 0.16666667 3.0 3.0 3.0 3.0 0.0 0.136 1 TOUCH_UP ,
1401611111260 6 4098 685.5 1078.4509 0.20000002 4.0 4.0 4.0 4.0 0.0 0.18400002 0 TOUCH_DOWN Back
1401611111276 6 4098 685.5 1078.4509 0.20000002 4.0 4.0 4.0 4.0 0.0 0.192 2 TOUCH_MOVE Back
1401611111320 6 4098 685.5 1077.3517 0.23333335 4.0 4.0 4.0 4.0 0.0 0.2 2 TOUCH_MOVE Back
1401611111340 6 4098 686.0 1075.9509 0.23333335 4.0 4.0 4.0 4.0 0.0 0.18800001 2 TOUCH_MOVE Back
1401611111344 6 4098 686.0 1075.9509 0.16666667 3.0 3.0 3.0 3.0 0.0 0.112 2 TOUCH_MOVE Back
1401611111347 6 4098 686.0 1075.9509 0.16666667 3.0 3.0 3.0 3.0 0.0 0.112 1 TOUCH_UP Back
1401611112136 6 4098 432.0 1209.4509 0.23333335 4.0 4.0 4.0 4.0 0.0 0.2 0 TOUCH_DOWN ,
1401611112155 6 4098 432.0 1210.3228 0.23333335 4.0 4.0 4.0 4.0 0.0 0.216 2 TOUCH_MOVE ,
1401611112171 6 4098 429.65134 1212.1252 0.26666668 5.0 5.0 5.0 5.0 0.0 0.224 2 TOUCH_MOVE ,
1401611112199 6 4098 426.621 1214.037 0.26666668 5.0 5.0 5.0 5.0 0.0 0.22800002 2 TOUCH_MOVE ,
1401611112205 6 4098 424.75336 1215.1976 0.26666668 5.0 5.0 5.0 5.0 0.0 0.22800002 2 TOUCH_MOVE ,
1401611112221 6 4098 424.5 1216.1614 0.26666668 5.0 5.0 5.0 5.0 0.0 0.224 2 TOUCH_MOVE ,
1401611112239 6 4098 426.63907 1218.9078 0.23333335 4.0 4.0 4.0 4.0 0.0 0.21200001 2 TOUCH_MOVE ,
1401611112254 6 4098 446.27563 1233.7101 0.20000002 4.0 4.0 4.0 4.0 0.0 0.18800001 2 TOUCH_MOVE ,
1401611112259 6 4098 446.27563 1233.7101 0.20000002 4.0 4.0 4.0 4.0 0.0 0.18800001 1 TOUCH_UP ,
1401611112473 6 4098 708.5 1244.4509 0.13333334 3.0 3.0 3.0 3.0 0.0 0.18 0 TOUCH_DOWN Enter
1401611112500 6 4098 708.5 1243.5916 0.13333334 3.0 3.0 3.0 3.0 0.0 0.18800001 2 TOUCH_MOVE Enter
1401611112505 6 4098 708.5 1240.0559 0.20000002 3.0 3.0 3.0 3.0 0.0 0.19600001 2 TOUCH_MOVE Enter
1401611112521 6 4098 707.4771 1235.3365 0.20000002 3.0 3.0 3.0 3.0 0.0 0.2 2 TOUCH_MOVE Enter
1401611112540 6 4098 707.0 1231.9762 0.20000002 3.0 3.0 3.0 3.0 0.0 0.2 2 TOUCH_MOVE Enter
1401611112555 6 4098 707.0 1229.5415 0.20000002 3.0 3.0 3.0 3.0 0.0 0.20400001 2 TOUCH_MOVE Enter
1401611112571 6 4098 707.0 1228.5363 0.20000002 3.0 3.0 3.0 3.0 0.0 0.20400001 2 TOUCH_MOVE Enter
1401611112590 6 4098 707.8551 1228.4509 0.20000002 3.0 3.0 3.0 3.0 0.0 0.20400001 2 TOUCH_MOVE Enter
1401611112605 6 4098 708.8383 1228.4509 0.20000002 3.0 3.0 3.0 3.0 0.0 0.19600001 2 TOUCH_MOVE Enter
1401611112611 6 4098 709.0 1228.4509 0.20000002 3.0 3.0 3.0 3.0 0.0 0.17600001 2 TOUCH_MOVE Enter
1401611112615 6 4098 709.0 1228.4509 0.20000002 3.0 3.0 3.0 3.0 0.0 0.17600001 1 TOUCH_UP Enter
1401611114075 6 4098 405.0 837.951 0.26666668 4.0 4.0 4.0 4.0 0.0 0.20400001 0 TOUCH_DOWN Y
1401611114107 6 4098 405.0 837.951 0.26666668 4.0 4.0 4.0 4.0 0.0 0.21200001 2 TOUCH_MOVE Y
1401611114223 6 4098 404.49426 837.951 0.26666668 4.0 4.0 4.0 4.0 0.0 0.208 2 TOUCH_MOVE Y
1401611114239 6 4098 404.0 838.451 0.16666667 3.0 3.0 3.0 3.0 0.0 0.112 2 TOUCH_MOVE Y
1401611114243 6 4098 404.0 838.451 0.16666667 3.0 3.0 3.0 3.0 0.0 0.112 1 TOUCH_UP Y
1401611114323 6 4098 639.0 826.451 0.3 5.0 5.0 5.0 5.0 0.0 0.208 0 TOUCH_DOWN o
1401611114336 6 4098 638.8168 826.451 0.33333334 5.0 5.0 5.0 5.0 0.0 0.216 2 TOUCH_MOVE o
1401611114350 6 4098 638.1728 826.7782 0.33333334 5.0 5.0 5.0 5.0 0.0 0.22800002 2 TOUCH_MOVE o
1401611114356 6 4098 636.15076 826.951 0.33333334 5.0 5.0 5.0 5.0 0.0 0.22800002 2 TOUCH_MOVE o
1401611114373 6 4098 633.49585 827.451 0.33333334 5.0 5.0 5.0 5.0 0.0 0.23600002 2 TOUCH_MOVE o
1401611114390 6 4098 632.2908 827.451 0.33333334 5.0 5.0 5.0 5.0 0.0 0.23200001 2 TOUCH_MOVE o
1401611114406 6 4098 631.32605 827.451 0.33333334 5.0 5.0 5.0 5.0 0.0 0.23200001 2 TOUCH_MOVE o
1401611114457 6 4098 631.32605 827.451 0.33333334 5.0 5.0 5.0 5.0 0.0 0.23200001 1 TOUCH_UP o
1401611114636 6 4098 466.0 819.951 0.3 5.0 5.0 5.0 5.0 0.0 0.224 0 TOUCH_DOWN u
1401611114657 6 4098 466.0 819.951 0.33333334 5.0 5.0 5.0 5.0 0.0 0.23200001 2 TOUCH_MOVE u
1401611114676 6 4098 465.4414 819.951 0.33333334 5.0 5.0 5.0 5.0 0.0 0.24400002 2 TOUCH_MOVE u
1401611114690 6 4098 464.48407 819.951 0.36666667 6.0 6.0 6.0 6.0 0.0 0.24400002 2 TOUCH_MOVE u
1401611114707 6 4098 463.75 819.951 0.36666667 6.0 6.0 6.0 6.0 0.0 0.24400002 2 TOUCH_MOVE u
1401611114761 6 4098 465.77795 821.77045 0.33333334 5.0 5.0 5.0 5.0 0.0 0.23200001 2 TOUCH_MOVE u
1401611114774 6 4098 470.0 823.451 0.3 5.0 5.0 5.0 5.0 0.0 0.20400001 2 TOUCH_MOVE u
1401611114780 6 4098 470.0 823.451 0.16666667 3.0 3.0 3.0 3.0 0.0 0.104 2 TOUCH_MOVE u
1401611114784 6 4098 470.0 823.451 0.16666667 3.0 3.0 3.0 3.0 0.0 0.104 1 TOUCH_UP u
1401611115108 6 4098 290.0 1230.9509 0.26666668 5.0 5.0 5.0 5.0 0.0 0.208 0 TOUCH_DOWN Space
1401611115113 6 4098 289.44 1230.6709 0.26666668 5.0 5.0 5.0 5.0 0.0 0.216 2 TOUCH_MOVE Space
1401611115138 6 4098 286.8995 1229.4006 0.26666668 5.0 5.0 5.0 5.0 0.0 0.22800002 2 TOUCH_MOVE Space
1401611115144 6 4098 283.0947 1227.9746 0.26666668 5.0 5.0 5.0 5.0 0.0 0.23200001 2 TOUCH_MOVE Space
1401611115159 6 4098 280.60223 1227.0021 0.26666668 5.0 5.0 5.0 5.0 0.0 0.23200001 2 TOUCH_MOVE Space
1401611115174 6 4098 279.75 1226.9509 0.26666668 5.0 5.0 5.0 5.0 0.0 0.22800002 2 TOUCH_MOVE Space
1401611115205 6 4098 282.5 1228.4509 0.20000002 4.0 4.0 4.0 4.0 0.0 0.192 2 TOUCH_MOVE Space
1401611115209 6 4098 282.5 1228.4509 0.20000002 4.0 4.0 4.0 4.0 0.0 0.192 1 TOUCH_UP Space
1401611115478 6 4098 679.0 974.451 0.20000002 4.0 4.0 4.0 4.0 0.0 0.18800001 0 TOUCH_DOWN l
1401611115491 6 4098 679.0 974.451 0.20000002 4.0 4.0 4.0 4.0 0.0 0.19600001 2 TOUCH_MOVE l
1401611115525 6 4098 678.4762 973.9272 0.26666668 5.0 5.0 5.0 5.0 0.0 0.216 2 TOUCH_MOVE l
1401611115542 6 4098 677.9553 972.9063 0.26666668 5.0 5.0 5.0 5.0 0.0 0.22000001 2 TOUCH_MOVE l
1401611115557 6 4098 676.97675 972.451 0.26666668 5.0 5.0 5.0 5.0 0.0 0.224 2 TOUCH_MOVE l
1401611115574 6 4098 676.25 972.451 0.26666668 5.0 5.0 5.0 5.0 0.0 0.22000001 2 TOUCH_MOVE l
1401611115621 6 4098 675.5 970.451 0.23333335 4.0 4.0 4.0 4.0 0.0 0.18400002 2 TOUCH_MOVE l
1401611115625 6 4098 675.5 970.451 0.23333335 4.0 4.0 4.0 4.0 0.0 0.18400002 1 TOUCH_UP l
1401611115772 6 4098 629.5 826.951 0.33333334 5.0 5.0 5.0 5.0 0.0 0.22000001 0 TOUCH_DOWN o
1401611115792 6 4098 629.5 826.951 0.33333334 5.0 5.0 5.0 5.0 0.0 0.22800002 2 TOUCH_MOVE o
1401611115808 6 4098 626.74 825.571 0.33333334 5.0 5.0 5.0 5.0 0.0 0.23200001 2 TOUCH_MOVE o
1401611115825 6 4098 623.2928 824.0486 0.33333334 5.0 5.0 5.0 5.0 0.0 0.24000001 2 TOUCH_MOVE o
1401611115844 6 4098 620.7933 823.0976 0.33333334 5.0 5.0 5.0 5.0 0.0 0.24000001 2 TOUCH_MOVE o
1401611115858 6 4098 619.1818 822.951 0.33333334 5.0 5.0 5.0 5.0 0.0 0.24000001 2 TOUCH_MOVE o
1401611115874 6 4098 618.25 822.951 0.33333334 5.0 5.0 5.0 5.0 0.0 0.24000001 2 TOUCH_MOVE o
1401611115908 6 4098 619.0 822.951 0.33333334 5.0 5.0 5.0 5.0 0.0 0.22000001 2 TOUCH_MOVE o
1401611115916 6 4098 619.0 822.951 0.33333334 5.0 5.0 5.0 5.0 0.0 0.18400002 2 TOUCH_MOVE o
1401611115939 6 4098 619.0 822.951 0.33333334 5.0 5.0 5.0 5.0 0.0 0.18400002 1 TOUCH_UP o
1401611116227 6 4098 380.0 1096.4509 0.3 5.0 5.0 5.0 5.0 0.0 0.22000001 0 TOUCH_DOWN v
1401611116244 6 4098 380.0 1096.4509 0.3 5.0 5.0 5.0 5.0 0.0 0.224 2 TOUCH_MOVE v
1401611116275 6 4098 379.25 1096.9509 0.3 5.0 5.0 5.0 5.0 0.0 0.23200001 2 TOUCH_MOVE v
1401611116323 6 4098 380.0 1097.9509 0.3 5.0 5.0 5.0 5.0 0.0 0.2 2 TOUCH_MOVE v
1401611116328 6 4098 380.0 1097.9509 0.3 5.0 5.0 5.0 5.0 0.0 0.2 1 TOUCH_UP v
1401611116539 6 4098 170.5 836.951 0.26666668 4.0 4.0 4.0 4.0 0.0 0.2 0 TOUCH_DOWN e
1401611116562 6 4098 170.5 836.951 0.26666668 4.0 4.0 4.0 4.0 0.0 0.20400001 2 TOUCH_MOVE e
1401611116592 6 4098 171.13402 835.31696 0.33333334 5.0 5.0 5.0 5.0 0.0 0.224 2 TOUCH_MOVE e
1401611116610 6 4098 172.09216 834.951 0.33333334 5.0 5.0 5.0 5.0 0.0 0.22800002 2 TOUCH_MOVE e
1401611116625 6 4098 173.55507 834.451 0.33333334 5.0 5.0 5.0 5.0 0.0 0.22800002 2 TOUCH_MOVE e
1401611116642 6 4098 174.4986 834.451 0.33333334 5.0 5.0 5.0 5.0 0.0 0.224 2 TOUCH_MOVE e
1401611116658 6 4098 175.47495 834.451 0.33333334 5.0 5.0 5.0 5.0 0.0 0.224 2 TOUCH_MOVE e
1401611116675 6 4098 175.75 834.451 0.33333334 5.0 5.0 5.0 5.0 0.0 0.22800002 2 TOUCH_MOVE e
1401611116714 6 4098 175.5 834.451 0.3 5.0 5.0 5.0 5.0 0.0 0.18800001 2 TOUCH_MOVE e
1401611116718 6 4098 175.5 834.451 0.3 5.0 5.0 5.0 5.0 0.0 0.18800001 1 TOUCH_UP e
1401611117001 6 4098 289.5 1228.9509 0.26666668 5.0 5.0 5.0 5.0 0.0 0.216 0 TOUCH_DOWN Space
1401611117010 6 4098 289.5 1228.9509 0.26666668 5.0 5.0 5.0 5.0 0.0 0.22000001 2 TOUCH_MOVE Space
1401611117030 6 4098 287.61484 1228.8225 0.26666668 5.0 5.0 5.0 5.0 0.0 0.22800002 2 TOUCH_MOVE Space
1401611117042 6 4098 284.7234 1227.8588 0.26666668 5.0 5.0 5.0 5.0 0.0 0.23200001 2 TOUCH_MOVE Space
1401611117059 6 4098 282.39694 1226.8994 0.26666668 5.0 5.0 5.0 5.0 0.0 0.23200001 2 TOUCH_MOVE Space
1401611117085 6 4098 280.99625 1226.4509 0.26666668 5.0 5.0 5.0 5.0 0.0 0.23200001 2 TOUCH_MOVE Space
1401611117126 6 4098 281.0 1226.4509 0.23333335 4.0 4.0 4.0 4.0 0.0 0.208 2 TOUCH_MOVE Space
1401611117131 6 4098 281.0 1226.4509 0.23333335 4.0 4.0 4.0 4.0 0.0 0.18 2 TOUCH_MOVE Space
1401611117143 6 4098 281.0 1226.4509 0.23333335 4.0 4.0 4.0 4.0 0.0 0.18 1 TOUCH_UP Space
1401611117959 6 4098 546.0 1080.9509 0.20000002 4.0 4.0 4.0 4.0 0.0 0.192 0 TOUCH_DOWN m
1401611118010 6 4098 546.3519 1080.9509 0.23333335 5.0 5.0 5.0 5.0 0.0 0.18800001 2 TOUCH_MOVE m
1401611118016 6 4098 546.5 1080.9509 0.23333335 5.0 5.0 5.0 5.0 0.0 0.18 2 TOUCH_MOVE m
1401611118020 6 4098 546.5 1080.9509 0.23333335 5.0 5.0 5.0 5.0 0.0 0.18 1 TOUCH_UP m
1401611119106 6 4098 184.5 831.451 0.23333335 5.0 5.0 5.0 5.0 0.0 0.192 0 TOUCH_DOWN e
1401611119161 6 4098 185.194 831.451 0.33333334 5.0 5.0 5.0 5.0 0.0 0.22000001 2 TOUCH_MOVE e
1401611119178 6 4098 185.57558 832.02655 0.33333334 5.0 5.0 5.0 5.0 0.0 0.224 2 TOUCH_MOVE e
1401611119195 6 4098 186.25 832.701 0.33333334 5.0 5.0 5.0 5.0 0.0 0.224 2 TOUCH_MOVE e
1401611119211 6 4098 186.73036 832.451 0.33333334 5.0 5.0 5.0 5.0 0.0 0.22800002 2 TOUCH_MOVE e
1401611119291 6 4098 186.5 832.451 0.16666667 3.0 3.0 3.0 3.0 0.0 0.120000005 2 TOUCH_MOVE e
1401611119296 6 4098 186.5 832.451 0.16666667 3.0 3.0 3.0 3.0 0.0 0.120000005 1 TOUCH_UP e
1401611120444 6 4098 495.0 1204.4509 0.26666668 5.0 5.0 5.0 5.0 0.0 0.2 0 TOUCH_DOWN .
1401611120468 6 4098 495.0 1204.7932 0.26666668 5.0 5.0 5.0 5.0 0.0 0.20400001 2 TOUCH_MOVE .
1401611120479 6 4098 495.0 1205.584 0.26666668 5.0 5.0 5.0 5.0 0.0 0.216 2 TOUCH_MOVE .
1401611120497 6 4098 493.8937 1206.5573 0.26666668 5.0 5.0 5.0 5.0 0.0 0.216 2 TOUCH_MOVE .
1401611120512 6 4098 493.5 1207.5197 0.26666668 5.0 5.0 5.0 5.0 0.0 0.216 2 TOUCH_MOVE .
1401611120562 6 4098 497.67606 1207.4509 0.26666668 5.0 5.0 5.0 5.0 0.0 0.2 2 TOUCH_MOVE .
1401611120576 6 4098 498.0 1207.4509 0.16666667 3.0 3.0 3.0 3.0 0.0 0.1 2 TOUCH_MOVE .
1401611120581 6 4098 498.0 1207.4509 0.16666667 3.0 3.0 3.0 3.0 0.0 0.1 1 TOUCH_UP .
1401611120944 6 4098 714.0 1206.4509 0.20000002 3.0 3.0 3.0 3.0 0.0 0.19600001 0 TOUCH_DOWN Enter
1401611120963 6 4098 714.0 1206.9795 0.20000002 3.0 3.0 3.0 3.0 0.0 0.208 2 TOUCH_MOVE Enter
1401611120980 6 4098 713.0103 1207.9406 0.20000002 3.0 3.0 3.0 3.0 0.0 0.21200001 2 TOUCH_MOVE Enter
1401611121013 6 4098 709.59106 1209.8599 0.20000002 3.0 3.0 3.0 3.0 0.0 0.216 2 TOUCH_MOVE Enter
1401611121030 6 4098 708.62823 1210.8226 0.20000002 3.0 3.0 3.0 3.0 0.0 0.216 2 TOUCH_MOVE Enter
1401611121046 6 4098 708.0 1211.7777 0.20000002 3.0 3.0 3.0 3.0 0.0 0.22000001 2 TOUCH_MOVE Enter
1401611121063 6 4098 708.0 1212.7009 0.20000002 3.0 3.0 3.0 3.0 0.0 0.216 2 TOUCH_MOVE Enter
1401611121090 6 4098 708.0 1213.4509 0.20000002 3.0 3.0 3.0 3.0 0.0 0.16000001 2 TOUCH_MOVE Enter
1401611121093 6 4098 708.0 1213.4509 0.20000002 3.0 3.0 3.0 3.0 0.0 0.16000001 1 TOUCH_UP Enter
1401611121759 6 4098 121.5 818.951 0.26666668 4.0 4.0 4.0 4.0 0.0 0.192 0 TOUCH_DOWN W
1401611121785 6 4098 121.5 819.21735 0.26666668 4.0 4.0 4.0 4.0 0.0 0.2 2 TOUCH_MOVE W
1401611121797 6 4098 122.097176 820.04816 0.3 5.0 5.0 5.0 5.0 0.0 0.208 2 TOUCH_MOVE W
1401611121813 6 4098 123.60241 821.5534 0.3 5.0 5.0 5.0 5.0 0.0 0.21200001 2 TOUCH_MOVE W
1401611121830 6 4098 125.00903 822.96 0.3 5.0 5.0 5.0 5.0 0.0 0.216 2 TOUCH_MOVE W
1401611121847 6 4098 125.97539 823.9264 0.3 5.0 5.0 5.0 5.0 0.0 0.216 2 TOUCH_MOVE W
1401611121864 6 4098 126.75 824.701 0.3 5.0 5.0 5.0 5.0 0.0 0.216 2 TOUCH_MOVE W
1401611121914 6 4098 126.5 824.451 0.26666668 4.0 4.0 4.0 4.0 0.0 0.192 2 TOUCH_MOVE W
1401611121921 6 4098 126.5 824.451 0.26666668 4.0 4.0 4.0 4.0 0.0 0.192 1 TOUCH_UP W
1401611122033 6 4098 185.0 813.451 0.26666668 4.0 4.0 4.0 4.0 0.0 0.2 0 TOUCH_DOWN e
1401611122048 6 4098 185.0 813.451 0.26666668 4.0 4.0 4.0 4.0 0.0 0.208 2 TOUCH_MOVE e
1401611122064 6 4098 186.43742 814.4197 0.3 5.0 5.0 5.0 5.0 0.0 0.216 2 TOUCH_MOVE e
1401611122081 6 4098 188.79424 815.8824 0.3 5.0 5.0 5.0 5.0 0.0 0.224 2 TOUCH_MOVE e
1401611122097 6 4098 190.76143 816.8317 0.3 5.0 5.0 5.0 5.0 0.0 0.22800002 2 TOUCH_MOVE e
1401611122114 6 4098 192.35419 817.8052 0.3 5.0 5.0 5.0 5.0 0.0 0.23200001 2 TOUCH_MOVE e
1401611122134 6 4098 193.25 817.951 0.3 5.0 5.0 5.0 5.0 0.0 0.23200001 2 TOUCH_MOVE e
1401611122193 6 4098 191.5 816.951 0.23333335 4.0 4.0 4.0 4.0 0.0 0.192 2 TOUCH_MOVE e
1401611122196 6 4098 191.5 816.951 0.23333335 4.0 4.0 4.0 4.0 0.0 0.192 1 TOUCH_UP e
1401611122355 6 4098 310.0 1226.9509 0.26666668 5.0 5.0 5.0 5.0 0.0 0.21200001 0 TOUCH_DOWN Space
1401611122364 6 4098 310.0 1226.9509 0.26666668 5.0 5.0 5.0 5.0 0.0 0.216 2 TOUCH_MOVE Space
1401611122390 6 4098 309.11508 1226.9509 0.26666668 5.0 5.0 5.0 5.0 0.0 0.22800002 2 TOUCH_MOVE Space
1401611122398 6 4098 306.61777 1226.4509 0.3 6.0 6.0 6.0 6.0 0.0 0.22800002 2 TOUCH_MOVE Space
1401611122414 6 4098 304.6755 1226.4509 0.3 6.0 6.0 6.0 6.0 0.0 0.22800002 2 TOUCH_MOVE Space
1401611122431 6 4098 303.38 1226.4509 0.26666668 5.0 5.0 5.0 5.0 0.0 0.224 2 TOUCH_MOVE Space
1401611122464 6 4098 313.67154 1227.5404 0.26666668 5.0 5.0 5.0 5.0 0.0 0.192 2 TOUCH_MOVE Space
1401611122469 6 4098 313.67154 1227.5404 0.26666668 5.0 5.0 5.0 5.0 0.0 0.192 1 TOUCH_UP Space
1401611123026 6 4098 632.5 835.451 0.33333334 5.0 5.0 5.0 5.0 0.0 0.224 0 TOUCH_DOWN o
1401611123048 6 4098 632.5 835.451 0.33333334 5.0 5.0 5.0 5.0 0.0 0.22800002 2 TOUCH_MOVE o
1401611123064 6 4098 629.54846 834.3005 0.33333334 5.0 5.0 5.0 5.0 0.0 0.24000001 2 TOUCH_MOVE o
1401611123081 6 4098 626.6596 832.8375 0.36666667 6.0 6.0 6.0 6.0 0.0 0.24400002 2 TOUCH_MOVE o
1401611123098 6 4098 624.85345 831.87775 0.36666667 6.0 6.0 6.0 6.0 0.0 0.24400002 2 TOUCH_MOVE o
1401611123115 6 4098 623.96606 831.951 0.36666667 6.0 6.0 6.0 6.0 0.0 0.24400002 2 TOUCH_MOVE o
1401611123180 6 4098 624.0 831.951 0.13333334 2.0 2.0 2.0 2.0 0.0 0.136 2 TOUCH_MOVE o
1401611123185 6 4098 624.0 831.951 0.13333334 2.0 2.0 2.0 2.0 0.0 0.136 1 TOUCH_UP o
1401611123432 6 4098 388.5 1111.4509 0.33333334 5.0 5.0 5.0 5.0 0.0 0.208 0 TOUCH_DOWN v
1401611123450 6 4098 388.12238 1111.4509 0.33333334 5.0 5.0 5.0 5.0 0.0 0.22000001 2 TOUCH_MOVE v
1401611123466 6 4098 387.13535 1111.4509 0.33333334 5.0 5.0 5.0 5.0 0.0 0.24000001 2 TOUCH_MOVE v
1401611123495 6 4098 385.13446 1111.4509 0.33333334 5.0 5.0 5.0 5.0 0.0 0.24400002 2 TOUCH_MOVE v
1401611123500 6 4098 383.35458 1111.4509 0.33333334 5.0 5.0 5.0 5.0 0.0 0.24800001 2 TOUCH_MOVE v
1401611123516 6 4098 382.39404 1111.4509 0.33333334 5.0 5.0 5.0 5.0 0.0 0.24800001 2 TOUCH_MOVE v
1401611123532 6 4098 381.75 1111.4509 0.33333334 5.0 5.0 5.0 5.0 0.0 0.24800001 2 TOUCH_MOVE v
1401611123595 6 4098 382.0 1111.4509 0.33333334 5.0 5.0 5.0 5.0 0.0 0.20400001 2 TOUCH_MOVE v
1401611123598 6 4098 382.0 1111.4509 0.33333334 5.0 5.0 5.0 5.0 0.0 0.20400001 1 TOUCH_UP v
1401611123872 6 4098 187.5 829.951 0.23333335 5.0 5.0 5.0 5.0 0.0 0.18400002 0 TOUCH_DOWN e
1401611123935 6 4098 188.1466 830.5976 0.3 5.0 5.0 5.0 5.0 0.0 0.208 2 TOUCH_MOVE e
1401611123949 6 4098 189.10176 831.55273 0.3 5.0 5.0 5.0 5.0 0.0 0.208 2 TOUCH_MOVE e
1401611123965 6 4098 190.00346 831.951 0.3 5.0 5.0 5.0 5.0 0.0 0.208 2 TOUCH_MOVE e
1401611123986 6 4098 191.02368 831.951 0.3 5.0 5.0 5.0 5.0 0.0 0.208 2 TOUCH_MOVE e
1401611124029 6 4098 191.02368 831.951 0.3 5.0 5.0 5.0 5.0 0.0 0.208 1 TOUCH_UP e
1401611124446 6 4098 697.0 1089.4509 0.13333334 2.0 2.0 2.0 2.0 0.0 0.18400002 0 TOUCH_DOWN Back
1401611124467 6 4098 696.554 1089.4509 0.23333335 4.0 4.0 4.0 4.0 0.0 0.2 2 TOUCH_MOVE Back
1401611124484 6 4098 693.6111 1089.4509 0.26666668 5.0 5.0 5.0 5.0 0.0 0.21200001 2 TOUCH_MOVE Back
1401611124499 6 4098 690.5326 1089.4509 0.26666668 5.0 5.0 5.0 5.0 0.0 0.21200001 2 TOUCH_MOVE Back
1401611124516 6 4098 688.72235 1089.4509 0.26666668 5.0 5.0 5.0 5.0 0.0 0.21200001 2 TOUCH_MOVE Back
1401611124533 6 4098 687.7558 1089.4509 0.26666668 5.0 5.0 5.0 5.0 0.0 0.216 2 TOUCH_MOVE Back
1401611124574 6 4098 687.7558 1089.4509 0.26666668 5.0 5.0 5.0 5.0 0.0 0.216 1 TOUCH_UP Back
1401611124681 6 4098 682.0 1080.9509 0.20000002 4.0 4.0 4.0 4.0 0.0 0.2 0 TOUCH_DOWN Back
1401611124704 6 4098 682.0 1080.9509 0.20000002 4.0 4.0 4.0 4.0 0.0 0.20400001 2 TOUCH_MOVE Back
1401611124733 6 4098 681.1106 1081.3403 0.23333335 5.0 5.0 5.0 5.0 0.0 0.208 2 TOUCH_MOVE Back
1401611124749 6 4098 680.76965 1081.6813 0.23333335 5.0 5.0 5.0 5.0 0.0 0.208 2 TOUCH_MOVE Back
1401611124778 6 4098 680.76965 1081.6813 0.23333335 5.0 5.0 5.0 5.0 0.0 0.208 1 TOUCH_UP Back
1401611125192 6 4098 679.0 1079.4509 0.20000002 4.0 4.0 4.0 4.0 0.0 0.19600001 0 TOUCH_DOWN Back
1401611125200 6 4098 679.0 1079.4509 0.20000002 4.0 4.0 4.0 4.0 0.0 0.2 2 TOUCH_MOVE Back
1401611125303 6 4098 679.0 1079.4509 0.20000002 4.0 4.0 4.0 4.0 0.0 0.2 1 TOUCH_UP Back
1401611126207 6 4098 649.0 964.951 0.20000002 4.0 4.0 4.0 4.0 0.0 0.192 0 TOUCH_DOWN l
1401611126229 6 4098 649.0 964.951 0.23333335 4.0 4.0 4.0 4.0 0.0 0.20400001 2 TOUCH_MOVE l
1401611126260 6 4098 647.74414 963.6951 0.26666668 5.0 5.0 5.0 5.0 0.0 0.21200001 2 TOUCH_MOVE l
1401611126270 6 4098 646.7819 962.7329 0.26666668 5.0 5.0 5.0 5.0 0.0 0.216 2 TOUCH_MOVE l
1401611126285 6 4098 645.8787 961.8297 0.26666668 5.0 5.0 5.0 5.0 0.0 0.216 2 TOUCH_MOVE l
1401611126344 6 4098 646.0 961.951 0.26666668 5.0 5.0 5.0 5.0 0.0 0.18400002 2 TOUCH_MOVE l
1401611126347 6 4098 646.0 961.951 0.26666668 5.0 5.0 5.0 5.0 0.0 0.18400002 1 TOUCH_UP l
1401611126773 6 4098 628.0 837.951 0.3 5.0 5.0 5.0 5.0 0.0 0.2 0 TOUCH_DOWN o
1401611126785 6 4098 628.0 837.4929 0.33333334 5.0 5.0 5.0 5.0 0.0 0.208 2 TOUCH_MOVE o
1401611126802 6 4098 624.0893 835.0046 0.33333334 5.0 5.0 5.0 5.0 0.0 0.22000001 2 TOUCH_MOVE o
1401611126822 6 4098 620.2332 833.0676 0.33333334 5.0 5.0 5.0 5.0 0.0 0.22800002 2 TOUCH_MOVE o
1401611126847 6 4098 617.6994 832.05066 0.33333334 5.0 5.0 5.0 5.0 0.0 0.23200001 2 TOUCH_MOVE o
1401611126855 6 4098 616.1521 831.451 0.33333334 5.0 5.0 5.0 5.0 0.0 0.23200001 2 TOUCH_MOVE o
1401611126868 6 4098 615.75 831.451 0.33333334 5.0 5.0 5.0 5.0 0.0 0.23200001 2 TOUCH_MOVE o
1401611126901 6 4098 616.0 831.451 0.33333334 5.0 5.0 5.0 5.0 0.0 0.192 2 TOUCH_MOVE o
1401611126905 6 4098 616.0 831.451 0.33333334 5.0 5.0 5.0 5.0 0.0 0.192 1 TOUCH_UP o
1401611127287 6 4098 365.0 1097.4509 0.26666668 4.0 4.0 4.0 4.0 0.0 0.216 0 TOUCH_DOWN v
1401611127303 6 4098 365.0 1097.4509 0.26666668 4.0 4.0 4.0 4.0 0.0 0.224 2 TOUCH_MOVE v
1401611127335 6 4098 363.77136 1097.4509 0.33333334 5.0 5.0 5.0 5.0 0.0 0.23600002 2 TOUCH_MOVE v
1401611127352 6 4098 362.87024 1097.4509 0.33333334 5.0 5.0 5.0 5.0 0.0 0.23600002 2 TOUCH_MOVE v
1401611127385 6 4098 363.0 1097.9833 0.3 5.0 5.0 5.0 5.0 0.0 0.22800002 2 TOUCH_MOVE v
1401611127404 6 4098 363.0 1098.4509 0.26666668 4.0 4.0 4.0 4.0 0.0 0.19600001 2 TOUCH_MOVE v
1401611127412 6 4098 363.0 1098.4509 0.16666667 3.0 3.0 3.0 3.0 0.0 0.112 2 TOUCH_MOVE v
1401611127416 6 4098 363.0 1098.4509 0.16666667 3.0 3.0 3.0 3.0 0.0 0.112 1 TOUCH_UP v
1401611127676 6 4098 195.5 834.451 0.26666668 4.0 4.0 4.0 4.0 0.0 0.19600001 0 TOUCH_DOWN e
1401611127719 6 4098 195.5 833.0993 0.3 5.0 5.0 5.0 5.0 0.0 0.21200001 2 TOUCH_MOVE e
1401611127737 6 4098 194.69781 832.1488 0.33333334 5.0 5.0 5.0 5.0 0.0 0.216 2 TOUCH_MOVE e
1401611127752 6 4098 194.22502 830.676 0.33333334 5.0 5.0 5.0 5.0 0.0 0.22000001 2 TOUCH_MOVE e
1401611127769 6 4098 193.26541 829.7164 0.33333334 5.0 5.0 5.0 5.0 0.0 0.22000001 2 TOUCH_MOVE e
1401611127788 6 4098 192.5 828.7569 0.33333334 5.0 5.0 5.0 5.0 0.0 0.224 2 TOUCH_MOVE e
1401611127802 6 4098 192.5 827.81714 0.33333334 5.0 5.0 5.0 5.0 0.0 0.22000001 2 TOUCH_MOVE e
1401611127819 6 4098 191.38037 826.83136 0.33333334 5.0 5.0 5.0 5.0 0.0 0.22000001 2 TOUCH_MOVE e
1401611127837 6 4098 190.42252 825.8735 0.26666668 4.0 4.0 4.0 4.0 0.0 0.208 2 TOUCH_MOVE e
1401611127852 6 4098 185.60953 822.9979 0.26666668 4.0 4.0 4.0 4.0 0.0 0.192 2 TOUCH_MOVE e
1401611127855 6 4098 185.5 822.951 0.26666668 4.0 4.0 4.0 4.0 0.0 0.17600001 2 TOUCH_MOVE e
1401611127858 6 4098 185.5 822.951 0.26666668 4.0 4.0 4.0 4.0 0.0 0.17600001 1 TOUCH_UP e
1401611128242 6 4098 310.0 1228.4509 0.26666668 5.0 5.0 5.0 5.0 0.0 0.22000001 0 TOUCH_DOWN Space
1401611128253 6 4098 310.0 1228.4509 0.26666668 5.0 5.0 5.0 5.0 0.0 0.224 2 TOUCH_MOVE Space
1401611128271 6 4098 308.9214 1227.2937 0.26666668 5.0 5.0 5.0 5.0 0.0 0.22800002 2 TOUCH_MOVE Space
1401611128286 6 4098 307.48618 1225.4232 0.26666668 5.0 5.0 5.0 5.0 0.0 0.23200001 2 TOUCH_MOVE Space
1401611128307 6 4098 306.49973 1224.4507 0.26666668 5.0 5.0 5.0 5.0 0.0 0.23200001 2 TOUCH_MOVE Space
1401611128323 6 4098 305.75 1223.7009 0.26666668 5.0 5.0 5.0 5.0 0.0 0.23200001 2 TOUCH_MOVE Space
1401611128353 6 4098 306.76114 1225.212 0.26666668 5.0 5.0 5.0 5.0 0.0 0.216 2 TOUCH_MOVE Space
1401611128371 6 4098 309.0 1229.4509 0.23333335 4.0 4.0 4.0 4.0 0.0 0.18800001 2 TOUCH_MOVE Space
1401611128384 6 4098 309.0 1229.4509 0.13333334 3.0 3.0 3.0 3.0 0.0 0.104 2 TOUCH_MOVE Space
1401611128391 6 4098 309.0 1229.4509 0.13333334 3.0 3.0 3.0 3.0 0.0 0.104 1 TOUCH_UP Space
1401611128836 6 4098 326.0 816.951 0.3 5.0 5.0 5.0 5.0 0.0 0.2 0 TOUCH_DOWN t
1401611128855 6 4098 326.0 817.31104 0.3 5.0 5.0 5.0 5.0 0.0 0.20400001 2 TOUCH_MOVE t
1401611128870 6 4098 326.18518 818.32135 0.3 5.0 5.0 5.0 5.0 0.0 0.216 2 TOUCH_MOVE t
1401611128887 6 4098 327.1482 820.2474 0.33333334 5.0 5.0 5.0 5.0 0.0 0.22000001 2 TOUCH_MOVE t
1401611128916 6 4098 327.6037 822.0547 0.33333334 5.0 5.0 5.0 5.0 0.0 0.224 2 TOUCH_MOVE t
1401611128922 6 4098 328.0 823.02246 0.33333334 5.0 5.0 5.0 5.0 0.0 0.224 2 TOUCH_MOVE t
1401611128941 6 4098 328.0 823.835 0.33333334 5.0 5.0 5.0 5.0 0.0 0.224 2 TOUCH_MOVE t
1401611128955 6 4098 328.0 824.701 0.33333334 5.0 5.0 5.0 5.0 0.0 0.224 2 TOUCH_MOVE t
1401611129000 6 4098 326.0 825.451 0.3 5.0 5.0 5.0 5.0 0.0 0.18400002 2 TOUCH_MOVE t
1401611129003 6 4098 326.0 825.451 0.3 5.0 5.0 5.0 5.0 0.0 0.18400002 1 TOUCH_UP t
1401611129201 6 4098 614.0 820.451 0.3 5.0 5.0 5.0 5.0 0.0 0.208 0 TOUCH_DOWN o
1401611129246 6 4098 611.87317 820.1376 0.3 5.0 5.0 5.0 5.0 0.0 0.23200001 2 TOUCH_MOVE o
1401611129254 6 4098 610.20496 819.15594 0.3 5.0 5.0 5.0 5.0 0.0 0.23600002 2 TOUCH_MOVE o
1401611129270 6 4098 609.2427 818.451 0.3 5.0 5.0 5.0 5.0 0.0 0.23600002 2 TOUCH_MOVE o
1401611129287 6 4098 608.75 818.451 0.3 5.0 5.0 5.0 5.0 0.0 0.23600002 2 TOUCH_MOVE o
1401611129322 6 4098 609.0 818.451 0.3 5.0 5.0 5.0 5.0 0.0 0.208 2 TOUCH_MOVE o
1401611129349 6 4098 609.0 818.451 0.3 5.0 5.0 5.0 5.0 0.0 0.18 2 TOUCH_MOVE o
1401611129352 6 4098 609.0 818.451 0.3 5.0 5.0 5.0 5.0 0.0 0.18 1 TOUCH_UP o
1401611130570 6 4098 368.5 957.451 0.26666668 4.0 4.0 4.0 4.0 0.0 0.19600001 0 TOUCH_DOWN g
1401611130590 6 4098 368.5 957.451 0.26666668 4.0 4.0 4.0 4.0 0.0 0.2 2 TOUCH_MOVE g
1401611130606 6 4098 368.5 956.7893 0.26666668 4.0 4.0 4.0 4.0 0.0 0.21200001 2 TOUCH_MOVE g
1401611130621 6 4098 368.5 956.201 0.26666668 4.0 4.0 4.0 4.0 0.0 0.21200001 2 TOUCH_MOVE g
1401611130716 6 4098 368.5 956.201 0.26666668 4.0 4.0 4.0 4.0 0.0 0.21200001 1 TOUCH_UP g
1401611130909 6 4098 170.0 845.951 0.23333335 4.0 4.0 4.0 4.0 0.0 0.18800001 0 TOUCH_DOWN e
1401611130922 6 4098 170.0 845.951 0.23333335 4.0 4.0 4.0 4.0 0.0 0.19600001 2 TOUCH_MOVE e
1401611130955 6 4098 171.34691 845.951 0.23333335 4.0 4.0 4.0 4.0 0.0 0.21200001 2 TOUCH_MOVE e
1401611130972 6 4098 172.81259 845.451 0.26666668 5.0 5.0 5.0 5.0 0.0 0.216 2 TOUCH_MOVE e
1401611130991 6 4098 174.26561 844.951 0.3 5.0 5.0 5.0 5.0 0.0 0.22000001 2 TOUCH_MOVE e
1401611131005 6 4098 175.23343 844.951 0.3 5.0 5.0 5.0 5.0 0.0 0.22000001 2 TOUCH_MOVE e
1401611131022 6 4098 176.19684 844.951 0.3 5.0 5.0 5.0 5.0 0.0 0.22000001 2 TOUCH_MOVE e
1401611131073 6 4098 175.49184 844.951 0.23333335 4.0 4.0 4.0 4.0 0.0 0.20400001 2 TOUCH_MOVE e
1401611131089 6 4098 172.87268 847.0783 0.20000002 4.0 4.0 4.0 4.0 0.0 0.17600001 2 TOUCH_MOVE e
1401611131094 6 4098 172.87268 847.0783 0.20000002 4.0 4.0 4.0 4.0 0.0 0.17600001 1 TOUCH_UP e
1401611131258 6 4098 328.5 815.451 0.3 5.0 5.0 5.0 5.0 0.0 0.216 0 TOUCH_DOWN t
1401611131289 6 4098 328.5 815.451 0.3 5.0 5.0 5.0 5.0 0.0 0.23200001 2 TOUCH_MOVE t
1401611131312 6 4098 327.4623 815.451 0.33333334 5.0 5.0 5.0 5.0 0.0 0.23200001 2 TOUCH_MOVE t
1401611131322 6 4098 326.75 815.451 0.3 5.0 5.0 5.0 5.0 0.0 0.23200001 2 TOUCH_MOVE t
1401611131356 6 4098 328.27512 817.5762 0.33333334 5.0 5.0 5.0 5.0 0.0 0.20400001 2 TOUCH_MOVE t
1401611131361 6 4098 328.5 817.951 0.33333334 5.0 5.0 5.0 5.0 0.0 0.18400002 2 TOUCH_MOVE t
1401611131364 6 4098 328.5 817.951 0.33333334 5.0 5.0 5.0 5.0 0.0 0.18400002 1 TOUCH_UP t
1401611131706 6 4098 458.5 964.951 0.20000002 4.0 4.0 4.0 4.0 0.0 0.192 0 TOUCH_DOWN h
1401611131723 6 4098 458.5 964.951 0.20000002 4.0 4.0 4.0 4.0 0.0 0.19600001 2 TOUCH_MOVE h
1401611131756 6 4098 456.99966 964.951 0.26666668 5.0 5.0 5.0 5.0 0.0 0.216 2 TOUCH_MOVE h
1401611131773 6 4098 456.25 964.951 0.26666668 5.0 5.0 5.0 5.0 0.0 0.22000001 2 TOUCH_MOVE h
1401611131806 6 4098 456.5 965.60095 0.3 5.0 5.0 5.0 5.0 0.0 0.224 2 TOUCH_MOVE h
1401611131851 6 4098 456.5 965.60095 0.3 5.0 5.0 5.0 5.0 0.0 0.224 1 TOUCH_UP h
1401611132028 6 4098 157.5 821.951 0.3 5.0 5.0 5.0 5.0 0.0 0.18800001 0 TOUCH_DOWN e
1401611132040 6 4098 157.5 821.951 0.3 5.0 5.0 5.0 5.0 0.0 0.19600001 2 TOUCH_MOVE e
1401611132090 6 4098 157.5 823.16895 0.33333334 5.0 5.0 5.0 5.0 0.0 0.21200001 2 TOUCH_MOVE e
1401611132106 6 4098 158.18694 824.13794 0.33333334 5.0 5.0 5.0 5.0 0.0 0.21200001 2 TOUCH_MOVE e
1401611132123 6 4098 158.75 824.701 0.33333334 5.0 5.0 5.0 5.0 0.0 0.21200001 2 TOUCH_MOVE e
1401611132140 6 4098 159.0 825.5541 0.33333334 5.0 5.0 5.0 5.0 0.0 0.21200001 2 TOUCH_MOVE e
1401611132157 6 4098 159.0 826.5195 0.33333334 5.0 5.0 5.0 5.0 0.0 0.208 2 TOUCH_MOVE e
1401611132173 6 4098 158.46811 829.07855 0.3 5.0 5.0 5.0 5.0 0.0 0.18400002 2 TOUCH_MOVE e
1401611132179 6 4098 158.46811 829.07855 0.3 5.0 5.0 5.0 5.0 0.0 0.18400002 1 TOUCH_UP e
1401611132356 6 4098 266.5 828.451 0.3 5.0 5.0 5.0 5.0 0.0 0.224 0 TOUCH_DOWN r
1401611132373 6 4098 266.5 828.451 0.33333334 5.0 5.0 5.0 5.0 0.0 0.23200001 2 TOUCH_MOVE r
1401611132406 6 4098 265.00674 828.451 0.33333334 5.0 5.0 5.0 5.0 0.0 0.24400002 2 TOUCH_MOVE r
1401611132423 6 4098 264.25 828.451 0.33333334 5.0 5.0 5.0 5.0 0.0 0.24400002 2 TOUCH_MOVE r
1401611132473 6 4098 264.79868 828.15234 0.3 5.0 5.0 5.0 5.0 0.0 0.22000001 2 TOUCH_MOVE r
1401611132487 6 4098 265.0 827.951 0.33333334 5.0 5.0 5.0 5.0 0.0 0.2 2 TOUCH_MOVE r
1401611132491 6 4098 265.0 827.951 0.33333334 5.0 5.0 5.0 5.0 0.0 0.2 1 TOUCH_UP r
1401611133607 6 4098 446.5 1219.4509 0.26666668 5.0 5.0 5.0 5.0 0.0 0.208 0 TOUCH_DOWN ,
1401611133624 6 4098 446.5 1219.4509 0.26666668 5.0 5.0 5.0 5.0 0.0 0.21200001 2 TOUCH_MOVE ,
1401611133674 6 4098 445.9224 1219.4509 0.26666668 5.0 5.0 5.0 5.0 0.0 0.22000001 2 TOUCH_MOVE ,
1401611133692 6 4098 446.0 1220.4652 0.26666668 5.0 5.0 5.0 5.0 0.0 0.22000001 2 TOUCH_MOVE ,
1401611133735 6 4098 446.5 1222.9509 0.20000002 3.0 3.0 3.0 3.0 0.0 0.164 2 TOUCH_MOVE ,
1401611133741 6 4098 446.5 1222.9509 0.20000002 3.0 3.0 3.0 3.0 0.0 0.164 1 TOUCH_UP ,
1401611135635 6 4098 675.0 1224.9509 0.26666668 5.0 5.0 5.0 5.0 0.0 0.208 0 TOUCH_DOWN Enter
1401611135644 6 4098 675.0 1224.9509 0.26666668 5.0 5.0 5.0 5.0 0.0 0.21200001 2 TOUCH_MOVE Enter
1401611135726 6 4098 675.0 1224.3934 0.26666668 5.0 5.0 5.0 5.0 0.0 0.224 2 TOUCH_MOVE Enter
1401611135746 6 4098 675.66565 1224.6166 0.26666668 5.0 5.0 5.0 5.0 0.0 0.216 2 TOUCH_MOVE Enter
1401611135759 6 4098 676.0 1224.9509 0.23333335 4.0 4.0 4.0 4.0 0.0 0.17600001 2 TOUCH_MOVE Enter
1401611135766 6 4098 676.0 1224.9509 0.23333335 4.0 4.0 4.0 4.0 0.0 0.17600001 1 TOUCH_UP Enter
1401611136350 6 4098 119.0 838.951 0.26666668 4.0 4.0 4.0 4.0 0.0 0.2 0 TOUCH_DOWN W
1401611136360 6 4098 119.88896 838.951 0.26666668 4.0 4.0 4.0 4.0 0.0 0.20400001 2 TOUCH_MOVE W
1401611136391 6 4098 121.54236 838.951 0.3 5.0 5.0 5.0 5.0 0.0 0.216 2 TOUCH_MOVE W
1401611136413 6 4098 124.71861 838.951 0.3 5.0 5.0 5.0 5.0 0.0 0.22000001 2 TOUCH_MOVE W
1401611136430 6 4098 125.68896 838.951 0.3 5.0 5.0 5.0 5.0 0.0 0.22000001 2 TOUCH_MOVE W
1401611136477 6 4098 124.99623 838.951 0.3 5.0 5.0 5.0 5.0 0.0 0.21200001 2 TOUCH_MOVE W
1401611136504 6 4098 122.57954 838.951 0.26666668 4.0 4.0 4.0 4.0 0.0 0.20400001 2 TOUCH_MOVE W
1401611136514 6 4098 122.5 838.951 0.16666667 3.0 3.0 3.0 3.0 0.0 0.108 2 TOUCH_MOVE W
1401611136519 6 4098 122.5 838.951 0.16666667 3.0 3.0 3.0 3.0 0.0 0.108 1 TOUCH_UP W
1401611136615 6 4098 170.5 810.951 0.23333335 4.0 4.0 4.0 4.0 0.0 0.21200001 0 TOUCH_DOWN e
1401611136629 6 4098 170.5 810.951 0.3 5.0 5.0 5.0 5.0 0.0 0.216 2 TOUCH_MOVE e
1401611136645 6 4098 171.0898 810.951 0.3 5.0 5.0 5.0 5.0 0.0 0.224 2 TOUCH_MOVE e
1401611136661 6 4098 173.93399 812.09564 0.3 5.0 5.0 5.0 5.0 0.0 0.22800002 2 TOUCH_MOVE e
1401611136680 6 4098 176.70557 813.0538 0.3 5.0 5.0 5.0 5.0 0.0 0.23200001 2 TOUCH_MOVE e
1401611136699 6 4098 178.6189 814.01044 0.3 5.0 5.0 5.0 5.0 0.0 0.23200001 2 TOUCH_MOVE e
1401611136711 6 4098 180.03026 814.98126 0.3 5.0 5.0 5.0 5.0 0.0 0.23600002 2 TOUCH_MOVE e
1401611136728 6 4098 180.98965 814.951 0.3 5.0 5.0 5.0 5.0 0.0 0.23600002 2 TOUCH_MOVE e
1401611136744 6 4098 181.25 814.951 0.3 5.0 5.0 5.0 5.0 0.0 0.23600002 2 TOUCH_MOVE e
1401611136777 6 4098 181.0 814.951 0.23333335 4.0 4.0 4.0 4.0 0.0 0.21200001 2 TOUCH_MOVE e
1401611136782 6 4098 181.0 814.951 0.26666668 4.0 4.0 4.0 4.0 0.0 0.18800001 2 TOUCH_MOVE e
1401611136786 6 4098 181.0 814.951 0.26666668 4.0 4.0 4.0 4.0 0.0 0.18800001 1 TOUCH_UP e
1401611137001 6 4098 308.5 1214.9509 0.23333335 4.0 4.0 4.0 4.0 0.0 0.22000001 0 TOUCH_DOWN Space
1401611137013 6 4098 308.16754 1214.9509 0.26666668 5.0 5.0 5.0 5.0 0.0 0.224 2 TOUCH_MOVE Space
1401611137029 6 4098 306.1241 1214.6589 0.26666668 5.0 5.0 5.0 5.0 0.0 0.23600002 2 TOUCH_MOVE Space
1401611137045 6 4098 303.25458 1213.7025 0.26666668 5.0 5.0 5.0 5.0 0.0 0.24000001 2 TOUCH_MOVE Space
1401611137061 6 4098 301.06274 1213.4509 0.26666668 5.0 5.0 5.0 5.0 0.0 0.24000001 2 TOUCH_MOVE Space
1401611137078 6 4098 299.81833 1213.4509 0.26666668 5.0 5.0 5.0 5.0 0.0 0.23600002 2 TOUCH_MOVE Space
1401611137114 6 4098 301.11896 1214.4509 0.23333335 4.0 4.0 4.0 4.0 0.0 0.208 2 TOUCH_MOVE Space
1401611137121 6 4098 303.5 1214.4509 0.23333335 4.0 4.0 4.0 4.0 0.0 0.18800001 2 TOUCH_MOVE Space
1401611137124 6 4098 303.5 1214.4509 0.23333335 4.0 4.0 4.0 4.0 0.0 0.18800001 1 TOUCH_UP Space
1401611137343 6 4098 104.5 817.451 0.3 5.0 5.0 5.0 5.0 0.0 0.18800001 0 TOUCH_DOWN w
1401611137346 6 4098 104.5 817.451 0.3 5.0 5.0 5.0 5.0 0.0 0.192 2 TOUCH_MOVE w
1401611137378 6 4098 104.5 818.42865 0.3 5.0 5.0 5.0 5.0 0.0 0.20400001 2 TOUCH_MOVE w
1401611137396 6 4098 104.9291 819.38007 0.3 5.0 5.0 5.0 5.0 0.0 0.208 2 TOUCH_MOVE w
1401611137411 6 4098 105.9105 820.3615 0.3 5.0 5.0 5.0 5.0 0.0 0.21200001 2 TOUCH_MOVE w
1401611137428 6 4098 106.871765 821.32275 0.3 5.0 5.0 5.0 5.0 0.0 0.21200001 2 TOUCH_MOVE w
1401611137445 6 4098 107.0 821.864 0.3 5.0 5.0 5.0 5.0 0.0 0.21200001 2 TOUCH_MOVE w
1401611137461 6 4098 107.0 822.31635 0.3 5.0 5.0 5.0 5.0 0.0 0.21200001 2 TOUCH_MOVE w
1401611137478 6 4098 106.63349 822.451 0.3 5.0 5.0 5.0 5.0 0.0 0.208 2 TOUCH_MOVE w
1401611137496 6 4098 106.0 822.451 0.3 5.0 5.0 5.0 5.0 0.0 0.18400002 2 TOUCH_MOVE w
1401611137499 6 4098 106.0 822.451 0.3 5.0 5.0 5.0 5.0 0.0 0.18400002 1 TOUCH_UP w
1401611137676 6 4098 567.0 817.451 0.3 5.0 5.0 5.0 5.0 0.0 0.21200001 0 TOUCH_DOWN i
1401611137696 6 4098 565.4987 818.2013 0.33333334 5.0 5.0 5.0 5.0 0.0 0.23200001 2 TOUCH_MOVE i
1401611137711 6 4098 560.9244 819.66614 0.33333334 5.0 5.0 5.0 5.0 0.0 0.24000001 2 TOUCH_MOVE i
1401611137728 6 4098 557.0852 820.5547 0.33333334 5.0 5.0 5.0 5.0 0.0 0.24400002 2 TOUCH_MOVE i
1401611137746 6 4098 554.3001 820.451 0.33333334 5.0 5.0 5.0 5.0 0.0 0.24800001 2 TOUCH_MOVE i
1401611137761 6 4098 552.90735 820.451 0.33333334 5.0 5.0 5.0 5.0 0.0 0.24800001 2 TOUCH_MOVE i
1401611137779 6 4098 552.25 820.451 0.33333334 5.0 5.0 5.0 5.0 0.0 0.24400002 2 TOUCH_MOVE i
1401611137806 6 4098 552.5 820.451 0.3 5.0 5.0 5.0 5.0 0.0 0.18400002 2 TOUCH_MOVE i
1401611137810 6 4098 552.5 820.451 0.3 5.0 5.0 5.0 5.0 0.0 0.18400002 1 TOUCH_UP i
1401611138042 6 4098 653.5 974.951 0.23333335 4.0 4.0 4.0 4.0 0.0 0.2 0 TOUCH_DOWN l
1401611138062 6 4098 653.5 975.4021 0.23333335 4.0 4.0 4.0 4.0 0.0 0.20400001 2 TOUCH_MOVE l
1401611138080 6 4098 653.5 976.3175 0.26666668 5.0 5.0 5.0 5.0 0.0 0.21200001 2 TOUCH_MOVE l
1401611138097 6 4098 653.0 977.7624 0.26666668 5.0 5.0 5.0 5.0 0.0 0.21200001 2 TOUCH_MOVE l
1401611138112 6 4098 653.0 978.73724 0.26666668 5.0 5.0 5.0 5.0 0.0 0.21200001 2 TOUCH_MOVE l
1401611138128 6 4098 653.0 979.201 0.26666668 5.0 5.0 5.0 5.0 0.0 0.21200001 2 TOUCH_MOVE l
1401611138139 6 4098 653.0 979.201 0.26666668 5.0 5.0 5.0 5.0 0.0 0.21200001 1 TOUCH_UP l
1401611138223 6 4098 664.5 971.951 0.23333335 5.0 5.0 5.0 5.0 0.0 0.2 0 TOUCH_DOWN l
1401611138229 6 4098 664.5 971.951 0.23333335 5.0 5.0 5.0 5.0 0.0 0.20400001 2 TOUCH_MOVE l
1401611138262 6 4098 662.67523 972.3926 0.26666668 5.0 5.0 5.0 5.0 0.0 0.216 2 TOUCH_MOVE l
1401611138281 6 4098 660.2185 972.951 0.26666668 5.0 5.0 5.0 5.0 0.0 0.216 2 TOUCH_MOVE l
1401611138295 6 4098 659.1385 973.8125 0.26666668 5.0 5.0 5.0 5.0 0.0 0.216 2 TOUCH_MOVE l
1401611138312 6 4098 658.25 973.951 0.26666668 5.0 5.0 5.0 5.0 0.0 0.21200001 2 TOUCH_MOVE l
1401611138339 6 4098 658.5 973.951 0.26666668 5.0 5.0 5.0 5.0 0.0 0.17600001 2 TOUCH_MOVE l
1401611138343 6 4098 658.5 973.951 0.26666668 5.0 5.0 5.0 5.0 0.0 0.17600001 1 TOUCH_UP l
1401611138800 6 4098 335.0 1222.9509 0.26666668 5.0 5.0 5.0 5.0 0.0 0.224 0 TOUCH_DOWN Space
1401611138813 6 4098 334.8366 1222.9509 0.26666668 5.0 5.0 5.0 5.0 0.0 0.22800002 2 TOUCH_MOVE Space
1401611138829 6 4098 331.9616 1222.3163 0.26666668 5.0 5.0 5.0 5.0 0.0 0.23200001 2 TOUCH_MOVE Space
1401611138846 6 4098 328.1134 1220.2576 0.26666668 5.0 5.0 5.0 5.0 0.0 0.23600002 2 TOUCH_MOVE Space
1401611138863 6 4098 325.88675 1219.3943 0.26666668 5.0 5.0 5.0 5.0 0.0 0.23600002 2 TOUCH_MOVE Space
1401611138880 6 4098 324.998 1219.4509 0.26666668 5.0 5.0 5.0 5.0 0.0 0.23200001 2 TOUCH_MOVE Space
1401611138913 6 4098 328.14133 1219.8911 0.26666668 5.0 5.0 5.0 5.0 0.0 0.216 2 TOUCH_MOVE Space
1401611138930 6 4098 328.5 1219.9509 0.20000002 3.0 3.0 3.0 3.0 0.0 0.164 2 TOUCH_MOVE Space
1401611138948 6 4098 328.5 1219.9509 0.20000002 3.0 3.0 3.0 3.0 0.0 0.164 1 TOUCH_UP Space
1401611139140 6 4098 581.0 1106.9509 0.3 5.0 5.0 5.0 5.0 0.0 0.208 0 TOUCH_DOWN m
1401611139163 6 4098 581.0 1106.9509 0.3 5.0 5.0 5.0 5.0 0.0 0.216 2 TOUCH_MOVE m
1401611139196 6 4098 580.26483 1106.9509 0.33333334 5.0 5.0 5.0 5.0 0.0 0.23600002 2 TOUCH_MOVE m
1401611139213 6 4098 579.75 1106.9509 0.33333334 5.0 5.0 5.0 5.0 0.0 0.23600002 2 TOUCH_MOVE m
1401611139230 6 4098 579.4313 1106.9509 0.33333334 5.0 5.0 5.0 5.0 0.0 0.23600002 2 TOUCH_MOVE m
1401611139285 6 4098 580.5 1106.9509 0.26666668 4.0 4.0 4.0 4.0 0.0 0.216 2 TOUCH_MOVE m
1401611139291 6 4098 580.5 1106.9509 0.20000002 4.0 4.0 4.0 4.0 0.0 0.17600001 2 TOUCH_MOVE m
1401611139294 6 4098 580.5 1106.9509 0.20000002 4.0 4.0 4.0 4.0 0.0 0.17600001 1 TOUCH_UP m
1401611139968 6 4098 281.5 802.951 0.26666668 5.0 5.0 5.0 5.0 0.0 0.208 0 TOUCH_DOWN r
1401611139972 6 4098 281.5 802.951 0.3 5.0 5.0 5.0 5.0 0.0 0.21200001 2 TOUCH_MOVE r
1401611139997 6 4098 280.57513 804.3007 0.3 5.0 5.0 5.0 5.0 0.0 0.224 2 TOUCH_MOVE r
1401611140014 6 4098 279.61063 805.8404 0.3 5.0 5.0 5.0 5.0 0.0 0.224 2 TOUCH_MOVE r
1401611140030 6 4098 278.30115 807.14984 0.3 5.0 5.0 5.0 5.0 0.0 0.216 2 TOUCH_MOVE r
1401611140045 6 4098 277.5 807.951 0.16666667 3.0 3.0 3.0 3.0 0.0 0.104 2 TOUCH_MOVE r
1401611140054 6 4098 277.5 807.951 0.16666667 3.0 3.0 3.0 3.0 0.0 0.104 1 TOUCH_UP r
1401611140144 6 4098 268.5 833.951 0.3 5.0 5.0 5.0 5.0 0.0 0.216 0 TOUCH_DOWN r
1401611140244 6 4098 268.5 833.951 0.3 5.0 5.0 5.0 5.0 0.0 0.18 2 TOUCH_MOVE r
1401611140247 6 4098 268.5 833.951 0.3 5.0 5.0 5.0 5.0 0.0 0.18 1 TOUCH_UP r
1401611141167 6 4098 677.0 1076.9509 0.23333335 5.0 5.0 5.0 5.0 0.0 0.18800001 0 TOUCH_DOWN Back
1401611141182 6 4098 676.6711 1076.9509 0.23333335 5.0 5.0 5.0 5.0 0.0 0.192 2 TOUCH_MOVE Back
1401611141198 6 4098 675.8556 1076.9509 0.26666668 5.0 5.0 5.0 5.0 0.0 0.20400001 2 TOUCH_MOVE Back
1401611141215 6 4098 674.38446 1076.4509 0.26666668 5.0 5.0 5.0 5.0 0.0 0.208 2 TOUCH_MOVE Back
1401611141235 6 4098 673.43164 1076.4509 0.26666668 5.0 5.0 5.0 5.0 0.0 0.208 2 TOUCH_MOVE Back
1401611141259 6 4098 673.5 1076.4509 0.23333335 5.0 5.0 5.0 5.0 0.0 0.18400002 2 TOUCH_MOVE Back
1401611141262 6 4098 673.5 1076.4509 0.23333335 5.0 5.0 5.0 5.0 0.0 0.18400002 1 TOUCH_UP Back
1401611141407 6 4098 659.0 1074.9509 0.23333335 4.0 4.0 4.0 4.0 0.0 0.2 0 TOUCH_DOWN Back
1401611141415 6 4098 659.0 1074.9509 0.26666668 5.0 5.0 5.0 5.0 0.0 0.208 2 TOUCH_MOVE Back
1401611141443 6 4098 658.40625 1074.9509 0.26666668 5.0 5.0 5.0 5.0 0.0 0.21200001 2 TOUCH_MOVE Back
1401611141448 6 4098 655.9756 1074.9509 0.26666668 5.0 5.0 5.0 5.0 0.0 0.21200001 2 TOUCH_MOVE Back
1401611141465 6 4098 654.9648 1074.9509 0.26666668 5.0 5.0 5.0 5.0 0.0 0.21200001 2 TOUCH_MOVE Back
1401611141483 6 4098 654.005 1074.9509 0.26666668 5.0 5.0 5.0 5.0 0.0 0.21200001 2 TOUCH_MOVE Back
1401611141498 6 4098 653.25 1074.9509 0.26666668 5.0 5.0 5.0 5.0 0.0 0.21200001 2 TOUCH_MOVE Back
1401611141523 6 4098 653.25 1074.9509 0.26666668 5.0 5.0 5.0 5.0 0.0 0.21200001 1 TOUCH_UP Back
1401611142719 6 4098 48.0 978.451 0.20000002 3.0 3.0 3.0 3.0 0.0 0.18400002 0 TOUCH_DOWN a
1401611142736 6 4098 48.0 978.75446 0.20000002 3.0 3.0 3.0 3.0 0.0 0.18800001 2 TOUCH_MOVE a
1401611142753 6 4098 48.067654 979.5186 0.23333335 4.0 4.0 4.0 4.0 0.0 0.20400001 2 TOUCH_MOVE a
1401611142766 6 4098 49.021896 979.951 0.23333335 4.0 4.0 4.0 4.0 0.0 0.208 2 TOUCH_MOVE a
1401611142783 6 4098 50.493282 979.951 0.23333335 4.0 4.0 4.0 4.0 0.0 0.21200001 2 TOUCH_MOVE a
1401611142800 6 4098 51.44667 979.951 0.23333335 4.0 4.0 4.0 4.0 0.0 0.216 2 TOUCH_MOVE a
1401611142816 6 4098 52.25 979.951 0.23333335 4.0 4.0 4.0 4.0 0.0 0.21200001 2 TOUCH_MOVE a
1401611142850 6 4098 50.82322 979.6126 0.23333335 4.0 4.0 4.0 4.0 0.0 0.208 2 TOUCH_MOVE a
1401611142866 6 4098 47.039425 977.28253 0.23333335 4.0 4.0 4.0 4.0 0.0 0.2 2 TOUCH_MOVE a
1401611142884 6 4098 39.25 971.951 0.20000002 3.0 3.0 3.0 3.0 0.0 0.18800001 2 TOUCH_MOVE a
1401611142899 6 4098 34.0 971.451 0.10000001 2.0 2.0 2.0 2.0 0.0 0.120000005 2 TOUCH_MOVE a
1401611142903 6 4098 34.0 971.451 0.10000001 2.0 2.0 2.0 2.0 0.0 0.120000005 1 TOUCH_UP a
1401611143265 6 4098 264.0 840.951 0.26666668 4.0 4.0 4.0 4.0 0.0 0.22800002 0 TOUCH_DOWN r
1401611143284 6 4098 263.58612 840.951 0.33333334 5.0 5.0 5.0 5.0 0.0 0.23600002 2 TOUCH_MOVE r
1401611143300 6 4098 262.71317 840.951 0.33333334 5.0 5.0 5.0 5.0 0.0 0.24400002 2 TOUCH_MOVE r
1401611143319 6 4098 261.26337 840.951 0.33333334 5.0 5.0 5.0 5.0 0.0 0.24400002 2 TOUCH_MOVE r
1401611143341 6 4098 260.34134 840.951 0.33333334 5.0 5.0 5.0 5.0 0.0 0.24400002 2 TOUCH_MOVE r
1401611143350 6 4098 259.75 840.951 0.33333334 5.0 5.0 5.0 5.0 0.0 0.24000001 2 TOUCH_MOVE r
1401611143379 6 4098 259.75 840.951 0.33333334 5.0 5.0 5.0 5.0 0.0 0.24000001 1 TOUCH_UP r
1401611143454 6 4098 269.5 838.951 0.3 5.0 5.0 5.0 5.0 0.0 0.22000001 0 TOUCH_DOWN r
1401611143467 6 4098 269.5 838.951 0.33333334 5.0 5.0 5.0 5.0 0.0 0.22800002 2 TOUCH_MOVE r
1401611143538 6 4098 269.5 839.451 0.3 5.0 5.0 5.0 5.0 0.0 0.21200001 2 TOUCH_MOVE r
1401611143541 6 4098 269.5 839.451 0.23333335 5.0 5.0 5.0 5.0 0.0 0.18800001 2 TOUCH_MOVE r
1401611143544 6 4098 269.5 839.451 0.23333335 5.0 5.0 5.0 5.0 0.0 0.18800001 1 TOUCH_UP r
1401611143855 6 4098 439.0 814.451 0.26666668 4.0 4.0 4.0 4.0 0.0 0.20400001 0 TOUCH_DOWN u
1401611143867 6 4098 439.0 814.451 0.26666668 4.0 4.0 4.0 4.0 0.0 0.216 2 TOUCH_MOVE u
1401611143899 6 4098 436.8196 815.7379 0.26666668 4.0 4.0 4.0 4.0 0.0 0.224 2 TOUCH_MOVE u
1401611143917 6 4098 432.6367 818.8143 0.33333334 5.0 5.0 5.0 5.0 0.0 0.23200001 2 TOUCH_MOVE u
1401611143934 6 4098 432.0 819.7429 0.33333334 5.0 5.0 5.0 5.0 0.0 0.23200001 2 TOUCH_MOVE u
1401611143951 6 4098 432.0 820.701 0.33333334 5.0 5.0 5.0 5.0 0.0 0.22800002 2 TOUCH_MOVE u
1401611143967 6 4098 431.48868 821.20667 0.3 5.0 5.0 5.0 5.0 0.0 0.20400001 2 TOUCH_MOVE u
1401611143975 6 4098 431.0 821.451 0.26666668 5.0 5.0 5.0 5.0 0.0 0.156 2 TOUCH_MOVE u
1401611143981 6 4098 431.0 821.451 0.26666668 5.0 5.0 5.0 5.0 0.0 0.156 1 TOUCH_UP u
1401611144800 6 4098 664.0 1096.4509 0.26666668 5.0 5.0 5.0 5.0 0.0 0.192 0 TOUCH_DOWN Back
1401611144835 6 4098 664.0 1097.1525 0.3 5.0 5.0 5.0 5.0 0.0 0.208 2 TOUCH_MOVE Back
1401611144852 6 4098 664.0 1097.7009 0.3 5.0 5.0 5.0 5.0 0.0 0.21200001 2 TOUCH_MOVE Back
1401611144891 6 4098 665.41473 1098.4509 0.3 5.0 5.0 5.0 5.0 0.0 0.208 2 TOUCH_MOVE Back
1401611144902 6 4098 669.954 1097.8752 0.23333335 4.0 4.0 4.0 4.0 0.0 0.192 2 TOUCH_MOVE Back
1401611144912 6 4098 669.5 1097.9509 0.16666667 3.0 3.0 3.0 3.0 0.0 0.1 2 TOUCH_MOVE Back
1401611144915 6 4098 669.5 1097.9509 0.16666667 3.0 3.0 3.0 3.0 0.0 0.1 1 TOUCH_UP Back
1401611145255 6 4098 406.5 816.451 0.26666668 4.0 4.0 4.0 4.0 0.0 0.216 0 TOUCH_DOWN y
1401611145269 6 4098 406.5 816.451 0.26666668 4.0 4.0 4.0 4.0 0.0 0.224 2 TOUCH_MOVE y
1401611145286 6 4098 407.42322 817.1626 0.33333334 5.0 5.0 5.0 5.0 0.0 0.23600002 2 TOUCH_MOVE y
1401611145302 6 4098 409.95654 818.10315 0.33333334 5.0 5.0 5.0 5.0 0.0 0.23600002 2 TOUCH_MOVE y
1401611145320 6 4098 412.2612 819.0816 0.33333334 5.0 5.0 5.0 5.0 0.0 0.24000001 2 TOUCH_MOVE y
1401611145335 6 4098 413.5095 819.451 0.33333334 5.0 5.0 5.0 5.0 0.0 0.24000001 2 TOUCH_MOVE y
1401611145352 6 4098 414.55045 819.951 0.33333334 5.0 5.0 5.0 5.0 0.0 0.24000001 2 TOUCH_MOVE y
1401611145423 6 4098 414.0 820.451 0.26666668 4.0 4.0 4.0 4.0 0.0 0.22000001 2 TOUCH_MOVE y
1401611145424 6 4098 414.0 820.451 0.3 5.0 5.0 5.0 5.0 0.0 0.192 2 TOUCH_MOVE y
1401611145428 6 4098 414.0 820.451 0.3 5.0 5.0 5.0 5.0 0.0 0.192 1 TOUCH_UP y
1401611146124 6 4098 519.0 1215.9509 0.23333335 4.0 4.0 4.0 4.0 0.0 0.20400001 0 TOUCH_DOWN .
1401611146147 6 4098 519.0 1215.9509 0.23333335 4.0 4.0 4.0 4.0 0.0 0.208 2 TOUCH_MOVE .
1401611146169 6 4098 519.0 1216.5662 0.23333335 4.0 4.0 4.0 4.0 0.0 0.216 2 TOUCH_MOVE .
1401611146224 6 4098 519.0 1216.5662 0.23333335 4.0 4.0 4.0 4.0 0.0 0.216 1 TOUCH_UP .
