1401611263537 6 4098 558.5 816.451 0.3 5.0 5.0 5.0 5.0 0.0 0.22000001 0 TOUCH_DOWN I
1401611263563 6 4098 558.0445 816.451 0.3 5.0 5.0 5.0 5.0 0.0 0.22800002 2 TOUCH_MOVE I
1401611263580 6 4098 557.1208 816.8302 0.3 5.0 5.0 5.0 5.0 0.0 0.23600002 2 TOUCH_MOVE I
1401611263596 6 4098 556.1581 816.951 0.33333334 5.0 5.0 5.0 5.0 0.0 0.24000001 2 TOUCH_MOVE I
1401611263615 6 4098 556.0 817.3536 0.33333334 5.0 5.0 5.0 5.0 0.0 0.24000001 2 TOUCH_MOVE I
1401611263631 6 4098 556.0 818.21106 0.33333334 5.0 5.0 5.0 5.0 0.0 0.24000001 2 TOUCH_MOVE I
1401611263646 6 4098 556.0 818.701 0.33333334 5.0 5.0 5.0 5.0 0.0 0.23600002 2 TOUCH_MOVE I
1401611263663 6 4098 558.0 819.951 0.3 5.0 5.0 5.0 5.0 0.0 0.19600001 2 TOUCH_MOVE I
1401611263674 6 4098 558.0 819.951 0.3 5.0 5.0 5.0 5.0 0.0 0.19600001 1 TOUCH_UP I
1401611264072 6 4098 288.0 1224.9509 0.26666668 5.0 5.0 5.0 5.0 0.0 0.20400001 0 TOUCH_DOWN Space
1401611264080 6 4098 288.0 1224.9509 0.26666668 5.0 5.0 5.0 5.0 0.0 0.208 2 TOUCH_MOVE Space
1401611264100 6 4098 287.31818 1224.7692 0.26666668 5.0 5.0 5.0 5.0 0.0 0.22000001 2 TOUCH_MOVE Space
1401611264114 6 4098 285.86646 1223.8174 0.26666668 5.0 5.0 5.0 5.0 0.0 0.22000001 2 TOUCH_MOVE Space
1401611264130 6 4098 284.8944 1222.8453 0.26666668 5.0 5.0 5.0 5.0 0.0 0.22000001 2 TOUCH_MOVE Space
1401611264146 6 4098 284.25 1222.9509 0.26666668 5.0 5.0 5.0 5.0 0.0 0.216 2 TOUCH_MOVE Space
1401611264163 6 4098 285.0285 1225.0365 0.23333335 4.0 4.0 4.0 4.0 0.0 0.19600001 2 TOUCH_MOVE Space
1401611264178 6 4098 288.0 1226.9509 0.16666667 3.0 3.0 3.0 3.0 0.0 0.17600001 2 TOUCH_MOVE Space
1401611264188 6 4098 288.0 1226.9509 0.16666667 3.0 3.0 3.0 3.0 0.0 0.17600001 1 TOUCH_UP Space
1401611264411 6 4098 670.0 960.951 0.3 5.0 5.0 5.0 5.0 0.0 0.20400001 0 TOUCH_DOWN l
1401611264437 6 4098 669.70276 960.65375 0.3 5.0 5.0 5.0 5.0 0.0 0.21200001 2 TOUCH_MOVE l
1401611264447 6 4098 668.80786 959.75885 0.3 5.0 5.0 5.0 5.0 0.0 0.22800002 2 TOUCH_MOVE l
1401611264463 6 4098 665.6913 958.62384 0.3 5.0 5.0 5.0 5.0 0.0 0.23600002 2 TOUCH_MOVE l
1401611264494 6 4098 662.63586 958.451 0.3 5.0 5.0 5.0 5.0 0.0 0.24000001 2 TOUCH_MOVE l
1401611264499 6 4098 660.8245 958.451 0.3 5.0 5.0 5.0 5.0 0.0 0.24000001 2 TOUCH_MOVE l
1401611264514 6 4098 659.7899 958.451 0.3 5.0 5.0 5.0 5.0 0.0 0.24000001 2 TOUCH_MOVE l
1401611264531 6 4098 659.25 958.451 0.33333334 5.0 5.0 5.0 5.0 0.0 0.24400002 2 TOUCH_MOVE l
1401611264563 6 4098 660.528 958.451 0.3 5.0 5.0 5.0 5.0 0.0 0.224 2 TOUCH_MOVE l
1401611264574 6 4098 662.5 957.451 0.3 5.0 5.0 5.0 5.0 0.0 0.208 2 TOUCH_MOVE l
1401611264577 6 4098 662.5 957.451 0.3 5.0 5.0 5.0 5.0 0.0 0.208 1 TOUCH_UP l
1401611264711 6 4098 623.5 835.951 0.33333334 5.0 5.0 5.0 5.0 0.0 0.22800002 0 TOUCH_DOWN o
1401611264732 6 4098 623.153 835.604 0.33333334 5.0 5.0 5.0 5.0 0.0 0.23200001 2 TOUCH_MOVE o
1401611264747 6 4098 620.9642 834.09375 0.33333334 5.0 5.0 5.0 5.0 0.0 0.24000001 2 TOUCH_MOVE o
1401611264766 6 4098 617.1151 832.3227 0.33333334 5.0 5.0 5.0 5.0 0.0 0.24400002 2 TOUCH_MOVE o
1401611264782 6 4098 614.2174 831.3568 0.33333334 5.0 5.0 5.0 5.0 0.0 0.24400002 2 TOUCH_MOVE o
1401611264797 6 4098 612.3962 830.951 0.33333334 5.0 5.0 5.0 5.0 0.0 0.24400002 2 TOUCH_MOVE o
1401611264814 6 4098 611.4874 830.951 0.33333334 5.0 5.0 5.0 5.0 0.0 0.24400002 2 TOUCH_MOVE o
1401611264860 6 4098 612.0 831.451 0.3 5.0 5.0 5.0 5.0 0.0 0.20400001 2 TOUCH_MOVE o
1401611264863 6 4098 612.0 831.451 0.3 5.0 5.0 5.0 5.0 0.0 0.20400001 1 TOUCH_UP o
1401611265224 6 4098 347.0 1106.4509 0.3 5.0 5.0 5.0 5.0 0.0 0.21200001 0 TOUCH_DOWN v
1401611265233 6 4098 347.0 1106.4509 0.3 5.0 5.0 5.0 5.0 0.0 0.22000001 2 TOUCH_MOVE v
1401611265281 6 4098 346.4142 1106.4509 0.33333334 5.0 5.0 5.0 5.0 0.0 0.22800002 2 TOUCH_MOVE v
1401611265328 6 4098 346.5 1106.4509 0.23333335 5.0 5.0 5.0 5.0 0.0 0.16000001 2 TOUCH_MOVE v
1401611265347 6 4098 346.5 1106.4509 0.23333335 5.0 5.0 5.0 5.0 0.0 0.16000001 1 TOUCH_UP v
1401611265538 6 4098 198.5 821.451 0.3 5.0 5.0 5.0 5.0 0.0 0.208 0 TOUCH_DOWN e
1401611265548 6 4098 198.5 821.451 0.33333334 5.0 5.0 5.0 5.0 0.0 0.21200001 2 TOUCH_MOVE e
1401611265582 6 4098 203.1842 822.451 0.3 5.0 5.0 5.0 5.0 0.0 0.22800002 2 TOUCH_MOVE e
1401611265598 6 4098 205.88223 822.451 0.3 5.0 5.0 5.0 5.0 0.0 0.22800002 2 TOUCH_MOVE e
1401611265642 6 4098 208.62038 822.451 0.3 5.0 5.0 5.0 5.0 0.0 0.23200001 2 TOUCH_MOVE e
1401611265665 6 4098 207.9911 822.9599 0.33333334 5.0 5.0 5.0 5.0 0.0 0.224 2 TOUCH_MOVE e
1401611265681 6 4098 204.71631 823.451 0.33333334 5.0 5.0 5.0 5.0 0.0 0.216 2 TOUCH_MOVE e
1401611265693 6 4098 198.5 824.451 0.23333335 5.0 5.0 5.0 5.0 0.0 0.18 2 TOUCH_MOVE e
1401611265697 6 4098 198.5 824.451 0.23333335 5.0 5.0 5.0 5.0 0.0 0.18 1 TOUCH_UP e
1401611265856 6 4098 300.0 1215.4509 0.23333335 4.0 4.0 4.0 4.0 0.0 0.21200001 0 TOUCH_DOWN Space
1401611265865 6 4098 300.0 1215.4509 0.23333335 4.0 4.0 4.0 4.0 0.0 0.22000001 2 TOUCH_MOVE Space
1401611265901 6 4098 299.00342 1215.4509 0.26666668 5.0 5.0 5.0 5.0 0.0 0.22800002 2 TOUCH_MOVE Space
1401611265920 6 4098 298.04532 1215.4509 0.26666668 5.0 5.0 5.0 5.0 0.0 0.23200001 2 TOUCH_MOVE Space
1401611265933 6 4098 297.75 1215.4509 0.26666668 5.0 5.0 5.0 5.0 0.0 0.23200001 2 TOUCH_MOVE Space
1401611265998 6 4098 298.0 1215.4509 0.20000002 3.0 3.0 3.0 3.0 0.0 0.18 2 TOUCH_MOVE Space
1401611266001 6 4098 298.0 1215.4509 0.20000002 3.0 3.0 3.0 3.0 0.0 0.18 1 TOUCH_UP Space
1401611266322 6 4098 370.5 844.451 0.26666668 4.0 4.0 4.0 4.0 0.0 0.2 0 TOUCH_DOWN y
1401611266349 6 4098 370.97385 843.9772 0.3 5.0 5.0 5.0 5.0 0.0 0.208 2 TOUCH_MOVE y
1401611266365 6 4098 372.8281 843.0369 0.3 5.0 5.0 5.0 5.0 0.0 0.224 2 TOUCH_MOVE y
1401611266383 6 4098 374.73746 842.0823 0.3 5.0 5.0 5.0 5.0 0.0 0.23200001 2 TOUCH_MOVE y
1401611266398 6 4098 375.83188 841.1191 0.3 5.0 5.0 5.0 5.0 0.0 0.23600002 2 TOUCH_MOVE y
1401611266415 6 4098 376.75 840.951 0.33333334 5.0 5.0 5.0 5.0 0.0 0.24000001 2 TOUCH_MOVE y
1401611266448 6 4098 376.5 840.2961 0.33333334 5.0 5.0 5.0 5.0 0.0 0.23600002 2 TOUCH_MOVE y
1401611266491 6 4098 376.5 840.451 0.26666668 4.0 4.0 4.0 4.0 0.0 0.18400002 2 TOUCH_MOVE y
1401611266495 6 4098 376.5 840.451 0.26666668 4.0 4.0 4.0 4.0 0.0 0.18400002 1 TOUCH_UP y
1401611266595 6 4098 600.0 852.951 0.23333335 4.0 4.0 4.0 4.0 0.0 0.2 0 TOUCH_DOWN o
1401611266615 6 4098 600.0 852.951 0.23333335 4.0 4.0 4.0 4.0 0.0 0.208 2 TOUCH_MOVE o
1401611266634 6 4098 600.0 852.17883 0.3 5.0 5.0 5.0 5.0 0.0 0.22800002 2 TOUCH_MOVE o
1401611266649 6 4098 600.25476 851.1962 0.3 5.0 5.0 5.0 5.0 0.0 0.23200001 2 TOUCH_MOVE o
1401611266665 6 4098 600.5 850.23584 0.3 5.0 5.0 5.0 5.0 0.0 0.24000001 2 TOUCH_MOVE o
1401611266687 6 4098 600.5 849.28345 0.3 5.0 5.0 5.0 5.0 0.0 0.24000001 2 TOUCH_MOVE o
1401611266699 6 4098 601.05786 848.8931 0.3 5.0 5.0 5.0 5.0 0.0 0.24000001 2 TOUCH_MOVE o
1401611266715 6 4098 601.59753 847.85345 0.3 5.0 5.0 5.0 5.0 0.0 0.23600002 2 TOUCH_MOVE o
1401611266750 6 4098 604.91504 845.5076 0.3 5.0 5.0 5.0 5.0 0.0 0.22000001 2 TOUCH_MOVE o
1401611266765 6 4098 610.8767 844.451 0.3 5.0 5.0 5.0 5.0 0.0 0.2 2 TOUCH_MOVE o
1401611266769 6 4098 611.0 844.451 0.23333335 4.0 4.0 4.0 4.0 0.0 0.18 2 TOUCH_MOVE o
1401611266772 6 4098 611.0 844.451 0.23333335 4.0 4.0 4.0 4.0 0.0 0.18 1 TOUCH_UP o
1401611267006 6 4098 477.0 837.951 0.26666668 4.0 4.0 4.0 4.0 0.0 0.216 0 TOUCH_DOWN u
1401611267016 6 4098 476.55344 837.951 0.26666668 4.0 4.0 4.0 4.0 0.0 0.22000001 2 TOUCH_MOVE u
1401611267034 6 4098 474.8018 837.951 0.33333334 5.0 5.0 5.0 5.0 0.0 0.23200001 2 TOUCH_MOVE u
1401611267049 6 4098 472.85504 837.951 0.33333334 5.0 5.0 5.0 5.0 0.0 0.23600002 2 TOUCH_MOVE u
1401611267067 6 4098 471.00858 837.951 0.33333334 5.0 5.0 5.0 5.0 0.0 0.24000001 2 TOUCH_MOVE u
1401611267089 6 4098 469.75665 837.951 0.33333334 5.0 5.0 5.0 5.0 0.0 0.24000001 2 TOUCH_MOVE u
1401611267099 6 4098 469.25 837.951 0.33333334 5.0 5.0 5.0 5.0 0.0 0.24000001 2 TOUCH_MOVE u
1401611267133 6 4098 469.5 837.951 0.3 5.0 5.0 5.0 5.0 0.0 0.216 2 TOUCH_MOVE u
1401611267149 6 4098 472.1935 838.5477 0.20000002 4.0 4.0 4.0 4.0 0.0 0.17600001 2 TOUCH_MOVE u
1401611267153 6 4098 472.1935 838.5477 0.20000002 4.0 4.0 4.0 4.0 0.0 0.17600001 1 TOUCH_UP u
1401611268435 6 4098 441.5 1232.4509 0.26666668 5.0 5.0 5.0 5.0 0.0 0.19600001 0 TOUCH_DOWN ,
1401611268452 6 4098 441.5 1232.4509 0.26666668 5.0 5.0 5.0 5.0 0.0 0.2 2 TOUCH_MOVE ,
1401611268467 6 4098 440.997 1231.948 0.26666668 5.0 5.0 5.0 5.0 0.0 0.208 2 TOUCH_MOVE ,
1401611268485 6 4098 439.99442 1230.9453 0.26666668 5.0 5.0 5.0 5.0 0.0 0.21200001 2 TOUCH_MOVE ,
1401611268500 6 4098 439.03897 1229.9899 0.26666668 5.0 5.0 5.0 5.0 0.0 0.21200001 2 TOUCH_MOVE ,
1401611268518 6 4098 439.0 1229.0305 0.26666668 5.0 5.0 5.0 5.0 0.0 0.21200001 2 TOUCH_MOVE ,
1401611268535 6 4098 439.0 1228.7009 0.26666668 5.0 5.0 5.0 5.0 0.0 0.21200001 2 TOUCH_MOVE ,
1401611268562 6 4098 439.0 1228.7009 0.26666668 5.0 5.0 5.0 5.0 0.0 0.21200001 1 TOUCH_UP ,
1401611268861 6 4098 700.5 1207.4509 0.16666667 3.0 3.0 3.0 3.0 0.0 0.17600001 0 TOUCH_DOWN Enter
1401611268868 6 4098 700.5 1207.4509 0.16666667 3.0 3.0 3.0 3.0 0.0 0.18 2 TOUCH_MOVE Enter
1401611268968 6 4098 700.5 1207.4509 0.26666668 5.0 5.0 5.0 5.0 0.0 0.21200001 2 TOUCH_MOVE Enter
1401611268989 6 4098 700.5 1208.198 0.26666668 5.0 5.0 5.0 5.0 0.0 0.21200001 2 TOUCH_MOVE Enter
1401611269001 6 4098 700.5 1209.2274 0.23333335 4.0 4.0 4.0 4.0 0.0 0.208 2 TOUCH_MOVE Enter
1401611269018 6 4098 700.5 1209.7009 0.23333335 4.0 4.0 4.0 4.0 0.0 0.20400001 2 TOUCH_MOVE Enter
1401611269028 6 4098 700.5 1209.7009 0.23333335 4.0 4.0 4.0 4.0 0.0 0.20400001 1 TOUCH_UP Enter
1401611270291 6 4098 398.0 840.951 0.26666668 4.0 4.0 4.0 4.0 0.0 0.208 0 TOUCH_DOWN Y
1401611270324 6 4098 398.0 840.951 0.26666668 4.0 4.0 4.0 4.0 0.0 0.21200001 2 TOUCH_MOVE Y
1401611270402 6 4098 401.3558 842.0933 0.26666668 4.0 4.0 4.0 4.0 0.0 0.2 2 TOUCH_MOVE Y
1401611270419 6 4098 406.5 844.951 0.13333334 2.0 2.0 2.0 2.0 0.0 0.104 2 TOUCH_MOVE Y
1401611270423 6 4098 406.5 844.951 0.13333334 2.0 2.0 2.0 2.0 0.0 0.104 1 TOUCH_UP Y
1401611270629 6 4098 622.0 844.451 0.3 5.0 5.0 5.0 5.0 0.0 0.192 0 TOUCH_DOWN o
1401611270652 6 4098 621.0333 843.96765 0.3 5.0 5.0 5.0 5.0 0.0 0.2 2 TOUCH_MOVE o
1401611270669 6 4098 619.16547 843.03375 0.3 5.0 5.0 5.0 5.0 0.0 0.216 2 TOUCH_MOVE o
1401611270686 6 4098 617.2154 842.0587 0.3 5.0 5.0 5.0 5.0 0.0 0.216 2 TOUCH_MOVE o
1401611270702 6 4098 615.65894 841.951 0.3 5.0 5.0 5.0 5.0 0.0 0.22000001 2 TOUCH_MOVE o
1401611270719 6 4098 614.6821 841.951 0.3 5.0 5.0 5.0 5.0 0.0 0.22000001 2 TOUCH_MOVE o
1401611270736 6 4098 614.25 841.951 0.3 5.0 5.0 5.0 5.0 0.0 0.224 2 TOUCH_MOVE o
1401611270803 6 4098 615.62946 843.08044 0.3 5.0 5.0 5.0 5.0 0.0 0.18400002 2 TOUCH_MOVE o
1401611270806 6 4098 615.62946 843.08044 0.3 5.0 5.0 5.0 5.0 0.0 0.18400002 1 TOUCH_UP o
1401611270988 6 4098 480.0 835.451 0.3 5.0 5.0 5.0 5.0 0.0 0.22000001 0 TOUCH_DOWN u
1401611271006 6 4098 479.67267 835.451 0.3 5.0 5.0 5.0 5.0 0.0 0.224 2 TOUCH_MOVE u
1401611271019 6 4098 478.95963 835.451 0.33333334 5.0 5.0 5.0 5.0 0.0 0.24000001 2 TOUCH_MOVE u
1401611271037 6 4098 477.44974 834.951 0.33333334 5.0 5.0 5.0 5.0 0.0 0.24000001 2 TOUCH_MOVE u
1401611271053 6 4098 476.45746 834.951 0.33333334 5.0 5.0 5.0 5.0 0.0 0.24400002 2 TOUCH_MOVE u
1401611271069 6 4098 475.75 834.951 0.33333334 5.0 5.0 5.0 5.0 0.0 0.24400002 2 TOUCH_MOVE u
1401611271131 6 4098 479.0 834.451 0.3 5.0 5.0 5.0 5.0 0.0 0.18800001 2 TOUCH_MOVE u
1401611271136 6 4098 479.0 834.451 0.3 5.0 5.0 5.0 5.0 0.0 0.18800001 1 TOUCH_UP u
1401611271774 6 4098 299.0 1212.4509 0.26666668 5.0 5.0 5.0 5.0 0.0 0.224 0 TOUCH_DOWN Space
1401611271790 6 4098 299.0 1212.4509 0.26666668 5.0 5.0 5.0 5.0 0.0 0.23200001 2 TOUCH_MOVE Space
1401611271820 6 4098 294.2566 1212.4509 0.26666668 5.0 5.0 5.0 5.0 0.0 0.23600002 2 TOUCH_MOVE Space
1401611271837 6 4098 292.2783 1212.4509 0.26666668 5.0 5.0 5.0 5.0 0.0 0.23600002 2 TOUCH_MOVE Space
1401611271853 6 4098 291.75 1212.4509 0.26666668 5.0 5.0 5.0 5.0 0.0 0.23600002 2 TOUCH_MOVE Space
1401611271870 6 4098 292.0 1212.4509 0.23333335 4.0 4.0 4.0 4.0 0.0 0.21200001 2 TOUCH_MOVE Space
1401611271887 6 4098 293.0 1212.9509 0.23333335 4.0 4.0 4.0 4.0 0.0 0.192 2 TOUCH_MOVE Space
1401611271888 6 4098 293.0 1212.9509 0.16666667 3.0 3.0 3.0 3.0 0.0 0.108 2 TOUCH_MOVE Space
1401611271891 6 4098 293.0 1212.9509 0.16666667 3.0 3.0 3.0 3.0 0.0 0.108 1 TOUCH_UP Space
1401611272201 6 4098 670.0 978.451 0.26666668 5.0 5.0 5.0 5.0 0.0 0.2 0 TOUCH_DOWN l
1401611272223 6 4098 670.0 978.8703 0.26666668 5.0 5.0 5.0 5.0 0.0 0.208 2 TOUCH_MOVE l
1401611272237 6 4098 669.2011 979.7499 0.3 5.0 5.0 5.0 5.0 0.0 0.22000001 2 TOUCH_MOVE l
1401611272254 6 4098 668.24786 980.7031 0.3 5.0 5.0 5.0 5.0 0.0 0.224 2 TOUCH_MOVE l
1401611272271 6 4098 667.2811 981.66986 0.3 5.0 5.0 5.0 5.0 0.0 0.224 2 TOUCH_MOVE l
1401611272289 6 4098 667.5 982.04285 0.3 5.0 5.0 5.0 5.0 0.0 0.22000001 2 TOUCH_MOVE l
1401611272338 6 4098 667.5 982.04285 0.3 5.0 5.0 5.0 5.0 0.0 0.22000001 1 TOUCH_UP l
1401611272507 6 4098 616.5 837.951 0.3 5.0 5.0 5.0 5.0 0.0 0.22000001 0 TOUCH_DOWN o
1401611272522 6 4098 616.5 837.951 0.33333334 5.0 5.0 5.0 5.0 0.0 0.22800002 2 TOUCH_MOVE o
1401611272537 6 4098 615.9734 837.4244 0.33333334 5.0 5.0 5.0 5.0 0.0 0.23600002 2 TOUCH_MOVE o
1401611272554 6 4098 613.86957 835.8858 0.33333334 5.0 5.0 5.0 5.0 0.0 0.24400002 2 TOUCH_MOVE o
1401611272571 6 4098 612.486 834.437 0.33333334 5.0 5.0 5.0 5.0 0.0 0.24400002 2 TOUCH_MOVE o
1401611272589 6 4098 611.5334 833.4844 0.33333334 5.0 5.0 5.0 5.0 0.0 0.24400002 2 TOUCH_MOVE o
1401611272605 6 4098 610.75 832.701 0.33333334 5.0 5.0 5.0 5.0 0.0 0.24400002 2 TOUCH_MOVE o
1401611272651 6 4098 612.542 832.951 0.33333334 5.0 5.0 5.0 5.0 0.0 0.22800002 2 TOUCH_MOVE o
1401611272652 6 4098 613.0 832.951 0.20000002 3.0 3.0 3.0 3.0 0.0 0.108 2 TOUCH_MOVE o
1401611272657 6 4098 613.0 832.951 0.20000002 3.0 3.0 3.0 3.0 0.0 0.108 1 TOUCH_UP o
1401611273001 6 4098 388.0 1111.9509 0.33333334 5.0 5.0 5.0 5.0 0.0 0.22000001 0 TOUCH_DOWN v
1401611273005 6 4098 388.0 1111.9509 0.33333334 5.0 5.0 5.0 5.0 0.0 0.224 2 TOUCH_MOVE v
1401611273038 6 4098 386.556 1111.9509 0.33333334 5.0 5.0 5.0 5.0 0.0 0.23600002 2 TOUCH_MOVE v
1401611273055 6 4098 385.093 1111.9509 0.33333334 5.0 5.0 5.0 5.0 0.0 0.24000001 2 TOUCH_MOVE v
1401611273071 6 4098 384.12994 1111.9509 0.33333334 5.0 5.0 5.0 5.0 0.0 0.24000001 2 TOUCH_MOVE v
1401611273090 6 4098 383.25 1111.9509 0.33333334 5.0 5.0 5.0 5.0 0.0 0.24000001 2 TOUCH_MOVE v
1401611273105 6 4098 382.75 1111.9509 0.33333334 5.0 5.0 5.0 5.0 0.0 0.23600002 2 TOUCH_MOVE v
1401611273137 6 4098 382.75 1111.9509 0.33333334 5.0 5.0 5.0 5.0 0.0 0.23600002 1 TOUCH_UP v
1401611273347 6 4098 186.0 854.451 0.20000002 4.0 4.0 4.0 4.0 0.0 0.18800001 0 TOUCH_DOWN e
1401611273355 6 4098 186.0 854.451 0.20000002 4.0 4.0 4.0 4.0 0.0 0.19600001 2 TOUCH_MOVE e
1401611273390 6 4098 187.13187 854.451 0.23333335 5.0 5.0 5.0 5.0 0.0 0.21200001 2 TOUCH_MOVE e
1401611273405 6 4098 189.1815 854.451 0.23333335 5.0 5.0 5.0 5.0 0.0 0.21200001 2 TOUCH_MOVE e
1401611273422 6 4098 191.10547 853.951 0.23333335 5.0 5.0 5.0 5.0 0.0 0.216 2 TOUCH_MOVE e
1401611273438 6 4098 192.01248 853.4385 0.23333335 5.0 5.0 5.0 5.0 0.0 0.216 2 TOUCH_MOVE e
1401611273455 6 4098 192.97916 853.451 0.23333335 5.0 5.0 5.0 5.0 0.0 0.21200001 2 TOUCH_MOVE e
1401611273473 6 4098 193.25 853.451 0.23333335 5.0 5.0 5.0 5.0 0.0 0.21200001 2 TOUCH_MOVE e
1401611273511 6 4098 188.0 852.951 0.20000002 4.0 4.0 4.0 4.0 0.0 0.17600001 2 TOUCH_MOVE e
1401611273515 6 4098 188.0 852.951 0.20000002 4.0 4.0 4.0 4.0 0.0 0.17600001 1 TOUCH_UP e
1401611273966 6 4098 286.0 1217.4509 0.26666668 5.0 5.0 5.0 5.0 0.0 0.216 0 TOUCH_DOWN Space
1401611273999 6 4098 285.62946 1217.4509 0.26666668 5.0 5.0 5.0 5.0 0.0 0.224 2 TOUCH_MOVE Space
1401611274006 6 4098 284.07944 1217.4509 0.26666668 5.0 5.0 5.0 5.0 0.0 0.23200001 2 TOUCH_MOVE Space
1401611274022 6 4098 281.21375 1217.4509 0.26666668 5.0 5.0 5.0 5.0 0.0 0.23200001 2 TOUCH_MOVE Space
1401611274040 6 4098 278.7768 1217.4509 0.26666668 5.0 5.0 5.0 5.0 0.0 0.23200001 2 TOUCH_MOVE Space
1401611274057 6 4098 277.90848 1217.4509 0.26666668 5.0 5.0 5.0 5.0 0.0 0.23200001 2 TOUCH_MOVE Space
1401611274101 6 4098 278.0 1217.9509 0.23333335 4.0 4.0 4.0 4.0 0.0 0.18800001 2 TOUCH_MOVE Space
1401611274105 6 4098 278.0 1217.9509 0.23333335 4.0 4.0 4.0 4.0 0.0 0.18800001 1 TOUCH_UP Space
1401611274636 6 4098 602.5 1078.9509 0.20000002 4.0 4.0 4.0 4.0 0.0 0.192 0 TOUCH_DOWN m
1401611274641 6 4098 602.5 1078.9509 0.20000002 4.0 4.0 4.0 4.0 0.0 0.2 2 TOUCH_MOVE m
1401611274663 6 4098 600.51447 1078.2538 0.23333335 4.0 4.0 4.0 4.0 0.0 0.216 2 TOUCH_MOVE m
1401611274673 6 4098 595.7346 1077.2979 0.26666668 5.0 5.0 5.0 5.0 0.0 0.22000001 2 TOUCH_MOVE m
1401611274690 6 4098 592.6255 1077.4509 0.3 5.0 5.0 5.0 5.0 0.0 0.224 2 TOUCH_MOVE m
1401611274706 6 4098 590.346 1077.4509 0.3 5.0 5.0 5.0 5.0 0.0 0.224 2 TOUCH_MOVE m
1401611274723 6 4098 588.411 1077.4509 0.3 5.0 5.0 5.0 5.0 0.0 0.224 2 TOUCH_MOVE m
1401611274760 6 4098 587.25 1077.4509 0.3 5.0 5.0 5.0 5.0 0.0 0.224 2 TOUCH_MOVE m
1401611274803 6 4098 587.5 1077.4509 0.13333334 2.0 2.0 2.0 2.0 0.0 0.116000004 2 TOUCH_MOVE m
1401611274807 6 4098 587.5 1077.4509 0.13333334 2.0 2.0 2.0 2.0 0.0 0.116000004 1 TOUCH_UP m
1401611275005 6 4098 188.0 808.451 0.13333334 2.0 2.0 2.0 2.0 0.0 0.18 0 TOUCH_DOWN e
1401611275027 6 4098 188.0 808.451 0.23333335 4.0 4.0 4.0 4.0 0.0 0.18800001 2 TOUCH_MOVE e
1401611275041 6 4098 188.30798 809.259 0.26666668 5.0 5.0 5.0 5.0 0.0 0.208 2 TOUCH_MOVE e
1401611275058 6 4098 189.77223 810.7232 0.26666668 5.0 5.0 5.0 5.0 0.0 0.21200001 2 TOUCH_MOVE e
1401611275073 6 4098 191.46352 811.68274 0.26666668 5.0 5.0 5.0 5.0 0.0 0.216 2 TOUCH_MOVE e
1401611275090 6 4098 193.36734 812.63464 0.26666668 5.0 5.0 5.0 5.0 0.0 0.22000001 2 TOUCH_MOVE e
1401611275107 6 4098 194.15576 812.951 0.26666668 5.0 5.0 5.0 5.0 0.0 0.22000001 2 TOUCH_MOVE e
1401611275124 6 4098 194.75 812.951 0.26666668 5.0 5.0 5.0 5.0 0.0 0.22000001 2 TOUCH_MOVE e
1401611275157 6 4098 193.99434 812.951 0.26666668 5.0 5.0 5.0 5.0 0.0 0.21200001 2 TOUCH_MOVE e
1401611275173 6 4098 191.49904 811.9507 0.23333335 4.0 4.0 4.0 4.0 0.0 0.20400001 2 TOUCH_MOVE e
1401611275193 6 4098 185.03781 810.15857 0.23333335 4.0 4.0 4.0 4.0 0.0 0.192 2 TOUCH_MOVE e
1401611275195 6 4098 184.0 809.951 0.23333335 4.0 4.0 4.0 4.0 0.0 0.18 2 TOUCH_MOVE e
1401611275198 6 4098 184.0 809.951 0.23333335 4.0 4.0 4.0 4.0 0.0 0.18 1 TOUCH_UP e
1401611276208 6 4098 491.0 1223.9509 0.26666668 5.0 5.0 5.0 5.0 0.0 0.21200001 0 TOUCH_DOWN .
1401611276224 6 4098 491.0 1223.9509 0.26666668 5.0 5.0 5.0 5.0 0.0 0.216 2 TOUCH_MOVE .
1401611276241 6 4098 489.5314 1223.9509 0.26666668 5.0 5.0 5.0 5.0 0.0 0.224 2 TOUCH_MOVE .
1401611276258 6 4098 488.00494 1223.4509 0.26666668 5.0 5.0 5.0 5.0 0.0 0.224 2 TOUCH_MOVE .
1401611276274 6 4098 487.25 1223.4509 0.26666668 5.0 5.0 5.0 5.0 0.0 0.22800002 2 TOUCH_MOVE .
1401611276310 6 4098 490.56653 1222.9509 0.26666668 5.0 5.0 5.0 5.0 0.0 0.216 2 TOUCH_MOVE .
1401611276326 6 4098 496.0 1222.9509 0.26666668 5.0 5.0 5.0 5.0 0.0 0.192 2 TOUCH_MOVE .
1401611276332 6 4098 496.0 1222.9509 0.13333334 3.0 3.0 3.0 3.0 0.0 0.1 2 TOUCH_MOVE .
1401611276336 6 4098 496.0 1222.9509 0.13333334 3.0 3.0 3.0 3.0 0.0 0.1 1 TOUCH_UP .
1401611276653 6 4098 698.5 1215.9509 0.16666667 3.0 3.0 3.0 3.0 0.0 0.19600001 0 TOUCH_DOWN Enter
1401611276661 6 4098 698.5 1215.9509 0.23333335 4.0 4.0 4.0 4.0 0.0 0.20400001 2 TOUCH_MOVE Enter
1401611276693 6 4098 697.90643 1215.9509 0.26666668 5.0 5.0 5.0 5.0 0.0 0.21200001 2 TOUCH_MOVE Enter
1401611276708 6 4098 697.2736 1215.9509 0.26666668 5.0 5.0 5.0 5.0 0.0 0.21200001 2 TOUCH_MOVE Enter
1401611276742 6 4098 697.0 1217.2009 0.23333335 4.0 4.0 4.0 4.0 0.0 0.20400001 2 TOUCH_MOVE Enter
1401611276749 6 4098 697.0 1217.2009 0.23333335 4.0 4.0 4.0 4.0 0.0 0.20400001 1 TOUCH_UP Enter
1401611277665 6 4098 107.5 856.951 0.23333335 5.0 5.0 5.0 5.0 0.0 0.18800001 0 TOUCH_DOWN W
1401611277676 6 4098 107.5 856.951 0.23333335 5.0 5.0 5.0 5.0 0.0 0.192 2 TOUCH_MOVE W
1401611277693 6 4098 108.087006 856.951 0.23333335 5.0 5.0 5.0 5.0 0.0 0.2 2 TOUCH_MOVE W
1401611277710 6 4098 112.14182 856.951 0.23333335 5.0 5.0 5.0 5.0 0.0 0.20400001 2 TOUCH_MOVE W
1401611277726 6 4098 117.48414 856.451 0.23333335 5.0 5.0 5.0 5.0 0.0 0.20400001 2 TOUCH_MOVE W
1401611277743 6 4098 119.47601 855.951 0.23333335 5.0 5.0 5.0 5.0 0.0 0.20400001 2 TOUCH_MOVE W
1401611277759 6 4098 120.52343 855.951 0.23333335 5.0 5.0 5.0 5.0 0.0 0.20400001 2 TOUCH_MOVE W
1401611277826 6 4098 114.7799 854.21094 0.23333335 5.0 5.0 5.0 5.0 0.0 0.18800001 2 TOUCH_MOVE W
1401611277840 6 4098 110.0 852.451 0.26666668 5.0 5.0 5.0 5.0 0.0 0.16800001 2 TOUCH_MOVE W
1401611277843 6 4098 110.0 852.451 0.26666668 5.0 5.0 5.0 5.0 0.0 0.16800001 1 TOUCH_UP W
1401611277975 6 4098 163.0 826.951 0.33333334 5.0 5.0 5.0 5.0 0.0 0.192 0 TOUCH_DOWN e
1401611277993 6 4098 163.0 826.951 0.33333334 5.0 5.0 5.0 5.0 0.0 0.19600001 2 TOUCH_MOVE e
1401611278009 6 4098 166.67317 826.951 0.33333334 5.0 5.0 5.0 5.0 0.0 0.20400001 2 TOUCH_MOVE e
1401611278026 6 4098 172.5207 827.3551 0.33333334 5.0 5.0 5.0 5.0 0.0 0.208 2 TOUCH_MOVE e
1401611278043 6 4098 176.9603 827.951 0.33333334 5.0 5.0 5.0 5.0 0.0 0.216 2 TOUCH_MOVE e
1401611278064 6 4098 179.65558 828.77875 0.33333334 5.0 5.0 5.0 5.0 0.0 0.22000001 2 TOUCH_MOVE e
1401611278076 6 4098 181.27846 828.951 0.33333334 5.0 5.0 5.0 5.0 0.0 0.22000001 2 TOUCH_MOVE e
1401611278093 6 4098 182.24767 828.951 0.33333334 5.0 5.0 5.0 5.0 0.0 0.22000001 2 TOUCH_MOVE e
1401611278109 6 4098 182.75 828.951 0.33333334 5.0 5.0 5.0 5.0 0.0 0.22000001 2 TOUCH_MOVE e
1401611278160 6 4098 180.79 828.951 0.33333334 5.0 5.0 5.0 5.0 0.0 0.21200001 2 TOUCH_MOVE e
1401611278176 6 4098 174.69727 827.9077 0.33333334 5.0 5.0 5.0 5.0 0.0 0.19600001 2 TOUCH_MOVE e
1401611278187 6 4098 170.5 828.451 0.33333334 5.0 5.0 5.0 5.0 0.0 0.18400002 2 TOUCH_MOVE e
1401611278195 6 4098 170.5 828.451 0.33333334 5.0 5.0 5.0 5.0 0.0 0.18400002 1 TOUCH_UP e
1401611278603 6 4098 287.5 1244.4509 0.16666667 4.0 4.0 4.0 4.0 0.0 0.18400002 0 TOUCH_DOWN Space
1401611278611 6 4098 287.5 1244.4509 0.20000002 5.0 5.0 5.0 5.0 0.0 0.192 2 TOUCH_MOVE Space
1401611278627 6 4098 286.99896 1243.4489 0.23333335 5.0 5.0 5.0 5.0 0.0 0.2 2 TOUCH_MOVE Space
1401611278649 6 4098 285.03943 1240.0298 0.23333335 5.0 5.0 5.0 5.0 0.0 0.20400001 2 TOUCH_MOVE Space
1401611278660 6 4098 283.1283 1237.1434 0.23333335 5.0 5.0 5.0 5.0 0.0 0.208 2 TOUCH_MOVE Space
1401611278689 6 4098 281.20154 1235.5518 0.23333335 5.0 5.0 5.0 5.0 0.0 0.208 2 TOUCH_MOVE Space
1401611278693 6 4098 280.13672 1234.9509 0.23333335 5.0 5.0 5.0 5.0 0.0 0.208 2 TOUCH_MOVE Space
1401611278710 6 4098 280.0 1235.3649 0.23333335 5.0 5.0 5.0 5.0 0.0 0.20400001 2 TOUCH_MOVE Space
1401611278725 6 4098 280.0 1235.4509 0.16666667 4.0 4.0 4.0 4.0 0.0 0.132 2 TOUCH_MOVE Space
1401611278733 6 4098 280.0 1235.4509 0.16666667 4.0 4.0 4.0 4.0 0.0 0.132 1 TOUCH_UP Space
1401611279273 6 4098 669.5 973.451 0.23333335 5.0 5.0 5.0 5.0 0.0 0.18800001 0 TOUCH_DOWN l
1401611279295 6 4098 669.5 973.451 0.23333335 5.0 5.0 5.0 5.0 0.0 0.2 2 TOUCH_MOVE l
1401611279313 6 4098 667.2043 973.451 0.26666668 5.0 5.0 5.0 5.0 0.0 0.22000001 2 TOUCH_MOVE l
1401611279327 6 4098 663.8075 973.451 0.3 5.0 5.0 5.0 5.0 0.0 0.22800002 2 TOUCH_MOVE l
1401611279344 6 4098 661.2866 973.451 0.3 5.0 5.0 5.0 5.0 0.0 0.23200001 2 TOUCH_MOVE l
1401611279361 6 4098 660.1828 973.451 0.3 5.0 5.0 5.0 5.0 0.0 0.23200001 2 TOUCH_MOVE l
1401611279377 6 4098 659.25 973.451 0.3 5.0 5.0 5.0 5.0 0.0 0.23200001 2 TOUCH_MOVE l
1401611279434 6 4098 659.25 973.451 0.3 5.0 5.0 5.0 5.0 0.0 0.23200001 1 TOUCH_UP l
1401611279606 6 4098 613.5 843.451 0.3 5.0 5.0 5.0 5.0 0.0 0.224 0 TOUCH_DOWN o
1401611279638 6 4098 613.1521 843.1031 0.3 5.0 5.0 5.0 5.0 0.0 0.23600002 2 TOUCH_MOVE o
1401611279644 6 4098 611.6959 842.29895 0.33333334 5.0 5.0 5.0 5.0 0.0 0.252 2 TOUCH_MOVE o
1401611279661 6 4098 609.79944 840.2504 0.33333334 5.0 5.0 5.0 5.0 0.0 0.252 2 TOUCH_MOVE o
1401611279677 6 4098 607.82983 838.2808 0.36666667 6.0 6.0 6.0 6.0 0.0 0.252 2 TOUCH_MOVE o
1401611279696 6 4098 606.4508 836.9018 0.36666667 6.0 6.0 6.0 6.0 0.0 0.256 2 TOUCH_MOVE o
1401611279711 6 4098 606.0 835.9575 0.36666667 6.0 6.0 6.0 6.0 0.0 0.252 2 TOUCH_MOVE o
1401611279728 6 4098 606.4703 835.451 0.33333334 5.0 5.0 5.0 5.0 0.0 0.252 2 TOUCH_MOVE o
1401611279745 6 4098 609.6671 834.5176 0.33333334 5.0 5.0 5.0 5.0 0.0 0.24000001 2 TOUCH_MOVE o
1401611279761 6 4098 610.0 834.451 0.3 5.0 5.0 5.0 5.0 0.0 0.20400001 2 TOUCH_MOVE o
1401611279766 6 4098 610.0 834.451 0.26666668 5.0 5.0 5.0 5.0 0.0 0.17600001 2 TOUCH_MOVE o
1401611279769 6 4098 610.0 834.451 0.26666668 5.0 5.0 5.0 5.0 0.0 0.17600001 1 TOUCH_UP o
1401611280043 6 4098 359.5 1098.9509 0.26666668 4.0 4.0 4.0 4.0 0.0 0.216 0 TOUCH_DOWN v
1401611280145 6 4098 359.5 1098.9509 0.26666668 5.0 5.0 5.0 5.0 0.0 0.156 2 TOUCH_MOVE v
1401611280150 6 4098 359.5 1098.9509 0.26666668 5.0 5.0 5.0 5.0 0.0 0.156 1 TOUCH_UP v
1401611280264 6 4098 194.0 845.451 0.13333334 2.0 2.0 2.0 2.0 0.0 0.17600001 0 TOUCH_DOWN e
1401611280280 6 4098 194.0 845.451 0.23333335 4.0 4.0 4.0 4.0 0.0 0.18800001 2 TOUCH_MOVE e
1401611280311 6 4098 196.7267 842.7243 0.3 5.0 5.0 5.0 5.0 0.0 0.20400001 2 TOUCH_MOVE e
1401611280328 6 4098 200.2439 840.2071 0.3 5.0 5.0 5.0 5.0 0.0 0.21200001 2 TOUCH_MOVE e
1401611280345 6 4098 202.09393 838.35706 0.3 5.0 5.0 5.0 5.0 0.0 0.21200001 2 TOUCH_MOVE e
1401611280361 6 4098 203.49004 836.9709 0.3 5.0 5.0 5.0 5.0 0.0 0.21200001 2 TOUCH_MOVE e
1401611280379 6 4098 204.44774 836.00323 0.3 5.0 5.0 5.0 5.0 0.0 0.216 2 TOUCH_MOVE e
1401611280395 6 4098 204.5 835.201 0.33333334 5.0 5.0 5.0 5.0 0.0 0.216 2 TOUCH_MOVE e
1401611280462 6 4098 201.42555 835.7196 0.26666668 4.0 4.0 4.0 4.0 0.0 0.192 2 TOUCH_MOVE e
1401611280477 6 4098 200.5 835.951 0.13333334 2.0 2.0 2.0 2.0 0.0 0.120000005 2 TOUCH_MOVE e
1401611280488 6 4098 200.5 835.951 0.13333334 2.0 2.0 2.0 2.0 0.0 0.120000005 1 TOUCH_UP e
1401611280660 6 4098 309.0 1214.9509 0.23333335 4.0 4.0 4.0 4.0 0.0 0.216 0 TOUCH_DOWN Space
1401611280678 6 4098 308.6218 1214.9509 0.26666668 5.0 5.0 5.0 5.0 0.0 0.224 2 TOUCH_MOVE Space
1401611280695 6 4098 306.83072 1214.9509 0.26666668 5.0 5.0 5.0 5.0 0.0 0.23200001 2 TOUCH_MOVE Space
1401611280714 6 4098 304.6134 1214.9509 0.26666668 5.0 5.0 5.0 5.0 0.0 0.23200001 2 TOUCH_MOVE Space
1401611280729 6 4098 303.36057 1214.9509 0.26666668 5.0 5.0 5.0 5.0 0.0 0.23200001 2 TOUCH_MOVE Space
1401611280745 6 4098 302.75 1214.9509 0.26666668 5.0 5.0 5.0 5.0 0.0 0.23200001 2 TOUCH_MOVE Space
1401611280764 6 4098 303.0 1215.6813 0.26666668 5.0 5.0 5.0 5.0 0.0 0.224 2 TOUCH_MOVE Space
1401611280778 6 4098 303.0 1215.9509 0.20000002 3.0 3.0 3.0 3.0 0.0 0.17600001 2 TOUCH_MOVE Space
1401611280792 6 4098 303.0 1215.9509 0.20000002 3.0 3.0 3.0 3.0 0.0 0.17600001 1 TOUCH_UP Space
1401611281485 6 4098 322.0 842.951 0.3 5.0 5.0 5.0 5.0 0.0 0.19600001 0 TOUCH_DOWN t
1401611281496 6 4098 322.0 842.951 0.3 5.0 5.0 5.0 5.0 0.0 0.20400001 2 TOUCH_MOVE t
1401611281531 6 4098 322.78412 842.1669 0.3 5.0 5.0 5.0 5.0 0.0 0.22000001 2 TOUCH_MOVE t
1401611281546 6 4098 323.74597 841.205 0.3 5.0 5.0 5.0 5.0 0.0 0.224 2 TOUCH_MOVE t
1401611281563 6 4098 324.72565 840.22534 0.3 5.0 5.0 5.0 5.0 0.0 0.224 2 TOUCH_MOVE t
1401611281580 6 4098 325.68866 839.951 0.3 5.0 5.0 5.0 5.0 0.0 0.22800002 2 TOUCH_MOVE t
1401611281646 6 4098 325.5 839.951 0.3 5.0 5.0 5.0 5.0 0.0 0.2 2 TOUCH_MOVE t
1401611281663 6 4098 324.0 839.951 0.20000002 3.0 3.0 3.0 3.0 0.0 0.124000005 2 TOUCH_MOVE t
1401611281668 6 4098 324.0 839.951 0.20000002 3.0 3.0 3.0 3.0 0.0 0.124000005 1 TOUCH_UP t
1401611281875 6 4098 610.0 821.451 0.3 5.0 5.0 5.0 5.0 0.0 0.21200001 0 TOUCH_DOWN o
1401611281907 6 4098 610.0 821.451 0.3 5.0 5.0 5.0 5.0 0.0 0.216 2 TOUCH_MOVE o
1401611281930 6 4098 608.6292 821.451 0.33333334 5.0 5.0 5.0 5.0 0.0 0.23200001 2 TOUCH_MOVE o
1401611281946 6 4098 607.75 821.451 0.3 5.0 5.0 5.0 5.0 0.0 0.23200001 2 TOUCH_MOVE o
1401611281998 6 4098 608.0 821.451 0.3 5.0 5.0 5.0 5.0 0.0 0.208 2 TOUCH_MOVE o
1401611282005 6 4098 609.0 820.451 0.26666668 5.0 5.0 5.0 5.0 0.0 0.14 2 TOUCH_MOVE o
1401611282011 6 4098 609.0 820.451 0.26666668 5.0 5.0 5.0 5.0 0.0 0.14 1 TOUCH_UP o
1401611282787 6 4098 401.0 971.951 0.20000002 4.0 4.0 4.0 4.0 0.0 0.192 0 TOUCH_DOWN h
1401611282798 6 4098 400.6286 971.951 0.23333335 5.0 5.0 5.0 5.0 0.0 0.2 2 TOUCH_MOVE h
1401611282821 6 4098 397.34344 970.7884 0.23333335 5.0 5.0 5.0 5.0 0.0 0.208 2 TOUCH_MOVE h
1401611282831 6 4098 392.0634 968.37634 0.26666668 5.0 5.0 5.0 5.0 0.0 0.216 2 TOUCH_MOVE h
1401611282847 6 4098 387.98108 966.6963 0.3 5.0 5.0 5.0 5.0 0.0 0.224 2 TOUCH_MOVE h
1401611282864 6 4098 384.3773 965.7953 0.3 5.0 5.0 5.0 5.0 0.0 0.23200001 2 TOUCH_MOVE h
1401611282881 6 4098 380.96558 965.451 0.3 5.0 5.0 5.0 5.0 0.0 0.23200001 2 TOUCH_MOVE h
1401611282899 6 4098 378.86493 965.451 0.3 5.0 5.0 5.0 5.0 0.0 0.23600002 2 TOUCH_MOVE h
1401611282914 6 4098 377.9011 965.451 0.3 5.0 5.0 5.0 5.0 0.0 0.23200001 2 TOUCH_MOVE h
1401611282947 6 4098 378.5253 966.5016 0.23333335 5.0 5.0 5.0 5.0 0.0 0.18 2 TOUCH_MOVE h
1401611282952 6 4098 378.5253 966.5016 0.23333335 5.0 5.0 5.0 5.0 0.0 0.18 1 TOUCH_UP h
1401611283200 6 4098 171.0 845.451 0.23333335 4.0 4.0 4.0 4.0 0.0 0.192 0 TOUCH_DOWN e
1401611283215 6 4098 171.0 845.451 0.23333335 4.0 4.0 4.0 4.0 0.0 0.19600001 2 TOUCH_MOVE e
1401611283231 6 4098 172.726 845.088 0.3 5.0 5.0 5.0 5.0 0.0 0.208 2 TOUCH_MOVE e
1401611283247 6 4098 175.13756 844.1322 0.3 5.0 5.0 5.0 5.0 0.0 0.216 2 TOUCH_MOVE e
1401611283264 6 4098 177.0781 843.1619 0.3 5.0 5.0 5.0 5.0 0.0 0.216 2 TOUCH_MOVE e
1401611283282 6 4098 179.0 842.201 0.3 5.0 5.0 5.0 5.0 0.0 0.216 2 TOUCH_MOVE e
1401611283298 6 4098 180.20776 841.951 0.3 5.0 5.0 5.0 5.0 0.0 0.216 2 TOUCH_MOVE e
1401611283314 6 4098 180.75 841.951 0.3 5.0 5.0 5.0 5.0 0.0 0.216 2 TOUCH_MOVE e
1401611283365 6 4098 179.99394 841.951 0.26666668 5.0 5.0 5.0 5.0 0.0 0.2 2 TOUCH_MOVE e
1401611283395 6 4098 176.50702 842.4496 0.23333335 4.0 4.0 4.0 4.0 0.0 0.192 2 TOUCH_MOVE e
1401611283396 6 4098 176.5 842.451 0.23333335 4.0 4.0 4.0 4.0 0.0 0.17600001 2 TOUCH_MOVE e
1401611283404 6 4098 176.5 842.451 0.23333335 4.0 4.0 4.0 4.0 0.0 0.17600001 1 TOUCH_UP e
1401611284135 6 4098 708.0 1086.4509 0.16666667 3.0 3.0 3.0 3.0 0.0 0.18800001 0 TOUCH_DOWN Back
1401611284148 6 4098 708.0 1086.4509 0.16666667 3.0 3.0 3.0 3.0 0.0 0.192 2 TOUCH_MOVE Back
1401611284165 6 4098 707.399 1086.4509 0.20000002 4.0 4.0 4.0 4.0 0.0 0.2 2 TOUCH_MOVE Back
1401611284182 6 4098 703.7071 1085.7527 0.20000002 4.0 4.0 4.0 4.0 0.0 0.20400001 2 TOUCH_MOVE Back
1401611284198 6 4098 700.61475 1084.8225 0.20000002 4.0 4.0 4.0 4.0 0.0 0.208 2 TOUCH_MOVE Back
1401611284215 6 4098 699.4137 1084.4509 0.20000002 4.0 4.0 4.0 4.0 0.0 0.208 2 TOUCH_MOVE Back
1401611284250 6 4098 700.0014 1084.4509 0.16666667 3.0 3.0 3.0 3.0 0.0 0.18800001 2 TOUCH_MOVE Back
1401611284261 6 4098 700.0 1084.4509 0.16666667 3.0 3.0 3.0 3.0 0.0 0.16000001 2 TOUCH_MOVE Back
1401611284264 6 4098 700.0 1084.4509 0.16666667 3.0 3.0 3.0 3.0 0.0 0.16000001 1 TOUCH_UP Back
1401611284408 6 4098 710.0 1076.9509 0.16666667 3.0 3.0 3.0 3.0 0.0 0.19600001 0 TOUCH_DOWN Back
1401611284415 6 4098 710.0 1076.9509 0.20000002 3.0 3.0 3.0 3.0 0.0 0.2 2 TOUCH_MOVE Back
1401611284449 6 4098 705.31146 1075.4038 0.23333335 4.0 4.0 4.0 4.0 0.0 0.208 2 TOUCH_MOVE Back
1401611284465 6 4098 702.4832 1074.9509 0.23333335 4.0 4.0 4.0 4.0 0.0 0.208 2 TOUCH_MOVE Back
1401611284482 6 4098 701.5296 1074.9509 0.23333335 4.0 4.0 4.0 4.0 0.0 0.21200001 2 TOUCH_MOVE Back
1401611284499 6 4098 700.75 1074.9509 0.23333335 4.0 4.0 4.0 4.0 0.0 0.208 2 TOUCH_MOVE Back
1401611284546 6 4098 701.5 1075.4509 0.16666667 3.0 3.0 3.0 3.0 0.0 0.164 2 TOUCH_MOVE Back
1401611284550 6 4098 701.5 1075.4509 0.16666667 3.0 3.0 3.0 3.0 0.0 0.164 1 TOUCH_UP Back
1401611285424 6 4098 361.5 975.951 0.26666668 4.0 4.0 4.0 4.0 0.0 0.21200001 0 TOUCH_DOWN g
1401611285433 6 4098 361.5 975.951 0.26666668 4.0 4.0 4.0 4.0 0.0 0.216 2 TOUCH_MOVE g
1401611285451 6 4098 360.8494 975.951 0.26666668 4.0 4.0 4.0 4.0 0.0 0.22800002 2 TOUCH_MOVE g
1401611285466 6 4098 359.12268 975.951 0.3 5.0 5.0 5.0 5.0 0.0 0.23200001 2 TOUCH_MOVE g
1401611285484 6 4098 357.87045 975.951 0.3 5.0 5.0 5.0 5.0 0.0 0.23200001 2 TOUCH_MOVE g
1401611285500 6 4098 356.88513 975.951 0.3 5.0 5.0 5.0 5.0 0.0 0.23200001 2 TOUCH_MOVE g
1401611285560 6 4098 361.45526 974.96094 0.23333335 4.0 4.0 4.0 4.0 0.0 0.2 2 TOUCH_MOVE g
1401611285562 6 4098 361.5 974.951 0.16666667 3.0 3.0 3.0 3.0 0.0 0.128 2 TOUCH_MOVE g
1401611285565 6 4098 361.5 974.951 0.16666667 3.0 3.0 3.0 3.0 0.0 0.128 1 TOUCH_UP g
1401611285680 6 4098 186.5 844.951 0.16666667 3.0 3.0 3.0 3.0 0.0 0.18800001 0 TOUCH_DOWN e
1401611285701 6 4098 186.5 844.951 0.20000002 4.0 4.0 4.0 4.0 0.0 0.192 2 TOUCH_MOVE e
1401611285718 6 4098 186.5 843.8421 0.3 5.0 5.0 5.0 5.0 0.0 0.20400001 2 TOUCH_MOVE e
1401611285733 6 4098 187.0 842.88025 0.3 5.0 5.0 5.0 5.0 0.0 0.208 2 TOUCH_MOVE e
1401611285750 6 4098 187.5 841.918 0.3 5.0 5.0 5.0 5.0 0.0 0.208 2 TOUCH_MOVE e
1401611285767 6 4098 188.25 841.201 0.3 5.0 5.0 5.0 5.0 0.0 0.208 2 TOUCH_MOVE e
1401611285820 6 4098 187.13426 841.8167 0.3 5.0 5.0 5.0 5.0 0.0 0.2 2 TOUCH_MOVE e
1401611285833 6 4098 182.61914 844.31146 0.23333335 4.0 4.0 4.0 4.0 0.0 0.192 2 TOUCH_MOVE e
1401611285848 6 4098 178.0 847.951 0.23333335 5.0 5.0 5.0 5.0 0.0 0.172 2 TOUCH_MOVE e
1401611285851 6 4098 178.0 847.951 0.23333335 5.0 5.0 5.0 5.0 0.0 0.172 1 TOUCH_UP e
1401611286015 6 4098 326.5 815.951 0.3 5.0 5.0 5.0 5.0 0.0 0.22800002 0 TOUCH_DOWN t
1401611286034 6 4098 326.0668 815.951 0.3 5.0 5.0 5.0 5.0 0.0 0.23200001 2 TOUCH_MOVE t
1401611286050 6 4098 324.3292 815.6156 0.33333334 5.0 5.0 5.0 5.0 0.0 0.24000001 2 TOUCH_MOVE t
1401611286067 6 4098 321.90433 815.451 0.33333334 5.0 5.0 5.0 5.0 0.0 0.24000001 2 TOUCH_MOVE t
1401611286096 6 4098 320.75488 815.451 0.33333334 5.0 5.0 5.0 5.0 0.0 0.23600002 2 TOUCH_MOVE t
1401611286117 6 4098 323.0 816.451 0.33333334 5.0 5.0 5.0 5.0 0.0 0.19600001 2 TOUCH_MOVE t
1401611286122 6 4098 323.0 816.451 0.33333334 5.0 5.0 5.0 5.0 0.0 0.19600001 1 TOUCH_UP t
1401611286568 6 4098 452.0 970.951 0.23333335 5.0 5.0 5.0 5.0 0.0 0.20400001 0 TOUCH_DOWN h
1401611286589 6 4098 452.0 970.951 0.23333335 5.0 5.0 5.0 5.0 0.0 0.208 2 TOUCH_MOVE h
1401611286706 6 4098 452.0 970.951 0.23333335 5.0 5.0 5.0 5.0 0.0 0.208 1 TOUCH_UP h
1401611286978 6 4098 163.5 813.951 0.26666668 5.0 5.0 5.0 5.0 0.0 0.18800001 0 TOUCH_DOWN e
1401611286986 6 4098 163.5 813.951 0.3 5.0 5.0 5.0 5.0 0.0 0.192 2 TOUCH_MOVE e
1401611287006 6 4098 164.13199 814.08295 0.3 5.0 5.0 5.0 5.0 0.0 0.19600001 2 TOUCH_MOVE e
1401611287018 6 4098 165.69362 815.0478 0.3 5.0 5.0 5.0 5.0 0.0 0.2 2 TOUCH_MOVE e
1401611287036 6 4098 167.11284 816.0074 0.3 5.0 5.0 5.0 5.0 0.0 0.20400001 2 TOUCH_MOVE e
1401611287051 6 4098 168.01425 815.951 0.3 5.0 5.0 5.0 5.0 0.0 0.20400001 2 TOUCH_MOVE e
1401611287070 6 4098 168.98088 816.451 0.3 5.0 5.0 5.0 5.0 0.0 0.20400001 2 TOUCH_MOVE e
1401611287085 6 4098 169.75 816.451 0.3 5.0 5.0 5.0 5.0 0.0 0.20400001 2 TOUCH_MOVE e
1401611287118 6 4098 167.94147 817.1567 0.3 5.0 5.0 5.0 5.0 0.0 0.18800001 2 TOUCH_MOVE e
1401611287123 6 4098 167.5 817.451 0.33333334 5.0 5.0 5.0 5.0 0.0 0.18 2 TOUCH_MOVE e
1401611287127 6 4098 167.5 817.451 0.33333334 5.0 5.0 5.0 5.0 0.0 0.18 1 TOUCH_UP e
1401611287357 6 4098 271.0 840.451 0.3 5.0 5.0 5.0 5.0 0.0 0.21200001 0 TOUCH_DOWN r
1401611287370 6 4098 271.0 840.451 0.33333334 5.0 5.0 5.0 5.0 0.0 0.224 2 TOUCH_MOVE r
1401611287385 6 4098 270.02643 839.2406 0.33333334 5.0 5.0 5.0 5.0 0.0 0.24000001 2 TOUCH_MOVE r
1401611287401 6 4098 267.5874 837.0384 0.33333334 5.0 5.0 5.0 5.0 0.0 0.24800001 2 TOUCH_MOVE r
1401611287418 6 4098 265.67993 835.1309 0.33333334 5.0 5.0 5.0 5.0 0.0 0.24400002 2 TOUCH_MOVE r
1401611287435 6 4098 264.3694 834.3204 0.33333334 5.0 5.0 5.0 5.0 0.0 0.24800001 2 TOUCH_MOVE r
1401611287452 6 4098 263.75 834.451 0.33333334 5.0 5.0 5.0 5.0 0.0 0.24400002 2 TOUCH_MOVE r
1401611287486 6 4098 264.0 834.451 0.3 5.0 5.0 5.0 5.0 0.0 0.19600001 2 TOUCH_MOVE r
1401611287495 6 4098 264.0 834.451 0.3 5.0 5.0 5.0 5.0 0.0 0.19600001 1 TOUCH_UP r
1401611288643 6 4098 442.0 1217.9509 0.26666668 5.0 5.0 5.0 5.0 0.0 0.20400001 0 TOUCH_DOWN ,
1401611288653 6 4098 442.0 1217.9509 0.26666668 5.0 5.0 5.0 5.0 0.0 0.208 2 TOUCH_MOVE ,
1401611288687 6 4098 441.633 1218.4509 0.26666668 5.0 5.0 5.0 5.0 0.0 0.216 2 TOUCH_MOVE ,
1401611288703 6 4098 441.26883 1218.4509 0.26666668 5.0 5.0 5.0 5.0 0.0 0.216 2 TOUCH_MOVE ,
1401611288719 6 4098 440.94778 1219.0032 0.26666668 5.0 5.0 5.0 5.0 0.0 0.216 2 TOUCH_MOVE ,
1401611288738 6 4098 441.0 1219.51 0.26666668 5.0 5.0 5.0 5.0 0.0 0.21200001 2 TOUCH_MOVE ,
1401611288753 6 4098 441.0 1219.4509 0.26666668 5.0 5.0 5.0 5.0 0.0 0.18400002 2 TOUCH_MOVE ,
1401611288758 6 4098 441.0 1219.4509 0.26666668 5.0 5.0 5.0 5.0 0.0 0.18400002 1 TOUCH_UP ,
1401611289575 6 4098 681.0 1220.4509 0.23333335 4.0 4.0 4.0 4.0 0.0 0.19600001 0 TOUCH_DOWN Enter
1401611289587 6 4098 681.0 1220.4509 0.23333335 4.0 4.0 4.0 4.0 0.0 0.2 2 TOUCH_MOVE Enter
1401611289620 6 4098 679.9497 1220.4509 0.26666668 5.0 5.0 5.0 5.0 0.0 0.21200001 2 TOUCH_MOVE Enter
1401611289638 6 4098 678.95905 1220.4509 0.26666668 5.0 5.0 5.0 5.0 0.0 0.21200001 2 TOUCH_MOVE Enter
1401611289686 6 4098 678.95905 1220.4509 0.26666668 5.0 5.0 5.0 5.0 0.0 0.21200001 1 TOUCH_UP Enter
1401611297634 6 4098 95.0 850.451 0.20000002 4.0 4.0 4.0 4.0 0.0 0.18 0 TOUCH_DOWN W
1401611297662 6 4098 95.47462 850.451 0.20000002 4.0 4.0 4.0 4.0 0.0 0.18400002 2 TOUCH_MOVE W
1401611297678 6 4098 99.052635 850.04047 0.26666668 5.0 5.0 5.0 5.0 0.0 0.192 2 TOUCH_MOVE W
1401611297694 6 4098 102.11655 849.0788 0.26666668 5.0 5.0 5.0 5.0 0.0 0.19600001 2 TOUCH_MOVE W
1401611297711 6 4098 104.6673 848.1173 0.26666668 5.0 5.0 5.0 5.0 0.0 0.20400001 2 TOUCH_MOVE W
1401611297728 6 4098 105.79503 847.15594 0.26666668 5.0 5.0 5.0 5.0 0.0 0.20400001 2 TOUCH_MOVE W
1401611297744 6 4098 106.75561 846.1954 0.26666668 5.0 5.0 5.0 5.0 0.0 0.20400001 2 TOUCH_MOVE W
1401611297762 6 4098 107.25 845.701 0.26666668 5.0 5.0 5.0 5.0 0.0 0.20400001 2 TOUCH_MOVE W
1401611297811 6 4098 107.0 845.951 0.26666668 5.0 5.0 5.0 5.0 0.0 0.18 2 TOUCH_MOVE W
1401611297821 6 4098 107.0 845.951 0.26666668 5.0 5.0 5.0 5.0 0.0 0.136 2 TOUCH_MOVE W
1401611297824 6 4098 107.0 845.951 0.26666668 5.0 5.0 5.0 5.0 0.0 0.136 1 TOUCH_UP W
1401611297989 6 4098 170.5 826.951 0.3 5.0 5.0 5.0 5.0 0.0 0.19600001 0 TOUCH_DOWN e
1401611297995 6 4098 170.5 826.951 0.3 5.0 5.0 5.0 5.0 0.0 0.2 2 TOUCH_MOVE e
1401611298028 6 4098 172.22878 826.951 0.33333334 5.0 5.0 5.0 5.0 0.0 0.21200001 2 TOUCH_MOVE e
1401611298045 6 4098 174.13077 826.951 0.33333334 5.0 5.0 5.0 5.0 0.0 0.216 2 TOUCH_MOVE e
1401611298061 6 4098 176.04292 826.951 0.33333334 5.0 5.0 5.0 5.0 0.0 0.216 2 TOUCH_MOVE e
1401611298078 6 4098 176.9827 827.4337 0.33333334 5.0 5.0 5.0 5.0 0.0 0.22000001 2 TOUCH_MOVE e
1401611298095 6 4098 177.9093 827.451 0.33333334 5.0 5.0 5.0 5.0 0.0 0.22000001 2 TOUCH_MOVE e
1401611298111 6 4098 178.25 827.451 0.33333334 5.0 5.0 5.0 5.0 0.0 0.216 2 TOUCH_MOVE e
1401611298146 6 4098 175.27945 827.451 0.33333334 5.0 5.0 5.0 5.0 0.0 0.2 2 TOUCH_MOVE e
1401611298151 6 4098 174.5 827.451 0.33333334 5.0 5.0 5.0 5.0 0.0 0.18400002 2 TOUCH_MOVE e
1401611298154 6 4098 174.5 827.451 0.33333334 5.0 5.0 5.0 5.0 0.0 0.18400002 1 TOUCH_UP e
1401611298554 6 4098 300.5 1207.4509 0.26666668 5.0 5.0 5.0 5.0 0.0 0.22800002 0 TOUCH_DOWN Space
1401611298580 6 4098 299.67957 1207.4509 0.3 5.0 5.0 5.0 5.0 0.0 0.23600002 2 TOUCH_MOVE Space
1401611298595 6 4098 296.86093 1207.4509 0.3 5.0 5.0 5.0 5.0 0.0 0.24000001 2 TOUCH_MOVE Space
1401611298612 6 4098 294.00638 1207.4509 0.3 5.0 5.0 5.0 5.0 0.0 0.24000001 2 TOUCH_MOVE Space
1401611298634 6 4098 292.79474 1207.4509 0.3 5.0 5.0 5.0 5.0 0.0 0.24000001 2 TOUCH_MOVE Space
1401611298646 6 4098 292.25 1207.4509 0.3 5.0 5.0 5.0 5.0 0.0 0.23600002 2 TOUCH_MOVE Space
1401611298662 6 4098 292.5 1208.5848 0.23333335 4.0 4.0 4.0 4.0 0.0 0.216 2 TOUCH_MOVE Space
1401611298679 6 4098 292.5 1208.4509 0.16666667 3.0 3.0 3.0 3.0 0.0 0.116000004 2 TOUCH_MOVE Space
1401611298683 6 4098 292.5 1208.4509 0.16666667 3.0 3.0 3.0 3.0 0.0 0.116000004 1 TOUCH_UP Space
1401611299494 6 4098 117.0 840.451 0.3 5.0 5.0 5.0 5.0 0.0 0.18 0 TOUCH_DOWN w
1401611299515 6 4098 116.34357 840.29456 0.3 5.0 5.0 5.0 5.0 0.0 0.192 2 TOUCH_MOVE w
1401611299530 6 4098 115.38173 839.3327 0.3 5.0 5.0 5.0 5.0 0.0 0.19600001 2 TOUCH_MOVE w
1401611299546 6 4098 115.5 838.3679 0.3 5.0 5.0 5.0 5.0 0.0 0.2 2 TOUCH_MOVE w
1401611299563 6 4098 115.5 837.41205 0.3 5.0 5.0 5.0 5.0 0.0 0.2 2 TOUCH_MOVE w
1401611299646 6 4098 115.0 837.451 0.3 5.0 5.0 5.0 5.0 0.0 0.18800001 2 TOUCH_MOVE w
1401611299652 6 4098 115.0 837.451 0.26666668 5.0 5.0 5.0 5.0 0.0 0.15200001 2 TOUCH_MOVE w
1401611299656 6 4098 115.0 837.451 0.26666668 5.0 5.0 5.0 5.0 0.0 0.15200001 1 TOUCH_UP w
1401611299967 6 4098 553.5 849.451 0.26666668 5.0 5.0 5.0 5.0 0.0 0.21200001 0 TOUCH_DOWN i
1401611299980 6 4098 553.5 849.451 0.3 5.0 5.0 5.0 5.0 0.0 0.216 2 TOUCH_MOVE i
1401611299998 6 4098 551.932 847.349 0.3 5.0 5.0 5.0 5.0 0.0 0.23600002 2 TOUCH_MOVE i
1401611300013 6 4098 548.02057 844.46643 0.33333334 5.0 5.0 5.0 5.0 0.0 0.24000001 2 TOUCH_MOVE i
1401611300031 6 4098 546.116 841.62506 0.33333334 5.0 5.0 5.0 5.0 0.0 0.24000001 2 TOUCH_MOVE i
1401611300047 6 4098 544.58417 839.6193 0.33333334 5.0 5.0 5.0 5.0 0.0 0.24000001 2 TOUCH_MOVE i
1401611300063 6 4098 544.0 838.5735 0.33333334 5.0 5.0 5.0 5.0 0.0 0.24000001 2 TOUCH_MOVE i
1401611300080 6 4098 544.0 838.201 0.33333334 5.0 5.0 5.0 5.0 0.0 0.24000001 2 TOUCH_MOVE i
1401611300097 6 4098 545.68085 838.15576 0.3 5.0 5.0 5.0 5.0 0.0 0.22000001 2 TOUCH_MOVE i
1401611300113 6 4098 552.3465 839.7546 0.3 5.0 5.0 5.0 5.0 0.0 0.19600001 2 TOUCH_MOVE i
1401611300137 6 4098 554.5 840.951 0.16666667 3.0 3.0 3.0 3.0 0.0 0.120000005 2 TOUCH_MOVE i
1401611300141 6 4098 554.5 840.951 0.16666667 3.0 3.0 3.0 3.0 0.0 0.120000005 1 TOUCH_UP i
1401611300381 6 4098 666.5 971.451 0.23333335 5.0 5.0 5.0 5.0 0.0 0.2 0 TOUCH_DOWN l
1401611300397 6 4098 666.5 971.451 0.23333335 5.0 5.0 5.0 5.0 0.0 0.20400001 2 TOUCH_MOVE l
1401611300431 6 4098 665.9938 971.451 0.23333335 5.0 5.0 5.0 5.0 0.0 0.21200001 2 TOUCH_MOVE l
1401611300482 6 4098 666.0 972.0325 0.23333335 5.0 5.0 5.0 5.0 0.0 0.208 2 TOUCH_MOVE l
1401611300494 6 4098 666.0 971.951 0.23333335 5.0 5.0 5.0 5.0 0.0 0.18400002 2 TOUCH_MOVE l
1401611300497 6 4098 666.0 971.951 0.23333335 5.0 5.0 5.0 5.0 0.0 0.18400002 1 TOUCH_UP l
1401611300578 6 4098 676.0 969.951 0.23333335 5.0 5.0 5.0 5.0 0.0 0.20400001 0 TOUCH_DOWN l
1401611300597 6 4098 676.0 969.951 0.23333335 5.0 5.0 5.0 5.0 0.0 0.208 2 TOUCH_MOVE l
1401611300615 6 4098 674.29095 969.951 0.26666668 5.0 5.0 5.0 5.0 0.0 0.22000001 2 TOUCH_MOVE l
1401611300632 6 4098 672.8726 970.51465 0.26666668 5.0 5.0 5.0 5.0 0.0 0.22000001 2 TOUCH_MOVE l
1401611300647 6 4098 671.46655 970.451 0.26666668 5.0 5.0 5.0 5.0 0.0 0.22000001 2 TOUCH_MOVE l
1401611300664 6 4098 670.75 971.201 0.26666668 5.0 5.0 5.0 5.0 0.0 0.22000001 2 TOUCH_MOVE l
1401611300697 6 4098 671.9104 971.951 0.26666668 5.0 5.0 5.0 5.0 0.0 0.208 2 TOUCH_MOVE l
1401611300702 6 4098 672.0 971.951 0.20000002 4.0 4.0 4.0 4.0 0.0 0.192 2 TOUCH_MOVE l
1401611300706 6 4098 672.0 971.951 0.20000002 4.0 4.0 4.0 4.0 0.0 0.192 1 TOUCH_UP l
1401611301148 6 4098 284.0 1211.9509 0.26666668 5.0 5.0 5.0 5.0 0.0 0.224 0 TOUCH_DOWN Space
1401611301167 6 4098 282.02084 1211.9509 0.26666668 5.0 5.0 5.0 5.0 0.0 0.23200001 2 TOUCH_MOVE Space
1401611301181 6 4098 278.1956 1211.9509 0.26666668 5.0 5.0 5.0 5.0 0.0 0.23200001 2 TOUCH_MOVE Space
1401611301198 6 4098 276.2462 1212.4509 0.26666668 5.0 5.0 5.0 5.0 0.0 0.23200001 2 TOUCH_MOVE Space
1401611301220 6 4098 276.0 1213.1388 0.26666668 5.0 5.0 5.0 5.0 0.0 0.216 2 TOUCH_MOVE Space
1401611301239 6 4098 278.5 1215.4509 0.23333335 4.0 4.0 4.0 4.0 0.0 0.18400002 2 TOUCH_MOVE Space
1401611301243 6 4098 278.5 1215.4509 0.23333335 4.0 4.0 4.0 4.0 0.0 0.18400002 1 TOUCH_UP Space
1401611301501 6 4098 587.0 1084.4509 0.20000002 4.0 4.0 4.0 4.0 0.0 0.20400001 0 TOUCH_DOWN m
1401611301518 6 4098 587.0 1084.4509 0.20000002 4.0 4.0 4.0 4.0 0.0 0.21200001 2 TOUCH_MOVE m
1401611301554 6 4098 585.5673 1085.3837 0.3 5.0 5.0 5.0 5.0 0.0 0.22800002 2 TOUCH_MOVE m
1401611301565 6 4098 584.60394 1085.9509 0.3 5.0 5.0 5.0 5.0 0.0 0.22800002 2 TOUCH_MOVE m
1401611301581 6 4098 583.65564 1086.2953 0.3 5.0 5.0 5.0 5.0 0.0 0.22800002 2 TOUCH_MOVE m
1401611301598 6 4098 582.75 1086.4509 0.3 5.0 5.0 5.0 5.0 0.0 0.22800002 2 TOUCH_MOVE m
1401611301640 6 4098 583.0 1086.4509 0.20000002 4.0 4.0 4.0 4.0 0.0 0.18400002 2 TOUCH_MOVE m
1401611301643 6 4098 583.0 1086.4509 0.20000002 4.0 4.0 4.0 4.0 0.0 0.18400002 1 TOUCH_UP m
1401611301776 6 4098 47.5 966.451 0.16666667 3.0 3.0 3.0 3.0 0.0 0.16800001 0 TOUCH_DOWN a
1401611301781 6 4098 47.5 966.451 0.16666667 3.0 3.0 3.0 3.0 0.0 0.17600001 2 TOUCH_MOVE a
1401611301801 6 4098 49.076885 966.451 0.16666667 3.0 3.0 3.0 3.0 0.0 0.18400002 2 TOUCH_MOVE a
1401611301815 6 4098 53.583576 966.451 0.16666667 3.0 3.0 3.0 3.0 0.0 0.18800001 2 TOUCH_MOVE a
1401611301832 6 4098 56.75 966.451 0.16666667 3.0 3.0 3.0 3.0 0.0 0.192 2 TOUCH_MOVE a
1401611301848 6 4098 60.232426 966.451 0.16666667 3.0 3.0 3.0 3.0 0.0 0.192 2 TOUCH_MOVE a
1401611301865 6 4098 62.204536 966.451 0.16666667 3.0 3.0 3.0 3.0 0.0 0.192 2 TOUCH_MOVE a
1401611301882 6 4098 63.16526 966.451 0.16666667 3.0 3.0 3.0 3.0 0.0 0.19600001 2 TOUCH_MOVE a
1401611301948 6 4098 61.474224 966.451 0.16666667 3.0 3.0 3.0 3.0 0.0 0.18 2 TOUCH_MOVE a
1401611301960 6 4098 60.0 966.951 0.16666667 3.0 3.0 3.0 3.0 0.0 0.164 2 TOUCH_MOVE a
1401611301964 6 4098 60.0 966.951 0.16666667 3.0 3.0 3.0 3.0 0.0 0.164 1 TOUCH_UP a
1401611302257 6 4098 274.0 817.451 0.3 5.0 5.0 5.0 5.0 0.0 0.22800002 0 TOUCH_DOWN r
1401611302265 6 4098 274.0 817.451 0.33333334 5.0 5.0 5.0 5.0 0.0 0.24000001 2 TOUCH_MOVE r
1401611302284 6 4098 273.28772 816.7387 0.33333334 5.0 5.0 5.0 5.0 0.0 0.24800001 2 TOUCH_MOVE r
1401611302299 6 4098 272.28726 815.7383 0.33333334 5.0 5.0 5.0 5.0 0.0 0.252 2 TOUCH_MOVE r
1401611302315 6 4098 271.33664 814.78766 0.33333334 5.0 5.0 5.0 5.0 0.0 0.252 2 TOUCH_MOVE r
1401611302335 6 4098 270.36237 814.451 0.33333334 5.0 5.0 5.0 5.0 0.0 0.24400002 2 TOUCH_MOVE r
1401611302366 6 4098 270.5 814.451 0.3 5.0 5.0 5.0 5.0 0.0 0.20400001 2 TOUCH_MOVE r
1401611302386 6 4098 270.5 814.451 0.3 5.0 5.0 5.0 5.0 0.0 0.20400001 1 TOUCH_UP r
1401611302459 6 4098 266.0 827.451 0.3 5.0 5.0 5.0 5.0 0.0 0.22800002 0 TOUCH_DOWN r
1401611302483 6 4098 266.0 827.451 0.33333334 5.0 5.0 5.0 5.0 0.0 0.23600002 2 TOUCH_MOVE r
1401611302537 6 4098 264.75 827.451 0.33333334 5.0 5.0 5.0 5.0 0.0 0.24400002 2 TOUCH_MOVE r
1401611302549 6 4098 265.0 827.451 0.33333334 5.0 5.0 5.0 5.0 0.0 0.21200001 2 TOUCH_MOVE r
1401611302560 6 4098 265.0 827.451 0.3 5.0 5.0 5.0 5.0 0.0 0.18 2 TOUCH_MOVE r
1401611302564 6 4098 265.0 827.451 0.3 5.0 5.0 5.0 5.0 0.0 0.18 1 TOUCH_UP r
1401611302996 6 4098 427.5 826.451 0.3 5.0 5.0 5.0 5.0 0.0 0.216 0 TOUCH_DOWN y
1401611303002 6 4098 427.5 826.451 0.3 5.0 5.0 5.0 5.0 0.0 0.224 2 TOUCH_MOVE y
1401611303033 6 4098 426.0141 826.451 0.33333334 5.0 5.0 5.0 5.0 0.0 0.23600002 2 TOUCH_MOVE y
1401611303050 6 4098 424.09543 826.451 0.33333334 5.0 5.0 5.0 5.0 0.0 0.24000001 2 TOUCH_MOVE y
1401611303066 6 4098 422.5842 826.451 0.33333334 5.0 5.0 5.0 5.0 0.0 0.24000001 2 TOUCH_MOVE y
1401611303084 6 4098 421.75 826.451 0.33333334 5.0 5.0 5.0 5.0 0.0 0.24000001 2 TOUCH_MOVE y
1401611303116 6 4098 423.5 826.951 0.3 5.0 5.0 5.0 5.0 0.0 0.2 2 TOUCH_MOVE y
1401611303123 6 4098 423.5 826.951 0.26666668 5.0 5.0 5.0 5.0 0.0 0.164 2 TOUCH_MOVE y
1401611303126 6 4098 423.5 826.951 0.26666668 5.0 5.0 5.0 5.0 0.0 0.164 1 TOUCH_UP y
1401611303928 6 4098 509.0 1206.4509 0.26666668 5.0 5.0 5.0 5.0 0.0 0.21200001 0 TOUCH_DOWN .
1401611303935 6 4098 509.0 1206.4509 0.26666668 5.0 5.0 5.0 5.0 0.0 0.216 2 TOUCH_MOVE .
1401611303968 6 4098 507.70035 1207.4509 0.26666668 5.0 5.0 5.0 5.0 0.0 0.22800002 2 TOUCH_MOVE .
1401611303987 6 4098 506.76224 1207.6887 0.26666668 5.0 5.0 5.0 5.0 0.0 0.22800002 2 TOUCH_MOVE .
1401611304000 6 4098 506.5 1208.7009 0.26666668 5.0 5.0 5.0 5.0 0.0 0.224 2 TOUCH_MOVE .
1401611304038 6 4098 508.0 1208.9509 0.23333335 4.0 4.0 4.0 4.0 0.0 0.18 2 TOUCH_MOVE .
1401611304042 6 4098 508.0 1208.9509 0.23333335 4.0 4.0 4.0 4.0 0.0 0.18 1 TOUCH_UP .
