1401611490136 6 4098 539.5 807.951 0.23333335 4.0 4.0 4.0 4.0 0.0 0.20400001 0 TOUCH_DOWN I
1401611490141 6 4098 539.5 807.951 0.23333335 4.0 4.0 4.0 4.0 0.0 0.21200001 2 TOUCH_MOVE I
1401611490175 6 4098 537.5084 807.951 0.3 5.0 5.0 5.0 5.0 0.0 0.224 2 TOUCH_MOVE I
1401611490191 6 4098 536.55054 807.951 0.3 5.0 5.0 5.0 5.0 0.0 0.224 2 TOUCH_MOVE I
1401611490208 6 4098 536.25 807.951 0.3 5.0 5.0 5.0 5.0 0.0 0.224 2 TOUCH_MOVE I
1401611490240 6 4098 539.0 808.451 0.23333335 4.0 4.0 4.0 4.0 0.0 0.18 2 TOUCH_MOVE I
1401611490245 6 4098 539.0 808.451 0.23333335 4.0 4.0 4.0 4.0 0.0 0.18 1 TOUCH_UP I
1401611490642 6 4098 329.0 1216.9509 0.26666668 5.0 5.0 5.0 5.0 0.0 0.208 0 TOUCH_DOWN Space
1401611490659 6 4098 329.0 1216.9509 0.26666668 5.0 5.0 5.0 5.0 0.0 0.21200001 2 TOUCH_MOVE Space
1401611490692 6 4098 327.4029 1217.4509 0.26666668 5.0 5.0 5.0 5.0 0.0 0.22000001 2 TOUCH_MOVE Space
1401611490708 6 4098 326.5 1217.7172 0.26666668 5.0 5.0 5.0 5.0 0.0 0.216 2 TOUCH_MOVE Space
1401611490725 6 4098 326.73013 1218.9111 0.26666668 5.0 5.0 5.0 5.0 0.0 0.20400001 2 TOUCH_MOVE Space
1401611490738 6 4098 327.0 1219.4509 0.26666668 5.0 5.0 5.0 5.0 0.0 0.18800001 2 TOUCH_MOVE Space
1401611490741 6 4098 327.0 1219.4509 0.26666668 5.0 5.0 5.0 5.0 0.0 0.18800001 1 TOUCH_UP Space
1401611491056 6 4098 674.0 944.451 0.3 5.0 5.0 5.0 5.0 0.0 0.20400001 0 TOUCH_DOWN l
1401611491060 6 4098 674.0 944.451 0.33333334 5.0 5.0 5.0 5.0 0.0 0.21200001 2 TOUCH_MOVE l
1401611491092 6 4098 673.1225 944.451 0.33333334 5.0 5.0 5.0 5.0 0.0 0.22000001 2 TOUCH_MOVE l
1401611491108 6 4098 672.15814 944.451 0.33333334 5.0 5.0 5.0 5.0 0.0 0.22000001 2 TOUCH_MOVE l
1401611491125 6 4098 671.75 944.451 0.33333334 5.0 5.0 5.0 5.0 0.0 0.22000001 2 TOUCH_MOVE l
1401611491146 6 4098 671.75 944.451 0.33333334 5.0 5.0 5.0 5.0 0.0 0.22000001 1 TOUCH_UP l
1401611491308 6 4098 617.0 839.451 0.33333334 5.0 5.0 5.0 5.0 0.0 0.22000001 0 TOUCH_DOWN o
1401611491340 6 4098 616.57806 838.6071 0.33333334 5.0 5.0 5.0 5.0 0.0 0.22800002 2 TOUCH_MOVE o
1401611491345 6 4098 614.91437 836.36536 0.33333334 5.0 5.0 5.0 5.0 0.0 0.24000001 2 TOUCH_MOVE o
1401611491359 6 4098 613.2356 834.6866 0.33333334 5.0 5.0 5.0 5.0 0.0 0.24000001 2 TOUCH_MOVE o
1401611491376 6 4098 612.2726 833.7236 0.33333334 5.0 5.0 5.0 5.0 0.0 0.24000001 2 TOUCH_MOVE o
1401611491392 6 4098 611.75 833.201 0.33333334 5.0 5.0 5.0 5.0 0.0 0.24000001 2 TOUCH_MOVE o
1401611491426 6 4098 614.33484 832.83936 0.3 5.0 5.0 5.0 5.0 0.0 0.2 2 TOUCH_MOVE o
1401611491439 6 4098 614.0 832.951 0.26666668 5.0 5.0 5.0 5.0 0.0 0.17600001 2 TOUCH_MOVE o
1401611491443 6 4098 614.0 832.951 0.26666668 5.0 5.0 5.0 5.0 0.0 0.17600001 1 TOUCH_UP o
1401611491993 6 4098 395.5 1101.4509 0.3 5.0 5.0 5.0 5.0 0.0 0.22000001 0 TOUCH_DOWN b
1401611492011 6 4098 395.1197 1101.4509 0.3 5.0 5.0 5.0 5.0 0.0 0.224 2 TOUCH_MOVE b
1401611492030 6 4098 394.30222 1101.4509 0.33333334 5.0 5.0 5.0 5.0 0.0 0.22800002 2 TOUCH_MOVE b
1401611492043 6 4098 393.3187 1101.4509 0.33333334 5.0 5.0 5.0 5.0 0.0 0.23200001 2 TOUCH_MOVE b
1401611492060 6 4098 392.3506 1102.1003 0.33333334 5.0 5.0 5.0 5.0 0.0 0.23200001 2 TOUCH_MOVE b
1401611492077 6 4098 391.75 1101.9509 0.33333334 5.0 5.0 5.0 5.0 0.0 0.23200001 2 TOUCH_MOVE b
1401611492117 6 4098 391.75 1101.9509 0.33333334 5.0 5.0 5.0 5.0 0.0 0.23200001 1 TOUCH_UP b
1401611492433 6 4098 191.0 838.451 0.20000002 4.0 4.0 4.0 4.0 0.0 0.19600001 0 TOUCH_DOWN e
1401611492443 6 4098 191.0 838.451 0.26666668 4.0 4.0 4.0 4.0 0.0 0.2 2 TOUCH_MOVE e
1401611492477 6 4098 191.0 837.26 0.26666668 4.0 4.0 4.0 4.0 0.0 0.22000001 2 TOUCH_MOVE e
1401611492494 6 4098 191.0 836.31006 0.33333334 5.0 5.0 5.0 5.0 0.0 0.22000001 2 TOUCH_MOVE e
1401611492512 6 4098 191.0 835.3593 0.3 5.0 5.0 5.0 5.0 0.0 0.22000001 2 TOUCH_MOVE e
1401611492543 6 4098 191.0 834.94476 0.3 5.0 5.0 5.0 5.0 0.0 0.21200001 2 TOUCH_MOVE e
1401611492561 6 4098 190.48914 833.9401 0.3 5.0 5.0 5.0 5.0 0.0 0.192 2 TOUCH_MOVE e
1401611492572 6 4098 189.5 833.451 0.26666668 5.0 5.0 5.0 5.0 0.0 0.17600001 2 TOUCH_MOVE e
1401611492594 6 4098 189.5 833.451 0.26666668 5.0 5.0 5.0 5.0 0.0 0.17600001 1 TOUCH_UP e
1401611493190 6 4098 695.0 1088.9509 0.23333335 4.0 4.0 4.0 4.0 0.0 0.2 0 TOUCH_DOWN Back
1401611493195 6 4098 695.0 1088.9509 0.23333335 4.0 4.0 4.0 4.0 0.0 0.208 2 TOUCH_MOVE Back
1401611493227 6 4098 694.06415 1089.4509 0.23333335 4.0 4.0 4.0 4.0 0.0 0.21200001 2 TOUCH_MOVE Back
1401611493245 6 4098 693.09216 1089.4509 0.26666668 5.0 5.0 5.0 5.0 0.0 0.216 2 TOUCH_MOVE Back
1401611493261 6 4098 692.11945 1090.3315 0.23333335 4.0 4.0 4.0 4.0 0.0 0.216 2 TOUCH_MOVE Back
1401611493278 6 4098 691.75 1090.7009 0.23333335 4.0 4.0 4.0 4.0 0.0 0.216 2 TOUCH_MOVE Back
1401611493298 6 4098 691.75 1090.7009 0.23333335 4.0 4.0 4.0 4.0 0.0 0.216 1 TOUCH_UP Back
1401611493397 6 4098 671.5 1082.4509 0.23333335 5.0 5.0 5.0 5.0 0.0 0.21200001 0 TOUCH_DOWN Back
1401611493411 6 4098 671.5 1082.4509 0.26666668 5.0 5.0 5.0 5.0 0.0 0.216 2 TOUCH_MOVE Back
1401611493444 6 4098 669.60974 1082.4509 0.3 5.0 5.0 5.0 5.0 0.0 0.23200001 2 TOUCH_MOVE Back
1401611493461 6 4098 668.11456 1083.3363 0.3 5.0 5.0 5.0 5.0 0.0 0.23200001 2 TOUCH_MOVE Back
1401611493479 6 4098 667.5 1084.3185 0.3 5.0 5.0 5.0 5.0 0.0 0.22800002 2 TOUCH_MOVE Back
1401611493500 6 4098 667.5 1084.9509 0.23333335 5.0 5.0 5.0 5.0 0.0 0.18800001 2 TOUCH_MOVE Back
1401611493504 6 4098 667.5 1084.9509 0.23333335 5.0 5.0 5.0 5.0 0.0 0.18800001 1 TOUCH_UP Back
1401611494147 6 4098 344.0 1092.4509 0.26666668 4.0 4.0 4.0 4.0 0.0 0.21200001 0 TOUCH_DOWN v
1401611494162 6 4098 344.0 1092.4509 0.26666668 4.0 4.0 4.0 4.0 0.0 0.216 2 TOUCH_MOVE v
1401611494262 6 4098 344.0 1092.4509 0.26666668 4.0 4.0 4.0 4.0 0.0 0.18 2 TOUCH_MOVE v
1401611494266 6 4098 344.0 1092.4509 0.26666668 4.0 4.0 4.0 4.0 0.0 0.18 1 TOUCH_UP v
1401611494447 6 4098 186.5 821.451 0.26666668 4.0 4.0 4.0 4.0 0.0 0.20400001 0 TOUCH_DOWN e
1401611494562 6 4098 186.5 821.451 0.33333334 5.0 5.0 5.0 5.0 0.0 0.22800002 2 TOUCH_MOVE e
1401611494612 6 4098 185.71616 821.451 0.26666668 4.0 4.0 4.0 4.0 0.0 0.19600001 2 TOUCH_MOVE e
1401611494619 6 4098 185.0 821.451 0.26666668 4.0 4.0 4.0 4.0 0.0 0.18400002 2 TOUCH_MOVE e
1401611494622 6 4098 185.0 821.451 0.26666668 4.0 4.0 4.0 4.0 0.0 0.18400002 1 TOUCH_UP e
1401611494871 6 4098 299.0 1217.4509 0.23333335 4.0 4.0 4.0 4.0 0.0 0.20400001 0 TOUCH_DOWN Space
1401611494879 6 4098 299.0 1217.4509 0.23333335 4.0 4.0 4.0 4.0 0.0 0.21200001 2 TOUCH_MOVE Space
1401611494912 6 4098 297.43396 1216.3849 0.26666668 5.0 5.0 5.0 5.0 0.0 0.22800002 2 TOUCH_MOVE Space
1401611494929 6 4098 295.96008 1215.411 0.26666668 5.0 5.0 5.0 5.0 0.0 0.23200001 2 TOUCH_MOVE Space
1401611494948 6 4098 295.01147 1214.4624 0.26666668 5.0 5.0 5.0 5.0 0.0 0.23200001 2 TOUCH_MOVE Space
1401611494962 6 4098 294.03842 1213.4894 0.26666668 5.0 5.0 5.0 5.0 0.0 0.23200001 2 TOUCH_MOVE Space
1401611494979 6 4098 293.75 1213.2009 0.26666668 5.0 5.0 5.0 5.0 0.0 0.23200001 2 TOUCH_MOVE Space
1401611495008 6 4098 293.75 1213.2009 0.26666668 5.0 5.0 5.0 5.0 0.0 0.23200001 1 TOUCH_UP Space
1401611495830 6 4098 424.0 830.951 0.3 5.0 5.0 5.0 5.0 0.0 0.22000001 0 TOUCH_DOWN y
1401611495846 6 4098 424.0 830.951 0.3 5.0 5.0 5.0 5.0 0.0 0.22800002 2 TOUCH_MOVE y
1401611495863 6 4098 423.11725 830.951 0.33333334 5.0 5.0 5.0 5.0 0.0 0.23200001 2 TOUCH_MOVE y
1401611495880 6 4098 422.1546 831.7964 0.33333334 5.0 5.0 5.0 5.0 0.0 0.23600002 2 TOUCH_MOVE y
1401611495898 6 4098 422.0 832.30475 0.33333334 5.0 5.0 5.0 5.0 0.0 0.23600002 2 TOUCH_MOVE y
1401611495914 6 4098 422.25684 833.2078 0.3 5.0 5.0 5.0 5.0 0.0 0.22000001 2 TOUCH_MOVE y
1401611495933 6 4098 425.64697 837.83325 0.26666668 4.0 4.0 4.0 4.0 0.0 0.19600001 2 TOUCH_MOVE y
1401611495943 6 4098 427.5 839.951 0.20000002 4.0 4.0 4.0 4.0 0.0 0.17600001 2 TOUCH_MOVE y
1401611495946 6 4098 427.5 839.951 0.20000002 4.0 4.0 4.0 4.0 0.0 0.17600001 1 TOUCH_UP y
1401611496157 6 4098 599.0 829.451 0.3 5.0 5.0 5.0 5.0 0.0 0.21200001 0 TOUCH_DOWN o
1401611496163 6 4098 599.0 829.451 0.3 5.0 5.0 5.0 5.0 0.0 0.22000001 2 TOUCH_MOVE o
1401611496230 6 4098 599.0 828.8853 0.33333334 5.0 5.0 5.0 5.0 0.0 0.23200001 2 TOUCH_MOVE o
1401611496301 6 4098 602.5 829.451 0.20000002 3.0 3.0 3.0 3.0 0.0 0.116000004 2 TOUCH_MOVE o
1401611496304 6 4098 602.5 829.451 0.20000002 3.0 3.0 3.0 3.0 0.0 0.116000004 1 TOUCH_UP o
1401611496576 6 4098 461.5 835.451 0.3 5.0 5.0 5.0 5.0 0.0 0.216 0 TOUCH_DOWN u
1401611496585 6 4098 461.5 835.451 0.33333334 5.0 5.0 5.0 5.0 0.0 0.224 2 TOUCH_MOVE u
1401611496617 6 4098 460.34775 835.451 0.33333334 5.0 5.0 5.0 5.0 0.0 0.23200001 2 TOUCH_MOVE u
1401611496630 6 4098 459.39206 835.451 0.33333334 5.0 5.0 5.0 5.0 0.0 0.23600002 2 TOUCH_MOVE u
1401611496683 6 4098 459.5 835.451 0.20000002 4.0 4.0 4.0 4.0 0.0 0.18 2 TOUCH_MOVE u
1401611496691 6 4098 459.5 835.451 0.20000002 4.0 4.0 4.0 4.0 0.0 0.18 1 TOUCH_UP u
1401611497620 6 4098 449.5 1206.9509 0.26666668 5.0 5.0 5.0 5.0 0.0 0.208 0 TOUCH_DOWN ,
1401611497665 6 4098 445.28238 1210.1686 0.26666668 5.0 5.0 5.0 5.0 0.0 0.216 2 TOUCH_MOVE ,
1401611497683 6 4098 445.0 1211.1575 0.26666668 5.0 5.0 5.0 5.0 0.0 0.216 2 TOUCH_MOVE ,
1401611497698 6 4098 445.0 1212.1453 0.26666668 5.0 5.0 5.0 5.0 0.0 0.20400001 2 TOUCH_MOVE ,
1401611497716 6 4098 446.10895 1214.1688 0.20000002 3.0 3.0 3.0 3.0 0.0 0.14400001 2 TOUCH_MOVE ,
1401611497719 6 4098 446.10895 1214.1688 0.20000002 3.0 3.0 3.0 3.0 0.0 0.14400001 1 TOUCH_UP ,
1401611497994 6 4098 703.5 1224.4509 0.20000002 3.0 3.0 3.0 3.0 0.0 0.192 0 TOUCH_DOWN Enter
1401611498016 6 4098 703.5 1224.4509 0.20000002 3.0 3.0 3.0 3.0 0.0 0.2 2 TOUCH_MOVE Enter
1401611498049 6 4098 702.1479 1224.4509 0.16666667 3.0 3.0 3.0 3.0 0.0 0.208 2 TOUCH_MOVE Enter
1401611498065 6 4098 701.25 1224.4509 0.16666667 3.0 3.0 3.0 3.0 0.0 0.208 2 TOUCH_MOVE Enter
1401611498113 6 4098 701.25 1224.4509 0.16666667 3.0 3.0 3.0 3.0 0.0 0.208 1 TOUCH_UP Enter
1401611498662 6 4098 394.5 824.451 0.33333334 5.0 5.0 5.0 5.0 0.0 0.22000001 0 TOUCH_DOWN Y
1401611498682 6 4098 394.05774 824.451 0.33333334 5.0 5.0 5.0 5.0 0.0 0.224 2 TOUCH_MOVE Y
1401611498708 6 4098 393.14758 824.451 0.33333334 5.0 5.0 5.0 5.0 0.0 0.23600002 2 TOUCH_MOVE Y
1401611498717 6 4098 392.19904 824.451 0.33333334 5.0 5.0 5.0 5.0 0.0 0.23600002 2 TOUCH_MOVE Y
1401611498734 6 4098 392.0 825.2208 0.33333334 5.0 5.0 5.0 5.0 0.0 0.23200001 2 TOUCH_MOVE Y
1401611498749 6 4098 392.23245 828.5782 0.33333334 5.0 5.0 5.0 5.0 0.0 0.224 2 TOUCH_MOVE Y
1401611498766 6 4098 394.5 837.451 0.23333335 4.0 4.0 4.0 4.0 0.0 0.19600001 2 TOUCH_MOVE Y
1401611498775 6 4098 394.5 837.451 0.13333334 2.0 2.0 2.0 2.0 0.0 0.128 2 TOUCH_MOVE Y
1401611498778 6 4098 394.5 837.451 0.13333334 2.0 2.0 2.0 2.0 0.0 0.128 1 TOUCH_UP Y
1401611499139 6 4098 635.5 839.951 0.26666668 4.0 4.0 4.0 4.0 0.0 0.20400001 0 TOUCH_DOWN o
1401611499150 6 4098 635.5 839.951 0.26666668 4.0 4.0 4.0 4.0 0.0 0.21200001 2 TOUCH_MOVE o
1401611499187 6 4098 634.78046 839.951 0.3 5.0 5.0 5.0 5.0 0.0 0.22000001 2 TOUCH_MOVE o
1401611499200 6 4098 634.25 839.951 0.3 5.0 5.0 5.0 5.0 0.0 0.224 2 TOUCH_MOVE o
1401611499218 6 4098 633.9475 839.951 0.3 5.0 5.0 5.0 5.0 0.0 0.224 2 TOUCH_MOVE o
1401611499266 6 4098 634.0 839.951 0.26666668 4.0 4.0 4.0 4.0 0.0 0.2 2 TOUCH_MOVE o
1401611499271 6 4098 634.0 839.951 0.23333335 4.0 4.0 4.0 4.0 0.0 0.17600001 2 TOUCH_MOVE o
1401611499274 6 4098 634.0 839.951 0.23333335 4.0 4.0 4.0 4.0 0.0 0.17600001 1 TOUCH_UP o
1401611499460 6 4098 472.0 845.451 0.26666668 4.0 4.0 4.0 4.0 0.0 0.216 0 TOUCH_DOWN u
1401611499466 6 4098 472.0 845.451 0.26666668 4.0 4.0 4.0 4.0 0.0 0.224 2 TOUCH_MOVE u
1401611499501 6 4098 470.99442 844.9454 0.33333334 5.0 5.0 5.0 5.0 0.0 0.23600002 2 TOUCH_MOVE u
1401611499516 6 4098 470.03412 844.951 0.33333334 5.0 5.0 5.0 5.0 0.0 0.23600002 2 TOUCH_MOVE u
1401611499533 6 4098 469.75 844.951 0.33333334 5.0 5.0 5.0 5.0 0.0 0.23600002 2 TOUCH_MOVE u
1401611499583 6 4098 471.5 846.451 0.26666668 4.0 4.0 4.0 4.0 0.0 0.20400001 2 TOUCH_MOVE u
1401611499590 6 4098 471.5 846.451 0.20000002 4.0 4.0 4.0 4.0 0.0 0.17600001 2 TOUCH_MOVE u
1401611499593 6 4098 471.5 846.451 0.20000002 4.0 4.0 4.0 4.0 0.0 0.17600001 1 TOUCH_UP u
1401611500069 6 4098 330.5 1241.4509 0.20000002 5.0 5.0 5.0 5.0 0.0 0.192 0 TOUCH_DOWN Space
1401611500094 6 4098 329.67664 1240.4658 0.23333335 5.0 5.0 5.0 5.0 0.0 0.20400001 2 TOUCH_MOVE Space
1401611500100 6 4098 327.7581 1237.588 0.26666668 5.0 5.0 5.0 5.0 0.0 0.208 2 TOUCH_MOVE Space
1401611500117 6 4098 325.8297 1235.2806 0.26666668 5.0 5.0 5.0 5.0 0.0 0.208 2 TOUCH_MOVE Space
1401611500134 6 4098 324.9504 1233.9014 0.23333335 5.0 5.0 5.0 5.0 0.0 0.20400001 2 TOUCH_MOVE Space
1401611500167 6 4098 326.5 1234.9509 0.20000002 5.0 5.0 5.0 5.0 0.0 0.18400002 2 TOUCH_MOVE Space
1401611500171 6 4098 326.5 1234.9509 0.13333334 3.0 3.0 3.0 3.0 0.0 0.1 2 TOUCH_MOVE Space
1401611500174 6 4098 326.5 1234.9509 0.13333334 3.0 3.0 3.0 3.0 0.0 0.1 1 TOUCH_UP Space
1401611500495 6 4098 657.0 978.451 0.26666668 5.0 5.0 5.0 5.0 0.0 0.2 0 TOUCH_DOWN l
1401611500506 6 4098 657.0 978.451 0.26666668 5.0 5.0 5.0 5.0 0.0 0.208 2 TOUCH_MOVE l
1401611500534 6 4098 657.0 979.1036 0.3 5.0 5.0 5.0 5.0 0.0 0.216 2 TOUCH_MOVE l
1401611500551 6 4098 656.4795 978.951 0.3 5.0 5.0 5.0 5.0 0.0 0.224 2 TOUCH_MOVE l
1401611500569 6 4098 655.75 978.951 0.3 5.0 5.0 5.0 5.0 0.0 0.224 2 TOUCH_MOVE l
1401611500601 6 4098 656.0 978.951 0.23333335 5.0 5.0 5.0 5.0 0.0 0.192 2 TOUCH_MOVE l
1401611500604 6 4098 656.0 978.951 0.16666667 3.0 3.0 3.0 3.0 0.0 0.112 2 TOUCH_MOVE l
1401611500609 6 4098 656.0 978.951 0.16666667 3.0 3.0 3.0 3.0 0.0 0.112 1 TOUCH_UP l
1401611500769 6 4098 624.0 834.951 0.33333334 5.0 5.0 5.0 5.0 0.0 0.22000001 0 TOUCH_DOWN o
1401611500777 6 4098 624.0 834.951 0.33333334 5.0 5.0 5.0 5.0 0.0 0.224 2 TOUCH_MOVE o
1401611500793 6 4098 623.4129 834.4075 0.33333334 5.0 5.0 5.0 5.0 0.0 0.23200001 2 TOUCH_MOVE o
1401611500801 6 4098 621.48505 833.44354 0.33333334 5.0 5.0 5.0 5.0 0.0 0.23200001 2 TOUCH_MOVE o
1401611500818 6 4098 619.58844 832.49524 0.33333334 5.0 5.0 5.0 5.0 0.0 0.23200001 2 TOUCH_MOVE o
1401611500835 6 4098 618.75 832.451 0.33333334 5.0 5.0 5.0 5.0 0.0 0.23200001 2 TOUCH_MOVE o
1401611500889 6 4098 619.0 832.451 0.16666667 3.0 3.0 3.0 3.0 0.0 0.116000004 2 TOUCH_MOVE o
1401611500895 6 4098 619.0 832.451 0.16666667 3.0 3.0 3.0 3.0 0.0 0.116000004 1 TOUCH_UP o
1401611501199 6 4098 370.0 1113.9509 0.3 5.0 5.0 5.0 5.0 0.0 0.216 0 TOUCH_DOWN v
1401611501218 6 4098 370.0 1113.9509 0.3 5.0 5.0 5.0 5.0 0.0 0.22000001 2 TOUCH_MOVE v
1401611501235 6 4098 368.99442 1113.9509 0.33333334 5.0 5.0 5.0 5.0 0.0 0.23600002 2 TOUCH_MOVE v
1401611501253 6 4098 368.03137 1113.4823 0.33333334 5.0 5.0 5.0 5.0 0.0 0.23600002 2 TOUCH_MOVE v
1401611501268 6 4098 367.08505 1113.4509 0.33333334 5.0 5.0 5.0 5.0 0.0 0.23600002 2 TOUCH_MOVE v
1401611501286 6 4098 366.25 1113.4509 0.33333334 5.0 5.0 5.0 5.0 0.0 0.23600002 2 TOUCH_MOVE v
1401611501318 6 4098 366.5 1113.4509 0.3 5.0 5.0 5.0 5.0 0.0 0.20400001 2 TOUCH_MOVE v
1401611501324 6 4098 366.5 1113.4509 0.26666668 5.0 5.0 5.0 5.0 0.0 0.172 2 TOUCH_MOVE v
1401611501328 6 4098 366.5 1113.4509 0.26666668 5.0 5.0 5.0 5.0 0.0 0.172 1 TOUCH_UP v
1401611501513 6 4098 207.0 803.451 0.20000002 4.0 4.0 4.0 4.0 0.0 0.2 0 TOUCH_DOWN e
1401611501519 6 4098 207.0 803.451 0.20000002 4.0 4.0 4.0 4.0 0.0 0.20400001 2 TOUCH_MOVE e
1401611501552 6 4098 207.0 805.5095 0.26666668 5.0 5.0 5.0 5.0 0.0 0.216 2 TOUCH_MOVE e
1401611501568 6 4098 207.0 807.19073 0.26666668 5.0 5.0 5.0 5.0 0.0 0.22000001 2 TOUCH_MOVE e
1401611501589 6 4098 207.0 808.15094 0.26666668 5.0 5.0 5.0 5.0 0.0 0.22000001 2 TOUCH_MOVE e
1401611501602 6 4098 207.0 809.1144 0.26666668 5.0 5.0 5.0 5.0 0.0 0.216 2 TOUCH_MOVE e
1401611501629 6 4098 206.68767 809.451 0.26666668 5.0 5.0 5.0 5.0 0.0 0.21200001 2 TOUCH_MOVE e
1401611501650 6 4098 205.0 809.451 0.13333334 2.0 2.0 2.0 2.0 0.0 0.172 2 TOUCH_MOVE e
1401611501655 6 4098 205.0 809.451 0.13333334 2.0 2.0 2.0 2.0 0.0 0.172 1 TOUCH_UP e
1401611501827 6 4098 339.5 1236.9509 0.23333335 5.0 5.0 5.0 5.0 0.0 0.2 0 TOUCH_DOWN Space
1401611501835 6 4098 339.5 1236.9509 0.23333335 5.0 5.0 5.0 5.0 0.0 0.20400001 2 TOUCH_MOVE Space
1401611501852 6 4098 338.9597 1236.4106 0.26666668 5.0 5.0 5.0 5.0 0.0 0.208 2 TOUCH_MOVE Space
1401611501869 6 4098 337.94714 1234.8452 0.26666668 5.0 5.0 5.0 5.0 0.0 0.208 2 TOUCH_MOVE Space
1401611501914 6 4098 337.0 1233.2009 0.26666668 5.0 5.0 5.0 5.0 0.0 0.208 2 TOUCH_MOVE Space
1401611501936 6 4098 337.5 1233.9509 0.10000001 2.0 2.0 2.0 2.0 0.0 0.128 2 TOUCH_MOVE Space
1401611501941 6 4098 337.5 1233.9509 0.10000001 2.0 2.0 2.0 2.0 0.0 0.128 1 TOUCH_UP Space
1401611502293 6 4098 578.0 1088.4509 0.16666667 3.0 3.0 3.0 3.0 0.0 0.18400002 0 TOUCH_DOWN m
1401611502303 6 4098 578.0 1088.4509 0.20000002 4.0 4.0 4.0 4.0 0.0 0.192 2 TOUCH_MOVE m
1401611502336 6 4098 577.3463 1088.4509 0.20000002 4.0 4.0 4.0 4.0 0.0 0.2 2 TOUCH_MOVE m
1401611502387 6 4098 577.5 1089.0101 0.23333335 4.0 4.0 4.0 4.0 0.0 0.20400001 2 TOUCH_MOVE m
1401611502402 6 4098 578.25 1089.7009 0.23333335 4.0 4.0 4.0 4.0 0.0 0.19600001 2 TOUCH_MOVE m
1401611502411 6 4098 578.25 1089.7009 0.23333335 4.0 4.0 4.0 4.0 0.0 0.19600001 1 TOUCH_UP m
1401611502625 6 4098 168.5 817.451 0.26666668 4.0 4.0 4.0 4.0 0.0 0.192 0 TOUCH_DOWN e
1401611502636 6 4098 168.5 817.451 0.26666668 4.0 4.0 4.0 4.0 0.0 0.2 2 TOUCH_MOVE e
1401611502670 6 4098 169.19925 818.65027 0.3 5.0 5.0 5.0 5.0 0.0 0.21200001 2 TOUCH_MOVE e
1401611502691 6 4098 170.16353 819.6145 0.3 5.0 5.0 5.0 5.0 0.0 0.216 2 TOUCH_MOVE e
1401611502705 6 4098 171.12022 820.5712 0.33333334 5.0 5.0 5.0 5.0 0.0 0.22000001 2 TOUCH_MOVE e
1401611502719 6 4098 172.09445 821.5454 0.33333334 5.0 5.0 5.0 5.0 0.0 0.22000001 2 TOUCH_MOVE e
1401611502736 6 4098 173.0333 821.451 0.33333334 5.0 5.0 5.0 5.0 0.0 0.22000001 2 TOUCH_MOVE e
1401611502753 6 4098 173.75 821.451 0.33333334 5.0 5.0 5.0 5.0 0.0 0.22000001 2 TOUCH_MOVE e
1401611502838 6 4098 172.0 820.451 0.3 5.0 5.0 5.0 5.0 0.0 0.17600001 2 TOUCH_MOVE e
1401611502842 6 4098 172.0 820.451 0.3 5.0 5.0 5.0 5.0 0.0 0.17600001 1 TOUCH_UP e
1401611503543 6 4098 519.5 1234.4509 0.23333335 4.0 4.0 4.0 4.0 0.0 0.18800001 0 TOUCH_DOWN .
1401611503554 6 4098 519.5 1234.4509 0.23333335 4.0 4.0 4.0 4.0 0.0 0.192 2 TOUCH_MOVE .
1401611503573 6 4098 517.66437 1233.2272 0.23333335 4.0 4.0 4.0 4.0 0.0 0.19600001 2 TOUCH_MOVE .
1401611503589 6 4098 515.3413 1231.8716 0.23333335 4.0 4.0 4.0 4.0 0.0 0.2 2 TOUCH_MOVE .
1401611503604 6 4098 514.4531 1230.904 0.23333335 4.0 4.0 4.0 4.0 0.0 0.2 2 TOUCH_MOVE .
1401611503620 6 4098 513.75 1230.9509 0.23333335 4.0 4.0 4.0 4.0 0.0 0.19600001 2 TOUCH_MOVE .
1401611503641 6 4098 513.75 1230.9509 0.23333335 4.0 4.0 4.0 4.0 0.0 0.19600001 1 TOUCH_UP .
1401611504681 6 4098 675.5 1241.4509 0.16666667 4.0 4.0 4.0 4.0 0.0 0.17600001 0 TOUCH_DOWN Enter
1401611504741 6 4098 675.5 1240.5513 0.16666667 4.0 4.0 4.0 4.0 0.0 0.18800001 2 TOUCH_MOVE Enter
1401611504757 6 4098 676.4091 1239.5419 0.16666667 4.0 4.0 4.0 4.0 0.0 0.18800001 2 TOUCH_MOVE Enter
1401611504771 6 4098 677.37177 1238.9509 0.16666667 4.0 4.0 4.0 4.0 0.0 0.18800001 2 TOUCH_MOVE Enter
1401611504788 6 4098 678.0 1238.9509 0.16666667 4.0 4.0 4.0 4.0 0.0 0.18 2 TOUCH_MOVE Enter
1401611504794 6 4098 678.0 1238.9509 0.13333334 3.0 3.0 3.0 3.0 0.0 0.132 2 TOUCH_MOVE Enter
1401611504798 6 4098 678.0 1238.9509 0.13333334 3.0 3.0 3.0 3.0 0.0 0.132 1 TOUCH_UP Enter
1401611505492 6 4098 105.5 828.451 0.33333334 5.0 5.0 5.0 5.0 0.0 0.18800001 0 TOUCH_DOWN W
1401611505505 6 4098 105.5 828.451 0.33333334 5.0 5.0 5.0 5.0 0.0 0.192 2 TOUCH_MOVE W
1401611505572 6 4098 105.5 829.0168 0.33333334 5.0 5.0 5.0 5.0 0.0 0.208 2 TOUCH_MOVE W
1401611505589 6 4098 106.231995 828.951 0.33333334 5.0 5.0 5.0 5.0 0.0 0.20400001 2 TOUCH_MOVE W
1401611505638 6 4098 106.231995 828.951 0.33333334 5.0 5.0 5.0 5.0 0.0 0.20400001 1 TOUCH_UP W
1401611505736 6 4098 157.5 837.451 0.3 5.0 5.0 5.0 5.0 0.0 0.2 0 TOUCH_DOWN e
1401611505756 6 4098 157.5 837.451 0.3 5.0 5.0 5.0 5.0 0.0 0.20400001 2 TOUCH_MOVE e
1401611505773 6 4098 158.02074 837.451 0.3 5.0 5.0 5.0 5.0 0.0 0.216 2 TOUCH_MOVE e
1401611505790 6 4098 158.93979 837.451 0.3 5.0 5.0 5.0 5.0 0.0 0.216 2 TOUCH_MOVE e
1401611505806 6 4098 159.98622 837.451 0.3 5.0 5.0 5.0 5.0 0.0 0.22000001 2 TOUCH_MOVE e
1401611505823 6 4098 160.25 837.451 0.3 5.0 5.0 5.0 5.0 0.0 0.22000001 2 TOUCH_MOVE e
1401611505870 6 4098 159.5 836.951 0.33333334 5.0 5.0 5.0 5.0 0.0 0.18800001 2 TOUCH_MOVE e
1401611505873 6 4098 159.5 836.951 0.33333334 5.0 5.0 5.0 5.0 0.0 0.18800001 1 TOUCH_UP e
1401611506008 6 4098 328.0 1239.4509 0.20000002 5.0 5.0 5.0 5.0 0.0 0.18800001 0 TOUCH_DOWN Space
1401611506023 6 4098 328.0 1239.4509 0.20000002 5.0 5.0 5.0 5.0 0.0 0.192 2 TOUCH_MOVE Space
1401611506043 6 4098 326.66882 1238.1198 0.23333335 5.0 5.0 5.0 5.0 0.0 0.20400001 2 TOUCH_MOVE Space
1401611506056 6 4098 325.08774 1235.6263 0.23333335 5.0 5.0 5.0 5.0 0.0 0.208 2 TOUCH_MOVE Space
1401611506073 6 4098 324.12775 1234.0786 0.23333335 5.0 5.0 5.0 5.0 0.0 0.208 2 TOUCH_MOVE Space
1401611506089 6 4098 323.75 1233.7009 0.23333335 5.0 5.0 5.0 5.0 0.0 0.20400001 2 TOUCH_MOVE Space
1401611506106 6 4098 324.57156 1235.0225 0.20000002 5.0 5.0 5.0 5.0 0.0 0.18800001 2 TOUCH_MOVE Space
1401611506113 6 4098 325.0 1235.4509 0.20000002 5.0 5.0 5.0 5.0 0.0 0.18 2 TOUCH_MOVE Space
1401611506116 6 4098 325.0 1235.4509 0.20000002 5.0 5.0 5.0 5.0 0.0 0.18 1 TOUCH_UP Space
1401611506443 6 4098 667.0 959.951 0.3 5.0 5.0 5.0 5.0 0.0 0.2 0 TOUCH_DOWN l
1401611506472 6 4098 666.51624 959.7091 0.3 5.0 5.0 5.0 5.0 0.0 0.208 2 TOUCH_MOVE l
1401611506492 6 4098 661.27966 956.13745 0.3 5.0 5.0 5.0 5.0 0.0 0.224 2 TOUCH_MOVE l
1401611506506 6 4098 659.2658 955.0839 0.3 5.0 5.0 5.0 5.0 0.0 0.22800002 2 TOUCH_MOVE l
1401611506523 6 4098 658.164 954.115 0.3 5.0 5.0 5.0 5.0 0.0 0.224 2 TOUCH_MOVE l
1401611506540 6 4098 657.45135 953.40234 0.3 5.0 5.0 5.0 5.0 0.0 0.22800002 2 TOUCH_MOVE l
1401611506572 6 4098 657.5 953.451 0.3 5.0 5.0 5.0 5.0 0.0 0.192 2 TOUCH_MOVE l
1401611506575 6 4098 657.5 953.451 0.3 5.0 5.0 5.0 5.0 0.0 0.192 1 TOUCH_UP l
1401611506714 6 4098 637.0 848.451 0.26666668 4.0 4.0 4.0 4.0 0.0 0.21200001 0 TOUCH_DOWN o
1401611506723 6 4098 637.0 848.07916 0.3 5.0 5.0 5.0 5.0 0.0 0.22000001 2 TOUCH_MOVE o
1401611506751 6 4098 634.7836 845.7346 0.33333334 5.0 5.0 5.0 5.0 0.0 0.22800002 2 TOUCH_MOVE o
1401611506757 6 4098 631.1117 842.0627 0.33333334 5.0 5.0 5.0 5.0 0.0 0.23200001 2 TOUCH_MOVE o
1401611506773 6 4098 628.5061 839.4571 0.33333334 5.0 5.0 5.0 5.0 0.0 0.23600002 2 TOUCH_MOVE o
1401611506790 6 4098 626.5419 837.49286 0.33333334 5.0 5.0 5.0 5.0 0.0 0.23600002 2 TOUCH_MOVE o
1401611506807 6 4098 625.28143 836.7324 0.33333334 5.0 5.0 5.0 5.0 0.0 0.23600002 2 TOUCH_MOVE o
1401611506823 6 4098 625.5 836.201 0.33333334 5.0 5.0 5.0 5.0 0.0 0.23600002 2 TOUCH_MOVE o
1401611506841 6 4098 625.5 835.72424 0.33333334 5.0 5.0 5.0 5.0 0.0 0.22000001 2 TOUCH_MOVE o
1401611506851 6 4098 625.5 835.951 0.26666668 5.0 5.0 5.0 5.0 0.0 0.17600001 2 TOUCH_MOVE o
1401611506855 6 4098 625.5 835.951 0.26666668 5.0 5.0 5.0 5.0 0.0 0.17600001 1 TOUCH_UP o
1401611507205 6 4098 365.5 1114.4509 0.3 5.0 5.0 5.0 5.0 0.0 0.208 0 TOUCH_DOWN v
1401611507276 6 4098 365.5 1114.4509 0.33333334 5.0 5.0 5.0 5.0 0.0 0.23200001 2 TOUCH_MOVE v
1401611507290 6 4098 364.99072 1114.4509 0.33333334 5.0 5.0 5.0 5.0 0.0 0.23200001 2 TOUCH_MOVE v
1401611507362 6 4098 364.99072 1114.4509 0.33333334 5.0 5.0 5.0 5.0 0.0 0.23200001 1 TOUCH_UP v
1401611507615 6 4098 173.5 813.951 0.26666668 4.0 4.0 4.0 4.0 0.0 0.18800001 0 TOUCH_DOWN e
1401611507624 6 4098 173.5 813.951 0.26666668 4.0 4.0 4.0 4.0 0.0 0.19600001 2 TOUCH_MOVE e
1401611507647 6 4098 174.26003 814.97107 0.26666668 4.0 4.0 4.0 4.0 0.0 0.20400001 2 TOUCH_MOVE e
1401611507664 6 4098 175.94623 817.62036 0.3 5.0 5.0 5.0 5.0 0.0 0.216 2 TOUCH_MOVE e
1401611507674 6 4098 178.54837 820.4994 0.3 5.0 5.0 5.0 5.0 0.0 0.22000001 2 TOUCH_MOVE e
1401611507691 6 4098 180.2883 821.59515 0.33333334 5.0 5.0 5.0 5.0 0.0 0.224 2 TOUCH_MOVE e
1401611507707 6 4098 181.60846 822.55945 0.33333334 5.0 5.0 5.0 5.0 0.0 0.224 2 TOUCH_MOVE e
1401611507724 6 4098 182.25 823.201 0.33333334 5.0 5.0 5.0 5.0 0.0 0.224 2 TOUCH_MOVE e
1401611507791 6 4098 181.18579 822.5439 0.26666668 4.0 4.0 4.0 4.0 0.0 0.2 2 TOUCH_MOVE e
1401611507804 6 4098 181.0 822.451 0.16666667 3.0 3.0 3.0 3.0 0.0 0.104 2 TOUCH_MOVE e
1401611507808 6 4098 181.0 822.451 0.16666667 3.0 3.0 3.0 3.0 0.0 0.104 1 TOUCH_UP e
1401611507928 6 4098 311.5 1228.9509 0.23333335 4.0 4.0 4.0 4.0 0.0 0.19600001 0 TOUCH_DOWN Space
1401611507954 6 4098 311.5 1228.9509 0.23333335 4.0 4.0 4.0 4.0 0.0 0.20400001 2 TOUCH_MOVE Space
1401611507974 6 4098 310.88513 1228.9509 0.26666668 5.0 5.0 5.0 5.0 0.0 0.216 2 TOUCH_MOVE Space
1401611507991 6 4098 310.3172 1228.9509 0.26666668 5.0 5.0 5.0 5.0 0.0 0.216 2 TOUCH_MOVE Space
1401611508035 6 4098 310.3172 1228.9509 0.26666668 5.0 5.0 5.0 5.0 0.0 0.216 1 TOUCH_UP Space
1401611508334 6 4098 242.5 825.951 0.23333335 5.0 5.0 5.0 5.0 0.0 0.18800001 0 TOUCH_DOWN r
1401611508342 6 4098 242.5 825.951 0.23333335 5.0 5.0 5.0 5.0 0.0 0.19600001 2 TOUCH_MOVE r
1401611508508 6 4098 241.74966 825.7006 0.26666668 5.0 5.0 5.0 5.0 0.0 0.19600001 2 TOUCH_MOVE r
1401611508527 6 4098 240.5 824.951 0.26666668 5.0 5.0 5.0 5.0 0.0 0.18 2 TOUCH_MOVE r
1401611508538 6 4098 240.5 824.951 0.26666668 5.0 5.0 5.0 5.0 0.0 0.14400001 2 TOUCH_MOVE r
1401611508544 6 4098 240.5 824.951 0.26666668 5.0 5.0 5.0 5.0 0.0 0.14400001 1 TOUCH_UP r
1401611509110 6 4098 689.0 1083.4509 0.16666667 3.0 3.0 3.0 3.0 0.0 0.18 0 TOUCH_DOWN Back
1401611509118 6 4098 689.0 1083.4509 0.20000002 4.0 4.0 4.0 4.0 0.0 0.18800001 2 TOUCH_MOVE Back
1401611509142 6 4098 687.3946 1083.4509 0.20000002 4.0 4.0 4.0 4.0 0.0 0.19600001 2 TOUCH_MOVE Back
1401611509159 6 4098 686.2284 1083.4509 0.20000002 4.0 4.0 4.0 4.0 0.0 0.19600001 2 TOUCH_MOVE Back
1401611509198 6 4098 684.75 1083.4509 0.20000002 4.0 4.0 4.0 4.0 0.0 0.192 2 TOUCH_MOVE Back
1401611509221 6 4098 684.75 1083.4509 0.20000002 4.0 4.0 4.0 4.0 0.0 0.192 1 TOUCH_UP Back
1401611509561 6 4098 319.5 810.951 0.23333335 4.0 4.0 4.0 4.0 0.0 0.19600001 0 TOUCH_DOWN t
1401611509593 6 4098 319.5 811.21796 0.26666668 4.0 4.0 4.0 4.0 0.0 0.21200001 2 TOUCH_MOVE t
1401611509610 6 4098 319.5 812.18274 0.3 5.0 5.0 5.0 5.0 0.0 0.22000001 2 TOUCH_MOVE t
1401611509626 6 4098 319.5 813.1443 0.3 5.0 5.0 5.0 5.0 0.0 0.22000001 2 TOUCH_MOVE t
1401611509643 6 4098 319.5 814.0098 0.3 5.0 5.0 5.0 5.0 0.0 0.224 2 TOUCH_MOVE t
1401611509659 6 4098 319.5 815.04254 0.3 5.0 5.0 5.0 5.0 0.0 0.224 2 TOUCH_MOVE t
1401611509676 6 4098 319.5 815.94525 0.3 5.0 5.0 5.0 5.0 0.0 0.224 2 TOUCH_MOVE t
1401611509694 6 4098 319.5 816.201 0.3 5.0 5.0 5.0 5.0 0.0 0.224 2 TOUCH_MOVE t
1401611509759 6 4098 319.5 815.951 0.26666668 4.0 4.0 4.0 4.0 0.0 0.18 2 TOUCH_MOVE t
1401611509772 6 4098 319.5 815.951 0.26666668 4.0 4.0 4.0 4.0 0.0 0.18 1 TOUCH_UP t
1401611509779 6 4098 622.0 819.951 0.3 5.0 5.0 5.0 5.0 0.0 0.20400001 0 TOUCH_DOWN o
1401611509805 6 4098 619.75 819.951 0.3 5.0 5.0 5.0 5.0 0.0 0.21200001 2 TOUCH_MOVE o
1401611509826 6 4098 618.5474 819.951 0.3 5.0 5.0 5.0 5.0 0.0 0.22800002 2 TOUCH_MOVE o
1401611509843 6 4098 616.6488 819.951 0.3 5.0 5.0 5.0 5.0 0.0 0.23200001 2 TOUCH_MOVE o
1401611509859 6 4098 615.92365 819.951 0.3 5.0 5.0 5.0 5.0 0.0 0.23200001 2 TOUCH_MOVE o
1401611509894 6 4098 616.51825 819.951 0.26666668 4.0 4.0 4.0 4.0 0.0 0.2 2 TOUCH_MOVE o
1401611509897 6 4098 616.51825 819.951 0.26666668 4.0 4.0 4.0 4.0 0.0 0.2 1 TOUCH_UP o
1401611510203 6 4098 351.5 970.451 0.20000002 4.0 4.0 4.0 4.0 0.0 0.2 0 TOUCH_DOWN g
1401611510227 6 4098 351.5 970.451 0.23333335 4.0 4.0 4.0 4.0 0.0 0.208 2 TOUCH_MOVE g
1401611510260 6 4098 350.77466 970.451 0.3 5.0 5.0 5.0 5.0 0.0 0.224 2 TOUCH_MOVE g
1401611510277 6 4098 350.5 970.7947 0.3 5.0 5.0 5.0 5.0 0.0 0.22000001 2 TOUCH_MOVE g
1401611510293 6 4098 349.85806 971.5929 0.26666668 4.0 4.0 4.0 4.0 0.0 0.208 2 TOUCH_MOVE g
1401611510310 6 4098 349.5 972.951 0.13333334 2.0 2.0 2.0 2.0 0.0 0.1 2 TOUCH_MOVE g
1401611510315 6 4098 349.5 972.951 0.13333334 2.0 2.0 2.0 2.0 0.0 0.1 1 TOUCH_UP g
1401611510762 6 4098 167.5 825.451 0.3 5.0 5.0 5.0 5.0 0.0 0.192 0 TOUCH_DOWN e
1401611510777 6 4098 167.5 825.451 0.3 5.0 5.0 5.0 5.0 0.0 0.2 2 TOUCH_MOVE e
1401611510810 6 4098 167.5 826.701 0.3 5.0 5.0 5.0 5.0 0.0 0.21200001 2 TOUCH_MOVE e
1401611510861 6 4098 168.25 827.701 0.33333334 5.0 5.0 5.0 5.0 0.0 0.216 2 TOUCH_MOVE e
1401611510910 6 4098 167.32458 827.2258 0.33333334 5.0 5.0 5.0 5.0 0.0 0.192 2 TOUCH_MOVE e
1401611510927 6 4098 163.07832 827.6353 0.33333334 5.0 5.0 5.0 5.0 0.0 0.17600001 2 TOUCH_MOVE e
1401611510931 6 4098 163.07832 827.6353 0.33333334 5.0 5.0 5.0 5.0 0.0 0.17600001 1 TOUCH_UP e
1401611511287 6 4098 309.0 799.951 0.20000002 4.0 4.0 4.0 4.0 0.0 0.19600001 0 TOUCH_DOWN t
1401611511294 6 4098 309.0 799.951 0.20000002 4.0 4.0 4.0 4.0 0.0 0.2 2 TOUCH_MOVE t
1401611511312 6 4098 309.0 800.7502 0.23333335 4.0 4.0 4.0 4.0 0.0 0.208 2 TOUCH_MOVE t
1401611511327 6 4098 308.73114 801.71985 0.26666668 4.0 4.0 4.0 4.0 0.0 0.22000001 2 TOUCH_MOVE t
1401611511345 6 4098 308.0 802.6754 0.26666668 4.0 4.0 4.0 4.0 0.0 0.22000001 2 TOUCH_MOVE t
1401611511361 6 4098 307.30365 803.64734 0.26666668 4.0 4.0 4.0 4.0 0.0 0.22000001 2 TOUCH_MOVE t
1401611511377 6 4098 307.5 804.60443 0.26666668 4.0 4.0 4.0 4.0 0.0 0.22000001 2 TOUCH_MOVE t
1401611511411 6 4098 305.84406 805.52893 0.26666668 4.0 4.0 4.0 4.0 0.0 0.20400001 2 TOUCH_MOVE t
1401611511421 6 4098 304.5 806.951 0.20000002 4.0 4.0 4.0 4.0 0.0 0.18 2 TOUCH_MOVE t
1401611511426 6 4098 304.5 806.951 0.20000002 4.0 4.0 4.0 4.0 0.0 0.18 1 TOUCH_UP t
1401611511474 6 4098 462.5 953.451 0.26666668 4.0 4.0 4.0 4.0 0.0 0.2 0 TOUCH_DOWN h
1401611511495 6 4098 462.05774 953.451 0.26666668 4.0 4.0 4.0 4.0 0.0 0.20400001 2 TOUCH_MOVE h
1401611511511 6 4098 461.15408 953.451 0.3 5.0 5.0 5.0 5.0 0.0 0.22000001 2 TOUCH_MOVE h
1401611511528 6 4098 460.25 954.201 0.3 5.0 5.0 5.0 5.0 0.0 0.22000001 2 TOUCH_MOVE h
1401611511548 6 4098 459.8685 954.58246 0.3 5.0 5.0 5.0 5.0 0.0 0.22800002 2 TOUCH_MOVE h
1401611511625 6 4098 459.8685 954.58246 0.3 5.0 5.0 5.0 5.0 0.0 0.22800002 1 TOUCH_UP h
1401611511864 6 4098 172.5 841.451 0.26666668 4.0 4.0 4.0 4.0 0.0 0.18800001 0 TOUCH_DOWN e
1401611511867 6 4098 171.96251 841.4135 0.26666668 4.0 4.0 4.0 4.0 0.0 0.19600001 2 TOUCH_MOVE e
1401611511888 6 4098 171.00146 840.45245 0.26666668 4.0 4.0 4.0 4.0 0.0 0.20400001 2 TOUCH_MOVE e
1401611511895 6 4098 170.05261 839.5036 0.3 5.0 5.0 5.0 5.0 0.0 0.208 2 TOUCH_MOVE e
1401611511911 6 4098 169.5769 838.5279 0.26666668 4.0 4.0 4.0 4.0 0.0 0.208 2 TOUCH_MOVE e
1401611511929 6 4098 168.75 838.451 0.3 5.0 5.0 5.0 5.0 0.0 0.208 2 TOUCH_MOVE e
1401611511961 6 4098 168.19644 838.1474 0.3 5.0 5.0 5.0 5.0 0.0 0.20400001 2 TOUCH_MOVE e
1401611511977 6 4098 167.5 837.951 0.3 5.0 5.0 5.0 5.0 0.0 0.192 2 TOUCH_MOVE e
1401611511982 6 4098 167.5 837.951 0.3 5.0 5.0 5.0 5.0 0.0 0.192 1 TOUCH_UP e
1401611512159 6 4098 247.5 814.951 0.20000002 4.0 4.0 4.0 4.0 0.0 0.19600001 0 TOUCH_DOWN r
1401611512195 6 4098 247.5 815.21906 0.26666668 4.0 4.0 4.0 4.0 0.0 0.22000001 2 TOUCH_MOVE r
1401611512212 6 4098 247.5 816.18195 0.26666668 4.0 4.0 4.0 4.0 0.0 0.224 2 TOUCH_MOVE r
1401611512230 6 4098 248.18869 817.13965 0.3 5.0 5.0 5.0 5.0 0.0 0.224 2 TOUCH_MOVE r
1401611512245 6 4098 249.13387 818.08484 0.3 5.0 5.0 5.0 5.0 0.0 0.224 2 TOUCH_MOVE r
1401611512295 6 4098 249.5735 818.5245 0.3 5.0 5.0 5.0 5.0 0.0 0.22800002 2 TOUCH_MOVE r
1401611512362 6 4098 249.5 818.451 0.20000002 4.0 4.0 4.0 4.0 0.0 0.18400002 2 TOUCH_MOVE r
1401611512367 6 4098 249.5 818.451 0.20000002 4.0 4.0 4.0 4.0 0.0 0.148 2 TOUCH_MOVE r
1401611512371 6 4098 249.5 818.451 0.20000002 4.0 4.0 4.0 4.0 0.0 0.148 1 TOUCH_UP r
1401611513754 6 4098 416.5 1227.4509 0.23333335 4.0 4.0 4.0 4.0 0.0 0.20400001 0 TOUCH_DOWN ,
1401611513771 6 4098 416.5 1227.4509 0.23333335 4.0 4.0 4.0 4.0 0.0 0.208 2 TOUCH_MOVE ,
1401611513870 6 4098 416.5 1227.4509 0.23333335 4.0 4.0 4.0 4.0 0.0 0.208 1 TOUCH_UP ,
1401611514412 6 4098 694.5 1229.4509 0.16666667 3.0 3.0 3.0 3.0 0.0 0.19600001 0 TOUCH_DOWN Enter
1401611514455 6 4098 692.8651 1228.3834 0.26666668 5.0 5.0 5.0 5.0 0.0 0.21200001 2 TOUCH_MOVE Enter
1401611514476 6 4098 690.93176 1227.4167 0.26666668 5.0 5.0 5.0 5.0 0.0 0.21200001 2 TOUCH_MOVE Enter
1401611514486 6 4098 689.50146 1226.9509 0.26666668 5.0 5.0 5.0 5.0 0.0 0.21200001 2 TOUCH_MOVE Enter
1401611514497 6 4098 688.60114 1226.9509 0.26666668 5.0 5.0 5.0 5.0 0.0 0.21200001 2 TOUCH_MOVE Enter
1401611514515 6 4098 688.25 1226.9509 0.26666668 5.0 5.0 5.0 5.0 0.0 0.21200001 2 TOUCH_MOVE Enter
1401611514530 6 4098 689.3837 1226.9509 0.23333335 4.0 4.0 4.0 4.0 0.0 0.19600001 2 TOUCH_MOVE Enter
1401611514536 6 4098 689.5 1226.9509 0.16666667 3.0 3.0 3.0 3.0 0.0 0.17600001 2 TOUCH_MOVE Enter
1401611514541 6 4098 689.5 1226.9509 0.16666667 3.0 3.0 3.0 3.0 0.0 0.17600001 1 TOUCH_UP Enter
1401611520337 6 4098 107.5 836.451 0.3 5.0 5.0 5.0 5.0 0.0 0.2 0 TOUCH_DOWN W
1401611520353 6 4098 107.5 836.451 0.3 5.0 5.0 5.0 5.0 0.0 0.208 2 TOUCH_MOVE W
1401611520387 6 4098 108.33475 836.1163 0.3 5.0 5.0 5.0 5.0 0.0 0.216 2 TOUCH_MOVE W
1401611520403 6 4098 109.32954 835.951 0.3 5.0 5.0 5.0 5.0 0.0 0.22000001 2 TOUCH_MOVE W
1401611520419 6 4098 110.292564 835.951 0.3 5.0 5.0 5.0 5.0 0.0 0.22000001 2 TOUCH_MOVE W
1401611520441 6 4098 110.75 835.951 0.3 5.0 5.0 5.0 5.0 0.0 0.22000001 2 TOUCH_MOVE W
1401611520454 6 4098 109.58151 835.03253 0.33333334 5.0 5.0 5.0 5.0 0.0 0.208 2 TOUCH_MOVE W
1401611520469 6 4098 109.0 834.451 0.20000002 3.0 3.0 3.0 3.0 0.0 0.1 2 TOUCH_MOVE W
1401611520472 6 4098 109.0 834.451 0.20000002 3.0 3.0 3.0 3.0 0.0 0.1 1 TOUCH_UP W
1401611520704 6 4098 171.5 791.951 0.23333335 4.0 4.0 4.0 4.0 0.0 0.20400001 0 TOUCH_DOWN e
1401611520731 6 4098 171.8056 791.951 0.26666668 5.0 5.0 5.0 5.0 0.0 0.216 2 TOUCH_MOVE e
1401611520747 6 4098 173.1102 792.451 0.3 5.0 5.0 5.0 5.0 0.0 0.22800002 2 TOUCH_MOVE e
1401611520753 6 4098 174.90791 792.90497 0.3 5.0 5.0 5.0 5.0 0.0 0.23200001 2 TOUCH_MOVE e
1401611520773 6 4098 176.94835 793.9252 0.3 5.0 5.0 5.0 5.0 0.0 0.23200001 2 TOUCH_MOVE e
1401611520786 6 4098 177.94223 793.951 0.3 5.0 5.0 5.0 5.0 0.0 0.23200001 2 TOUCH_MOVE e
1401611520803 6 4098 178.75 793.951 0.3 5.0 5.0 5.0 5.0 0.0 0.23600002 2 TOUCH_MOVE e
1401611520872 6 4098 175.88837 793.451 0.23333335 4.0 4.0 4.0 4.0 0.0 0.2 2 TOUCH_MOVE e
1401611520891 6 4098 174.5 793.451 0.23333335 5.0 5.0 5.0 5.0 0.0 0.14 2 TOUCH_MOVE e
1401611520894 6 4098 174.5 793.451 0.23333335 5.0 5.0 5.0 5.0 0.0 0.14 1 TOUCH_UP e
1401611521116 6 4098 270.5 1203.4509 0.26666668 5.0 5.0 5.0 5.0 0.0 0.224 0 TOUCH_DOWN Space
1401611521138 6 4098 269.74506 1203.4509 0.3 5.0 5.0 5.0 5.0 0.0 0.23600002 2 TOUCH_MOVE Space
1401611521154 6 4098 267.2088 1203.4509 0.3 5.0 5.0 5.0 5.0 0.0 0.24400002 2 TOUCH_MOVE Space
1401611521170 6 4098 264.3871 1203.4509 0.3 5.0 5.0 5.0 5.0 0.0 0.24800001 2 TOUCH_MOVE Space
1401611521187 6 4098 262.98755 1203.4509 0.3 5.0 5.0 5.0 5.0 0.0 0.24400002 2 TOUCH_MOVE Space
1401611521204 6 4098 262.5 1203.9305 0.3 5.0 5.0 5.0 5.0 0.0 0.24000001 2 TOUCH_MOVE Space
1401611521220 6 4098 266.5657 1206.2338 0.26666668 5.0 5.0 5.0 5.0 0.0 0.22000001 2 TOUCH_MOVE Space
1401611521239 6 4098 267.0 1206.4509 0.16666667 3.0 3.0 3.0 3.0 0.0 0.136 2 TOUCH_MOVE Space
1401611521243 6 4098 267.0 1206.4509 0.16666667 3.0 3.0 3.0 3.0 0.0 0.136 1 TOUCH_UP Space
1401611521789 6 4098 119.0 843.451 0.26666668 4.0 4.0 4.0 4.0 0.0 0.192 0 TOUCH_DOWN w
1401611521804 6 4098 118.40668 843.451 0.26666668 4.0 4.0 4.0 4.0 0.0 0.20400001 2 TOUCH_MOVE w
1401611521821 6 4098 117.44531 842.8963 0.3 5.0 5.0 5.0 5.0 0.0 0.21200001 2 TOUCH_MOVE w
1401611521838 6 4098 116.4893 841.9403 0.26666668 4.0 4.0 4.0 4.0 0.0 0.216 2 TOUCH_MOVE w
1401611521854 6 4098 116.5 840.9718 0.3 5.0 5.0 5.0 5.0 0.0 0.216 2 TOUCH_MOVE w
1401611521871 6 4098 116.062386 840.01337 0.3 5.0 5.0 5.0 5.0 0.0 0.22000001 2 TOUCH_MOVE w
1401611521888 6 4098 115.75 839.701 0.3 5.0 5.0 5.0 5.0 0.0 0.22000001 2 TOUCH_MOVE w
1401611521921 6 4098 115.17675 839.451 0.3 5.0 5.0 5.0 5.0 0.0 0.21200001 2 TOUCH_MOVE w
1401611521939 6 4098 113.66236 839.451 0.3 5.0 5.0 5.0 5.0 0.0 0.19600001 2 TOUCH_MOVE w
1401611521953 6 4098 113.0 839.451 0.3 5.0 5.0 5.0 5.0 0.0 0.18 2 TOUCH_MOVE w
1401611521958 6 4098 113.0 839.451 0.3 5.0 5.0 5.0 5.0 0.0 0.18 1 TOUCH_UP w
1401611522190 6 4098 546.5 812.951 0.26666668 4.0 4.0 4.0 4.0 0.0 0.22000001 0 TOUCH_DOWN i
1401611522207 6 4098 546.1742 812.951 0.26666668 4.0 4.0 4.0 4.0 0.0 0.224 2 TOUCH_MOVE i
1401611522221 6 4098 544.77673 812.951 0.3 5.0 5.0 5.0 5.0 0.0 0.23200001 2 TOUCH_MOVE i
1401611522241 6 4098 542.74915 811.8674 0.33333334 5.0 5.0 5.0 5.0 0.0 0.23600002 2 TOUCH_MOVE i
1401611522255 6 4098 540.41785 811.451 0.33333334 5.0 5.0 5.0 5.0 0.0 0.23200001 2 TOUCH_MOVE i
1401611522271 6 4098 539.75 811.451 0.3 5.0 5.0 5.0 5.0 0.0 0.22800002 2 TOUCH_MOVE i
1401611522304 6 4098 551.6513 819.3488 0.33333334 5.0 5.0 5.0 5.0 0.0 0.19600001 2 TOUCH_MOVE i
1401611522309 6 4098 553.5 820.951 0.3 5.0 5.0 5.0 5.0 0.0 0.17600001 2 TOUCH_MOVE i
1401611522313 6 4098 553.5 820.951 0.3 5.0 5.0 5.0 5.0 0.0 0.17600001 1 TOUCH_UP i
1401611522570 6 4098 659.0 976.951 0.23333335 4.0 4.0 4.0 4.0 0.0 0.192 0 TOUCH_DOWN l
1401611522607 6 4098 658.78766 978.1633 0.23333335 4.0 4.0 4.0 4.0 0.0 0.20400001 2 TOUCH_MOVE l
1401611522622 6 4098 657.79016 979.1608 0.23333335 4.0 4.0 4.0 4.0 0.0 0.20400001 2 TOUCH_MOVE l
1401611522638 6 4098 658.0 979.701 0.23333335 4.0 4.0 4.0 4.0 0.0 0.20400001 2 TOUCH_MOVE l
1401611522655 6 4098 658.0 979.451 0.26666668 5.0 5.0 5.0 5.0 0.0 0.15200001 2 TOUCH_MOVE l
1401611522658 6 4098 658.0 979.451 0.26666668 5.0 5.0 5.0 5.0 0.0 0.15200001 1 TOUCH_UP l
1401611522807 6 4098 676.5 961.451 0.23333335 4.0 4.0 4.0 4.0 0.0 0.19600001 0 TOUCH_DOWN l
1401611522822 6 4098 676.5 961.451 0.26666668 5.0 5.0 5.0 5.0 0.0 0.2 2 TOUCH_MOVE l
1401611522855 6 4098 675.90796 961.451 0.26666668 5.0 5.0 5.0 5.0 0.0 0.2 2 TOUCH_MOVE l
1401611522889 6 4098 675.90796 961.451 0.26666668 5.0 5.0 5.0 5.0 0.0 0.2 1 TOUCH_UP l
1401611523323 6 4098 260.5 1226.9509 0.23333335 4.0 4.0 4.0 4.0 0.0 0.21200001 0 TOUCH_DOWN Space
1401611523343 6 4098 260.22507 1226.9509 0.26666668 5.0 5.0 5.0 5.0 0.0 0.216 2 TOUCH_MOVE Space
1401611523356 6 4098 258.9745 1226.9509 0.26666668 5.0 5.0 5.0 5.0 0.0 0.224 2 TOUCH_MOVE Space
1401611523372 6 4098 257.05533 1226.9509 0.26666668 5.0 5.0 5.0 5.0 0.0 0.224 2 TOUCH_MOVE Space
1401611523390 6 4098 256.07703 1226.9509 0.26666668 5.0 5.0 5.0 5.0 0.0 0.22000001 2 TOUCH_MOVE Space
1401611523406 6 4098 255.75 1226.9509 0.26666668 5.0 5.0 5.0 5.0 0.0 0.22000001 2 TOUCH_MOVE Space
1401611523422 6 4098 259.14923 1228.5255 0.23333335 4.0 4.0 4.0 4.0 0.0 0.20400001 2 TOUCH_MOVE Space
1401611523429 6 4098 260.0 1228.9509 0.23333335 5.0 5.0 5.0 5.0 0.0 0.18400002 2 TOUCH_MOVE Space
1401611523437 6 4098 260.0 1228.9509 0.23333335 5.0 5.0 5.0 5.0 0.0 0.18400002 1 TOUCH_UP Space
1401611523735 6 4098 589.5 1081.9509 0.23333335 4.0 4.0 4.0 4.0 0.0 0.208 0 TOUCH_DOWN m
1401611523742 6 4098 589.5 1081.9509 0.23333335 4.0 4.0 4.0 4.0 0.0 0.216 2 TOUCH_MOVE m
1401611523773 6 4098 585.3022 1081.9509 0.3 5.0 5.0 5.0 5.0 0.0 0.22800002 2 TOUCH_MOVE m
1401611523791 6 4098 582.51434 1081.9509 0.26666668 4.0 4.0 4.0 4.0 0.0 0.22800002 2 TOUCH_MOVE m
1401611523806 6 4098 580.55237 1081.9509 0.3 5.0 5.0 5.0 5.0 0.0 0.23200001 2 TOUCH_MOVE m
1401611523823 6 4098 579.75 1081.9509 0.3 5.0 5.0 5.0 5.0 0.0 0.23200001 2 TOUCH_MOVE m
1401611523873 6 4098 581.06146 1081.9509 0.26666668 4.0 4.0 4.0 4.0 0.0 0.216 2 TOUCH_MOVE m
1401611523891 6 4098 581.5 1081.9509 0.13333334 2.0 2.0 2.0 2.0 0.0 0.156 2 TOUCH_MOVE m
1401611523895 6 4098 581.5 1081.9509 0.13333334 2.0 2.0 2.0 2.0 0.0 0.156 1 TOUCH_UP m
1401611524003 6 4098 71.0 962.451 0.20000002 3.0 3.0 3.0 3.0 0.0 0.19600001 0 TOUCH_DOWN a
1401611524009 6 4098 71.0 962.451 0.20000002 3.0 3.0 3.0 3.0 0.0 0.20400001 2 TOUCH_MOVE a
1401611524056 6 4098 71.0 963.0218 0.26666668 4.0 4.0 4.0 4.0 0.0 0.22000001 2 TOUCH_MOVE a
1401611524074 6 4098 71.0 963.80945 0.26666668 4.0 4.0 4.0 4.0 0.0 0.22000001 2 TOUCH_MOVE a
1401611524090 6 4098 71.0 964.201 0.26666668 4.0 4.0 4.0 4.0 0.0 0.22000001 2 TOUCH_MOVE a
1401611524106 6 4098 71.0 964.67975 0.26666668 4.0 4.0 4.0 4.0 0.0 0.22000001 2 TOUCH_MOVE a
1401611524156 6 4098 71.0 964.451 0.13333334 2.0 2.0 2.0 2.0 0.0 0.116000004 2 TOUCH_MOVE a
1401611524159 6 4098 71.0 964.451 0.13333334 2.0 2.0 2.0 2.0 0.0 0.116000004 1 TOUCH_UP a
1401611524531 6 4098 253.5 830.951 0.3 5.0 5.0 5.0 5.0 0.0 0.224 0 TOUCH_DOWN r
1401611524540 6 4098 253.5 830.951 0.3 5.0 5.0 5.0 5.0 0.0 0.23200001 2 TOUCH_MOVE r
1401611524559 6 4098 252.77695 830.951 0.33333334 5.0 5.0 5.0 5.0 0.0 0.24000001 2 TOUCH_MOVE r
1401611524573 6 4098 251.80504 830.951 0.3 5.0 5.0 5.0 5.0 0.0 0.24000001 2 TOUCH_MOVE r
1401611524609 6 4098 249.87509 830.451 0.3 5.0 5.0 5.0 5.0 0.0 0.22800002 2 TOUCH_MOVE r
1401611524633 6 4098 250.0 830.451 0.26666668 5.0 5.0 5.0 5.0 0.0 0.18 2 TOUCH_MOVE r
1401611524637 6 4098 250.0 830.451 0.26666668 5.0 5.0 5.0 5.0 0.0 0.18 1 TOUCH_UP r
1401611524737 6 4098 257.0 830.451 0.3 5.0 5.0 5.0 5.0 0.0 0.224 0 TOUCH_DOWN r
1401611524759 6 4098 257.0 830.451 0.3 5.0 5.0 5.0 5.0 0.0 0.22800002 2 TOUCH_MOVE r
1401611524773 6 4098 256.2699 830.451 0.3 5.0 5.0 5.0 5.0 0.0 0.23200001 2 TOUCH_MOVE r
1401611524790 6 4098 255.46498 830.451 0.3 5.0 5.0 5.0 5.0 0.0 0.23200001 2 TOUCH_MOVE r
1401611524807 6 4098 254.75 830.451 0.3 5.0 5.0 5.0 5.0 0.0 0.22800002 2 TOUCH_MOVE r
1401611524827 6 4098 254.75 830.451 0.3 5.0 5.0 5.0 5.0 0.0 0.22800002 1 TOUCH_UP r
1401611525238 6 4098 425.0 827.951 0.3 5.0 5.0 5.0 5.0 0.0 0.208 0 TOUCH_DOWN y
1401611525257 6 4098 425.0 827.951 0.3 5.0 5.0 5.0 5.0 0.0 0.216 2 TOUCH_MOVE y
1401611525274 6 4098 424.47232 827.951 0.3 5.0 5.0 5.0 5.0 0.0 0.224 2 TOUCH_MOVE y
1401611525294 6 4098 423.47675 827.951 0.3 5.0 5.0 5.0 5.0 0.0 0.22800002 2 TOUCH_MOVE y
1401611525307 6 4098 421.99268 828.4583 0.3 5.0 5.0 5.0 5.0 0.0 0.23200001 2 TOUCH_MOVE y
1401611525324 6 4098 421.03625 828.951 0.3 5.0 5.0 5.0 5.0 0.0 0.23200001 2 TOUCH_MOVE y
1401611525343 6 4098 420.25 828.951 0.3 5.0 5.0 5.0 5.0 0.0 0.22800002 2 TOUCH_MOVE y
1401611525371 6 4098 420.5 828.951 0.20000002 4.0 4.0 4.0 4.0 0.0 0.172 2 TOUCH_MOVE y
1401611525374 6 4098 420.5 828.951 0.20000002 4.0 4.0 4.0 4.0 0.0 0.172 1 TOUCH_UP y
1401611526265 6 4098 506.5 1208.4509 0.26666668 5.0 5.0 5.0 5.0 0.0 0.19600001 0 TOUCH_DOWN .
1401611526275 6 4098 506.5 1208.4509 0.26666668 5.0 5.0 5.0 5.0 0.0 0.2 2 TOUCH_MOVE .
1401611526293 6 4098 506.27368 1209.1772 0.26666668 5.0 5.0 5.0 5.0 0.0 0.208 2 TOUCH_MOVE .
1401611526310 6 4098 505.30075 1209.9509 0.26666668 5.0 5.0 5.0 5.0 0.0 0.208 2 TOUCH_MOVE .
1401611526325 6 4098 504.34692 1209.9509 0.26666668 5.0 5.0 5.0 5.0 0.0 0.208 2 TOUCH_MOVE .
1401611526341 6 4098 503.4136 1210.5374 0.26666668 5.0 5.0 5.0 5.0 0.0 0.208 2 TOUCH_MOVE .
1401611526375 6 4098 503.5 1211.1077 0.26666668 5.0 5.0 5.0 5.0 0.0 0.20400001 2 TOUCH_MOVE .
1401611526392 6 4098 504.0 1211.4509 0.23333335 4.0 4.0 4.0 4.0 0.0 0.18400002 2 TOUCH_MOVE .
1401611526403 6 4098 504.0 1211.4509 0.20000002 3.0 3.0 3.0 3.0 0.0 0.1 2 TOUCH_MOVE .
1401611526409 6 4098 504.0 1211.4509 0.20000002 3.0 3.0 3.0 3.0 0.0 0.1 1 TOUCH_UP .
